machine1:0,83,85,172,19,52,174,76,134,130,159,35,117,96,18,69,17,169,129,88,46,43,34,103,42,74,14,57,127,124,144,156,149,30,153,70,178,68,170,146,36,8,138,171,63,179,72,92,143,122,40,50,16,78,168,79,112,66,121,71,173,60,26,126,94,140,150,24,110,109,2,44,54,104,1,3,166,67,59,164,5,125,133,22,75,101,81,161,115,142,98,123,119,128,21,25,118,158,147,39,61,162,107,93,9,10,155,65,113,160,102,90,151,37,56,148,49,131,97,163,165,108,45,53,29,77,12,4,73,136,11,89,141,116,145,87,41,84,91,48,105,82,55,167,80,31,137,27,111,152,157,47,20,33,86,7,32,13,99,95,135,28,176,6,106,175,180,64,23,38,132,177,62,100,154,58,120,139,114,51,15,
machine2:0,83,85,172,19,174,134,130,159,35,117,96,18,69,17,169,46,43,103,42,74,14,57,124,144,156,153,70,178,68,170,146,36,138,171,179,92,143,122,40,50,78,168,79,112,66,60,26,126,94,140,150,110,2,44,54,104,3,166,67,59,5,125,133,75,161,115,142,98,123,119,128,21,25,158,61,107,93,9,10,155,65,113,160,90,151,148,131,163,165,45,53,29,77,4,73,136,11,141,116,145,87,41,84,82,55,80,31,137,27,111,152,157,47,20,33,32,99,95,135,28,176,6,106,175,180,64,23,38,177,154,120,139,114,51,15,
machine3:0,83,174,159,35,117,96,17,169,103,42,74,124,156,153,70,178,68,170,146,138,179,143,122,40,50,78,79,66,60,126,94,140,150,110,44,67,59,133,161,115,142,123,128,21,158,61,107,113,160,131,45,53,29,4,116,145,41,55,31,137,152,47,20,95,135,6,175,180,23,38,177,154,120,139,114,51,
machine4:0,172,52,159,117,46,43,74,14,127,124,156,149,178,146,8,138,179,143,40,16,78,168,66,60,126,94,109,54,3,166,67,164,22,161,123,119,118,158,93,9,10,155,65,113,160,37,56,148,97,163,53,12,73,11,141,116,87,41,91,48,80,31,111,20,33,32,99,28,106,64,132,58,139,15,
machine5:0,83,172,52,174,76,134,159,35,117,96,18,69,169,88,46,43,34,103,74,14,57,127,124,144,156,149,30,178,68,146,36,8,138,63,179,143,122,40,16,78,168,79,112,66,173,60,26,126,94,140,24,109,2,54,104,3,166,67,164,5,125,133,22,101,161,123,119,128,21,25,118,158,61,162,107,93,9,10,155,65,113,160,102,90,37,56,148,49,97,163,165,45,53,29,12,4,73,136,11,89,141,116,145,87,41,84,91,48,105,55,80,31,137,111,152,157,47,20,33,86,7,32,99,95,28,176,6,106,64,38,132,177,62,100,58,139,51,15,
machine6:0,83,85,134,159,35,69,88,46,103,124,30,153,178,68,36,8,171,92,143,122,16,78,168,126,140,109,2,104,1,125,22,75,101,161,142,98,128,21,158,61,93,65,151,108,45,53,77,12,136,141,116,87,84,105,55,137,27,157,20,33,86,95,135,176,106,175,180,132,100,154,58,120,139,114,15,
machine7:0,83,85,172,19,76,134,159,35,117,96,69,169,129,88,46,34,103,14,127,124,156,149,30,153,70,178,68,170,146,36,8,171,92,143,122,40,16,78,168,66,71,60,126,94,140,150,24,110,109,2,44,104,1,67,164,125,22,75,101,81,161,142,98,123,119,128,21,25,118,158,39,61,162,107,93,155,65,113,151,49,131,163,165,108,45,53,77,12,73,136,89,141,116,145,87,41,84,48,105,55,167,80,31,137,27,157,20,33,86,7,32,13,99,95,135,28,176,6,106,175,180,64,38,132,62,100,154,58,120,139,114,51,15,
machine8:0,83,85,172,19,52,174,76,130,159,35,117,18,69,17,169,46,43,103,74,14,57,127,124,144,156,149,30,153,70,178,68,146,36,138,63,179,143,122,40,50,16,78,168,79,112,66,71,60,26,126,94,140,24,110,109,2,44,54,104,67,59,5,133,22,101,81,161,115,142,123,119,128,21,118,158,61,93,9,10,155,65,113,160,102,90,151,49,131,163,165,108,45,53,29,77,12,4,73,136,89,141,116,145,87,41,84,48,105,82,55,167,80,31,137,157,20,33,86,7,32,13,95,135,28,176,6,106,175,180,64,38,132,177,100,154,58,120,139,114,51,15,
machine9:0,83,19,52,76,130,35,117,69,46,43,103,74,127,124,144,156,149,30,153,70,178,68,138,63,179,143,40,50,16,78,79,112,66,60,26,126,94,140,24,109,44,54,67,59,5,133,22,81,142,123,119,128,118,158,61,93,10,155,65,113,160,90,151,131,163,45,29,77,12,4,73,89,141,116,145,87,41,55,167,31,137,157,20,33,13,95,28,176,6,106,175,38,132,100,154,58,114,51,15,
machine10:0,83,52,76,35,117,69,46,43,103,74,156,153,68,179,143,40,79,112,60,26,126,94,140,24,109,44,54,67,59,5,142,119,128,61,10,113,160,90,131,45,29,4,116,87,41,55,31,157,33,95,28,176,106,175,38,132,58,51,15,
machine11:0,83,174,76,96,103,124,156,149,30,153,178,170,146,36,8,179,143,40,78,66,173,60,26,126,94,150,109,2,44,54,164,5,125,22,119,128,158,61,9,10,65,113,160,90,148,131,163,165,108,45,77,73,136,89,87,41,84,91,105,55,167,80,31,137,47,33,13,99,135,28,176,6,175,180,23,38,132,177,62,154,58,120,114,15,
machine12:0,83,85,52,174,76,96,103,124,156,149,30,153,70,178,170,146,36,8,138,179,72,143,40,16,78,79,66,121,173,60,26,126,94,140,150,110,109,2,44,54,1,3,164,5,125,22,75,101,81,115,142,98,123,119,128,21,118,158,147,39,61,107,93,9,10,65,113,160,102,90,151,37,56,148,49,131,163,165,108,45,53,29,77,12,4,73,136,11,89,141,116,145,87,41,84,91,105,82,55,167,80,31,137,27,111,152,157,47,20,33,86,7,32,13,99,95,135,28,176,6,106,175,180,64,23,38,132,177,62,100,154,58,120,139,114,51,15,
machine13:0,83,85,172,19,52,174,76,130,159,35,117,96,18,17,169,129,88,46,43,34,103,42,74,14,57,124,156,149,30,153,70,178,68,170,146,36,8,138,171,179,72,92,143,122,40,16,78,168,79,112,66,121,71,60,26,126,94,140,150,24,109,2,44,54,1,3,166,67,59,133,22,75,161,142,98,123,119,128,21,25,118,158,147,39,61,162,9,10,155,65,113,160,90,56,148,49,131,163,165,108,45,53,29,77,12,4,73,136,11,89,141,116,145,87,41,84,91,48,105,82,55,80,31,137,27,152,157,20,33,86,7,32,13,99,95,28,176,6,106,175,64,23,38,132,62,100,154,58,120,139,114,51,15,
machine14:0,83,85,172,19,52,174,76,159,35,117,96,129,88,46,103,14,57,124,156,149,30,153,70,178,68,146,36,8,138,171,92,143,40,16,78,66,121,71,60,26,126,94,140,150,24,109,2,54,166,67,133,22,161,142,123,128,21,25,158,147,39,61,162,65,113,160,56,131,163,45,53,29,77,12,4,73,136,89,141,145,87,41,84,105,55,80,137,152,157,20,33,86,32,13,99,95,28,176,175,64,23,38,132,100,58,139,114,51,15,
machine15:0,83,85,52,174,76,159,35,96,129,14,57,124,156,149,153,70,68,146,36,138,171,143,40,16,66,71,60,26,94,140,150,109,54,67,22,161,123,128,21,25,158,147,162,65,113,160,56,131,77,12,4,136,141,145,84,55,157,20,86,32,13,95,28,176,38,132,100,58,139,15,
machine16:0,83,85,172,19,52,174,76,134,130,159,117,96,18,69,17,88,46,43,34,103,42,74,14,124,144,156,149,30,153,70,178,68,170,146,36,8,138,171,63,179,72,143,122,40,50,16,78,112,66,121,71,173,60,26,126,94,140,110,109,44,54,104,67,59,164,5,125,133,22,142,123,119,128,21,25,158,147,61,162,93,9,10,155,65,113,160,102,151,37,148,49,131,97,163,165,45,53,29,77,12,4,73,136,11,89,141,116,145,87,41,84,91,48,105,55,167,80,31,137,27,152,157,20,33,86,32,13,99,95,135,28,176,6,106,175,180,64,38,132,177,100,154,58,120,139,114,51,15,
machine17:0,83,85,19,52,76,134,130,159,117,96,69,17,43,103,74,124,156,149,153,70,178,68,170,146,36,8,138,171,72,122,40,50,16,78,66,121,60,26,126,94,140,110,109,54,104,67,59,5,125,22,142,123,119,21,158,147,61,93,9,10,65,113,160,151,37,49,131,97,163,165,45,53,29,77,12,73,136,89,141,116,145,87,41,84,91,48,55,167,80,31,137,27,152,157,33,86,13,99,135,28,176,106,180,64,38,132,177,100,154,58,120,139,51,
machine18:0,83,19,52,76,96,17,124,156,149,70,178,170,8,138,72,78,60,126,94,67,5,22,142,123,119,21,158,147,61,9,113,160,37,49,131,97,165,45,53,77,12,73,136,141,145,41,84,80,31,137,157,33,135,28,176,38,132,100,58,139,51,

1to 1:
1to 2:41,132,80,28,159,140,136,64,9,2,21,25,32,101,166,97,138,127,145,20,7,109,179,
1to 3:176,78,142,6,35,151,170,178,31,49,89,161,69,75,150,126,124,100,162,39,141,88,131,118,134,71,164,
1to 4:60,137,83,119,123,139,128,149,10,55,46,155,90,108,153,163,154,48,50,65,135,84,59,112,110,24,144,82,
1to 5:15,103,114,12,13,77,152,62,167,37,175,102,61,120,8,56,
1to 6:68,53,22,38,70,73,94,96,105,74,168,116,130,160,51,129,18,17,23,16,34,157,92,169,79,43,27,11,30,133,121,57,3,42,
1to 7:66,156,52,125,143,58,87,180,85,54,148,63,36,4,117,86,14,177,44,104,
2to 1:63,3,173,162,88,62,104,24,48,4,152,79,168,125,6,5,146,22,158,30,123,84,157,53,87,73,60,15,
2to 2:
2to 3:34,169,105,14,8,165,45,159,12,64,163,68,83,156,139,
2to 4:127,101,118,49,7,35,177,100,138,106,161,179,54,26,109,143,76,67,52,132,31,41,21,
2to 5:111,47,107,148,10,174,89,38,136,94,65,80,33,
2to 6:172,25,91,2,29,86,78,113,117,66,149,119,58,145,28,
2to 7:134,144,97,18,122,74,164,32,155,93,160,96,99,16,95,140,20,137,116,40,128,
3to 1:8,105,92,85,40,114,19,83,12,67,120,1,99,25,80,109,116,
3to 2:46,155,161,31,125,84,100,113,78,124,104,107,33,96,178,61,62,118,
3to 3:
3to 4:172,95,86,13,142,38,94,126,165,32,103,169,168,159,81,44,15,87,180,158,
3to 5:21,154,145,137,110,149,150,140,6,76,93,176,51,7,53,58,128,64,
3to 6:98,106,88,36,75,14,20,153,123,132,24,122,146,45,77,
3to 7:48,60,69,171,27,167,170,65,162,141,135,163,55,
4to 1:81,172,57,69,71,133,14,122,74,151,93,70,131,45,38,16,143,64,77,95,124,76,113,117,176,156,145,
4to 2:18,112,79,168,174,5,146,86,94,157,53,87,126,128,
4to 3:127,101,19,2,155,154,22,153,114,30,123,66,80,36,40,73,58,51,41,21,28,55,
4to 4:
4to 5:115,82,108,49,90,29,9,100,135,32,106,160,165,20,52,83,141,
4to 6:85,35,175,138,46,142,120,26,136,44,163,65,67,33,60,15,
4to 7:102,130,50,43,89,6,59,179,158,61,103,78,68,149,119,139,178,
5to 1:2,7,10,20,31,33,44,49,54,66,78,89,96,119,126,132,140,149,160,163,170,179,101,115,75,29,118,148,39,47,153,121,98,107,111,
5to 2:22,26,45,55,60,91,93,123,141,158,164,177,37,
5to 3:13,65,77,86,95,99,108,109,125,136,157,146,180,81,175,
5to 4:4,6,12,16,28,36,53,61,70,79,85,116,131,151,156,178,167,102,
5to 5:
5to 6:8,32,40,52,62,87,90,103,128,137,139,143,154,165,176,82,56,1,72,
5to 7:5,9,15,30,38,41,51,73,76,84,94,100,105,110,113,114,120,138,142,147,174,106,11,173,124,
6to 1:108,165,161,147,91,166,171,137,159,61,52,128,141,174,36,136,35,175,150,
6to 2:139,56,15,76,6,24,156,90,49,57,106,38,12,143,34,148,169,16,133,116,176,152,83,68,
6to 3:70,48,60,129,7,103,96,1,172,117,
6to 4:9,124,30,51,146,66,43,80,20,58,140,122,40,45,2,22,19,71,89,
6to 5:11,178,31,27,41,126,105,113,99,109,4,39,119,84,55,179,118,95,23,98,3,54,157,158,73,131,
6to 6:
6to 7:42,64,13,67,26,21,112,29,8,132,46,145,17,153,10,121,72,28,33,
7to 1:9,13,21,26,41,65,68,94,106,110,112,135,138,142,154,164,167,178,27,18,37,72,130,144,134,34,
7to 2:11,14,30,36,43,48,51,54,58,66,88,89,103,117,149,165,173,69,172,10,102,
7to 3:16,25,32,33,44,46,53,61,67,84,119,122,137,143,145,
7to 4:5,17,29,64,73,74,77,93,104,105,113,120,133,136,141,157,160,175,176,63,
7to 5:28,40,45,70,78,86,87,91,116,123,132,139,146,151,163,177,180,22,85,
7to 6:4,12,31,49,55,59,71,76,80,83,95,99,100,109,114,124,126,131,140,147,152,155,156,158,159,170,171,174,19,162,
7to 7:

cell1:2,5,4,7,3,6,
cell2:5,1,7,4,3,6,
cell3:4,5,7,6,1,2,
cell4:5,1,2,7,6,3,
cell5:2,7,4,6,3,1,
cell6:1,4,5,7,3,2,
cell7:3,6,4,5,2,1,
