machine1:0,83,85,76,52,174,130,146,18,17,43,42,74,57,144,8,149,138,63,179,36,50,122,92,72,112,140,24,171,121,109,94,110,168,160,59,104,3,46,166,26,2,125,54,158,115,127,30,79,147,98,133,81,25,9,65,107,88,93,150,173,14,103,39,10,5,113,56,169,118,163,148,75,37,129,21,22,102,128,151,97,69,165,34,12,29,153,45,96,90,53,108,11,116,170,78,126,4,49,143,141,87,70,91,137,106,48,82,77,167,55,89,80,124,105,61,119,164,44,152,73,178,71,111,27,136,159,1,33,117,157,145,131,20,40,35,84,32,7,99,172,134,67,68,156,41,13,19,31,135,86,95,6,47,16,176,66,28,132,175,23,123,38,180,64,162,177,161,62,60,100,142,155,58,101,114,120,154,51,139,15,
machine2:0,83,85,174,130,146,18,17,43,42,74,57,144,138,179,36,50,122,92,112,140,171,94,110,168,160,59,104,3,46,166,26,2,125,54,158,115,79,98,133,25,9,65,107,93,150,14,103,10,5,113,169,163,148,75,21,128,151,69,165,29,153,45,96,90,53,11,116,170,78,126,4,143,141,87,70,137,106,82,77,55,80,124,61,119,44,152,73,178,111,27,136,159,33,117,157,145,131,20,40,35,84,32,99,172,134,67,68,156,41,19,31,135,95,6,47,176,66,28,175,23,123,38,180,64,177,161,60,142,155,114,120,154,51,139,15,
machine3:0,83,174,146,17,42,74,138,179,50,122,140,94,110,160,59,158,115,79,133,107,150,103,113,169,21,128,29,153,45,96,53,116,170,78,126,4,143,70,137,55,124,61,44,152,178,159,117,145,131,20,40,35,67,68,156,41,31,135,95,6,47,66,175,23,123,38,180,177,161,60,142,114,120,154,51,139,
machine4:0,52,146,43,74,8,149,138,179,109,94,168,160,3,46,166,54,158,127,9,65,93,14,10,113,56,118,163,148,37,22,97,12,53,11,116,78,126,143,141,87,91,106,48,80,124,119,164,73,178,111,159,33,117,20,40,32,99,172,67,156,41,31,16,66,28,132,123,64,161,60,155,58,139,15,
machine5:0,83,76,52,174,146,18,43,74,57,144,8,149,138,63,179,36,122,112,140,24,109,94,168,160,104,3,46,166,26,2,125,54,158,127,30,79,133,25,9,65,107,88,93,173,14,103,10,5,113,56,169,118,163,148,37,21,22,102,128,97,69,165,34,12,29,45,96,90,53,11,116,78,126,4,49,143,141,87,91,137,106,48,55,89,80,124,105,61,119,164,152,73,178,111,136,159,33,117,157,145,20,40,35,84,32,7,99,172,134,67,68,156,41,31,86,95,6,47,16,176,66,28,132,123,38,64,162,177,161,62,60,100,155,58,101,51,139,15,
machine6:0,83,85,8,36,122,92,140,171,109,168,104,46,2,125,158,30,98,65,88,93,103,75,21,22,128,151,69,12,153,45,53,108,116,78,126,143,141,87,137,106,77,55,124,105,61,178,27,136,159,1,33,157,20,35,84,134,68,135,86,95,16,176,132,175,180,161,100,142,58,101,114,120,154,139,15,
machine7:0,83,85,76,146,8,149,36,122,92,140,24,171,109,94,110,168,104,46,2,125,158,127,30,98,81,25,65,107,88,93,150,14,103,39,113,169,118,163,75,129,21,22,128,151,69,165,34,12,153,45,96,53,108,116,170,78,126,49,143,141,87,70,137,106,48,77,167,55,89,80,124,105,61,119,164,44,73,178,71,27,136,159,1,33,117,157,145,131,20,40,35,84,32,7,99,172,134,67,68,156,41,13,19,31,135,86,95,6,16,176,66,28,132,175,123,38,180,64,162,161,62,60,100,142,155,58,101,114,120,154,51,139,15,
machine8:0,83,85,76,52,174,130,146,18,17,43,74,57,144,149,138,63,179,36,50,122,112,140,24,109,94,110,168,160,59,104,46,26,2,54,158,115,127,30,79,133,81,9,65,93,14,103,10,5,113,169,118,163,21,22,102,128,151,69,165,12,29,153,45,90,53,108,116,78,126,4,49,143,141,87,70,137,106,48,82,77,167,55,89,80,124,105,61,119,44,73,178,71,136,159,33,117,157,145,131,20,40,35,84,32,7,172,67,68,156,41,13,19,31,135,86,95,6,16,176,66,28,132,175,123,38,180,64,177,161,60,100,142,155,58,101,114,120,154,51,139,15,
machine9:0,83,76,52,130,43,74,144,149,138,63,179,50,112,140,24,109,94,160,59,46,26,54,158,127,30,79,133,81,65,93,103,10,5,113,118,163,22,128,151,69,12,29,153,45,90,116,78,126,4,143,141,87,70,137,106,77,167,55,89,124,61,119,44,73,178,33,117,157,145,131,20,40,35,67,68,156,41,13,19,31,95,6,16,176,66,28,132,175,123,38,60,100,142,155,58,114,154,51,15,
machine10:0,83,76,52,43,74,179,112,140,24,109,94,160,59,46,26,54,79,103,10,5,113,128,69,29,153,45,90,116,126,4,143,87,106,55,61,119,44,33,117,157,131,40,35,67,68,156,41,31,95,176,28,132,175,38,60,142,58,51,15,
machine11:0,83,76,174,146,8,149,179,36,109,94,160,26,2,125,54,158,30,9,65,150,173,103,10,5,113,163,148,22,128,165,153,45,96,90,108,170,78,126,143,87,91,137,77,167,55,89,80,124,105,61,119,164,44,73,178,136,33,131,40,84,99,156,41,13,31,135,6,47,176,66,28,132,175,23,38,180,177,62,60,58,114,120,154,15,
machine12:0,83,85,76,52,174,146,8,149,138,179,36,72,140,121,109,94,110,160,3,26,2,125,54,158,115,30,79,147,98,81,9,65,107,93,150,173,103,39,10,5,113,56,118,163,148,75,37,21,22,102,128,151,165,12,29,153,45,96,90,53,108,11,116,170,78,126,4,49,143,141,87,70,91,137,106,82,77,167,55,89,80,124,105,61,119,164,44,152,73,178,111,27,136,1,33,157,145,131,20,40,84,32,7,99,156,41,13,31,135,86,95,6,47,16,176,66,28,132,175,23,123,38,180,64,177,62,60,100,142,58,101,114,120,154,51,139,15,
machine13:0,83,85,76,52,174,130,146,18,17,43,42,74,57,8,149,138,179,36,122,92,72,112,140,24,171,121,109,94,168,160,59,3,46,166,26,2,54,158,30,79,147,98,133,25,9,65,88,150,14,103,39,10,113,56,169,118,163,148,75,129,21,22,128,165,34,12,29,153,45,96,90,53,108,11,116,170,78,126,4,49,143,141,87,70,91,137,106,48,82,77,55,89,80,124,105,61,119,44,152,73,178,71,27,136,159,1,33,117,157,145,131,20,40,35,84,32,7,99,172,67,68,156,41,13,19,31,86,95,6,16,176,66,28,132,175,23,123,38,64,162,161,62,60,100,142,155,58,114,120,154,51,139,15,
machine14:0,83,85,76,52,174,146,57,8,149,138,36,92,140,24,171,121,109,94,160,46,166,26,2,54,158,30,147,133,25,65,88,150,14,103,39,113,56,163,129,21,22,128,12,29,153,45,96,53,78,126,4,143,141,87,70,137,77,55,89,80,124,105,61,152,73,178,71,136,159,33,117,157,145,131,20,40,35,84,32,99,172,67,68,156,41,13,19,86,95,16,176,66,28,132,175,23,123,38,64,162,161,60,100,142,58,114,51,139,15,
machine15:0,83,85,76,52,174,146,57,149,138,36,140,171,109,94,160,26,54,158,147,25,65,150,14,113,56,129,21,22,128,12,153,96,4,143,141,70,77,55,124,71,136,159,157,145,131,20,40,35,84,32,67,68,156,13,86,95,16,176,66,28,132,123,38,162,161,60,100,58,139,15,
machine16:0,83,85,76,52,174,130,146,18,17,43,42,74,144,8,149,138,63,179,36,50,122,72,112,140,171,121,109,94,110,160,59,104,46,26,125,54,158,30,147,133,25,9,65,88,93,173,14,103,10,5,113,163,148,37,21,22,102,128,151,97,69,165,34,12,29,153,45,96,53,11,116,170,78,126,4,49,143,141,87,70,91,137,106,48,77,167,55,89,80,124,105,61,119,164,44,152,73,178,71,27,136,159,33,117,157,145,131,20,40,84,32,99,172,134,67,68,156,41,13,19,31,135,86,95,6,16,176,66,28,132,175,123,38,180,64,162,177,60,100,142,155,58,114,120,154,51,139,15,
machine17:0,83,85,76,52,130,146,17,43,74,8,149,138,36,50,122,72,140,171,121,109,94,110,160,59,104,26,125,54,158,147,9,65,93,103,10,5,113,163,37,21,22,151,97,69,165,12,29,153,45,96,53,116,170,78,126,49,141,87,70,91,137,106,48,77,167,55,89,80,124,61,119,152,73,178,27,136,159,33,117,157,145,131,40,84,99,134,67,68,156,41,13,19,31,135,86,16,176,66,28,132,123,38,180,64,177,60,100,142,58,120,154,51,139,
machine18:0,83,76,52,17,8,149,138,72,94,160,158,147,9,5,113,37,21,22,97,165,12,45,96,53,170,78,126,49,141,70,137,77,80,124,61,119,73,178,136,33,157,145,131,84,67,156,41,19,31,135,176,28,132,123,38,60,100,142,58,51,139,

1to 1:
1to 2:41,132,80,28,159,140,136,64,9,2,21,25,32,101,166,97,138,127,145,20,7,109,179,
1to 3:176,78,142,6,35,151,170,178,31,49,89,161,69,75,150,126,124,100,162,39,141,88,131,118,134,71,164,
1to 4:60,137,83,119,123,139,128,149,10,55,46,155,90,108,153,163,154,48,50,65,135,84,59,112,110,24,144,82,
1to 5:15,103,114,12,13,77,152,62,167,37,175,102,61,120,8,56,
1to 6:68,53,22,38,70,73,94,96,105,74,168,116,130,160,51,129,18,17,23,16,34,157,92,169,79,43,27,11,30,133,121,57,3,42,
1to 7:66,156,52,125,143,58,87,180,85,54,148,63,36,4,117,86,14,177,44,104,
2to 1:60,87,15,158,22,146,24,30,62,73,152,6,3,84,5,88,157,162,53,173,63,168,125,4,123,104,48,79,
2to 2:
2to 3:68,83,12,45,159,156,139,14,105,169,64,8,163,34,165,
2to 4:41,31,67,143,54,138,118,179,49,177,100,127,7,106,21,109,35,132,76,52,26,161,101,
2to 5:80,33,94,136,10,148,174,89,38,65,107,47,111,
2to 6:58,145,66,119,78,117,29,149,91,113,28,86,172,25,2,
2to 7:128,20,116,155,99,122,160,74,32,144,95,134,93,40,97,18,140,16,137,164,96,
3to 1:8,105,92,85,40,114,19,83,12,67,120,1,99,25,80,109,116,
3to 2:46,155,161,31,125,84,100,113,78,124,104,107,33,96,178,61,62,118,
3to 3:
3to 4:172,95,86,13,142,38,94,126,165,32,103,169,168,159,81,44,15,87,180,158,
3to 5:21,154,145,137,110,149,150,140,6,76,93,176,51,7,53,58,128,64,
3to 6:98,106,88,36,75,14,20,153,123,132,24,122,146,45,77,
3to 7:48,60,69,171,27,167,170,65,162,141,135,163,55,
4to 1:81,172,57,69,71,133,14,122,74,151,93,70,131,45,38,16,143,64,77,95,124,76,113,117,176,156,145,
4to 2:18,112,79,168,174,5,146,86,94,157,53,87,126,128,
4to 3:127,101,19,2,155,154,22,153,114,30,123,66,80,36,40,73,58,51,41,21,28,55,
4to 4:
4to 5:115,82,108,49,90,29,9,100,135,32,106,160,165,20,52,83,141,
4to 6:85,35,175,138,46,142,120,26,136,44,163,65,67,33,60,15,
4to 7:102,130,50,43,89,6,59,179,158,61,103,78,68,149,119,139,178,
5to 1:115,111,39,47,98,121,75,107,148,101,118,2,49,7,10,29,89,160,170,153,179,96,54,44,163,78,140,20,66,149,119,132,33,31,126,
5to 2:37,91,164,177,93,22,158,45,26,123,141,60,55,
5to 3:81,108,180,125,175,13,146,86,99,136,109,77,95,65,157,
5to 4:102,167,85,4,79,151,6,70,131,16,61,12,53,36,116,156,28,178,
5to 5:
5to 6:72,1,56,82,62,90,32,154,8,165,143,103,52,87,137,40,176,128,139,
5to 7:173,147,110,105,11,174,9,100,138,106,5,142,120,114,30,38,94,84,124,76,113,73,51,41,15,
6to 1:108,165,161,147,91,166,171,137,159,61,52,128,141,174,36,136,35,175,150,
6to 2:139,56,15,76,6,24,156,90,49,57,106,38,12,143,34,148,169,16,133,116,176,152,83,68,
6to 3:70,48,60,129,7,103,96,1,172,117,
6to 4:9,124,30,51,146,66,43,80,20,58,140,122,40,45,2,22,19,71,89,
6to 5:11,178,31,27,41,126,105,113,99,109,4,39,119,84,55,179,118,95,23,98,3,54,157,158,73,131,
6to 6:
6to 7:42,64,13,67,26,21,112,29,8,132,46,145,17,153,10,121,72,28,33,
7to 1:34,134,27,9,41,65,130,144,26,154,37,18,142,135,72,167,13,110,68,112,94,138,21,178,106,164,
7to 2:10,51,30,69,43,149,165,58,172,14,54,102,103,48,117,36,88,173,11,66,89,
7to 3:16,122,46,53,143,33,145,84,67,25,44,119,137,61,32,
7to 4:63,136,29,175,17,93,77,133,113,176,73,160,105,104,141,74,64,157,120,5,
7to 5:22,85,70,146,132,91,40,45,180,78,177,86,163,123,139,151,28,116,87,
7to 6:162,19,83,155,170,124,114,76,59,131,109,4,126,147,171,49,55,71,158,99,159,156,80,95,152,140,174,12,31,100,
7to 7:

cell1:2,5,4,7,3,6,
cell2:3,6,4,7,5,1,
cell3:4,5,7,6,1,2,
cell4:5,1,2,7,6,3,
cell5:1,3,7,6,4,2,
cell6:1,4,5,7,3,2,
cell7:3,1,5,6,4,2,
