machine1:0,11,17,3,30,27,24,1,13,28,10,12,9,8,29,4,2,16,14,19,15,21,20,
machine2:0,11,17,3,27,24,1,13,28,10,12,9,4,2,16,14,19,21,
machine3:0,11,18,17,3,30,6,23,27,24,22,1,13,28,10,12,9,8,29,4,25,2,16,7,14,19,15,5,26,21,20,
machine4:0,11,17,3,24,13,28,9,4,16,19,21,
machine5:0,11,18,17,3,30,6,23,27,24,22,1,13,28,10,9,8,25,16,7,15,26,21,
machine6:0,11,17,3,30,23,27,1,13,28,10,9,8,25,16,7,15,26,21,
machine7:0,11,18,17,3,30,6,23,27,24,22,1,13,28,10,12,9,8,29,25,16,7,14,19,15,26,21,
machine8:0,11,3,30,1,13,28,8,7,15,26,21,
machine9:0,11,18,17,3,23,27,24,22,1,13,28,10,12,9,8,25,2,7,14,19,5,26,21,
machine10:0,11,18,17,3,27,1,13,28,10,9,25,19,5,26,21,
machine11:0,11,18,17,3,30,23,27,24,22,1,13,28,10,12,9,8,4,25,2,7,14,19,5,26,21,
machine12:0,18,17,3,1,13,28,10,9,19,26,21,
machine13:0,11,17,3,30,6,23,27,24,22,1,13,28,10,12,9,8,29,4,2,16,7,14,19,26,21,20,
machine14:0,11,17,3,30,23,27,24,1,10,9,8,2,16,7,14,19,26,21,
machine15:0,11,18,17,3,30,6,23,27,24,22,1,13,28,10,12,9,8,29,4,25,2,16,7,14,19,15,5,26,21,20,
machine16:0,11,17,30,23,27,10,8,2,16,14,
machine17:0,11,17,3,30,23,24,22,1,13,28,12,9,8,2,16,7,19,26,21,
machine18:0,11,3,23,24,1,13,9,8,2,7,26,21,
machine19:0,11,18,17,3,30,6,23,27,24,22,1,13,28,10,12,9,8,4,25,2,16,7,14,19,15,5,26,21,20,
machine20:0,3,23,1,13,9,2,21,

1to 1:
1to 2:1,26,28,27,23,3,
1to 3:17,12,22,24,2,
1to 4:18,14,20,8,19,30,7,16,
1to 5:9,10,6,25,
2to 1:10,11,12,17,30,22,
2to 2:
2to 3:1,9,18,27,
2to 4:3,13,26,28,29,6,
2to 5:8,15,19,21,24,
3to 1:4,18,26,7,
3to 2:19,13,21,
3to 3:
3to 4:5,12,25,11,
3to 5:14,2,23,
4to 1:29,5,25,27,24,13,23,9,1,21,
4to 2:22,15,16,17,11,
4to 3:28,10,14,8,30,3,
4to 4:
4to 5:20,4,12,26,7,
5to 1:3,8,15,16,19,28,
5to 2:7,9,14,18,25,30,6,
5to 3:4,11,13,5,
5to 4:1,2,10,17,21,23,24,27,22,
5to 5:

cell1:5,2,3,4,
cell2:5,3,4,1,
cell3:4,1,5,2,
cell4:5,2,1,3,
cell5:1,4,2,3,
