16 60 5 5 5
0 0 0 1 1 1 2 2 2 3 3 3 4 4 4 4 
16    791    0.2    1580
0 0 0 0 29 0 0 0 0 0 0 0 14 0 0 0 
0 0 0 0 0 0 0 0 13 30 0 0 0 3 0 0 
0 0 0 0 0 0 0 0 0 0 0 28 0 0 26 0 
10 0 0 16 0 0 0 0 0 0 0 26 0 0 0 0 
11 0 0 0 0 0 0 0 23 0 0 0 0 0 0 0 
0 15 0 0 0 1 0 0 0 0 17 0 0 0 0 0 
0 0 0 0 0 9 0 0 0 0 17 0 0 0 0 29 
0 0 0 0 0 0 2 0 0 0 0 0 0 0 0 0 
0 0 30 0 0 20 28 0 0 15 0 0 0 0 0 0 
0 0 0 0 0 0 0 0 0 0 0 2 0 0 0 0 
26 0 0 25 0 0 4 0 0 0 0 0 0 0 8 0 
17 0 0 0 0 6 0 0 0 0 20 0 0 0 0 0 
17 0 0 20 0 0 0 0 0 0 0 30 0 0 0 0 
7 0 0 0 29 0 0 0 0 0 0 0 0 22 0 0 
8 0 0 0 0 18 0 30 0 0 28 0 0 24 0 0 
0 0 19 21 0 0 0 0 7 0 18 0 0 10 0 0 
14    658    0.9    1273
2 0 0 0 0 0 0 0 0 0 0 30 0 0 0 0 
0 22 0 10 0 0 0 9 0 0 0 24 0 0 0 0 
0 29 0 0 6 0 0 21 0 0 20 0 29 0 0 0 
0 0 0 0 0 9 0 0 7 20 0 0 30 0 0 0 
0 0 0 0 0 0 0 0 0 0 22 0 0 0 0 0 
5 0 0 0 0 0 0 0 0 0 0 0 0 0 11 0 
14 0 0 0 0 21 14 0 0 6 0 0 0 0 0 0 
0 0 7 0 12 0 5 0 0 0 27 0 0 17 0 0 
0 0 0 0 6 0 0 0 0 0 0 28 0 12 0 0 
0 0 0 0 0 0 0 0 0 0 0 0 6 0 0 0 
0 0 0 0 14 0 0 10 0 0 0 7 0 0 0 1 
15 0 0 0 0 0 0 0 13 18 0 0 0 11 0 0 
0 0 15 0 0 0 24 0 0 0 0 0 0 2 0 0 
0 13 0 0 26 0 18 0 0 0 0 22 24 0 0 0 
18    859    0.3    1694
0 0 0 0 0 0 25 0 0 11 0 0 0 0 0 15 
0 0 0 0 14 0 0 0 0 0 0 0 0 11 0 0 
0 0 0 0 0 0 26 0 0 0 0 4 0 2 0 0 
0 0 0 9 0 0 0 0 0 0 0 0 22 0 0 0 
0 0 0 23 0 0 0 0 0 0 0 0 0 9 0 0 
0 0 15 0 0 0 0 0 0 24 0 0 0 0 0 28 
0 0 0 0 0 0 0 0 0 18 0 0 0 0 0 0 
11 0 0 0 18 0 0 0 0 0 0 0 0 0 0 0 
0 0 0 0 0 0 0 0 0 0 0 0 0 0 0 13 
0 1 0 0 0 22 8 0 0 0 0 0 0 0 0 22 
0 26 0 0 4 0 0 0 0 0 19 0 25 0 0 0 
18 0 0 12 0 0 28 0 0 0 0 26 0 0 15 0 
19 0 0 0 12 0 0 11 0 0 0 0 0 0 0 11 
0 27 0 0 0 30 0 0 11 29 0 0 0 7 0 0 
0 23 0 0 0 0 0 10 0 0 0 0 0 0 0 0 
0 19 0 0 0 8 0 0 27 4 0 0 12 0 0 0 
0 0 7 24 0 0 0 14 0 0 0 24 2 0 0 0 
5 0 0 0 0 0 12 0 0 0 0 0 0 0 0 0 
14    654    0.1    1292
0 0 0 0 6 0 0 0 19 0 0 0 0 0 0 0 
13 0 0 0 0 17 0 0 0 0 0 0 0 0 0 0 
0 0 0 2 0 0 30 0 0 10 0 0 0 0 0 0 
0 0 0 0 0 0 30 0 0 0 0 3 0 0 0 0 
0 0 0 0 0 0 0 0 0 0 0 0 0 0 23 0 
7 0 0 0 0 0 19 0 0 0 0 2 0 0 0 5 
0 0 0 0 26 0 0 0 0 21 0 0 0 25 0 0 
0 0 0 0 0 0 0 0 15 16 0 0 0 0 0 29 
0 0 0 0 0 0 0 0 0 0 0 0 0 0 7 0 
0 0 19 0 7 0 0 0 10 0 0 10 0 0 0 9 
21 0 0 0 0 0 0 0 0 0 6 0 0 0 0 0 
0 21 0 20 0 0 19 0 0 0 22 0 0 0 0 20 
0 0 17 0 0 0 0 0 8 0 3 0 0 0 0 0 
19 0 0 0 10 0 0 0 10 25 0 0 0 0 0 27 
10    543    0.3    1041
3 0 0 0 0 29 0 0 0 29 0 0 0 0 0 0 
0 0 0 30 0 0 0 0 4 0 0 0 0 0 0 20 
0 0 0 0 0 0 5 0 0 0 0 0 0 0 0 0 
0 0 0 0 0 0 0 30 0 0 0 0 0 0 0 0 
11 0 0 0 0 0 25 0 0 0 0 20 12 0 0 0 
0 0 0 12 0 0 0 20 0 0 0 0 0 0 0 10 
0 0 0 0 3 0 0 0 22 0 0 0 0 0 0 0 
0 0 7 0 0 0 11 0 0 0 0 0 0 0 0 0 
0 14 0 13 0 0 0 0 0 0 0 0 0 0 0 0 
0 0 26 0 0 27 0 0 0 0 0 0 0 0 0 0 
16    783    0.1    1558
0 0 18 0 0 15 0 21 0 0 20 0 0 0 0 0 
0 0 0 0 0 0 0 0 0 0 0 0 0 0 0 12 
0 0 0 14 0 0 0 0 24 0 0 0 0 0 0 0 
0 0 0 0 0 0 0 0 0 0 0 0 0 0 0 10 
0 0 0 0 10 0 0 0 2 0 0 22 14 0 0 0 
0 0 0 0 7 0 0 0 0 0 0 16 0 0 0 0 
14 0 0 0 3 0 17 0 0 3 0 0 10 0 0 0 
0 0 22 6 0 0 0 24 0 0 29 0 0 0 28 0 
0 0 0 0 0 0 0 24 0 0 0 0 0 0 0 0 
29 0 0 0 0 17 0 10 0 3 0 0 1 0 0 0 
0 0 0 0 0 0 0 8 0 0 0 16 0 0 0 0 
0 20 0 0 0 8 30 0 0 0 0 16 0 14 0 0 
0 25 0 0 0 0 20 0 0 0 0 16 0 0 0 0 
15 0 0 0 0 1 0 0 26 0 0 28 0 0 0 0 
25 0 0 0 0 0 0 0 0 0 18 0 0 0 0 0 
0 0 16 0 0 27 18 0 0 0 0 12 23 0 0 0 
5    314    0.7    620
0 0 23 14 0 0 0 0 0 0 28 0 0 23 0 0 
0 18 0 0 0 0 0 29 0 0 20 0 0 0 0 6 
11 0 0 0 0 0 11 0 0 0 0 11 0 28 0 0 
0 0 26 0 0 0 0 0 11 0 0 0 0 0 0 0 
0 0 0 0 0 0 0 0 28 0 0 0 0 0 0 0 
18    763    0.4    1504
0 15 0 0 0 0 0 0 0 0 7 0 0 15 0 0 
0 0 0 0 0 0 0 0 0 0 0 0 7 0 0 0 
0 8 0 0 0 29 29 0 0 13 0 0 22 0 0 0 
0 4 0 0 0 0 0 0 0 0 0 28 0 0 0 0 
0 2 0 0 0 0 0 11 0 0 0 0 0 0 0 0 
3 0 0 0 5 0 3 0 0 24 0 0 0 0 0 7 
0 0 0 0 0 7 29 0 0 0 0 14 0 0 0 0 
0 6 0 0 0 0 0 0 30 7 0 0 21 0 0 0 
0 0 0 0 10 0 0 0 0 6 0 0 0 0 0 22 
17 0 0 0 14 0 7 0 0 0 4 0 0 0 0 29 
0 0 0 0 0 0 0 0 0 0 9 0 0 29 0 0 
0 0 0 0 0 0 6 0 0 0 0 0 0 0 0 0 
0 12 0 0 0 0 0 30 0 10 0 0 0 0 0 0 
0 0 0 0 0 0 0 0 0 0 0 10 0 0 0 0 
0 0 29 0 0 0 12 0 0 0 0 0 0 0 0 22 
0 9 0 0 0 0 0 0 20 26 0 0 3 0 0 0 
0 11 0 0 0 23 0 0 0 27 0 0 0 0 0 26 
0 7 0 0 0 8 0 0 0 0 0 0 0 0 0 0 
10    475    0.2    933
0 23 0 0 0 0 0 0 15 0 0 17 0 0 0 0 
0 2 0 0 22 0 2 0 0 0 0 18 0 0 0 0 
0 0 29 0 0 0 27 0 0 0 19 0 14 0 0 0 
0 0 8 0 0 25 11 0 0 0 16 0 26 0 0 0 
0 23 0 0 0 0 0 0 0 0 0 15 0 0 0 18 
0 0 0 10 0 0 0 0 0 0 0 0 0 0 0 0 
0 0 0 0 11 0 0 0 0 0 0 0 1 0 0 0 
0 0 13 17 0 0 10 0 0 0 0 0 0 0 0 6 
0 0 22 0 10 0 0 0 29 0 26 0 0 0 0 19 
14 0 0 8 0 0 0 0 0 22 0 0 0 0 22 0 
18    931    0.5    1824
0 0 24 0 9 0 0 0 13 0 0 0 10 0 0 0 
0 0 0 0 0 0 0 21 0 0 0 0 0 0 0 0 
0 0 27 2 0 0 0 3 0 0 0 11 0 0 19 0 
0 0 13 10 0 0 0 23 0 0 20 0 0 0 0 28 
13 0 0 0 0 6 0 0 30 0 3 0 11 0 0 0 
0 0 22 0 0 8 13 0 0 4 0 0 0 0 1 0 
0 0 11 26 0 0 12 0 0 0 15 0 0 0 0 13 
0 0 0 0 0 0 0 0 3 0 0 19 28 0 0 0 
0 0 0 11 0 0 6 0 0 0 8 0 0 19 0 0 
0 0 17 0 4 0 0 18 0 0 0 0 0 30 0 0 
0 0 29 0 18 0 0 0 0 0 30 0 0 0 0 0 
0 15 0 0 0 0 0 13 0 0 0 0 0 0 0 0 
30 0 0 0 0 0 0 0 0 0 0 0 0 0 0 5 
0 3 0 0 0 15 0 0 2 6 0 0 0 0 0 24 
17 0 0 0 0 16 29 0 0 23 0 0 0 0 0 13 
0 0 20 0 0 13 0 23 0 20 0 0 25 0 0 0 
0 0 0 0 26 0 0 0 26 0 0 0 16 0 0 0 
0 18 0 18 0 0 13 0 0 25 0 0 0 0 0 22 
7    415    0.7    804
11 0 0 0 0 0 0 0 17 0 0 0 0 0 0 0 
0 16 0 0 0 0 12 0 0 0 0 0 0 0 0 0 
0 0 0 0 0 0 0 0 0 0 0 22 0 0 0 0 
0 0 0 25 0 0 0 9 0 0 23 0 0 3 0 0 
0 0 0 24 0 0 0 27 0 0 0 0 0 0 0 0 
0 0 0 0 0 0 0 0 0 0 0 0 0 0 27 0 
0 0 0 0 3 0 27 0 0 0 6 0 0 0 0 0 
16    737    0.8    1431
0 0 14 0 30 0 0 0 0 0 0 0 0 0 22 0 
0 0 0 0 7 0 0 0 8 0 7 0 0 0 0 0 
0 0 0 0 0 28 0 26 0 0 0 0 0 0 0 0 
0 2 0 0 0 0 0 19 0 0 0 17 0 0 0 2 
0 0 0 0 0 4 0 0 0 0 0 0 0 0 0 0 
0 0 0 0 0 0 0 0 0 0 0 18 0 0 0 0 
0 10 0 25 0 0 0 2 0 0 5 0 0 0 0 6 
0 0 17 0 0 0 0 0 0 26 0 0 0 0 0 0 
0 0 1 0 7 0 0 0 0 0 0 0 0 0 11 0 
0 0 16 0 25 0 0 0 4 0 14 0 8 0 0 0 
0 0 0 0 0 0 11 0 0 0 0 0 0 0 0 0 
0 0 0 0 0 0 0 0 0 25 0 0 0 0 0 0 
11 0 0 0 27 0 0 0 0 17 0 0 4 0 0 0 
0 16 0 0 0 0 0 0 0 0 13 0 0 0 26 0 
0 11 0 0 0 15 0 0 16 13 0 0 3 0 0 0 
0 0 5 0 16 0 0 0 15 0 6 0 15 0 0 0 
12    496    0.4    986
0 0 0 0 0 22 2 0 0 0 0 0 0 0 0 0 
0 0 14 0 9 0 0 0 0 0 23 0 0 0 0 0 
0 0 0 0 0 0 0 0 0 0 0 0 0 0 0 9 
17 0 0 0 0 0 15 0 0 11 0 0 10 0 0 0 
0 4 0 0 0 0 9 0 0 0 0 9 0 8 0 0 
0 14 0 0 0 0 0 23 0 0 26 0 20 0 0 0 
8 0 0 9 0 0 0 0 27 13 0 0 0 19 0 0 
0 0 0 24 0 0 0 30 0 0 0 0 5 0 0 0 
0 0 0 0 0 16 0 0 0 0 29 0 0 0 0 0 
0 0 0 0 4 0 0 0 0 0 0 0 0 0 0 0 
0 0 0 0 0 0 0 0 0 0 0 20 0 0 2 0 
0 0 14 0 0 23 0 0 0 0 0 0 2 0 0 0 
13    647    0.7    1293
26 0 0 0 0 0 0 9 0 0 14 0 0 0 0 0 
0 0 0 0 0 0 20 0 0 0 0 2 0 0 0 0 
12 0 0 0 27 0 0 0 0 2 0 0 0 0 0 0 
0 9 0 24 0 0 0 0 3 0 0 0 0 0 0 11 
0 0 30 0 0 0 0 30 0 4 0 0 0 0 0 4 
0 0 0 0 5 0 0 0 0 0 0 0 0 0 0 0 
0 30 0 27 0 0 0 0 3 0 0 0 0 0 19 0 
0 0 10 0 0 1 0 0 0 29 0 0 11 0 0 0 
0 0 28 25 0 0 0 0 0 0 0 0 0 0 26 0 
0 0 0 0 0 26 0 0 0 0 0 0 0 0 0 0 
0 12 0 0 30 0 20 0 0 0 0 0 0 13 0 0 
0 4 0 30 0 0 0 0 0 0 0 26 28 0 0 0 
0 0 0 0 0 0 0 0 0 0 0 0 0 0 0 15 
5    243    0.4    440
0 22 0 0 10 0 0 0 3 0 0 20 0 0 0 5 
0 0 0 0 0 0 0 3 0 0 0 12 0 0 18 0 
0 0 0 0 0 3 0 20 0 0 0 0 0 0 14 0 
9 0 0 0 0 0 0 14 0 0 0 2 0 0 12 0 
0 0 0 26 0 0 0 0 16 0 0 0 0 0 0 0 
16    783    0.6    1525
0 0 0 0 0 0 20 0 0 0 0 0 0 0 19 0 
0 0 0 0 0 0 16 0 0 0 0 23 0 12 0 0 
0 29 0 0 0 0 0 0 6 0 22 0 22 0 0 0 
0 25 0 0 6 0 0 0 0 0 0 0 0 0 0 0 
0 0 0 0 0 0 0 0 0 0 0 0 13 0 0 0 
0 14 0 0 27 0 0 0 27 4 0 0 0 0 10 0 
0 0 9 0 11 0 1 0 0 10 0 0 0 22 0 0 
0 0 0 20 0 0 9 0 0 0 0 6 0 27 0 0 
0 22 0 30 0 0 5 0 0 0 29 0 0 0 0 10 
0 19 0 0 0 0 0 0 26 25 0 0 0 0 0 0 
0 1 0 22 0 0 5 0 0 0 17 0 0 0 0 0 
0 0 0 0 0 0 0 0 10 0 0 0 9 0 0 0 
0 0 0 0 0 0 0 0 14 0 0 0 0 0 0 0 
13 0 0 30 0 0 0 0 0 0 0 0 0 0 0 0 
12 0 0 0 0 5 0 0 0 0 0 0 0 0 4 0 
3 0 0 0 0 0 0 0 0 0 0 28 0 0 12 0 
10    507    0.3    983
0 0 0 0 7 0 0 0 0 0 0 0 0 0 0 0 
0 22 0 0 0 0 0 0 0 26 0 0 0 0 27 0 
0 0 19 22 0 0 0 12 0 0 15 0 11 0 0 0 
20 0 0 0 4 0 0 0 28 0 4 0 0 4 0 0 
0 0 0 0 0 21 0 0 0 0 0 22 0 0 0 0 
0 0 0 0 0 0 0 20 0 0 0 0 0 0 17 0 
27 0 0 3 0 0 1 0 0 0 0 0 0 17 0 0 
0 0 0 18 0 0 0 0 0 26 0 0 1 0 0 0 
0 21 0 0 0 13 0 0 0 0 0 0 0 0 0 0 
0 0 0 0 0 15 0 0 0 0 0 0 0 0 0 0 
5    229    0.2    430
0 0 1 0 0 28 0 17 0 28 0 0 0 29 0 0 
15 0 0 0 0 0 0 13 0 0 23 0 0 8 0 0 
0 8 0 1 0 0 0 0 0 0 0 0 0 0 0 0 
7 0 0 0 0 0 0 0 0 24 0 0 0 8 0 0 
0 0 0 0 14 0 0 0 0 0 0 0 0 0 0 0 
5    292    0.7    554
0 5 0 0 0 0 29 0 0 0 0 0 0 0 0 0 
0 24 0 0 18 0 0 0 0 0 0 0 0 0 0 0 
0 21 0 0 18 0 1 0 0 21 0 0 0 10 0 0 
0 0 0 0 0 23 0 0 0 6 0 0 0 0 0 0 
0 0 11 0 0 0 0 0 0 0 30 0 0 0 0 0 
9    494    0.8    972
0 0 0 18 0 0 9 0 0 13 0 0 0 0 0 0 
0 0 0 30 0 0 0 0 0 0 0 0 0 0 0 26 
9 0 0 0 0 0 0 0 23 0 29 0 0 20 0 0 
0 0 28 0 0 0 0 0 0 0 8 0 0 0 23 0 
0 0 0 0 0 0 27 0 0 0 0 0 0 0 6 0 
11 0 0 0 0 2 0 0 16 29 0 0 0 0 8 0 
0 0 17 0 0 0 0 0 0 0 6 0 0 0 0 0 
0 0 17 11 0 0 0 0 0 0 27 0 0 0 0 0 
0 0 19 0 0 0 0 0 13 0 24 0 0 0 0 0 
12    549    0.5    1073
0 0 24 0 14 0 0 3 0 12 0 0 0 0 18 0 
0 13 0 0 0 0 0 0 0 0 17 0 0 0 0 0 
21 0 0 0 0 0 0 0 0 0 0 5 0 0 0 5 
14 0 0 0 0 0 0 28 0 0 0 0 0 0 0 0 
0 0 0 15 0 0 0 16 0 0 0 17 0 0 0 0 
0 0 0 0 11 0 0 0 0 23 0 0 0 0 0 0 
0 0 7 0 0 0 0 0 3 8 0 0 0 0 0 0 
0 0 26 0 9 0 0 23 0 0 0 10 0 0 0 0 
0 0 0 0 0 0 0 0 0 28 0 0 0 0 0 0 
0 0 0 0 0 2 0 0 0 16 0 0 0 0 0 0 
0 0 0 0 0 8 0 0 0 0 0 0 0 0 0 0 
0 0 0 0 0 6 0 0 4 0 0 22 20 0 0 0 
18    850    0.7    1700
0 0 0 0 26 0 3 0 0 0 0 0 0 0 0 0 
11 0 0 0 0 0 3 0 0 11 0 0 0 0 3 0 
0 0 0 0 0 0 0 0 0 0 0 21 0 0 11 0 
0 13 0 0 0 0 25 0 0 0 0 11 0 0 6 0 
22 0 0 0 27 0 0 0 16 0 0 18 0 2 0 0 
0 20 0 0 0 5 2 0 0 0 0 0 0 7 0 0 
0 0 0 0 0 26 0 0 0 0 0 0 0 0 0 0 
0 30 0 17 0 0 0 0 28 0 0 0 15 0 0 0 
0 0 0 0 0 0 0 21 0 0 0 0 20 0 0 0 
12 0 0 0 29 0 0 0 13 0 0 0 0 0 23 0 
0 6 0 0 1 0 0 0 19 0 7 0 0 0 0 16 
2 0 0 0 0 14 0 0 9 7 0 0 0 0 22 0 
0 0 16 24 0 0 0 0 2 0 0 9 0 0 23 0 
0 0 1 0 8 0 8 0 0 0 0 23 0 0 23 0 
6 0 0 0 0 0 0 12 0 0 0 4 0 0 0 0 
0 0 0 0 0 0 0 0 0 0 0 24 0 0 0 0 
0 0 0 0 0 0 0 0 0 0 0 0 21 0 0 0 
0 0 0 0 0 0 28 0 0 0 0 6 0 20 0 0 
13    624    0.4    1240
0 0 0 0 7 0 0 0 0 0 0 0 0 0 0 0 
1 0 0 5 0 0 15 0 0 0 0 0 0 0 0 26 
0 0 0 0 0 0 0 1 0 0 0 0 27 0 0 0 
0 0 4 0 0 9 0 2 0 22 0 0 13 0 0 0 
0 0 0 0 6 0 0 0 0 0 25 0 0 0 0 0 
0 30 0 2 0 0 0 24 0 0 0 8 17 0 0 0 
0 0 0 0 0 0 0 0 7 0 0 0 0 0 0 18 
29 0 0 0 6 0 0 20 0 0 28 0 25 0 0 0 
0 0 21 0 0 0 29 0 0 0 0 9 0 20 0 0 
28 0 0 0 0 20 27 0 0 0 6 0 0 5 0 0 
0 0 0 0 0 0 23 0 0 0 0 0 0 0 0 0 
0 0 0 0 0 0 0 0 0 0 19 0 0 0 0 0 
0 14 0 0 0 20 0 0 0 20 0 0 0 0 0 0 
5    277    0.2    506
0 0 0 0 0 0 0 0 0 0 0 0 0 0 0 24 
5 0 0 0 0 0 8 0 0 13 0 0 0 0 0 0 
0 0 0 0 0 0 0 4 0 0 0 0 0 0 23 0 
0 0 4 0 30 0 15 0 0 0 0 0 2 0 0 0 
0 14 0 28 0 0 14 0 0 0 0 5 0 26 0 0 
13    685    0.9    1332
0 0 0 0 18 0 0 0 0 0 0 30 0 0 0 0 
0 0 0 0 0 0 12 0 0 0 0 0 0 0 0 0 
0 0 20 0 0 0 0 0 27 0 0 0 0 0 0 0 
0 0 0 0 0 0 0 0 30 0 0 10 2 0 0 0 
0 0 0 0 0 0 0 0 0 0 30 0 0 17 0 0 
0 14 0 0 16 0 0 0 0 0 0 0 0 0 0 0 
0 0 0 0 0 0 0 0 18 0 0 0 0 0 0 0 
0 0 0 0 0 4 0 0 0 0 0 0 0 28 0 0 
0 2 0 15 0 0 0 0 0 0 16 0 0 0 0 0 
16 0 0 10 0 0 6 0 0 4 0 0 0 0 0 25 
0 0 0 0 0 25 0 0 4 0 0 0 0 0 0 0 
0 0 0 0 0 0 0 0 0 0 0 0 7 0 0 0 
0 0 0 0 0 30 20 0 0 0 0 0 0 0 0 0 
12    589    0.1    1137
0 0 0 0 0 0 0 0 0 0 0 0 0 0 0 1 
0 0 0 0 0 0 0 0 0 0 0 0 30 0 0 0 
0 7 0 0 0 4 0 9 0 29 0 0 0 0 1 0 
0 0 0 0 0 10 0 0 0 0 0 9 0 0 0 0 
0 0 0 0 18 0 0 0 0 26 0 0 0 0 0 0 
0 0 0 0 0 0 0 0 0 0 13 0 0 0 0 10 
0 16 0 0 0 0 0 0 27 0 18 0 0 0 0 3 
9 0 0 0 0 20 4 0 0 12 0 0 0 0 0 8 
0 12 0 0 0 28 0 0 0 19 0 0 0 0 0 18 
0 0 0 13 0 0 0 0 0 0 26 0 0 17 0 0 
0 12 0 0 0 0 0 0 16 10 0 0 0 0 0 0 
0 26 0 0 0 0 0 0 0 0 11 0 0 0 27 0 
15    834    0.2    1653
0 11 0 0 4 0 0 11 0 0 21 0 18 0 0 0 
0 0 23 10 0 0 0 7 0 0 4 0 0 0 0 9 
0 0 0 0 0 0 0 0 0 26 0 0 0 0 0 0 
0 28 0 0 12 0 0 0 10 17 0 0 0 25 0 0 
0 25 0 0 0 0 0 0 0 0 0 0 0 0 0 0 
0 0 0 0 0 28 0 16 0 0 0 3 21 0 0 0 
0 0 0 0 27 0 0 0 0 0 0 0 0 0 0 0 
0 5 0 15 0 0 22 0 0 0 0 16 0 0 0 22 
0 6 0 0 0 0 9 0 0 0 0 14 0 0 0 0 
0 3 0 27 0 0 0 0 25 27 0 0 0 2 0 0 
14 0 0 5 0 0 0 15 0 0 0 13 15 0 0 0 
0 0 0 18 0 0 0 0 22 0 18 0 0 0 11 0 
28 0 0 0 0 23 0 0 25 25 0 0 0 0 22 0 
0 0 0 0 0 0 0 0 0 0 25 0 0 0 18 0 
17 0 0 0 0 0 0 30 0 0 6 0 0 0 0 0 
15    816    0.5    1588
0 0 26 0 0 0 0 0 0 0 0 0 0 0 0 0 
0 0 0 27 0 0 0 0 0 0 0 0 0 0 0 0 
0 0 21 0 6 0 0 27 0 0 0 0 0 0 24 0 
0 0 0 0 0 20 20 0 0 0 0 0 0 11 0 0 
0 0 24 0 0 9 7 0 0 0 29 0 0 0 13 0 
0 0 0 2 0 0 0 0 19 0 14 0 0 0 0 0 
0 26 0 0 0 0 0 0 0 0 13 0 0 0 7 0 
0 0 22 0 16 0 0 17 0 0 0 12 0 0 0 11 
0 0 0 0 0 0 0 0 0 0 0 0 0 5 0 0 
23 0 0 0 0 0 0 27 0 3 0 0 0 0 27 0 
0 9 0 0 0 0 0 2 0 4 0 0 0 0 0 0 
0 6 0 0 0 0 0 0 22 0 6 0 0 0 0 0 
0 0 0 0 0 19 0 13 0 0 0 0 0 0 0 0 
0 0 29 0 30 0 0 0 0 0 0 0 0 0 0 0 
0 13 0 30 0 0 0 17 0 0 0 28 0 0 0 0 
5    253    0.8    502
0 0 0 0 23 0 0 0 0 0 0 0 0 0 0 0 
1 0 0 4 0 0 0 0 24 0 0 0 12 0 0 0 
0 0 20 0 0 27 0 0 0 3 0 0 0 0 0 0 
4 0 0 0 6 0 0 0 0 0 0 23 0 0 0 0 
0 0 24 20 0 0 0 27 0 0 0 27 0 0 0 13 
14    736    0.7    1429
0 0 0 0 12 0 0 0 0 0 0 0 21 0 0 0 
0 3 0 0 27 0 0 0 2 0 0 0 0 13 0 0 
0 0 26 0 22 0 10 0 0 5 0 0 27 0 0 0 
0 0 0 0 0 18 0 18 0 0 0 0 0 0 0 0 
29 0 0 0 0 0 0 0 0 0 0 0 0 0 0 0 
0 12 0 0 0 0 12 0 0 0 0 0 22 0 0 0 
5 0 0 0 0 0 0 27 0 0 0 24 0 0 0 20 
24 0 0 0 8 0 0 5 0 26 0 0 0 0 0 5 
0 22 0 16 0 0 30 0 0 0 0 7 0 12 0 0 
0 0 0 0 0 0 10 0 0 0 0 9 0 0 5 0 
0 0 0 0 0 0 0 20 0 15 0 0 0 0 0 0 
0 0 0 0 12 0 0 0 0 0 0 0 0 0 0 0 
0 0 9 0 12 0 0 0 0 0 0 0 0 0 0 0 
0 0 0 28 0 0 0 0 0 22 0 0 0 0 0 0 
17    688    0.7    1375
0 0 0 0 14 0 0 0 0 0 0 0 0 0 0 0 
22 0 0 0 0 18 0 9 0 0 0 21 0 0 0 0 
0 0 0 0 0 0 12 0 0 0 0 0 0 0 0 0 
0 0 0 0 0 0 25 0 0 0 0 0 29 0 0 0 
0 0 0 21 0 0 0 0 15 0 7 0 0 0 0 2 
0 0 28 2 0 0 0 0 0 0 29 0 0 0 9 0 
5 0 0 0 0 27 0 0 1 4 0 0 13 0 0 0 
15 0 0 0 17 0 0 0 20 0 0 27 0 0 0 0 
0 0 0 0 0 0 0 0 0 4 0 0 0 0 0 0 
0 0 7 0 0 10 0 0 11 0 0 9 0 0 0 0 
0 0 0 0 22 0 0 0 0 0 14 0 0 2 0 0 
0 0 0 22 0 0 0 0 0 0 2 0 0 0 0 0 
0 0 29 0 0 0 0 6 0 0 0 0 0 0 0 0 
27 0 0 29 0 0 0 0 0 0 0 0 0 0 10 0 
0 0 0 0 0 0 0 0 5 0 0 0 0 0 0 0 
0 0 0 0 0 0 11 0 0 0 0 0 0 0 0 0 
0 3 0 0 0 6 0 18 0 1 0 0 0 0 0 0 
10    422    0.3    826
0 0 0 0 0 0 0 0 0 0 8 0 0 0 8 0 
0 12 0 0 0 17 0 26 0 4 0 0 0 0 11 0 
0 0 27 7 0 0 28 0 0 21 0 0 0 0 2 0 
0 9 0 0 0 0 0 0 10 0 19 0 0 0 0 0 
9 0 0 0 0 8 0 0 0 0 0 0 0 0 0 0 
0 14 0 0 0 14 0 0 26 0 0 26 0 0 0 5 
0 0 22 0 14 0 0 30 0 0 0 9 0 0 0 14 
0 0 0 8 0 0 13 0 0 0 0 0 0 0 22 0 
0 0 10 0 0 3 0 0 28 25 0 0 0 0 0 0 
0 0 0 2 0 0 0 18 0 0 0 0 0 0 7 0 
9    494    0.7    968
0 0 11 0 0 23 0 0 7 0 0 19 0 0 0 0 
0 27 0 26 0 0 0 0 0 0 30 0 0 0 21 0 
0 0 0 0 0 0 0 24 0 0 0 14 0 0 0 0 
0 0 0 18 0 0 0 0 0 20 0 0 0 0 0 0 
0 9 0 0 0 0 0 0 0 0 0 0 0 0 0 0 
0 0 30 3 0 0 0 0 21 0 0 26 0 0 0 0 
0 0 0 0 0 29 0 0 8 0 27 0 0 0 0 0 
0 10 0 0 17 0 0 0 0 0 0 10 1 0 0 0 
0 0 19 0 0 0 0 21 0 0 24 0 0 13 0 0 
14    699    0.3    1359
11 0 0 0 0 0 30 0 0 0 0 0 0 0 0 0 
0 0 0 0 0 0 0 9 0 0 28 0 0 7 0 0 
0 0 0 0 16 0 0 0 0 0 23 0 0 0 0 0 
26 0 0 0 0 6 0 0 0 11 0 0 0 0 0 14 
0 0 0 0 0 0 0 14 0 0 21 0 0 0 15 0 
18 0 0 0 0 0 0 0 11 0 0 15 0 0 0 4 
16 0 0 4 0 0 0 0 0 0 0 0 0 3 0 0 
0 0 0 0 0 10 0 0 0 0 0 0 0 0 0 0 
0 0 0 18 0 0 0 0 0 22 0 0 7 0 0 0 
8 0 0 0 0 0 0 0 0 0 0 29 0 0 0 0 
0 12 0 7 0 0 0 18 0 16 0 0 28 0 0 0 
0 0 0 0 0 0 17 0 0 0 0 0 0 0 22 0 
0 0 0 0 25 0 0 0 0 0 0 0 0 0 0 0 
0 0 0 0 18 0 0 0 2 0 0 0 0 0 0 0 
18    894    0.2    1760
0 0 20 0 0 25 24 0 0 13 0 0 0 29 0 0 
0 0 0 0 21 0 0 0 0 0 0 0 0 0 0 25 
0 0 0 30 0 0 0 0 21 13 0 0 0 10 0 0 
0 22 0 0 0 0 0 7 0 0 0 0 0 0 16 0 
0 18 0 0 3 0 26 0 0 0 0 30 0 0 0 2 
0 0 0 0 0 0 12 0 0 0 0 0 25 0 0 0 
0 0 0 0 0 0 0 0 0 0 0 0 0 0 11 0 
0 0 27 0 6 0 0 0 11 0 13 0 0 0 0 6 
0 0 0 0 0 0 8 0 0 12 0 0 0 0 12 0 
0 0 0 0 0 0 0 0 27 0 0 0 0 0 0 0 
0 0 7 0 0 0 0 0 0 0 0 0 0 19 0 0 
0 0 10 19 0 0 0 0 0 0 0 0 27 0 0 0 
0 0 20 14 0 0 17 0 0 0 10 0 9 0 0 0 
0 1 0 0 0 0 0 0 17 0 23 0 0 0 0 0 
0 0 0 0 0 0 26 0 0 0 19 0 0 22 0 0 
0 0 0 12 0 0 0 0 0 0 0 0 0 0 0 0 
0 8 0 0 13 0 0 0 8 0 6 0 0 0 0 0 
0 13 0 0 0 7 0 0 16 0 0 0 12 0 0 0 
18    729    0.1    1421
23 0 0 0 8 0 4 0 0 0 9 0 0 0 0 30 
0 0 11 0 0 10 0 6 0 0 0 3 12 0 0 0 
0 9 0 0 17 0 0 0 0 0 0 0 0 0 0 0 
10 0 0 0 0 0 0 0 0 0 0 6 11 0 0 0 
0 0 0 0 10 0 0 0 0 0 0 26 2 0 0 0 
16 0 0 2 0 0 0 25 0 22 0 0 0 0 26 0 
0 4 0 0 0 26 15 0 0 7 0 0 0 0 18 0 
0 0 28 11 0 0 14 0 0 8 0 0 0 0 0 0 
0 11 0 0 0 0 1 0 0 27 0 0 0 23 0 0 
0 25 0 0 8 0 0 3 0 0 0 1 27 0 0 0 
0 0 0 0 0 0 0 0 3 0 0 0 0 0 0 0 
0 0 0 0 0 0 0 18 0 0 0 0 0 0 0 0 
0 17 0 17 0 0 0 0 4 0 0 0 0 0 0 0 
0 0 11 0 0 0 0 0 8 0 0 5 0 0 0 24 
0 0 0 7 0 0 0 0 23 0 13 0 0 0 30 0 
0 0 0 0 0 0 0 0 0 0 0 0 0 0 6 0 
0 0 1 0 0 26 0 1 0 0 0 0 0 0 0 11 
0 5 0 0 0 0 0 0 30 0 0 0 0 0 0 17 
10    590    0.4    1134
0 0 0 0 0 7 0 0 0 0 0 0 0 0 0 0 
0 30 0 0 27 0 0 21 0 0 0 2 0 0 15 0 
0 0 0 0 29 0 0 0 0 10 0 0 0 0 0 15 
0 7 0 0 0 0 0 0 20 1 0 0 10 0 0 0 
0 27 0 0 0 0 0 0 0 0 0 0 0 0 0 0 
0 0 0 0 0 0 28 0 0 0 0 21 0 0 0 0 
0 11 0 23 0 0 17 0 0 18 0 0 0 0 0 29 
0 0 3 7 0 0 0 0 5 0 0 1 15 0 0 0 
29 0 0 0 0 0 0 0 0 0 0 24 0 0 0 0 
0 0 0 0 0 0 0 0 24 0 0 0 0 0 0 0 
14    646    0.3    1253
0 0 0 0 5 0 0 15 0 0 25 0 0 4 0 0 
0 7 0 0 0 21 0 0 17 0 30 0 28 0 0 0 
0 0 0 0 0 21 0 0 0 0 0 0 0 0 0 0 
0 0 0 0 17 0 0 0 0 8 0 0 29 0 0 0 
0 0 0 1 0 0 0 0 0 0 0 0 0 0 0 0 
18 0 0 0 0 3 0 0 7 0 16 0 0 18 0 0 
2 0 0 0 0 8 1 0 0 0 5 0 0 21 0 0 
0 0 0 0 0 0 25 0 0 0 0 0 0 13 0 0 
0 7 0 0 0 12 3 0 0 0 0 2 0 0 0 11 
17 0 0 0 0 0 12 0 0 0 0 0 0 0 0 0 
20 0 0 0 23 0 0 0 10 0 0 0 0 0 25 0 
0 20 0 0 0 0 23 0 0 0 0 0 0 2 0 0 
0 0 22 0 0 0 0 0 0 0 0 0 0 0 0 0 
0 20 0 0 0 11 0 0 6 22 0 0 0 0 4 0 
9    443    0.4    866
0 0 0 0 0 0 0 0 20 0 0 0 0 0 0 13 
0 0 22 0 27 0 0 0 23 0 0 0 0 0 0 26 
0 22 0 0 0 20 0 1 0 20 0 0 2 0 0 0 
0 0 14 24 0 0 0 19 0 0 0 0 0 0 0 0 
0 0 0 0 0 0 0 0 0 0 0 9 0 0 0 0 
5 0 0 0 0 0 0 19 0 0 1 0 0 0 0 0 
0 0 2 0 0 0 11 0 0 18 0 0 0 0 0 0 
0 21 0 0 0 0 0 0 0 0 0 0 0 0 0 0 
0 0 21 0 0 0 0 0 22 4 0 0 0 30 0 0 
7    366    0.8    706
0 0 0 10 0 0 0 0 0 0 0 0 0 0 0 0 
0 0 10 0 0 0 10 0 0 0 0 0 0 0 0 0 
25 0 0 0 0 20 0 3 0 0 0 0 0 0 0 0 
0 22 0 0 0 0 10 0 0 0 25 0 0 0 10 0 
0 27 0 17 0 0 0 0 0 18 0 0 0 6 0 0 
0 0 23 0 22 0 30 0 0 0 0 0 0 0 0 0 
0 0 0 0 14 0 0 24 0 0 0 0 18 0 0 0 
13    563    0.5    1108
0 0 20 0 0 11 12 0 0 11 0 0 29 0 0 0 
0 0 0 0 0 0 0 0 0 0 0 0 9 0 0 0 
0 0 13 0 0 19 6 0 0 0 0 1 0 11 0 0 
0 13 0 0 29 0 0 0 27 11 0 0 5 0 0 0 
0 8 0 0 29 0 5 0 0 0 0 1 29 0 0 0 
0 0 15 27 0 0 0 0 11 0 0 12 0 20 0 0 
0 0 0 0 7 0 0 0 0 0 0 0 0 0 0 0 
0 28 0 0 0 0 0 4 0 0 18 0 0 0 0 15 
0 0 0 0 0 0 0 0 0 7 0 0 0 0 0 0 
0 0 0 0 0 0 0 5 0 0 0 28 0 30 0 0 
0 7 0 0 14 0 0 0 20 28 0 0 6 0 0 0 
0 13 0 15 0 0 0 11 0 0 5 0 0 8 0 0 
15 0 0 0 0 0 0 0 0 0 0 21 0 27 0 0 
11    580    0.4    1113
0 0 21 0 0 0 3 0 0 0 0 20 0 0 0 0 
15 0 0 0 0 1 0 0 21 0 0 0 0 15 0 0 
0 27 0 0 0 0 0 0 0 17 0 0 0 0 0 7 
0 0 7 0 0 2 0 0 0 23 0 0 0 0 0 23 
30 0 0 0 0 18 0 0 14 0 0 0 0 0 0 0 
0 0 0 0 0 0 0 0 26 1 0 0 0 0 0 0 
0 30 0 0 0 22 0 0 0 0 0 0 0 0 0 0 
0 0 0 0 0 0 0 0 0 0 0 2 0 0 0 0 
0 0 0 0 0 0 0 0 0 23 0 0 0 0 0 0 
0 0 7 0 0 21 0 0 0 0 0 30 0 24 0 0 
0 0 0 0 0 0 0 0 0 25 0 0 0 0 2 0 
18    794    0.2    1584
0 0 0 0 0 10 0 0 27 0 0 0 0 0 11 0 
0 18 0 0 4 0 30 0 0 0 0 8 0 0 0 4 
4 0 0 0 0 0 6 0 0 0 0 18 0 0 0 26 
0 0 0 0 0 0 0 9 0 0 0 3 22 0 0 0 
0 0 28 0 0 0 0 0 5 0 0 0 0 0 0 0 
0 4 0 0 0 13 0 0 0 10 0 0 0 0 15 0 
0 0 0 8 0 0 0 12 0 0 0 0 0 0 21 0 
0 0 0 24 0 0 0 30 0 12 0 0 0 0 0 0 
0 0 0 0 0 0 0 0 0 0 0 0 0 0 0 5 
0 22 0 0 0 24 0 0 0 0 1 0 0 0 0 0 
0 0 12 0 0 0 0 15 0 0 0 0 0 28 0 0 
0 0 16 0 0 25 0 0 9 20 0 0 0 0 0 0 
0 8 0 0 0 21 19 0 0 27 0 0 0 0 0 13 
0 0 0 0 0 14 0 0 0 0 0 0 0 0 14 0 
14 0 0 15 0 0 0 0 5 25 0 0 0 0 6 0 
7 0 0 0 25 0 0 0 17 18 0 0 0 0 0 0 
0 0 0 0 0 0 3 0 0 0 0 11 0 0 17 0 
0 0 0 0 0 30 9 0 0 0 0 15 0 0 21 0 
11    505    0.5    971
0 0 0 0 0 16 13 0 0 0 0 11 0 0 0 0 
0 0 0 0 0 0 0 0 0 0 1 0 0 0 0 0 
0 7 0 0 15 0 0 29 0 0 17 0 0 0 1 0 
0 19 0 0 29 0 22 0 0 0 10 0 0 0 7 0 
0 0 0 0 0 0 0 0 0 0 0 0 18 0 0 0 
9 0 0 0 24 0 10 0 0 0 0 0 21 0 0 0 
0 13 0 0 0 4 0 0 25 0 5 0 29 0 0 0 
0 0 14 14 0 0 0 16 0 0 0 0 0 0 0 0 
0 0 15 13 0 0 0 0 0 0 0 0 0 0 0 0 
0 0 12 0 0 0 0 0 0 0 0 0 0 0 0 0 
0 0 0 0 0 0 0 0 0 0 0 0 20 0 0 0 
10    517    0.7    995
0 0 0 0 3 0 13 0 0 19 0 0 0 0 0 0 
18 0 0 0 0 0 0 0 0 0 9 0 0 0 0 18 
0 30 0 0 29 0 0 0 0 0 0 0 0 0 0 0 
2 0 0 0 0 0 0 0 6 2 0 0 0 0 0 0 
0 3 0 15 0 0 0 0 24 0 0 6 0 0 0 0 
0 0 0 0 0 0 0 0 0 0 7 0 21 0 0 0 
0 0 0 0 25 0 0 28 0 0 0 0 0 0 0 0 
0 21 0 0 0 5 17 0 0 0 29 0 0 0 0 1 
0 0 10 11 0 0 17 0 0 0 0 0 0 0 0 29 
0 13 0 0 0 19 0 0 0 0 0 0 0 0 0 0 
9    411    0.5    785
0 0 0 0 14 0 0 14 0 0 0 0 0 2 0 0 
3 0 0 0 18 0 0 0 0 0 0 4 0 0 3 0 
18 0 0 0 0 0 12 0 0 26 0 0 0 0 12 0 
0 0 0 0 0 0 0 6 0 28 0 0 0 0 9 0 
8 0 0 0 0 5 0 15 0 0 15 0 0 0 11 0 
27 0 0 0 16 0 0 0 28 0 0 25 0 0 0 0 
0 0 0 0 0 5 0 0 0 0 0 0 0 0 0 0 
13 0 0 18 0 0 0 0 0 0 21 0 0 0 0 0 
0 0 0 0 13 0 0 26 0 0 19 0 0 0 0 0 
18    778    0.2    1529
0 2 0 0 0 24 0 0 0 0 0 0 0 0 0 0 
0 19 0 0 13 0 0 0 0 0 0 0 0 0 0 0 
0 0 19 0 0 0 0 0 0 0 0 0 0 0 21 0 
0 28 0 0 23 0 30 0 0 28 0 0 0 0 0 0 
0 3 0 5 0 0 0 0 7 1 0 0 4 0 0 0 
0 15 0 0 0 28 0 0 0 0 0 0 0 0 0 23 
0 0 26 29 0 0 9 0 0 0 0 4 0 0 0 0 
0 0 0 0 0 0 0 0 7 0 0 0 0 0 0 0 
0 0 0 0 24 0 0 0 0 13 0 0 0 0 0 0 
0 25 0 0 0 0 0 0 27 0 0 12 0 0 0 0 
10 0 0 0 0 0 0 0 0 0 0 0 24 0 0 0 
0 3 0 30 0 0 0 0 0 0 29 0 0 0 0 8 
0 0 0 0 0 0 0 0 0 0 0 9 0 0 0 0 
14 0 0 0 0 0 0 0 14 2 0 0 3 0 0 0 
0 0 0 0 0 0 0 0 0 0 0 4 5 0 0 0 
0 0 0 4 0 0 0 0 0 2 0 0 0 0 0 0 
0 0 20 0 0 15 0 6 0 19 0 0 0 0 6 0 
0 0 0 0 0 15 1 0 0 1 0 0 0 0 30 0 
5    271    0.7    525
0 0 0 0 0 6 30 0 0 0 0 0 0 0 0 9 
0 21 0 0 0 0 25 0 0 0 0 26 0 10 0 0 
0 0 0 0 0 0 0 26 0 0 0 0 0 0 0 0 
0 0 0 0 0 5 0 0 0 0 17 0 0 0 0 0 
0 13 0 0 0 0 0 0 0 11 0 0 0 0 0 0 
5    230    0.3    450
0 0 0 0 9 0 0 0 0 17 0 0 0 0 0 0 
0 0 0 0 0 0 0 0 0 0 26 0 0 0 0 0 
0 16 0 14 0 0 0 0 18 6 0 0 0 0 18 0 
0 0 0 0 0 20 0 0 0 0 0 10 0 0 0 0 
0 2 0 0 0 0 2 0 0 0 11 0 0 0 0 0 
6    311    0.9    599
0 29 0 0 29 0 0 0 0 0 0 19 0 0 16 0 
8 0 0 20 0 0 0 0 0 0 0 0 0 0 0 0 
0 0 0 30 0 0 0 0 0 0 0 0 0 0 0 0 
0 0 0 0 3 0 0 0 13 0 0 10 0 0 0 0 
0 0 0 0 0 18 0 16 0 0 0 0 0 0 20 0 
0 0 0 0 0 0 0 2 0 0 0 0 0 0 0 0 
13    599    0.8    1173
0 17 0 0 0 26 0 0 0 0 0 0 0 0 0 0 
0 0 10 8 0 0 0 0 23 0 0 17 0 10 0 0 
0 0 0 8 0 0 0 0 0 0 0 0 0 0 0 0 
0 3 0 0 0 10 0 0 21 0 0 11 0 0 0 23 
27 0 0 0 0 13 0 0 19 0 0 0 18 0 0 0 
0 24 0 11 0 0 0 6 0 0 4 0 15 0 0 0 
4 0 0 0 23 0 0 0 24 0 0 25 25 0 0 0 
18 0 0 21 0 0 3 0 0 0 22 0 0 0 0 5 
0 0 4 0 0 0 0 14 0 0 0 0 0 0 0 0 
17 0 0 23 0 0 0 7 0 0 28 0 24 0 0 0 
3 0 0 0 0 0 0 0 0 30 0 0 0 6 0 0 
0 0 0 5 0 0 0 0 0 0 0 0 0 0 0 0 
0 0 0 0 0 0 27 0 0 0 0 0 0 0 18 0 
7    439    0.8    848
0 21 0 0 15 0 0 0 0 0 0 7 0 20 0 0 
0 0 0 30 0 0 0 0 1 0 0 16 0 10 0 0 
13 0 0 0 30 0 0 0 22 0 0 17 19 0 0 0 
0 0 0 0 0 0 0 27 0 0 0 0 0 0 0 0 
25 0 0 0 0 0 0 0 19 0 0 30 0 0 22 0 
0 0 17 0 0 0 18 0 0 0 0 0 0 0 0 0 
0 24 0 8 0 0 25 0 0 0 0 0 14 0 0 0 
16    749    0.2    1475
0 0 0 14 0 0 0 0 0 0 0 0 0 0 0 0 
20 0 0 0 0 0 0 0 0 0 18 0 4 0 0 0 
0 16 0 6 0 0 0 12 0 0 0 5 0 0 0 22 
22 0 0 0 0 0 25 0 0 0 7 0 0 0 0 12 
0 0 0 0 0 0 0 0 0 0 0 30 0 0 28 0 
0 0 0 0 0 0 0 0 0 0 22 0 0 0 0 0 
7 0 0 0 15 0 22 0 0 0 0 0 0 0 0 0 
0 15 0 11 0 0 0 0 0 0 0 7 0 0 1 0 
0 0 0 0 0 0 0 0 0 0 0 20 0 0 0 0 
11 0 0 0 19 0 0 0 0 0 0 19 0 0 11 0 
0 21 0 0 0 9 0 0 27 0 0 0 0 0 0 0 
0 0 13 30 0 0 0 0 0 0 0 0 0 0 0 0 
0 7 0 0 0 0 13 0 0 0 2 0 0 0 0 0 
0 0 0 0 0 0 0 0 13 0 0 0 0 0 0 0 
2 0 0 0 17 0 0 0 0 0 0 12 0 0 0 0 
0 0 0 0 0 0 0 0 5 0 0 0 0 0 0 0 
9    410    0.7    790
0 0 0 0 0 0 0 9 0 0 0 0 0 0 0 0 
0 0 22 23 0 0 0 0 0 0 0 0 0 0 6 0 
0 0 17 0 29 0 0 8 0 0 0 17 21 0 0 0 
7 0 0 9 0 0 0 29 0 0 0 0 10 0 0 0 
14 0 0 27 0 0 0 0 1 0 0 0 0 14 0 0 
0 0 0 0 0 11 0 0 0 0 6 0 0 0 0 0 
9 0 0 0 0 16 23 0 0 0 18 0 0 0 0 5 
0 13 0 0 20 0 0 28 0 0 0 0 0 0 0 0 
0 0 6 14 0 0 15 0 0 18 0 0 0 0 4 0 
7    349    0.5    659
0 0 0 17 0 0 21 0 0 0 0 0 0 17 0 0 
29 0 0 0 0 0 0 0 15 0 8 0 0 0 13 0 
0 0 2 0 0 0 0 25 0 0 0 0 0 0 0 0 
30 0 0 29 0 0 0 3 0 0 14 0 24 0 0 0 
10 0 0 3 0 0 0 0 2 0 6 0 0 0 0 0 
0 0 0 0 0 0 0 0 0 0 0 9 0 0 0 0 
0 0 0 21 0 0 0 0 0 0 0 0 0 0 0 0 
15    641    0.9    1261
0 0 18 0 0 0 0 0 0 0 0 0 0 0 13 0 
0 0 17 16 0 0 14 0 0 9 0 0 0 0 0 0 
0 0 2 0 0 0 1 0 0 0 0 15 26 0 0 0 
0 0 0 0 0 0 0 0 0 0 29 0 0 0 10 0 
0 0 11 0 0 0 0 0 0 0 0 0 0 0 0 0 
0 26 0 20 0 0 7 0 0 29 0 0 0 0 0 0 
0 17 0 21 0 0 28 0 0 0 0 0 0 0 7 0 
0 0 0 0 0 26 0 0 0 0 2 0 0 0 0 0 
0 9 0 0 0 8 6 0 0 2 0 0 0 0 0 0 
0 0 8 17 0 0 0 0 30 0 0 20 0 0 0 0 
25 0 0 0 3 0 0 0 13 0 28 0 0 5 0 0 
0 0 0 0 7 0 0 0 0 0 0 0 0 0 0 0 
29 0 0 0 0 0 17 0 0 0 0 18 18 0 0 0 
0 0 0 0 8 0 0 0 0 0 0 0 7 0 0 0 
0 24 0 0 0 1 1 0 0 6 0 0 0 0 8 0 
9    401    0.8    775
0 0 0 22 0 0 24 0 0 25 0 0 0 10 0 0 
0 0 0 10 0 0 19 0 0 0 0 3 15 0 0 0 
9 0 0 0 6 0 0 24 0 0 1 0 0 0 9 0 
0 0 0 25 0 0 0 0 28 0 8 0 0 6 0 0 
29 0 0 0 21 0 0 15 0 0 0 15 0 0 18 0 
0 0 0 0 0 0 0 0 25 0 0 14 5 0 0 0 
0 0 0 0 0 0 0 0 0 0 0 0 0 0 17 0 
0 0 0 0 8 0 0 23 0 0 0 8 0 1 0 0 
0 0 0 0 0 0 0 0 0 0 0 0 0 5 0 0 
14    750    0.2    1473
19 0 0 0 0 0 0 0 0 0 0 21 0 0 0 0 
0 16 0 0 0 1 0 0 0 0 14 0 0 0 26 0 
3 0 0 0 17 0 28 0 0 0 0 26 0 0 0 15 
0 22 0 0 0 9 29 0 0 27 0 0 0 0 3 0 
0 0 0 0 0 0 0 0 0 0 0 0 0 0 0 19 
26 0 0 0 30 0 0 0 20 0 0 30 5 0 0 0 
0 0 0 0 5 0 6 0 0 0 0 0 0 0 0 0 
0 0 0 0 0 0 0 0 0 0 0 27 0 0 0 0 
27 0 0 0 30 0 15 0 0 0 0 18 23 0 0 0 
0 0 19 0 0 0 0 0 0 0 23 0 0 0 14 0 
0 0 0 0 0 19 13 0 0 0 0 0 0 0 0 0 
0 22 0 0 0 0 7 0 0 0 0 0 0 0 0 0 
24 0 0 0 0 22 0 0 17 19 0 0 8 0 0 0 
0 0 0 0 0 0 0 0 0 0 13 0 0 2 0 0 
13    499    0.2    976
0 0 9 0 17 0 0 6 0 0 0 0 11 0 0 0 
10 0 0 7 0 0 0 2 0 0 0 0 0 0 0 20 
0 10 0 0 0 13 0 7 0 0 0 4 0 0 0 0 
0 12 0 0 0 0 19 0 0 0 0 0 0 0 0 0 
0 0 0 0 9 0 0 0 24 22 0 0 0 6 0 0 
19 0 0 0 5 0 0 13 0 0 0 0 0 0 0 10 
0 0 0 0 20 0 4 0 0 8 0 0 0 0 0 6 
0 0 0 16 0 0 0 0 16 5 0 0 0 0 10 0 
0 0 0 0 0 0 28 0 0 0 0 0 0 0 0 0 
0 0 13 14 0 0 0 0 0 12 0 0 8 0 0 0 
0 12 0 0 0 0 0 4 0 0 0 10 0 6 0 0 
0 13 0 0 6 0 3 0 0 0 0 0 0 0 0 0 
0 0 11 0 0 0 0 0 0 0 0 0 0 0 0 0 
18    986    0.9    1925
0 0 23 0 28 0 0 0 6 29 0 0 0 0 0 24 
0 27 0 0 0 8 3 0 0 0 0 0 23 0 0 0 
3 0 0 0 0 27 18 0 0 0 0 2 0 0 0 11 
0 24 0 0 9 0 0 2 0 0 0 0 0 12 0 0 
0 0 0 0 0 0 0 3 0 0 30 0 0 0 0 0 
0 0 0 0 0 24 26 0 0 27 0 0 0 0 4 0 
0 0 0 30 0 0 0 0 0 0 0 0 0 0 0 0 
0 12 0 0 0 13 0 25 0 10 0 0 0 0 24 0 
0 0 0 0 0 0 0 30 0 0 0 0 0 0 0 0 
17 0 0 0 0 27 0 0 0 0 10 0 0 0 0 11 
22 0 0 0 0 29 23 0 0 0 25 0 0 0 0 0 
0 0 0 0 0 0 0 0 0 0 0 0 0 23 0 0 
0 0 0 0 1 0 0 13 0 0 0 0 0 0 0 0 
28 0 0 0 0 24 0 0 18 0 0 5 14 0 0 0 
0 9 0 0 17 0 0 0 0 0 0 0 0 0 6 0 
0 0 0 0 0 21 0 0 28 0 30 0 0 4 0 0 
0 0 8 0 0 0 0 5 0 0 0 0 0 0 0 0 
8 0 0 0 0 0 0 0 0 0 10 0 0 0 0 17 
0 7 27 31 27 
43 0 37 44 41 
28 46 0 16 47 
50 10 26 0 28 
21 34 7 48 0 
