machine1:0,83,85,19,76,172,174,134,35,159,36,17,69,129,169,46,18,43,34,117,8,57,88,68,153,130,144,127,124,149,2,156,170,74,96,140,14,42,138,52,128,65,16,143,63,179,92,60,26,112,171,50,66,78,72,30,54,70,168,103,79,122,24,178,71,110,22,118,94,146,150,109,166,67,59,173,104,3,1,44,164,121,75,123,98,81,161,115,142,93,133,25,21,119,40,147,39,101,162,61,126,9,10,29,5,160,125,45,158,155,107,108,102,131,163,151,37,90,141,136,56,148,97,113,77,91,12,49,53,165,11,137,73,4,116,145,87,89,84,41,48,82,55,167,80,105,152,27,31,111,33,157,20,7,99,13,86,32,176,28,47,95,132,135,6,106,175,180,177,64,23,38,62,100,154,58,120,139,114,51,15,
machine2:0,83,85,19,172,174,134,35,159,36,17,69,169,46,18,43,117,57,68,153,130,144,124,2,156,170,74,96,140,14,42,138,128,65,143,179,92,60,26,112,171,50,66,78,54,70,168,103,79,122,178,110,94,146,150,166,67,59,104,3,44,75,123,98,161,115,142,93,133,25,21,119,40,61,126,9,10,29,5,160,125,45,158,155,107,131,163,151,90,141,136,148,113,77,53,165,11,137,73,4,116,145,87,84,41,82,55,80,152,27,31,111,33,157,20,99,32,176,28,47,95,135,6,106,175,180,177,64,23,38,154,120,139,114,51,15,
machine3:0,83,174,35,159,17,169,117,68,153,124,156,170,74,96,140,42,138,128,143,179,60,50,66,78,70,103,79,122,178,110,94,146,150,67,59,44,123,161,115,142,133,21,40,61,126,29,160,45,158,107,131,113,53,137,4,116,145,41,55,152,31,20,47,95,135,6,175,180,177,23,38,154,120,139,114,51,
machine4:0,172,159,46,43,117,8,127,124,149,156,74,14,138,52,65,16,143,179,60,66,78,54,168,178,22,118,94,146,109,166,67,3,164,123,161,93,119,40,126,9,10,160,158,155,163,37,141,56,148,97,113,91,12,53,11,73,116,87,41,48,80,31,111,33,20,99,32,28,132,106,64,58,139,15,
machine5:0,83,76,172,174,134,35,159,36,69,169,46,18,43,34,117,8,57,88,68,144,127,124,149,2,156,74,96,140,14,138,52,128,65,16,143,63,179,60,26,112,66,78,30,54,168,103,79,122,24,178,22,118,94,146,109,166,67,173,104,3,164,123,161,93,133,25,21,119,40,101,162,61,126,9,10,29,5,160,125,45,158,155,107,102,163,37,90,141,136,56,148,97,113,91,12,49,53,165,11,137,73,4,116,145,87,89,84,41,48,55,80,105,152,31,111,33,157,20,7,99,86,32,176,28,47,95,132,6,106,177,64,38,62,100,58,139,51,15,
machine6:0,83,85,134,35,159,36,69,46,8,88,68,153,124,2,140,128,65,16,143,92,171,78,30,168,103,122,178,22,109,104,1,75,98,161,142,93,21,101,61,126,125,45,158,108,151,141,136,77,12,53,137,116,87,84,55,105,27,33,157,20,86,176,95,132,135,106,175,180,100,154,58,120,139,114,15,
machine7:0,83,85,19,76,172,134,35,159,36,69,129,169,46,34,117,8,88,68,153,127,124,149,2,156,170,96,140,14,128,65,16,143,92,60,171,66,78,30,70,168,103,122,24,178,71,110,22,118,94,146,150,109,67,104,1,44,164,75,123,98,81,161,142,93,25,21,119,40,39,101,162,61,126,125,45,158,155,107,108,131,163,151,141,136,113,77,12,49,53,165,137,73,116,145,87,89,84,41,48,55,167,80,105,27,31,33,157,20,7,99,13,86,32,176,28,95,132,135,6,106,175,180,64,38,62,100,154,58,120,139,114,51,15,
machine8:0,83,85,19,76,172,174,35,159,36,17,69,169,46,18,43,117,57,68,153,130,144,127,124,149,2,156,74,140,14,138,52,128,65,16,143,63,179,60,26,112,50,66,78,30,54,70,168,103,79,122,24,178,71,110,22,118,94,146,109,67,59,104,44,123,81,161,115,142,93,133,21,119,40,101,61,126,9,10,29,5,160,45,158,155,108,102,131,163,151,90,141,136,113,77,12,49,53,165,137,73,4,116,145,87,89,84,41,48,82,55,167,80,105,31,33,157,20,7,13,86,32,176,28,95,132,135,6,106,175,180,177,64,38,100,154,58,120,139,114,51,15,
machine9:0,83,19,76,35,69,46,43,117,68,153,130,144,127,124,149,156,74,140,138,52,128,65,16,143,63,179,60,26,112,50,66,78,30,54,70,103,79,24,178,22,118,94,109,67,59,44,123,81,142,93,133,119,40,61,126,10,29,5,160,45,158,155,131,163,151,90,141,113,77,12,137,73,4,116,145,87,89,41,55,167,31,33,157,20,13,176,28,95,132,6,106,175,38,100,154,58,114,51,15,
machine10:0,83,76,35,69,46,43,117,68,153,156,74,140,52,128,143,179,60,26,112,54,103,79,24,94,109,67,59,44,142,119,40,61,126,10,29,5,160,45,131,90,113,4,116,87,41,55,31,33,157,176,28,95,132,106,175,38,58,51,15,
machine11:0,83,76,174,36,8,153,124,149,2,156,170,96,128,65,143,179,60,26,66,78,30,54,103,178,22,94,146,150,109,173,44,164,119,40,61,126,9,10,5,160,125,45,158,108,131,163,90,136,148,113,77,91,165,137,73,87,89,84,41,55,167,80,105,31,33,99,13,176,28,47,132,135,6,175,180,177,23,38,62,154,58,120,114,15,
machine12:0,83,85,76,174,36,8,153,124,149,2,156,170,96,140,138,52,128,65,16,143,179,60,26,66,78,72,30,54,70,103,79,178,110,22,118,94,146,150,109,173,3,1,44,164,121,75,123,98,81,115,142,93,21,119,40,147,39,101,61,126,9,10,29,5,160,125,45,158,107,108,102,131,163,151,37,90,141,136,56,148,113,77,91,12,49,53,165,11,137,73,4,116,145,87,89,84,41,82,55,167,80,105,152,27,31,111,33,157,20,7,99,13,86,32,176,28,47,95,132,135,6,106,175,180,177,64,23,38,62,100,154,58,120,139,114,51,15,
machine13:0,83,85,19,76,172,174,35,159,36,17,129,169,46,18,43,34,117,8,57,88,68,153,130,124,149,2,156,170,74,96,140,14,42,138,52,128,65,16,143,179,92,60,26,112,171,66,78,72,30,54,70,168,103,79,122,24,178,71,22,118,94,146,150,109,166,67,59,3,1,44,121,75,123,98,161,142,133,25,21,119,40,147,39,162,61,126,9,10,29,160,45,158,155,108,131,163,90,141,136,56,148,113,77,91,12,49,53,165,11,137,73,4,116,145,87,89,84,41,48,82,55,80,105,152,27,31,33,157,20,7,99,13,86,32,176,28,95,132,6,106,175,64,23,38,62,100,154,58,120,139,114,51,15,
machine14:0,83,85,19,76,172,174,35,159,36,129,46,117,8,57,88,68,153,124,149,2,156,96,140,14,138,52,128,65,16,143,92,60,26,171,66,78,30,54,70,103,24,178,71,22,94,146,150,109,166,67,121,123,161,142,133,25,21,40,147,39,162,61,126,29,160,45,158,131,163,141,136,56,113,77,12,53,137,73,4,145,87,89,84,41,55,80,105,152,33,157,20,99,13,86,32,176,28,95,132,175,64,23,38,100,58,139,114,51,15,
machine15:0,83,85,76,174,35,159,36,129,57,68,153,124,149,156,96,140,14,138,52,128,65,16,143,60,26,171,66,54,70,71,22,94,146,150,109,67,123,161,25,21,40,147,162,160,158,131,141,136,56,113,77,12,4,145,84,55,157,20,13,86,32,176,28,95,132,38,100,58,139,15,
machine16:0,83,85,19,76,172,174,134,159,36,17,69,46,18,43,34,117,8,88,68,153,130,144,124,149,156,170,74,96,140,14,42,138,52,128,65,16,143,63,179,60,26,112,171,50,66,78,72,30,54,70,103,122,178,71,110,22,94,146,109,67,59,173,104,44,164,121,123,142,93,133,25,21,119,40,147,162,61,126,9,10,29,5,160,125,45,158,155,102,131,163,151,37,141,136,148,97,113,77,91,12,49,53,165,11,137,73,4,116,145,87,89,84,41,48,55,167,80,105,152,27,31,33,157,20,99,13,86,32,176,28,95,132,135,6,106,175,180,177,64,38,100,154,58,120,139,114,51,15,
machine17:0,83,85,19,76,134,159,36,17,69,43,117,8,68,153,130,124,149,156,170,74,96,140,138,52,65,16,60,26,171,50,66,78,72,54,70,103,122,178,110,22,94,146,109,67,59,104,121,123,142,93,21,119,40,147,61,126,9,10,29,5,160,125,45,158,131,163,151,37,141,136,97,113,77,91,12,49,53,165,137,73,116,145,87,89,84,41,48,55,167,80,152,27,31,33,157,99,13,86,176,28,132,135,106,180,177,64,38,100,154,58,120,139,51,
machine18:0,83,19,76,17,8,124,149,156,170,96,138,52,60,78,72,70,178,22,94,67,123,142,21,119,147,61,126,9,5,160,45,158,131,37,141,136,97,113,77,12,49,53,165,137,73,145,84,41,80,31,33,157,176,28,132,135,38,100,58,139,51,

1to 1:
1to 2:41,132,80,28,159,140,136,64,9,2,21,25,32,101,166,97,138,127,145,20,7,109,179,
1to 3:176,78,142,6,35,151,170,178,31,49,89,161,69,75,150,126,124,100,162,39,141,88,131,118,134,71,164,
1to 4:60,137,83,119,123,139,128,149,10,55,46,155,90,108,153,163,154,48,50,65,135,84,59,112,110,24,144,82,
1to 5:15,103,114,12,13,77,152,62,167,37,175,102,61,120,8,56,
1to 6:68,53,22,38,70,73,94,96,105,74,168,116,130,160,51,129,18,17,23,16,34,157,92,169,79,43,27,11,30,133,121,57,3,42,
1to 7:66,156,52,125,143,58,87,180,85,54,148,63,36,4,117,86,14,177,44,104,
2to 1:63,3,173,162,88,62,104,24,48,4,152,79,168,125,6,5,146,22,158,30,123,84,157,53,87,73,60,15,
2to 2:
2to 3:34,169,105,14,8,165,45,159,12,64,163,68,83,156,139,
2to 4:127,101,118,49,7,35,177,100,138,106,161,179,54,26,109,143,76,67,52,132,31,41,21,
2to 5:111,47,107,148,10,174,89,38,136,94,65,80,33,
2to 6:172,25,91,2,29,86,78,113,117,66,149,119,58,145,28,
2to 7:134,144,97,18,122,74,164,32,155,93,160,96,99,16,95,140,20,137,116,40,128,
3to 1:8,105,92,85,40,114,19,83,12,67,120,1,99,25,80,109,116,
3to 2:46,155,161,31,125,84,100,113,78,124,104,107,33,96,178,61,62,118,
3to 3:
3to 4:172,95,86,13,142,38,94,126,165,32,103,169,168,159,81,44,15,87,180,158,
3to 5:21,154,145,137,110,149,150,140,6,76,93,176,51,7,53,58,128,64,
3to 6:98,106,88,36,75,14,20,153,123,132,24,122,146,45,77,
3to 7:48,60,69,171,27,167,170,65,162,141,135,163,55,
4to 1:81,172,57,69,71,133,14,122,74,151,93,70,131,45,38,16,143,64,77,95,124,76,113,117,176,156,145,
4to 2:18,112,79,168,174,5,146,86,94,157,53,87,126,128,
4to 3:127,101,19,2,155,154,22,153,114,30,123,66,80,36,40,73,58,51,41,21,28,55,
4to 4:
4to 5:115,82,108,49,90,29,9,100,135,32,106,160,165,20,52,83,141,
4to 6:85,35,175,138,46,142,120,26,136,44,163,65,67,33,60,15,
4to 7:102,130,50,43,89,6,59,179,158,61,103,78,68,149,119,139,178,
5to 1:140,163,153,54,20,31,29,44,96,89,118,66,160,78,148,132,2,107,98,121,111,47,119,33,39,149,101,75,10,126,7,49,170,179,115,
5to 2:158,123,141,55,22,60,45,26,37,164,93,177,91,
5to 3:65,146,77,109,175,180,136,86,157,13,81,95,99,108,125,
5to 4:28,12,156,178,6,116,36,61,70,79,167,102,16,85,53,151,131,4,
5to 5:
5to 6:87,128,143,176,82,139,72,154,56,8,32,40,1,103,90,137,62,52,165,
5to 7:41,124,113,120,38,106,138,9,76,11,73,51,15,174,173,94,30,110,100,5,105,84,114,142,147,
6to 1:108,165,161,147,91,166,171,137,159,61,52,128,141,174,36,136,35,175,150,
6to 2:139,56,15,76,6,24,156,90,49,57,106,38,12,143,34,148,169,16,133,116,176,152,83,68,
6to 3:70,48,60,129,7,103,96,1,172,117,
6to 4:9,124,30,51,146,66,43,80,20,58,140,122,40,45,2,22,19,71,89,
6to 5:11,178,31,27,41,126,105,113,99,109,4,39,119,84,55,179,118,95,23,98,3,54,157,158,73,131,
6to 6:
6to 7:42,64,13,67,26,21,112,29,8,132,46,145,17,153,10,121,72,28,33,
7to 1:34,72,134,144,18,130,37,167,112,27,110,164,9,138,135,106,154,13,142,26,94,68,65,41,21,178,
7to 2:102,173,172,69,88,48,10,14,11,43,89,54,165,30,103,117,66,149,36,58,51,
7to 3:25,122,46,32,16,61,44,84,143,67,53,119,137,33,145,
7to 4:63,17,104,133,105,74,29,175,93,5,160,120,136,64,77,113,157,176,73,141,
7to 5:85,91,180,177,151,70,146,22,86,45,123,163,78,87,116,132,40,28,139,
7to 6:162,171,71,19,147,49,4,152,174,100,155,59,131,170,158,114,99,159,109,12,95,124,140,76,83,80,31,156,126,55,
7to 7:

cell1:2,5,4,7,3,6,
cell2:5,1,7,4,3,6,
cell3:4,5,7,6,1,2,
cell4:5,1,2,7,6,3,
cell5:7,1,3,4,6,2,
cell6:1,4,5,7,3,2,
cell7:1,2,4,6,5,3,
