machine1:0,83,85,172,19,174,76,134,130,159,35,117,18,69,103,17,169,129,43,46,34,88,42,127,57,74,144,14,68,143,156,171,138,170,124,63,179,72,16,50,70,153,149,8,122,66,112,52,24,54,146,168,60,94,140,150,109,65,71,110,79,92,2,126,119,78,67,1,104,96,121,3,22,166,178,101,59,40,164,36,163,147,125,61,81,142,5,93,133,167,44,118,161,115,98,123,173,26,21,25,75,9,30,113,39,162,158,41,160,131,10,155,107,56,128,151,29,102,12,148,37,97,165,90,49,108,31,53,7,136,11,77,73,45,4,141,116,145,87,89,91,48,82,55,80,106,105,152,137,111,27,84,157,33,20,86,32,13,99,176,135,28,47,95,6,132,180,177,175,23,64,62,38,100,154,58,120,139,114,51,15,
machine2:0,83,85,172,19,174,134,130,159,35,117,18,69,103,17,169,43,46,42,57,74,144,14,68,143,156,171,138,170,124,179,50,70,153,122,66,112,54,146,168,60,94,140,150,65,110,79,92,2,126,119,78,67,104,96,3,166,178,59,40,36,163,125,61,142,5,93,133,44,161,115,98,123,26,21,25,75,9,113,158,41,160,131,10,155,107,128,151,29,148,165,90,31,53,136,11,77,73,45,4,141,116,145,87,82,55,80,106,152,137,111,27,84,157,33,20,32,99,176,135,28,47,95,6,180,177,175,23,64,38,154,120,139,114,51,15,
machine3:0,83,174,159,35,117,103,17,169,42,74,68,143,156,138,170,124,179,50,70,153,122,66,146,60,94,140,150,110,79,126,78,67,96,178,59,40,61,142,133,44,161,115,123,21,113,158,41,160,131,107,128,29,31,53,45,4,116,145,55,152,137,20,135,47,95,6,180,177,175,23,38,154,120,139,114,51,
machine4:0,172,159,117,43,46,127,74,14,143,156,138,124,179,16,149,8,66,52,54,146,168,60,94,109,65,126,119,78,67,3,22,166,178,40,164,163,93,118,161,123,9,113,158,41,160,10,155,56,12,148,37,97,31,53,11,73,141,116,87,91,48,80,106,111,33,20,32,99,28,132,64,58,139,15,
machine5:0,83,172,174,76,134,159,35,117,18,69,103,169,43,46,34,88,127,57,74,144,14,68,143,156,138,124,63,179,16,149,8,122,66,112,52,24,54,146,168,60,94,140,109,65,79,2,126,119,78,67,104,96,3,22,166,178,101,40,164,36,163,125,61,5,93,133,118,161,123,173,26,21,25,9,30,113,162,158,41,160,10,155,107,56,128,29,102,12,148,37,97,165,90,49,31,53,7,136,11,73,45,4,141,116,145,87,89,91,48,55,80,106,105,152,137,111,84,157,33,20,86,32,99,176,28,47,95,6,132,177,64,62,38,100,58,139,51,15,
machine6:0,83,85,134,159,35,69,103,46,88,68,143,171,124,16,153,8,122,168,140,109,65,92,2,126,78,1,104,22,178,101,36,125,61,142,93,161,98,21,75,30,158,128,151,12,108,53,136,77,45,141,116,87,55,106,105,137,27,84,157,33,20,86,176,135,95,132,180,175,100,154,58,120,139,114,15,
machine7:0,83,85,172,19,76,134,159,35,117,69,103,169,129,46,34,88,127,14,68,143,156,171,170,124,16,70,153,149,8,122,66,24,146,168,60,94,140,150,109,65,71,110,92,2,126,119,78,67,1,104,96,22,178,101,40,164,36,163,125,61,81,142,93,167,44,118,161,98,123,21,25,75,30,113,39,162,158,41,131,155,107,128,151,12,165,49,108,31,53,7,136,77,73,45,141,116,145,87,89,48,55,80,106,105,137,27,84,157,33,20,86,32,13,99,176,135,28,95,6,132,180,175,64,62,38,100,154,58,120,139,114,51,15,
machine8:0,83,85,172,19,174,76,130,159,35,117,18,69,103,17,169,43,46,127,57,74,144,14,68,143,156,138,124,63,179,16,50,70,153,149,122,66,112,52,24,54,146,168,60,94,140,109,65,71,110,79,2,126,119,78,67,104,22,178,101,59,40,36,163,61,81,142,5,93,133,167,44,118,161,115,123,26,21,9,30,113,158,41,160,131,10,155,128,151,29,102,12,165,90,49,108,31,53,7,136,77,73,45,4,141,116,145,87,89,48,82,55,80,106,105,137,84,157,33,20,86,32,13,176,135,28,95,6,132,180,177,175,64,38,100,154,58,120,139,114,51,15,
machine9:0,83,19,76,130,35,117,69,103,43,46,127,74,144,68,143,156,138,124,63,179,16,50,70,153,149,66,112,52,24,54,60,94,140,109,65,79,126,119,78,67,22,178,59,40,163,61,81,142,5,93,133,167,44,118,123,26,30,113,158,41,160,131,10,155,128,151,29,12,90,31,77,73,45,4,141,116,145,87,89,55,106,137,157,33,20,13,176,28,95,6,132,175,38,100,154,58,114,51,15,
machine10:0,83,76,35,117,69,103,43,46,74,68,143,156,179,153,112,52,24,54,60,94,140,109,79,126,119,67,59,40,61,142,5,44,26,113,41,160,131,10,128,29,90,31,45,4,116,87,55,106,157,33,176,28,95,132,175,38,58,51,15,
machine11:0,83,174,76,103,143,156,170,124,179,153,149,8,66,54,146,60,94,150,109,65,2,126,119,78,96,22,178,40,164,36,163,125,61,5,167,44,173,26,9,30,113,158,41,160,131,10,128,148,165,90,108,31,136,77,73,45,87,89,91,55,80,105,137,84,33,13,99,176,135,28,47,6,132,180,177,175,23,62,38,154,58,120,114,15,
machine12:0,83,85,174,76,103,143,156,138,170,124,179,72,16,70,153,149,8,66,52,54,146,60,94,140,150,109,65,110,79,2,126,119,78,1,96,121,3,22,178,101,40,164,36,163,147,125,61,81,142,5,93,167,44,118,115,98,123,173,26,21,75,9,30,113,39,158,41,160,131,10,107,56,128,151,29,102,12,148,37,165,90,49,108,31,53,7,136,11,77,73,45,4,141,116,145,87,89,91,82,55,80,106,105,152,137,111,27,84,157,33,20,86,32,13,99,176,135,28,47,95,6,132,180,177,175,23,64,62,38,100,154,58,120,139,114,51,15,
machine13:0,83,85,172,19,174,76,130,159,35,117,18,103,17,169,129,43,46,34,88,42,57,74,14,68,143,156,171,138,170,124,179,72,16,70,153,149,8,122,66,112,52,24,54,146,168,60,94,140,150,109,65,71,79,92,2,126,119,78,67,1,96,121,3,22,166,178,59,40,36,163,147,61,142,133,44,118,161,98,123,26,21,25,75,9,30,113,39,162,158,41,160,131,10,155,56,128,29,12,148,165,90,49,108,31,53,7,136,11,77,73,45,4,141,116,145,87,89,91,48,82,55,80,106,105,152,137,27,84,157,33,20,86,32,13,99,176,28,95,6,132,175,23,64,62,38,100,154,58,120,139,114,51,15,
machine14:0,83,85,172,19,174,76,159,35,117,103,129,46,88,57,14,68,143,156,171,138,124,16,70,153,149,8,66,52,24,54,146,60,94,140,150,109,65,71,92,2,126,78,67,96,121,22,166,178,40,36,163,147,61,142,133,161,123,26,21,25,30,113,39,162,158,41,160,131,56,128,29,12,53,136,77,73,45,4,141,145,87,89,55,80,105,152,137,84,157,33,20,86,32,13,99,176,28,95,132,175,23,64,38,100,58,139,114,51,15,
machine15:0,83,85,174,76,159,35,129,57,14,68,143,156,171,138,124,16,70,153,149,66,52,54,146,60,94,140,150,109,65,71,67,96,22,40,36,147,161,123,26,21,25,113,162,158,160,131,56,128,12,136,77,4,141,145,55,84,157,20,86,32,13,176,28,95,132,38,100,58,139,15,
machine16:0,83,85,172,19,174,76,134,130,159,117,18,69,103,17,43,46,34,88,42,74,144,14,68,143,156,171,138,170,124,63,179,72,16,50,70,153,149,8,122,66,112,52,54,146,60,94,140,109,65,71,110,126,119,78,67,104,96,121,22,178,59,40,164,36,163,147,125,61,142,5,93,133,167,44,123,173,26,21,25,9,30,113,162,158,41,160,131,10,155,128,151,29,102,12,148,37,97,165,49,31,53,136,11,77,73,45,4,141,116,145,87,89,91,48,55,80,106,105,152,137,27,84,157,33,20,86,32,13,99,176,135,28,95,6,132,180,177,175,64,38,100,154,58,120,139,114,51,15,
machine17:0,83,85,19,76,134,130,159,117,69,103,17,43,74,68,156,171,138,170,124,72,16,50,70,153,149,8,122,66,52,54,146,60,94,140,109,65,110,126,119,78,67,104,96,121,22,178,59,40,36,163,147,125,61,142,5,93,167,123,26,21,9,113,158,41,160,131,10,151,29,12,37,97,165,49,31,53,136,77,73,45,141,116,145,87,89,91,48,55,80,106,152,137,27,84,157,33,86,13,99,176,135,28,132,180,177,64,38,100,154,58,120,139,51,
machine18:0,83,19,76,17,156,138,170,124,72,70,149,8,52,60,94,126,119,78,67,96,22,178,147,61,142,5,123,21,9,113,158,41,160,131,12,37,97,165,49,31,53,136,77,73,45,141,145,80,137,84,157,33,176,135,28,132,38,100,58,139,51,

1to 1:
1to 2:7,20,21,28,32,41,64,80,109,127,132,136,138,140,145,159,179,2,9,97,101,25,166,
1to 3:6,31,35,49,69,71,78,88,89,100,118,124,126,131,134,141,142,150,151,161,162,164,170,176,178,39,75,
1to 4:10,24,46,48,50,55,59,60,65,82,83,84,90,110,112,119,123,128,135,137,139,144,149,153,154,155,163,108,
1to 5:8,12,15,56,61,62,77,103,120,152,167,175,37,13,102,114,
1to 6:3,11,16,17,18,22,23,27,30,38,42,43,51,53,57,68,70,73,74,79,94,96,105,116,121,133,157,160,168,169,92,130,34,129,
1to 7:4,14,36,44,52,54,58,66,85,86,87,104,117,143,156,177,180,148,125,63,
2to 1:63,3,173,162,88,62,104,24,48,4,152,79,168,125,6,5,146,22,158,30,123,84,157,53,87,73,60,15,
2to 2:
2to 3:34,169,105,14,8,165,45,159,12,64,163,68,83,156,139,
2to 4:127,101,118,49,7,35,177,100,138,106,161,179,54,26,109,143,76,67,52,132,31,41,21,
2to 5:111,47,107,148,10,174,89,38,136,94,65,80,33,
2to 6:172,25,91,2,29,86,78,113,117,66,149,119,58,145,28,
2to 7:134,144,97,18,122,74,164,32,155,93,160,96,99,16,95,140,20,137,116,40,128,
3to 1:116,80,109,25,99,1,120,67,12,83,19,114,40,85,92,105,8,
3to 2:118,62,61,178,33,96,104,107,124,78,113,100,84,125,31,161,155,46,
3to 3:
3to 4:158,87,180,15,44,81,159,168,169,103,32,165,126,38,94,13,142,86,95,172,
3to 5:64,58,128,53,7,51,176,93,76,6,140,150,149,110,137,145,154,21,
3to 6:77,45,146,122,24,132,123,153,20,14,75,36,88,106,98,
3to 7:55,163,135,141,162,65,170,167,27,171,69,60,48,
4to 1:81,172,57,69,71,133,14,122,74,151,93,70,131,45,38,16,143,64,77,95,124,76,113,117,176,156,145,
4to 2:18,112,79,168,174,5,146,86,94,157,53,87,126,128,
4to 3:127,101,19,2,155,154,22,153,114,30,123,66,80,36,40,73,58,51,41,21,28,55,
4to 4:
4to 5:115,82,108,49,90,29,9,100,135,32,106,160,165,20,52,83,141,
4to 6:85,35,175,138,46,142,120,26,136,44,163,65,67,33,60,15,
4to 7:102,130,50,43,89,6,59,179,158,61,103,78,68,149,119,139,178,
5to 1:115,111,39,47,98,121,75,107,148,101,118,2,49,7,10,29,89,160,170,153,179,96,54,44,163,78,140,20,66,149,119,132,33,31,126,
5to 2:37,91,164,177,93,22,158,45,26,123,141,60,55,
5to 3:81,108,180,125,175,13,146,86,99,136,109,77,95,65,157,
5to 4:102,167,85,4,79,151,6,70,131,16,61,12,53,36,116,156,28,178,
5to 5:
5to 6:72,1,56,82,62,90,32,154,8,165,143,103,52,87,137,40,176,128,139,
5to 7:173,147,110,105,11,174,9,100,138,106,5,142,120,114,30,38,94,84,124,76,113,73,51,41,15,
6to 1:108,165,161,147,91,166,171,137,159,61,52,128,141,174,36,136,35,175,150,
6to 2:139,56,15,76,6,24,156,90,49,57,106,38,12,143,34,148,169,16,133,116,176,152,83,68,
6to 3:70,48,60,129,7,103,96,1,172,117,
6to 4:9,124,30,51,146,66,43,80,20,58,140,122,40,45,2,22,19,71,89,
6to 5:11,178,31,27,41,126,105,113,99,109,4,39,119,84,55,179,118,95,23,98,3,54,157,158,73,131,
6to 6:
6to 7:42,64,13,67,26,21,112,29,8,132,46,145,17,153,10,121,72,28,33,
7to 1:34,72,134,144,18,130,37,167,112,27,110,164,9,138,135,106,154,13,142,26,94,68,65,41,21,178,
7to 2:102,173,172,69,88,48,10,14,11,43,89,54,165,30,103,117,66,149,36,58,51,
7to 3:25,122,46,32,16,61,44,84,143,67,53,119,137,33,145,
7to 4:63,17,104,133,105,74,29,175,93,5,160,120,136,64,77,113,157,176,73,141,
7to 5:85,91,180,177,151,70,146,22,86,45,123,163,78,87,116,132,40,28,139,
7to 6:162,171,71,19,147,49,4,152,174,100,155,59,131,170,158,114,99,159,109,12,95,124,140,76,83,80,31,156,126,55,
7to 7:

cell1:4,7,3,6,5,2,
cell2:5,1,7,4,3,6,
cell3:6,5,2,1,7,4,
cell4:5,1,2,7,6,3,
cell5:1,3,6,7,2,4,
cell6:1,4,5,7,3,2,
cell7:1,2,4,6,5,3,
