machine1:0,172,52,83,76,19,40,45,174,134,130,2,36,159,35,117,8,18,17,69,153,169,129,42,46,43,34,85,57,103,88,127,74,92,68,22,144,70,14,65,149,75,170,146,156,126,78,178,61,63,96,138,121,171,140,150,72,179,143,54,79,16,122,50,125,128,160,124,5,66,112,131,41,118,81,119,104,168,173,60,94,147,24,113,26,1,9,109,71,110,39,158,98,31,3,163,166,59,10,67,102,164,84,56,37,133,49,108,107,142,21,136,93,101,148,25,90,161,30,115,82,123,91,4,11,44,7,77,89,12,167,152,73,137,111,141,162,29,86,155,157,145,151,13,87,105,20,55,27,165,95,116,47,97,6,176,28,100,53,32,80,33,132,106,135,99,175,180,48,23,38,154,177,62,64,139,114,120,51,58,15,
machine2:0,172,83,19,40,45,174,134,130,2,36,159,35,117,18,17,69,153,169,42,46,43,85,57,103,74,92,68,144,70,14,65,75,170,146,156,126,78,178,61,96,138,171,140,150,179,143,54,79,122,50,125,128,160,124,5,66,112,131,41,119,104,168,60,94,113,26,9,110,158,98,31,3,163,166,59,10,67,84,133,107,142,21,136,93,148,25,90,161,115,82,123,4,11,44,77,152,73,137,111,141,29,155,157,145,151,87,20,55,27,165,95,116,47,6,176,28,53,32,80,33,106,135,99,175,180,23,38,154,177,64,139,114,120,51,15,
machine3:0,83,40,45,174,159,35,117,17,153,169,42,103,74,68,70,170,146,156,126,78,178,61,96,138,140,150,179,143,79,122,50,128,160,124,66,131,41,60,94,113,110,158,31,59,67,133,107,142,21,161,115,123,4,44,152,137,29,145,20,55,95,116,47,6,53,135,175,180,23,38,154,177,139,114,120,51,
machine4:0,172,52,40,159,117,8,46,43,127,74,22,14,65,149,146,156,126,78,178,138,179,143,54,16,160,124,66,41,118,119,168,60,94,113,9,109,158,31,3,163,166,10,67,164,56,37,93,148,161,123,91,11,12,73,111,141,155,87,20,116,97,28,53,32,80,33,132,106,99,48,64,139,58,15,
machine5:0,172,52,83,76,40,45,174,134,2,36,159,35,117,8,18,69,169,46,43,34,57,103,88,127,74,68,22,144,14,65,149,146,156,126,78,178,61,63,96,138,140,179,143,54,79,16,122,125,128,160,124,5,66,112,41,118,119,104,168,173,60,94,24,113,26,9,109,158,31,3,163,166,10,67,102,164,84,56,37,133,49,107,21,136,93,101,148,25,90,161,30,123,91,4,11,7,89,12,152,73,137,111,141,162,29,86,155,157,145,87,105,20,55,165,95,116,47,97,6,176,28,100,53,32,80,33,132,106,99,48,38,177,62,64,139,51,58,15,
machine6:0,83,45,134,2,36,159,35,8,69,153,46,85,103,88,92,68,22,65,75,126,78,178,61,171,140,143,16,122,125,128,124,104,168,1,109,158,98,84,108,142,21,136,93,101,161,30,77,12,137,141,86,157,151,87,105,20,55,27,95,116,176,100,53,33,132,106,135,175,180,154,139,114,120,58,15,
machine7:0,172,83,76,19,40,45,134,2,36,159,35,117,8,69,153,169,129,46,34,85,103,88,127,92,68,22,70,14,65,149,75,170,146,156,126,78,178,61,96,171,140,150,143,16,122,125,128,124,66,131,41,118,81,119,104,168,60,94,24,113,1,109,71,110,39,158,98,31,163,67,164,84,49,108,107,142,21,136,93,101,25,161,30,123,44,7,77,89,12,167,73,137,141,162,86,155,157,145,151,13,87,105,20,55,27,165,95,116,6,176,28,100,53,32,80,33,132,106,135,99,175,180,48,38,154,62,64,139,114,120,51,58,15,
machine8:0,172,52,83,76,19,40,45,174,130,2,36,159,35,117,18,17,69,153,169,46,43,85,57,103,127,74,68,22,144,70,14,65,149,146,156,126,78,178,61,63,138,140,179,143,54,79,16,122,50,128,160,124,5,66,112,131,41,118,81,119,104,168,60,94,24,113,26,9,109,71,110,158,31,163,59,10,67,102,84,133,49,108,142,21,136,93,101,90,161,30,115,82,123,4,44,7,77,89,12,167,73,137,141,29,86,155,157,145,151,13,87,105,20,55,165,95,116,6,176,28,100,53,32,80,33,132,106,135,175,180,48,38,154,177,64,139,114,120,51,58,15,
machine9:0,52,83,76,19,40,45,130,35,117,69,153,46,43,103,127,74,68,22,144,70,65,149,156,126,78,178,61,63,138,140,179,143,54,79,16,50,128,160,124,5,66,112,131,41,118,81,119,60,94,24,113,26,109,158,31,163,59,10,67,133,142,93,90,30,123,4,44,77,89,12,167,73,137,141,29,155,157,145,151,13,87,20,55,95,116,6,176,28,100,33,132,106,175,38,154,114,51,58,15,
machine10:0,52,83,76,40,45,35,117,69,153,46,43,103,74,68,156,126,61,140,179,143,54,79,128,160,5,112,131,41,119,60,94,24,113,26,109,31,59,10,67,142,90,4,44,29,157,87,55,95,116,176,28,33,132,106,175,38,51,58,15,
machine11:0,83,76,40,45,174,2,36,8,153,103,22,65,149,170,146,156,126,78,178,61,96,150,179,143,54,125,128,160,124,5,66,131,41,119,173,60,94,113,26,9,109,158,31,163,10,164,84,108,136,148,90,30,91,44,77,89,167,73,137,13,87,105,55,165,47,6,176,28,80,33,132,135,99,175,180,23,38,154,177,62,114,120,58,15,
machine12:0,52,83,76,40,45,174,2,36,8,153,85,103,22,70,65,149,75,170,146,156,126,78,178,61,96,138,121,140,150,72,179,143,54,79,16,125,128,160,124,5,66,131,41,118,81,119,173,60,94,147,113,26,1,9,109,110,39,158,98,31,3,163,10,102,164,84,56,37,49,108,107,142,21,136,93,101,148,90,30,115,82,123,91,4,11,44,7,77,89,12,167,152,73,137,111,141,29,86,157,145,151,13,87,105,20,55,27,165,95,116,47,6,176,28,100,53,32,80,33,132,106,135,99,175,180,23,38,154,177,62,64,139,114,120,51,58,15,
machine13:0,172,52,83,76,19,40,45,174,130,2,36,159,35,117,8,18,17,153,169,129,42,46,43,34,85,57,103,88,74,92,68,22,70,14,65,149,75,170,146,156,126,78,178,61,96,138,121,171,140,150,72,179,143,54,79,16,122,128,160,124,66,112,131,41,118,119,168,60,94,147,24,113,26,1,9,109,71,39,158,98,31,3,163,166,59,10,67,84,56,133,49,108,142,21,136,148,25,90,161,30,82,123,91,4,11,44,7,77,89,12,152,73,137,141,162,29,86,155,157,145,13,87,105,20,55,27,165,95,116,6,176,28,100,53,32,80,33,132,106,99,175,48,23,38,154,62,64,139,114,120,51,58,15,
machine14:0,172,52,83,76,19,40,45,174,2,36,159,35,117,8,153,129,46,85,57,103,88,92,68,22,70,14,65,149,146,156,126,78,178,61,96,138,121,171,140,150,143,54,16,128,160,124,66,131,41,60,94,147,24,113,26,109,71,39,158,163,166,67,84,56,133,142,21,136,25,161,30,123,4,77,89,12,152,73,137,141,162,29,86,157,145,13,87,105,20,55,95,176,28,100,53,32,80,33,132,99,175,23,38,64,139,114,51,58,15,
machine15:0,52,83,76,40,174,36,159,35,153,129,85,57,68,22,70,14,65,149,146,156,96,138,171,140,150,143,54,16,128,160,124,66,131,60,94,147,113,26,109,71,158,67,84,56,21,136,25,161,123,4,77,12,141,162,86,157,145,13,20,55,95,176,28,100,32,132,38,139,58,15,
machine16:0,172,52,83,76,19,40,45,174,134,130,36,159,117,8,18,17,69,153,42,46,43,34,85,103,88,74,68,22,144,70,14,65,149,170,146,156,126,78,178,61,63,96,138,121,171,140,72,179,143,54,16,122,50,125,128,160,124,5,66,112,131,41,119,104,173,60,94,147,113,26,9,109,71,110,158,31,163,59,10,67,102,164,84,37,133,49,142,21,136,93,148,25,30,123,91,4,11,44,77,89,12,167,152,73,137,141,162,29,86,155,157,145,151,13,87,105,20,55,27,165,95,116,97,6,176,28,100,53,32,80,33,132,106,135,99,175,180,48,38,154,177,64,139,114,120,51,58,15,
machine17:0,52,83,76,19,40,45,134,130,36,159,117,8,17,69,153,43,85,103,74,68,22,70,65,149,170,146,156,126,78,178,61,96,138,121,171,140,72,54,16,122,50,125,160,124,5,66,131,41,119,104,60,94,147,113,26,9,109,110,158,31,163,59,10,67,84,37,49,142,21,136,93,123,91,77,89,12,167,152,73,137,141,29,86,157,145,151,13,87,55,27,165,116,97,176,28,100,53,80,33,132,106,135,99,180,48,38,154,177,64,139,120,51,58,
machine18:0,52,83,76,19,45,8,17,22,70,149,170,156,126,78,178,61,96,138,72,160,124,5,131,41,119,60,94,147,113,9,158,31,67,84,37,49,142,21,136,123,77,12,73,137,141,157,145,165,97,176,28,100,53,80,33,132,135,38,139,51,58,

1to 1:
1to 2:7,20,21,28,32,41,64,80,109,127,132,136,138,140,145,159,179,2,9,97,101,25,166,
1to 3:6,31,35,49,69,71,78,88,89,100,118,124,126,131,134,141,142,150,151,161,162,164,170,176,178,39,75,
1to 4:10,24,46,48,50,55,59,60,65,82,83,84,90,110,112,119,123,128,135,137,139,144,149,153,154,155,163,108,
1to 5:8,12,15,56,61,62,77,103,120,152,167,175,37,13,102,114,
1to 6:3,11,16,17,18,22,23,27,30,38,42,43,51,53,57,68,70,73,74,79,94,96,105,116,121,133,157,160,168,169,92,130,34,129,
1to 7:4,14,36,44,52,54,58,66,85,86,87,104,117,143,156,177,180,148,125,63,
2to 1:63,3,173,162,88,62,104,24,48,4,152,79,168,125,6,5,146,22,158,30,123,84,157,53,87,73,60,15,
2to 2:
2to 3:34,169,105,14,8,165,45,159,12,64,163,68,83,156,139,
2to 4:127,101,118,49,7,35,177,100,138,106,161,179,54,26,109,143,76,67,52,132,31,41,21,
2to 5:111,47,107,148,10,174,89,38,136,94,65,80,33,
2to 6:172,25,91,2,29,86,78,113,117,66,149,119,58,145,28,
2to 7:134,144,97,18,122,74,164,32,155,93,160,96,99,16,95,140,20,137,116,40,128,
3to 1:116,80,109,25,99,1,120,67,12,83,19,114,40,85,92,105,8,
3to 2:118,62,61,178,33,96,104,107,124,78,113,100,84,125,31,161,155,46,
3to 3:
3to 4:158,87,180,15,44,81,159,168,169,103,32,165,126,38,94,13,142,86,95,172,
3to 5:64,58,128,53,7,51,176,93,76,6,140,150,149,110,137,145,154,21,
3to 6:77,45,146,122,24,132,123,153,20,14,75,36,88,106,98,
3to 7:55,163,135,141,162,65,170,167,27,171,69,60,48,
4to 1:81,172,57,69,71,133,14,122,74,151,93,70,131,45,38,16,143,64,77,95,124,76,113,117,176,156,145,
4to 2:18,112,79,168,174,5,146,86,94,157,53,87,126,128,
4to 3:127,101,19,2,155,154,22,153,114,30,123,66,80,36,40,73,58,51,41,21,28,55,
4to 4:
4to 5:115,82,108,49,90,29,9,100,135,32,106,160,165,20,52,83,141,
4to 6:85,35,175,138,46,142,120,26,136,44,163,65,67,33,60,15,
4to 7:102,130,50,43,89,6,59,179,158,61,103,78,68,149,119,139,178,
5to 1:2,7,10,20,31,33,44,49,54,66,78,89,96,101,119,126,132,140,149,160,163,170,179,115,29,75,118,153,148,39,47,121,107,98,111,
5to 2:22,26,37,45,55,60,91,93,123,141,158,164,177,
5to 3:13,65,77,86,95,99,108,109,125,136,146,157,180,175,81,
5to 4:4,6,12,16,28,36,53,61,70,79,85,116,131,151,156,167,178,102,
5to 5:
5to 6:8,32,40,52,62,87,90,103,128,137,139,143,154,165,176,82,56,1,72,
5to 7:5,9,11,15,30,38,41,51,73,76,84,94,100,105,106,110,113,114,120,124,138,142,147,174,173,
6to 1:108,165,161,147,91,166,171,137,159,61,52,128,141,174,36,136,35,175,150,
6to 2:139,56,15,76,6,24,156,90,49,57,106,38,12,143,34,148,169,16,133,116,176,152,83,68,
6to 3:70,48,60,129,7,103,96,1,172,117,
6to 4:9,124,30,51,146,66,43,80,20,58,140,122,40,45,2,22,19,71,89,
6to 5:11,178,31,27,41,126,105,113,99,109,4,39,119,84,55,179,118,95,23,98,3,54,157,158,73,131,
6to 6:
6to 7:42,64,13,67,26,21,112,29,8,132,46,145,17,153,10,121,72,28,33,
7to 1:34,72,134,144,18,130,37,167,112,27,110,164,9,138,135,106,154,13,142,26,94,68,65,41,21,178,
7to 2:102,173,172,69,88,48,10,14,11,43,89,54,165,30,103,117,66,149,36,58,51,
7to 3:25,122,46,32,16,61,44,84,143,67,53,119,137,33,145,
7to 4:63,17,104,133,105,74,29,175,93,5,160,120,136,64,77,113,157,176,73,141,
7to 5:85,91,180,177,151,70,146,22,86,45,123,163,78,87,116,132,40,28,139,
7to 6:162,171,71,19,147,49,4,152,174,100,155,59,131,170,158,114,99,159,109,12,95,124,140,76,83,80,31,156,126,55,
7to 7:

cell1:4,7,3,6,5,2,
cell2:5,1,7,4,3,6,
cell3:6,5,2,1,7,4,
cell4:5,1,2,7,6,3,
cell5:2,7,4,6,3,1,
cell6:1,4,5,7,3,2,
cell7:1,2,4,6,5,3,
