machine1:0,101,42,86,77,85,97,132,128,41,96,57,108,80,50,62,58,26,20,3,115,1,8,47,109,17,2,92,48,6,13,119,122,67,136,99,29,78,28,123,37,102,4,113,54,24,44,110,65,98,45,84,51,100,27,36,56,104,88,93,39,49,68,12,127,140,7,46,121,94,60,43,10,34,124,18,72,32,114,91,139,
machine2:0,112,101,42,86,77,85,97,132,52,23,128,41,76,117,96,120,57,108,80,50,62,58,26,20,3,115,138,1,8,47,74,109,95,129,106,17,22,2,11,92,48,75,14,116,6,13,33,53,119,126,107,122,67,136,99,29,78,28,123,118,21,31,25,37,102,111,70,89,63,9,4,113,55,59,54,24,130,66,19,44,125,81,110,65,134,98,45,90,38,84,51,100,27,36,56,104,88,93,39,49,68,12,137,127,16,73,140,30,131,7,46,69,40,5,79,87,61,121,64,94,133,60,43,10,34,135,71,124,18,72,32,114,91,139,35,82,105,83,15,103,
machine3:0,112,101,42,86,132,128,76,120,57,108,80,62,58,20,3,115,138,47,74,109,95,129,17,48,6,126,67,28,118,31,37,89,9,55,24,130,19,125,110,134,38,51,36,88,93,39,49,12,16,73,140,30,7,46,40,79,87,121,133,10,135,71,124,72,32,
machine4:0,112,101,42,86,77,85,97,132,23,128,41,76,117,96,120,57,108,80,50,62,58,26,20,3,115,138,1,8,47,74,109,95,129,106,17,22,2,92,48,14,6,13,33,126,107,67,99,29,78,28,123,118,21,31,25,37,111,70,89,63,9,4,55,59,54,24,130,66,19,44,125,110,65,134,90,38,84,51,27,36,56,88,93,39,49,68,12,137,16,73,140,30,131,7,46,40,5,79,87,121,64,94,133,60,10,34,135,71,124,18,72,32,35,82,83,15,
machine5:0,112,101,42,86,77,85,97,132,52,23,128,41,76,96,120,57,108,80,50,62,58,26,20,3,138,1,8,47,109,95,129,106,17,22,2,11,48,75,14,116,6,33,53,126,107,122,67,99,29,28,123,21,25,37,102,111,70,89,9,4,55,59,54,24,130,19,44,125,81,110,65,134,98,45,90,38,84,51,100,27,36,56,104,88,93,39,49,68,12,137,127,16,73,140,30,131,7,46,69,40,79,87,61,121,64,94,133,60,43,34,71,18,72,91,35,105,83,15,103,
machine6:0,112,101,42,86,77,85,132,52,23,128,41,76,120,57,108,80,50,62,58,20,3,138,1,109,95,17,22,11,48,75,6,126,107,122,67,99,29,28,21,25,37,102,111,70,89,9,4,55,59,24,130,19,44,125,81,110,134,98,45,90,38,51,100,27,36,56,104,88,93,39,49,68,12,16,73,140,30,131,7,46,40,79,87,121,64,94,133,60,43,34,71,18,72,35,103,
machine7:0,112,101,42,86,77,85,52,41,76,120,57,108,80,20,1,109,95,17,11,6,107,67,99,29,21,25,102,111,9,55,59,24,44,125,110,134,45,38,51,100,36,56,104,93,39,49,68,12,16,73,140,7,40,79,87,64,94,60,43,34,71,18,
machine8:0,112,101,42,86,77,85,97,52,128,41,76,117,96,120,57,108,50,62,58,26,20,3,115,138,1,8,47,74,109,95,129,106,17,22,2,92,48,14,116,6,53,119,126,107,67,136,99,78,28,123,118,21,31,25,37,102,111,89,9,4,55,59,24,130,19,44,81,110,65,134,98,45,90,38,84,51,100,27,36,56,104,88,93,39,49,68,12,137,127,16,73,140,131,7,46,69,40,5,79,87,61,121,64,94,133,60,43,10,34,71,124,18,72,32,114,91,139,82,105,83,15,
machine9:0,112,101,42,86,77,85,97,52,128,76,117,96,120,57,50,62,58,20,3,115,138,47,74,109,95,53,119,107,67,136,99,78,28,123,118,21,31,25,37,102,111,89,9,4,55,24,19,44,81,110,65,98,45,38,84,51,100,36,56,104,88,39,49,68,12,127,16,73,140,131,7,46,69,40,5,79,87,61,60,43,10,34,71,72,32,114,139,105,83,15,
machine10:0,112,42,86,77,52,128,76,117,96,120,57,58,20,3,115,138,47,109,95,53,119,136,78,25,37,111,89,9,4,55,24,19,65,45,84,51,100,56,104,88,39,49,68,12,16,140,131,46,69,40,5,79,61,60,34,72,114,139,105,15,
machine11:0,112,101,42,86,77,85,97,132,52,23,128,41,76,117,96,57,62,58,26,20,3,8,47,74,109,95,129,106,17,2,11,75,6,78,25,37,89,4,55,54,19,44,81,110,38,36,56,88,39,49,68,12,30,7,46,40,5,79,121,94,43,34,135,72,139,35,82,103,
machine12:0,112,101,42,86,77,85,97,132,52,23,128,41,76,117,96,57,108,50,62,58,26,20,3,115,8,47,74,109,95,129,106,17,22,2,11,48,75,116,6,13,33,53,119,107,67,136,99,29,78,28,118,31,25,37,111,89,63,9,4,113,55,54,24,130,66,19,44,81,110,65,134,45,90,38,84,51,100,36,56,88,93,39,49,68,12,137,30,7,46,40,5,79,121,64,94,133,43,34,135,71,124,72,114,91,139,35,82,83,103,
machine13:0,112,101,77,85,52,128,76,120,58,115,47,74,95,2,11,92,48,75,13,33,107,67,29,123,21,31,111,70,89,63,9,4,113,59,54,130,66,19,44,125,81,65,134,38,84,51,27,93,140,131,7,69,40,79,87,64,60,43,34,71,124,72,
machine14:0,112,101,42,86,77,85,97,132,52,23,128,41,76,117,96,120,108,62,58,20,115,1,8,47,74,109,95,106,17,2,11,92,48,75,14,116,6,13,33,53,126,107,122,67,136,29,78,123,21,31,25,37,111,70,89,63,9,4,113,55,59,54,130,66,19,44,125,81,65,134,98,45,90,38,84,51,100,27,56,104,93,49,12,73,140,30,131,7,69,40,5,79,87,121,64,60,43,10,34,135,71,124,72,91,15,

1to 1:
1to 2:21,6,57,94,14,37,120,34,109,17,76,38,107,19,118,130,29,55,58,89,42,92,138,87,35,26,61,133,73,99,18,126,81,96,131,36,49,71,60,51,22,7,90,24,67,46,23,45,98,44,95,101,1,31,102,30,28,70,79,84,4,40,9,93,39,77,122,11,104,115,121,20,48,59,86,2,111,65,129,108,12,80,62,64,85,134,140,41,27,112,3,128,132,56,100,88,110,72,123,25,43,75,68,53,103,16,125,50,52,
1to 3:65,97,119,82,17,40,55,7,71,30,116,117,49,86,44,12,78,2,54,14,66,77,135,70,76,34,112,63,6,57,64,23,15,84,130,38,47,59,72,132,69,91,123,108,20,27,95,128,4,85,122,96,5,60,8,45,136,83,101,13,53,113,121,19,89,90,124,94,22,109,137,42,73,52,58,134,
2to 1:105,82,116,126,14,61,32,81,102,29,80,122,99,23,92,87,90,18,91,125,133,127,137,15,70,16,97,83,138,117,22,21,55,94,17,24,26,57,132,27,100,36,120,130,69,46,84,72,74,88,7,73,108,71,106,110,107,68,121,95,47,42,76,41,60,62,67,48,37,109,52,44,49,86,140,34,38,56,8,111,77,12,112,128,101,79,20,
2to 2:
2to 3:103,35,114,10,139,98,87,133,124,104,11,50,1,28,75,96,100,43,65,46,131,30,7,108,93,71,110,107,25,115,64,3,76,41,89,48,37,39,58,52,86,140,51,85,38,56,12,112,9,101,79,20,
3to 1:113,82,116,13,118,126,14,63,114,81,135,10,29,66,45,139,98,92,90,53,123,5,125,133,137,129,15,70,54,97,83,117,124,104,21,33,55,94,17,11,50,59,1,28,26,75,96,132,27,100,36,120,2,31,43,130,65,46,131,84,30,72,88,108,93,71,40,4,110,6,107,25,68,121,95,115,64,3,47,134,19,42,76,41,89,62,67,48,37,39,58,109,49,51,85,56,111,12,112,128,9,101,79,20,
3to 2:119,116,99,87,5,136,97,117,55,17,24,57,78,74,7,73,108,71,106,107,25,64,47,76,37,109,52,49,86,38,8,128,20,
3to 3:

cell1:2,3,
cell2:1,3,
cell3:1,2,
