machine1:0,101,42,86,77,97,85,132,28,128,78,1,62,109,50,115,80,57,58,37,8,47,26,41,96,20,13,17,92,67,36,48,29,2,122,6,24,119,136,3,123,99,102,113,54,65,84,4,45,98,108,100,110,51,27,44,56,104,88,68,93,39,49,12,46,140,121,124,94,127,43,7,34,18,32,60,114,91,72,139,10,
machine2:0,101,112,42,30,86,77,97,52,85,35,132,103,76,23,28,128,78,135,1,120,62,117,109,50,115,80,57,58,87,37,138,8,47,11,26,41,96,20,13,74,17,63,92,125,106,67,36,70,48,29,129,2,122,116,6,22,75,24,126,14,33,95,53,119,61,136,111,3,123,118,9,31,99,16,5,102,64,21,113,89,19,25,55,73,54,66,65,84,4,45,81,130,98,108,100,110,38,59,51,90,27,44,134,131,56,104,88,107,68,93,39,49,12,46,40,79,140,121,124,94,127,43,7,71,34,18,32,60,69,114,91,72,15,139,133,82,105,83,137,10,
machine3:0,101,112,42,30,86,132,76,28,128,135,120,62,109,115,80,57,58,87,37,138,47,20,74,17,125,67,36,48,129,6,24,126,95,3,118,9,31,16,89,19,55,73,130,108,110,38,51,134,88,93,39,49,12,46,40,79,140,121,124,7,71,32,72,133,10,
machine4:0,101,112,42,30,86,77,97,85,35,132,76,23,28,128,78,135,1,120,62,117,109,50,115,80,57,58,87,37,138,8,47,26,41,96,20,13,74,17,63,92,125,106,67,36,70,48,29,129,2,6,22,24,126,14,33,95,111,3,123,118,9,31,99,16,5,64,21,89,19,25,55,73,54,66,65,84,4,130,108,110,38,59,51,90,27,44,134,131,56,88,107,68,93,39,49,12,46,40,79,140,121,124,94,7,71,34,18,32,60,72,15,133,82,83,137,10,
machine5:0,101,112,42,30,86,77,97,52,85,35,132,103,76,23,28,128,1,120,62,109,50,80,57,58,87,37,138,8,47,11,26,41,96,20,17,125,106,67,36,70,48,29,129,2,122,116,6,22,75,24,126,14,33,95,53,61,111,3,123,9,99,16,102,64,21,89,19,25,55,73,54,65,84,4,45,81,130,98,108,100,110,38,59,51,90,27,44,134,131,56,104,88,107,68,93,39,49,12,46,40,79,140,121,94,127,43,7,71,34,18,60,69,91,72,15,133,105,83,137,
machine6:0,101,112,42,30,86,77,52,85,35,132,103,76,23,28,128,1,120,62,109,50,80,57,58,87,37,138,11,41,20,17,125,67,36,70,48,29,122,6,22,75,24,126,95,111,3,9,99,16,102,64,21,89,19,25,55,73,4,45,81,130,98,108,100,110,38,59,51,90,27,44,134,131,56,104,88,107,68,93,39,49,12,46,40,79,140,121,94,43,7,71,34,18,60,72,133,
machine7:0,101,112,42,86,77,52,85,76,1,120,109,80,57,87,11,41,20,17,125,67,36,29,6,24,95,111,9,99,16,102,64,21,25,55,73,45,108,100,110,38,59,51,44,134,56,104,107,68,93,39,49,12,40,79,140,94,43,7,71,34,18,60,
machine8:0,101,112,42,86,77,97,52,85,76,28,128,78,1,120,62,117,109,50,115,57,58,87,37,138,8,47,26,41,96,20,74,17,92,106,67,36,48,129,2,116,6,22,24,126,14,95,53,119,61,136,111,3,123,118,9,31,99,16,5,102,64,21,89,19,25,55,73,65,84,4,45,81,130,98,108,100,110,38,59,51,90,27,44,134,131,56,104,88,107,68,93,39,49,12,46,40,79,140,121,124,94,127,43,7,71,34,18,32,60,69,114,91,72,15,139,133,82,105,83,137,10,
machine9:0,101,112,42,86,77,97,52,85,76,28,128,78,120,62,117,109,50,115,57,58,87,37,138,47,96,20,74,67,36,24,95,53,119,61,136,111,3,123,118,9,31,99,16,5,102,21,89,19,25,55,73,65,84,4,45,81,98,100,110,38,51,44,131,56,104,88,107,68,39,49,12,46,40,79,140,127,43,7,71,34,32,60,69,114,72,15,139,105,83,10,
machine10:0,112,42,86,77,52,76,128,78,120,117,109,115,57,58,37,138,47,96,20,24,95,53,119,61,136,111,3,9,16,5,89,19,25,55,65,84,4,45,100,51,131,56,104,88,68,39,49,12,46,40,79,140,34,60,69,114,72,15,139,105,
machine11:0,101,112,42,30,86,77,97,52,85,35,132,103,76,23,128,78,135,62,117,109,57,58,37,8,47,11,26,41,96,20,74,17,106,36,129,2,6,75,95,3,5,89,19,25,55,54,4,81,110,38,44,56,88,68,39,49,12,46,40,79,121,94,43,7,34,72,139,82,
machine12:0,101,112,42,30,86,77,97,52,85,35,132,103,76,23,28,128,78,135,62,117,109,50,115,57,58,37,8,47,11,26,41,96,20,13,74,17,63,106,67,36,48,29,129,2,116,6,22,75,24,33,95,53,119,136,111,3,118,9,31,99,5,64,113,89,19,25,55,54,66,65,84,4,45,81,130,108,100,110,38,51,90,44,134,56,88,107,68,93,39,49,12,46,40,79,121,124,94,43,7,71,34,114,91,72,139,133,82,83,137,
machine13:0,101,112,77,52,85,76,128,120,115,58,87,47,11,13,74,63,92,125,67,70,48,29,2,75,33,95,111,123,9,31,64,21,113,89,19,54,66,65,84,4,81,130,38,59,51,27,44,134,131,107,93,40,79,140,124,43,7,71,34,60,69,72,
machine14:0,101,112,42,30,86,77,97,52,85,132,76,23,128,78,135,1,120,62,117,109,115,58,87,37,8,47,11,41,96,20,13,74,17,63,92,125,106,67,70,48,29,2,122,116,6,75,126,14,33,95,53,136,111,123,9,31,5,64,21,113,89,19,25,55,73,54,66,65,84,4,45,81,130,98,108,100,38,59,51,90,27,44,134,131,56,104,107,93,49,12,40,79,140,121,124,43,7,71,34,60,69,91,72,15,10,

1to 1:
1to 2:21,6,57,94,14,37,120,34,109,17,76,38,107,19,118,130,29,55,58,89,42,92,138,87,35,26,61,133,73,99,18,126,81,96,131,36,49,71,60,51,22,7,90,24,67,46,23,45,98,44,95,101,1,31,102,30,28,70,79,84,4,40,9,93,39,77,122,11,104,115,121,20,48,59,86,2,111,65,129,108,12,80,62,64,85,134,140,41,27,112,3,128,132,56,100,88,110,72,123,25,43,75,68,53,103,16,125,50,52,
1to 3:65,97,119,82,17,40,55,7,71,30,116,117,49,86,44,12,78,2,54,14,66,77,135,70,76,34,112,63,6,57,64,23,15,84,130,38,47,59,72,132,69,91,123,108,20,27,95,128,4,85,122,96,5,60,8,45,136,83,101,53,113,121,19,89,90,124,94,22,13,109,137,42,73,52,58,134,
2to 1:29,41,80,116,32,91,27,72,95,81,23,90,12,82,71,37,15,48,126,108,36,106,110,47,34,101,46,120,87,86,133,100,102,128,76,62,57,24,88,94,138,56,130,125,67,140,79,17,60,97,49,52,16,42,70,111,122,21,99,22,121,55,109,26,112,8,74,132,105,92,7,14,84,44,18,117,137,61,83,107,38,69,127,77,68,20,73,
2to 2:
2to 3:1,50,85,38,140,112,48,86,10,96,9,133,64,65,87,100,139,51,93,104,107,108,11,46,35,39,89,43,131,101,110,115,56,71,3,98,124,12,7,79,20,103,28,30,25,75,58,52,76,41,114,37,
3to 1:113,82,116,13,118,126,14,63,114,81,135,10,29,66,45,139,98,92,90,53,123,5,125,133,137,129,15,70,54,97,83,117,124,104,21,33,55,94,17,11,50,59,1,28,26,75,96,132,27,100,36,120,2,31,43,130,65,46,131,84,30,72,88,108,93,71,40,4,110,6,107,25,68,121,95,115,64,3,47,134,19,42,76,41,89,62,67,48,37,39,58,109,49,51,85,56,111,12,112,128,9,101,79,20,
3to 2:119,116,99,87,5,136,97,117,55,17,24,57,78,74,7,73,108,71,106,107,25,64,47,76,37,109,52,49,86,38,8,128,20,
3to 3:

cell1:2,3,
cell2:3,1,
cell3:1,2,
