machine1:0,46,108,91,106,80,98,86,3,5,88,27,61,89,31,26,35,55,21,84,4,54,56,72,60,50,67,90,24,70,105,23,22,68,37,102,25,32,78,52,28,107,87,100,16,99,74,63,66,11,62,101,96,36,64,97,
machine2:0,46,81,108,75,41,51,10,91,82,65,106,104,77,80,48,92,19,43,20,7,17,98,59,69,94,39,44,86,3,79,5,14,33,83,2,88,38,49,6,27,61,89,42,31,26,1,45,71,40,29,35,110,55,21,53,84,4,85,54,56,72,60,50,67,90,34,47,24,70,105,23,30,103,22,68,37,102,73,25,57,32,78,52,15,8,28,107,87,100,16,99,74,9,63,13,66,11,62,101,109,58,12,18,96,93,36,76,64,97,95,
machine3:0,46,81,108,75,41,51,10,104,77,48,92,7,17,79,5,33,83,2,49,27,61,89,42,26,71,40,29,35,110,21,53,84,85,54,67,24,30,37,73,15,8,87,99,74,11,101,36,
machine4:0,46,81,108,75,41,51,10,91,82,65,104,77,80,48,92,19,43,20,7,17,98,59,69,94,44,86,79,5,14,33,83,2,88,38,49,6,27,61,89,42,31,26,1,45,71,40,29,35,110,55,21,53,84,85,54,56,72,50,67,47,24,70,23,30,22,68,37,102,73,78,15,8,28,107,87,99,74,63,13,66,11,101,93,36,76,97,
machine5:0,46,81,108,41,51,10,91,82,65,80,19,7,17,98,59,69,94,39,44,3,79,5,14,33,83,2,88,38,49,6,27,61,89,42,26,1,45,71,40,29,35,110,55,21,53,84,4,85,54,56,72,60,50,67,90,34,47,24,70,23,30,103,22,68,37,102,73,25,57,32,78,15,8,28,107,87,100,16,99,74,9,63,13,66,11,62,101,109,58,12,18,96,93,36,76,64,97,95,
machine6:0,46,81,108,41,51,10,91,82,65,80,19,7,17,98,59,69,94,44,79,5,14,33,83,2,38,49,6,27,61,89,42,26,1,45,71,29,110,55,21,53,84,4,85,54,56,60,67,90,34,47,24,23,30,22,68,37,102,73,57,32,78,15,8,28,107,87,100,16,99,74,9,63,13,66,11,62,101,109,18,96,93,36,97,
machine7:0,46,81,41,51,82,65,80,19,7,17,69,44,5,83,2,6,89,42,26,45,29,110,21,84,4,85,54,56,24,68,37,73,57,78,8,107,87,100,99,74,63,13,66,62,36,
machine8:0,46,81,108,75,41,51,91,82,65,106,104,80,92,7,98,69,3,79,14,2,88,6,27,89,26,1,29,21,84,4,85,72,50,47,24,30,22,37,57,32,78,15,8,87,100,99,63,11,101,58,18,97,
machine9:0,46,81,108,75,41,51,91,82,65,106,104,77,80,48,92,19,43,20,7,98,59,69,39,44,86,3,79,5,14,33,83,2,88,38,6,27,61,89,31,26,1,45,29,35,110,55,21,53,84,4,85,54,56,72,50,67,90,47,24,70,105,30,103,22,68,37,25,57,32,78,52,15,8,87,100,16,99,74,63,11,62,101,58,12,18,96,93,76,97,95,
machine10:0,81,41,51,82,65,106,104,80,92,19,43,20,17,98,69,94,39,14,33,83,2,49,42,31,1,45,71,40,35,53,85,56,72,60,34,105,23,103,22,102,25,32,78,52,8,28,107,16,9,63,66,11,109,58,12,18,96,93,64,97,95,
machine11:0,46,81,108,41,51,10,91,82,65,106,104,77,80,48,92,19,43,20,7,17,98,59,69,94,39,44,86,79,5,14,33,83,2,88,38,49,27,61,89,42,31,26,1,45,71,40,29,35,55,21,53,4,85,56,72,60,50,67,34,24,70,105,23,103,22,68,37,102,25,57,32,78,52,15,8,28,107,87,16,99,9,63,66,11,101,109,58,12,18,96,93,76,64,97,95,

1to 1:
1to 2:108,51,5,99,2,41,40,104,107,43,102,92,23,69,20,46,91,84,77,63,97,
1to 3:64,65,56,53,28,55,15,76,18,67,78,6,4,61,45,58,11,10,57,110,70,85,13,42,47,90,21,68,73,100,
1to 4:81,106,86,75,30,26,12,44,33,87,31,62,103,16,80,22,
1to 5:48,98,1,93,89,59,38,83,72,96,25,82,19,105,60,66,95,32,71,17,8,24,
2to 1:6,29,33,35,49,67,72,74,83,85,87,68,27,44,50,48,31,75,94,17,38,66,13,36,
2to 2:
2to 3:5,8,24,26,54,79,80,81,93,99,2,102,23,30,
2to 4:1,46,53,59,61,78,82,110,91,97,11,104,43,101,92,14,20,
2to 5:7,15,22,42,51,56,65,77,88,107,108,28,70,55,40,37,
3to 1:109,40,9,30,3,25,39,71,59,54,88,1,108,46,19,26,91,82,41,51,
3to 2:73,76,36,37,42,110,38,83,94,17,89,33,53,21,61,44,29,14,65,
3to 3:
3to 4:58,70,32,50,6,47,72,45,84,74,15,35,98,63,7,
3to 5:12,34,23,101,16,2,103,10,49,79,4,69,80,5,67,27,81,
4to 1:24,78,101,57,95,2,18,84,89,93,8,69,79,90,98,76,99,105,100,14,55,63,
4to 2:22,45,56,70,50,74,19,35,72,67,7,47,86,54,88,68,
4to 3:27,41,83,29,37,1,96,59,38,62,16,39,3,12,
4to 4:
4to 5:21,33,97,91,20,87,85,106,92,11,52,
5to 1:58,64,34,52,37,28,103,104,102,43,86,56,45,53,21,15,11,61,80,81,7,
5to 2:31,101,10,71,49,93,85,26,8,98,27,24,78,82,
5to 3:109,95,60,9,32,50,66,107,94,88,97,89,46,35,87,22,44,63,14,
5to 4:76,48,57,68,25,39,77,18,96,55,79,108,4,69,19,5,29,99,65,41,51,
5to 5:

cell1:4,5,2,3,
cell2:3,5,1,4,
cell3:5,1,4,2,
cell4:1,2,3,5,
cell5:3,1,4,2,
