machine1:0,108,4,21,84,91,26,89,80,61,46,36,106,63,74,101,32,27,35,50,24,98,72,87,97,99,67,5,22,11,23,28,56,102,31,70,60,105,55,25,37,62,16,86,107,96,100,64,52,54,90,68,78,66,88,3,
machine2:0,6,108,10,4,81,21,15,71,82,41,58,51,53,29,65,84,110,91,49,26,89,80,61,14,46,104,69,36,75,7,106,63,74,101,30,79,47,18,32,27,8,35,50,17,42,77,24,98,72,87,97,2,99,12,67,5,22,11,33,23,28,56,102,31,70,60,105,55,48,25,103,37,20,62,16,109,92,19,85,44,86,9,83,107,57,1,96,100,64,13,52,43,54,90,94,38,45,68,78,66,34,88,40,76,93,59,3,39,95,73,
machine3:0,108,10,81,21,15,71,41,51,53,29,84,110,49,26,89,61,46,104,36,75,7,74,101,30,79,27,8,35,17,42,77,24,87,2,99,67,5,11,33,48,37,92,85,83,54,40,73,
machine4:0,6,108,10,81,21,15,71,82,41,51,53,29,65,84,110,91,49,26,89,80,61,14,46,104,69,36,75,7,63,74,101,30,79,47,27,8,35,50,17,42,77,24,98,72,87,97,2,99,67,5,22,11,33,23,28,56,102,31,70,55,48,37,20,92,19,85,44,86,83,107,1,13,43,54,94,38,45,68,78,66,88,40,76,93,59,73,
machine5:0,6,108,10,4,81,21,15,71,82,41,58,51,53,29,65,84,110,91,49,26,89,80,61,14,46,69,36,7,63,74,101,30,79,47,18,32,27,8,35,50,17,42,24,98,72,87,97,2,99,12,67,5,22,11,33,23,28,56,102,70,60,55,25,103,37,62,16,109,19,85,44,9,83,107,57,1,96,100,64,13,54,90,94,38,45,68,78,66,34,88,40,76,93,59,3,39,95,73,
machine6:0,6,108,10,4,81,21,15,71,82,41,51,53,29,65,84,110,91,49,26,89,80,61,14,46,69,36,7,63,74,101,30,79,47,18,32,27,8,17,42,24,98,87,97,2,99,67,5,22,11,33,23,28,56,102,60,55,37,62,16,109,19,85,44,9,83,107,57,1,96,100,13,54,90,94,38,45,68,78,66,34,93,59,73,
machine7:0,6,4,81,21,82,41,51,29,65,84,110,26,89,80,46,69,36,7,63,74,8,17,42,24,87,2,99,5,56,37,62,19,85,44,83,107,57,100,13,54,45,68,78,66,73,
machine8:0,6,108,4,81,21,15,82,41,58,51,29,65,84,91,26,89,80,14,46,104,69,75,7,106,63,101,30,79,47,18,32,27,8,50,24,98,72,87,97,2,99,22,11,37,92,85,57,1,100,78,88,3,
machine9:0,6,108,4,81,21,15,82,41,58,51,53,29,65,84,110,91,26,89,80,61,14,46,104,69,75,7,106,63,74,101,30,79,47,18,32,27,8,35,50,77,24,98,72,87,97,2,99,12,67,5,22,11,33,56,31,70,105,55,48,25,103,37,20,62,16,92,19,85,44,86,83,57,1,96,100,52,43,54,90,38,45,68,78,88,76,93,59,3,39,95,
machine10:0,81,71,82,41,58,51,53,65,49,80,14,104,69,106,63,18,32,8,35,17,42,98,72,97,2,12,22,11,33,23,28,56,102,31,60,105,25,103,20,16,109,92,19,85,9,83,107,1,96,64,52,43,94,45,78,66,34,40,93,39,95,
machine11:0,108,10,4,81,21,15,71,82,41,58,51,53,29,65,91,49,26,89,80,61,14,46,104,69,7,106,63,101,79,18,32,27,8,35,50,17,42,77,24,98,72,87,97,2,99,12,67,5,22,11,33,23,28,56,102,31,70,60,105,55,48,25,103,37,20,16,109,92,19,85,44,86,9,83,107,57,1,96,64,52,43,94,38,45,68,78,66,34,88,40,76,93,59,39,95,

1to 1:
1to 2:97,63,77,84,91,46,20,69,23,92,102,43,107,104,40,41,2,99,5,51,108,
1to 3:73,100,68,21,47,90,13,42,85,70,57,110,10,11,45,58,61,4,6,67,78,18,76,15,55,28,53,56,65,64,
1to 4:22,80,16,31,62,103,87,33,44,12,26,30,75,86,81,106,
1to 5:24,8,17,71,32,66,95,60,19,105,82,25,96,72,38,83,59,89,93,1,48,98,
2to 1:36,44,17,27,38,66,94,13,49,50,75,85,87,29,48,72,74,31,68,35,83,33,67,6,
2to 2:
2to 3:80,30,93,102,2,8,54,24,23,79,99,26,81,5,
2to 4:14,20,11,92,91,43,97,104,46,82,78,101,53,59,110,1,61,
2to 5:37,55,40,108,65,70,107,22,42,28,51,88,15,56,7,77,
3to 1:109,19,1,88,54,59,3,41,82,40,9,71,108,46,26,30,51,25,91,39,
3to 2:37,33,89,61,53,73,83,42,21,17,14,36,38,76,65,29,44,94,110,
3to 3:
3to 4:72,70,35,6,32,50,58,63,84,15,7,74,98,45,47,
3to 5:101,2,23,12,10,67,79,69,80,5,16,34,27,4,81,49,103,
4to 1:24,78,101,57,95,2,18,84,89,93,8,69,79,90,98,76,99,105,100,14,55,63,
4to 2:22,45,56,70,50,74,19,35,72,67,7,47,86,54,88,68,
4to 3:27,41,83,29,37,1,96,59,38,62,16,39,3,12,
4to 4:
4to 5:21,33,97,91,20,87,85,106,92,11,52,
5to 1:7,80,53,56,15,103,104,61,28,102,45,64,37,52,21,11,58,86,43,81,34,
5to 2:26,93,78,98,8,31,10,82,24,71,27,49,85,101,
5to 3:22,46,89,50,107,60,88,32,66,109,95,14,63,44,87,35,9,97,94,
5to 4:5,51,108,79,76,18,57,39,48,68,19,55,99,65,29,4,41,69,25,77,96,
5to 5:

cell1:3,2,5,4,
cell2:4,1,5,3,
cell3:1,5,4,2,
cell4:1,2,3,5,
cell5:1,2,4,3,
