6 10 3 3 3

1 1 2 2 3 3 

0 15 18 
27 0 18 
9 9 0 

0 1 1 
1 0 1 
1 1 0 

9 6 8 8 9 8 
7 8 7 9 7 7 
6 9 6 7 5 9 

5    2    367    0.8
54 0 0 0 0 0 
0 38 0 0 0 0 
0 0 0 0 3 0 
0 0 0 0 0 6 
0 0 0 55 0 0 
5    1    510    0.6
0 0 0 0 0 56 
0 0 90 0 0 0 
0 0 0 21 0 0 
76 0 0 0 0 0 
0 35 0 0 0 0 
5    2    680    0.8
38 0 0 0 0 0 
0 78 0 0 0 0 
0 0 93 0 0 0 
0 0 0 21 0 0 
0 0 0 0 0 89 
5    2    537    0.2
0 0 0 0 34 0 
0 0 0 0 0 77 
0 56 0 0 0 0 
0 0 37 0 0 0 
0 0 0 46 0 0 
5    1    559    0.3
0 0 0 85 0 0 
1 0 0 0 0 0 
0 52 0 0 0 0 
0 0 0 0 87 0 
0 0 0 0 0 84 
5    0    339    0.3
0 0 0 15 0 0 
66 0 0 0 0 0 
0 29 0 0 0 0 
0 0 0 0 60 0 
0 0 0 0 0 17 
5    1    623    0.1
0 0 0 0 0 88 
0 0 93 0 0 0 
0 0 0 32 0 0 
2 0 0 0 0 0 
0 98 0 0 0 0 
5    0    524    0.9
0 0 0 0 0 9 
86 0 0 0 0 0 
0 70 0 0 0 0 
0 0 80 0 0 0 
0 0 0 96 0 0 
5    0    437    0.1
0 0 0 0 27 0 
0 0 0 0 0 75 
0 0 0 21 0 0 
54 0 0 0 0 0 
0 26 0 0 0 0 
5    1    624    0.9
0 0 0 0 51 0 
0 0 0 0 0 75 
0 33 0 0 0 0 
0 0 95 0 0 0 
0 0 0 76 0 0 
