machine1:0,49,77,43,7,12,34,60,79,27,66,5,16,42,50,52,55,51,32,37,65,61,36,39,45,69,75,18,24,31,38,63,76,33,29,57,71,59,2,67,8,72,13,30,41,6,68,48,
machine2:0,4,49,15,19,77,20,23,56,26,17,43,80,7,12,34,60,11,40,79,27,46,9,66,5,16,42,50,52,55,51,21,32,37,65,70,61,36,22,39,45,69,75,18,54,64,44,24,31,38,63,73,76,33,62,10,47,29,57,71,78,59,2,67,8,35,25,28,58,14,72,13,30,41,1,3,53,6,68,74,48,
machine3:0,49,15,19,77,20,23,26,7,11,40,79,27,46,9,66,5,16,55,51,37,65,61,36,22,39,69,75,18,44,24,31,76,62,10,57,71,78,59,35,25,28,58,14,72,13,1,3,6,
machine4:0,4,49,15,19,77,20,23,56,26,17,80,7,60,11,40,79,27,46,9,66,5,16,50,52,55,51,21,32,37,65,70,61,36,22,39,45,69,75,18,54,64,44,24,31,38,63,73,76,62,10,47,29,57,71,78,59,2,67,8,35,25,28,58,14,72,13,30,1,3,6,74,48,
machine5:0,4,15,19,20,23,56,80,60,46,9,32,37,39,45,69,54,64,44,63,73,62,29,78,2,58,14,13,30,41,53,68,74,
machine6:0,4,49,15,19,77,20,23,56,26,17,43,80,7,12,34,60,11,40,79,27,46,9,66,5,42,50,52,55,51,21,32,37,65,70,36,22,39,45,69,75,18,54,64,44,24,31,38,63,73,76,33,62,47,29,57,71,78,59,2,8,25,28,58,14,72,13,30,41,1,3,53,6,68,74,48,
machine7:0,4,23,56,17,43,80,7,12,34,27,46,9,66,5,42,52,55,51,21,32,65,70,61,36,22,64,24,31,38,63,73,33,62,10,47,29,71,59,2,67,35,14,30,41,3,53,74,48,
machine8:0,4,15,77,23,56,26,17,43,80,7,12,34,11,40,27,46,9,66,5,16,42,50,52,55,51,21,32,65,70,61,36,22,39,54,64,24,31,38,63,73,33,62,10,47,29,71,59,2,67,8,35,25,28,58,14,72,13,30,41,1,3,53,68,74,48,

1to 1:
1to 2:47,6,10,48,53,19,68,57,33,27,35,44,72,28,42,54,79,16,67,18,38,63,31,25,41,39,74,11,58,75,71,3,17,1,60,26,73,4,40,55,61,2,22,32,9,8,20,24,49,50,46,51,62,64,13,15,56,23,14,77,7,36,
2to 1:48,19,76,37,57,33,35,43,72,28,42,54,34,38,78,45,63,31,41,39,74,11,30,58,75,71,3,17,1,60,26,70,40,55,66,12,59,9,21,8,24,65,69,50,5,51,52,64,15,23,14,77,29,7,36,80,
2to 2:

cell1:2,
cell2:1,
