6 5 3 3 1000

1 1 2 2 3 3 

0 11 30 
51 0 41 
6 22 0 

0 1 1 
1 0 1 
1 1 0 

9 6 8 8 9 8 
7 8 7 9 7 7 
6 9 6 7 5 9 

9    2    0    0.8    1387
0 1 24 0 0 10 
0 21 0 0 0 28 
0 23 27 0 0 0 
0 20 15 0 0 0 
0 0 4 0 0 0 
9 0 0 17 0 29 
18 0 13 0 0 0 
28 0 15 0 0 24 
0 0 0 27 0 0 
13    1    33    0.1    1960
0 11 0 24 0 0 
0 0 0 6 0 0 
0 0 24 0 0 0 
22 0 15 0 0 0 
0 26 0 0 0 17 
0 17 0 0 0 0 
11 0 0 26 14 0 
8 0 18 0 30 0 
0 22 9 0 0 8 
0 0 7 0 0 0 
0 19 0 21 0 0 
0 29 13 0 0 0 
0 0 0 19 0 0 
8    0    15    0.8    1114
0 0 0 8 19 0 
6 0 0 22 0 0 
0 9 0 0 0 0 
0 0 0 0 1 0 
0 19 0 0 0 17 
22 0 0 29 0 8 
30 0 0 9 0 22 
0 27 0 0 22 0 
9    0    16    0.7    1297
0 0 0 21 0 0 
0 24 0 10 0 0 
0 0 0 12 0 0 
0 12 0 0 0 5 
0 20 0 0 0 12 
0 0 28 0 12 0 
4 0 0 7 0 24 
0 12 0 0 24 0 
8 0 0 20 30 0 
7    0    34    0.2    1307
0 0 30 0 0 15 
0 18 0 0 0 0 
0 0 0 30 0 0 
0 23 0 29 0 6 
0 26 0 0 23 0 
25 0 27 0 9 0 
0 0 0 0 0 24 
