machine1:0,56,52,25,75,49,5,107,60,70,105,35,6,37,118,151,101,1,142,45,97,76,102,32,14,159,135,93,50,33,82,113,89,110,80,96,2,88,149,144,61,87,91,22,42,148,15,34,134,67,39,40,104,73,78,71,57,130,155,132,59,147,65,143,131,3,153,152,116,18,95,139,145,136,8,9,112,146,117,123,46,28,141,150,81,154,119,126,92,83,156,51,68,64,48,108,115,77,84,16,137,11,69,127,94,120,62,103,121,124,133,86,41,4,85,17,66,13,10,140,12,99,7,74,58,29,129,43,21,44,160,111,27,23,79,109,31,90,98,106,36,157,125,54,38,24,122,138,19,100,53,128,114,20,26,63,158,47,55,72,30,
machine2:0,56,49,5,60,70,35,37,118,151,142,45,97,76,102,32,14,159,135,93,50,33,82,113,80,96,88,149,144,61,87,91,22,42,15,34,134,67,39,40,104,73,78,71,57,130,155,132,59,65,143,131,3,153,152,116,18,95,139,145,136,8,112,146,117,46,28,141,150,81,154,119,126,92,83,156,51,68,48,108,115,84,16,137,11,127,120,103,121,124,133,41,4,85,17,13,140,12,7,74,58,29,21,160,27,23,79,109,31,90,98,106,36,157,54,38,122,138,19,100,53,128,114,20,26,158,47,55,30,
machine3:0,56,49,60,70,35,37,118,142,45,76,102,32,14,159,135,113,80,88,149,144,61,91,22,42,15,34,134,67,40,104,78,71,57,130,155,132,59,65,143,3,153,152,18,95,145,46,28,141,150,81,154,119,92,156,68,108,11,127,120,121,124,133,85,140,7,74,58,160,27,23,109,31,90,36,157,54,38,122,138,19,100,20,26,158,47,
machine4:0,56,75,5,107,60,70,105,6,37,118,101,97,76,32,14,159,33,89,110,2,144,91,148,34,134,104,130,132,147,65,143,3,153,116,18,95,145,136,46,141,150,119,83,51,64,48,108,16,137,11,69,103,124,41,4,85,17,66,13,7,43,44,27,23,79,98,106,36,54,122,138,100,26,158,55,30,
machine5:0,56,75,5,107,60,70,105,6,37,118,151,101,142,45,97,76,32,14,159,135,33,89,110,80,96,2,88,144,87,91,22,42,148,15,34,134,67,39,104,73,71,57,130,155,132,147,65,143,131,3,153,152,116,18,95,139,145,136,117,123,46,141,150,119,83,51,64,48,108,16,137,11,69,127,94,120,103,124,86,41,4,85,17,66,13,140,12,99,7,74,58,43,44,160,111,27,23,79,31,98,106,36,54,122,138,19,100,128,20,26,63,158,47,55,30,
machine6:0,56,25,75,49,107,60,70,105,35,6,37,118,151,1,45,97,76,32,14,159,135,93,50,33,82,113,89,80,88,149,144,61,91,22,42,15,34,134,67,39,104,73,78,71,57,130,155,132,59,147,143,131,3,153,152,116,18,95,139,145,8,9,112,117,123,46,28,141,150,154,119,126,83,51,48,108,115,77,84,16,137,11,127,94,62,103,124,133,41,85,17,66,13,10,140,12,99,7,74,58,29,129,43,21,160,111,27,23,109,31,90,98,106,36,157,125,54,24,138,19,100,53,128,26,63,158,47,55,72,30,
machine7:0,56,75,49,107,60,70,35,37,118,1,45,76,32,14,135,93,50,33,82,113,89,88,149,144,91,22,42,34,104,73,71,57,130,155,132,59,147,143,131,3,152,18,95,139,145,8,9,117,123,46,28,141,154,119,126,51,48,115,77,84,16,11,94,124,41,85,17,66,13,140,12,7,74,43,21,111,27,23,109,31,90,106,36,157,125,54,24,138,19,100,26,63,158,55,72,30,
machine8:0,56,75,49,60,70,35,37,118,1,45,32,135,93,50,33,82,113,149,144,22,42,34,104,73,71,57,130,155,132,147,143,131,3,95,145,9,117,46,141,154,115,16,11,124,41,85,17,13,140,12,43,27,23,31,90,106,138,19,100,63,158,55,72,30,
machine9:0,56,52,75,49,5,107,60,70,105,35,6,37,118,151,1,97,76,102,32,14,159,135,93,50,33,113,89,80,96,2,88,144,61,87,91,22,42,34,134,67,40,104,73,78,71,57,130,155,132,59,147,143,3,153,152,116,18,95,145,8,9,112,117,123,46,28,141,150,81,154,119,126,156,51,68,64,48,108,115,77,84,16,137,11,69,127,94,62,103,121,133,41,85,17,66,13,10,12,99,7,74,58,129,21,44,160,111,27,23,79,109,31,90,106,36,125,54,38,122,138,19,100,53,20,26,63,158,55,72,30,
machine10:0,56,75,49,5,107,60,70,105,35,6,37,118,151,1,76,102,32,14,159,135,93,33,80,96,144,61,87,91,22,42,34,134,67,104,73,71,57,130,155,132,59,147,143,3,153,152,116,18,95,145,8,117,46,28,150,81,119,126,68,64,48,115,77,84,16,137,11,69,127,62,103,121,133,41,66,13,99,7,74,58,129,44,111,27,23,79,106,36,125,54,38,122,19,100,53,26,63,158,55,72,
machine11:0,56,75,49,107,60,70,35,6,37,151,76,14,159,135,22,104,73,130,155,147,3,153,152,116,95,8,117,46,28,150,81,119,126,68,64,48,77,84,16,137,11,127,103,121,41,13,99,74,58,129,44,111,27,23,79,106,36,125,38,100,63,158,55,72,
machine12:0,56,52,25,49,35,37,118,151,14,93,33,113,80,144,91,22,42,15,34,134,104,73,71,57,130,132,147,3,153,152,116,18,95,8,9,112,117,46,81,119,92,156,51,48,108,115,77,84,11,127,103,124,133,86,4,85,17,13,12,74,58,21,44,111,27,36,125,24,19,128,114,26,63,158,30,
machine13:0,56,52,25,75,49,5,107,70,35,37,118,151,1,142,45,102,32,14,159,93,50,33,113,80,96,2,149,144,61,87,91,22,42,15,34,134,40,104,73,71,57,130,155,132,59,147,65,3,153,152,116,18,95,145,8,9,112,146,117,46,141,81,119,92,83,156,51,48,108,115,77,84,11,127,62,103,121,124,133,86,41,4,85,17,13,10,12,74,58,29,21,44,111,27,23,79,109,98,106,36,125,54,38,24,122,19,100,128,114,26,63,158,72,30,
machine14:0,52,25,75,49,5,107,60,70,105,35,6,37,118,151,101,1,142,45,97,76,32,14,159,135,93,50,33,82,113,89,110,96,2,88,149,144,61,91,22,42,148,34,134,67,39,40,104,78,71,57,130,155,132,59,147,65,143,131,3,153,152,116,18,95,139,145,136,8,112,146,117,123,46,28,141,150,81,119,126,92,83,51,68,48,115,77,84,16,137,11,69,127,94,120,62,103,121,124,133,86,41,4,85,17,13,10,140,12,7,74,58,29,43,21,44,160,27,23,79,109,31,90,106,36,157,125,54,38,24,138,19,100,53,128,114,26,63,158,55,72,30,
machine15:0,52,25,5,107,60,70,105,35,6,37,118,151,101,1,142,45,97,76,32,14,159,93,50,82,110,96,88,149,144,61,22,42,148,34,134,67,40,104,78,57,130,132,59,147,65,143,131,3,153,152,116,18,95,139,145,136,8,112,146,117,123,28,141,150,81,119,126,51,68,48,115,77,84,16,137,11,69,127,94,121,124,133,86,41,85,17,13,10,140,12,7,74,58,43,44,160,23,79,109,31,106,36,125,54,38,138,19,100,114,63,158,55,30,
machine16:0,5,107,60,70,105,35,6,118,101,142,45,97,76,32,14,159,93,50,110,149,144,22,42,34,134,67,78,57,132,59,147,65,143,153,152,116,139,8,112,117,123,28,119,68,115,84,127,94,85,17,12,7,74,23,79,109,106,125,54,63,

1to 1:
1to 2:152,39,155,110,16,13,54,127,57,23,20,100,3,30,42,138,139,124,41,101,70,147,46,80,64,88,
1to 3:108,123,48,93,90,62,91,61,22,10,67,82,137,150,104,97,55,11,47,43,45,66,29,58,12,135,
1to 4:158,109,105,59,18,68,102,2,129,77,119,49,32,40,118,71,122,125,
1to 5:17,4,112,81,24,106,52,15,37,51,44,85,95,151,83,134,130,21,63,1,96,113,50,153,26,36,56,128,141,115,132,
1to 6:117,136,33,116,76,72,148,142,160,143,84,78,133,53,144,121,65,89,74,140,159,35,60,6,14,
2to 1:17,26,27,43,55,60,69,71,79,83,95,96,98,105,108,111,119,120,131,151,143,140,
2to 2:
2to 3:14,15,19,42,46,63,73,80,94,99,107,116,130,132,134,153,159,139,74,
2to 4:5,6,12,22,23,31,36,56,66,67,70,76,85,104,123,135,152,155,160,
2to 5:13,34,54,57,103,117,145,87,
2to 6:7,41,45,75,86,91,100,124,141,147,150,158,128,18,101,97,
3to 1:13,16,28,32,37,41,49,56,74,106,116,118,127,130,133,138,144,149,15,154,6,9,129,25,
3to 2:12,17,36,45,47,51,75,76,85,97,135,137,7,140,103,111,66,71,
3to 3:
3to 4:8,30,33,42,54,58,62,73,78,91,100,113,115,117,126,134,145,153,80,99,21,89,48,
3to 5:3,11,14,19,22,23,27,35,72,84,98,108,152,159,125,
3to 6:1,24,26,31,34,39,50,57,59,61,67,70,88,93,94,107,112,151,90,131,157,
4to 1:3,8,11,22,30,31,44,50,57,67,73,76,81,84,85,94,99,104,112,115,117,121,123,137,150,153,78,89,20,64,
4to 2:14,33,55,58,95,106,107,116,130,132,141,143,159,108,87,122,
4to 3:6,7,13,23,28,34,41,51,53,60,77,88,103,105,133,144,151,152,154,158,160,1,9,
4to 4:
4to 5:5,12,18,59,71,75,79,93,100,111,127,147,155,2,119,80,109,48,156,
4to 6:10,17,19,27,32,36,37,38,46,49,54,62,63,69,118,125,126,16,135,40,145,21,138,
5to 1:102,147,93,45,125,142,42,34,29,5,14,156,87,122,77,35,10,103,158,92,61,72,58,38,
5to 2:79,91,65,73,144,104,48,86,98,18,134,63,128,2,56,11,
5to 3:127,75,145,70,112,25,33,118,111,32,21,113,124,30,50,49,
5to 4:151,26,74,46,133,41,9,37,52,132,51,107,27,1,141,19,
5to 5:
5to 6:96,109,149,114,106,155,153,4,85,81,95,22,3,83,119,8,44,146,71,
6to 1:59,36,2,46,23,75,82,91,48,51,110,113,107,52,70,134,157,39,24,54,114,19,139,12,146,132,152,86,7,68,63,126,88,145,
6to 2:89,105,26,37,117,44,27,34,123,4,5,160,31,120,32,131,43,118,136,142,69,148,
6to 3:17,109,84,83,115,119,8,143,149,155,16,100,18,141,95,138,128,147,
6to 4:159,106,57,96,97,127,72,13,35,28,137,103,60,150,3,53,130,94,11,90,61,79,55,
6to 5:74,40,92,121,38,25,58,30,33,144,158,42,10,29,116,124,65,77,62,104,
6to 6:

cell1:6,4,2,5,3,
cell2:4,3,1,5,6,
cell3:5,6,1,2,4,
cell4:1,3,5,6,2,
cell5:1,2,3,4,6,
cell6:1,5,3,4,2,
