machine1:0,11,21,25,6,28,26,24,29,18,22,4,12,9,15,1,7,23,14,13,2,20,17,5,8,19,30,3,10,27,16,
machine2:0,21,6,26,24,22,15,1,14,13,2,16,
machine3:0,11,21,6,28,26,24,29,22,4,9,15,1,7,23,14,13,2,5,10,16,
machine4:0,11,21,25,6,28,26,24,29,22,4,9,15,1,7,23,14,13,2,20,5,30,10,16,
machine5:0,11,21,6,28,26,24,29,22,9,15,1,7,23,14,13,2,5,16,
machine6:0,21,25,6,28,26,24,18,22,4,12,9,15,1,7,23,14,13,2,20,5,8,19,30,3,10,27,16,
machine7:0,6,18,12,9,15,23,14,27,
machine8:0,25,6,28,26,24,18,22,4,12,9,15,1,23,14,2,20,10,27,16,
machine9:0,25,6,28,26,24,18,22,4,12,9,15,1,23,14,2,20,3,10,27,16,
machine10:0,25,6,26,24,18,22,12,9,15,1,23,14,2,20,27,16,
machine11:0,11,25,6,28,26,24,29,18,22,4,12,9,15,1,7,23,14,13,2,20,17,5,8,19,30,10,27,16,
machine12:0,29,9,1,2,5,16,
machine13:0,11,25,6,28,26,29,9,1,13,2,20,5,27,16,
machine14:0,11,25,6,28,26,29,18,22,12,9,1,14,13,2,20,5,19,30,27,16,
machine15:0,6,28,29,9,1,13,2,20,5,27,16,
machine16:0,25,6,28,26,24,29,18,22,4,12,9,15,1,7,23,14,2,17,5,8,19,3,10,27,16,
machine17:0,1,23,8,
machine18:0,25,6,28,26,24,29,18,4,12,9,15,1,23,2,17,8,
machine19:0,25,6,28,26,24,29,18,4,12,9,15,1,7,23,2,17,5,8,3,10,16,
machine20:0,25,6,28,4,12,9,15,1,23,8,

1to 1:
1to 2:30,19,20,10,16,
1to 3:17,13,18,8,23,12,27,24,5,1,
1to 4:22,15,9,
2to 1:5,6,8,23,25,28,21,
2to 2:
2to 3:14,15,16,26,20,7,
2to 4:1,2,4,10,27,3,19,
3to 1:29,7,14,30,19,11,
3to 2:1,12,22,13,9,27,4,2,25,
3to 3:
3to 4:28,23,26,5,16,18,24,6,
4to 1:3,17,26,12,4,2,
4to 2:7,18,8,14,24,15,28,6,
4to 3:29,22,10,25,9,
4to 4:

cell1:2,3,4,
cell2:1,4,3,
cell3:4,2,1,
cell4:1,2,3,
