machine1:0,59,88,79,69,54,19,20,35,13,73,50,14,38,89,9,46,76,42,92,33,97,70,21,29,94,7,85,36,80,45,56,68,90,71,27,16,8,2,72,40,5,32,74,84,98,47,12,60,30,23,83,63,95,87,18,26,66,15,1,81,93,4,24,6,100,17,34,67,86,55,25,
machine2:0,61,65,59,41,88,79,3,69,31,57,77,51,54,39,19,75,20,35,13,73,62,50,37,14,99,38,91,89,9,46,76,22,82,42,92,33,28,97,64,70,21,29,49,94,7,85,36,80,43,45,56,10,68,90,71,27,16,8,2,72,40,5,32,74,84,98,47,12,60,30,78,52,23,83,63,95,87,44,18,11,26,96,66,58,15,1,48,81,93,4,24,6,53,100,17,34,67,86,55,25,
machine3:0,41,88,79,69,35,62,37,14,89,9,46,82,42,92,33,70,21,29,94,36,80,43,45,10,68,2,72,40,5,74,84,98,47,78,52,23,83,63,18,11,26,66,58,15,1,48,81,24,100,67,86,
machine4:0,61,41,88,79,3,69,31,77,51,19,75,20,35,13,62,37,14,99,91,89,9,46,76,22,82,42,92,33,28,97,70,21,29,94,7,36,80,43,45,10,68,71,27,16,8,2,72,40,5,74,84,98,47,12,78,52,23,83,63,95,18,11,26,96,66,58,15,1,48,81,4,24,6,53,100,67,86,55,25,
machine5:0,41,3,69,57,77,51,19,75,20,35,13,62,99,38,91,89,9,76,22,82,92,33,28,97,64,70,21,49,85,36,80,45,56,68,90,71,27,16,8,40,32,74,84,98,47,12,60,30,78,52,23,83,63,87,44,18,11,26,96,66,58,15,1,48,81,93,4,24,6,34,55,
machine6:0,61,59,41,3,69,31,57,77,51,54,39,19,75,20,35,13,62,37,14,99,38,91,89,9,46,76,22,82,42,92,33,28,97,64,70,21,49,85,36,80,45,56,10,68,90,71,27,16,8,2,72,40,5,32,74,84,98,47,12,60,30,78,52,23,83,63,95,87,44,18,11,26,96,66,58,15,1,48,81,93,4,24,6,17,34,67,86,55,
machine7:0,61,65,41,88,79,57,77,51,19,62,50,37,14,99,38,91,89,46,82,92,33,21,29,49,85,43,56,90,71,27,16,98,60,52,83,63,95,11,26,58,1,48,93,4,53,100,86,55,
machine8:0,61,65,59,41,88,79,31,57,77,51,39,19,75,20,35,73,62,50,37,14,99,38,91,89,9,46,22,82,42,92,33,28,70,21,29,49,94,85,36,43,45,56,10,68,90,71,27,16,8,2,72,5,32,74,98,47,60,78,52,23,83,63,95,44,18,11,26,66,58,15,1,48,93,4,6,53,100,17,34,67,86,55,25,
machine9:0,61,65,41,3,69,31,54,39,19,35,13,73,62,37,14,99,46,82,28,97,64,29,94,7,36,80,43,45,56,68,90,71,16,8,32,74,47,60,30,78,23,44,18,96,15,4,24,6,53,100,17,34,67,86,55,25,
machine10:0,61,65,59,41,88,3,69,31,57,54,39,19,75,20,35,13,73,62,50,37,14,99,38,91,89,46,22,82,42,92,33,28,97,64,70,29,94,7,85,36,80,43,45,56,10,68,90,71,16,8,72,40,32,74,84,98,47,60,30,78,52,23,83,63,95,87,44,18,26,96,66,58,15,1,93,4,24,6,53,100,17,34,67,86,55,25,

1to 1:
1to 2:99,53,29,68,43,67,20,37,98,25,22,5,100,75,86,8,94,96,26,11,
1to 3:3,4,87,24,30,6,63,49,54,9,81,19,21,45,85,12,55,83,89,35,
1to 4:38,59,18,48,82,62,57,73,74,51,32,58,36,77,27,23,
1to 5:47,80,72,13,70,93,14,42,50,44,61,78,64,15,39,
2to 1:16,35,36,40,62,88,89,82,4,92,2,3,24,
2to 2:
2to 3:28,41,77,80,13,27,22,66,46,74,76,
2to 4:10,19,33,37,42,45,52,53,61,68,71,78,79,86,94,98,91,21,75,9,99,67,55,14,72,
2to 5:1,8,29,84,95,96,97,69,7,31,20,
3to 1:52,78,99,67,33,61,11,51,20,75,76,71,34,68,58,77,80,1,98,47,
3to 2:62,95,92,63,97,91,21,70,12,15,84,19,83,23,40,81,48,72,10,69,2,
3to 3:
3to 4:26,66,6,49,85,31,17,4,41,16,5,8,39,
3to 5:45,28,89,37,35,46,60,59,3,38,82,36,57,18,22,56,90,30,54,
4to 1:17,9,50,79,25,5,91,70,31,55,29,100,93,10,90,45,15,8,
4to 2:51,27,88,46,47,6,58,18,1,28,
4to 3:59,44,56,2,60,48,61,34,14,82,11,33,95,37,42,86,36,52,
4to 4:
4to 5:65,73,85,32,92,43,75,71,66,99,94,26,63,23,41,62,74,19,16,83,68,
5to 1:38,7,65,87,69,97,56,53,60,43,84,57,66,95,46,26,63,6,41,18,28,86,83,
5to 2:24,13,55,14,33,4,78,74,16,42,52,
5to 3:64,17,91,39,32,72,96,70,92,31,40,71,93,10,98,23,58,67,1,15,
5to 4:44,20,22,25,88,34,100,47,90,35,89,
5to 5:

cell1:5,2,3,4,
cell2:4,5,3,1,
cell3:1,5,4,2,
cell4:1,3,5,2,
cell5:1,3,4,2,
