machine1:0,8,6,5,7,36,32,27,1,31,14,16,17,38,4,22,26,29,21,2,3,34,28,24,39,9,35,13,25,10,12,15,30,11,37,40,23,18,19,20,
machine2:0,8,5,7,36,33,27,1,31,14,16,17,38,4,22,26,29,21,2,3,34,28,24,39,9,13,25,10,12,15,37,40,23,18,19,20,
machine3:0,8,6,5,36,32,33,27,1,14,16,17,38,4,22,26,2,3,34,28,24,9,35,13,25,10,12,15,30,11,37,23,19,20,
machine4:0,8,6,5,7,36,32,33,27,1,14,16,38,4,22,26,29,21,2,3,34,28,24,39,9,35,13,25,10,12,15,30,11,37,40,23,18,19,20,
machine5:0,8,6,5,7,36,32,33,27,1,31,14,16,17,38,4,22,26,29,21,2,3,34,28,24,39,9,35,13,25,10,12,15,30,11,37,40,23,18,19,20,
machine6:0,8,6,5,7,36,27,1,31,14,16,17,38,4,26,29,21,2,3,34,28,24,39,9,35,13,25,10,12,15,30,11,37,40,23,18,19,20,
machine7:0,8,5,36,32,33,27,1,14,16,17,38,4,22,26,29,21,2,3,34,28,24,39,9,35,13,25,10,12,15,30,37,40,23,18,19,20,
machine8:0,8,6,5,7,36,32,33,27,1,31,14,16,17,38,4,22,26,21,2,3,34,28,24,39,9,35,13,25,10,12,15,30,11,23,19,20,
machine9:0,8,6,5,7,36,32,27,1,31,14,16,17,38,4,22,26,29,21,2,3,34,28,24,39,9,35,13,25,10,12,15,30,11,37,40,23,18,19,20,
machine10:0,8,6,5,7,36,32,33,27,1,31,14,16,17,38,4,22,26,29,2,3,34,28,24,39,9,35,13,25,10,12,15,30,11,37,40,23,18,19,20,
machine11:0,8,6,5,7,32,27,1,14,16,38,4,22,26,29,21,2,3,34,28,24,39,9,35,13,25,10,12,15,30,11,37,23,18,19,20,
machine12:0,8,6,7,36,32,33,27,1,31,14,16,17,38,4,22,26,29,21,2,3,34,28,24,39,9,35,13,25,10,12,15,37,40,23,18,19,20,
machine13:0,8,5,36,32,33,27,1,31,14,16,17,38,4,26,29,21,2,3,34,28,39,35,13,25,10,12,15,30,11,37,40,23,18,20,

1to 1:
1to 2:1,8,9,11,13,14,15,16,17,18,19,20,21,22,23,24,25,26,28,30,32,34,38,39,40,7,29,12,6,5,27,37,36,33,35,4,2,10,3,
1to 3:1,5,6,8,9,11,12,13,14,15,17,19,20,22,23,25,26,27,28,29,30,32,33,36,38,40,10,3,4,7,24,21,2,39,18,37,16,34,35,
1to 4:1,3,9,11,13,14,15,17,18,19,20,21,22,23,24,25,26,28,30,31,32,33,34,39,40,8,27,29,7,5,6,36,4,38,12,37,35,10,2,16,
1to 5:3,4,5,7,8,9,11,13,14,15,16,17,18,19,20,22,23,24,25,26,27,28,29,30,31,32,33,37,40,38,6,2,21,10,39,36,12,34,35,1,
2to 1:4,6,9,11,13,15,16,18,21,22,23,24,25,27,28,29,30,32,33,34,37,40,7,36,26,19,17,12,8,5,14,38,1,2,39,3,20,35,10,
2to 2:
2to 3:1,3,4,5,6,12,15,16,18,21,22,23,24,25,26,27,28,29,32,33,37,39,8,30,40,7,17,34,14,13,11,36,9,19,2,20,10,38,35,
2to 4:4,6,11,13,15,16,18,19,21,22,24,25,26,27,29,32,33,34,35,37,38,39,30,7,23,40,14,5,17,31,8,12,28,9,36,1,20,10,2,3,
2to 5:1,2,3,4,5,6,9,12,13,15,16,18,19,21,22,24,25,26,27,28,29,34,35,36,37,17,40,33,32,30,7,31,8,11,20,14,23,39,38,10,
3to 1:1,2,3,5,6,7,9,11,12,14,15,17,22,23,24,25,26,29,32,33,35,36,37,39,8,38,16,27,18,19,21,34,13,28,4,10,20,
3to 2:1,2,3,4,5,6,7,9,11,12,13,15,16,17,18,19,21,22,24,25,26,27,29,30,32,33,35,36,37,39,40,38,8,34,23,14,28,10,20,
3to 3:
3to 4:1,2,3,4,5,6,7,8,9,11,12,13,14,15,17,18,19,21,22,23,24,25,26,29,30,32,33,35,36,37,38,39,40,10,34,31,20,27,28,16,
3to 5:1,5,8,9,11,12,15,17,18,21,22,23,24,25,26,29,30,32,33,35,36,37,38,39,40,6,31,20,27,13,3,19,28,4,14,16,34,2,10,
4to 1:1,2,4,5,6,7,8,9,12,13,15,16,17,18,19,21,22,25,27,29,32,33,39,35,24,26,34,36,31,28,3,37,38,23,14,20,10,
4to 2:1,3,5,6,7,8,10,11,12,13,15,16,17,18,22,23,25,27,29,30,32,33,35,37,38,39,9,40,19,26,34,28,24,36,4,14,20,2,
4to 3:1,4,5,6,7,8,11,12,13,14,15,17,18,21,22,23,25,26,29,30,32,33,35,37,38,39,20,24,40,31,10,36,9,19,28,16,2,27,34,3,
4to 4:
4to 5:1,2,5,6,7,8,9,10,11,12,13,14,15,16,17,18,19,22,25,28,30,31,32,33,34,35,37,38,39,3,26,40,29,27,4,24,36,23,20,
5to 1:4,5,6,7,8,9,10,11,12,14,15,16,17,18,19,21,22,23,25,27,29,31,32,33,34,37,38,40,2,28,36,24,13,39,26,20,35,1,3,
5to 2:1,2,3,5,6,7,8,9,10,12,14,15,17,18,21,22,23,24,25,27,28,30,31,33,34,35,37,38,32,40,29,39,11,36,16,13,19,20,4,26,
5to 3:2,3,5,7,8,9,11,12,18,19,21,22,23,26,29,30,31,32,34,35,36,37,38,40,15,17,28,20,6,10,24,27,13,39,4,14,25,16,1,
5to 4:1,2,5,7,8,9,10,11,12,16,17,18,19,21,22,23,25,27,29,30,31,33,34,35,37,39,40,28,24,32,6,20,26,15,13,38,36,3,14,4,
5to 5:

cell1:4,3,2,5,
cell2:1,5,4,3,
cell3:5,2,1,4,
cell4:5,1,3,2,
cell5:3,4,2,1,
