8 80 4 4 4

1 1 2 2 3 3 4 4 

0 15 18 27 
18 0 9 9 
14 11 0 8 
28 24 28 0 

0 1 1 1 
1 0 1 1 
1 1 0 1 
1 1 1 0 

7 8 7 9 7 7 6 9 
6 7 5 9 9 9 8 8 
7 7 5 9 5 6 8 5 
9 5 5 9 5 5 7 7 

5    3    706    0.4
0 0 0 0 0 0 0 89 
0 0 1 0 0 0 0 0 
0 0 0 58 0 0 0 0 
0 0 0 0 0 53 0 0 
0 34 0 0 0 0 0 0 
7    0    767    0.4
46 0 0 0 0 0 0 0 
0 59 0 0 0 0 0 0 
0 0 0 30 0 0 0 0 
0 0 0 0 0 0 5 0 
0 0 0 0 0 0 0 85 
0 0 0 0 1 0 0 0 
0 0 0 0 0 52 0 0 
6    0    695    0.8
0 0 0 0 0 97 0 0 
0 9 0 0 0 0 0 0 
0 0 15 0 0 0 0 0 
0 0 0 66 0 0 0 0 
0 0 0 0 0 0 29 0 
0 0 0 0 0 0 0 60 
6    3    742    0.5
0 0 0 23 0 0 0 0 
0 88 0 0 0 0 0 0 
0 0 0 0 93 0 0 0 
0 0 0 0 0 32 0 0 
0 0 0 0 0 0 2 0 
0 0 0 0 0 0 0 98 
7    3    959    0.9
0 0 0 0 0 9 0 0 
0 0 0 0 0 0 86 0 
0 0 0 0 0 0 0 70 
0 0 80 0 0 0 0 0 
0 0 0 96 0 0 0 0 
60 0 0 0 0 0 0 0 
0 11 0 0 0 0 0 0 
5    0    326    0.3
21 0 0 0 0 0 0 0 
0 54 0 0 0 0 0 0 
0 0 26 0 0 0 0 0 
0 0 0 2 0 0 0 0 
0 0 0 0 0 2 0 0 
7    1    1174    0.7
0 0 0 0 0 0 33 0 
0 0 0 0 0 0 0 95 
76 0 0 0 0 0 0 0 
0 95 0 0 0 0 0 0 
0 0 0 0 0 25 0 0 
0 0 9 0 0 0 0 0 
0 0 0 44 0 0 0 0 
5    0    846    0.5
81 0 0 0 0 0 0 0 
0 52 0 0 0 0 0 0 
0 0 0 0 0 34 0 0 
0 0 0 58 0 0 0 0 
0 0 0 0 0 0 0 67 
7    1    819    0.8
0 0 0 0 70 0 0 0 
0 0 0 0 0 9 0 0 
0 4 0 0 0 0 0 0 
0 0 0 0 0 0 91 0 
0 0 0 0 0 0 0 77 
0 0 17 0 0 0 0 0 
0 0 0 97 0 0 0 0 
5    0    348    0.9
0 20 0 0 0 0 0 0 
0 0 29 0 0 0 0 0 
0 0 0 72 0 0 0 0 
0 0 0 0 0 0 51 0 
0 0 0 0 0 0 0 6 
5    0    652    0.3
0 0 0 0 0 92 0 0 
0 17 0 0 0 0 0 0 
0 0 0 0 0 0 0 37 
0 0 89 0 0 0 0 0 
0 0 0 29 0 0 0 0 
5    1    799    0.6
0 0 0 0 0 91 0 0 
0 0 0 0 0 0 80 0 
0 0 0 0 0 0 0 96 
93 0 0 0 0 0 0 0 
0 64 0 0 0 0 0 0 
7    3    1042    0.3
0 0 98 0 0 0 0 0 
0 0 0 2 0 0 0 0 
76 0 0 0 0 0 0 0 
0 58 0 0 0 0 0 0 
0 0 0 0 65 0 0 0 
0 0 0 0 0 8 0 0 
0 0 0 0 0 0 0 58 
7    2    1126    0.1
0 0 0 0 0 0 50 0 
0 0 0 0 0 0 0 84 
0 47 0 0 0 0 0 0 
0 0 0 0 92 0 0 0 
0 0 0 0 0 47 0 0 
0 0 89 0 0 0 0 0 
0 0 0 36 0 0 0 0 
6    1    1054    0.2
0 0 0 0 36 0 0 0 
0 0 0 0 0 97 0 0 
0 71 0 0 0 0 0 0 
0 0 0 0 0 0 0 71 
0 0 30 0 0 0 0 0 
0 0 0 96 0 0 0 0 
5    3    561    0.3
0 0 36 0 0 0 0 0 
0 0 0 7 0 0 0 0 
99 0 0 0 0 0 0 0 
0 88 0 0 0 0 0 0 
0 0 0 0 0 0 0 29 
5    0    698    0.7
0 0 0 0 0 92 0 0 
0 0 0 61 0 0 0 0 
0 39 0 0 0 0 0 0 
0 0 0 0 0 0 34 0 
0 0 0 0 0 0 0 6 
5    0    567    0.9
0 0 10 0 0 0 0 0 
0 0 0 67 0 0 0 0 
97 0 0 0 0 0 0 0 
0 8 0 0 0 0 0 0 
0 0 0 0 0 84 0 0 
5    2    415    0.2
0 0 33 0 0 0 0 0 
0 0 0 18 0 0 0 0 
0 0 0 0 19 0 0 0 
0 0 0 0 0 46 0 0 
0 95 0 0 0 0 0 0 
5    1    848    0.4
0 0 69 0 0 0 0 0 
0 0 0 99 0 0 0 0 
0 84 0 0 0 0 0 0 
0 0 0 0 64 0 0 0 
0 0 0 0 0 75 0 0 
5    1    827    0.1
0 0 0 0 0 70 0 0 
0 0 0 0 0 0 73 0 
0 0 0 0 0 0 0 41 
0 59 0 0 0 0 0 0 
0 0 0 51 0 0 0 0 
6    0    782    0.2
0 67 0 0 0 0 0 0 
0 0 76 0 0 0 0 0 
0 0 0 51 0 0 0 0 
0 0 0 0 0 21 0 0 
0 0 0 0 0 0 47 0 
0 0 0 0 0 0 0 20 
7    2    1065    0.4
0 87 0 0 0 0 0 0 
0 0 0 0 42 0 0 0 
0 0 0 0 0 40 0 0 
0 0 0 0 0 0 79 0 
0 0 0 0 0 0 0 70 
0 0 98 0 0 0 0 0 
0 0 0 49 0 0 0 0 
7    2    850    0.4
48 0 0 0 0 0 0 0 
0 40 0 0 0 0 0 0 
0 0 0 0 0 0 12 0 
0 0 0 0 0 0 0 10 
0 0 99 0 0 0 0 0 
0 0 0 49 0 0 0 0 
0 0 0 0 0 85 0 0 
5    3    636    0.6
0 26 0 0 0 0 0 0 
0 0 66 0 0 0 0 0 
0 0 0 35 0 0 0 0 
0 0 0 0 0 67 0 0 
0 0 0 0 0 0 0 71 
5    3    713    0.6
0 0 0 0 0 18 0 0 
0 0 87 0 0 0 0 0 
0 0 0 100 0 0 0 0 
0 4 0 0 0 0 0 0 
0 0 0 0 0 0 0 43 
7    0    504    0.5
11 0 0 0 0 0 0 0 
0 6 0 0 0 0 0 0 
0 0 4 0 0 0 0 0 
0 0 0 93 0 0 0 0 
0 0 0 0 0 30 0 0 
0 0 0 0 0 0 7 0 
0 0 0 0 0 0 0 54 
5    2    539    0.7
0 0 0 0 0 0 0 4 
0 0 86 0 0 0 0 0 
0 0 0 30 0 0 0 0 
0 37 0 0 0 0 0 0 
0 0 0 0 0 59 0 0 
7    3    1137    0.5
0 0 0 0 29 0 0 0 
0 0 0 0 0 37 0 0 
0 0 0 0 0 0 72 0 
0 0 0 0 0 0 0 77 
90 0 0 0 0 0 0 0 
0 64 0 0 0 0 0 0 
0 0 0 82 0 0 0 0 
7    1    664    0.6
0 0 0 0 0 0 5 0 
0 0 0 0 0 0 0 68 
0 0 0 0 6 0 0 0 
0 0 0 0 0 22 0 0 
71 0 0 0 0 0 0 0 
0 45 0 0 0 0 0 0 
0 0 0 14 0 0 0 0 
7    3    621    0.2
0 0 34 0 0 0 0 0 
0 0 0 64 0 0 0 0 
0 0 0 0 0 9 0 0 
7 0 0 0 0 0 0 0 
0 67 0 0 0 0 0 0 
0 0 0 0 0 0 24 0 
0 0 0 0 0 0 0 7 
7    3    807    0.8
0 0 0 32 0 0 0 0 
64 0 0 0 0 0 0 0 
0 4 0 0 0 0 0 0 
0 0 0 0 0 0 70 0 
0 0 0 0 0 0 0 90 
0 0 0 0 60 0 0 0 
0 0 0 0 0 50 0 0 
5    0    503    0.2
0 0 0 0 0 0 20 0 
0 0 0 0 0 0 0 10 
90 0 0 0 0 0 0 0 
0 67 0 0 0 0 0 0 
0 0 0 0 0 53 0 0 
5    0    573    0.6
0 0 0 0 0 78 0 0 
0 0 0 0 0 0 24 0 
0 0 0 0 0 0 0 99 
11 0 0 0 0 0 0 0 
0 50 0 0 0 0 0 0 
5    3    509    0.9
0 63 0 0 0 0 0 0 
0 0 0 0 0 0 4 0 
0 0 0 0 0 0 0 68 
0 0 64 0 0 0 0 0 
0 0 0 71 0 0 0 0 
7    2    1212    0.8
98 0 0 0 0 0 0 0 
0 10 0 0 0 0 0 0 
0 0 0 0 0 0 85 0 
0 0 0 0 0 0 0 66 
0 0 74 0 0 0 0 0 
0 0 0 58 0 0 0 0 
0 0 0 0 0 12 0 0 
6    2    476    0.5
0 0 0 0 26 0 0 0 
0 0 0 0 0 6 0 0 
70 0 0 0 0 0 0 0 
0 70 0 0 0 0 0 0 
0 0 1 0 0 0 0 0 
0 0 0 57 0 0 0 0 
6    1    584    0.2
0 0 0 16 0 0 0 0 
0 0 0 0 0 28 0 0 
0 0 0 0 0 0 88 0 
0 0 0 0 0 0 0 82 
22 0 0 0 0 0 0 0 
0 57 0 0 0 0 0 0 
7    2    647    0.9
0 0 0 0 0 0 0 7 
50 0 0 0 0 0 0 0 
0 69 0 0 0 0 0 0 
0 0 0 0 48 0 0 0 
0 0 0 0 0 29 0 0 
0 0 48 0 0 0 0 0 
0 0 0 14 0 0 0 0 
5    1    746    0.4
0 0 0 0 0 70 0 0 
0 0 11 0 0 0 0 0 
0 0 0 90 0 0 0 0 
0 55 0 0 0 0 0 0 
0 0 0 0 0 0 0 24 
6    2    644    0.8
0 0 0 0 0 0 74 0 
0 0 0 0 0 0 0 30 
41 0 0 0 0 0 0 0 
0 62 0 0 0 0 0 0 
0 0 0 0 74 0 0 0 
0 0 0 0 0 9 0 0 
5    3    544    0.3
0 0 0 0 0 78 0 0 
51 0 0 0 0 0 0 0 
0 26 0 0 0 0 0 0 
0 0 0 0 0 0 41 0 
0 0 0 0 0 0 0 74 
5    2    522    0.7
0 0 0 0 0 0 52 0 
0 0 0 0 0 0 0 60 
0 0 0 0 0 5 0 0 
49 0 0 0 0 0 0 0 
0 94 0 0 0 0 0 0 
5    0    533    0.8
0 57 0 0 0 0 0 0 
0 0 95 0 0 0 0 0 
0 0 0 13 0 0 0 0 
0 0 0 0 24 0 0 0 
0 0 0 0 0 79 0 0 
5    2    620    0.2
0 0 0 0 46 0 0 0 
0 0 0 0 0 56 0 0 
0 0 0 76 0 0 0 0 
79 0 0 0 0 0 0 0 
0 44 0 0 0 0 0 0 
7    2    971    0.9
0 0 74 0 0 0 0 0 
0 0 0 88 0 0 0 0 
0 19 0 0 0 0 0 0 
0 0 0 0 29 0 0 0 
0 0 0 0 0 10 0 0 
0 0 0 0 0 0 98 0 
0 0 0 0 0 0 0 54 
5    2    325    0.7
0 21 0 0 0 0 0 0 
0 0 0 1 0 0 0 0 
0 0 0 0 0 0 25 0 
0 0 0 0 0 0 0 48 
0 0 0 0 0 68 0 0 
6    3    358    0.4
0 0 0 42 0 0 0 0 
0 0 0 0 0 0 15 0 
0 0 0 0 0 0 0 18 
1 0 0 0 0 0 0 0 
0 23 0 0 0 0 0 0 
0 0 0 0 0 6 0 0 
5    0    896    0.2
91 0 0 0 0 0 0 0 
0 96 0 0 0 0 0 0 
0 0 52 0 0 0 0 0 
0 0 0 81 0 0 0 0 
0 0 0 0 0 18 0 0 
5    0    918    0.7
41 0 0 0 0 0 0 0 
0 84 0 0 0 0 0 0 
0 0 0 0 0 0 0 69 
0 0 0 44 0 0 0 0 
0 0 0 0 0 72 0 0 
7    0    999    0.5
0 0 66 0 0 0 0 0 
0 0 0 51 0 0 0 0 
0 0 0 0 0 0 64 0 
0 0 0 0 0 0 0 29 
0 0 0 0 0 29 0 0 
72 0 0 0 0 0 0 0 
0 85 0 0 0 0 0 0 
6    1    1004    0.9
0 0 0 0 0 0 73 0 
0 0 0 0 0 0 0 48 
0 0 0 0 0 56 0 0 
0 0 0 90 0 0 0 0 
88 0 0 0 0 0 0 0 
0 45 0 0 0 0 0 0 
5    1    401    0.8
0 27 0 0 0 0 0 0 
0 0 0 0 0 0 73 0 
0 0 0 0 0 0 0 8 
0 0 0 0 92 0 0 0 
0 0 0 0 0 42 0 0 
5    1    555    0.3
0 66 0 0 0 0 0 0 
0 0 0 0 25 0 0 0 
0 0 0 0 0 35 0 0 
0 0 0 7 0 0 0 0 
0 0 0 0 0 0 0 68 
7    3    752    0.8
0 0 0 0 0 10 0 0 
39 0 0 0 0 0 0 0 
0 78 0 0 0 0 0 0 
0 0 82 0 0 0 0 0 
0 0 0 60 0 0 0 0 
0 0 0 0 0 0 21 0 
0 0 0 0 0 0 0 27 
6    0    1056    0.6
0 85 0 0 0 0 0 0 
0 0 0 94 0 0 0 0 
0 0 0 0 0 0 77 0 
0 0 0 0 0 0 0 90 
0 0 0 0 10 0 0 0 
0 0 0 0 0 66 0 0 
5    2    495    0.2
51 0 0 0 0 0 0 0 
0 64 0 0 0 0 0 0 
0 0 0 0 0 34 0 0 
0 0 46 0 0 0 0 0 
0 0 0 10 0 0 0 0 
6    2    673    0.3
0 0 0 0 0 0 0 32 
0 0 60 0 0 0 0 0 
0 0 0 70 0 0 0 0 
0 31 0 0 0 0 0 0 
0 0 0 0 22 0 0 0 
0 0 0 0 0 29 0 0 
7    2    802    0.8
0 0 0 0 0 28 0 0 
0 0 0 0 0 0 76 0 
0 0 0 0 0 0 0 29 
63 0 0 0 0 0 0 0 
0 38 0 0 0 0 0 0 
0 0 70 0 0 0 0 0 
0 0 0 67 0 0 0 0 
5    2    707    0.7
0 0 0 96 0 0 0 0 
0 0 0 0 45 0 0 0 
0 0 0 0 0 77 0 0 
47 0 0 0 0 0 0 0 
0 91 0 0 0 0 0 0 
6    3    761    0.4
0 0 54 0 0 0 0 0 
0 0 0 88 0 0 0 0 
19 0 0 0 0 0 0 0 
0 47 0 0 0 0 0 0 
0 0 0 0 0 0 96 0 
0 0 0 0 0 0 0 84 
7    2    999    0.1
0 0 75 0 0 0 0 0 
0 0 0 68 0 0 0 0 
0 50 0 0 0 0 0 0 
0 0 0 0 0 0 42 0 
0 0 0 0 0 0 0 31 
0 0 0 0 37 0 0 0 
0 0 0 0 0 49 0 0 
7    0    620    0.4
0 0 0 34 0 0 0 0 
0 0 0 0 31 0 0 0 
0 0 0 0 0 44 0 0 
7 0 0 0 0 0 0 0 
0 44 0 0 0 0 0 0 
0 0 0 0 0 0 92 0 
0 0 0 0 0 0 0 42 
6    3    1039    0.9
0 0 0 0 0 0 86 0 
0 0 0 0 0 0 0 85 
0 25 0 0 0 0 0 0 
0 0 0 0 72 0 0 0 
0 0 0 0 0 26 0 0 
0 0 0 38 0 0 0 0 
7    0    851    0.7
0 0 0 0 0 3 0 0 
0 0 0 0 0 0 92 0 
0 0 0 0 0 0 0 94 
46 0 0 0 0 0 0 0 
0 25 0 0 0 0 0 0 
0 0 79 0 0 0 0 0 
0 0 0 24 0 0 0 0 
7    1    771    0.1
0 0 0 0 0 73 0 0 
0 0 0 0 0 0 5 0 
0 0 0 0 0 0 0 77 
53 0 0 0 0 0 0 0 
0 17 0 0 0 0 0 0 
0 0 9 0 0 0 0 0 
0 0 0 48 0 0 0 0 
5    3    566    0.7
0 0 0 60 0 0 0 0 
89 0 0 0 0 0 0 0 
0 20 0 0 0 0 0 0 
0 0 0 0 0 0 59 0 
0 0 0 0 0 0 0 64 
5    1    489    0.9
49 0 0 0 0 0 0 0 
0 13 0 0 0 0 0 0 
0 0 0 0 0 0 0 74 
0 0 0 0 90 0 0 0 
0 0 0 0 0 10 0 0 
6    2    863    0.6
0 0 0 0 71 0 0 0 
0 0 0 0 0 61 0 0 
0 0 95 0 0 0 0 0 
0 0 0 69 0 0 0 0 
68 0 0 0 0 0 0 0 
0 51 0 0 0 0 0 0 
5    0    716    0.7
0 0 0 0 0 18 0 0 
0 0 0 0 0 0 82 0 
0 0 0 0 0 0 0 87 
0 0 0 15 0 0 0 0 
0 75 0 0 0 0 0 0 
7    2    689    0.6
0 0 88 0 0 0 0 0 
0 0 0 16 0 0 0 0 
0 0 0 0 0 31 0 0 
0 0 0 0 0 0 21 0 
0 0 0 0 0 0 0 27 
65 0 0 0 0 0 0 0 
0 2 0 0 0 0 0 0 
6    0    536    0.2
4 0 0 0 0 0 0 0 
0 25 0 0 0 0 0 0 
0 0 0 0 0 48 0 0 
0 0 46 0 0 0 0 0 
0 0 0 58 0 0 0 0 
0 0 0 0 0 0 0 39 
6    0    727    0.2
0 47 0 0 0 0 0 0 
0 0 0 48 0 0 0 0 
0 0 0 0 0 0 77 0 
0 0 0 0 0 0 0 61 
0 0 0 0 24 0 0 0 
0 0 0 0 0 71 0 0 
6    1    648    0.4
0 0 0 0 0 0 72 0 
0 0 0 0 0 0 0 7 
0 0 0 40 0 0 0 0 
0 0 0 0 39 0 0 0 
0 0 0 0 0 27 0 0 
0 47 0 0 0 0 0 0 
5    0    688    0.5
0 0 96 0 0 0 0 0 
0 0 0 39 0 0 0 0 
0 0 0 0 0 87 0 0 
47 0 0 0 0 0 0 0 
0 25 0 0 0 0 0 0 
5    3    464    0.4
0 0 0 0 0 48 0 0 
39 0 0 0 0 0 0 0 
0 51 0 0 0 0 0 0 
0 0 24 0 0 0 0 0 
0 0 0 74 0 0 0 0 
6    0    1129    0.3
0 0 0 0 0 95 0 0 
86 0 0 0 0 0 0 0 
0 57 0 0 0 0 0 0 
0 0 0 0 0 0 0 66 
0 0 71 0 0 0 0 0 
0 0 0 76 0 0 0 0 
5    3    598    0.6
0 0 0 0 61 0 0 0 
0 0 0 0 0 12 0 0 
0 0 94 0 0 0 0 0 
0 0 0 69 0 0 0 0 
0 21 0 0 0 0 0 0 
5    2    557    0.7
0 0 69 0 0 0 0 0 
0 0 0 51 0 0 0 0 
12 0 0 0 0 0 0 0 
0 14 0 0 0 0 0 0 
0 0 0 0 0 100 0 0 
6    3    1377    0.9
0 0 0 0 93 0 0 0 
0 0 0 0 0 97 0 0 
0 0 0 0 0 0 77 0 
0 0 0 0 0 0 0 54 
0 0 0 78 0 0 0 0 
0 36 0 0 0 0 0 0 
