machine1:0,3,24,14,12,2,18,22,8,23,17,11,9,1,16,25,10,5,21,15,13,
machine2:0,3,24,14,18,23,17,11,9,16,25,5,21,15,13,
machine3:0,6,4,3,24,14,20,12,2,18,22,8,23,17,11,19,9,7,1,16,25,10,5,21,15,13,
machine4:0,3,14,18,23,11,9,5,21,15,13,
machine5:0,4,3,24,12,2,8,23,17,11,19,9,7,1,16,25,10,21,13,
machine6:0,4,3,24,2,8,23,17,11,19,7,1,16,25,21,13,
machine7:0,6,4,3,24,14,12,2,22,8,23,17,11,19,9,7,1,16,25,10,21,15,13,
machine8:0,4,24,2,8,23,11,19,7,1,16,13,
machine9:0,3,14,12,2,18,22,8,23,17,11,19,9,1,10,21,15,13,
machine10:0,3,14,12,2,18,8,23,17,11,19,9,1,10,21,15,13,
machine11:0,3,24,14,12,2,18,22,8,23,17,11,19,9,1,10,21,15,13,
machine12:0,3,12,2,18,8,23,17,11,19,9,1,10,21,13,
machine13:0,6,3,24,20,12,2,23,17,11,19,9,7,1,16,10,5,21,13,
machine14:0,3,17,11,19,9,7,1,10,21,13,
machine15:0,6,4,3,24,14,20,12,2,8,23,17,11,19,9,7,1,16,25,10,5,21,13,
machine16:0,3,17,11,9,7,1,21,
machine17:0,6,4,3,24,14,20,22,8,17,11,19,9,7,1,16,25,10,21,13,
machine18:0,3,24,22,8,17,9,7,1,16,10,21,13,
machine19:0,6,4,3,24,14,20,2,18,22,8,17,11,19,9,7,1,16,25,10,21,13,
machine20:0,3,24,22,8,9,7,1,16,10,21,

1to 1:
1to 2:6,15,11,17,2,
1to 3:9,
1to 4:7,23,3,
1to 5:22,14,8,19,24,
2to 1:12,22,13,19,25,
2to 2:
2to 3:11,10,
2to 4:4,6,17,8,24,
2to 5:21,9,2,16,1,
3to 1:1,23,15,17,2,
3to 2:3,22,24,
3to 3:
3to 4:13,12,11,14,21,9,
3to 5:10,18,
4to 1:5,20,8,10,
4to 2:12,16,14,7,23,13,9,21,
4to 3:19,2,1,3,
4to 4:
4to 5:4,25,17,
5to 1:6,16,21,18,3,11,7,4,
5to 2:25,
5to 3:24,8,14,13,
5to 4:10,20,1,19,
5to 5:

cell1:5,2,4,3,
cell2:5,1,4,3,
cell3:5,1,4,2,
cell4:1,5,2,3,
cell5:2,4,3,1,
