machine1:0,25,12,2,3,14,22,18,24,16,10,1,11,8,23,5,17,9,21,15,13,
machine2:0,25,3,14,18,24,16,11,23,5,17,9,21,15,13,
machine3:0,25,12,4,20,6,2,3,14,22,18,24,16,10,1,11,8,23,19,7,5,17,9,21,15,13,
machine4:0,3,14,18,11,23,5,9,21,15,13,
machine5:0,25,12,4,2,3,24,16,10,1,11,8,23,19,7,17,9,21,13,
machine6:0,25,4,2,3,24,16,1,11,8,23,19,7,17,21,13,
machine7:0,25,12,4,6,2,3,14,22,24,16,10,1,11,8,23,19,7,17,9,21,15,13,
machine8:0,4,2,24,16,1,11,8,23,19,7,13,
machine9:0,12,2,3,14,22,18,10,1,11,8,23,19,17,9,21,15,13,
machine10:0,12,2,3,14,18,10,1,11,8,23,19,17,9,21,15,13,
machine11:0,12,2,3,14,22,18,24,10,1,11,8,23,19,17,9,21,15,13,
machine12:0,12,2,3,18,10,1,11,8,23,19,17,9,21,13,
machine13:0,12,20,6,2,3,24,16,10,1,11,23,19,7,5,17,9,21,13,
machine14:0,3,10,1,11,19,7,17,9,21,13,
machine15:0,25,12,4,20,6,2,3,14,24,16,10,1,11,8,23,19,7,5,17,9,21,13,
machine16:0,3,1,11,7,17,9,21,
machine17:0,25,4,20,6,3,14,22,24,16,10,1,11,8,19,7,17,9,21,13,
machine18:0,3,22,24,16,10,1,8,7,17,9,21,13,
machine19:0,25,4,20,6,2,3,14,22,18,24,16,10,1,11,8,19,7,17,9,21,13,
machine20:0,3,22,24,16,10,1,8,7,9,21,

1to 1:
1to 2:6,15,11,17,2,
1to 3:9,
1to 4:7,23,3,
1to 5:22,14,8,19,24,
2to 1:12,22,13,19,25,
2to 2:
2to 3:11,10,
2to 4:4,6,17,8,24,
2to 5:21,9,2,16,1,
3to 1:1,2,15,17,23,
3to 2:3,24,22,
3to 3:
3to 4:9,11,14,21,13,12,
3to 5:10,18,
4to 1:8,10,20,5,
4to 2:7,13,14,16,21,23,12,9,
4to 3:1,2,3,19,
4to 4:
4to 5:17,25,4,
5to 1:6,16,21,18,3,11,7,4,
5to 2:25,
5to 3:24,8,14,13,
5to 4:10,20,1,19,
5to 5:

cell1:5,2,4,3,
cell2:5,1,4,3,
cell3:1,4,2,5,
cell4:2,3,5,1,
cell5:2,4,3,1,
