153921.7
153921.7
153754.89999999994
149872.09999999995
149872.09999999995
149616.40000000005
149616.40000000005
149616.40000000005
149616.40000000005
149616.40000000005
149616.40000000005
149616.40000000005
149582.1
149582.1
149582.1
149582.1
149582.1
149582.1
149582.1
149582.1
149582.1
149582.1
149582.1
149521.69999999998
149521.69999999998
149521.69999999998
149521.69999999998
149521.69999999998
149521.69999999998
149521.69999999998
149521.69999999998
149521.69999999998
149521.69999999998
149521.69999999998
149410.90000000005
149410.90000000005
149410.90000000005
149410.90000000005
149410.90000000005
149410.90000000005
149410.90000000005
149410.90000000005
149410.90000000005
149410.90000000005
149410.90000000005
149410.90000000005
149410.90000000005
149410.90000000005
149410.90000000005
149410.90000000005
149410.90000000005
149410.90000000005
149410.90000000005
149410.90000000005
149410.90000000005
149410.90000000005
149410.90000000005
149410.90000000005
149410.90000000005
149410.90000000005
149410.90000000005
149410.90000000005
149410.90000000005
149410.90000000005
149410.90000000005
149410.90000000005
149410.90000000005
149410.90000000005
149410.90000000005
148032.7
148032.7
148032.7
148032.7
148032.7
148032.7
148032.7
148032.7
148032.7
148032.7
148032.7
148032.7
148032.7
148032.7
148032.7
148032.7
148032.7
148032.7
148032.7
148032.7
148032.7
148032.7
148032.7
148032.7
148032.7
148032.7
148032.7
148032.7
148032.7
148032.7
148032.7
