machine1:0,5,99,109,27,57,56,61,44,52,28,32,69,7,42,16,4,80,82,89,3,60,31,86,1,84,101,38,24,36,91,30,29,92,59,107,75,104,2,14,8,6,106,66,21,77,11,18,74,94,102,37,83,53,46,12,20,88,54,65,15,51,71,100,26,62,25,
machine2:0,5,99,93,109,27,57,56,61,44,52,28,32,69,19,7,42,16,4,96,80,82,89,68,3,39,60,70,31,86,97,1,84,101,38,24,36,91,87,30,29,92,59,95,107,35,110,17,75,50,23,104,2,14,8,90,81,47,33,43,40,13,64,6,63,49,76,58,48,34,106,66,21,77,11,98,18,73,41,108,74,67,94,102,37,72,78,103,83,9,53,45,46,12,79,55,20,88,54,10,22,65,105,15,51,71,100,26,85,62,25,
machine3:0,5,99,93,27,61,44,52,28,32,69,19,16,4,96,82,89,39,70,97,101,38,24,36,87,29,110,23,14,8,81,33,6,63,49,58,106,66,21,77,98,18,41,37,78,83,45,46,54,65,26,85,
machine4:0,5,99,93,27,56,61,44,52,28,32,69,19,7,16,4,96,80,82,89,3,39,70,97,84,101,38,24,36,91,87,30,29,92,59,35,110,17,50,23,104,2,14,8,81,47,33,64,6,63,49,58,34,106,66,21,77,11,98,18,73,41,108,67,94,102,37,72,78,83,9,45,46,54,22,65,15,51,100,26,85,25,
machine5:0,5,99,93,109,27,57,56,61,44,32,69,19,7,42,16,4,96,80,82,89,68,3,60,70,31,86,97,1,84,101,38,24,36,91,87,29,92,59,95,107,35,110,17,50,23,2,8,90,81,47,33,43,40,13,64,6,63,49,76,48,106,66,21,11,98,18,73,41,108,74,67,94,102,37,72,78,103,83,9,53,45,46,12,79,55,20,88,54,10,22,65,105,15,51,71,100,26,85,62,
machine6:0,5,99,93,27,56,61,32,69,19,7,42,16,96,80,82,89,68,60,70,97,1,84,24,91,87,29,92,107,35,17,50,2,8,81,47,43,13,6,63,76,48,66,21,11,98,18,41,108,74,67,102,37,72,78,83,9,53,45,46,79,55,20,88,54,10,22,65,105,15,51,71,100,26,85,
machine7:0,5,27,56,32,19,7,80,89,68,97,1,24,91,87,17,2,81,13,63,48,11,98,41,108,67,102,78,9,53,45,79,88,10,22,51,71,100,26,85,
machine8:0,5,99,93,57,61,44,28,19,42,96,80,89,68,1,84,101,36,87,30,29,107,35,110,75,23,104,2,14,8,81,33,43,40,63,58,21,11,73,41,108,74,67,37,72,78,103,45,46,12,79,55,54,10,22,65,105,51,26,85,62,
machine9:0,5,99,93,27,57,56,61,44,28,32,69,19,7,42,4,96,80,82,89,68,3,31,86,97,1,84,101,24,36,87,30,29,59,95,107,35,110,17,75,50,23,104,2,14,8,90,81,47,33,43,40,63,49,76,58,34,66,21,11,98,18,73,41,108,74,67,94,37,72,78,103,83,53,45,46,12,79,55,88,54,10,22,65,105,15,51,71,26,85,62,25,
machine10:0,99,109,57,56,69,7,42,4,80,82,68,39,60,31,97,84,101,24,91,87,30,92,95,107,35,17,50,104,2,14,8,90,81,33,40,64,63,49,34,21,11,98,41,108,74,37,72,78,83,53,46,79,55,22,15,51,85,25,
machine11:0,99,109,27,57,56,52,28,69,7,42,16,4,80,82,89,68,39,60,70,31,86,97,1,84,101,38,24,91,87,30,29,92,59,95,107,35,110,17,75,50,23,104,2,14,8,90,81,47,33,40,13,64,6,63,49,76,58,48,34,106,66,21,77,11,98,73,41,108,74,67,94,102,37,72,78,103,83,53,46,79,55,20,88,22,65,15,51,71,100,26,85,62,25,

1to 1:
1to 2:109,26,70,1,22,64,108,101,13,37,72,36,29,59,51,61,84,40,10,30,65,97,21,41,96,2,105,45,78,73,74,20,8,24,43,33,17,54,23,28,103,89,110,14,44,9,32,92,19,94,83,12,
1to 3:100,102,53,38,85,69,73,3,97,50,18,60,104,11,82,31,95,15,24,62,70,52,107,59,90,26,29,71,25,46,27,58,33,67,88,99,51,4,34,55,75,86,77,87,98,106,68,39,94,91,
2to 1:95,60,32,73,57,18,42,6,19,106,79,55,94,44,69,61,4,1,91,35,80,87,
2to 2:
2to 3:90,13,31,12,105,76,40,10,58,64,73,48,101,43,37,16,103,30,57,23,28,75,45,36,62,2,104,42,19,68,107,96,59,79,55,49,72,66,53,110,93,47,83,44,54,33,74,61,108,46,89,84,17,1,67,5,22,85,21,14,11,15,26,35,80,98,8,56,87,82,27,78,29,63,65,51,41,99,81,7,
3to 1:109,70,31,20,105,76,58,32,73,48,101,43,34,77,16,103,50,30,23,28,75,92,52,88,2,104,68,107,96,59,49,66,97,93,47,83,44,86,33,69,74,61,108,89,84,17,5,21,11,26,98,8,56,82,24,27,78,29,63,65,51,41,99,81,7,
3to 2:90,10,100,37,50,57,102,88,45,36,62,18,71,42,6,19,38,106,79,55,3,49,72,53,47,86,74,46,4,67,22,85,11,15,26,35,80,87,65,99,81,7,
3to 3:

cell1:2,3,
cell2:1,3,
cell3:1,2,
