machine1:0,13,9,4,19,3,15,24,40,28,26,30,39,11,32,34,14,37,29,16,10,1,17,6,7,2,31,27,21,36,23,33,35,12,22,25,8,5,20,18,38,
machine2:0,13,9,4,19,3,15,24,40,28,26,30,39,11,32,34,14,37,29,16,10,1,17,6,7,2,31,27,21,36,23,33,35,12,22,25,8,5,20,18,38,
machine3:0,13,9,4,19,3,15,24,40,28,26,30,39,11,32,34,14,37,29,16,10,1,17,6,7,2,31,27,21,36,23,33,35,12,22,25,8,5,20,18,38,
machine4:0,13,9,4,19,3,15,24,40,28,26,30,39,11,32,34,14,37,29,16,10,1,17,6,7,2,31,27,21,36,23,33,35,12,22,25,8,5,20,18,38,

1to 1:
1to 2:3,32,19,37,7,26,4,28,27,2,16,40,12,5,22,
1to 3:30,23,14,21,39,10,35,11,36,18,25,20,38,
2to 1:1,21,30,25,39,14,34,20,9,11,33,18,10,23,8,
2to 2:
2to 3:40,31,13,15,6,17,32,24,7,37,5,29,
3to 1:2,3,4,6,12,13,15,16,17,19,22,24,26,27,28,29,31,
3to 2:1,8,9,33,34,35,36,38,
3to 3:

cell1:2,3,
cell2:3,1,
cell3:2,1,
