machine1:0,3,9,16,13,19,26,32,30,24,4,39,40,15,37,11,2,36,34,7,12,29,6,23,31,10,27,28,17,14,21,1,33,5,35,25,18,22,20,38,8,
machine2:0,3,9,16,13,19,26,32,30,24,4,39,40,15,37,11,2,36,34,7,12,29,6,23,31,10,27,28,17,14,21,1,33,5,35,25,18,22,20,38,8,
machine3:0,3,9,16,13,19,26,32,30,24,4,39,40,15,37,11,2,36,34,7,12,29,6,23,31,10,27,28,17,14,21,1,33,5,35,25,18,22,20,38,8,
machine4:0,3,9,16,13,19,26,32,30,24,4,39,40,15,37,11,2,36,34,7,12,29,6,23,31,10,27,28,17,14,21,1,33,5,35,25,18,22,20,38,8,

1to 1:
1to 2:3,32,19,37,7,26,4,28,27,2,16,40,12,5,22,
1to 3:30,23,14,21,39,10,35,11,36,18,25,20,38,
2to 1:1,21,30,25,39,14,34,20,9,11,33,18,10,23,8,
2to 2:
2to 3:40,31,13,15,6,17,32,24,7,37,5,29,
3to 1:3,28,15,26,19,27,4,24,17,2,13,6,16,31,29,12,22,
3to 2:34,36,9,1,38,35,33,8,
3to 3:

cell1:2,3,
cell2:3,1,
cell3:2,1,
