machine1:0,40,37,9,2,11,13,32,12,21,4,23,39,31,26,38,16,30,5,7,36,6,18,24,29,10,15,25,17,20,22,28,19,34,35,8,27,14,3,33,1,
machine2:0,40,37,9,2,11,13,32,12,21,4,23,39,31,26,38,16,30,5,7,36,6,18,24,29,10,15,25,17,20,22,28,19,34,35,8,27,14,3,33,1,
machine3:0,40,37,9,2,11,13,32,12,21,4,23,39,31,26,38,16,30,5,7,36,6,18,24,29,10,15,25,17,20,22,28,19,34,35,8,27,14,3,33,1,
machine4:0,40,37,9,2,11,13,32,12,21,4,23,39,31,26,38,16,30,5,7,36,6,18,24,29,10,15,25,17,20,22,28,19,34,35,8,27,14,3,33,1,

1to 1:
1to 2:28,19,22,40,4,3,26,16,37,5,32,12,27,7,2,
1to 3:38,18,20,23,21,35,36,25,14,10,30,39,11,
2to 1:8,23,10,18,33,11,9,20,34,14,39,25,30,21,1,
2to 2:
2to 3:29,5,37,7,24,17,32,6,15,13,31,40,
3to 1:2,3,4,6,12,13,15,16,17,19,22,24,26,27,28,29,31,
3to 2:1,8,9,33,34,35,36,38,
3to 3:

cell1:3,2,
cell2:1,3,
cell3:2,1,
