machine1:0,3,9,16,13,19,26,32,30,24,4,39,40,15,37,11,2,36,34,7,12,29,6,23,31,10,27,28,17,14,21,1,33,5,35,25,18,22,20,38,8,
machine2:0,3,9,16,13,19,26,32,30,24,4,39,40,15,37,11,2,36,34,7,12,29,6,23,31,10,27,28,17,14,21,1,33,5,35,25,18,22,20,38,8,
machine3:0,3,9,16,13,19,26,32,30,24,4,39,40,15,37,11,2,36,34,7,12,29,6,23,31,10,27,28,17,14,21,1,33,5,35,25,18,22,20,38,8,
machine4:0,3,9,16,13,19,26,32,30,24,4,39,40,15,37,11,2,36,34,7,12,29,6,23,31,10,27,28,17,14,21,1,33,5,35,25,18,22,20,38,8,

1to 1:
1to 2:22,28,40,4,19,16,5,26,3,37,12,32,27,7,2,
1to 3:38,20,18,36,23,25,21,35,10,14,39,30,11,
2to 1:1,21,30,25,39,14,34,20,9,11,33,18,10,23,8,
2to 2:
2to 3:40,31,13,15,6,17,32,24,7,37,5,29,
3to 1:2,3,4,6,12,13,15,16,17,19,22,24,26,27,28,29,31,
3to 2:1,8,9,33,34,35,36,38,
3to 3:

cell1:3,2,
cell2:3,1,
cell3:2,1,
