machine1:0,31,45,38,61,42,34,16,6,67,48,63,68,13,75,41,12,30,71,37,57,33,27,76,43,55,39,60,65,72,79,2,66,18,8,51,5,32,59,49,69,36,7,52,24,50,77,29,
machine2:0,31,19,45,38,61,42,34,16,6,67,74,48,63,1,22,68,13,10,75,41,12,47,53,30,71,37,57,33,27,58,76,4,28,40,43,11,17,55,78,39,60,65,3,72,54,79,35,2,26,44,73,66,18,70,8,51,62,5,21,32,59,49,25,69,36,9,46,23,64,7,20,52,15,14,24,56,50,77,80,29,
machine3:0,31,19,61,16,6,1,22,13,10,75,71,37,57,27,58,76,28,40,11,55,78,39,65,3,72,79,35,26,44,66,18,51,62,5,59,49,25,69,36,9,46,23,7,20,15,14,24,77,
machine4:0,31,19,45,38,61,16,6,67,74,48,63,1,22,13,10,75,47,30,71,37,57,27,58,76,4,28,40,11,17,55,78,39,60,65,3,72,54,79,35,2,26,44,73,66,18,70,8,51,62,5,21,32,59,49,25,69,36,9,46,23,64,7,20,52,15,14,24,56,50,77,80,29,
machine5:0,19,45,74,63,68,13,41,53,30,37,58,4,78,39,60,54,2,44,73,62,32,69,9,46,23,64,20,15,14,56,80,29,
machine6:0,31,19,45,38,42,34,6,74,48,63,1,22,68,13,75,41,12,47,53,30,71,37,57,33,27,58,76,4,28,40,43,11,17,55,78,39,60,65,3,72,54,79,2,26,44,73,66,18,70,8,51,62,5,21,32,59,49,25,69,36,9,46,23,64,7,20,52,15,14,24,56,50,77,80,29,
machine7:0,31,38,61,42,34,67,74,48,63,22,10,41,12,47,53,30,71,33,27,4,43,17,55,65,3,35,2,73,66,70,51,62,5,21,32,59,36,9,46,23,64,7,52,14,24,56,80,29,
machine8:0,31,38,61,42,34,16,67,74,48,63,1,22,68,13,10,41,12,47,53,30,71,33,27,58,4,28,40,43,11,17,55,39,65,3,72,54,35,2,26,73,66,70,8,51,62,5,21,32,59,25,36,9,46,23,64,7,52,15,14,24,56,50,77,80,29,

1to 1:
1to 2:56,29,65,55,22,59,44,49,21,25,73,2,76,3,10,30,6,66,27,37,47,
1to 3:14,64,4,13,79,20,41,18,23,28,39,7,8,46,33,72,57,58,54,48,
1to 4:36,15,9,77,61,50,63,32,62,68,67,26,53,11,17,42,40,16,31,24,35,
2to 1:28,79,16,67,18,78,45,58,17,26,70,4,40,61,32,20,69,5,46,62,52,13,80,
2to 2:
2to 3:6,19,27,44,38,63,31,25,74,75,71,1,60,22,24,49,50,36,
2to 4:47,10,48,72,54,3,73,55,2,8,51,56,
3to 1:9,31,63,3,11,1,55,76,60,74,75,43,42,37,15,30,51,77,19,
3to 2:54,7,40,64,57,72,39,8,17,45,26,14,52,78,69,
3to 3:
3to 4:4,66,27,71,34,22,13,25,29,21,59,80,23,12,70,5,38,65,46,
4to 1:48,33,34,38,41,39,71,66,12,59,21,65,64,14,29,7,
4to 2:35,28,74,11,58,1,70,9,24,50,5,15,23,77,36,80,
4to 3:47,53,68,43,30,73,2,32,51,62,52,56,
4to 4:

cell1:4,3,2,
cell2:4,3,1,
cell3:1,4,2,
cell4:3,1,2,
