machine1:0,169,155,131,7,18,176,91,104,69,166,156,100,10,9,6,82,162,88,137,110,63,28,149,103,27,29,1,37,133,70,8,107,109,46,54,86,67,148,34,147,127,45,92,15,129,96,163,59,132,125,154,75,170,30,135,83,22,158,35,14,56,112,50,20,2,64,114,13,32,55,21,73,53,36,150,94,62,144,118,138,90,39,128,89,51,171,116,167,123,87,80,40,68,134,4,65,79,74,157,81,178,180,98,24,141,140,101,164,72,49,139,61,108,102,179,
machine2:0,161,84,38,169,155,131,7,18,176,91,104,69,166,156,145,100,10,9,6,82,162,88,137,110,63,28,149,103,27,29,1,37,124,133,70,8,107,58,109,46,54,42,86,57,97,47,67,148,34,33,147,127,45,43,115,92,15,129,96,163,105,59,132,66,125,160,154,75,170,30,113,111,135,83,22,158,177,31,35,14,56,142,106,175,159,143,112,50,172,136,20,2,64,114,117,13,32,12,44,55,11,21,73,53,60,71,36,150,173,19,94,165,153,120,62,144,119,168,174,146,126,26,48,118,17,138,90,39,128,89,5,51,171,122,116,99,41,167,123,87,52,80,151,3,40,68,93,85,25,134,4,65,130,79,74,157,76,81,78,178,16,180,98,24,141,140,121,101,164,72,152,49,23,139,61,108,102,179,77,95,
machine3:0,161,84,38,169,155,156,10,9,6,162,149,27,29,1,133,109,54,148,115,163,105,59,66,160,170,83,177,31,142,159,143,2,114,32,53,60,71,120,146,26,48,118,17,138,90,39,128,89,5,51,171,122,116,99,41,167,123,87,52,80,151,3,40,68,93,85,25,134,4,65,130,79,74,157,76,81,78,178,16,180,98,24,141,140,121,101,164,72,152,49,23,139,61,108,102,179,77,95,
machine4:0,161,84,38,169,155,131,7,18,176,91,104,69,166,156,100,10,9,6,162,63,149,27,29,1,124,133,8,107,58,109,46,54,57,97,67,148,34,147,127,45,115,163,105,59,132,66,160,154,75,170,30,111,135,83,22,158,177,31,35,14,56,142,106,159,143,112,50,172,136,20,2,64,114,117,13,32,12,44,55,21,53,60,71,36,150,173,19,94,153,120,62,144,119,168,174,146,126,26,48,118,17,138,90,39,128,89,5,51,171,122,116,99,41,167,123,87,52,80,151,3,40,68,93,85,25,134,4,65,130,79,74,157,76,81,78,178,16,180,98,24,141,140,121,101,164,72,152,49,23,139,61,108,102,179,77,95,
machine5:0,84,7,176,91,104,145,162,88,137,110,63,28,149,103,27,29,37,70,8,58,109,46,42,57,97,47,67,148,33,147,127,43,115,92,15,129,163,105,59,66,125,154,30,113,111,135,177,31,14,142,175,159,112,172,136,2,114,117,13,32,12,44,55,11,73,71,36,150,165,153,120,62,126,26,48,118,17,5,122,41,87,52,3,25,130,76,81,16,180,121,23,61,102,95,
machine6:0,84,38,169,131,7,18,176,91,104,69,166,156,145,100,9,82,162,88,137,110,63,28,149,103,27,29,37,124,133,70,8,58,109,46,54,42,86,57,97,47,67,148,33,147,127,45,43,115,92,15,129,96,163,105,59,132,66,125,160,154,170,30,113,111,135,83,22,177,31,35,14,56,142,106,175,159,112,50,172,136,2,64,114,117,13,32,12,44,55,11,73,53,71,36,150,173,19,165,153,120,62,144,119,168,174,126,26,48,118,17,138,90,39,128,89,5,51,171,122,116,41,167,87,52,3,40,85,25,134,65,130,79,74,157,76,81,78,178,16,180,24,121,152,23,61,102,179,77,95,
machine7:0,161,84,38,169,155,131,7,176,91,104,69,145,100,9,82,63,37,124,107,58,46,42,86,97,47,34,33,147,127,43,115,15,129,96,105,132,66,125,154,75,30,113,83,22,158,177,31,14,56,142,106,175,159,143,20,64,117,13,55,11,21,73,60,71,36,173,19,94,165,153,62,119,168,174,146,126,39,128,89,5,51,116,99,80,151,93,85,4,65,130,178,24,121,101,164,72,152,23,139,108,77,95,
machine8:0,161,84,38,169,155,131,7,18,176,91,104,69,166,156,145,100,10,9,6,82,162,88,137,110,63,28,149,103,27,29,1,37,124,133,70,107,58,46,42,86,57,97,47,34,33,147,127,45,43,115,92,15,129,96,105,59,132,66,125,160,154,75,170,30,113,111,135,83,22,158,177,31,35,14,56,142,106,175,159,143,50,172,136,20,2,64,114,117,13,32,12,44,55,11,21,73,60,71,36,173,19,94,165,153,120,62,144,119,168,174,146,126,48,118,90,39,128,89,5,51,171,116,99,41,167,123,52,80,151,3,68,93,85,4,65,130,74,157,81,78,178,180,98,24,141,140,121,101,164,72,152,49,23,139,108,77,95,

1to 1:
1to 2:144,155,72,98,161,79,150,76,158,151,40,68,34,67,93,101,157,118,3,21,173,39,24,61,55,167,104,108,169,139,153,20,51,65,69,89,106,
1to 3:111,27,172,28,19,26,179,162,148,87,8,42,134,70,109,17,92,84,168,82,90,44,116,131,18,71,102,180,127,2,166,15,97,32,135,136,5,170,62,77,36,23,12,7,
1to 4:174,145,6,137,110,86,96,146,113,142,11,165,103,117,141,38,99,88,31,74,85,133,73,4,35,45,75,164,49,176,64,95,129,41,94,91,177,154,46,80,59,119,114,29,178,120,
2to 1:174,6,48,27,122,146,148,16,25,8,109,30,17,140,31,138,149,81,78,112,90,44,133,123,35,45,2,22,66,135,41,152,177,46,59,13,114,36,52,120,
2to 2:
2to 3:54,53,100,142,132,124,117,67,126,163,74,58,85,83,147,24,55,128,169,153,64,95,159,154,51,119,65,29,106,115,
2to 4:155,10,111,72,98,143,172,107,1,158,151,162,68,57,156,63,50,131,18,71,39,127,60,171,139,166,97,32,9,136,160,170,130,14,56,77,105,12,89,121,
3to 1:145,144,54,37,53,79,33,150,76,40,142,11,124,117,43,57,38,63,163,157,50,118,3,173,61,128,104,176,64,9,129,91,160,154,14,29,178,105,
3to 2:174,111,172,19,26,122,179,87,16,25,134,156,84,31,138,149,112,116,131,18,102,45,180,171,166,41,136,177,46,59,130,56,77,23,12,120,7,121,
3to 3:
3to 4:47,48,175,28,125,100,132,70,30,168,81,126,78,58,83,147,24,2,55,22,167,66,135,159,152,5,51,13,62,52,69,115,
4to 1:47,10,175,143,107,161,1,19,125,100,162,132,42,34,92,156,84,126,93,82,58,101,116,21,71,83,180,147,127,60,167,108,169,171,15,97,32,153,159,20,170,130,56,65,69,23,7,106,121,115,
4to 2:48,27,124,141,38,30,140,99,168,81,78,74,90,85,44,123,4,75,164,22,49,128,66,176,95,94,91,152,5,80,13,119,62,36,52,178,
4to 3:144,137,110,86,37,33,96,113,165,103,43,57,88,63,149,157,133,73,50,118,35,3,173,39,104,9,160,14,114,105,89,
4to 4:

cell1:2,4,3,
cell2:1,4,3,
cell3:1,4,2,
cell4:3,1,2,
