machine1:0,30,12,3,29,14,10,20,2,4,28,11,1,17,24,8,19,27,9,16,15,13,21,
machine2:0,12,3,14,10,2,4,28,11,1,17,24,19,27,9,16,13,21,
machine3:0,6,26,30,12,3,29,14,18,10,5,20,2,4,28,22,11,1,17,24,8,19,27,7,9,25,16,23,15,13,21,
machine4:0,3,4,28,11,17,24,19,9,16,13,21,
machine5:0,6,26,30,3,18,10,28,22,11,1,17,24,8,27,7,9,25,16,23,15,13,21,
machine6:0,26,30,3,10,28,11,1,17,8,27,7,9,25,16,23,15,13,21,
machine7:0,6,26,30,12,3,29,14,18,10,28,22,11,1,17,24,8,19,27,7,9,25,16,23,15,13,21,
machine8:0,26,30,3,28,11,1,8,7,15,13,21,
machine9:0,26,12,3,14,18,10,5,2,28,22,11,1,17,24,8,19,27,7,9,25,23,13,21,
machine10:0,26,3,18,10,5,28,11,1,17,19,27,9,25,13,21,
machine11:0,26,30,12,3,14,18,10,5,2,4,28,22,11,1,17,24,8,19,27,7,9,25,23,13,21,
machine12:0,26,3,18,10,28,1,17,19,9,13,21,
machine13:0,6,26,30,12,3,29,14,10,20,2,4,28,22,11,1,17,24,8,19,27,7,9,16,23,13,21,
machine14:0,26,30,3,14,10,2,11,1,17,24,8,19,27,7,9,16,23,21,
machine15:0,6,26,30,12,3,29,14,18,10,5,20,2,4,28,22,11,1,17,24,8,19,27,7,9,25,16,23,15,13,21,
machine16:0,30,14,10,2,11,17,8,27,16,23,
machine17:0,26,30,12,3,2,28,22,11,1,17,24,8,19,7,9,16,23,13,21,
machine18:0,26,3,2,11,1,24,8,7,9,23,13,21,
machine19:0,6,26,30,12,3,14,18,10,5,20,2,4,28,22,11,1,17,24,8,19,27,7,9,25,16,23,15,13,21,
machine20:0,3,2,1,9,23,13,21,

1to 1:
1to 2:3,23,27,28,26,1,
1to 3:2,24,22,12,17,
1to 4:16,7,30,19,8,14,20,18,
1to 5:25,6,10,9,
2to 1:22,12,10,17,11,30,
2to 2:
2to 3:18,27,9,1,
2to 4:29,6,26,28,13,3,
2to 5:15,24,19,8,21,
3to 1:4,26,18,7,
3to 2:13,19,21,
3to 3:
3to 4:25,5,12,11,
3to 5:23,2,14,
4to 1:29,5,25,27,24,13,23,9,1,21,
4to 2:22,15,16,17,11,
4to 3:28,10,14,8,30,3,
4to 4:
4to 5:20,4,12,26,7,
5to 1:3,8,15,16,19,28,
5to 2:7,9,14,18,25,30,6,
5to 3:4,11,13,5,
5to 4:1,2,10,17,21,23,24,27,22,
5to 5:

cell1:4,5,3,2,
cell2:1,4,3,5,
cell3:4,1,5,2,
cell4:5,2,1,3,
cell5:1,4,2,3,
