machine1:0,11,17,3,30,27,24,1,13,9,28,10,12,2,8,29,4,16,19,14,15,21,20,
machine2:0,11,17,3,27,24,1,13,9,28,10,12,2,4,16,19,14,21,
machine3:0,11,18,17,3,30,6,27,24,22,1,23,13,9,28,10,12,2,8,29,4,25,16,19,14,15,7,5,26,21,20,
machine4:0,11,17,3,24,13,9,28,4,16,19,21,
machine5:0,11,18,17,3,30,6,27,24,22,1,23,13,9,28,10,8,25,16,15,7,26,21,
machine6:0,11,17,3,30,27,1,23,13,9,28,10,8,25,16,15,7,26,21,
machine7:0,11,18,17,3,30,6,27,24,22,1,23,13,9,28,10,12,8,29,25,16,19,14,15,7,26,21,
machine8:0,11,3,30,1,13,28,8,15,7,26,21,
machine9:0,11,18,17,3,27,24,22,1,23,13,9,28,10,12,2,8,25,19,14,7,5,26,21,
machine10:0,11,18,17,3,27,1,13,9,28,10,25,19,5,26,21,
machine11:0,11,18,17,3,30,27,24,22,1,23,13,9,28,10,12,2,8,4,25,19,14,7,5,26,21,
machine12:0,18,17,3,1,13,9,28,10,19,26,21,
machine13:0,11,17,3,30,6,27,24,22,1,23,13,9,28,10,12,2,8,29,4,16,19,14,7,26,21,20,
machine14:0,11,17,3,30,27,24,1,23,9,10,2,8,16,19,14,7,26,21,
machine15:0,11,18,17,3,30,6,27,24,22,1,23,13,9,28,10,12,2,8,29,4,25,16,19,14,15,7,5,26,21,20,
machine16:0,11,17,30,27,23,10,2,8,16,14,
machine17:0,11,17,3,30,24,22,1,23,13,9,28,12,2,8,16,19,7,26,21,
machine18:0,11,3,24,1,23,13,9,2,8,7,26,21,
machine19:0,11,18,17,3,30,6,27,24,22,1,23,13,9,28,10,12,2,8,4,25,16,19,14,15,7,5,26,21,20,
machine20:0,3,1,23,13,9,2,21,

1to 1:
1to 2:1,26,23,28,27,3,
1to 3:17,12,22,24,2,
1to 4:14,8,30,18,19,20,7,16,
1to 5:9,10,25,6,
2to 1:10,11,12,17,30,22,
2to 2:
2to 3:1,9,18,27,
2to 4:3,13,26,28,29,6,
2to 5:8,15,19,21,24,
3to 1:4,18,26,7,
3to 2:19,13,21,
3to 3:
3to 4:5,12,25,11,
3to 5:14,2,23,
4to 1:1,9,13,21,23,24,25,27,29,5,
4to 2:11,15,16,17,22,
4to 3:3,8,14,28,30,10,
4to 4:
4to 5:4,7,12,26,20,
5to 1:15,16,28,19,8,3,
5to 2:6,18,25,14,7,30,9,
5to 3:5,4,11,13,
5to 4:22,27,10,24,2,17,23,1,21,
5to 5:

cell1:2,5,4,3,
cell2:5,3,4,1,
cell3:4,1,5,2,
cell4:3,5,2,1,
cell5:3,2,1,4,
