machine1:0,30,11,3,17,29,19,13,27,10,28,24,2,1,16,12,8,9,4,21,14,15,20,
machine2:0,11,3,17,19,13,27,10,28,24,2,1,16,12,9,4,21,14,
machine3:0,18,30,11,3,6,17,29,7,19,22,23,13,27,10,28,24,2,1,16,12,8,9,4,25,21,5,14,26,15,20,
machine4:0,11,3,17,19,13,28,24,16,9,4,21,
machine5:0,18,30,11,3,6,17,7,22,23,13,27,10,28,24,1,16,8,9,25,21,26,15,
machine6:0,30,11,3,17,7,23,13,27,10,28,1,16,8,9,25,21,26,15,
machine7:0,18,30,11,3,6,17,29,7,19,22,23,13,27,10,28,24,1,16,12,8,9,25,21,14,26,15,
machine8:0,30,11,3,7,13,28,1,8,21,26,15,
machine9:0,18,11,3,17,7,19,22,23,13,27,10,28,24,2,1,12,8,9,25,21,5,14,26,
machine10:0,18,11,3,17,19,13,27,10,28,1,9,25,21,5,26,
machine11:0,18,30,11,3,17,7,19,22,23,13,27,10,28,24,2,1,12,8,9,4,25,21,5,14,26,
machine12:0,18,3,17,19,13,10,28,1,9,21,26,
machine13:0,30,11,3,6,17,29,7,19,22,23,13,27,10,28,24,2,1,16,12,8,9,4,21,14,26,20,
machine14:0,30,11,3,17,7,19,23,27,10,24,2,1,16,8,9,21,14,26,
machine15:0,18,30,11,3,6,17,29,7,19,22,23,13,27,10,28,24,2,1,16,12,8,9,4,25,21,5,14,26,15,20,
machine16:0,30,11,17,23,27,10,2,16,8,14,
machine17:0,30,11,3,17,7,19,22,23,13,28,24,2,1,16,12,8,9,21,26,
machine18:0,11,3,7,23,13,24,2,1,8,9,21,26,
machine19:0,18,30,11,3,6,17,7,19,22,23,13,27,10,28,24,2,1,16,12,8,9,4,25,21,5,14,26,15,20,
machine20:0,3,23,13,2,1,9,21,

1to 1:
1to 2:26,27,28,23,1,3,
1to 3:22,12,24,2,17,
1to 4:20,18,16,14,19,7,8,30,
1to 5:6,25,10,9,
2to 1:22,12,10,17,11,30,
2to 2:
2to 3:18,27,9,1,
2to 4:29,6,26,28,13,3,
2to 5:15,24,19,8,21,
3to 1:4,26,18,7,
3to 2:13,19,21,
3to 3:
3to 4:25,5,12,11,
3to 5:23,2,14,
4to 1:5,27,1,21,29,13,23,9,24,25,
4to 2:22,16,11,17,15,
4to 3:10,8,30,28,3,14,
4to 4:
4to 5:12,20,7,26,4,
5to 1:3,8,15,16,19,28,
5to 2:7,9,14,18,25,30,6,
5to 3:4,11,13,5,
5to 4:1,2,10,17,21,23,24,27,22,
5to 5:

cell1:3,5,4,2,
cell2:1,4,3,5,
cell3:4,1,5,2,
cell4:2,3,1,5,
cell5:1,4,2,3,
