machine1:0,2,8,24,1,14,16,10,9,25,5,21,23,11,17,3,13,18,15,22,12,
machine2:0,24,14,16,9,25,5,21,23,11,17,3,13,18,15,
machine3:0,2,8,24,1,19,14,4,16,10,9,25,5,7,20,21,23,11,17,3,13,18,15,22,12,6,
machine4:0,14,9,5,21,23,11,3,13,18,15,
machine5:0,2,8,24,1,19,4,16,10,9,25,7,21,23,11,17,3,13,12,
machine6:0,2,8,24,1,19,4,16,25,7,21,23,11,17,3,13,
machine7:0,2,8,24,1,19,14,4,16,10,9,25,7,21,23,11,17,3,13,15,22,12,6,
machine8:0,2,8,24,1,19,4,16,7,23,11,13,
machine9:0,2,8,1,19,14,10,9,21,23,11,17,3,13,18,15,22,12,
machine10:0,2,8,1,19,14,10,9,21,23,11,17,3,13,18,15,12,
machine11:0,2,8,24,1,19,14,10,9,21,23,11,17,3,13,18,15,22,12,
machine12:0,2,8,1,19,10,9,21,23,11,17,3,13,18,12,
machine13:0,2,24,1,19,16,10,9,5,7,20,21,23,11,17,3,13,12,6,
machine14:0,1,19,10,9,7,21,11,17,3,13,
machine15:0,2,8,24,1,19,14,4,16,10,9,25,5,7,20,21,23,11,17,3,13,12,6,
machine16:0,1,9,7,21,11,17,3,
machine17:0,8,24,1,19,14,4,16,10,9,25,7,20,21,11,17,3,13,22,6,
machine18:0,8,24,1,16,10,9,7,21,17,3,13,22,
machine19:0,2,8,24,1,19,14,4,16,10,9,25,7,20,21,11,17,3,13,18,22,6,
machine20:0,8,24,1,16,10,9,7,21,3,22,

1to 1:
1to 2:6,15,11,17,2,
1to 3:9,
1to 4:7,23,3,
1to 5:22,14,8,19,24,
2to 1:22,12,25,19,13,
2to 2:
2to 3:11,10,
2to 4:6,4,8,24,17,
2to 5:16,2,9,1,21,
3to 1:15,23,17,2,1,
3to 2:22,24,3,
3to 3:
3to 4:12,14,11,13,9,21,
3to 5:18,10,
4to 1:10,5,20,8,
4to 2:9,12,7,13,14,16,23,21,
4to 3:19,3,1,2,
4to 4:
4to 5:4,25,17,
5to 1:6,16,21,18,3,11,7,4,
5to 2:25,
5to 3:24,8,14,13,
5to 4:10,20,1,19,
5to 5:

cell1:5,2,4,3,
cell2:1,4,3,5,
cell3:5,2,4,1,
cell4:5,1,3,2,
cell5:2,4,3,1,
