machine1:0,15,111,107,109,159,61,25,66,64,92,160,77,18,165,68,113,74,83,96,7,117,41,36,4,102,179,185,21,157,46,141,181,79,191,167,2,54,169,99,58,171,43,53,93,130,59,42,131,48,132,195,128,163,31,121,175,148,135,156,3,89,129,188,140,187,155,158,197,9,123,85,23,78,44,114,34,177,184,164,95,8,126,80,145,30,22,103,81,189,180,192,90,20,33,134,200,166,98,63,198,112,60,170,115,150,154,186,104,149,196,69,49,106,86,193,176,38,97,136,147,172,146,142,16,39,82,139,162,173,144,70,118,168,190,101,17,65,110,116,183,29,122,19,28,75,125,71,27,1,120,10,138,133,88,32,108,62,199,73,174,67,26,105,14,91,57,87,76,56,152,161,127,6,5,13,151,178,45,50,51,52,182,24,153,94,100,35,72,37,55,84,47,143,11,119,124,137,194,40,12,
machine2:0,15,111,109,159,61,25,66,64,92,160,77,18,165,68,113,74,96,7,117,41,36,4,102,179,185,21,157,46,141,181,79,191,167,2,54,169,99,58,171,43,53,93,130,59,42,131,48,132,195,128,163,31,121,175,148,156,3,89,129,140,155,158,197,9,123,85,78,44,177,164,95,8,126,145,22,103,180,20,198,112,115,150,104,149,69,49,106,86,38,97,136,172,146,82,139,173,70,101,116,183,29,19,28,75,125,71,1,10,138,133,88,62,73,105,91,6,5,13,151,51,24,35,72,37,84,47,143,119,124,40,12,
machine3:0,15,111,109,159,61,25,66,64,92,160,77,18,165,68,113,74,96,7,117,41,36,4,102,179,185,21,157,46,141,181,79,191,167,2,54,99,58,171,53,93,130,42,48,132,195,163,31,175,148,156,89,129,158,85,44,164,8,145,22,103,125,71,10,88,62,73,105,5,151,51,35,72,84,47,143,
machine4:0,15,159,61,66,64,92,68,83,7,41,36,185,141,167,2,99,171,43,53,93,130,59,121,156,89,140,155,158,177,164,126,80,20,33,166,170,115,149,69,106,142,139,173,168,17,110,29,75,10,138,133,32,67,91,57,5,13,151,45,50,52,24,35,37,84,47,143,11,119,124,137,194,40,12,
machine5:0,15,111,107,109,159,61,66,64,92,160,77,68,74,83,7,117,41,36,4,102,179,185,21,157,46,141,181,79,191,167,2,99,58,171,43,53,93,130,59,128,163,31,121,175,148,135,156,89,129,140,155,158,78,44,114,34,177,164,126,80,145,22,192,20,33,166,170,115,149,69,106,86,142,16,139,162,173,144,168,17,110,116,183,29,122,75,125,71,27,1,10,138,133,88,32,108,62,73,67,26,105,14,91,57,87,76,56,127,6,5,13,151,45,50,51,52,182,24,153,94,100,35,72,37,84,47,143,11,119,124,137,194,40,12,
machine6:0,15,111,107,109,159,61,25,66,64,92,77,18,165,68,113,74,96,7,117,41,36,4,102,179,185,21,157,141,181,79,191,167,2,99,58,43,53,93,130,59,42,131,48,132,163,31,121,175,148,135,156,89,129,188,140,187,155,158,9,85,23,78,44,114,34,177,164,95,8,126,80,145,22,189,180,192,90,20,33,134,200,166,98,63,112,60,170,150,186,104,149,196,49,106,86,193,176,38,136,147,172,142,39,82,139,162,173,144,70,118,168,190,17,65,29,19,28,75,125,27,1,120,10,138,88,108,62,199,73,174,67,26,105,91,57,87,76,56,127,5,13,151,45,50,51,52,182,24,100,72,37,55,84,47,11,119,124,137,194,40,12,
machine7:0,15,111,107,109,25,66,64,92,77,18,68,113,96,7,36,4,179,185,21,141,181,79,191,167,99,58,53,130,59,42,131,48,132,121,175,148,135,156,89,129,140,155,158,9,85,78,44,114,34,177,164,95,8,126,80,145,22,189,180,20,33,134,200,112,186,104,196,49,86,193,176,136,147,172,142,39,139,173,144,70,118,168,190,17,65,29,19,28,75,125,1,10,138,88,108,62,199,73,174,105,91,57,87,76,5,13,51,52,72,37,84,47,11,119,124,137,194,
machine8:0,111,107,109,25,64,77,18,68,113,96,7,4,179,185,21,191,167,99,58,42,132,121,175,156,89,155,85,95,8,126,80,145,22,189,134,200,144,17,29,28,75,125,10,88,62,73,174,91,57,87,76,51,52,37,47,119,124,137,
machine9:0,15,111,109,159,61,66,64,92,160,77,18,165,68,113,74,83,96,7,41,36,4,179,185,21,157,46,141,181,79,191,54,99,58,43,53,93,130,59,42,131,48,132,163,121,175,148,135,156,3,129,188,140,155,158,9,85,78,114,164,95,8,126,80,145,30,22,103,81,189,180,192,20,33,134,200,166,98,198,112,170,115,150,186,104,149,196,69,49,106,193,38,146,142,16,39,139,173,144,118,168,101,17,110,116,29,122,19,28,75,125,27,1,120,10,133,88,32,62,199,73,174,67,26,105,14,91,57,76,152,161,127,6,5,13,151,178,50,51,24,153,94,100,35,72,37,84,47,143,11,119,124,137,40,
machine10:0,15,109,159,66,64,92,77,165,68,113,74,83,96,7,36,4,179,185,21,157,46,141,181,79,191,99,53,93,59,42,48,132,163,121,175,135,156,3,129,188,140,155,158,85,78,114,164,95,8,80,145,30,22,189,33,166,198,112,170,115,69,106,146,142,16,39,144,118,168,101,110,116,29,19,28,125,120,10,133,88,32,62,199,73,174,67,105,91,57,152,161,127,6,5,13,151,178,51,24,153,94,35,72,37,84,47,143,11,124,137,
machine11:0,15,109,66,92,77,165,68,74,83,96,7,36,4,185,21,157,46,141,181,79,191,53,59,42,48,121,175,135,156,3,129,140,155,158,85,78,164,95,8,80,30,189,166,170,146,142,16,39,144,29,28,125,120,10,88,32,62,73,67,105,91,57,161,6,5,13,151,24,94,35,72,37,84,47,143,11,137,
machine12:0,15,111,109,159,61,66,92,77,68,7,36,179,141,181,2,54,99,58,93,59,42,132,195,121,175,135,89,129,158,78,114,177,164,95,126,80,20,33,98,63,60,115,106,193,97,136,146,142,16,144,168,28,75,71,1,120,138,133,88,32,62,73,174,67,105,57,76,161,5,13,178,182,24,94,35,72,37,47,143,11,137,40,
machine13:0,15,111,109,159,61,66,64,92,77,68,96,7,117,36,4,102,179,185,46,141,181,79,191,167,2,54,169,99,58,93,130,59,42,131,132,195,128,121,175,135,156,3,89,129,187,155,158,197,78,44,114,34,177,184,164,95,126,80,145,22,81,189,192,90,20,33,98,63,60,115,150,154,186,104,196,106,193,176,97,136,172,146,142,16,139,173,144,168,190,17,110,116,29,19,28,75,125,71,1,120,138,133,88,32,62,199,73,174,67,26,105,57,87,76,56,161,127,6,5,13,178,182,24,94,35,72,37,55,84,47,143,11,119,124,137,194,40,12,
machine14:0,15,111,107,109,159,61,25,66,64,92,77,18,165,68,113,74,83,96,7,117,41,36,4,102,179,185,21,157,46,141,181,79,191,167,2,99,58,171,43,53,130,59,42,131,48,195,121,175,148,135,156,129,140,187,155,158,9,123,85,78,114,34,177,184,164,95,8,126,145,22,103,189,180,192,90,20,134,200,166,63,198,112,170,115,150,154,149,69,106,193,38,97,136,147,16,82,139,162,173,144,70,101,17,183,29,122,19,28,75,125,27,1,120,10,138,133,88,32,108,62,199,73,174,105,14,91,57,87,76,56,152,5,13,151,50,51,182,24,153,94,72,37,55,84,47,143,11,119,124,137,194,12,
machine15:0,15,111,107,159,25,66,64,92,77,18,68,113,74,83,96,7,117,41,36,4,102,185,21,157,46,141,181,79,191,167,2,99,58,43,53,130,59,48,121,148,135,156,129,140,187,155,158,85,78,164,95,126,145,22,189,90,20,198,112,150,69,97,136,147,82,139,162,173,144,70,17,183,29,19,28,75,125,1,133,88,32,108,62,199,73,105,14,91,87,56,152,5,151,51,94,72,37,55,84,47,143,11,119,124,137,12,
machine16:0,15,111,107,25,66,64,77,18,83,96,7,41,36,102,185,21,141,79,191,2,99,58,43,53,59,48,121,148,135,129,140,187,158,85,78,164,95,126,189,20,112,136,139,173,70,29,75,125,1,133,88,32,62,73,105,91,87,5,151,51,72,84,143,11,137,
machine17:0,15,111,66,64,77,18,74,96,41,4,179,185,157,141,79,191,167,2,99,58,53,59,42,131,48,195,175,3,129,140,158,85,78,44,164,95,126,22,189,20,134,112,170,142,139,173,144,70,118,190,17,65,122,28,125,1,120,133,62,199,73,174,67,105,57,127,151,52,100,72,55,143,11,124,137,
machine18:0,15,111,159,66,64,92,77,18,68,113,74,96,41,36,4,179,185,157,141,181,79,191,167,2,54,169,99,58,53,93,130,59,42,131,48,195,128,163,121,175,148,135,156,3,129,188,140,155,158,197,9,123,85,23,78,44,164,95,126,80,30,22,103,81,189,180,192,20,134,166,198,112,170,150,104,106,176,38,136,147,142,39,139,173,144,70,118,168,190,17,65,110,29,122,28,75,125,71,1,120,10,133,88,62,199,73,174,67,105,91,57,87,161,127,6,5,151,45,51,52,24,153,100,35,72,37,55,84,47,143,11,119,124,137,
machine19:0,15,111,61,66,64,92,160,18,68,7,36,102,179,46,141,181,79,167,2,54,99,43,53,93,130,59,132,121,175,148,135,156,89,129,155,158,197,85,23,78,44,114,34,177,184,164,95,126,22,189,90,115,154,38,142,139,173,144,17,116,183,29,122,28,125,88,32,105,91,57,56,127,6,5,13,151,50,35,72,84,47,11,119,124,137,194,
machine20:0,15,111,107,61,25,66,64,92,160,77,18,165,68,113,83,7,36,4,102,179,21,46,141,181,79,191,167,2,54,169,99,58,43,53,93,130,59,42,132,195,128,121,175,148,135,156,3,89,129,188,140,155,158,197,9,123,85,23,78,44,114,34,177,184,164,95,8,126,30,22,103,81,189,90,20,134,200,63,198,112,60,170,115,154,196,106,38,147,142,16,39,139,162,173,144,70,17,116,183,29,122,28,75,125,88,32,62,199,73,174,67,105,91,57,87,76,56,152,127,6,5,13,151,50,51,52,24,94,100,35,72,84,47,143,11,119,124,137,194,40,12,

1to 1:
1to 2:108,45,163,27,122,83,52,138,114,87,32,46,177,21,2,141,4,151,130,88,144,59,158,36,
1to 3:31,172,49,196,186,39,193,34,117,107,192,168,41,131,43,140,174,135,175,28,137,105,29,
1to 4:153,50,16,30,116,54,19,132,157,67,80,10,42,37,24,185,64,121,173,57,124,78,155,58,62,
1to 5:178,98,190,26,182,184,187,90,161,94,150,120,3,136,89,133,102,189,93,96,13,139,47,84,
1to 6:63,14,152,55,103,165,76,145,48,166,77,91,95,75,22,51,5,11,85,179,181,156,15,129,191,53,
1to 7:123,65,71,118,197,100,81,128,195,180,9,127,148,44,199,164,167,79,73,66,111,
1to 8:23,162,154,60,188,56,200,169,12,40,6,8,142,18,35,7,125,99,72,
2to 1:31,171,162,86,100,69,128,33,106,170,10,140,102,93,139,7,167,179,84,181,99,72,156,15,
2to 2:
2to 3:182,56,67,194,80,109,148,177,92,21,185,151,121,57,78,155,129,62,
2to 4:192,40,61,166,13,1,22,11,105,
2to 5:71,16,110,117,168,32,127,119,24,88,79,66,17,126,191,
2to 6:108,50,149,27,34,107,83,12,41,157,138,74,68,37,158,58,111,
2to 7:153,163,159,122,142,143,20,135,91,130,173,5,47,59,
2to 8:160,183,116,94,114,76,87,43,115,44,77,2,175,64,75,51,164,137,124,73,
3to 1:50,37,20,200,59,75,56,82,85,26,144,19,191,24,89,60,47,78,52,149,104,45,9,
3to 2:58,127,86,107,170,125,106,145,162,64,93,156,99,29,179,51,175,166,53,157,142,
3to 3:
3to 4:114,139,148,163,141,188,73,76,109,159,88,150,49,72,91,158,130,74,84,196,36,48,15,96,165,118,
3to 5:57,77,173,185,193,33,181,186,80,111,132,61,1,172,
3to 6:137,167,25,147,121,21,180,135,164,105,13,119,7,42,151,79,87,92,187,43,134,124,112,
3to 7:4,38,190,131,155,140,41,2,22,55,176,18,62,
3to 8:126,63,70,5,34,90,199,68,66,100,194,28,113,17,174,177,
4to 1:135,96,145,142,21,28,175,92,120,6,137,161,193,101,76,112,134,114,40,95,94,41,163,174,109,166,127,150,
4to 2:111,129,35,43,69,149,16,168,20,7,80,14,185,115,160,
4to 3:156,22,59,68,119,27,26,33,113,93,191,100,104,98,180,200,
4to 4:
4to 5:73,4,99,155,116,146,75,196,
4to 6:36,84,173,139,130,144,141,29,66,126,18,62,189,47,159,8,199,131,
4to 7:11,179,17,37,125,77,1,181,133,67,106,64,78,85,39,30,51,110,192,10,188,74,
4to 8:158,140,57,32,15,132,143,46,53,58,170,38,3,83,105,198,152,165,61,13,50,
5to 1:5,29,35,36,64,105,124,131,132,138,143,164,168,169,177,197,97,55,176,110,192,154,146,
5to 2:6,13,61,62,68,155,167,173,26,159,44,116,33,92,
5to 3:4,15,20,37,40,42,72,102,126,136,142,145,12,76,190,
5to 4:17,46,66,77,115,125,133,144,186,98,178,
5to 5:
5to 6:1,19,24,56,88,94,109,114,117,120,174,182,193,194,
5to 7:3,54,57,58,75,80,87,104,119,121,156,158,175,185,189,
5to 8:11,59,67,78,79,81,84,89,93,95,106,111,128,129,135,141,179,181,184,195,196,
6to 1:153,147,187,198,34,117,195,122,12,157,74,87,194,32,133,46,119,189,13,185,121,130,155,58,
6to 2:171,182,183,76,10,109,148,1,135,22,57,73,78,
6to 3:63,108,82,149,90,150,19,8,138,114,70,9,61,48,173,5,144,11,47,158,17,53,
6to 4:101,14,38,27,69,106,43,134,140,143,4,75,51,164,79,99,129,
6to 5:97,159,192,131,145,115,199,177,2,175,7,125,95,137,167,124,59,29,
6to 6:
6to 7:103,112,120,136,170,174,113,42,96,68,141,24,28,151,88,105,84,36,72,126,
6to 8:123,16,25,102,92,21,20,139,91,85,156,191,62,
7to 1:23,39,159,136,70,48,113,42,68,1,4,57,158,17,
7to 2:71,110,41,74,133,77,37,75,121,164,79,105,181,126,15,
7to 3:65,45,118,147,120,157,87,10,127,166,199,96,139,24,64,125,91,51,88,124,179,73,99,66,111,
7to 4:81,161,104,6,112,168,180,9,142,170,18,175,95,5,137,29,191,53,
7to 5:176,55,106,67,44,92,35,135,141,28,130,11,72,78,129,
7to 6:153,38,198,192,150,148,143,20,2,59,
7to 7:
7to 8:197,103,122,54,52,134,119,189,151,173,22,144,167,47,36,
8to 1:126,53,11,88,141,73,3,77,129,83,16,38,81,152,54,148,115,90,183,160,123,61,107,165,30,25,
8to 2:66,139,102,140,17,191,128,67,5,50,100,91,24,89,
8to 3:84,95,79,189,164,7,23,170,52,134,2,112,44,130,188,18,106,
8to 4:85,111,35,181,119,47,151,92,127,39,103,94,199,179,122,8,
8to 5:62,156,58,121,68,22,174,144,194,40,42,6,20,34,56,143,63,36,12,60,
8to 6:155,99,64,125,72,28,32,184,46,200,162,113,154,4,195,9,
8to 7:15,124,137,169,29,93,70,147,198,
8to 8:

cell1:5,8,3,7,2,4,6,
cell2:6,1,8,7,5,4,3,
cell3:2,4,8,6,1,5,7,
cell4:7,5,6,2,1,8,3,
cell5:8,6,7,3,1,2,4,
cell6:1,3,4,2,5,8,7,
cell7:6,1,4,8,3,5,2,
cell8:4,5,7,2,1,6,3,
