machine1:0,8,42,72,76,67,66,65,6,71,37,27,55,68,39,48,57,63,59,61,5,41,30,31,7,36,77,34,13,75,18,16,43,60,2,32,79,45,52,38,29,49,33,69,12,50,24,51,
machine2:0,8,54,42,9,10,35,72,76,3,67,26,66,65,6,71,37,27,55,11,46,23,68,39,4,17,48,57,63,25,59,22,61,5,64,53,41,47,30,31,7,78,36,77,40,34,13,15,75,28,44,58,18,16,74,1,43,60,2,32,79,45,52,38,14,70,29,49,33,69,19,12,80,20,50,56,73,21,24,51,62,
machine3:0,9,10,35,72,76,3,26,66,65,6,71,37,27,55,11,46,23,39,57,25,59,22,61,5,31,7,78,36,77,40,13,15,75,28,44,58,18,16,1,79,14,49,69,19,20,24,51,62,
machine4:0,8,54,9,10,35,72,76,3,67,26,66,65,6,71,37,27,55,11,46,23,39,4,17,48,57,63,25,59,22,61,5,64,47,30,31,7,78,36,77,40,13,15,75,28,44,58,18,16,74,1,60,2,32,79,45,52,38,14,70,29,49,69,19,80,20,50,56,73,21,24,51,62,
machine5:0,54,9,37,46,23,68,39,4,63,64,53,41,30,78,13,15,44,58,74,60,2,32,45,14,29,69,19,80,20,56,73,62,
machine6:0,8,54,42,9,72,76,3,26,66,65,6,71,37,27,55,11,46,23,68,39,4,17,48,57,63,25,59,22,5,64,53,41,47,30,31,7,78,36,77,40,34,13,15,75,28,44,58,18,74,1,43,60,2,32,79,45,52,38,14,70,29,49,33,69,19,12,80,20,50,56,73,21,24,51,62,
machine7:0,42,9,10,35,3,67,66,65,71,27,55,46,23,4,17,48,63,59,22,61,5,64,53,41,47,30,31,7,36,34,74,43,2,32,52,38,14,70,29,33,12,80,56,73,21,24,51,62,
machine8:0,8,54,42,9,10,35,72,3,67,26,66,65,71,27,55,11,46,23,68,39,4,17,48,63,25,59,22,61,5,64,53,41,47,30,31,7,36,77,40,34,13,15,28,58,16,74,1,43,2,32,52,38,14,70,29,33,12,80,50,56,73,21,24,51,62,

1to 1:
1to 2:47,6,10,48,53,19,68,57,33,27,35,44,72,28,42,54,79,16,67,18,38,63,31,25,41,39,74,11,58,75,71,3,17,1,60,26,73,4,40,55,61,2,22,32,9,8,20,24,49,50,46,51,62,64,13,15,56,23,14,77,7,36,
2to 1:48,19,76,37,57,33,35,43,72,28,42,54,34,38,78,45,63,31,41,39,74,11,30,58,75,71,3,17,1,60,26,70,40,55,66,12,59,9,21,8,24,65,69,50,5,51,52,64,15,23,14,77,29,7,36,80,
2to 2:

cell1:2,
cell2:1,
