machine1:0,57,15,69,41,3,30,39,13,26,49,19,27,16,60,46,36,38,59,43,66,48,1,11,17,63,6,21,67,52,40,24,9,28,8,32,31,56,33,65,44,23,2,14,55,22,70,42,54,18,35,64,5,34,61,62,45,
machine2:0,37,57,47,15,69,51,41,4,3,30,39,13,7,53,26,49,19,27,20,16,60,46,36,38,59,43,66,29,48,1,11,10,17,63,25,6,21,67,52,50,40,24,58,9,12,28,8,32,31,56,33,65,44,68,23,2,14,55,22,70,42,54,18,35,64,5,34,61,62,45,
machine3:0,37,57,47,69,51,41,4,3,30,39,13,7,53,49,19,20,16,60,36,38,59,43,66,29,1,11,10,17,63,25,21,67,50,40,58,9,12,28,8,31,33,65,44,68,23,2,55,42,35,64,5,61,62,45,
machine4:0,37,57,47,15,69,51,41,4,30,39,7,53,26,49,27,20,46,36,43,29,48,1,11,10,17,25,6,52,50,40,24,58,9,12,8,32,56,33,68,23,14,55,22,70,42,54,18,35,64,5,34,
machine5:0,37,57,47,15,69,51,41,4,3,30,39,13,7,53,26,49,19,27,20,16,60,46,36,38,59,43,66,29,48,1,11,10,17,63,25,6,21,67,52,50,40,24,58,9,12,28,8,32,31,56,33,65,44,68,23,2,14,55,22,70,42,54,18,35,64,5,34,61,62,45,
machine6:0,37,47,15,51,4,3,13,7,53,26,19,27,20,16,60,46,38,59,66,29,48,10,63,25,6,21,67,52,50,24,58,12,28,32,31,56,65,44,68,2,14,22,70,54,18,34,61,62,45,

1to 1:
1to 2:8,5,1,11,31,43,62,17,65,9,68,2,40,63,13,67,60,23,44,
1to 3:46,30,36,47,35,64,45,15,57,3,50,58,69,27,41,7,29,49,10,21,38,
1to 4:34,32,61,24,56,25,37,51,16,66,6,19,59,14,4,
2to 1:3,20,25,30,33,36,41,53,55,57,58,59,69,
2to 2:
2to 3:1,2,4,8,11,13,17,19,37,39,40,42,43,44,51,60,
2to 4:7,12,28,45,47,62,63,65,
3to 1:14,28,23,18,26,39,56,24,16,67,32,31,70,42,5,66,9,62,63,48,54,34,
3to 2:33,50,49,55,64,45,21,53,61,12,25,29,35,
3to 3:
3to 4:44,68,10,52,58,2,38,20,22,27,
4to 1:21,60,12,13,50,22,29,52,68,15,7,47,46,
4to 2:38,4,51,66,10,16,37,3,19,20,
4to 3:67,65,59,48,18,6,26,70,53,61,31,54,28,
4to 4:

cell1:3,2,4,
cell2:4,3,1,
cell3:4,1,2,
cell4:2,1,3,
