machine1:0,36,46,59,57,6,30,15,54,42,70,14,18,52,27,56,34,24,32,26,22,48,33,23,3,39,8,35,11,31,41,2,28,61,1,17,62,5,19,43,64,45,69,65,13,21,44,9,16,49,55,40,67,63,66,60,38,
machine2:0,36,46,59,57,6,30,15,54,47,7,42,70,58,14,18,52,27,56,34,24,32,26,22,48,12,33,23,3,39,8,35,25,20,11,31,41,2,28,61,53,29,1,37,17,62,5,19,43,64,45,69,65,13,68,4,21,44,9,16,49,50,55,51,40,10,67,63,66,60,38,
machine3:0,36,59,57,30,47,7,42,58,12,33,23,3,39,8,35,25,20,11,31,41,2,28,61,53,29,1,37,17,62,5,19,43,64,45,69,65,13,68,4,21,44,9,16,49,50,55,51,40,10,67,63,66,60,38,
machine4:0,36,46,57,6,30,15,54,47,7,42,70,58,14,18,52,27,56,34,24,32,26,22,48,12,33,23,39,8,35,25,20,11,41,53,29,1,37,17,5,43,64,69,68,4,9,49,50,55,51,40,10,
machine5:0,36,46,59,57,6,30,15,54,47,7,42,70,58,14,18,52,27,56,34,24,32,26,22,48,12,33,23,3,39,8,35,25,20,11,31,41,2,28,61,53,29,1,37,17,62,5,19,43,64,45,69,65,13,68,4,21,44,9,16,49,50,55,51,40,10,67,63,66,60,38,
machine6:0,46,59,6,15,54,47,7,70,58,14,18,52,27,56,34,24,32,26,22,48,12,3,25,20,31,2,28,61,53,29,37,62,19,45,65,13,68,4,21,44,16,50,51,10,67,63,66,60,38,

1to 1:
1to 2:8,5,1,11,31,43,62,17,65,9,68,2,40,63,13,67,60,23,44,
1to 3:46,30,36,47,35,64,45,15,57,3,50,58,69,27,41,7,29,49,10,21,38,
1to 4:34,32,61,24,56,25,37,51,16,66,6,19,59,14,4,
2to 1:3,20,25,30,33,36,41,53,55,57,58,59,69,
2to 2:
2to 3:1,2,4,8,11,13,17,19,37,39,40,42,43,44,51,60,
2to 4:7,12,28,45,47,62,63,65,
3to 1:34,63,48,54,9,62,66,67,16,31,70,5,24,32,23,56,42,26,39,14,18,28,
3to 2:35,29,12,25,21,61,55,49,53,45,64,33,50,
3to 3:
3to 4:27,38,2,20,22,58,10,44,68,52,
4to 1:7,12,13,15,21,22,29,46,47,50,52,60,68,
4to 2:3,4,10,16,19,20,37,38,51,66,
4to 3:6,18,26,28,31,48,53,54,59,61,65,67,70,
4to 4:

cell1:3,2,4,
cell2:4,3,1,
cell3:4,2,1,
cell4:3,2,1,
