machine1:0,116,19,69,108,105,88,72,111,51,47,61,37,12,57,29,102,40,87,117,104,31,97,112,23,30,18,98,115,9,43,66,91,96,16,48,75,85,60,49,41,53,118,59,11,17,103,21,25,28,67,2,1,50,73,71,38,13,44,10,93,15,45,20,109,63,92,65,76,89,90,54,24,78,86,74,84,
machine2:0,77,6,22,36,116,39,110,27,19,32,69,108,105,88,72,34,26,111,79,8,51,47,61,37,4,12,107,57,106,29,99,102,40,87,117,64,33,104,31,80,97,112,7,23,30,18,98,56,115,114,9,83,43,35,66,91,96,68,16,81,42,48,75,85,60,52,49,41,53,82,118,55,58,46,59,11,17,103,21,25,28,100,3,67,120,2,1,50,5,73,14,71,38,13,44,10,93,15,45,20,109,63,92,70,65,76,101,119,94,113,89,90,54,24,78,86,62,95,74,84,
machine3:0,77,22,116,39,27,32,108,72,51,4,12,57,99,102,87,64,33,80,97,112,43,91,48,85,41,118,103,21,100,3,67,120,2,1,5,73,71,38,13,44,93,45,20,109,63,92,70,65,101,94,113,54,78,86,62,74,84,
machine4:0,77,6,22,36,116,39,110,27,32,69,108,105,88,72,26,111,8,51,47,37,4,12,107,57,106,99,102,87,117,64,33,31,80,97,112,98,56,114,83,43,35,66,91,16,81,42,48,85,49,41,53,118,55,58,17,103,21,100,3,67,120,2,1,50,5,73,14,71,38,13,44,10,93,15,45,20,109,63,92,70,65,76,101,119,94,113,90,54,24,78,86,62,95,74,84,
machine5:0,77,6,22,36,116,39,110,19,32,69,108,88,34,111,79,8,51,47,61,37,4,12,57,106,99,102,40,87,64,33,104,31,80,97,112,7,30,18,56,115,114,9,83,43,66,91,96,68,16,81,42,48,85,60,52,49,41,53,82,118,55,58,46,59,11,103,21,25,28,100,3,67,2,1,50,5,73,14,71,38,13,44,10,93,45,109,63,92,70,119,94,113,89,90,54,24,78,86,62,95,74,84,
machine6:0,6,36,116,39,110,19,32,69,108,88,111,79,8,51,47,61,4,12,57,106,99,40,104,31,80,112,7,30,114,9,83,43,91,68,16,81,42,48,85,60,52,49,41,82,118,58,46,103,21,25,100,3,1,50,5,73,71,38,13,10,93,45,92,70,94,113,89,90,54,24,78,86,62,95,74,84,
machine7:0,36,39,108,88,111,8,47,61,57,106,99,31,112,7,30,83,43,91,68,85,52,118,58,46,25,1,38,13,93,94,113,89,90,54,24,78,86,95,
machine8:0,39,110,27,32,26,8,47,61,4,12,107,106,87,64,104,31,80,23,18,98,56,115,35,96,16,48,75,85,53,82,118,55,11,103,25,28,100,120,1,5,73,14,38,20,109,92,70,65,94,89,54,24,86,62,95,74,84,
machine9:0,22,36,39,110,27,19,32,69,105,88,26,111,79,8,47,61,37,4,12,107,57,106,102,87,117,64,104,31,80,97,112,23,30,18,98,56,115,114,9,43,35,96,68,16,81,42,48,75,85,53,82,118,55,58,46,11,17,103,21,25,28,100,3,67,120,2,1,5,73,14,71,38,13,44,10,93,15,45,20,109,63,92,70,65,76,101,119,94,113,89,90,54,24,78,86,62,95,74,84,
machine10:0,77,6,36,116,110,27,19,69,108,105,88,72,34,26,111,79,51,47,61,4,107,106,29,99,40,87,117,64,33,104,31,80,97,112,7,23,30,18,98,115,9,83,43,35,66,91,68,16,81,42,48,75,85,60,52,41,53,82,118,55,46,59,11,17,103,21,25,28,100,3,120,2,1,50,5,73,14,71,38,13,44,10,93,15,45,20,109,63,92,70,65,76,101,119,94,113,89,90,54,24,78,86,62,95,74,84,
machine11:0,19,72,34,26,111,79,47,4,29,99,40,87,33,104,31,80,97,112,7,30,9,83,43,35,66,91,16,81,42,48,75,85,60,41,82,118,55,59,11,17,103,100,3,120,2,1,50,5,73,14,38,13,44,10,15,45,20,109,92,70,65,101,119,113,89,90,24,78,86,62,95,74,84,
machine12:0,19,34,26,79,4,29,99,87,104,31,80,97,112,7,9,83,43,35,66,91,16,48,60,41,55,11,103,100,120,2,5,73,14,13,44,15,45,109,92,70,65,101,119,89,90,24,78,62,95,

1to 1:
1to 2:22,114,72,102,106,36,39,57,51,32,83,99,76,101,119,24,91,43,
1to 3:37,69,7,77,33,19,34,60,66,116,46,14,55,100,25,6,41,2,44,88,111,4,89,95,92,80,54,
1to 4:96,81,64,75,115,82,53,42,97,79,17,30,15,26,21,71,65,93,10,118,31,90,63,94,109,86,
1to 5:23,35,104,27,105,59,11,50,112,108,110,120,45,113,62,5,20,74,78,70,84,
2to 1:71,116,98,69,33,88,58,35,55,56,27,117,80,65,38,49,1,95,13,8,15,105,17,
2to 2:
2to 3:81,50,112,86,45,110,108,36,87,73,21,16,22,62,90,42,39,32,85,
2to 4:106,14,5,67,12,78,114,120,101,84,119,70,76,74,113,
2to 5:97,100,4,91,48,118,93,47,53,3,111,41,24,54,103,94,63,107,
3to 1:118,108,61,113,102,114,18,64,40,99,104,78,11,94,96,53,74,3,12,90,62,48,93,50,
3to 2:14,37,1,49,56,103,67,71,58,31,13,38,70,63,41,84,
3to 3:
3to 4:92,54,24,100,45,8,57,44,68,16,25,2,28,47,55,
3to 5:51,87,7,46,52,60,77,66,85,89,95,73,86,33,116,6,83,9,109,43,82,81,115,10,88,21,
4to 1:37,22,67,39,107,19,110,9,57,28,32,45,103,36,47,70,111,85,20,
4to 2:117,48,100,73,80,87,8,112,118,69,26,3,27,44,105,94,93,4,88,
4to 3:10,56,11,97,115,5,102,82,43,63,38,58,119,12,1,109,
4to 4:
4to 5:13,18,31,42,106,55,2,92,90,64,68,98,15,61,79,76,30,65,16,25,
5to 1:4,34,44,72,75,51,26,54,43,52,87,68,101,86,16,81,29,97,21,14,83,73,119,
5to 2:109,2,6,110,5,17,113,77,42,120,74,10,64,98,92,78,20,66,
5to 3:24,99,18,28,40,47,31,106,61,13,3,84,91,59,71,79,30,53,48,
5to 4:95,117,38,1,80,23,46,36,35,111,107,112,104,19,62,89,9,85,69,103,
5to 5:

cell1:2,3,4,5,
cell2:3,5,1,4,
cell3:1,2,4,5,
cell4:5,3,2,1,
cell5:3,2,1,4,
