machine1:0,18,37,72,69,117,116,112,29,115,105,49,31,30,91,19,104,67,97,98,96,51,118,102,66,108,10,60,23,87,41,40,28,57,2,88,17,59,11,61,44,65,21,75,48,111,53,50,12,1,93,13,109,20,38,92,15,63,71,9,45,25,103,76,78,43,47,90,73,16,24,89,54,74,86,85,84,
machine2:0,77,6,22,36,18,37,72,39,69,117,116,112,56,34,58,29,33,115,105,106,49,31,7,30,91,110,19,64,104,67,42,97,114,98,96,51,118,27,79,102,32,52,99,66,35,108,10,81,46,82,60,23,87,41,40,100,55,28,57,2,88,17,59,11,61,68,44,65,21,75,48,83,111,53,50,12,1,93,13,109,20,38,107,26,92,15,5,120,4,63,71,14,9,45,119,25,103,101,76,80,94,78,43,47,90,113,70,73,3,16,24,89,8,62,95,54,74,86,85,84,
machine3:0,77,22,72,39,116,112,33,91,64,67,97,51,118,27,102,32,99,108,87,41,100,57,2,44,65,21,48,12,1,93,13,109,20,38,92,5,120,4,63,71,45,103,101,80,94,78,43,113,70,73,3,62,54,74,86,85,84,
machine4:0,77,6,22,36,37,72,39,69,117,116,112,56,58,33,105,106,49,31,91,110,64,67,42,97,114,98,51,118,27,102,32,99,66,35,108,10,81,87,41,100,55,57,2,88,17,44,65,21,48,83,111,53,50,12,1,93,13,109,20,38,107,26,92,15,5,120,4,63,71,14,45,119,103,101,76,80,94,78,43,47,90,113,70,73,3,16,24,8,62,95,54,74,86,85,84,
machine5:0,77,6,22,36,18,37,39,69,116,112,56,34,58,33,115,106,49,31,7,30,91,110,19,64,104,67,42,97,114,96,51,118,79,102,32,52,99,66,108,10,81,46,82,60,87,41,40,100,55,28,57,2,88,59,11,61,68,44,21,48,83,111,53,50,12,1,93,13,109,38,92,5,4,63,71,14,9,45,119,25,103,80,94,78,43,47,90,113,70,73,3,16,24,89,8,62,95,54,74,86,85,84,
machine6:0,6,36,39,69,116,112,58,106,49,31,7,30,91,110,19,104,42,114,51,118,79,32,52,99,108,10,81,46,82,60,41,40,100,57,88,61,68,21,48,83,111,50,12,1,93,13,38,92,5,4,71,9,45,25,103,80,94,78,43,47,90,113,70,73,3,16,24,89,8,62,95,54,74,86,85,84,
machine7:0,36,39,112,58,106,31,7,30,91,118,52,99,108,46,57,88,61,68,83,111,1,93,13,38,25,94,78,43,47,90,113,24,89,8,95,54,86,85,
machine8:0,18,39,56,115,106,31,110,64,104,98,96,118,27,32,35,82,23,87,100,55,28,11,61,65,75,48,53,12,1,109,20,38,107,26,92,5,120,4,14,25,103,80,94,47,70,73,16,24,89,8,62,95,54,74,86,85,84,
machine9:0,22,36,18,37,39,69,117,112,56,58,115,105,106,31,30,110,19,64,104,67,42,97,114,98,96,118,27,79,102,32,35,10,81,46,82,23,87,100,55,28,57,2,88,17,11,61,68,44,65,21,75,48,111,53,12,1,93,13,109,20,38,107,26,92,15,5,120,4,63,71,14,9,45,119,25,103,101,76,80,94,78,43,47,90,113,70,73,3,16,24,89,8,62,95,54,74,86,85,84,
machine10:0,77,6,36,18,72,69,117,116,112,34,29,33,115,105,106,31,7,30,91,110,19,64,104,42,97,98,51,118,27,79,52,99,66,35,108,10,81,46,82,60,23,87,41,40,100,55,28,2,88,17,59,11,61,68,44,65,21,75,48,83,111,53,50,1,93,13,109,20,38,107,26,92,15,5,120,4,63,71,14,9,45,119,25,103,101,76,80,94,78,43,47,90,113,70,73,3,16,24,89,62,95,54,74,86,85,84,
machine11:0,72,112,34,29,33,31,7,30,91,19,104,42,97,118,79,99,66,35,10,81,82,60,87,41,40,100,55,2,17,59,11,44,65,75,48,83,111,50,1,13,109,20,38,26,92,15,5,120,4,14,9,45,119,103,101,80,78,43,47,90,113,70,73,3,16,24,89,62,95,74,86,85,84,
machine12:0,112,34,29,31,7,91,19,104,97,79,99,66,35,60,87,41,100,55,2,11,44,65,48,83,13,109,26,92,15,5,120,4,14,9,45,119,103,101,80,78,43,90,70,73,16,24,89,62,95,

1to 1:
1to 2:22,114,72,102,106,36,39,57,51,32,83,99,76,101,119,24,91,43,
1to 3:37,69,7,77,33,19,34,60,66,116,46,14,55,100,25,6,41,2,44,88,111,4,89,95,92,80,54,
1to 4:96,81,64,75,115,82,53,42,97,79,17,30,15,26,21,71,65,93,10,118,31,90,63,94,109,86,
1to 5:23,35,104,27,105,59,11,50,112,108,110,120,45,113,62,5,20,74,78,70,84,
2to 1:71,116,98,69,33,88,58,35,55,56,27,117,80,65,38,49,1,95,13,8,15,105,17,
2to 2:
2to 3:81,50,112,86,45,110,108,36,87,73,21,16,22,62,90,42,39,32,85,
2to 4:106,14,5,67,12,78,114,120,101,84,119,70,76,74,113,
2to 5:97,100,4,91,48,118,93,47,53,3,111,41,24,54,103,94,63,107,
3to 1:118,108,61,113,102,114,18,64,40,99,104,78,11,94,96,53,74,3,12,90,62,48,93,50,
3to 2:14,37,1,49,56,103,67,71,58,31,13,38,70,63,41,84,
3to 3:
3to 4:92,54,24,100,45,8,57,44,68,16,25,2,28,47,55,
3to 5:51,87,7,46,52,60,77,66,85,89,95,73,86,33,116,6,83,9,109,43,82,81,115,10,88,21,
4to 1:37,22,67,39,107,19,110,9,57,28,32,45,103,36,47,70,111,85,20,
4to 2:117,48,100,73,80,87,8,112,118,69,26,3,27,44,105,94,93,4,88,
4to 3:10,56,11,97,115,5,102,82,43,63,38,58,119,12,1,109,
4to 4:
4to 5:13,18,31,42,106,55,2,92,90,64,68,98,15,61,79,76,30,65,16,25,
5to 1:4,34,44,72,75,51,26,54,43,52,87,68,101,86,16,81,29,97,21,14,83,73,119,
5to 2:109,2,6,110,5,17,113,77,42,120,74,10,64,98,92,78,20,66,
5to 3:24,99,18,28,40,47,31,106,61,13,3,84,91,59,71,79,30,53,48,
5to 4:95,117,38,1,80,23,46,36,35,111,107,112,104,19,62,89,9,85,69,103,
5to 5:

cell1:2,3,4,5,
cell2:3,5,1,4,
cell3:1,2,4,5,
cell4:5,3,2,1,
cell5:3,2,1,4,
