machine1:0,19,39,29,44,40,35,8,23,45,26,30,33,36,3,11,41,2,17,5,31,12,9,15,22,10,38,28,32,43,6,37,14,1,
machine2:0,20,19,39,42,29,24,40,35,8,34,23,18,13,30,33,36,3,11,7,41,25,17,5,12,9,15,22,10,38,28,32,27,16,43,6,37,14,1,
machine3:0,4,42,29,24,35,21,18,45,13,26,30,33,36,3,7,41,2,17,5,31,12,9,15,22,10,38,28,32,27,16,43,37,14,1,
machine4:0,20,39,42,44,24,40,8,34,21,45,13,26,30,36,3,7,25,17,5,31,12,9,15,22,10,38,32,16,43,6,37,14,1,
machine5:0,4,20,19,39,42,29,44,24,40,35,34,21,18,45,13,26,30,33,3,11,7,41,2,17,5,31,12,9,15,22,10,38,28,32,27,16,43,6,37,14,1,
machine6:0,4,20,39,29,44,24,40,35,8,34,21,23,18,45,13,26,30,33,36,3,11,7,41,25,2,17,5,31,12,9,15,22,10,38,28,32,27,16,43,6,37,14,1,
machine7:0,4,20,39,42,29,44,24,40,35,8,34,21,23,18,45,26,30,33,36,3,11,7,41,25,2,17,5,31,12,9,15,22,10,38,28,32,27,16,43,6,37,14,1,
machine8:0,4,20,39,42,29,44,24,40,35,8,34,21,23,18,13,26,30,33,36,3,11,7,41,25,2,17,5,31,12,9,15,22,10,38,28,32,27,16,43,6,37,14,1,
machine9:0,4,20,19,42,29,44,24,40,8,34,21,18,45,13,26,30,36,3,11,7,41,25,2,17,5,31,12,9,15,22,10,38,28,32,27,16,43,6,37,14,1,
machine10:0,20,19,39,42,29,44,24,40,35,8,34,18,45,13,26,33,36,3,7,41,25,2,17,5,31,12,9,15,22,10,38,28,27,16,43,6,37,14,1,
machine11:0,4,20,39,42,44,24,40,35,8,34,21,23,13,30,33,36,3,7,41,2,17,5,31,12,9,15,22,10,32,27,16,43,6,37,14,1,
machine12:0,19,39,42,29,44,24,40,35,8,34,21,23,18,45,13,26,30,33,36,3,11,7,41,25,2,17,5,31,12,9,15,22,10,38,28,32,27,16,43,6,37,14,1,
machine13:0,4,20,19,39,42,29,44,24,40,35,8,34,23,18,45,13,26,30,33,36,3,11,7,41,25,2,5,31,12,9,15,22,10,38,28,32,27,16,43,6,37,14,1,

1to 1:
1to 2:1,2,3,4,5,6,7,8,11,12,13,21,23,24,25,26,29,30,31,33,35,36,37,38,39,40,41,42,43,44,20,34,19,14,18,15,17,45,16,28,27,32,10,22,9,
1to 3:2,3,4,5,8,9,11,12,13,16,21,22,23,24,25,27,28,29,30,31,33,35,39,40,41,43,45,34,7,14,6,17,20,42,18,26,36,32,37,15,10,38,1,
1to 4:2,3,4,5,7,8,9,11,14,17,21,22,24,25,26,28,29,30,33,35,37,39,40,41,43,44,45,20,19,15,42,36,18,23,13,32,1,38,12,16,10,6,31,27,
1to 5:2,3,5,8,11,12,13,17,18,22,23,24,25,29,30,31,33,35,39,40,41,42,43,45,36,28,20,15,19,32,9,26,16,7,10,14,27,38,37,6,1,
2to 1:2,3,4,8,10,11,12,13,14,15,16,19,20,25,28,29,31,36,38,39,41,44,45,42,21,40,35,26,34,17,24,6,1,30,33,37,27,7,5,32,22,9,43,
2to 2:
2to 3:1,2,3,5,8,10,11,12,13,15,16,18,20,23,24,28,29,32,33,36,38,39,41,42,45,40,21,35,44,4,30,9,26,34,17,7,14,6,25,27,31,43,22,37,
2to 4:1,2,3,6,8,10,11,13,15,16,18,19,20,22,25,28,29,31,33,34,35,36,38,41,42,43,44,4,39,30,21,5,24,26,7,14,12,40,27,17,9,32,37,
2to 5:1,3,6,8,9,10,12,13,15,16,18,19,20,21,23,28,31,32,34,36,37,39,41,43,44,45,11,29,24,14,17,40,27,35,26,2,30,38,7,33,25,22,5,
3to 1:3,4,5,6,8,11,13,14,17,18,21,22,23,24,25,26,29,30,31,33,34,36,37,39,40,42,43,45,12,35,20,44,9,38,27,7,41,16,2,28,10,1,15,32,
3to 2:2,3,4,5,7,8,11,12,13,18,22,24,26,28,29,30,31,36,38,39,40,42,43,45,20,15,34,33,35,44,21,41,6,17,32,9,10,14,1,37,27,16,
3to 3:
3to 4:1,2,3,4,5,8,11,13,14,16,22,23,24,30,31,32,36,37,38,39,40,42,44,45,20,41,6,34,7,12,33,26,18,21,35,15,9,25,10,17,43,27,28,
3to 5:1,3,5,7,8,11,13,15,16,22,23,24,25,29,30,32,33,36,39,40,42,44,45,17,12,41,20,35,18,34,26,27,28,10,38,2,14,31,9,6,37,43,
4to 1:2,3,5,6,8,10,11,12,13,14,16,18,21,22,23,24,25,26,27,28,31,33,34,35,36,38,40,42,43,44,45,1,39,30,19,15,20,17,32,7,41,37,9,
4to 2:2,3,5,6,8,9,10,11,14,16,18,22,24,28,31,33,34,35,36,40,41,42,44,45,17,32,7,25,21,20,39,37,19,30,13,38,12,43,1,15,27,
4to 3:2,3,4,5,8,11,13,14,17,21,22,25,26,27,28,31,32,33,34,35,36,37,38,39,40,41,42,44,45,12,43,20,24,15,9,18,7,30,16,1,10,6,
4to 4:
4to 5:2,3,6,10,11,14,17,18,20,22,26,27,28,29,33,34,35,36,38,39,40,41,42,44,45,8,43,19,5,37,12,30,24,23,7,15,25,16,1,13,9,31,32,
5to 1:5,6,7,8,10,11,12,18,22,23,25,29,30,31,32,33,34,35,36,37,38,39,40,41,42,43,44,24,14,19,9,26,13,45,3,2,17,28,27,16,15,1,
5to 2:2,3,7,8,12,13,14,16,18,19,22,23,29,30,32,33,34,35,36,39,40,41,42,44,4,26,6,11,28,24,9,15,45,17,5,37,31,1,10,38,27,43,
5to 3:5,7,8,9,11,12,15,17,18,20,22,23,25,29,31,34,35,36,37,39,40,42,43,44,33,4,24,26,3,27,13,30,10,45,41,1,2,16,32,28,14,6,38,
5to 4:3,5,6,7,8,9,10,12,14,17,18,20,22,23,25,28,29,31,33,34,35,36,38,39,40,41,42,43,45,13,30,19,1,24,2,15,26,11,32,27,16,37,
5to 5:

cell1:3,4,5,2,
cell2:3,5,4,1,
cell3:5,2,4,1,
cell4:2,1,5,3,
cell5:4,3,2,1,
