machine1:0,6,27,62,85,10,67,17,86,89,81,76,42,87,8,72,90,33,26,22,57,46,39,53,37,75,30,45,58,13,55,18,82,48,29,84,66,7,50,2,83,41,60,61,24,80,12,59,64,51,69,23,32,14,
machine2:0,19,6,27,62,85,10,25,47,67,17,86,68,35,89,43,79,81,76,44,71,42,34,21,87,8,72,90,33,26,22,40,1,57,46,39,53,37,75,30,4,45,58,13,88,31,55,63,18,82,54,11,48,29,84,16,66,56,78,7,28,50,2,83,36,74,41,73,60,61,24,65,38,3,80,5,12,59,15,49,20,9,64,51,52,69,70,23,32,77,14,
machine3:0,19,27,62,85,25,68,89,43,81,76,44,71,87,90,33,26,22,1,39,37,45,58,13,88,31,63,82,11,29,84,16,78,7,83,36,74,41,73,61,24,65,3,80,5,15,49,20,9,51,32,77,
machine4:0,19,6,27,62,85,25,68,89,43,79,81,76,44,71,42,34,21,87,8,90,33,26,22,1,46,39,53,37,30,4,45,58,13,88,31,55,63,18,82,11,48,29,84,16,66,56,78,7,28,50,2,83,36,74,41,73,61,24,65,38,3,80,5,12,59,15,49,20,9,64,51,52,69,70,23,32,77,14,
machine5:0,62,85,47,67,17,86,35,43,81,44,71,21,87,72,90,40,46,39,75,30,4,13,31,55,63,54,11,48,66,56,7,28,50,2,36,65,38,5,59,15,20,9,51,52,70,23,14,
machine6:0,6,27,62,85,10,25,47,67,17,86,68,35,89,43,79,81,76,44,71,42,34,21,87,8,72,90,40,57,46,39,75,30,4,45,58,13,31,55,63,82,54,11,48,29,84,66,56,7,28,50,2,83,36,74,41,73,60,24,65,38,3,5,12,59,15,49,20,9,64,51,52,69,70,23,32,77,14,
machine7:0,19,27,10,47,35,89,79,71,34,72,22,40,1,57,46,53,37,30,4,88,31,55,63,18,54,29,84,16,66,56,78,2,83,36,74,73,60,61,24,65,38,3,80,5,59,9,64,52,69,23,32,77,14,
machine8:0,19,6,27,62,10,25,47,67,17,86,68,35,89,79,81,71,42,34,21,8,72,33,26,22,40,1,57,46,39,53,37,75,30,4,58,13,88,31,55,63,18,54,48,29,84,16,66,56,78,7,28,2,83,36,74,41,73,60,61,24,65,38,3,80,5,12,59,15,49,9,64,51,52,69,70,23,32,77,14,

1to 1:
1to 2:9,59,63,79,83,1,11,6,49,66,55,8,76,20,51,39,43,50,41,82,45,88,44,
1to 3:13,14,85,57,81,21,89,17,90,28,67,56,72,25,52,12,4,68,46,24,
1to 4:36,64,2,7,71,31,27,58,35,18,62,47,48,19,26,32,77,29,15,40,30,42,78,5,65,34,
2to 1:26,61,56,78,53,52,80,68,90,18,13,22,62,42,24,31,37,
2to 2:
2to 3:79,11,23,65,7,76,58,59,5,2,77,43,45,64,39,74,44,48,55,87,49,3,84,32,
2to 4:16,63,33,14,46,28,38,25,88,8,69,73,1,83,70,4,6,
3to 1:6,10,86,54,40,82,87,63,30,83,74,34,2,84,50,58,8,66,20,32,9,51,69,15,23,7,77,
3to 2:27,85,25,42,71,38,70,21,73,4,62,36,29,14,
3to 3:
3to 4:75,60,68,41,81,3,39,24,59,56,89,12,
4to 1:46,79,16,41,57,28,60,75,38,72,3,17,73,21,70,55,33,49,67,
4to 2:13,64,89,15,84,23,61,30,53,48,65,74,52,12,81,34,22,19,80,5,37,
4to 3:9,71,31,27,51,86,54,36,69,47,35,66,10,29,
4to 4:

cell1:4,2,3,
cell2:4,1,3,
cell3:1,2,4,
cell4:2,3,1,
