machine1:0,6,30,48,86,81,27,10,33,17,58,26,22,53,57,75,72,83,18,87,37,45,89,82,76,39,84,85,2,66,41,80,24,67,90,42,50,8,61,59,14,55,60,62,32,51,29,13,64,7,46,69,23,12,
machine2:0,19,6,40,30,48,1,78,63,31,88,86,81,47,27,34,10,11,33,17,58,26,22,53,16,57,75,72,83,71,18,43,87,35,37,28,25,45,89,82,5,54,76,39,84,65,85,2,66,38,41,3,44,80,24,67,90,4,74,42,50,49,8,61,68,36,59,14,55,60,73,21,62,32,51,9,79,29,15,70,13,64,20,7,46,56,52,69,77,23,12,
machine3:0,19,1,78,63,31,88,81,27,11,33,58,26,22,16,83,71,43,87,37,25,45,89,82,5,76,39,84,65,85,41,3,44,80,24,90,74,49,61,68,36,73,62,32,51,9,29,15,13,20,7,77,
machine4:0,19,6,30,48,1,78,63,31,88,81,27,34,11,33,58,26,22,53,16,83,71,18,43,87,37,28,25,45,89,82,5,76,39,84,65,85,2,66,38,41,3,44,80,24,90,4,74,42,50,49,8,61,68,36,59,14,55,73,21,62,32,51,9,79,29,15,70,13,64,20,7,46,56,52,69,77,23,12,
machine5:0,40,30,48,63,31,86,81,47,11,17,75,72,71,43,87,35,28,5,54,39,65,85,2,66,38,44,67,90,4,50,36,59,14,55,21,62,51,9,15,70,13,20,7,46,56,52,23,
machine6:0,6,40,30,48,63,31,86,81,47,27,34,10,11,17,58,57,75,72,83,71,43,87,35,28,25,45,89,82,5,54,76,39,84,65,85,2,66,38,41,3,44,24,67,90,4,74,42,50,49,8,68,36,59,14,55,60,73,21,62,32,51,9,79,29,15,70,13,64,20,7,46,56,52,69,77,23,12,
machine7:0,19,40,30,1,78,63,31,88,47,27,34,10,22,53,16,57,72,83,71,18,35,37,89,5,54,84,65,2,66,38,3,80,24,4,74,61,36,59,14,55,60,73,32,9,79,29,64,46,56,52,69,77,23,
machine8:0,19,6,40,30,48,1,78,63,31,88,86,81,47,27,34,10,33,17,58,26,22,53,16,57,75,72,83,71,18,35,37,28,25,89,5,54,39,84,65,2,66,38,41,3,80,24,67,4,74,42,49,8,61,68,36,59,14,55,60,73,21,62,32,51,9,79,29,15,70,13,64,7,46,56,52,69,77,23,12,

1to 1:
1to 2:9,59,63,79,83,1,11,6,49,66,55,8,76,20,51,39,43,50,41,82,45,88,44,
1to 3:13,14,85,57,81,21,89,17,90,28,67,56,72,25,52,12,4,68,46,24,
1to 4:36,64,2,7,71,31,27,58,35,18,62,47,48,19,26,32,77,29,15,40,30,42,78,5,65,34,
2to 1:26,61,56,78,53,52,80,68,90,18,13,22,62,42,24,31,37,
2to 2:
2to 3:79,11,23,65,7,76,58,59,5,2,77,43,45,64,39,74,44,48,55,87,49,3,84,32,
2to 4:16,63,33,14,46,28,38,25,88,8,69,73,1,83,70,4,6,
3to 1:6,10,86,54,40,82,87,63,30,83,74,34,2,84,50,58,8,66,20,32,9,51,69,15,23,7,77,
3to 2:27,85,25,42,71,38,70,21,73,4,62,36,29,14,
3to 3:
3to 4:75,60,68,41,81,3,39,24,59,56,89,12,
4to 1:46,79,16,41,57,28,60,75,38,72,3,17,73,21,70,55,33,49,67,
4to 2:13,64,89,15,84,23,61,30,53,48,65,74,52,12,81,34,22,19,80,5,37,
4to 3:9,71,31,27,51,86,54,36,69,47,35,66,10,29,
4to 4:

cell1:4,2,3,
cell2:4,1,3,
cell3:1,2,4,
cell4:2,3,1,
