machine1:0,6,85,67,17,89,10,30,27,62,50,86,81,76,83,87,72,33,26,22,53,57,75,90,39,13,45,58,18,29,37,24,46,82,55,84,48,66,2,59,41,80,7,60,42,61,8,14,69,64,23,12,32,51,
machine2:0,19,6,40,25,85,67,17,79,89,10,88,30,68,27,34,44,62,50,86,81,63,76,47,1,71,43,35,83,87,4,72,33,16,21,26,22,53,36,57,75,90,39,78,54,13,45,58,18,31,29,37,24,46,82,55,84,56,11,74,48,66,2,28,38,59,41,80,7,60,65,5,42,3,61,8,14,69,64,23,12,73,32,15,49,20,9,51,77,70,52,
machine3:0,19,25,85,89,88,68,27,44,62,81,63,76,1,71,43,83,87,33,16,26,22,36,90,39,78,13,45,58,31,29,37,24,82,84,11,74,41,80,7,65,5,3,61,73,32,15,49,20,9,51,77,
machine4:0,19,6,25,85,79,89,88,30,68,27,34,44,62,50,81,63,76,1,71,43,83,87,4,33,16,21,26,22,53,36,90,39,78,13,45,58,18,31,29,37,24,46,82,55,84,56,11,74,48,66,2,28,38,59,41,80,7,65,5,42,3,61,8,14,69,64,23,12,73,32,15,49,20,9,51,77,70,52,
machine5:0,40,85,67,17,30,44,62,50,86,81,63,47,71,43,35,87,4,72,21,36,75,90,39,54,13,31,46,55,56,11,48,66,2,28,38,59,7,65,5,14,23,15,20,9,51,70,52,
machine6:0,6,40,25,85,67,17,79,89,10,30,68,27,34,44,62,50,86,81,63,76,47,71,43,35,83,87,4,72,21,36,57,75,90,39,54,13,45,58,31,29,24,46,82,55,84,56,11,74,48,66,2,28,38,59,41,7,60,65,5,42,3,8,14,69,64,23,12,73,32,15,49,20,9,51,77,70,52,
machine7:0,19,40,79,89,10,88,30,27,34,63,47,1,71,35,83,4,72,16,22,53,36,57,78,54,18,31,29,37,24,46,55,84,56,74,66,2,38,59,80,60,65,5,3,61,14,69,64,23,73,32,9,77,52,
machine8:0,19,6,40,25,67,17,79,89,10,88,30,68,27,34,62,86,81,63,47,1,71,35,83,4,72,33,16,21,26,22,53,36,57,75,39,78,54,13,58,18,31,29,37,24,46,55,84,56,74,48,66,2,28,38,59,41,80,7,60,65,5,42,3,61,8,14,69,64,23,12,73,32,15,49,9,51,77,70,52,

1to 1:
1to 2:6,43,1,76,44,88,11,82,63,83,79,45,41,50,39,8,66,20,59,55,9,51,49,
1to 3:72,28,90,57,67,17,85,25,68,81,24,21,4,46,13,52,56,89,14,12,
1to 4:47,19,48,18,35,78,40,27,26,31,30,34,42,2,71,58,32,65,5,15,62,36,29,64,7,77,
2to 1:37,31,24,42,62,22,13,18,90,68,80,52,53,56,78,61,26,
2to 2:
2to 3:32,84,3,49,87,55,48,44,74,39,64,45,43,77,2,5,59,58,76,7,23,65,11,79,
2to 4:4,6,70,83,1,69,73,8,25,88,38,28,46,14,33,63,16,
3to 1:6,10,86,54,40,82,87,63,30,83,74,34,2,84,50,58,8,66,20,32,9,51,69,15,23,7,77,
3to 2:27,85,25,42,71,38,70,21,73,4,62,36,29,14,
3to 3:
3to 4:75,60,68,41,81,3,39,24,59,56,89,12,
4to 1:46,79,16,41,57,28,60,75,38,72,3,17,73,21,70,55,33,49,67,
4to 2:13,64,89,15,84,23,61,30,53,48,65,74,52,12,81,34,22,19,80,5,37,
4to 3:9,71,31,27,51,86,54,36,69,47,35,66,10,29,
4to 4:

cell1:2,4,3,
cell2:3,4,1,
cell3:1,2,4,
cell4:2,3,1,
