machine1:0,26,16,63,8,74,72,24,57,22,21,62,11,52,77,73,1,12,30,4,18,25,43,71,31,60,3,66,55,34,58,47,19,2,61,64,13,69,37,46,33,23,15,80,51,76,67,65,5,78,10,
machine2:0,26,16,63,8,74,72,24,57,22,49,21,62,42,11,52,54,77,20,73,44,75,40,1,70,50,12,30,4,9,41,18,59,25,48,43,17,71,31,60,3,66,55,34,58,56,47,19,28,29,2,27,61,64,13,69,37,7,36,14,39,46,68,33,23,32,38,45,15,53,79,80,35,51,76,6,67,65,5,78,10,
machine3:0,16,63,49,21,52,40,30,9,59,25,43,17,55,28,29,2,27,61,64,69,7,36,14,39,46,68,33,23,32,38,45,79,80,35,51,6,65,5,
machine4:0,16,63,8,24,22,49,21,62,42,11,52,54,77,73,44,75,40,30,4,9,41,18,59,25,48,43,17,71,31,66,55,34,56,47,19,28,29,2,27,61,64,13,69,7,36,14,39,46,68,33,23,32,38,45,79,80,35,51,76,6,67,65,5,10,
machine5:0,74,72,24,57,22,49,62,77,20,70,50,9,41,18,59,48,71,31,60,3,66,55,34,58,56,47,19,29,27,13,69,37,7,36,14,39,46,23,32,38,45,15,53,79,80,35,
machine6:0,26,63,74,72,24,57,22,49,62,42,11,52,54,77,20,73,44,75,40,1,70,50,12,30,4,9,41,18,59,48,71,31,60,3,66,55,34,58,56,47,19,28,29,2,27,61,13,69,37,7,36,14,39,46,23,32,38,45,15,53,79,80,35,51,76,6,67,65,5,78,10,
machine7:0,26,63,8,74,72,24,62,42,54,20,73,44,75,1,70,50,12,30,4,9,41,59,48,17,71,31,3,66,58,56,29,2,27,64,13,37,7,36,14,39,68,32,15,53,51,65,5,78,
machine8:0,26,16,63,8,74,72,24,57,22,21,62,42,11,52,54,77,20,73,44,75,40,1,70,50,12,30,4,9,41,59,25,48,43,17,71,31,60,3,66,55,58,56,28,29,2,27,61,64,13,37,7,36,14,39,46,68,33,23,32,38,15,53,51,76,6,67,65,5,78,10,

1to 1:
1to 2:5,18,24,29,32,33,34,36,51,56,61,67,76,8,28,47,54,4,27,
1to 3:7,11,13,14,15,23,30,42,45,46,55,58,66,73,80,71,37,1,38,79,3,31,48,
1to 4:20,39,62,65,75,77,78,2,64,53,44,72,9,57,68,6,
2to 1:23,55,59,80,62,22,65,73,45,21,49,40,17,30,6,
2to 2:
2to 3:4,29,36,52,61,69,77,44,35,75,39,28,9,54,34,19,
2to 4:5,14,56,67,38,8,16,41,63,42,33,10,31,25,66,43,
3to 1:47,19,72,27,78,57,18,35,26,44,63,67,41,20,69,12,52,5,77,
3to 2:6,10,79,31,42,40,38,2,71,66,65,49,46,62,59,14,13,
3to 3:
3to 4:48,37,74,1,54,58,76,70,30,50,60,11,73,24,22,55,51,32,29,7,61,23,
4to 1:24,4,32,16,46,28,36,13,70,50,15,25,10,76,43,60,71,51,74,3,
4to 2:9,68,21,39,52,75,17,11,64,22,7,48,
4to 3:26,12,53,2,41,63,59,40,56,27,
4to 4:

cell1:3,2,4,
cell2:3,1,4,
cell3:1,4,2,
cell4:1,2,3,
