machine1:0,45,8,54,16,53,19,26,28,46,34,36,13,49,20,60,52,61,24,31,11,32,48,15,29,38,10,66,56,25,69,35,43,41,22,70,17,7,2,37,58,65,23,3,12,5,21,50,63,18,55,62,40,6,
machine2:0,45,42,8,54,16,53,19,26,27,28,46,34,47,36,68,13,49,20,67,60,52,61,24,31,11,32,39,51,48,15,29,4,38,10,66,56,25,69,35,57,43,41,22,14,70,17,7,2,30,37,58,1,33,65,23,3,59,12,9,64,5,44,21,50,63,18,55,62,40,6,
machine3:0,42,8,54,27,28,34,47,36,68,49,20,67,52,61,24,31,11,32,39,51,4,38,66,56,25,69,35,57,41,22,14,70,7,30,37,58,1,33,65,3,59,12,9,64,5,44,21,50,63,18,55,40,6,
machine4:0,45,42,8,16,53,19,26,27,28,46,34,47,36,68,13,49,20,67,60,52,61,39,51,48,15,29,4,10,66,57,43,14,70,17,2,30,1,33,65,23,59,9,64,44,63,62,40,6,
machine5:0,45,42,8,54,16,53,19,26,27,28,46,34,47,36,68,13,49,20,67,60,52,61,24,31,11,32,39,51,48,15,29,4,38,10,66,56,25,69,35,57,43,41,22,14,70,17,7,2,30,37,58,1,33,65,23,3,59,12,9,64,5,44,21,50,63,18,55,62,40,6,
machine6:0,45,42,54,16,53,19,26,27,46,47,68,13,67,60,24,31,11,32,39,51,48,15,29,4,38,10,56,25,69,35,57,43,41,22,14,17,7,2,30,37,58,1,33,23,3,59,12,9,64,5,44,21,50,18,55,62,

1to 1:
1to 2:14,41,56,24,6,67,63,11,57,68,52,37,31,32,35,28,34,8,
1to 3:33,51,69,12,19,26,16,17,36,58,10,3,30,64,60,39,29,53,7,13,44,47,45,20,61,
1to 4:55,18,25,15,2,62,42,23,
2to 1:27,12,50,5,61,9,20,25,30,70,21,
2to 2:
2to 3:55,18,1,57,34,66,65,56,6,8,24,38,52,40,59,14,49,28,
2to 4:4,39,22,54,47,41,31,33,11,58,64,
3to 1:46,35,22,62,65,32,15,43,66,2,49,11,63,40,37,38,23,67,
3to 2:54,5,47,70,42,64,36,50,21,51,9,39,44,4,
3to 3:
3to 4:45,1,19,3,48,16,29,68,60,7,59,27,24,56,69,
4to 1:4,48,68,53,54,1,51,26,57,10,14,13,59,58,44,33,17,
4to 2:7,30,12,27,69,38,55,3,18,
4to 3:41,25,43,46,5,31,35,32,22,37,42,50,67,9,21,
4to 4:

cell1:2,3,4,
cell2:1,3,4,
cell3:1,2,4,
cell4:1,3,2,
