machine1:0,29,61,19,45,34,18,65,54,8,16,46,38,12,13,48,20,35,53,60,58,5,28,52,36,11,49,56,32,10,15,66,31,50,69,24,25,26,70,41,43,7,23,2,17,22,37,3,21,63,62,55,40,6,
machine2:0,29,61,19,45,34,59,18,65,54,8,1,9,16,46,47,27,38,12,13,48,20,35,53,60,67,58,68,5,28,52,42,36,11,49,56,32,51,10,15,39,66,4,57,31,30,50,69,14,24,25,26,70,41,43,33,7,23,2,17,22,37,3,64,44,21,63,62,55,40,6,
machine3:0,61,34,59,18,65,54,8,1,9,47,27,38,12,20,35,67,58,68,5,28,52,42,36,11,49,56,32,51,39,66,4,57,31,30,50,69,14,24,25,70,41,33,7,22,37,3,64,44,21,63,55,40,6,
machine4:0,29,61,19,45,34,59,65,8,1,9,16,46,47,27,13,48,20,53,60,67,68,28,52,42,36,49,51,10,15,39,66,4,57,30,14,26,70,43,33,23,2,17,64,44,63,62,40,6,
machine5:0,29,61,19,45,34,59,18,65,54,8,1,9,16,46,47,27,38,12,13,48,20,35,53,60,67,58,68,5,28,52,42,36,11,49,56,32,51,10,15,39,66,4,57,31,30,50,69,14,24,25,26,70,41,43,33,7,23,2,17,22,37,3,64,44,21,63,62,55,40,6,
machine6:0,29,19,45,59,18,54,1,9,16,46,47,27,38,12,13,48,35,53,60,67,58,68,5,42,11,56,32,51,10,15,39,4,57,31,30,50,69,14,24,25,26,41,43,33,7,23,2,17,22,37,3,64,44,21,62,55,

1to 1:
1to 2:8,28,34,32,35,37,67,68,31,24,6,57,56,41,63,11,14,52,
1to 3:20,44,45,47,61,7,39,29,13,60,3,64,30,58,16,10,33,53,12,69,17,26,36,51,19,
1to 4:23,42,18,2,25,62,55,15,
2to 1:61,5,20,30,70,50,25,12,21,9,27,
2to 2:
2to 3:8,34,52,65,66,49,1,28,57,40,6,59,38,24,14,56,18,55,
2to 4:54,47,22,64,31,11,58,39,33,41,4,
3to 1:23,40,67,63,37,15,43,22,62,2,38,32,49,66,65,35,11,46,
3to 2:4,39,44,51,50,5,36,64,9,21,70,47,54,42,
3to 3:
3to 4:24,56,69,68,48,27,1,16,59,60,45,7,29,19,3,
4to 1:54,53,17,10,13,1,58,26,48,57,68,51,59,14,44,33,4,
4to 2:30,3,12,7,38,27,18,69,55,
4to 3:46,5,35,22,42,32,31,43,50,25,37,21,9,67,41,
4to 4:

cell1:3,4,2,
cell2:1,4,3,
cell3:4,1,2,
cell4:3,1,2,
