machine1:0,29,61,19,34,45,56,65,11,69,54,35,8,7,5,31,38,52,46,41,3,66,50,48,20,24,12,16,53,28,49,60,58,55,63,32,36,13,10,15,25,2,26,43,70,23,22,18,6,37,17,21,62,40,
machine2:0,29,61,57,19,34,47,45,56,39,68,65,59,11,69,54,27,35,8,1,7,5,9,31,38,52,46,4,41,67,3,51,44,66,50,48,20,24,12,16,53,28,49,60,14,58,42,55,63,32,36,13,10,15,30,64,25,2,26,43,33,70,23,22,18,6,37,17,21,62,40,
machine3:0,61,57,34,47,56,39,68,65,59,11,69,54,27,35,8,1,7,5,9,31,38,52,4,41,67,3,51,44,66,50,20,24,12,28,49,14,58,42,55,63,32,36,30,64,25,33,70,22,18,6,37,21,40,
machine4:0,29,61,57,19,34,47,45,39,68,65,59,27,8,1,9,52,46,4,67,51,44,66,48,20,16,53,28,49,60,14,42,63,36,13,10,15,30,64,2,26,43,33,70,23,6,17,62,40,
machine5:0,29,61,57,19,34,47,45,56,39,68,65,59,11,69,54,27,35,8,1,7,5,9,31,38,52,46,4,41,67,3,51,44,66,50,48,20,24,12,16,53,28,49,60,14,58,42,55,63,32,36,13,10,15,30,64,25,2,26,43,33,70,23,22,18,6,37,17,21,62,40,
machine6:0,29,57,19,47,45,56,39,68,59,11,69,54,27,35,1,7,5,9,31,38,46,4,41,67,3,51,44,50,48,24,12,16,53,60,14,58,42,55,32,13,10,15,30,64,25,2,26,43,33,23,22,18,37,17,21,62,

1to 1:
1to 2:14,41,56,24,6,67,63,11,57,68,52,37,31,32,35,28,34,8,
1to 3:33,51,69,12,19,26,16,17,36,58,10,3,30,64,60,39,29,53,7,13,44,47,45,20,61,
1to 4:55,18,25,15,2,62,42,23,
2to 1:61,5,20,30,70,50,25,12,21,9,27,
2to 2:
2to 3:8,34,52,65,66,49,1,28,57,40,6,59,38,24,14,56,18,55,
2to 4:54,47,22,64,31,11,58,39,33,41,4,
3to 1:46,35,22,62,65,32,15,43,66,2,49,11,63,40,37,38,23,67,
3to 2:54,5,47,70,42,64,36,50,21,51,9,39,44,4,
3to 3:
3to 4:45,1,19,3,48,16,29,68,60,7,59,27,24,56,69,
4to 1:54,53,17,10,13,1,58,26,48,57,68,51,59,14,44,33,4,
4to 2:30,3,12,7,38,27,18,69,55,
4to 3:46,5,35,22,42,32,31,43,50,25,37,21,9,67,41,
4to 4:

cell1:2,3,4,
cell2:1,4,3,
cell3:1,2,4,
cell4:3,1,2,
