machine1:0,74,81,60,4,61,112,130,10,23,22,160,163,124,154,132,17,103,24,133,152,142,57,123,72,34,88,99,86,147,35,115,54,37,49,2,28,59,65,107,25,76,50,29,46,43,9,122,155,114,97,110,41,151,14,167,21,12,139,138,71,58,85,108,144,6,93,47,162,121,135,131,117,33,66,3,129,166,19,109,53,67,170,89,95,116,164,52,16,165,51,158,1,92,90,120,119,118,136,91,83,32,80,5,45,68,48,26,79,153,8,31,18,149,111,150,62,156,75,7,101,63,11,87,64,78,106,140,39,55,148,113,84,40,56,143,38,159,20,126,44,94,157,77,13,161,42,15,105,70,134,128,146,73,141,100,145,27,169,104,98,36,82,30,168,127,96,137,125,69,102,
machine2:0,74,60,112,130,23,22,160,124,154,17,24,142,88,99,86,35,115,54,37,65,29,9,155,114,97,110,41,85,93,3,166,19,109,53,67,170,89,95,116,164,52,16,165,51,158,1,92,119,118,91,83,32,80,45,68,48,26,79,153,8,18,111,150,62,156,75,7,101,63,11,87,64,78,106,140,39,55,148,113,84,40,56,143,38,159,20,126,44,94,157,77,13,161,42,15,105,70,134,128,146,73,141,100,145,27,169,104,36,82,168,127,96,125,69,102,
machine3:0,74,23,154,24,88,86,35,54,37,65,9,110,41,85,3,166,109,53,67,170,89,116,164,16,165,51,158,1,92,119,83,32,80,68,26,153,18,150,62,75,101,63,11,87,106,140,39,55,40,56,159,20,44,157,77,161,42,15,70,134,128,146,73,141,100,145,27,169,36,82,127,96,69,102,
machine4:0,81,61,130,124,103,24,133,152,142,57,72,34,99,86,35,54,37,49,2,28,65,76,43,155,114,97,110,41,151,21,139,85,108,162,135,131,117,33,66,53,67,89,164,52,16,51,158,120,118,83,32,45,48,153,31,150,62,156,7,87,140,148,20,126,13,161,15,70,134,146,73,100,145,27,104,82,30,96,137,125,69,102,
machine5:0,81,60,4,61,130,163,124,154,103,24,133,152,142,57,123,72,34,99,86,35,115,54,37,49,2,28,65,107,25,76,46,43,155,114,97,110,41,151,167,21,12,139,138,58,85,108,6,162,135,131,117,33,66,3,19,109,53,67,170,89,95,116,164,52,16,165,51,158,92,120,119,118,136,91,83,32,45,68,48,153,8,31,18,149,111,150,62,156,75,7,63,11,87,78,106,140,148,113,40,143,38,20,126,77,13,161,42,15,70,134,146,73,100,145,27,169,104,36,82,30,168,96,137,125,69,102,
machine6:0,74,60,4,163,24,86,35,115,54,49,29,9,114,58,108,6,47,121,135,19,170,89,116,165,51,158,92,90,120,118,91,83,68,26,153,150,62,156,75,7,64,78,106,140,39,148,84,40,20,126,157,13,42,15,70,134,146,100,145,98,36,30,127,69,102,
machine7:0,74,60,4,112,130,10,22,163,154,17,24,57,123,72,88,99,86,147,35,115,54,37,49,65,29,46,9,122,114,97,110,41,151,14,167,21,12,139,138,71,58,85,108,144,6,47,121,135,131,117,66,3,19,109,53,170,89,95,116,164,52,165,51,158,1,92,90,120,119,118,136,91,83,32,80,5,68,48,26,153,8,18,149,111,150,62,156,75,7,101,11,64,78,106,140,39,148,113,84,40,143,38,20,126,44,94,157,77,13,161,42,15,105,70,134,146,73,141,100,145,27,169,98,36,82,30,168,127,125,69,102,
machine8:0,74,10,23,22,163,154,133,152,142,57,72,99,86,147,35,37,49,65,107,29,46,9,122,155,114,97,110,21,6,135,170,116,164,16,51,158,120,119,45,68,79,153,31,18,149,111,150,156,75,7,101,106,148,40,159,20,126,161,42,15,134,128,146,27,96,69,
machine9:0,74,60,130,10,23,22,160,163,154,24,133,152,142,57,123,72,99,86,147,35,115,54,37,49,2,28,65,107,76,50,29,46,43,9,122,155,114,97,110,41,151,14,167,21,12,138,71,58,85,144,6,162,121,135,33,66,3,129,19,109,67,170,89,95,116,164,16,51,158,1,120,119,118,91,83,5,45,68,26,79,153,8,31,18,149,111,150,62,156,75,7,101,63,11,87,78,106,140,55,148,40,159,20,126,44,94,157,77,13,161,42,15,70,134,128,146,141,100,145,27,98,36,30,168,96,137,125,69,102,
machine10:0,60,163,132,133,57,88,99,86,35,54,37,49,2,114,41,21,121,131,33,66,129,53,170,89,116,16,51,158,118,136,80,5,153,31,149,62,156,75,7,63,78,106,40,20,126,44,94,157,161,105,70,134,128,146,73,100,145,27,169,104,98,36,82,30,168,127,96,137,125,69,102,
machine11:0,74,60,4,10,23,22,160,163,154,132,17,103,133,142,57,72,88,99,86,35,54,37,49,2,59,65,25,76,29,46,43,9,114,97,110,41,14,167,21,71,58,108,144,93,121,135,131,33,66,129,166,109,53,67,170,89,116,16,165,51,158,1,92,90,119,118,136,32,80,5,48,153,31,149,111,62,156,75,7,101,63,87,78,106,140,39,113,84,40,143,38,20,126,44,94,157,161,15,105,70,134,128,146,73,141,100,145,27,169,104,98,36,82,30,168,127,96,137,125,69,102,
machine12:0,74,81,4,61,112,130,23,160,163,154,132,17,103,24,133,142,57,123,72,34,88,99,86,147,35,115,54,37,49,2,59,65,107,25,76,50,29,46,43,9,155,114,41,151,14,21,12,139,71,58,108,144,93,47,162,121,131,117,33,66,3,166,19,109,53,67,170,89,116,164,16,165,51,158,1,92,90,120,118,91,83,32,80,5,45,68,153,8,31,18,149,111,150,62,156,75,7,101,63,64,106,140,148,84,40,56,159,20,44,94,157,77,13,161,134,146,73,141,145,27,169,104,36,82,30,168,127,137,125,69,102,
machine13:0,74,81,4,61,112,130,23,160,163,154,132,24,133,142,57,123,72,88,99,86,147,35,115,54,37,49,2,59,65,76,50,29,9,155,114,151,14,21,139,58,144,93,121,131,117,3,19,53,67,170,89,116,164,16,165,51,158,1,92,90,118,91,83,32,80,5,45,68,153,8,31,18,149,111,150,62,156,75,7,101,63,106,140,148,84,40,56,159,20,94,157,13,161,134,141,145,27,169,36,82,30,168,127,137,125,69,102,
machine14:0,163,154,132,24,133,123,86,147,35,54,37,2,59,65,76,50,29,9,155,114,14,21,58,93,121,19,53,170,89,164,16,92,118,91,83,45,68,149,111,150,62,156,75,7,63,106,140,84,40,56,159,157,27,169,30,168,127,125,69,
machine15:0,74,60,4,130,23,22,160,163,124,154,132,103,24,133,152,142,57,72,34,88,86,35,115,54,37,49,2,28,59,65,25,76,50,29,43,9,122,155,114,97,110,41,151,14,21,12,139,138,58,85,144,6,93,47,162,121,135,131,117,66,3,129,166,19,53,67,170,89,116,164,16,165,51,158,1,92,120,119,118,136,91,83,32,80,5,45,68,48,79,153,8,18,149,111,150,62,156,75,7,101,63,11,78,106,39,55,148,84,40,56,159,20,126,44,94,161,42,70,134,146,73,141,100,145,27,169,98,36,82,30,168,127,96,137,102,
machine16:0,74,130,23,24,133,152,142,57,72,34,88,86,35,115,54,37,49,2,65,9,155,114,97,41,14,21,12,139,138,85,144,6,121,135,131,117,66,3,19,53,67,170,89,116,164,16,165,51,158,92,120,118,91,83,45,68,153,8,111,150,62,156,75,7,101,63,11,78,106,148,84,40,159,126,161,42,70,134,146,141,145,27,98,36,82,30,168,127,96,137,102,
machine17:0,74,130,24,57,72,34,115,54,37,49,2,65,9,114,97,41,14,12,139,138,85,6,135,66,3,53,170,16,158,92,120,83,45,153,111,150,156,75,7,11,161,42,134,141,145,27,98,82,30,168,96,137,102,

1to 1:
1to 2:52,124,103,28,143,152,48,104,76,139,100,140,43,99,53,67,36,137,170,54,102,27,
1to 3:64,122,90,167,123,138,60,9,3,85,66,151,115,116,20,164,168,111,114,125,134,86,158,
1to 4:10,26,22,128,95,109,147,33,31,23,5,94,24,97,8,49,155,70,121,40,41,68,62,16,153,156,
1to 5:105,129,166,25,136,39,110,4,88,29,57,30,69,65,
1to 6:81,107,17,112,61,132,144,84,46,108,47,133,44,1,74,154,120,163,89,82,72,150,106,
1to 7:50,59,79,162,34,117,130,14,160,93,98,96,6,119,19,165,127,32,146,169,142,92,148,118,58,83,63,21,51,37,7,35,
2to 1:2,4,8,11,12,16,21,45,57,70,73,83,89,91,97,125,134,142,146,148,149,164,113,77,162,38,81,
2to 2:
2to 3:24,27,100,108,156,161,117,95,52,
2to 4:3,6,15,28,30,42,69,72,85,96,116,118,130,135,137,150,167,
2to 5:7,33,49,53,54,58,63,66,67,75,76,82,92,104,109,126,133,165,168,87,
2to 6:13,19,25,37,41,62,99,102,123,131,151,153,170,139,34,
2to 7:18,20,36,40,43,60,65,78,110,114,120,145,154,155,158,
3to 1:15,32,102,163,170,105,53,161,40,6,145,112,71,14,141,30,131,51,26,17,54,36,22,121,108,
3to 2:85,57,130,42,118,19,106,7,136,58,153,72,68,111,154,138,69,82,123,
3to 3:
3to 4:18,77,75,44,89,120,99,37,13,164,125,11,78,151,98,
3to 5:60,143,10,80,113,100,140,169,46,149,86,97,119,158,38,70,
3to 6:9,157,49,90,127,3,88,168,117,114,35,24,27,147,115,116,
3to 7:5,122,66,73,12,126,48,139,4,91,74,134,144,29,101,135,47,
4to 1:50,55,79,167,144,130,123,13,157,160,60,98,100,9,42,140,44,74,116,78,118,106,
4to 2:77,107,87,95,46,33,110,12,119,24,75,146,155,168,45,83,161,63,114,86,
4to 3:10,147,6,91,5,19,97,8,154,70,135,126,149,145,102,7,35,
4to 4:
4to 5:71,128,31,14,96,141,15,99,101,20,40,111,89,41,125,62,21,
4to 6:76,109,18,43,66,2,30,148,58,137,51,69,65,158,
4to 7:28,129,152,159,138,23,133,3,85,94,11,1,151,115,163,57,68,16,150,54,156,
5to 1:59,87,90,103,132,143,109,93,119,99,114,37,156,7,35,
5to 2:113,38,167,108,31,78,169,40,135,89,149,62,21,16,
5to 3:48,144,39,157,15,88,94,165,32,73,146,29,163,92,72,
5to 4:129,76,46,160,110,43,66,1,2,142,57,58,36,161,126,51,54,106,134,65,27,158,
5to 5:
5to 6:71,33,14,141,5,140,75,101,20,53,118,63,145,
5to 7:166,22,25,136,84,80,100,9,44,97,131,49,116,70,121,111,67,41,170,86,153,
6to 1:69,68,111,66,92,18,23,19,155,151,104,67,80,117,101,63,166,58,64,31,29,56,
6to 2:145,134,125,148,163,49,165,3,20,61,115,162,35,2,91,
6to 3:150,65,83,40,121,4,141,109,1,46,77,12,51,82,120,62,139,169,41,14,84,13,71,
6to 4:133,114,140,159,7,107,86,21,157,
6to 5:156,161,37,36,74,146,94,9,170,154,131,102,153,144,32,93,44,137,73,103,16,142,127,17,
6to 6:
6to 7:27,72,106,53,168,30,149,75,164,8,45,89,
7to 1:1,20,24,49,62,65,82,88,115,120,126,135,137,150,152,153,154,158,159,76,75,39,47,84,138,124,48,
7to 2:4,8,11,25,32,41,51,73,92,96,133,156,164,116,34,
7to 3:18,21,22,30,37,42,68,78,106,110,127,131,136,148,
7to 4:12,29,35,45,60,67,74,101,102,145,149,168,170,55,141,122,119,162,
7to 5:2,5,27,43,72,118,132,134,98,23,163,
7to 6:36,54,56,57,80,83,86,94,111,121,130,142,146,160,161,165,169,91,59,103,50,
7to 7:

cell1:6,5,2,4,7,3,
cell2:7,4,5,6,1,3,
cell3:7,5,4,6,1,2,
cell4:1,2,5,7,3,6,
cell5:3,6,1,7,2,4,
cell6:7,2,5,1,4,3,
cell7:3,2,1,6,4,5,
