machine1:0,60,74,81,133,82,30,4,137,69,125,168,61,102,128,88,5,112,23,10,158,22,163,169,124,160,44,96,31,127,132,103,152,24,142,116,123,154,99,86,36,147,100,33,35,136,115,65,118,107,1,2,94,59,28,40,25,76,50,72,43,149,46,122,129,155,110,151,167,21,131,12,71,58,108,144,93,162,47,121,117,164,67,109,51,166,70,89,29,146,63,41,119,17,32,165,52,48,138,95,54,140,90,91,34,80,134,104,105,120,83,19,26,78,150,79,8,18,62,45,111,101,87,64,106,39,68,92,55,153,113,84,56,143,148,38,20,126,130,159,13,27,77,11,157,161,49,42,98,73,15,141,156,75,145,37,57,135,139,170,14,6,9,3,85,66,97,53,114,16,7,
machine2:0,60,74,82,69,125,168,102,128,88,112,23,158,22,169,124,160,44,96,127,24,142,116,154,99,86,36,100,35,115,65,118,1,94,40,155,110,93,164,67,109,51,166,70,89,29,146,63,41,119,17,32,165,52,48,95,54,140,91,80,134,104,105,83,19,26,78,150,79,8,18,62,45,111,101,87,64,106,39,68,92,55,153,113,84,56,143,148,38,20,126,130,159,13,27,77,11,157,161,42,73,15,141,156,75,145,37,170,9,3,85,97,53,114,16,7,
machine3:0,74,82,69,102,128,88,23,158,169,44,96,127,24,116,154,86,36,100,35,65,1,40,110,164,67,109,51,166,70,89,146,63,41,119,32,165,54,140,80,134,83,26,150,18,62,101,87,106,39,68,92,55,153,56,20,159,27,77,11,157,161,42,73,15,141,75,145,37,170,9,3,85,53,16,
machine4:0,81,133,82,30,137,69,125,61,102,158,124,96,31,103,152,24,142,99,86,100,33,35,65,118,2,28,76,72,43,155,110,151,21,131,108,162,117,164,67,51,70,89,146,41,32,52,48,54,140,34,134,104,120,83,150,62,45,87,153,148,20,126,130,13,27,161,49,73,15,156,145,37,57,135,139,85,66,97,53,114,16,7,
machine5:0,60,81,133,82,30,4,137,69,125,168,61,102,158,163,169,124,96,31,103,152,24,142,116,123,154,99,86,36,100,33,35,136,115,65,118,107,2,28,40,25,76,72,43,149,46,155,110,151,167,21,131,12,58,108,162,117,164,67,109,51,70,89,146,63,41,119,32,165,52,48,138,95,54,140,91,34,134,104,120,83,19,78,150,8,18,62,45,111,87,106,68,92,153,113,143,148,38,20,126,130,13,27,77,11,161,49,42,73,15,156,75,145,37,57,135,139,170,6,3,85,66,97,53,114,16,7,
machine6:0,60,74,30,4,69,102,158,163,127,24,116,86,36,100,35,115,118,40,58,108,47,121,51,70,89,29,146,165,54,140,90,91,134,120,83,19,26,78,150,62,64,106,39,68,92,153,84,148,20,126,13,157,49,42,98,15,156,75,145,135,170,6,9,114,7,
machine7:0,60,74,82,30,4,69,125,168,102,88,5,112,10,158,22,163,169,44,127,24,116,123,154,99,86,36,147,100,35,136,115,65,118,1,94,40,72,149,46,122,110,151,167,21,131,12,71,58,108,144,47,121,117,164,109,51,70,89,29,146,41,119,17,32,165,52,48,138,95,54,140,90,91,80,134,105,120,83,19,26,78,150,8,18,62,111,101,64,106,39,68,92,153,113,84,143,148,38,20,126,130,13,27,77,11,157,161,49,42,98,73,15,141,156,75,145,37,57,135,139,170,14,6,9,3,85,66,97,53,114,7,
machine8:0,74,133,69,128,23,10,158,22,163,96,31,152,142,116,154,99,86,147,35,65,107,40,72,149,46,122,155,110,21,164,51,29,146,119,134,120,150,79,18,45,111,101,106,68,153,148,20,126,159,27,161,49,42,15,156,75,37,57,135,170,6,9,97,114,16,7,
machine9:0,60,74,133,30,137,69,125,168,102,128,5,23,10,158,22,163,160,44,96,31,152,24,142,116,123,154,99,86,36,147,100,33,35,115,65,118,107,1,2,94,28,40,76,50,72,43,149,46,122,129,155,110,151,167,21,12,71,58,144,162,121,164,67,109,51,70,89,29,146,63,41,119,138,95,54,140,91,134,120,83,19,26,78,150,79,8,18,62,45,111,101,87,106,68,55,153,148,20,126,130,159,13,27,77,11,157,161,49,42,98,15,141,156,75,145,37,57,135,170,14,6,9,3,85,66,97,114,16,7,
machine10:0,60,133,82,30,137,69,125,168,102,128,88,5,158,163,169,44,96,31,127,132,116,99,86,36,100,33,35,136,118,2,94,40,149,129,21,131,121,51,70,89,146,63,41,54,80,134,104,105,78,62,106,153,20,126,27,157,161,49,98,73,156,75,145,37,57,170,66,53,114,16,7,
machine11:0,60,74,133,82,30,4,137,69,125,168,102,128,88,5,23,10,158,22,163,169,160,44,96,31,127,132,103,142,116,154,99,86,36,100,33,35,136,65,118,1,2,94,59,40,25,76,72,43,149,46,129,110,167,21,131,71,58,108,144,93,121,67,109,51,166,70,89,29,146,63,41,119,17,32,165,48,54,140,90,80,134,104,105,78,62,111,101,87,106,39,92,153,113,84,143,38,20,126,27,157,161,49,98,73,15,141,156,75,145,37,57,135,170,14,9,66,97,53,114,16,7,
machine12:0,74,81,133,82,30,4,137,69,125,168,61,102,88,5,112,23,158,163,169,160,44,31,127,132,103,24,142,116,123,154,99,86,36,147,33,35,115,65,118,107,1,2,94,59,40,25,76,50,72,43,149,46,155,151,21,131,12,71,58,108,144,93,162,47,121,117,164,67,109,51,166,89,29,146,63,41,17,32,165,54,140,90,91,34,80,134,104,120,83,19,150,8,18,62,45,111,101,64,106,68,92,153,84,56,148,20,130,159,13,27,77,157,161,49,73,141,156,75,145,37,57,139,170,14,9,3,66,53,114,16,7,
machine13:0,74,81,133,82,30,4,137,69,125,168,61,102,88,5,112,23,158,163,169,160,31,127,132,24,142,116,123,154,99,86,36,147,35,115,65,118,1,2,94,59,40,76,50,72,149,155,151,21,131,58,144,93,121,117,164,67,51,89,29,63,32,165,54,140,90,91,80,134,83,19,150,8,18,62,45,111,101,106,68,92,153,84,56,148,20,130,159,13,27,157,161,49,141,156,75,145,37,57,139,170,14,9,3,53,114,16,7,
machine14:0,133,30,69,125,168,163,169,127,132,24,123,154,86,147,35,65,118,2,59,40,76,50,149,155,21,58,93,121,164,89,29,63,54,140,91,83,19,150,62,45,111,106,68,92,84,56,159,27,157,156,75,37,170,14,9,53,114,16,7,
machine15:0,60,74,133,82,30,4,137,168,102,88,5,23,158,22,163,169,124,160,44,96,127,132,103,152,24,142,116,154,86,36,100,35,136,115,65,118,1,2,94,59,28,40,25,76,50,72,43,149,122,129,155,110,151,21,131,12,58,144,93,162,47,121,117,164,67,51,166,70,89,29,146,63,41,119,32,165,48,138,54,91,34,80,134,120,83,19,78,150,79,8,18,62,45,111,101,106,39,68,92,55,153,84,56,148,20,126,130,159,27,11,161,49,42,98,73,141,156,75,145,37,57,135,139,170,14,6,9,3,85,66,97,53,114,16,7,
machine16:0,74,133,82,30,137,168,102,88,23,158,96,127,152,24,142,116,86,36,35,115,65,118,2,40,72,155,21,131,12,144,121,117,164,67,51,70,89,146,63,41,165,138,54,91,34,134,120,83,19,78,150,8,62,45,111,101,106,68,92,153,84,148,126,130,159,27,11,161,49,42,98,141,156,75,145,37,57,135,139,170,14,6,9,3,85,66,97,53,114,16,7,
machine17:0,74,82,30,137,168,102,158,96,24,115,65,2,72,12,41,138,54,34,134,120,83,150,45,111,92,153,130,27,11,161,49,42,98,141,156,75,145,37,57,135,139,170,14,6,9,3,85,66,97,53,114,16,7,

1to 1:
1to 2:52,124,103,28,143,152,48,104,76,139,100,140,43,99,53,67,36,137,170,54,102,27,
1to 3:64,122,90,167,123,138,60,9,3,85,66,151,115,116,20,164,168,111,114,125,134,86,158,
1to 4:10,26,22,128,95,109,147,33,31,23,5,94,24,97,8,49,155,70,121,40,41,68,62,16,153,156,
1to 5:105,129,166,25,136,39,110,4,88,29,57,30,69,65,
1to 6:81,107,17,112,61,132,144,84,46,108,47,133,44,1,74,154,120,163,89,82,72,150,106,
1to 7:50,59,79,162,34,117,130,14,160,93,98,96,6,119,19,165,127,32,146,169,142,92,148,118,58,83,63,21,51,37,7,35,
2to 1:16,148,2,89,45,70,164,149,11,97,83,91,162,125,38,57,8,142,12,81,134,146,73,113,21,77,4,
2to 2:
2to 3:156,100,27,117,95,161,52,108,24,
2to 4:69,118,150,116,3,135,6,42,30,15,130,137,167,96,72,28,85,
2to 5:67,82,58,49,75,168,54,7,53,66,165,104,87,76,92,133,63,126,33,109,
2to 6:102,153,170,19,37,13,139,151,34,123,41,131,62,99,25,
2to 7:158,114,65,155,120,154,36,40,110,60,43,145,78,20,18,
3to 1:15,32,102,163,170,105,53,161,40,6,145,112,71,14,141,30,131,51,26,17,54,36,22,121,108,
3to 2:85,57,130,42,118,19,106,7,136,58,153,72,68,111,154,138,69,82,123,
3to 3:
3to 4:18,77,75,44,89,120,99,37,13,164,125,11,78,151,98,
3to 5:60,143,10,80,113,100,140,169,46,149,86,97,119,158,38,70,
3to 6:9,157,49,90,127,3,88,168,117,114,35,24,27,147,115,116,
3to 7:5,122,66,73,12,126,48,139,4,91,74,134,144,29,101,135,47,
4to 1:50,55,79,167,144,130,123,13,157,160,60,98,100,9,42,140,44,74,116,78,118,106,
4to 2:77,107,87,95,46,33,110,12,119,24,75,146,155,168,45,83,161,63,114,86,
4to 3:10,147,6,91,5,19,97,8,154,70,135,126,149,145,102,7,35,
4to 4:
4to 5:71,128,31,14,96,141,15,99,101,20,40,111,89,41,125,62,21,
4to 6:76,109,18,43,66,2,30,148,58,137,51,69,65,158,
4to 7:28,129,152,159,138,23,133,3,85,94,11,1,151,115,163,57,68,16,150,54,156,
5to 1:59,87,90,103,132,143,109,93,119,99,114,37,156,7,35,
5to 2:113,38,167,108,31,78,169,40,135,89,149,62,21,16,
5to 3:48,144,39,157,15,88,94,165,32,73,146,29,163,92,72,
5to 4:129,76,46,160,110,43,66,1,2,142,57,58,36,161,126,51,54,106,134,65,27,158,
5to 5:
5to 6:71,33,14,141,5,140,75,101,20,53,118,63,145,
5to 7:166,22,25,136,84,80,100,9,44,97,131,49,116,70,121,111,67,41,170,86,153,
6to 1:69,68,111,66,92,18,23,19,155,151,104,67,80,117,101,63,166,58,64,31,29,56,
6to 2:145,134,125,148,163,49,165,3,20,61,115,162,35,2,91,
6to 3:150,65,83,40,121,4,141,109,1,46,77,12,51,82,120,62,139,169,41,14,84,13,71,
6to 4:133,114,140,159,7,107,86,21,157,
6to 5:156,161,37,36,74,146,94,9,170,154,131,102,153,144,32,93,44,137,73,103,16,142,127,17,
6to 6:
6to 7:27,72,106,53,168,30,149,75,164,8,45,89,
7to 1:65,153,126,20,75,49,24,62,138,158,120,135,1,39,48,47,154,84,76,82,115,150,137,124,88,159,152,
7to 2:116,92,164,41,34,133,8,73,51,156,32,96,11,4,25,
7to 3:30,131,127,37,21,148,106,136,78,18,68,22,110,42,
7to 4:35,102,145,170,45,119,141,12,60,162,168,67,101,149,29,74,122,55,
7to 5:134,163,2,118,72,23,98,27,5,132,43,
7to 6:54,36,111,169,83,57,91,121,165,103,59,86,142,50,160,146,94,161,130,80,56,
7to 7:

cell1:6,5,2,4,7,3,
cell2:1,7,3,5,4,6,
cell3:7,5,4,6,1,2,
cell4:1,2,5,7,3,6,
cell5:3,6,1,7,2,4,
cell6:7,2,5,1,4,3,
cell7:5,4,1,6,3,2,
