machine1:0,74,60,81,4,61,23,10,22,124,133,103,152,72,51,164,28,122,29,110,167,12,71,144,93,162,121,58,21,86,67,155,32,131,153,119,3,166,79,95,63,52,48,6,138,107,37,136,46,49,117,165,45,140,139,39,92,26,129,85,8,135,31,41,142,78,87,64,151,68,66,156,11,170,112,111,55,18,20,113,40,70,56,143,16,80,114,38,149,159,126,101,13,75,97,148,100,14,7,157,9,77,161,42,105,27,15,134,128,120,73,169,90,141,17,145,84,19,146,125,1,104,115,94,2,109,130,106,36,44,96,91,98,127,88,34,82,160,25,5,108,47,116,50,33,154,168,137,99,83,69,30,76,163,53,57,158,102,35,59,89,43,62,150,118,65,54,147,24,132,123,
machine2:0,74,60,23,22,124,51,164,29,110,93,86,67,155,32,153,119,3,166,79,95,63,52,48,37,165,45,140,39,92,26,85,8,41,142,78,87,64,68,156,11,170,112,111,55,18,20,113,40,70,56,143,16,80,114,38,159,126,101,13,75,97,148,100,7,157,9,77,161,42,105,27,15,134,128,73,169,141,17,145,84,19,146,125,1,104,115,94,109,130,106,36,44,96,91,127,88,82,160,116,154,168,99,83,69,53,158,102,35,89,62,150,118,65,54,24,
machine3:0,74,23,51,164,110,86,67,32,153,119,3,166,63,37,165,140,39,92,26,85,41,87,68,11,170,55,18,20,40,70,56,16,80,159,101,75,100,157,9,77,161,42,27,15,134,128,73,169,141,145,146,1,109,106,36,44,96,127,88,82,116,154,83,69,53,158,102,35,89,62,150,65,54,24,
machine4:0,81,61,124,133,103,152,72,51,164,28,110,162,21,86,67,155,32,131,153,52,48,37,49,117,45,140,139,85,135,31,41,142,87,151,66,156,20,70,16,114,126,13,97,148,100,7,161,27,15,134,120,73,145,146,125,104,2,130,96,34,82,108,33,137,99,83,69,30,76,53,57,158,102,35,89,43,62,150,118,65,54,24,
machine5:0,60,81,4,61,124,133,103,152,72,51,164,28,110,167,12,162,58,21,86,67,155,32,131,153,119,3,95,63,52,48,6,138,107,37,136,46,49,117,165,45,140,139,92,85,8,135,31,41,142,78,87,151,68,66,156,11,170,111,18,20,113,40,70,143,16,114,38,149,126,13,75,97,148,100,7,77,161,42,27,15,134,120,73,169,145,19,146,125,104,115,2,109,130,106,36,96,91,34,82,25,108,116,33,154,168,137,99,83,69,30,76,163,53,57,158,102,35,89,43,62,150,118,65,54,24,123,
machine6:0,74,60,4,51,29,121,58,86,153,6,49,165,140,39,92,26,135,78,64,68,156,170,20,40,70,114,126,13,75,148,100,7,157,9,42,15,134,120,90,145,84,19,146,115,106,36,91,98,127,108,47,116,83,69,30,163,158,102,35,89,62,150,118,54,24,
machine7:0,74,60,4,10,22,72,51,164,122,29,110,167,12,71,144,121,58,21,86,32,131,153,119,3,95,52,48,6,138,37,136,46,49,117,165,140,139,39,92,26,85,8,135,41,78,64,151,68,66,156,11,170,112,111,18,20,113,40,70,143,80,114,38,149,126,101,13,75,97,148,100,14,7,157,9,77,161,42,105,27,15,134,120,73,169,90,141,17,145,84,19,146,125,1,115,94,109,130,106,36,44,91,98,127,88,82,5,108,47,116,154,168,99,83,69,30,163,53,57,158,102,35,89,62,150,118,65,54,147,24,123,
machine8:0,74,23,10,22,133,152,72,51,164,122,29,110,21,86,155,153,119,79,6,107,37,46,49,45,135,31,142,68,156,170,111,18,20,40,16,114,149,159,126,101,75,97,148,7,9,161,42,27,15,134,128,120,146,106,96,116,154,99,69,163,57,158,35,150,65,147,
machine9:0,74,60,23,10,22,133,152,72,51,164,28,122,29,110,167,12,71,144,162,121,58,21,86,67,155,153,119,3,79,95,63,6,138,107,37,46,49,45,140,26,129,85,8,135,31,41,142,78,87,151,68,66,156,11,170,111,55,18,20,40,70,16,114,149,159,126,101,13,75,97,148,100,14,7,157,9,77,161,42,27,15,134,128,120,141,145,19,146,125,1,115,94,2,109,130,106,36,44,96,91,98,160,5,116,50,33,154,168,137,99,83,69,30,76,163,57,158,102,35,89,43,62,150,118,65,54,147,24,123,
machine10:0,60,133,51,121,21,86,131,153,63,37,136,49,129,31,41,78,66,156,170,20,40,70,16,80,114,149,126,75,100,7,157,161,105,27,134,128,73,169,145,146,125,104,94,2,106,36,44,96,98,127,88,82,5,116,33,168,137,99,69,30,163,53,57,158,102,35,89,62,118,54,132,
machine11:0,74,60,4,23,10,22,133,103,72,51,29,110,167,71,144,93,121,58,21,86,67,32,131,153,119,166,63,48,37,136,46,49,165,140,39,92,129,135,31,41,142,78,87,66,156,170,111,20,113,40,70,143,16,80,114,38,149,126,101,75,97,100,14,7,157,9,161,105,27,15,134,128,73,169,90,141,17,145,84,146,125,1,104,94,2,109,106,36,44,96,98,127,88,82,160,25,5,108,116,33,154,168,137,99,69,30,76,163,53,57,158,102,35,59,89,43,62,118,65,54,132,
machine12:0,74,81,4,61,23,133,103,72,51,164,29,12,71,144,93,162,121,58,21,86,67,155,32,131,153,3,166,63,107,37,46,49,117,165,45,140,139,92,8,31,41,142,64,151,68,66,156,170,112,111,18,20,40,56,16,80,114,149,159,101,13,75,148,14,7,157,9,77,161,27,134,120,73,169,90,141,17,145,84,19,146,125,1,104,115,94,2,109,130,106,36,44,91,127,88,34,82,160,25,5,108,47,116,50,33,154,168,137,99,83,69,30,76,163,53,57,158,102,35,59,89,43,62,150,118,65,54,147,24,132,123,
machine13:0,74,81,4,61,23,133,72,51,164,29,144,93,121,58,21,86,67,155,32,131,153,3,63,37,49,117,165,45,140,139,92,8,31,142,151,68,156,170,112,111,18,20,40,56,16,80,114,149,159,101,13,75,148,14,7,157,9,161,27,134,169,90,141,145,84,19,125,1,115,94,2,130,106,36,91,127,88,82,160,5,116,50,154,168,137,99,83,69,30,76,163,53,57,158,102,35,59,89,62,150,118,65,54,147,24,132,123,
machine14:0,133,164,29,93,121,58,21,86,155,63,37,45,140,92,68,156,170,111,40,56,16,114,149,159,75,14,7,157,9,27,169,84,19,125,2,106,91,127,50,154,168,83,69,30,76,163,53,35,59,89,62,150,118,65,54,147,24,132,123,
machine15:0,74,60,4,23,22,124,133,103,152,72,51,164,28,122,29,110,12,144,93,162,121,58,21,86,67,155,32,131,153,119,3,166,79,63,48,6,138,37,136,49,117,165,45,139,39,92,129,85,8,135,41,142,78,151,68,66,156,11,170,111,55,18,20,40,70,56,16,80,114,149,159,126,101,75,97,148,100,14,7,9,161,42,27,134,120,73,169,141,145,84,19,146,1,115,94,2,130,106,36,44,96,91,98,127,88,34,82,160,25,5,47,116,50,154,168,137,83,30,76,163,53,57,158,102,35,59,89,43,62,150,118,65,54,24,132,
machine16:0,74,23,133,152,72,51,164,12,144,121,21,86,67,155,131,153,3,63,6,138,37,49,117,165,45,139,92,85,8,135,41,142,78,68,66,156,11,170,111,40,70,16,114,159,126,101,75,97,148,14,7,9,161,42,27,134,120,141,145,84,19,146,115,2,130,106,36,96,91,98,127,88,34,82,116,168,137,83,30,53,57,158,102,35,89,62,150,118,65,54,24,
machine17:0,74,72,12,153,3,6,138,37,49,45,139,92,85,135,41,66,156,11,170,111,16,114,75,97,14,7,9,161,42,27,134,120,141,145,115,2,130,96,98,34,82,168,137,83,30,53,57,158,102,150,65,54,24,

1to 1:
1to 2:52,124,103,28,143,152,48,104,76,139,100,140,43,99,53,67,36,137,170,54,102,27,
1to 3:64,122,90,167,123,138,60,9,3,85,66,151,115,116,20,164,168,111,114,125,134,86,158,
1to 4:10,26,22,128,95,109,147,33,31,23,5,94,24,97,8,49,155,70,121,40,41,68,62,16,153,156,
1to 5:105,129,166,25,136,39,110,4,88,29,57,30,69,65,
1to 6:81,107,17,112,61,132,144,84,46,108,47,133,44,1,74,154,120,163,89,82,72,150,106,
1to 7:50,59,79,162,34,117,130,14,160,93,98,96,6,119,19,165,127,32,146,169,142,92,148,118,58,83,63,21,51,37,7,35,
2to 1:21,4,134,73,146,142,8,125,12,57,77,113,149,81,83,45,164,91,70,89,97,38,162,16,11,2,148,
2to 2:
2to 3:24,161,27,108,52,95,117,100,156,
2to 4:85,72,137,96,30,28,150,42,15,135,167,130,6,116,69,118,3,
2to 5:109,63,126,7,92,33,54,133,76,53,168,165,66,87,58,82,104,67,49,75,
2to 6:62,99,25,41,131,37,153,170,102,151,123,19,13,139,34,
2to 7:145,18,20,78,43,60,65,36,40,158,114,154,120,110,155,
3to 1:15,32,102,163,170,105,53,161,40,6,145,112,71,14,141,30,131,51,26,17,54,36,22,121,108,
3to 2:85,57,130,42,118,19,106,7,136,58,153,72,68,111,154,138,69,82,123,
3to 3:
3to 4:18,77,75,44,89,120,99,37,13,164,125,11,78,151,98,
3to 5:60,143,10,80,113,100,140,169,46,149,86,97,119,158,38,70,
3to 6:9,157,49,90,127,3,88,168,117,114,35,24,27,147,115,116,
3to 7:5,122,66,73,12,126,48,139,4,91,74,134,144,29,101,135,47,
4to 1:50,55,79,167,144,130,123,13,157,160,60,98,100,9,42,140,44,74,116,78,118,106,
4to 2:77,107,87,95,46,33,110,12,119,24,75,146,155,168,45,83,161,63,114,86,
4to 3:10,147,6,91,5,19,97,8,154,70,135,126,149,145,102,7,35,
4to 4:
4to 5:71,128,31,14,96,141,15,99,101,20,40,111,89,41,125,62,21,
4to 6:76,109,18,43,66,2,30,148,58,137,51,69,65,158,
4to 7:28,129,152,159,138,23,133,3,85,94,11,1,151,115,163,57,68,16,150,54,156,
5to 1:59,87,90,103,132,143,109,93,119,99,114,37,156,7,35,
5to 2:113,38,167,108,31,78,169,40,135,89,149,62,21,16,
5to 3:48,144,39,157,15,88,94,165,32,73,146,29,163,92,72,
5to 4:129,76,46,160,110,43,66,1,2,142,57,58,36,161,126,51,54,106,134,65,27,158,
5to 5:
5to 6:71,33,14,141,5,140,75,101,20,53,118,63,145,
5to 7:166,22,25,136,84,80,100,9,44,97,131,49,116,70,121,111,67,41,170,86,153,
6to 1:69,68,111,66,92,18,23,19,155,151,104,67,80,117,101,63,166,58,64,31,29,56,
6to 2:145,134,125,148,163,49,165,3,20,61,115,162,35,2,91,
6to 3:150,65,83,40,121,4,141,109,1,46,77,12,51,82,120,62,139,169,41,14,84,13,71,
6to 4:133,114,140,159,7,107,86,21,157,
6to 5:156,161,37,36,74,146,94,9,170,154,131,102,153,144,32,93,44,137,73,103,16,142,127,17,
6to 6:
6to 7:27,72,106,53,168,30,149,75,164,8,45,89,
7to 1:88,150,137,152,159,124,158,82,115,62,154,135,120,1,76,84,47,39,49,153,48,24,138,65,20,126,75,
7to 2:156,4,11,25,51,32,96,73,8,41,133,164,92,34,116,
7to 3:42,68,106,78,110,18,21,22,37,148,136,131,30,127,
7to 4:55,74,29,149,122,101,67,168,45,12,60,35,170,102,141,145,162,119,
7to 5:43,27,132,5,72,118,98,23,2,163,134,
7to 6:56,161,80,130,146,86,94,142,160,50,121,83,59,165,57,103,54,111,91,36,169,
7to 7:

cell1:6,5,2,4,7,3,
cell2:5,7,4,6,1,3,
cell3:7,5,4,6,1,2,
cell4:1,2,5,7,3,6,
cell5:3,6,1,7,2,4,
cell6:7,2,5,1,4,3,
cell7:3,2,1,6,4,5,
