machine1:0,138,17,35,56,19,82,118,137,125,76,29,93,128,89,87,104,149,9,130,1,20,53,103,24,57,12,131,98,10,11,92,113,117,147,30,42,62,142,77,73,111,96,123,44,122,25,85,127,7,109,48,132,70,146,143,40,33,41,101,59,126,61,13,135,140,106,34,66,129,27,5,4,49,114,115,124,108,105,81,72,119,83,88,65,150,6,22,121,45,112,8,
machine2:0,138,17,95,35,56,19,74,60,14,133,82,43,118,137,64,125,16,76,29,32,93,128,89,87,104,149,38,67,54,9,130,1,20,53,136,63,103,24,94,57,3,23,12,131,98,10,11,15,92,113,78,117,90,144,97,79,86,46,145,75,147,99,148,2,30,36,42,62,142,116,58,84,39,139,77,73,91,141,111,96,55,123,44,122,25,85,102,127,7,109,107,52,120,48,51,132,70,146,143,134,100,69,40,33,21,41,26,37,68,47,101,31,59,126,61,13,135,140,106,110,34,66,129,27,71,50,5,4,49,80,114,115,124,108,105,81,72,119,83,88,65,150,6,22,121,45,28,112,18,8,
machine3:0,138,95,35,56,19,74,60,14,125,16,29,32,93,54,1,53,136,94,23,131,10,113,99,2,39,139,73,96,122,25,85,102,132,70,146,134,100,40,21,31,59,61,106,34,129,27,71,50,4,80,115,124,108,105,81,72,83,88,65,150,22,28,112,18,8,
machine4:0,138,17,95,35,56,19,74,60,14,133,82,137,125,16,29,32,93,128,89,104,149,38,67,54,9,1,53,136,103,94,23,131,98,10,15,92,113,86,145,75,99,148,2,42,142,116,84,39,139,77,73,91,96,44,122,25,85,102,127,7,109,52,51,132,70,146,143,134,100,69,40,33,21,47,101,31,59,126,61,13,135,140,106,110,34,129,27,71,50,5,4,80,114,115,124,108,105,81,72,83,88,65,150,6,22,121,45,28,112,18,8,
machine5:0,138,17,95,35,56,19,74,60,14,133,82,43,118,137,64,125,16,29,32,128,89,87,104,149,38,67,54,9,130,1,20,53,63,103,24,94,57,3,23,131,98,10,11,15,92,113,78,117,90,144,97,79,86,46,145,147,99,148,2,36,42,142,116,58,84,39,77,73,141,111,96,55,123,122,25,85,102,127,109,107,52,120,48,132,70,146,134,100,69,40,21,41,26,37,68,47,101,31,59,61,13,140,106,110,34,66,129,27,71,50,5,4,49,80,115,124,105,81,72,119,83,88,65,150,6,22,121,45,28,112,18,8,
machine6:0,17,95,35,56,19,74,60,133,82,43,118,137,125,29,89,87,104,149,38,9,130,1,20,53,63,103,24,57,3,23,131,98,10,15,92,113,144,97,79,86,46,99,2,42,142,58,84,39,77,141,96,55,122,25,85,102,127,109,52,48,132,70,146,134,100,69,40,21,41,26,37,31,59,61,106,34,129,27,71,50,5,4,49,115,124,105,81,72,119,83,88,150,6,22,121,45,28,112,18,8,
machine7:0,17,95,35,56,19,74,60,82,43,118,137,125,29,104,149,38,9,1,53,63,103,131,98,15,92,77,96,122,109,52,132,59,106,34,27,71,5,115,119,83,22,45,28,112,18,
machine8:0,138,17,95,56,19,74,60,14,133,82,43,118,137,64,125,16,76,29,32,93,128,89,87,104,149,38,67,54,9,130,1,20,53,136,63,103,24,94,57,3,23,12,131,98,10,11,15,92,113,78,117,90,144,97,79,86,145,2,42,62,58,84,39,139,77,73,91,141,111,96,55,123,44,122,25,102,127,7,109,107,52,51,132,70,146,100,69,40,33,21,41,26,37,68,47,101,31,59,126,13,135,106,110,34,66,129,27,71,5,4,49,114,115,124,108,105,81,119,83,88,65,150,6,22,121,45,28,112,18,8,
machine9:0,138,17,95,56,19,74,60,14,133,82,43,118,137,64,125,16,76,32,93,128,89,87,104,149,67,54,9,130,1,20,53,136,63,103,24,94,57,3,23,12,131,98,10,11,15,92,113,78,117,90,144,86,2,42,39,139,77,73,91,141,122,25,102,127,7,109,51,132,70,146,69,40,21,68,47,31,59,126,13,135,106,66,129,27,71,5,4,115,124,108,105,81,119,83,88,65,150,6,22,121,45,28,112,18,8,
machine10:0,17,74,60,14,43,118,137,32,128,87,104,67,54,53,63,103,57,131,98,10,15,113,144,42,39,77,73,25,102,7,109,51,146,69,68,47,106,129,27,71,5,4,115,105,81,119,83,88,150,6,121,45,28,112,8,
machine11:0,138,17,95,35,56,19,74,60,43,137,125,16,93,89,104,38,53,103,10,11,92,113,78,117,144,86,75,99,36,139,73,96,55,122,7,120,48,51,132,70,143,100,69,40,21,26,68,47,101,31,59,13,135,140,110,34,66,129,71,49,80,108,105,81,72,88,65,150,6,121,45,8,
machine12:0,138,17,95,35,56,19,74,60,14,133,43,118,137,64,125,16,76,93,89,87,104,38,67,9,130,1,53,136,63,103,94,23,131,10,11,92,113,78,117,90,144,97,86,46,145,75,147,99,148,2,36,42,62,58,84,39,139,77,73,91,141,96,55,123,44,122,25,102,7,109,120,48,51,132,70,146,143,134,100,69,40,21,26,68,47,101,31,59,126,61,13,135,140,106,110,34,66,129,71,50,4,49,80,114,115,124,108,105,81,72,119,88,65,150,6,22,121,45,28,112,18,8,
machine13:0,138,17,95,35,56,19,74,60,14,133,82,43,118,137,64,125,16,76,29,32,93,128,89,87,104,38,67,54,9,130,1,20,53,136,63,103,24,3,12,131,98,10,11,15,92,113,78,117,90,144,79,86,46,145,75,147,99,148,2,30,36,42,62,116,58,84,39,139,73,91,141,111,55,123,122,25,102,127,109,107,52,120,48,51,132,143,134,100,69,40,33,21,26,37,68,47,101,31,126,61,13,135,106,110,34,66,129,27,71,50,5,4,49,80,114,115,124,108,105,81,72,119,83,88,150,6,22,121,45,28,112,18,8,
machine14:0,138,17,95,35,56,19,74,60,14,133,82,43,118,137,16,76,29,93,128,89,87,104,38,67,54,9,130,1,20,53,63,103,24,3,131,98,11,92,113,78,90,144,147,30,42,62,116,58,139,73,91,141,55,122,25,102,127,109,107,52,120,48,132,134,100,40,33,21,26,37,68,47,31,126,13,106,110,34,129,27,71,50,4,80,114,115,124,108,105,81,72,83,150,6,22,45,28,112,18,8,
machine15:0,138,17,35,56,74,60,14,133,82,43,137,16,29,89,87,104,67,1,63,24,131,98,11,92,113,78,144,147,30,42,62,58,73,91,141,55,122,25,102,127,109,107,120,48,132,134,100,40,21,26,68,47,126,13,106,129,71,50,80,124,105,81,72,83,150,6,22,45,28,112,18,8,

1to 1:
1to 2:143,33,44,51,23,80,113,127,128,125,17,56,137,22,146,27,
1to 3:120,36,41,111,116,46,57,134,37,70,66,84,110,13,55,11,50,100,63,144,59,14,98,35,103,10,42,40,67,104,73,
1to 4:12,97,123,3,107,101,76,93,82,149,92,24,54,21,29,108,25,122,95,81,89,1,133,31,34,28,131,
1to 5:135,140,148,26,61,78,90,68,94,91,130,118,126,38,16,69,47,109,60,124,129,138,74,71,
1to 6:20,64,141,48,75,87,9,145,99,2,102,53,19,88,106,115,18,
2to 1:142,116,135,84,92,9,94,126,21,100,102,53,109,124,1,133,10,40,131,45,8,73,
2to 2:
2to 3:85,140,148,61,52,86,145,99,39,127,2,60,31,34,4,106,
2to 4:114,15,70,65,91,113,47,125,19,138,104,
2to 5:143,7,75,134,51,96,136,77,50,132,105,121,59,14,72,35,103,150,146,115,
2to 6:33,32,93,82,139,110,54,29,5,25,16,128,17,83,95,89,112,42,56,129,137,6,27,74,
3to 1:85,140,147,82,90,119,80,86,145,99,54,43,113,77,69,2,132,122,89,137,146,115,71,
3to 2:142,32,15,149,92,13,38,16,59,14,109,88,138,
3to 3:
3to 4:79,111,20,57,117,37,96,23,49,68,118,5,11,105,121,83,124,98,10,56,129,27,106,
3to 5:120,97,101,87,65,110,9,58,25,100,63,53,95,112,133,42,22,40,31,6,131,45,18,104,8,
3to 6:36,46,123,148,107,52,134,66,21,39,50,47,72,125,81,1,103,150,34,4,28,67,
4to 1:41,44,141,26,7,117,32,51,114,96,23,68,127,63,59,112,27,4,106,18,104,
4to 2:135,101,52,139,84,110,9,86,39,29,5,25,100,2,132,102,121,122,53,83,60,124,103,42,129,150,40,31,6,74,67,71,
4to 3:64,3,149,119,65,24,94,130,21,77,128,69,47,125,17,109,146,28,131,115,45,8,
4to 4:
4to 5:76,93,70,66,62,49,145,13,43,108,81,89,19,1,88,10,
4to 6:79,37,15,78,90,136,92,58,91,126,113,55,11,38,144,105,98,22,73,
5to 1:70,62,95,139,150,65,56,97,36,35,34,121,39,134,19,25,66,125,49,101,75,17,58,67,48,
5to 2:106,73,81,133,99,61,114,28,45,112,
5to 3:141,72,132,74,96,123,117,38,1,43,102,23,105,80,138,88,
5to 4:18,7,84,94,144,6,22,78,87,110,137,55,16,136,44,2,4,64,77,130,
5to 5:
5to 6:26,109,131,122,100,31,71,13,69,120,86,108,119,118,147,8,63,68,60,14,10,
6to 1:12,79,143,30,111,123,3,148,107,61,52,76,93,15,136,13,24,91,130,5,55,38,16,144,105,47,72,83,81,42,129,22,6,138,74,
6to 2:116,126,108,50,69,98,35,115,18,104,8,
6to 3:20,48,26,101,78,147,82,90,87,49,9,58,54,118,29,121,122,53,124,95,89,19,133,56,
6to 4:33,135,32,51,119,62,86,145,43,127,128,132,14,17,60,112,103,88,150,40,67,45,71,
6to 5:46,64,141,117,114,139,84,80,92,21,113,39,11,102,137,34,4,28,73,
6to 6:

cell1:4,3,2,5,6,
cell2:3,5,4,6,1,
cell3:4,2,1,6,5,
cell4:1,6,5,2,3,
cell5:3,2,1,6,4,
cell6:1,3,5,4,2,
