machine1:0,108,88,104,40,59,113,22,11,103,129,122,10,53,89,93,115,81,92,27,140,49,65,45,143,73,25,121,124,146,24,150,61,70,83,135,41,8,48,127,142,9,66,72,109,106,30,147,126,85,13,44,6,114,112,42,5,123,130,34,96,62,105,131,4,117,101,111,7,33,98,132,76,12,128,1,57,87,137,20,77,149,82,125,29,118,138,119,56,19,35,17,
machine2:0,108,88,18,28,104,40,59,113,22,11,103,71,129,47,122,80,10,53,23,89,93,115,81,50,55,21,92,27,140,69,49,65,51,45,143,100,73,25,121,124,38,146,24,110,31,139,150,144,61,70,83,135,120,41,26,8,134,102,86,84,48,127,142,46,9,141,66,99,68,72,109,106,2,30,147,126,91,85,148,39,58,36,79,75,116,13,90,44,6,114,78,112,42,5,123,97,37,130,34,96,62,105,131,107,4,117,101,145,111,43,7,33,98,15,3,32,63,132,76,12,52,60,64,136,128,1,57,87,137,94,67,20,54,77,149,14,82,125,29,118,138,119,16,95,56,74,19,35,133,17,
machine3:0,108,88,18,28,40,59,113,22,71,129,122,80,10,53,23,93,115,81,50,21,27,65,100,73,25,124,146,31,139,150,61,70,83,8,134,102,99,72,106,2,85,39,112,34,96,105,131,4,32,132,60,136,1,94,54,14,125,29,138,16,95,56,74,19,35,
machine4:0,108,88,18,28,104,40,59,113,22,103,71,129,47,122,80,10,53,23,89,93,115,81,50,21,92,27,140,69,65,51,45,143,100,73,25,121,124,38,146,110,31,139,150,61,70,83,135,8,134,102,86,84,127,142,9,99,72,109,106,2,126,91,85,148,39,75,116,13,44,6,114,112,42,5,34,96,105,131,4,101,145,7,33,98,15,32,132,52,60,136,128,1,137,94,67,54,77,149,14,82,125,29,138,16,95,56,74,19,35,133,17,
machine5:0,88,18,28,104,40,59,113,22,11,103,71,129,47,122,80,10,53,23,89,115,81,50,55,21,92,27,140,69,49,65,45,100,73,25,121,124,38,146,24,110,31,150,144,61,70,83,120,41,26,8,134,102,86,84,48,127,142,46,9,141,66,99,68,72,109,106,2,147,85,148,39,58,36,79,116,13,90,6,78,112,42,5,123,97,37,130,34,96,105,131,107,4,117,101,145,111,43,98,15,3,32,63,132,52,60,64,128,1,57,87,137,94,67,20,54,77,149,14,82,125,29,118,138,119,16,95,56,74,19,35,133,17,
machine6:0,88,18,28,104,40,59,113,22,103,71,129,122,10,53,23,89,115,81,50,55,21,92,27,69,49,45,100,25,121,124,38,146,24,31,150,144,61,70,83,41,26,8,134,102,86,84,48,127,142,46,9,141,99,72,109,106,2,85,39,58,79,6,112,42,5,97,37,130,34,96,105,131,4,43,98,15,3,63,132,52,60,1,57,87,137,20,77,149,82,125,29,118,119,95,56,74,19,35,133,17,
machine7:0,18,28,104,59,22,103,71,122,53,115,92,27,45,38,83,9,109,106,112,5,34,96,131,43,98,15,63,132,52,60,1,137,77,149,82,125,29,118,119,95,56,74,19,35,17,
machine8:0,108,88,18,28,104,40,59,113,22,11,103,71,129,47,122,10,53,23,89,93,115,81,55,21,92,27,69,49,65,51,45,100,73,25,121,124,38,146,24,110,31,139,150,144,70,83,135,41,26,8,102,86,84,127,9,141,66,68,109,106,2,126,91,39,58,79,13,90,44,6,114,78,112,42,5,123,97,37,130,34,96,62,105,131,107,4,117,101,145,111,43,7,33,98,15,3,32,63,132,76,12,52,60,64,136,128,1,57,87,137,94,67,20,54,77,149,14,82,125,29,118,138,119,16,95,56,74,19,133,17,
machine9:0,108,88,18,28,104,40,59,113,22,11,103,71,129,47,122,10,53,23,89,93,115,81,21,92,27,69,65,51,45,73,25,121,124,146,24,31,139,150,144,70,83,135,8,102,86,127,9,141,66,68,109,106,2,126,91,39,13,90,6,78,112,42,5,130,105,131,4,117,43,7,98,15,3,32,63,132,76,12,60,64,136,128,1,57,87,137,94,67,20,54,77,149,14,82,125,118,138,119,16,95,56,74,19,133,17,
machine10:0,88,28,104,113,103,71,129,47,10,53,115,81,27,69,51,45,73,25,121,146,150,144,83,8,102,68,109,106,39,6,112,42,5,105,131,4,43,7,98,15,32,63,60,128,57,87,137,67,54,77,14,118,119,74,17,
machine11:0,108,88,104,40,59,113,11,103,71,129,47,122,80,10,53,89,93,81,55,21,92,140,69,49,65,51,45,143,100,73,121,38,110,31,139,150,144,70,135,120,26,8,86,48,66,99,68,72,36,75,13,6,78,34,96,105,117,101,43,7,132,60,137,125,138,16,95,56,74,19,35,17,
machine12:0,108,88,18,28,104,40,59,113,22,11,103,71,129,47,122,80,10,53,23,89,93,115,81,50,55,21,92,140,69,49,65,51,45,143,100,73,25,121,124,38,146,110,31,139,150,144,61,70,135,120,26,8,134,102,86,84,48,46,9,141,66,99,68,72,109,106,2,147,126,91,148,39,58,36,75,13,90,44,6,114,78,112,42,123,97,130,34,96,62,105,131,4,117,101,145,43,7,63,132,76,60,64,136,1,87,137,94,67,77,14,125,118,138,119,16,95,56,74,19,35,133,17,
machine13:0,108,88,18,28,104,40,113,22,11,103,71,129,47,122,80,10,53,89,93,115,81,50,55,21,92,27,69,49,51,45,143,100,73,25,121,124,38,24,110,31,139,150,144,61,83,135,120,26,8,134,102,86,84,48,127,46,9,141,66,99,68,72,109,106,2,30,147,126,91,148,39,58,36,79,75,116,13,90,6,114,78,112,42,5,123,37,130,34,62,105,131,107,4,117,101,145,111,43,33,98,15,3,32,63,132,76,12,52,60,64,136,128,1,87,137,67,20,54,14,82,125,29,118,138,119,16,95,56,74,19,35,133,17,
machine14:0,108,18,28,104,40,113,22,11,103,71,129,47,122,80,53,89,93,115,81,50,55,21,92,27,45,100,73,25,124,38,24,110,31,139,150,144,83,120,26,8,134,102,48,127,9,141,68,72,109,106,30,147,126,91,58,116,13,90,6,114,78,112,42,37,130,34,62,105,131,107,4,43,33,98,3,63,132,76,52,60,128,1,87,137,67,20,54,14,82,29,118,138,16,95,56,74,19,35,133,17,
machine15:0,18,28,104,40,113,22,11,71,129,47,122,80,89,81,50,55,21,92,45,100,73,25,124,24,150,144,83,120,26,8,134,102,48,127,141,68,72,109,106,30,147,126,91,58,13,6,78,112,42,62,105,131,107,43,98,63,132,60,1,87,137,67,14,82,29,138,16,56,74,35,133,17,

1to 1:
1to 2:27,127,56,17,125,128,23,143,33,51,146,113,44,137,22,80,
1to 3:67,84,41,50,100,57,46,98,37,116,104,63,13,14,111,40,11,66,70,134,110,59,55,35,103,144,42,10,73,120,36,
1to 4:1,12,93,31,54,29,76,101,24,122,82,95,34,108,107,133,92,21,28,97,89,149,81,123,131,3,25,
1to 5:91,38,71,129,61,47,130,90,69,94,148,126,140,118,68,124,138,26,74,109,60,135,78,16,
1to 6:2,141,99,75,102,18,88,20,115,53,64,19,48,9,87,145,106,
2to 1:142,116,135,84,92,9,94,126,21,100,102,53,109,124,1,133,10,40,131,45,8,73,
2to 2:
2to 3:85,140,148,61,52,86,145,99,39,127,2,60,31,34,4,106,
2to 4:114,15,70,65,91,113,47,125,19,138,104,
2to 5:143,7,75,134,51,96,136,77,50,132,105,121,59,14,72,35,103,150,146,115,
2to 6:33,32,93,82,139,110,54,29,5,25,16,128,17,83,95,89,112,42,56,129,137,6,27,74,
3to 1:119,146,115,2,43,71,82,89,137,132,145,90,86,147,54,77,99,140,122,80,85,69,113,
3to 2:14,109,15,16,59,92,32,13,38,142,138,149,88,
3to 3:
3to 4:10,56,96,37,83,98,57,27,118,106,68,117,111,49,129,11,20,23,105,5,121,124,79,
3to 5:18,95,8,58,131,133,9,100,40,6,65,31,112,25,110,120,63,22,97,101,87,53,104,45,42,
3to 6:46,72,28,148,34,21,39,107,67,123,50,81,4,150,36,52,103,66,125,47,134,1,
4to 1:4,7,18,23,26,27,32,41,44,51,59,63,68,96,104,106,112,114,117,127,141,
4to 2:2,5,6,9,25,29,31,39,40,42,52,53,60,67,71,74,83,84,86,100,101,102,103,110,121,122,124,129,132,135,139,150,
4to 3:3,8,17,21,24,28,45,47,64,65,69,77,94,109,115,119,125,128,130,131,146,149,
4to 4:
4to 5:1,10,13,19,43,49,62,66,70,76,81,88,89,93,108,145,
4to 6:11,15,22,37,38,55,58,73,78,79,90,91,92,98,105,113,126,136,144,
5to 1:48,67,58,17,75,49,101,125,25,66,19,134,39,121,34,35,36,97,56,65,150,139,62,95,70,
5to 2:45,112,28,114,61,99,133,73,81,106,
5to 3:88,138,80,23,105,102,43,1,38,117,123,96,74,72,132,141,
5to 4:130,77,2,4,64,44,136,16,55,137,110,87,78,22,6,144,84,94,7,18,
5to 5:
5to 6:10,14,60,68,8,63,147,118,119,108,86,120,69,13,71,31,100,122,109,131,26,
6to 1:6,138,5,74,105,38,24,22,16,93,3,129,76,72,42,91,13,52,55,130,83,123,107,136,47,111,61,148,30,144,143,81,79,15,12,
6to 2:115,18,50,8,108,35,69,126,98,104,116,
6to 3:122,124,121,19,56,95,54,49,147,78,87,58,48,82,89,118,9,133,26,90,20,53,29,101,
6to 4:45,88,103,67,71,60,128,112,132,62,119,145,150,17,40,43,33,86,32,127,51,14,135,
6to 5:73,34,102,39,4,28,21,84,113,139,46,92,64,114,117,80,137,11,141,
6to 6:

cell1:3,6,5,4,2,
cell2:3,5,4,6,1,
cell3:1,6,2,5,4,
cell4:6,5,3,2,1,
cell5:1,4,6,2,3,
cell6:2,4,3,5,1,
