machine1:0,6,77,44,25,67,54,112,85,155,118,103,36,137,49,5,79,178,101,219,18,123,71,153,156,203,175,73,142,43,2,130,94,31,17,170,195,102,158,218,65,204,220,205,193,89,129,33,86,13,200,76,168,138,116,114,37,115,180,165,166,22,45,150,136,199,1,82,161,171,48,93,39,202,119,4,8,110,28,75,88,111,70,134,174,154,98,159,9,185,182,169,7,181,47,176,11,209,190,191,189,80,72,125,100,217,66,55,147,84,128,214,78,148,90,92,99,162,132,46,149,41,140,211,
machine2:0,6,77,208,62,44,25,127,201,67,120,104,54,57,40,144,112,85,50,122,188,155,16,21,206,15,177,210,184,118,58,69,103,36,194,108,137,49,5,196,79,178,10,23,101,219,34,105,81,19,27,18,197,123,26,113,192,71,153,139,156,24,203,175,73,142,43,131,59,12,152,133,2,130,96,94,52,31,17,109,170,56,195,35,102,158,218,42,65,106,172,135,121,204,220,205,183,213,60,126,193,198,89,14,68,129,33,95,179,187,86,13,200,76,168,207,164,32,138,116,124,143,157,107,64,114,37,87,115,180,165,186,166,22,146,215,45,150,212,160,173,53,136,199,97,61,1,51,74,82,161,171,91,63,48,93,39,202,119,216,4,141,83,20,8,30,110,151,38,28,163,75,88,29,111,145,70,134,117,167,174,3,154,98,159,9,185,182,169,7,181,47,176,11,209,190,191,189,80,72,125,100,217,66,55,147,84,128,214,78,148,90,92,99,162,132,46,149,41,140,211,
machine3:0,6,77,208,62,44,25,201,67,120,104,54,40,85,50,122,155,16,184,118,69,103,36,108,49,196,79,10,101,34,81,18,26,192,71,153,175,73,43,12,152,133,130,96,52,31,17,109,102,42,106,135,204,205,213,60,126,193,14,68,86,200,76,168,116,107,64,37,87,180,166,22,146,215,173,53,136,199,51,82,161,91,63,93,39,202,119,216,4,83,30,110,38,28,88,29,145,134,117,174,3,154,98,9,182,7,47,176,11,125,217,214,78,90,162,46,41,211,
machine4:0,6,77,208,62,44,25,127,201,67,120,104,54,57,40,144,85,50,122,155,16,206,15,184,118,69,103,36,108,137,49,5,196,79,178,10,101,34,81,19,18,197,123,26,192,71,153,139,156,175,73,43,12,152,133,2,130,96,94,52,31,17,109,56,102,158,42,65,106,172,135,121,204,220,205,183,213,60,126,193,198,89,14,68,95,179,86,200,76,168,164,116,143,157,107,64,114,37,87,180,166,22,146,215,45,150,160,173,53,136,199,1,51,82,161,171,91,63,48,93,39,202,119,216,4,141,83,20,30,110,151,38,28,163,88,29,145,70,134,117,167,174,3,154,98,159,9,182,169,7,181,47,176,11,209,80,72,125,217,55,147,84,128,214,78,148,90,162,132,46,149,41,140,211,
machine5:0,6,120,40,85,122,188,16,206,210,58,36,108,137,79,10,23,101,105,81,27,197,153,139,156,175,73,142,59,12,152,133,2,52,17,109,170,158,65,135,204,205,183,213,60,193,89,14,68,33,95,187,13,200,168,164,32,116,157,64,114,37,87,165,150,160,173,199,97,51,91,63,216,141,83,20,8,110,151,29,111,134,117,167,3,154,169,7,181,176,209,190,191,80,72,125,100,55,84,78,90,92,99,132,149,41,140,
machine6:0,6,77,208,62,127,67,120,104,40,144,85,122,188,16,21,206,177,210,118,58,69,36,194,108,137,49,5,79,178,10,23,101,219,34,105,81,19,27,18,197,123,113,71,153,139,156,24,175,73,142,131,59,12,152,133,2,96,52,31,17,109,170,56,195,102,158,218,65,135,121,204,205,183,213,60,126,193,89,14,68,33,95,179,187,86,13,200,76,168,164,32,138,116,124,143,157,107,64,114,37,87,180,165,22,215,45,150,212,160,173,53,136,199,97,61,1,51,74,161,171,91,63,48,93,39,216,4,141,83,20,8,30,110,151,28,163,75,88,29,111,145,134,117,167,174,3,154,98,9,182,169,7,181,47,176,11,209,190,191,80,72,125,100,66,55,147,84,128,78,148,90,92,99,162,132,46,149,41,140,211,
machine7:0,208,44,104,57,40,144,112,85,122,155,206,177,184,58,69,36,194,108,5,196,178,23,101,219,34,105,19,197,71,139,156,43,131,59,152,133,96,52,17,109,35,218,42,106,135,121,204,183,60,193,14,68,95,187,13,200,76,168,207,164,138,116,124,143,107,115,186,166,22,45,53,136,97,1,74,82,161,63,48,93,216,4,141,83,88,29,134,167,174,3,98,9,182,181,176,11,209,190,191,189,72,217,55,84,78,162,46,41,140,
machine8:0,208,62,44,25,104,54,57,40,144,112,85,122,155,16,21,206,177,184,118,58,69,36,194,108,137,5,196,178,10,23,101,219,34,105,19,18,197,123,26,113,71,153,139,156,24,43,131,59,12,152,133,2,96,94,52,17,109,195,35,218,42,106,172,135,121,204,220,205,183,60,126,193,89,14,68,129,95,179,187,13,200,76,168,207,164,138,116,124,143,157,107,64,114,87,115,186,166,22,146,45,150,212,160,173,53,136,199,97,61,1,51,74,82,161,171,91,63,48,93,39,119,216,4,141,83,8,110,38,163,75,88,29,111,134,167,174,3,154,98,9,185,182,169,181,176,11,209,190,191,189,72,125,217,55,147,84,128,78,90,92,99,162,132,46,149,41,140,211,
machine9:0,208,201,67,144,15,118,69,36,10,23,81,19,27,197,113,192,71,153,139,156,24,203,175,43,131,12,152,52,56,102,158,218,42,172,135,205,183,213,60,126,193,198,89,68,95,179,187,76,207,116,143,157,107,87,165,186,166,22,215,45,150,160,173,199,97,61,1,82,171,93,202,4,141,83,8,110,88,29,111,145,134,117,167,174,154,98,159,185,182,169,181,176,11,209,190,191,72,125,100,147,84,128,148,90,92,162,132,46,149,41,140,
machine10:0,6,208,201,67,144,112,155,15,177,118,69,36,196,10,23,101,81,19,27,18,197,123,113,192,71,153,139,156,24,203,175,142,43,131,59,12,152,133,2,130,94,52,31,170,56,35,102,158,218,42,106,172,135,121,204,220,205,183,213,60,126,193,198,89,14,68,129,33,95,179,187,86,13,200,76,168,207,164,32,138,116,124,143,157,107,64,37,87,115,180,165,186,166,22,146,215,45,150,212,160,173,53,136,199,97,61,1,51,74,82,161,171,91,63,48,93,39,202,119,216,4,141,83,20,8,30,110,151,38,28,163,75,88,29,111,145,70,134,117,167,174,3,154,98,159,185,182,169,181,176,11,209,190,191,72,125,100,217,66,55,147,84,128,78,148,90,92,162,132,46,149,41,140,211,
machine11:0,77,208,62,127,104,85,50,122,188,155,21,206,15,210,184,58,194,137,49,196,101,219,197,26,192,71,153,139,156,24,43,59,152,2,109,170,195,102,158,42,106,172,135,204,183,213,89,14,33,187,86,200,76,107,87,180,166,22,45,212,136,199,97,61,82,161,171,91,39,202,216,141,83,30,110,28,29,111,70,167,3,154,159,169,7,181,11,191,189,80,217,66,84,128,214,90,92,99,162,132,46,140,211,
machine12:0,77,208,62,25,127,201,104,57,85,50,122,188,155,21,206,15,210,184,58,103,36,194,137,49,5,196,79,23,101,219,34,81,19,18,197,123,26,113,192,71,153,139,156,24,203,142,43,59,152,2,130,52,109,170,56,195,35,102,158,218,42,65,106,172,135,204,220,205,183,213,60,126,193,198,89,14,68,129,33,95,187,86,200,76,32,116,143,107,114,37,87,180,165,186,166,22,45,150,212,160,173,53,136,199,97,61,82,161,171,91,63,93,39,202,119,216,4,141,83,8,30,110,38,28,163,88,29,111,70,167,174,3,154,98,159,9,185,182,169,7,181,11,191,189,80,72,217,66,147,84,128,214,78,90,92,99,162,132,46,149,41,140,211,

1to 1:
1to 2:54,30,213,16,128,5,29,44,158,153,178,159,19,98,65,76,168,40,15,154,6,57,198,51,11,134,82,202,96,4,2,17,139,184,53,220,114,88,182,18,7,160,
1to 3:116,161,93,31,64,20,47,86,79,62,34,137,39,195,1,55,89,69,22,49,151,81,204,163,36,78,118,58,77,183,73,191,45,121,105,124,145,
1to 4:115,174,157,211,75,83,108,193,147,177,212,219,216,150,179,167,24,99,206,10,123,218,3,152,109,94,156,48,97,155,176,186,
1to 5:209,129,71,112,110,13,67,138,215,33,66,8,135,14,146,180,37,117,199,38,61,32,70,207,74,173,166,181,107,
1to 6:25,23,72,149,169,35,84,200,201,119,136,111,122,196,185,171,95,188,194,85,9,102,141,165,127,68,208,203,63,126,197,172,26,101,192,103,
2to 1:120,79,214,192,50,47,70,151,145,104,215,110,55,155,28,37,48,164,176,181,217,140,216,45,152,107,36,156,84,183,
2to 2:
2to 3:16,67,178,179,108,80,114,206,117,144,51,6,85,122,9,143,205,10,19,162,135,29,3,168,199,60,18,180,88,174,154,197,11,153,
2to 4:54,121,96,17,146,196,1,40,95,209,133,69,204,38,163,98,46,53,173,101,134,2,166,90,
2to 5:94,20,198,172,175,148,31,12,220,213,130,119,81,42,106,171,30,116,147,149,200,125,160,78,39,211,136,82,76,41,68,
2to 6:65,56,159,202,137,184,34,5,77,7,43,91,132,139,161,71,4,87,182,52,
3to 1:127,210,170,188,96,65,27,131,177,40,138,113,108,80,117,219,144,8,97,7,98,160,53,173,134,141,174,14,
3to 2:120,20,175,56,148,1,73,209,102,49,110,133,77,163,193,116,118,147,200,176,46,132,216,123,152,107,90,72,84,52,
3to 3:
3to 4:16,178,21,62,137,114,34,104,12,51,55,13,122,9,111,164,190,149,91,125,140,39,161,128,45,208,199,187,71,63,36,93,88,154,182,41,68,
3to 5:165,100,142,157,124,75,64,151,145,212,24,28,126,86,169,10,167,162,29,150,3,139,92,2,22,60,4,87,89,
3to 6:79,66,195,206,81,99,204,143,205,19,181,218,109,59,211,158,83,
4to 1:9,195,169,122,111,209,59,125,146,42,85,92,35,38,64,105,11,132,44,69,74,5,76,43,25,199,63,207,124,12,119,22,136,153,82,196,168,60,
4to 2:3,171,144,89,137,106,143,14,161,109,149,126,26,78,87,197,208,68,
4to 3:141,167,157,72,17,139,101,23,123,75,150,194,
4to 4:
4to 5:133,140,83,97,182,115,84,121,53,131,55,48,95,46,164,205,88,118,190,19,187,128,185,51,52,113,176,163,18,93,1,134,91,45,174,216,186,179,90,
4to 6:217,98,104,154,62,156,135,155,8,189,57,58,110,162,183,191,29,41,193,39,220,21,61,147,
5to 1:203,121,94,100,185,175,142,148,159,31,212,133,23,81,6,143,10,118,190,19,147,149,91,218,101,139,78,123,128,2,208,90,87,72,41,197,68,
5to 2:201,67,192,196,179,157,64,155,69,204,205,43,167,164,150,173,141,166,71,180,63,93,156,183,83,
5to 3:27,131,56,33,177,95,102,12,215,13,74,171,48,30,193,125,59,61,211,158,136,152,84,52,
5to 4:35,112,172,129,138,220,144,126,169,116,162,200,135,181,217,132,168,92,191,60,4,11,
5to 5:
5to 6:170,198,32,113,213,130,15,97,24,28,42,106,37,86,46,160,53,140,216,45,22,199,187,18,107,36,82,88,76,14,153,89,
6to 1:189,21,66,56,33,129,114,34,206,186,130,49,57,58,15,24,106,99,30,205,163,167,116,162,29,46,109,150,3,61,211,158,191,166,187,18,180,93,52,83,
6to 2:127,25,172,214,103,50,62,95,70,80,104,119,28,85,86,38,169,135,181,217,140,101,39,136,22,60,36,174,41,
6to 3:165,210,170,142,32,113,213,219,110,212,5,8,126,37,200,91,173,92,128,2,208,71,4,90,87,156,76,182,
6to 4:26,184,194,23,42,171,43,160,59,78,107,72,14,197,153,89,
6to 5:201,202,102,204,143,111,193,98,218,132,141,161,123,152,63,154,183,11,
6to 6:

cell1:6,2,3,5,4,
cell2:4,1,5,6,3,
cell3:1,5,2,6,4,
cell4:2,3,6,1,5,
cell5:3,4,1,2,6,
cell6:2,1,3,5,4,
