machine1:0,107,53,12,49,46,65,120,128,27,106,58,63,104,103,126,6,100,121,82,113,124,116,56,29,117,115,70,26,129,40,105,130,68,50,64,15,30,60,91,42,61,32,67,99,83,119,77,31,44,36,7,23,98,28,108,19,14,4,2,81,92,21,18,80,20,102,55,52,109,33,16,11,78,86,43,94,51,9,57,66,54,48,
machine2:0,107,53,12,114,49,25,45,112,122,46,88,65,62,120,75,128,69,27,106,10,58,63,17,104,103,126,6,100,121,79,90,24,38,82,113,124,72,116,56,29,117,59,115,70,26,129,95,40,105,130,68,35,50,64,41,8,15,30,60,91,110,5,42,61,32,67,99,83,119,37,96,97,127,71,77,31,85,1,118,13,84,44,3,73,36,7,23,98,28,125,108,19,14,47,4,2,81,76,92,21,18,80,20,102,55,52,109,22,87,34,33,16,11,78,74,123,86,39,111,43,94,51,89,93,9,57,66,101,54,48,
machine3:0,107,53,49,45,112,65,75,128,27,10,17,104,103,126,6,100,121,79,24,59,26,129,40,105,68,35,64,8,110,5,61,32,67,99,83,37,96,97,127,31,1,118,13,84,44,23,108,47,4,76,102,52,22,87,33,16,78,39,111,94,51,89,9,57,66,101,54,
machine4:0,107,53,114,49,45,112,122,88,65,62,75,128,69,27,106,10,17,104,103,126,6,100,121,79,24,38,82,113,124,56,59,70,26,129,95,40,105,68,35,50,64,41,8,15,30,60,110,5,42,61,32,67,99,83,119,37,96,97,127,71,77,31,85,1,118,13,84,44,73,36,7,23,28,108,19,14,47,4,81,76,92,80,102,52,109,22,87,34,33,16,11,78,39,111,94,51,89,93,9,57,66,101,54,48,
machine5:0,107,114,25,45,46,88,65,62,75,128,69,27,106,63,17,104,103,126,6,100,121,79,90,24,38,82,113,72,116,56,29,117,59,115,70,129,95,105,130,68,35,50,64,41,8,15,30,60,91,110,5,42,61,32,67,83,119,96,97,127,71,77,31,85,1,118,84,44,3,73,36,23,98,28,19,14,47,4,2,81,92,80,20,102,55,109,22,87,34,33,16,11,74,86,39,111,43,94,51,89,93,57,101,54,48,
machine6:0,114,25,45,46,88,65,62,75,128,27,106,63,17,104,103,126,6,121,90,24,38,82,113,72,116,56,29,59,115,70,129,95,105,130,68,15,30,60,91,110,5,42,61,32,83,119,96,97,127,71,77,31,85,1,84,44,3,73,36,23,98,28,14,47,4,2,81,92,80,20,102,55,109,22,87,34,33,16,11,74,86,39,111,43,94,57,54,48,
machine7:0,45,88,75,128,27,63,17,104,103,126,6,121,90,82,72,116,59,70,129,105,68,15,30,110,5,32,83,119,96,97,127,77,31,36,23,28,14,4,81,92,80,102,55,87,34,33,16,11,74,39,111,43,94,57,54,
machine8:0,114,49,45,88,120,128,106,17,104,6,82,124,116,56,115,70,129,105,68,8,15,60,5,42,61,32,99,83,97,127,77,85,44,73,36,7,23,28,14,47,81,92,20,102,55,109,87,11,74,39,111,43,93,57,66,54,48,
machine9:0,114,49,45,122,88,120,128,106,17,104,103,6,121,82,124,72,116,56,29,117,59,115,70,26,129,105,68,50,64,8,15,30,60,91,110,5,42,61,32,67,99,83,37,96,97,127,77,31,85,118,84,44,3,73,36,7,23,98,28,125,108,19,14,47,81,92,21,18,80,20,102,55,52,109,22,87,34,33,16,11,78,74,123,86,39,111,43,94,51,89,93,9,57,66,101,54,48,
machine10:0,114,49,122,58,63,126,90,82,72,116,115,40,64,30,60,110,42,119,97,127,71,31,1,118,13,44,36,7,23,98,125,108,19,14,47,4,2,76,92,21,20,102,109,87,34,16,11,78,74,123,86,39,111,94,51,89,93,9,57,66,101,54,48,
machine11:0,53,12,114,49,25,45,112,122,46,65,62,120,128,106,58,63,17,104,103,126,6,121,79,90,38,82,124,72,116,56,59,115,70,26,95,40,105,130,68,50,64,15,30,60,110,5,42,61,32,67,99,83,119,97,127,71,77,31,85,1,118,13,44,73,36,7,23,98,28,125,108,19,14,47,4,2,81,76,92,21,18,80,20,102,52,109,87,34,16,11,78,74,123,86,39,111,94,51,89,93,9,57,66,101,54,48,
machine12:0,12,45,122,75,128,69,106,10,104,103,6,121,90,82,124,72,116,56,59,115,70,26,105,41,15,30,61,32,83,96,127,71,1,84,44,3,36,7,98,28,108,19,14,47,2,92,80,109,87,34,16,11,78,39,94,51,93,66,101,
machine13:0,107,12,25,45,112,122,88,75,128,69,106,10,58,17,104,103,126,6,100,121,90,38,82,124,72,116,56,29,117,59,115,70,26,129,95,40,105,130,68,35,50,64,41,8,15,30,60,110,5,61,32,67,99,83,119,37,96,97,127,71,85,1,84,44,3,36,7,98,28,125,108,19,14,47,4,2,92,18,80,20,102,55,52,109,22,87,34,33,16,11,78,74,123,39,111,94,51,93,57,66,101,54,

1to 1:
1to 2:45,50,32,82,94,118,93,27,46,60,38,98,124,102,2,101,126,122,20,37,91,24,47,43,105,31,36,129,72,106,39,96,57,90,117,115,55,92,111,14,121,6,15,80,23,104,48,25,73,119,114,11,125,85,110,116,56,68,75,63,44,128,16,103,62,70,130,81,3,5,1,77,109,17,34,61,71,54,59,49,74,113,97,89,29,88,33,42,84,67,30,83,87,86,28,4,65,127,95,19,22,
1to 3:23,50,112,14,73,80,89,20,53,79,29,90,124,70,2,37,51,56,52,57,95,108,71,96,130,67,13,38,100,30,123,39,62,109,111,117,59,1,32,5,64,54,92,74,99,126,60,4,10,11,18,19,65,40,127,85,78,44,101,102,35,88,66,103,104,45,8,68,21,7,81,83,106,119,9,17,76,
2to 1:6,8,104,17,118,47,66,70,90,117,98,114,65,39,128,45,33,37,97,102,60,57,73,19,85,83,51,103,59,46,43,64,48,91,14,20,42,96,106,5,29,87,119,88,124,38,111,23,62,31,116,109,81,92,54,71,30,44,122,99,32,86,15,55,4,77,22,56,
2to 2:
2to 3:106,34,80,123,129,18,16,127,98,74,3,120,17,50,82,105,55,61,114,36,49,94,83,103,84,125,15,97,121,77,28,72,93,102,130,25,26,95,110,1,86,108,75,45,20,92,2,6,67,115,7,22,68,
3to 1:46,112,100,120,124,79,73,125,10,90,69,12,25,35,63,95,118,107,50,29,58,65,108,114,41,40,26,62,32,2,98,64,75,130,89,49,61,122,129,88,126,93,128,97,56,80,7,1,115,39,105,110,33,72,106,99,82,104,74,103,66,19,101,57,17,121,48,34,67,28,92,11,5,102,70,30,47,4,127,6,14,44,109,83,68,54,94,87,
3to 2:21,18,123,9,52,26,84,98,20,31,15,60,80,7,22,111,51,110,85,81,59,16,106,82,116,42,74,78,36,30,127,45,109,54,
3to 3:

cell1:2,3,
cell2:1,3,
cell3:1,2,
