machine1:0,107,120,53,128,12,26,21,43,81,49,2,108,4,31,91,46,92,15,28,9,7,52,106,65,23,80,57,94,27,86,121,20,16,58,102,63,98,66,100,48,126,6,129,104,18,33,103,82,11,50,77,42,113,61,14,124,119,36,116,55,29,19,117,51,115,78,70,56,40,105,68,64,32,130,44,30,60,54,109,67,99,83,
machine2:0,107,120,53,128,12,26,21,43,122,13,81,114,88,49,2,101,25,45,125,108,112,4,73,76,31,91,69,47,46,92,15,28,9,7,52,106,65,62,34,23,80,17,39,85,57,94,75,87,27,74,86,10,121,118,20,16,58,102,63,123,98,66,100,37,48,38,126,6,129,104,18,33,103,82,11,22,50,72,90,77,79,24,1,42,110,113,61,14,59,124,119,36,3,71,116,55,29,89,19,84,117,51,115,78,111,96,70,56,127,95,40,105,68,35,64,97,32,41,130,8,44,30,60,54,5,109,93,67,99,83,
machine3:0,107,53,128,26,13,49,101,45,108,112,4,76,31,47,9,52,65,23,17,39,57,94,75,87,27,10,121,118,16,102,66,100,37,126,6,129,104,33,103,22,79,24,1,110,61,59,89,84,51,78,111,96,127,40,105,68,35,64,97,32,8,44,54,5,67,99,83,
machine4:0,107,53,128,26,122,13,81,114,88,49,101,45,108,112,4,73,76,31,69,47,92,15,28,9,7,52,106,65,62,34,23,80,17,39,85,57,94,75,87,27,10,121,118,16,102,66,100,37,48,38,126,6,129,104,33,103,82,11,22,50,77,79,24,1,42,110,113,61,14,59,124,119,36,71,89,19,84,51,78,111,96,70,56,127,95,40,105,68,35,64,97,32,41,8,44,30,60,54,5,109,93,67,99,83,
machine5:0,107,128,43,81,114,88,2,101,25,45,4,73,31,91,69,47,46,92,15,28,106,65,62,34,23,80,17,39,85,57,94,75,87,27,74,86,121,118,20,16,102,63,98,100,48,38,126,6,129,104,33,103,82,11,22,50,72,90,77,79,24,1,42,110,113,61,14,59,119,36,3,71,116,55,29,89,19,84,117,51,115,111,96,70,56,127,95,105,68,35,64,97,32,41,130,8,44,30,60,54,5,109,93,67,83,
machine6:0,128,43,81,114,88,2,25,45,4,73,31,91,47,46,92,15,28,106,65,62,34,23,80,17,39,85,57,94,75,87,27,74,86,121,20,16,102,63,98,48,38,126,6,129,104,33,103,82,11,22,72,90,77,24,1,42,110,113,61,14,59,119,36,3,71,116,55,29,84,115,111,96,70,56,127,95,105,68,97,32,130,44,30,60,54,5,109,83,
machine7:0,128,43,81,88,45,4,31,92,15,28,34,23,80,17,39,57,94,75,87,27,74,121,16,102,63,126,6,129,104,33,103,82,11,72,90,77,110,14,59,119,36,116,55,111,96,70,127,105,68,97,32,30,54,5,83,
machine8:0,120,128,43,81,114,88,49,45,73,47,92,15,28,7,106,23,17,39,85,57,87,74,20,102,66,48,6,129,104,82,11,77,42,61,14,124,36,116,55,115,111,70,56,127,105,68,97,32,8,44,60,54,5,109,93,99,83,
machine9:0,120,128,26,21,43,122,81,114,88,49,101,45,125,108,73,31,91,47,92,15,28,9,7,52,106,34,23,80,17,39,85,57,94,87,74,86,121,118,20,16,102,123,98,66,37,48,6,129,104,18,33,103,82,11,22,50,72,77,42,110,61,14,59,124,36,3,116,55,29,89,19,84,117,51,115,78,111,96,70,56,127,105,68,64,97,32,8,44,30,60,54,5,109,93,67,99,83,
machine10:0,21,122,13,114,49,2,101,125,108,4,76,31,47,92,9,7,34,23,39,57,94,87,74,86,118,20,16,58,102,63,123,98,66,48,126,82,11,72,90,1,42,110,14,119,36,71,116,89,19,51,115,78,111,127,40,64,97,44,30,60,54,109,93,
machine11:0,120,53,128,12,26,21,122,13,81,114,49,2,101,25,45,125,108,112,4,73,76,31,47,46,92,15,28,9,7,52,106,65,62,34,23,80,17,39,85,57,94,87,74,86,121,118,20,16,58,102,63,123,98,66,48,38,126,6,104,18,103,82,11,50,72,90,77,79,1,42,110,61,14,59,124,119,36,71,116,89,19,51,115,78,111,70,56,127,95,40,105,68,64,97,32,130,44,30,60,54,5,109,93,67,99,83,
machine12:0,128,12,26,122,2,101,45,108,69,47,92,15,28,7,106,34,80,39,94,75,87,10,121,16,98,66,6,104,103,82,11,72,90,1,61,14,59,124,36,3,71,116,19,84,51,115,78,96,70,56,127,105,32,41,44,30,109,93,83,
machine13:0,107,128,12,26,122,88,2,101,25,45,125,108,112,4,69,47,92,15,28,7,52,106,34,80,17,39,85,57,94,75,87,74,10,121,20,16,58,102,123,98,66,100,37,38,126,6,129,104,18,33,103,82,11,22,50,72,90,1,110,61,14,59,124,119,36,3,71,116,55,29,19,84,117,51,115,78,111,96,70,56,127,95,40,105,68,35,64,97,32,41,130,8,44,30,60,54,5,109,93,67,99,83,

1to 1:
1to 2:45,50,32,82,94,118,93,27,46,60,38,98,124,102,2,101,126,122,20,37,91,24,47,43,105,31,36,129,72,106,39,96,57,90,117,115,55,92,111,14,121,6,15,80,23,104,48,25,73,119,114,11,125,85,110,116,56,68,75,63,44,128,16,103,62,70,130,81,3,5,1,77,109,17,34,61,71,54,59,49,74,113,97,89,29,88,33,42,84,67,30,83,87,86,28,4,65,127,95,19,22,
1to 3:23,50,112,14,73,80,89,20,53,79,29,90,124,70,2,37,51,56,52,57,95,108,71,96,130,67,13,38,100,30,123,39,62,109,111,117,59,1,32,5,64,54,92,74,99,126,60,4,10,11,18,19,65,40,127,85,78,44,101,102,35,88,66,103,104,45,8,68,21,7,81,83,106,119,9,17,76,
2to 1:6,8,104,17,118,47,66,70,90,117,98,114,65,39,128,45,33,37,97,102,60,57,73,19,85,83,51,103,59,46,43,64,48,91,14,20,42,96,106,5,29,87,119,88,124,38,111,23,62,31,116,109,81,92,54,71,30,44,122,99,32,86,15,55,4,77,22,56,
2to 2:
2to 3:106,34,80,123,129,18,16,127,98,74,3,120,17,50,82,105,55,61,114,36,49,94,83,103,84,125,15,97,121,77,28,72,93,102,130,25,26,95,110,1,86,108,75,45,20,92,2,6,67,115,7,22,68,
3to 1:46,112,100,120,124,79,73,125,10,90,69,12,25,35,63,95,118,107,50,29,58,65,108,114,41,40,26,62,32,2,98,64,75,130,89,49,61,122,129,88,126,93,128,97,56,80,7,1,115,39,105,110,33,72,106,99,82,104,74,103,66,19,101,57,17,121,48,34,67,28,92,11,5,102,70,30,47,4,127,6,14,44,109,83,68,54,94,87,
3to 2:21,18,123,9,52,26,84,98,20,31,15,60,80,7,22,111,51,110,85,81,59,16,106,82,116,42,74,78,36,30,127,45,109,54,
3to 3:

cell1:2,3,
cell2:1,3,
cell3:1,2,
