machine1:0,33,168,28,105,35,8,174,95,123,150,15,114,98,171,200,111,36,137,157,78,12,47,166,154,192,122,45,6,156,22,61,169,199,86,58,43,194,125,186,129,82,101,181,165,1,144,119,41,55,158,50,160,83,26,64,180,195,121,29,77,152,72,54,56,147,99,175,30,17,3,
machine2:0,94,193,168,95,108,153,15,114,198,141,200,133,110,12,20,60,38,19,166,154,192,170,37,49,6,156,22,169,11,7,148,113,86,146,118,58,194,112,197,120,42,186,187,44,82,73,165,1,119,55,124,126,2,85,162,132,83,18,142,182,64,109,121,102,68,72,54,56,147,34,151,175,30,189,149,
machine3:0,127,33,193,168,28,105,97,191,95,108,27,123,163,59,141,200,10,172,110,76,173,192,188,170,48,32,16,156,61,169,69,7,148,113,86,194,138,52,140,82,116,73,167,165,144,185,119,128,51,93,24,41,55,2,85,160,132,135,182,115,65,53,195,29,77,184,176,151,175,92,30,161,189,17,
machine4:0,94,103,8,183,143,164,159,131,123,59,171,36,137,67,110,20,47,106,19,166,154,122,37,32,70,107,9,22,69,90,88,118,43,138,197,120,42,71,74,116,167,84,185,119,128,51,134,124,160,91,132,26,135,31,79,57,109,65,145,77,72,92,161,189,17,21,190,
machine5:0,100,94,168,28,105,103,35,8,191,174,153,159,123,163,15,114,98,198,141,171,200,111,133,39,78,60,76,19,170,37,75,49,178,9,11,69,199,90,148,86,58,63,74,129,140,101,167,23,144,41,134,62,2,132,83,89,180,196,109,65,195,147,34,92,161,66,17,139,190,
machine6:0,127,100,33,8,183,143,153,27,198,141,10,157,12,60,173,38,170,49,178,107,179,156,22,86,146,43,197,42,14,74,52,187,44,116,165,144,185,119,55,50,2,132,26,155,135,96,115,196,109,145,68,81,176,151,46,136,
machine7:0,28,105,35,97,191,183,95,164,108,153,123,150,114,141,171,111,172,110,39,12,20,60,47,38,166,154,192,122,188,178,156,61,169,11,69,7,13,138,125,120,42,129,52,140,82,73,84,55,158,62,83,31,89,65,29,102,68,56,147,176,151,46,175,161,189,66,21,149,190,
machine8:0,100,94,33,193,8,143,174,108,153,131,163,59,15,114,137,157,110,78,173,38,19,166,154,122,188,48,70,107,6,16,61,11,7,199,88,86,58,13,138,197,120,14,187,116,181,167,165,23,185,119,128,51,126,85,160,132,26,89,96,109,195,121,56,92,30,189,17,139,
machine9:0,33,193,168,105,103,35,191,183,174,164,108,159,150,15,98,198,171,10,133,12,106,38,122,45,107,9,61,69,90,113,86,146,43,13,138,42,186,52,187,101,73,87,144,185,119,41,4,62,126,155,31,182,180,196,80,99,176,30,161,66,139,
machine10:0,33,35,8,97,164,108,123,15,198,141,200,10,137,110,47,19,166,45,75,104,22,61,11,69,7,199,90,148,86,43,120,42,186,71,82,73,181,167,1,144,119,128,51,24,41,55,158,4,50,18,142,135,117,115,196,145,77,102,68,72,54,184,175,92,30,189,66,17,21,
machine11:0,127,100,94,103,8,97,95,159,27,131,163,150,15,98,141,36,137,110,39,47,106,166,154,122,188,170,37,178,22,11,199,113,146,58,63,43,138,125,197,14,71,74,165,87,23,144,119,24,41,158,126,2,162,182,96,196,53,195,121,68,56,46,161,
machine12:0,127,100,94,33,193,168,28,105,103,35,8,191,183,143,95,164,108,159,27,131,123,59,150,98,198,141,171,10,111,172,133,36,137,67,157,110,39,78,12,20,60,47,106,173,38,19,166,192,122,188,170,37,45,32,49,70,178,107,6,104,9,156,22,169,11,69,199,90,148,113,88,146,58,63,43,194,138,125,112,197,120,42,186,14,74,129,187,140,44,101,181,84,23,1,144,185,119,128,93,41,124,158,4,62,85,160,91,83,26,135,31,64,180,40,196,57,65,53,121,29,177,77,102,152,68,72,54,56,81,147,25,46,175,136,92,30,130,189,66,139,21,190,
machine13:0,127,100,193,168,105,35,8,97,191,183,143,174,95,164,108,153,159,27,131,123,163,59,150,15,114,98,141,171,10,111,137,67,157,110,39,78,12,20,60,106,173,19,166,192,122,170,37,32,49,107,179,156,22,61,169,11,69,7,199,90,148,113,88,86,118,58,63,43,13,194,138,125,112,197,42,186,14,71,129,52,44,101,116,73,181,167,165,23,1,144,185,119,128,93,24,55,134,158,62,50,2,85,160,162,132,83,5,155,142,135,31,115,79,196,57,109,65,195,145,77,152,68,72,54,80,147,184,46,136,92,130,161,189,66,17,21,190,
machine14:0,100,94,168,35,8,97,191,183,174,95,164,108,153,159,27,131,123,59,150,15,114,141,171,200,10,111,133,137,67,157,39,78,12,47,76,173,38,19,166,192,188,170,37,45,32,49,70,178,107,179,156,22,169,11,69,7,199,90,148,113,88,146,58,63,43,13,194,138,125,112,197,120,42,186,74,140,44,82,101,116,73,181,167,84,165,87,23,144,119,128,41,55,134,124,158,50,126,85,160,162,132,83,26,18,142,31,182,117,180,115,40,196,57,109,65,53,195,145,177,102,152,80,56,25,151,46,175,136,92,30,130,161,189,17,21,149,
machine15:0,127,100,94,33,193,168,105,35,8,191,183,174,95,108,153,159,27,59,15,114,98,198,141,10,111,172,137,67,157,110,78,12,20,60,47,106,173,38,19,166,192,122,188,170,70,178,107,9,156,22,169,11,69,7,199,113,88,118,58,194,138,125,112,197,120,42,186,14,71,74,140,44,101,116,73,181,167,87,144,119,41,55,124,158,62,2,85,160,91,83,5,18,155,142,135,31,180,79,40,109,65,195,121,145,29,102,152,68,72,54,80,56,147,176,151,46,136,92,30,161,189,66,17,139,
machine16:0,94,33,168,28,105,103,8,191,174,95,108,153,159,131,123,15,114,98,172,133,36,137,157,110,39,78,12,20,60,106,173,38,192,122,170,37,75,70,178,107,22,61,169,11,69,90,148,113,86,58,43,13,194,138,125,197,14,71,74,129,140,44,82,101,116,165,23,144,185,119,51,93,55,134,124,158,50,126,85,160,91,132,83,26,5,18,142,31,180,79,40,196,109,65,53,77,102,54,147,99,151,46,136,92,30,130,66,17,139,21,190,
machine17:0,100,94,193,105,35,183,95,108,153,27,123,163,150,15,198,10,172,36,137,157,110,39,60,106,19,166,154,192,122,188,170,45,75,70,178,107,179,104,9,156,22,61,169,11,69,199,90,88,146,118,58,43,125,197,120,42,186,71,129,187,140,44,101,116,181,167,87,185,119,93,24,41,55,134,158,50,126,160,83,5,18,135,31,182,117,96,180,79,40,65,53,195,121,77,54,56,184,99,34,46,175,136,92,30,161,139,149,
machine18:0,127,100,33,193,168,28,103,35,8,97,191,183,174,95,108,153,27,123,59,150,15,114,198,141,10,137,157,110,78,38,166,154,192,188,170,37,45,178,107,6,104,9,16,156,61,11,199,90,113,88,58,43,194,112,197,120,186,14,74,129,140,82,101,181,165,1,144,185,119,128,51,93,41,134,124,158,50,160,91,26,18,31,117,40,196,57,109,65,195,121,145,29,77,152,72,80,56,25,151,46,136,92,30,130,161,189,139,149,190,
machine19:0,100,94,33,193,168,105,103,35,8,97,191,183,174,95,108,153,159,27,131,123,59,150,98,198,171,36,67,157,39,78,12,60,47,76,38,19,166,192,122,188,170,37,48,32,75,178,107,179,6,9,16,156,22,61,169,11,7,148,88,86,146,58,13,194,138,125,112,197,42,186,14,71,74,129,187,44,82,116,73,181,167,84,165,87,23,1,144,185,119,51,93,24,41,124,4,62,126,2,85,160,91,162,5,18,135,64,89,117,180,115,57,109,53,195,145,77,152,68,72,54,80,56,147,184,151,46,175,136,92,130,161,189,66,17,139,3,21,149,
machine20:0,127,100,94,193,168,28,105,103,8,97,191,183,174,95,164,108,153,159,163,59,150,15,114,198,171,10,172,36,137,157,110,39,78,12,20,60,47,173,38,166,154,192,122,188,170,48,45,32,75,49,70,178,179,6,104,9,156,22,11,69,7,90,148,113,88,146,58,13,194,138,125,112,120,186,14,74,129,52,140,82,101,116,181,167,165,87,144,119,128,51,41,55,134,124,158,4,62,126,85,160,91,26,155,31,182,96,180,79,40,196,109,65,53,195,121,145,29,77,152,72,56,25,184,176,151,46,175,136,92,30,189,66,17,21,190,
machine21:0,127,100,94,33,193,168,105,103,35,8,97,191,183,174,95,164,108,153,159,27,131,123,163,59,150,15,114,98,198,141,171,200,10,111,172,36,137,67,157,110,39,78,12,20,60,47,106,76,173,38,19,166,154,192,122,188,170,37,48,45,32,49,70,178,107,6,104,9,16,156,61,169,11,69,7,199,148,113,88,86,146,118,58,63,43,13,194,138,125,112,197,120,42,186,14,71,74,129,187,140,44,82,101,116,73,181,84,165,87,23,1,144,185,119,128,51,93,24,41,55,124,158,4,62,50,126,85,160,162,132,83,26,5,18,155,142,31,182,64,117,96,180,115,79,40,196,57,109,65,195,121,145,177,77,102,152,68,72,54,80,56,81,147,25,184,99,34,151,46,175,136,92,30,161,189,66,17,139,21,149,190,
machine22:0,127,100,94,33,193,168,28,105,103,35,8,97,191,183,174,95,164,108,153,159,27,131,123,163,59,150,15,114,98,198,141,171,10,111,172,137,157,110,39,78,12,20,60,47,106,76,173,38,19,166,154,192,122,188,170,37,48,45,75,49,178,107,179,6,104,9,16,22,61,169,11,69,7,199,90,148,88,146,118,58,63,43,194,138,125,197,120,42,186,14,71,74,129,52,187,140,82,101,73,181,167,84,165,87,23,1,144,185,119,128,51,93,41,55,134,124,158,4,62,50,126,2,85,160,162,132,83,26,5,18,135,31,182,64,117,96,180,115,40,196,57,109,65,195,121,145,29,77,102,152,72,54,80,56,81,25,184,99,176,34,151,46,175,136,92,30,130,161,189,66,17,139,3,21,149,190,
machine23:0,168,28,105,103,35,191,183,95,108,153,27,59,150,15,114,98,198,141,171,111,172,137,157,110,12,20,60,47,76,38,19,192,170,37,45,32,70,107,16,156,61,11,69,90,148,113,88,146,58,63,138,197,120,14,71,129,187,140,82,116,167,84,87,23,119,128,41,158,62,85,26,155,31,96,57,53,121,145,77,152,54,56,25,176,151,46,175,30,161,189,17,190,
machine24:0,94,33,193,28,35,97,191,183,95,164,108,153,159,27,123,163,59,150,15,114,98,198,141,171,200,10,111,172,36,137,67,157,39,47,106,173,38,19,188,48,45,75,49,179,6,104,9,156,61,11,69,7,199,90,148,88,86,146,63,43,194,138,112,197,120,186,71,129,187,140,44,82,101,73,167,84,165,144,119,93,41,55,134,158,50,2,85,160,83,26,135,31,182,64,89,117,96,180,115,40,65,53,121,145,177,77,102,68,54,56,147,25,176,34,46,175,136,130,189,66,21,
machine25:0,127,100,94,33,193,168,105,103,35,183,174,95,153,159,27,131,163,150,15,114,98,198,141,200,111,133,110,12,20,60,38,19,166,154,192,170,32,49,178,6,104,11,199,113,88,146,58,63,194,138,125,112,197,120,186,71,129,187,140,73,181,167,84,165,87,1,144,185,119,128,93,41,158,50,126,91,182,180,79,196,109,195,145,177,77,102,72,54,80,176,34,151,175,136,92,161,139,21,190,
machine26:0,100,94,105,103,8,97,191,183,174,164,108,153,159,131,123,163,98,198,10,137,67,39,78,20,60,47,192,188,37,49,178,107,104,9,61,169,11,69,7,199,113,88,86,43,194,138,112,186,14,71,74,140,44,82,84,165,23,1,144,185,93,24,41,158,50,126,85,160,83,142,117,180,196,53,195,121,77,102,54,56,81,25,151,92,161,149,
machine27:0,100,94,193,8,191,108,153,159,131,15,141,171,111,36,137,67,110,39,20,76,154,122,188,170,48,70,107,179,6,104,16,156,22,61,11,69,7,199,90,148,86,58,43,194,138,120,42,71,129,52,187,116,167,165,87,185,119,124,158,126,162,26,18,155,31,89,96,180,115,196,65,121,68,72,56,147,25,184,46,175,92,30,130,161,17,139,
machine28:0,94,193,168,105,103,35,8,183,143,174,108,153,163,15,114,98,171,172,133,36,67,157,110,39,12,20,60,47,106,173,192,188,170,37,75,107,156,22,69,199,148,113,88,146,118,58,63,43,138,197,120,71,74,129,140,44,82,116,181,167,165,23,144,185,119,128,55,62,50,2,160,83,26,5,18,142,117,77,54,80,176,151,136,92,30,17,139,21,149,
machine29:0,127,100,193,168,105,8,183,95,153,159,27,131,123,15,98,198,141,200,172,137,110,39,78,106,76,173,38,192,188,170,37,48,107,179,6,9,16,156,169,69,199,113,88,146,58,43,112,197,120,42,186,14,71,129,52,140,73,84,165,87,23,1,185,119,128,41,134,158,62,126,162,132,5,31,64,96,180,57,65,53,195,102,68,72,54,81,147,34,46,30,66,17,190,
machine30:0,193,28,105,97,191,183,143,164,108,131,59,150,114,198,171,10,172,67,157,39,12,47,106,38,19,154,192,188,170,37,48,45,49,178,6,9,61,169,11,199,88,86,146,118,58,63,13,138,125,112,197,186,71,129,187,44,116,73,87,144,185,119,93,55,4,62,126,85,83,26,142,31,182,180,79,65,195,77,72,54,147,184,99,176,175,92,30,189,17,139,21,149,
machine31:0,100,94,193,103,35,191,143,174,95,108,153,27,131,59,98,200,10,111,36,137,67,157,110,39,78,12,20,60,47,173,38,19,166,178,107,179,9,169,69,199,90,88,86,118,58,13,194,112,120,42,71,74,44,82,101,165,23,119,55,124,158,62,160,162,26,64,117,96,115,79,196,109,29,77,102,152,68,72,56,136,92,161,189,66,3,21,149,
machine32:0,94,193,168,28,103,35,8,191,183,95,164,159,27,123,163,59,15,98,198,10,133,36,137,157,39,78,12,20,76,122,188,37,75,70,107,179,156,61,169,11,199,90,88,86,146,58,43,138,125,112,71,74,129,187,44,116,73,144,185,119,128,124,126,132,26,142,31,79,196,65,53,195,145,68,72,54,56,184,99,46,92,30,161,66,
machine33:0,193,105,103,8,191,164,108,153,27,131,123,163,59,15,114,98,141,10,172,137,67,157,39,78,20,60,76,173,192,188,45,49,178,107,6,9,22,11,7,199,58,13,194,138,186,74,129,52,187,140,82,116,84,1,144,185,119,128,93,134,158,160,83,18,142,64,96,180,196,57,109,65,77,151,46,161,189,139,190,
machine34:0,100,94,168,28,183,174,27,163,59,98,141,171,200,111,172,36,67,110,39,78,60,47,106,166,170,37,45,32,70,178,179,9,16,156,169,11,69,7,90,113,86,118,63,43,13,194,138,42,14,71,129,140,116,84,165,1,144,119,51,93,24,41,55,158,160,132,83,26,5,31,117,96,180,109,65,77,102,68,54,56,147,25,176,151,175,92,30,161,189,66,
machine35:0,94,33,168,105,103,35,8,97,191,183,174,108,153,123,163,150,15,114,98,198,141,200,10,67,110,78,12,20,37,45,32,75,107,156,22,61,11,7,113,88,146,63,43,13,125,112,197,120,71,44,101,73,181,167,165,87,144,119,128,41,158,4,85,160,162,132,26,31,182,117,96,40,196,109,53,195,145,77,102,68,72,54,56,147,184,46,136,92,30,130,17,139,190,
machine36:0,94,33,193,168,105,8,191,183,95,164,153,159,27,15,198,141,10,172,133,36,157,110,39,60,47,106,38,192,122,188,48,49,178,107,16,156,169,11,69,199,113,88,86,146,118,58,43,194,197,120,42,74,129,187,140,82,101,73,181,167,165,144,185,128,93,41,124,158,2,85,162,132,83,115,79,196,109,53,195,145,77,80,147,184,176,151,46,175,92,30,130,189,66,17,3,21,149,
machine37:0,100,94,33,28,105,103,35,191,183,95,164,153,159,27,131,123,59,198,200,10,133,110,20,106,76,38,19,166,122,188,170,37,70,178,104,156,22,61,169,69,7,199,148,113,146,63,43,13,194,186,14,71,74,187,82,73,167,144,185,119,51,41,134,124,158,62,2,160,142,89,96,180,57,109,65,53,177,77,152,68,54,34,46,136,92,189,
machine38:0,100,94,8,183,174,95,164,108,153,27,114,98,198,141,171,10,111,137,67,110,78,20,60,47,106,166,122,188,170,45,178,107,179,6,104,9,16,156,22,11,148,86,118,13,194,138,186,71,74,52,140,44,116,181,167,84,87,185,119,128,93,41,55,158,62,50,85,160,132,83,26,5,142,182,96,180,196,57,109,65,145,177,77,68,54,46,175,136,92,189,66,21,149,
machine39:0,94,33,193,8,191,183,95,108,159,27,131,123,59,150,15,114,98,141,171,10,111,172,137,67,157,110,78,60,47,106,173,192,188,170,37,48,45,70,9,156,22,61,69,7,199,148,113,146,194,138,197,120,14,74,129,140,82,101,116,181,165,87,23,119,128,93,24,41,55,124,158,126,85,160,132,83,5,18,155,64,180,57,195,145,29,102,56,81,184,151,46,30,189,66,17,21,149,
machine40:0,127,28,103,35,8,95,159,123,59,15,98,198,141,36,137,157,12,20,60,47,19,192,122,188,45,32,179,156,22,61,169,11,7,199,148,113,58,43,138,197,120,42,186,71,74,129,101,116,73,167,165,87,23,128,93,41,134,158,4,126,26,5,117,180,115,57,65,53,145,68,147,25,184,151,136,30,189,66,17,190,
machine41:0,100,94,193,168,105,183,174,108,153,123,163,15,114,98,198,10,111,172,157,39,78,12,20,60,76,173,19,122,188,170,37,49,6,16,156,22,169,11,69,7,113,88,118,58,63,43,194,197,120,42,186,129,187,82,116,181,84,23,93,41,134,4,62,50,126,2,85,162,18,142,31,117,96,180,65,195,121,29,177,77,54,80,56,147,34,175,136,92,189,66,17,139,
machine42:0,94,33,28,103,8,191,164,59,114,98,171,200,111,67,157,78,12,20,60,76,122,188,48,45,32,178,6,9,156,61,169,11,69,7,199,90,88,86,58,43,125,42,14,74,44,101,116,181,84,165,144,185,24,41,62,132,83,26,135,64,89,117,180,57,109,53,145,177,54,80,56,147,184,99,175,30,130,17,139,
machine43:0,127,100,94,193,168,103,183,174,95,153,159,131,123,98,198,141,10,133,36,137,110,39,60,47,106,19,166,192,122,188,45,178,107,179,9,156,169,11,69,199,148,88,86,146,58,194,138,112,120,42,186,71,187,140,101,116,181,23,1,185,119,51,93,24,41,134,4,62,2,85,83,18,135,31,64,180,196,109,77,102,72,54,147,184,176,34,46,175,92,161,17,139,
machine44:0,168,105,103,35,8,97,191,174,95,164,153,123,163,150,15,198,141,171,172,110,39,78,47,76,173,38,19,166,192,170,37,48,49,178,107,179,6,104,9,61,11,69,88,86,58,63,138,125,112,120,14,52,101,84,165,87,119,41,55,134,158,50,126,85,160,132,83,26,135,182,117,96,180,115,65,195,121,177,77,68,80,81,147,99,176,151,46,175,136,30,130,189,3,149,190,
machine45:0,127,94,33,193,168,28,105,103,8,191,183,153,159,131,123,59,150,15,98,198,10,78,12,106,173,38,19,166,192,122,188,48,32,49,178,107,6,22,61,11,7,113,146,58,194,112,14,187,44,82,181,167,84,165,1,119,41,55,134,5,31,182,115,79,196,109,195,77,56,184,151,46,136,92,161,17,139,3,149,
machine46:0,100,94,193,28,35,8,97,183,108,159,27,131,123,171,10,172,133,137,106,173,166,192,37,45,32,75,178,61,169,11,90,88,146,58,194,112,120,14,187,140,82,116,73,165,144,128,158,126,2,160,162,132,26,64,96,79,195,145,77,72,25,184,175,136,92,30,17,21,
machine47:0,100,94,28,103,35,97,191,95,153,163,15,114,98,10,137,157,110,39,20,47,19,192,122,37,48,45,70,178,179,9,16,61,11,7,90,148,146,58,43,138,112,197,120,14,71,129,52,101,181,144,185,128,55,124,158,4,50,160,132,83,5,182,96,180,79,57,65,145,77,102,72,56,147,34,151,46,92,130,139,190,
machine48:0,127,100,193,168,105,97,183,174,95,108,131,163,15,198,200,10,111,172,137,67,110,39,47,122,188,170,32,49,70,178,107,179,104,9,156,61,169,199,90,118,58,13,194,138,112,197,42,186,71,74,129,187,44,84,165,87,23,41,134,126,2,85,91,162,83,26,18,142,135,89,117,196,65,54,56,184,151,92,130,161,17,149,
machine49:0,33,105,103,97,191,183,143,108,153,59,114,10,36,137,157,39,78,60,47,38,19,166,122,188,170,48,107,104,156,22,11,7,90,148,86,146,58,13,138,42,186,71,44,82,101,116,167,165,119,128,55,134,50,126,160,132,142,135,96,195,145,102,68,72,147,25,184,176,92,30,161,189,66,139,149,
machine50:0,100,94,105,191,183,95,123,114,200,10,111,172,36,137,157,78,20,47,106,173,19,154,170,37,48,45,9,16,61,199,148,113,88,146,63,194,138,112,120,14,140,181,165,87,185,119,93,24,41,55,2,85,132,83,31,182,64,196,57,177,102,80,56,25,184,92,30,161,189,139,

1to 1:
1to 2:12,18,19,23,29,30,31,37,42,43,47,48,53,55,56,61,65,66,69,72,82,94,95,97,98,107,109,110,113,114,119,121,123,125,133,138,141,148,154,156,157,158,166,167,176,181,185,189,192,196,22,199,160,15,197,144,116,193,8,183,120,103,131,186,132,68,150,86,164,139,1,115,89,
1to 3:22,23,36,42,43,44,47,49,56,60,64,67,72,73,86,88,92,94,108,110,111,113,122,123,140,141,142,144,156,160,161,166,167,168,169,175,180,181,187,189,190,191,196,199,58,192,138,77,137,153,37,116,128,20,69,186,12,65,159,150,63,1,125,152,
1to 4:2,7,11,12,15,17,19,23,26,27,38,41,42,43,55,58,59,65,69,72,74,82,88,92,94,101,102,105,109,110,113,116,122,123,124,126,135,138,141,142,144,145,160,162,180,181,193,200,22,119,195,170,189,137,168,83,85,30,153,107,183,167,35,70,68,159,182,133,29,118,
1to 5:1,12,16,23,26,28,34,41,43,54,55,57,58,59,61,69,77,82,88,91,92,93,95,98,99,101,109,110,114,119,120,123,129,133,134,138,147,148,154,156,165,166,184,186,190,191,192,194,22,15,108,170,160,71,161,153,30,107,128,37,197,9,175,163,51,
1to 6:17,18,20,24,28,29,32,33,35,41,42,48,49,51,57,66,74,76,78,82,88,91,92,95,98,101,109,110,121,122,138,144,147,148,154,156,160,162,163,165,167,171,175,180,181,184,185,189,194,196,198,108,39,168,161,71,170,153,77,197,37,193,146,103,69,72,9,86,139,150,2,115,152,3,
1to 7:12,15,17,26,27,33,34,38,43,44,49,55,57,67,69,78,88,102,108,109,112,122,123,140,147,148,154,156,163,165,168,175,181,184,186,188,191,194,196,199,200,58,189,119,144,197,83,11,171,193,198,137,161,105,103,54,132,45,65,21,139,68,86,164,149,62,36,182,
1to 8:12,20,30,33,34,42,47,49,58,64,69,73,83,94,98,99,101,109,110,114,122,124,148,154,162,165,169,173,175,181,182,190,194,199,15,71,189,153,144,170,168,85,11,56,193,166,82,54,163,9,6,65,21,172,131,159,76,28,62,
1to 9:9,17,19,20,27,28,31,35,38,39,41,47,53,56,58,59,60,72,86,93,98,101,102,105,106,111,113,116,119,121,134,141,148,156,158,163,171,176,183,198,199,200,123,170,77,15,83,161,137,107,11,153,120,82,37,174,129,54,175,12,186,164,159,70,63,16,125,
1to 10:7,8,9,11,12,15,17,20,22,27,31,34,42,56,58,60,61,65,69,86,88,92,94,100,103,107,110,113,114,121,123,124,128,134,138,148,151,156,158,161,162,165,168,169,176,180,185,186,190,191,196,199,200,119,192,153,71,170,37,30,198,82,120,175,172,21,72,159,68,62,1,
1to 11:6,7,17,20,22,26,28,30,35,37,38,43,44,49,54,55,58,59,66,71,72,76,82,88,90,92,93,109,122,125,138,151,157,161,162,169,171,192,199,200,119,108,94,137,83,193,8,77,11,183,198,103,163,180,45,86,131,172,65,36,159,150,63,62,152,118,3,
1to 12:2,7,17,24,30,41,43,55,78,82,86,88,92,93,94,98,107,110,113,119,124,138,144,145,147,156,157,161,162,163,165,169,180,181,183,185,191,195,198,200,58,189,15,71,77,153,105,116,8,120,69,37,132,21,164,63,131,53,51,1,89,118,
1to 13:15,17,29,32,41,42,43,47,55,56,58,66,67,77,83,86,93,94,98,100,110,113,119,120,122,134,138,141,145,148,151,153,156,158,160,163,167,173,181,184,186,192,194,199,22,123,170,168,193,74,8,197,198,69,11,37,85,116,128,174,12,54,166,180,45,65,21,150,159,28,118,
1to 14:2,7,15,17,31,41,43,47,48,49,53,55,59,60,61,64,77,78,88,92,93,95,98,101,106,109,113,114,116,119,122,135,145,151,161,169,173,175,180,181,182,184,185,189,191,195,199,200,58,71,94,123,171,69,193,120,166,35,45,86,132,36,159,28,62,133,115,1,
1to 15:2,7,17,23,24,26,32,35,38,41,42,43,45,47,50,55,58,59,77,78,86,91,92,93,95,97,100,102,110,113,114,122,124,134,144,145,148,151,154,156,161,163,166,169,170,171,178,182,185,190,191,192,194,198,165,108,138,160,74,137,183,56,103,107,82,120,132,72,70,63,36,139,28,79,89,
2to 1:1,2,7,8,11,15,21,24,26,30,35,42,45,56,58,59,60,61,71,72,74,82,84,102,108,110,114,115,120,122,123,137,139,151,153,156,166,167,173,174,181,182,183,184,185,189,199,22,119,170,107,128,103,98,126,17,12,157,86,41,163,132,150,172,28,36,51,63,62,162,154,190,
2to 2:
2to 3:1,4,8,10,14,15,24,30,31,35,42,46,49,50,58,65,66,68,72,73,80,81,95,98,102,103,105,106,108,109,125,137,139,141,150,156,160,171,173,187,197,22,119,92,61,199,123,144,122,38,116,100,107,167,69,85,20,19,6,17,12,163,43,60,148,41,111,186,164,36,162,
2to 4:11,14,15,21,22,30,35,42,43,47,54,55,58,68,73,74,78,83,87,88,94,95,102,105,108,109,114,117,120,122,132,133,135,138,139,140,141,146,149,150,153,158,164,167,168,171,174,182,186,189,191,192,195,198,27,178,38,85,197,19,100,113,69,157,17,66,7,131,53,62,162,
2to 5:23,24,30,31,33,41,46,50,55,69,74,78,82,88,94,95,99,106,108,110,113,114,116,117,120,121,137,138,139,140,149,150,151,158,161,166,174,183,184,185,192,193,195,197,199,123,119,144,61,170,15,107,178,11,109,148,43,103,44,196,157,172,96,28,154,
2to 6:4,8,11,14,15,19,21,22,24,30,31,33,41,42,55,56,58,59,60,72,77,82,89,95,97,104,105,109,110,114,116,119,120,122,123,126,138,144,146,147,150,158,165,166,168,179,181,182,184,185,186,195,197,198,27,61,178,100,113,38,136,156,103,174,196,148,12,20,45,131,16,36,62,52,154,
2to 7:1,4,7,10,11,14,23,30,39,41,43,49,56,59,65,69,70,80,85,86,88,94,97,102,104,105,107,108,110,114,115,121,123,126,137,140,142,144,149,150,156,158,159,161,164,174,178,182,186,188,191,193,198,200,119,199,61,195,15,189,78,27,38,26,141,103,33,157,196,163,151,17,132,131,63,68,51,162,190,
2to 8:2,8,14,15,18,22,33,39,46,47,49,52,56,62,65,71,72,73,77,82,87,95,97,108,120,122,137,138,139,144,154,158,165,168,173,176,181,186,191,193,197,198,199,119,85,38,107,11,100,98,183,69,26,174,109,9,17,43,163,164,16,63,51,
2to 9:15,31,45,46,47,48,50,55,69,71,73,82,86,98,102,103,108,110,125,128,140,145,146,151,153,156,159,161,165,175,176,178,181,182,185,189,197,198,200,199,27,195,61,11,38,183,19,85,141,174,187,113,43,196,12,21,106,96,28,190,
2to 10:1,8,17,18,22,30,37,39,47,48,50,55,58,66,69,72,77,85,86,88,95,97,100,102,106,108,119,120,126,129,132,137,138,139,142,143,144,153,158,164,165,171,173,178,183,185,188,191,198,92,27,199,197,78,15,61,107,103,196,141,128,43,174,186,68,16,115,155,
2to 11:10,11,18,22,26,28,31,35,39,43,46,49,55,58,59,61,65,71,72,75,77,82,84,86,90,103,107,120,129,137,138,139,141,142,145,146,161,166,176,178,188,193,198,195,92,78,15,119,197,116,85,38,126,100,169,136,109,12,196,186,7,164,36,13,154,143,
2to 12:2,8,10,13,14,15,24,27,31,51,58,73,85,87,89,94,95,97,104,105,108,109,113,117,123,139,151,153,158,161,171,174,176,183,185,188,198,199,189,22,144,110,98,11,38,156,141,196,69,33,43,169,167,86,7,164,68,53,36,16,4,
2to 13:2,8,10,11,15,21,23,33,41,42,46,47,65,66,68,73,94,95,106,108,110,113,114,117,119,120,122,126,137,138,141,145,151,153,158,171,173,181,184,186,188,189,198,22,123,61,197,183,98,100,156,43,167,9,20,6,157,131,164,62,28,16,4,115,190,
2to 14:8,14,22,24,26,38,41,42,46,47,49,51,52,56,58,59,68,69,74,77,78,80,84,88,96,98,102,103,104,105,107,114,115,120,122,123,133,139,144,146,150,151,153,156,157,159,171,174,176,181,182,183,184,185,188,198,119,110,11,137,109,33,126,9,60,43,86,7,106,4,190,
2to 15:2,8,10,11,14,18,22,24,26,33,35,39,41,42,47,48,52,56,58,60,68,80,95,102,105,108,110,114,122,123,127,129,137,140,142,144,145,146,153,176,179,182,183,185,197,199,92,119,15,188,178,161,138,38,101,98,156,100,19,43,157,20,45,96,86,28,7,97,154,143,
3to 1:1,8,10,12,15,19,20,30,31,35,39,45,47,49,58,60,65,69,71,77,93,94,101,105,109,113,120,123,127,128,129,131,137,138,144,147,148,157,160,161,166,170,173,175,181,183,191,193,199,119,192,168,83,88,78,110,114,54,146,116,156,41,59,132,33,186,169,42,2,36,73,133,79,135,32,118,29,
3to 2:8,10,11,13,23,30,31,37,39,41,44,53,58,61,62,71,72,85,94,105,106,108,110,120,121,127,132,139,141,146,147,148,150,153,155,158,159,160,161,167,168,178,181,186,189,191,196,197,92,123,119,199,47,138,137,144,114,122,88,14,19,69,116,33,187,136,169,164,73,42,135,125,29,
3to 3:
3to 4:10,11,20,23,27,30,31,40,44,49,54,56,58,66,67,68,70,71,72,83,85,92,95,101,102,105,111,114,120,128,141,144,156,158,160,164,168,178,179,189,194,198,199,22,47,94,191,138,107,110,140,193,19,167,46,136,174,12,147,33,59,41,180,55,73,80,118,142,91,125,
3to 5:1,5,14,19,23,28,31,35,36,39,45,50,54,57,60,61,65,69,70,77,78,80,83,95,109,112,116,130,131,152,153,156,158,160,166,168,170,185,199,138,92,192,123,137,122,114,38,30,101,120,148,20,136,41,169,157,55,132,43,59,106,135,190,118,125,
3to 6:5,6,8,11,19,23,24,41,46,49,55,57,58,59,67,70,77,80,88,90,92,104,112,114,116,125,127,128,129,139,147,152,153,157,159,160,164,165,166,169,175,181,185,189,196,22,27,168,192,144,10,198,171,167,14,146,173,186,20,148,29,1,91,
3to 7:1,6,8,10,11,19,20,31,35,39,41,43,45,49,50,56,57,59,63,65,67,68,72,77,80,85,88,92,93,102,106,111,113,114,123,128,129,136,139,144,148,150,156,157,158,159,163,164,169,170,175,177,184,185,189,194,199,195,112,168,108,27,138,119,160,137,30,83,69,191,14,107,37,54,33,12,55,131,181,97,79,42,142,190,
3to 8:5,6,8,12,27,31,39,41,49,62,63,65,66,72,73,77,84,85,90,98,105,108,135,144,146,148,152,160,162,168,173,175,189,190,199,165,92,123,188,114,191,83,137,122,38,88,110,69,171,100,136,167,20,180,157,43,9,132,181,42,125,80,81,
3to 9:15,20,23,28,31,35,45,53,60,63,71,73,80,95,102,105,108,113,120,123,128,137,141,144,145,148,150,158,159,163,175,177,179,185,186,189,196,197,199,138,192,168,119,27,77,171,37,198,14,38,88,183,167,46,19,180,12,41,173,172,59,106,111,97,164,67,25,32,
3to 10:1,5,8,12,30,39,41,43,55,56,58,60,62,63,68,71,72,77,78,80,83,84,85,93,94,98,108,110,111,116,124,128,129,147,156,158,161,168,169,179,181,186,190,191,197,198,199,165,123,195,47,185,188,192,37,114,140,69,120,141,136,14,88,46,54,148,20,164,131,106,67,42,143,
3to 11:11,19,28,31,37,38,39,45,47,49,54,55,58,59,60,62,65,71,72,77,78,93,95,98,111,116,123,125,128,129,137,141,144,145,156,164,178,179,180,183,186,189,194,197,199,192,160,112,27,191,185,138,30,114,10,88,157,173,146,169,9,21,20,12,131,67,97,190,
3to 12:4,8,10,11,13,14,24,31,39,41,45,53,56,63,65,68,69,77,78,83,88,92,98,106,108,113,120,128,130,138,146,152,153,160,163,170,177,178,184,189,191,198,119,165,168,94,27,144,122,183,46,54,141,140,156,101,20,157,17,164,172,2,67,80,42,32,133,142,118,
3to 13:4,12,23,31,36,39,41,42,44,50,61,62,65,67,78,80,88,93,95,101,123,127,129,136,141,145,147,153,157,158,160,163,173,197,92,138,94,199,108,188,114,110,77,10,69,171,137,122,46,116,37,120,148,180,175,132,186,59,20,17,55,169,181,172,106,81,29,
3to 14:4,8,15,19,26,31,38,39,41,42,49,53,58,59,60,61,64,65,67,77,92,93,94,98,109,113,123,131,134,137,153,159,161,171,179,181,183,184,185,199,192,165,119,168,78,188,138,30,14,141,46,88,156,120,187,136,175,111,164,135,79,127,80,1,
3to 15:8,10,11,19,20,24,31,43,44,46,49,50,54,58,71,72,80,93,102,108,113,120,123,128,129,130,136,137,139,144,145,153,159,160,161,163,167,169,171,173,181,184,189,190,193,194,197,199,165,112,138,92,191,114,183,107,83,14,37,116,100,148,156,186,41,172,2,55,25,67,97,127,42,142,32,
4to 1:2,7,15,26,27,30,32,42,54,57,59,60,65,79,83,92,95,97,98,100,101,105,111,114,118,120,123,134,137,140,153,156,160,172,174,178,182,183,189,191,192,196,199,22,58,195,138,108,170,74,47,194,193,8,110,11,37,82,19,85,113,109,69,141,180,102,45,55,164,106,68,115,125,91,152,
4to 2:10,27,35,38,39,41,42,53,55,58,63,68,69,71,85,87,92,94,95,100,108,113,120,121,137,144,146,153,164,178,180,182,196,197,199,22,74,138,15,195,8,11,107,82,128,193,156,141,105,166,151,19,33,109,9,102,150,21,66,106,97,135,176,
4to 3:8,9,19,22,27,30,41,44,46,55,57,58,60,65,68,72,73,80,85,92,95,101,105,107,108,111,112,113,115,118,120,131,136,137,138,153,157,158,159,161,168,181,183,196,197,195,189,74,191,160,10,110,88,140,128,146,167,132,174,102,180,59,66,31,179,67,130,177,155,
4to 4:
4to 5:5,9,11,22,35,43,53,55,57,59,60,66,69,74,78,80,85,88,92,94,95,97,98,101,107,109,112,114,116,119,125,128,134,136,137,140,153,172,180,182,183,192,193,197,199,108,58,160,170,38,198,105,110,37,83,30,174,151,126,186,65,18,29,152,91,40,
4to 6:7,8,9,19,27,30,38,44,53,55,87,88,90,92,94,95,100,101,107,116,119,125,131,136,140,144,148,153,156,164,172,173,178,180,181,183,186,191,22,58,112,189,47,170,74,194,110,69,105,85,41,82,166,20,33,174,66,65,145,127,179,135,18,155,152,57,
4to 7:15,27,38,39,41,47,54,55,62,65,69,78,79,84,88,92,94,112,114,128,136,144,164,168,169,188,189,196,199,74,108,85,107,19,30,46,109,186,66,87,21,67,150,115,155,152,142,125,40,
4to 8:2,7,9,10,11,19,21,26,27,35,38,39,42,47,55,62,65,66,71,72,83,85,87,90,92,94,95,98,107,110,115,117,125,132,136,137,138,140,144,145,146,159,162,165,170,181,182,183,186,189,168,22,160,74,8,193,88,194,30,56,128,167,101,69,82,141,180,33,31,73,135,84,57,40,152,
4to 9:11,15,26,27,32,33,35,38,43,53,55,59,67,69,71,73,92,94,95,97,98,100,105,107,114,117,119,120,128,131,140,141,153,157,158,161,170,172,180,181,182,191,197,189,47,30,56,85,113,19,46,167,20,45,186,150,63,87,127,145,155,57,176,
4to 10:11,15,21,27,39,41,42,44,46,53,62,67,69,72,74,80,92,94,98,112,113,114,123,153,157,161,164,165,168,170,174,180,181,183,188,192,196,197,199,58,195,47,191,138,194,107,78,8,100,37,116,88,82,167,140,20,126,54,146,102,186,66,9,31,7,55,106,127,87,84,200,133,57,176,142,
4to 11:9,17,26,27,30,35,39,55,60,62,65,66,67,71,78,88,94,95,98,105,114,117,118,125,141,145,158,164,173,178,188,192,197,199,58,138,108,189,194,74,107,38,69,83,122,166,126,46,54,20,180,70,21,106,13,29,142,
4to 12:11,13,21,22,26,27,32,47,53,54,58,59,67,68,73,78,80,84,92,94,95,100,101,110,115,118,136,142,144,146,149,156,158,164,165,178,180,182,183,188,189,194,195,15,138,170,160,10,191,8,30,69,37,140,141,113,120,82,128,174,46,109,65,41,66,70,7,130,57,152,40,
4to 13:2,7,11,12,21,55,56,57,68,69,73,83,85,87,92,94,98,101,110,113,114,118,124,126,128,131,137,145,149,153,160,168,170,189,191,195,199,22,194,108,47,15,88,78,116,156,140,167,141,100,9,180,186,174,66,65,179,23,67,177,155,
4to 14:2,7,8,9,11,12,15,17,18,26,35,41,46,53,60,62,79,80,84,85,88,92,95,107,114,117,123,131,134,136,147,153,158,159,161,164,165,178,180,183,188,189,191,192,193,22,47,195,171,38,82,101,113,167,102,174,63,127,115,125,
4to 15:2,13,26,31,32,39,41,42,46,47,56,59,66,67,83,85,92,94,95,101,102,107,112,114,118,119,120,122,127,128,132,136,144,145,148,149,153,157,158,165,181,183,186,191,192,197,199,58,108,160,138,10,193,8,170,178,30,11,110,100,140,19,88,113,126,146,55,9,21,65,97,106,130,177,142,
5to 1:6,9,12,17,19,27,29,31,36,39,41,43,50,51,59,60,69,72,74,83,86,90,92,93,95,98,99,101,109,110,114,119,121,122,123,125,127,134,135,137,141,144,148,154,156,157,158,161,163,165,170,180,185,190,195,199,58,138,15,108,61,94,77,140,198,126,196,82,120,174,113,129,175,
5to 2:11,12,14,18,20,27,43,50,54,55,58,66,75,87,90,92,95,97,98,103,105,109,123,127,128,131,135,139,140,141,144,150,154,156,159,170,174,175,180,181,186,188,189,190,192,195,198,22,108,185,30,85,38,178,110,122,120,107,69,196,151,42,28,121,
5to 3:11,12,14,20,22,29,30,37,39,41,44,46,50,55,56,58,60,69,88,90,92,93,98,100,105,106,107,109,110,112,114,119,123,128,130,136,138,140,147,148,153,157,158,159,160,167,168,180,181,184,185,189,190,192,108,137,197,77,194,161,38,101,198,120,193,95,196,175,35,169,79,42,
5to 4:9,11,19,27,31,40,46,50,55,58,59,65,66,69,70,80,87,88,90,95,105,106,109,112,114,118,122,130,133,135,136,139,140,144,145,151,153,156,157,158,161,168,170,174,180,181,182,186,188,191,192,198,22,160,119,92,137,138,74,193,30,38,197,178,85,107,128,82,101,54,44,124,79,57,152,
5to 5:
5to 6:1,12,14,18,22,27,28,33,37,45,54,57,58,69,70,71,72,75,82,87,91,92,94,96,103,104,107,109,110,112,116,123,127,128,129,130,136,139,144,151,153,154,157,158,159,160,163,165,166,168,170,172,179,180,181,185,189,190,191,192,198,138,194,78,74,85,101,193,113,38,178,88,140,126,187,20,41,90,53,31,25,24,
5to 7:8,10,11,14,15,26,31,39,40,44,45,50,57,58,60,69,78,85,93,95,99,103,107,108,109,114,119,121,125,129,132,136,139,140,142,144,147,154,156,158,163,168,174,175,181,182,185,186,188,190,191,197,27,160,92,30,77,61,137,37,101,128,193,126,122,88,113,187,196,151,20,96,149,150,79,152,
5to 8:8,9,11,27,30,39,40,41,43,45,46,50,55,56,58,69,71,74,80,82,87,92,94,95,98,99,101,105,114,117,120,122,123,126,128,131,134,139,141,144,151,154,157,158,161,166,168,170,172,179,180,186,188,189,190,191,199,160,119,192,108,138,185,197,137,178,140,26,109,90,169,124,51,34,
5to 9:11,12,16,30,31,33,39,40,41,46,50,55,58,59,60,71,82,93,94,98,105,106,114,117,119,130,136,139,150,151,153,156,157,170,172,183,186,189,190,197,198,199,165,192,92,137,15,161,140,69,26,101,85,103,187,35,65,44,96,134,25,79,34,91,
5to 10:8,11,14,15,18,20,23,39,43,46,50,60,61,71,75,78,80,85,93,95,98,102,105,106,110,112,114,116,117,119,122,123,129,130,134,139,142,153,157,158,159,160,165,168,170,172,175,180,188,190,191,192,195,197,198,199,58,22,92,194,108,138,30,137,161,113,107,126,151,196,140,69,169,65,96,53,42,149,124,25,
5to 11:6,9,10,11,31,39,43,45,46,60,61,72,77,78,86,90,92,93,94,98,103,107,108,116,117,118,126,131,139,142,144,157,160,169,172,173,180,184,186,188,189,190,191,196,197,199,22,58,138,74,119,15,137,101,178,193,26,128,102,95,44,20,96,149,79,28,57,99,75,
5to 12:9,11,13,17,30,31,37,39,40,43,45,46,51,54,58,61,71,77,80,85,90,92,93,94,95,96,98,100,109,117,118,128,130,131,136,141,144,145,147,149,158,159,160,163,165,167,169,170,172,175,180,183,184,186,188,191,199,108,119,153,38,122,10,107,110,69,178,26,193,198,20,113,41,151,65,42,124,24,
5to 13:11,14,15,19,22,23,30,33,43,45,46,50,55,69,71,78,87,92,93,94,95,98,100,101,105,106,109,114,118,122,123,127,137,139,141,145,147,148,157,158,163,166,167,170,172,175,179,180,181,186,190,191,192,195,160,108,138,153,197,10,178,126,140,60,44,41,134,65,53,149,121,5,
5to 14:1,8,9,11,14,17,20,30,37,46,50,69,74,80,92,98,99,101,105,109,113,117,123,125,133,135,137,139,145,147,163,166,174,180,181,184,185,188,190,195,196,198,165,58,138,194,61,161,178,153,95,122,88,41,169,60,151,44,65,134,149,51,42,34,
5to 15:10,11,13,17,30,31,39,41,45,50,59,71,83,90,91,94,97,103,114,123,126,130,132,136,137,139,140,142,144,145,148,149,151,154,157,161,170,172,183,186,189,190,196,197,58,138,160,112,194,119,61,78,92,108,85,178,101,184,187,120,128,20,102,169,35,44,134,96,25,124,34,24,
6to 1:6,8,9,11,12,15,16,17,30,45,47,49,55,56,58,59,66,69,72,82,88,91,94,95,97,100,109,119,123,125,126,127,129,138,148,154,156,157,160,165,167,170,174,175,180,181,190,193,194,195,198,22,192,185,168,153,110,144,122,26,101,166,20,173,33,131,64,159,28,53,76,51,121,52,
6to 2:4,8,11,13,14,19,26,30,31,35,37,38,41,47,49,51,56,66,68,69,82,100,103,110,116,119,127,128,129,138,144,145,150,157,160,164,171,175,176,178,179,184,186,195,197,198,22,108,189,61,185,27,78,153,126,85,167,174,156,173,120,146,113,95,20,148,166,12,180,139,44,72,2,87,7,159,154,28,155,
6to 3:4,7,8,12,14,22,32,36,37,39,46,56,57,60,61,67,92,103,107,108,127,128,129,131,136,137,145,146,148,150,158,159,160,165,169,175,186,191,197,58,168,27,144,189,110,153,101,100,166,156,184,173,20,21,41,72,53,28,73,130,49,62,52,121,
6to 4:7,8,9,11,12,13,20,25,26,38,44,54,56,57,58,59,65,67,69,80,85,97,100,101,107,116,124,125,128,136,145,146,150,152,156,158,164,165,166,167,168,170,173,174,175,178,180,182,189,191,193,194,197,92,144,27,47,74,153,105,78,82,110,126,95,19,109,41,66,33,72,179,70,53,2,121,40,
6to 5:5,6,9,11,14,20,30,31,37,38,51,61,69,77,79,82,91,94,97,107,116,119,125,127,128,129,134,137,144,150,154,158,160,163,170,173,175,184,189,197,39,92,22,58,192,168,78,153,85,178,95,100,120,167,180,109,33,12,139,131,21,93,104,117,
6to 6:
6to 7:4,8,10,12,21,26,31,32,35,37,38,46,51,59,62,69,84,88,100,103,112,119,123,125,126,128,136,140,149,152,154,156,157,160,164,166,168,171,173,175,178,181,183,184,186,190,191,197,198,58,165,92,144,27,153,122,194,98,11,20,19,33,147,148,146,150,60,159,93,64,49,104,24,
6to 8:5,7,12,14,26,27,38,41,62,69,80,84,88,123,124,125,126,129,136,159,160,165,169,173,175,180,181,182,183,184,185,186,191,192,193,197,58,108,194,189,78,170,168,105,161,98,85,146,148,187,95,166,21,66,87,49,2,76,134,18,154,
6to 9:9,15,19,20,25,35,37,41,46,61,67,71,77,88,90,91,97,101,103,116,119,123,128,129,131,144,145,150,158,165,167,170,172,175,176,178,180,183,186,190,192,193,194,196,197,58,27,153,146,120,166,60,148,187,93,64,159,87,179,121,48,104,
6to 10:2,5,9,12,21,25,27,30,37,38,55,58,61,67,69,84,85,92,100,107,115,119,126,128,144,148,153,156,159,164,168,169,170,174,175,176,178,185,191,193,195,197,198,39,165,192,22,78,110,98,122,146,116,95,20,6,180,86,87,121,18,179,124,62,104,117,48,
6to 11:7,9,12,13,17,30,37,38,46,47,56,57,58,59,66,67,68,75,92,94,103,119,122,125,129,136,146,157,158,160,170,175,178,185,186,188,189,194,197,198,39,192,78,116,183,184,156,26,174,82,19,196,60,20,72,139,53,49,86,93,179,62,76,18,52,
6to 12:3,4,7,9,10,11,17,20,21,32,37,39,45,46,48,56,65,67,69,71,77,80,84,88,92,119,124,128,129,136,138,156,157,158,160,164,166,170,178,179,180,181,186,188,191,194,198,27,8,184,98,167,183,174,147,146,100,41,33,139,96,159,97,53,2,28,51,117,89,
6to 13:4,7,12,21,26,31,37,44,48,53,57,66,71,77,78,85,88,109,115,119,126,127,129,131,136,146,156,157,165,167,168,170,175,179,180,181,183,184,186,189,190,191,195,197,198,22,92,61,11,100,95,120,20,41,187,173,148,59,151,163,60,96,93,139,87,159,24,
6to 14:4,6,9,14,15,17,31,32,38,48,57,58,59,60,61,62,69,80,84,88,92,94,95,103,109,110,116,119,125,136,150,158,169,175,181,182,189,190,193,194,195,39,165,47,185,168,78,8,105,122,153,184,26,187,19,147,180,20,163,196,41,64,131,179,159,51,130,49,
6to 15:7,14,17,25,37,44,55,57,58,67,71,78,88,94,95,100,101,103,124,129,137,138,144,145,148,154,158,160,169,170,178,182,183,184,186,188,193,197,165,108,22,92,192,189,112,194,185,114,11,153,26,146,174,147,166,173,196,180,33,139,159,72,2,16,18,104,48,
7to 1:9,19,26,41,47,49,51,56,59,67,69,77,79,82,85,86,88,94,102,103,105,107,108,114,115,116,118,119,120,121,122,125,141,144,147,149,150,151,152,158,161,165,174,175,180,184,186,191,192,123,27,168,92,160,137,15,189,138,11,30,37,101,171,140,20,129,109,54,21,35,17,181,93,65,64,200,42,124,
7to 2:4,11,13,14,15,21,26,31,38,45,47,49,56,63,68,84,87,94,96,97,98,102,103,107,110,113,115,116,122,125,128,132,144,145,146,147,148,155,164,165,166,174,181,184,186,190,191,196,197,199,108,119,58,27,92,188,61,137,138,30,114,10,100,157,129,33,43,163,131,158,18,42,154,
7to 3:1,4,5,10,11,19,20,27,30,41,46,49,50,56,63,67,68,77,80,88,93,94,100,102,103,105,107,109,119,120,123,128,136,147,148,152,158,164,177,180,181,185,188,190,191,196,39,47,160,138,112,114,78,171,178,137,37,144,101,193,9,129,33,166,141,157,54,169,172,70,150,64,25,
7to 4:7,26,38,46,49,55,57,59,63,66,67,69,76,82,87,88,92,101,107,109,117,118,122,123,126,136,137,144,147,149,156,162,164,170,186,191,192,193,197,58,112,195,27,108,15,189,78,30,11,94,114,10,85,98,166,140,20,35,132,21,
7to 5:1,11,23,27,31,40,43,45,55,69,77,79,88,99,100,102,103,106,107,109,112,116,117,118,123,136,139,147,148,149,156,160,163,170,174,175,181,185,190,119,199,92,10,30,15,137,37,178,140,26,85,98,129,101,19,113,151,166,35,9,172,17,70,150,65,124,93,50,154,
7to 6:4,5,8,9,19,20,24,26,30,33,38,45,46,47,48,49,51,59,67,69,77,82,85,87,88,95,103,107,115,116,122,127,129,136,139,140,145,148,149,152,156,160,162,163,164,165,175,184,185,186,189,190,191,192,193,195,112,92,94,194,27,144,188,37,14,178,166,196,17,109,181,35,21,150,124,18,121,25,
7to 7:
7to 8:10,11,19,26,33,38,40,41,45,49,54,63,77,82,83,84,85,87,99,105,108,109,110,119,122,123,128,140,144,146,148,149,158,160,164,165,170,180,184,186,188,190,193,196,198,195,27,168,153,114,138,37,137,88,14,98,43,17,20,132,65,181,93,64,150,50,62,81,182,162,
7to 9:17,21,25,31,36,38,39,40,41,43,45,46,47,56,63,68,69,73,76,80,82,84,85,88,97,103,106,107,110,123,126,127,137,139,141,145,146,148,150,151,163,165,168,170,175,186,189,190,191,193,197,119,108,195,15,112,94,71,171,10,114,161,178,11,140,19,129,54,33,157,20,158,181,35,131,200,121,50,
7to 10:8,9,10,17,24,25,26,31,36,47,48,50,56,67,68,69,77,78,82,84,93,94,102,106,107,108,116,117,126,127,140,142,147,149,156,161,162,163,164,165,170,175,184,190,191,197,198,200,58,92,39,112,160,15,123,194,188,199,171,193,30,144,153,137,128,103,157,43,131,23,158,76,121,81,
7to 11:7,11,21,38,39,47,49,57,59,63,76,77,82,88,97,101,103,105,107,109,110,112,114,123,125,126,142,147,149,152,156,160,161,162,164,166,173,180,191,197,198,119,78,61,15,171,94,193,30,144,178,10,137,19,157,132,158,35,9,131,93,200,64,124,
7to 12:4,7,8,10,13,15,20,30,39,41,45,47,48,51,62,63,68,76,77,86,88,93,97,100,105,107,108,109,110,117,118,122,128,132,136,139,142,147,151,160,161,162,163,164,165,168,184,191,193,197,119,92,153,144,189,61,114,94,101,37,157,169,65,131,158,72,149,200,182,
7to 13:4,11,12,39,41,45,47,54,56,60,68,77,78,84,87,88,100,106,108,116,117,122,126,136,140,142,145,147,148,163,164,177,180,183,184,186,189,191,197,92,10,171,94,30,114,193,85,37,137,98,83,128,101,26,129,158,169,132,109,70,17,21,93,181,23,149,42,62,
7to 14:4,7,8,10,11,12,17,19,26,30,31,38,48,49,51,54,59,62,67,69,76,77,79,86,87,93,98,102,103,107,109,110,115,116,122,127,132,139,141,144,146,147,149,153,161,165,168,174,175,177,184,187,192,195,196,58,199,112,119,94,137,123,194,61,78,14,171,83,85,140,166,9,169,65,6,150,158,181,200,42,50,
7to 15:5,7,11,19,21,25,36,45,46,47,49,50,56,63,77,79,82,86,93,97,100,101,102,103,104,107,108,110,114,119,122,126,136,139,140,146,160,163,165,177,184,185,186,190,191,197,199,58,39,92,94,195,61,112,144,88,83,10,30,137,37,128,14,157,169,158,35,9,131,149,154,
8to 1:1,3,9,16,22,26,27,33,34,37,41,42,43,47,49,50,56,65,69,71,72,74,76,84,88,94,98,101,108,119,125,134,135,145,154,157,163,165,180,182,184,186,191,192,195,123,160,193,144,194,110,183,100,82,166,128,6,90,17,31,181,176,
8to 2:15,18,20,26,27,33,37,39,42,43,50,51,52,55,58,69,84,88,103,114,120,121,126,135,137,138,141,154,158,164,167,170,171,176,179,181,182,183,184,187,189,119,161,85,101,98,128,38,100,11,166,157,17,45,90,66,73,
8to 3:8,9,10,14,19,20,25,26,27,31,35,37,42,43,46,57,61,62,63,66,69,80,94,95,98,101,110,115,118,122,128,136,137,144,148,153,157,160,170,172,180,183,185,186,189,191,199,168,108,123,56,105,11,85,107,132,90,106,134,181,
8to 4:9,10,18,27,29,42,43,46,47,49,50,55,58,63,80,82,83,87,88,98,105,108,109,120,122,130,139,141,151,152,153,160,170,172,174,178,180,181,183,186,191,192,193,199,195,92,123,161,85,100,114,101,146,166,59,134,73,176,
8to 5:9,15,19,23,28,31,34,37,38,40,41,50,56,57,65,75,77,80,88,93,94,98,99,102,114,117,130,135,138,145,148,149,154,167,172,178,182,188,190,198,199,39,27,195,160,123,185,144,170,105,110,193,95,101,69,166,151,103,109,43,6,96,134,181,159,
8to 6:2,6,8,9,14,18,21,25,26,27,33,42,47,48,49,55,56,57,61,62,64,69,72,76,94,95,98,104,117,122,126,129,144,145,148,151,153,154,157,163,166,170,173,180,181,184,186,187,189,192,193,194,195,168,108,123,119,110,185,38,100,101,105,107,146,128,109,66,159,51,176,
8to 7:6,9,10,19,23,27,30,43,46,50,54,56,57,66,78,81,83,84,87,88,97,98,104,110,117,118,122,125,129,137,140,149,152,157,160,163,170,171,188,190,193,199,108,123,189,94,15,168,144,26,128,69,101,85,38,82,109,103,132,72,181,31,76,
8to 8:
8to 9:2,6,19,21,27,33,34,38,40,47,54,61,62,63,77,82,84,85,87,88,93,95,97,98,101,105,120,130,141,145,153,158,163,164,167,176,182,183,187,189,191,194,196,199,71,170,119,144,56,185,193,15,110,197,69,83,100,128,146,157,90,31,111,49,
8to 10:6,7,8,9,10,20,25,26,34,37,39,46,48,55,58,61,62,64,65,78,81,84,87,88,98,102,120,129,137,144,149,153,158,164,165,169,170,185,186,188,192,193,194,195,199,94,168,114,27,15,38,56,85,69,11,43,76,162,
8to 11:6,10,15,19,20,37,43,49,55,58,62,63,64,69,72,74,78,82,83,84,85,88,95,97,98,99,101,103,118,137,138,139,149,154,158,160,166,172,176,180,186,187,188,189,190,191,193,198,39,27,92,199,144,185,171,197,128,107,109,26,173,132,66,157,59,9,31,73,
8to 12:7,10,19,26,33,37,46,48,56,62,63,65,66,69,74,77,80,84,87,88,93,94,95,97,104,115,123,144,153,158,163,164,166,167,172,176,179,181,188,191,197,119,92,71,161,83,110,85,100,107,17,43,132,59,31,49,73,159,162,
8to 13:2,6,8,10,12,15,28,33,34,42,47,50,57,60,61,63,69,74,76,83,84,98,108,110,114,117,118,121,122,124,126,137,138,149,157,158,160,163,166,167,175,179,180,181,183,185,187,188,189,192,194,195,165,168,199,71,123,56,198,11,85,151,43,66,111,
8to 14:3,9,10,12,14,19,20,26,28,34,42,47,48,52,54,56,57,58,60,62,63,65,77,80,81,83,84,88,96,99,101,103,104,114,119,120,125,135,137,139,144,146,149,153,158,164,173,175,188,191,192,199,92,194,170,105,85,193,69,98,11,183,132,151,109,17,181,64,6,134,176,
8to 15:2,10,14,15,22,28,30,34,35,41,43,46,47,49,57,58,63,74,77,78,83,88,94,95,97,101,110,114,117,120,127,130,132,136,138,144,145,146,154,158,159,163,165,168,186,187,188,189,191,192,199,123,119,71,92,160,161,105,122,56,100,193,26,85,9,17,134,84,73,96,50,162,
9to 1:1,6,9,12,15,17,21,31,32,34,35,45,50,54,59,64,66,69,71,82,84,85,88,93,94,95,108,110,111,120,121,123,128,129,131,138,140,141,144,147,150,153,154,170,171,176,190,191,194,197,199,200,165,192,119,137,114,161,183,198,193,187,19,175,103,73,
9to 2:7,11,19,27,33,55,58,61,69,89,105,110,114,119,121,125,128,137,138,141,144,145,146,148,153,155,170,171,174,175,178,183,185,186,191,193,196,197,123,161,15,198,98,38,26,41,187,35,163,12,172,102,96,31,97,
9to 3:11,14,20,27,31,35,54,60,62,63,64,69,80,85,88,93,105,110,111,113,115,121,123,127,128,130,135,138,140,141,144,145,146,148,150,153,156,159,160,164,168,171,172,177,178,186,196,197,39,192,170,71,189,77,137,193,161,183,136,26,46,19,173,175,12,21,106,57,
9to 4:9,11,21,25,27,33,35,47,53,59,60,65,82,85,87,95,106,113,120,121,123,125,131,137,141,144,145,150,153,157,158,164,176,178,182,183,197,198,200,58,189,56,195,192,170,114,88,15,38,19,136,156,46,69,173,180,151,174,102,146,186,172,63,111,73,
9to 5:6,14,17,19,21,35,37,38,45,46,50,59,61,75,80,88,92,98,100,103,105,110,112,116,117,119,123,125,127,131,135,139,144,148,150,152,153,157,165,172,174,199,192,58,170,94,189,114,15,138,161,77,137,178,197,183,156,26,69,140,54,129,60,146,33,90,31,36,25,34,
9to 6:6,14,17,20,21,27,28,31,35,38,41,48,53,59,66,69,72,77,80,86,92,95,96,100,103,105,110,116,117,120,127,128,129,131,139,140,148,150,152,153,154,158,161,170,171,174,176,178,194,196,197,195,114,94,56,198,183,146,151,136,19,180,187,175,12,186,2,25,134,64,36,49,73,104,
9to 7:10,11,15,27,35,38,45,46,48,50,54,69,77,87,88,93,95,98,100,103,108,110,112,117,123,128,129,137,144,148,157,158,163,164,165,171,174,182,187,190,191,194,197,200,39,119,94,56,193,114,82,26,41,175,156,19,102,31,111,186,145,63,16,84,106,25,49,
9to 8:6,10,11,17,19,21,27,38,45,46,48,50,64,66,69,77,80,85,87,88,95,98,101,110,114,115,120,125,128,135,137,138,140,141,148,152,154,157,158,159,164,176,182,183,185,191,192,194,196,197,198,58,195,123,189,83,15,193,166,173,60,33,186,63,84,34,
9to 9:
9to 10:10,11,14,20,31,44,46,48,58,60,61,62,63,65,72,77,84,88,92,93,96,98,100,103,110,113,114,116,120,121,129,138,140,146,151,153,158,160,163,168,174,175,180,186,199,39,119,165,71,192,170,56,161,183,156,69,102,172,64,111,2,36,73,16,34,
9to 11:6,9,11,20,31,45,46,55,62,64,65,71,77,84,88,94,98,102,107,110,112,128,129,137,138,141,144,145,147,151,157,164,165,171,173,178,186,188,189,199,123,119,56,193,38,170,26,82,156,19,146,60,54,35,90,111,
9to 12:9,10,12,14,27,31,32,33,37,41,45,48,53,60,65,69,87,88,89,93,95,96,98,109,110,112,113,115,119,120,128,130,133,141,146,152,156,158,163,164,170,178,180,186,188,123,71,15,77,183,94,198,197,56,136,46,19,26,187,175,167,103,134,35,106,145,84,36,63,16,
9to 13:6,10,11,15,17,21,34,45,46,50,53,60,61,63,65,66,67,77,80,85,87,92,93,95,108,110,111,113,116,117,126,131,140,141,145,148,153,157,158,164,167,174,177,183,190,193,199,58,170,195,192,83,197,137,136,198,82,19,196,180,187,33,175,146,186,31,106,25,49,16,32,57,
9to 14:6,9,10,11,14,37,38,45,46,47,48,54,58,65,77,87,88,94,98,101,105,119,131,135,146,147,150,151,153,159,171,174,176,177,180,181,182,183,190,191,193,196,198,199,192,189,195,123,15,161,187,175,19,41,90,31,63,84,57,
9to 15:10,11,15,19,35,37,45,47,50,58,59,63,72,77,87,89,95,97,105,110,111,114,117,129,130,137,144,145,146,151,153,156,165,168,171,176,177,182,186,187,193,198,199,39,71,192,161,170,94,183,33,41,102,175,90,172,64,36,25,16,57,32,
10to 1:1,8,16,17,20,23,30,41,53,54,55,58,61,64,69,71,72,74,83,84,88,90,94,110,121,122,126,138,141,142,144,146,149,158,161,162,165,168,172,174,183,184,186,190,192,193,199,22,39,170,15,78,185,160,105,153,151,60,9,43,44,169,35,139,86,154,18,24,
10to 2:11,14,15,20,22,23,30,39,44,50,58,65,68,86,88,90,96,100,103,107,108,113,114,119,120,123,129,131,138,144,146,151,153,156,159,161,163,165,168,171,175,186,187,192,196,197,198,199,61,137,188,105,8,98,185,69,128,43,181,70,62,121,143,52,155,24,
10to 3:5,20,31,37,41,43,46,50,53,54,56,57,58,67,68,69,73,78,88,90,92,94,95,100,105,107,108,110,113,121,127,129,132,136,138,141,142,144,153,156,159,160,162,165,167,168,178,180,183,186,191,196,197,198,39,27,188,30,8,137,171,128,148,173,139,60,158,7,164,23,42,1,81,24,118,
10to 4:23,30,50,53,56,58,60,63,65,69,74,78,83,85,88,92,94,98,106,107,108,110,116,119,121,124,126,131,137,138,140,142,153,162,165,170,174,186,188,191,195,198,199,22,39,194,160,114,8,27,47,37,15,14,141,120,46,169,102,180,9,31,158,139,76,181,164,87,25,18,42,115,117,
10to 5:9,15,17,23,30,31,36,37,39,41,58,61,69,74,78,86,88,92,94,96,100,102,107,108,116,119,123,124,127,128,129,140,153,157,161,168,172,178,183,188,190,192,193,197,198,199,165,170,137,114,77,185,105,85,141,98,120,180,113,60,158,44,169,50,18,1,117,24,
10to 6:5,7,8,9,17,20,21,26,30,31,36,37,41,53,58,69,71,72,77,86,92,103,105,107,108,112,116,127,128,131,136,138,144,146,147,149,156,168,170,174,179,183,185,186,192,196,197,198,22,165,194,153,188,61,178,46,14,11,180,126,158,42,49,130,154,155,104,48,
10to 7:1,10,17,26,27,30,41,46,54,56,61,64,67,69,71,72,78,88,94,98,100,107,108,116,119,128,129,131,140,146,159,161,162,175,183,184,186,188,190,194,195,197,198,199,165,39,15,137,47,114,170,110,14,103,126,102,35,181,158,164,18,50,25,48,104,118,
10to 8:9,10,17,20,22,31,34,54,58,60,63,69,74,77,88,95,102,107,110,114,122,128,146,149,151,157,159,165,168,172,179,181,183,191,195,196,198,39,123,47,194,61,37,188,14,103,98,126,6,158,43,76,7,25,87,18,48,115,154,
10to 9:9,15,17,20,21,31,34,37,39,50,54,56,58,64,67,68,69,71,72,103,106,116,119,121,123,129,131,134,137,140,144,153,159,161,165,168,170,178,183,185,186,190,193,195,197,198,112,192,188,194,191,82,110,141,151,148,46,120,175,167,102,35,6,76,48,115,
10to 10:
10to 11:15,17,20,23,26,31,52,53,54,58,61,65,67,69,71,72,74,75,84,88,93,103,107,116,119,128,131,142,146,156,157,172,178,185,188,190,191,192,195,199,39,47,138,77,194,78,114,198,11,120,82,43,173,6,86,60,158,9,139,76,115,118,
10to 12:10,15,22,31,36,37,43,46,53,54,56,58,60,61,63,67,68,69,71,74,92,94,95,96,97,100,107,138,140,142,144,153,158,162,165,168,172,174,175,184,185,188,198,199,39,112,191,78,77,27,170,105,194,110,113,98,11,14,151,44,148,9,55,70,7,87,200,76,62,104,117,
10to 13:9,14,17,20,23,37,39,41,48,52,53,54,56,57,58,61,65,67,68,69,71,85,92,93,94,96,98,100,108,116,119,122,123,124,128,129,131,134,137,142,162,165,167,175,179,180,183,186,190,192,197,199,22,47,188,138,185,78,114,15,8,110,113,141,120,103,126,12,43,158,169,55,7,50,181,42,18,117,118,
10to 14:17,20,22,34,37,47,54,57,58,64,69,74,77,78,84,88,92,93,100,106,107,116,119,122,123,153,159,161,165,168,180,184,188,190,193,196,198,199,192,194,171,138,85,61,11,120,98,147,9,103,12,148,169,55,6,139,181,60,76,62,87,104,24,48,
10to 15:5,20,26,34,36,41,42,43,48,56,57,58,61,67,71,72,83,84,92,93,95,96,100,103,105,114,116,122,123,131,134,138,140,144,146,153,161,162,170,171,180,183,184,186,188,193,195,198,199,165,39,194,78,191,197,137,37,14,46,126,173,102,31,7,55,23,50,200,
11to 1:6,7,8,11,15,19,20,28,39,47,49,55,59,60,61,65,70,76,85,100,101,107,108,109,110,111,114,116,118,120,125,134,142,143,147,149,153,154,156,161,180,182,185,186,188,192,193,196,199,200,94,189,77,194,71,144,191,197,171,95,82,157,9,86,72,163,1,29,75,
11to 2:9,10,15,22,26,31,42,43,48,52,55,60,62,65,66,69,72,96,97,98,100,119,120,128,131,137,139,153,157,164,185,186,187,188,189,191,196,123,192,61,199,108,71,144,27,47,38,178,183,122,197,198,11,151,86,132,21,35,68,53,13,190,
11to 3:10,13,19,23,26,27,35,39,42,44,59,65,73,78,88,92,101,103,107,109,111,112,118,119,120,123,125,128,131,137,141,143,157,158,168,171,173,178,186,188,191,193,196,199,58,108,94,197,136,198,54,129,180,20,72,169,86,36,68,142,115,29,
11to 4:7,10,13,18,19,27,30,31,35,43,46,47,49,55,56,59,65,66,73,78,83,92,98,100,105,107,112,114,118,119,124,137,138,141,153,158,164,170,172,178,186,188,192,193,195,196,200,58,199,74,108,144,189,71,88,191,11,26,140,95,136,173,54,180,157,12,44,169,67,142,
11to 5:6,9,13,15,28,30,31,38,39,43,45,55,61,65,72,77,78,86,90,92,93,94,96,98,101,103,107,110,117,118,119,134,137,139,144,154,172,178,185,195,196,199,58,160,192,108,161,123,193,114,191,183,88,11,26,136,197,198,129,140,157,173,79,190,
11to 6:6,7,19,22,38,44,45,48,49,57,59,60,65,76,88,93,109,110,112,117,119,126,129,138,146,149,154,170,171,174,179,182,185,186,187,192,193,195,196,58,165,92,194,191,108,78,95,82,166,178,180,20,173,163,157,9,172,72,75,190,
11to 7:9,13,15,19,20,26,27,30,31,37,38,39,43,45,58,59,61,69,78,83,87,98,103,108,114,117,119,123,125,131,137,145,147,149,150,154,161,164,187,198,200,160,94,199,191,193,197,10,144,8,188,185,116,88,184,129,82,95,157,136,163,35,21,173,12,
11to 8:6,7,9,10,17,19,20,22,26,27,30,46,57,58,65,66,69,83,88,94,98,108,109,119,124,126,132,137,138,139,144,149,154,157,159,169,170,172,174,176,188,189,193,194,195,196,198,199,47,8,183,11,77,82,129,173,95,12,151,90,72,64,115,
11to 9:6,11,12,15,19,20,28,31,38,43,45,57,67,71,83,93,95,102,103,105,106,110,112,114,119,125,131,137,141,144,146,153,164,171,173,174,176,178,182,185,186,187,191,192,193,199,39,160,189,138,27,47,194,77,98,172,60,86,55,35,21,36,53,64,73,190,
11to 10:15,30,31,37,39,42,46,55,57,58,61,67,69,71,78,85,92,94,98,108,112,116,124,128,131,139,142,149,161,164,168,169,170,174,180,188,191,193,194,199,165,27,160,88,198,8,183,197,140,54,9,12,60,86,70,90,72,36,75,190,
11to 11:
11to 12:7,9,20,26,27,30,42,43,45,46,56,57,58,62,65,73,77,86,92,98,101,110,118,119,123,124,136,141,142,145,147,156,161,164,169,172,191,198,165,94,78,178,10,185,11,183,184,129,95,109,54,163,59,68,67,93,53,13,133,115,3,75,
11to 13:6,7,9,10,13,15,19,20,22,26,28,30,31,45,58,65,66,67,73,83,87,94,101,102,108,109,117,119,126,128,129,137,142,149,158,170,185,186,188,193,199,47,123,189,74,138,27,192,56,77,116,11,95,136,107,180,60,157,44,12,86,
11to 14:6,7,9,10,19,22,31,35,38,42,44,48,54,59,60,61,62,65,69,82,86,94,98,103,106,109,112,119,125,136,138,139,147,149,156,157,161,164,171,182,188,192,193,194,195,196,199,165,58,160,92,78,47,191,8,198,185,144,183,178,114,184,88,26,11,180,169,53,68,
11to 15:9,19,20,23,28,30,31,35,39,45,49,55,58,60,61,65,67,70,74,87,94,96,100,108,112,116,117,118,119,120,124,126,128,131,132,153,156,157,161,168,169,170,171,176,178,182,186,187,189,193,165,199,92,71,123,144,197,56,185,26,114,183,184,129,82,54,95,90,44,86,64,68,13,36,
12to 1:1,2,9,10,15,19,20,35,41,42,43,45,54,55,56,60,61,69,71,77,82,83,86,92,95,105,109,114,118,124,132,133,141,142,151,160,161,162,169,186,188,193,194,200,119,192,199,189,74,110,94,122,8,120,156,167,147,66,17,65,70,145,16,182,
12to 2:10,11,12,14,15,17,26,27,30,31,41,42,43,53,66,68,69,74,78,82,86,95,98,113,119,128,132,133,151,157,158,159,163,164,166,169,172,176,183,188,198,94,144,185,138,110,153,156,105,167,197,103,146,175,109,141,196,174,147,96,145,106,84,63,13,89,
12to 3:1,5,7,8,11,12,14,15,19,20,22,26,30,33,36,37,41,42,46,54,56,57,58,59,60,71,73,77,80,88,92,105,107,110,113,118,128,136,153,158,159,160,164,165,167,169,181,183,190,191,197,198,199,27,123,168,144,94,119,189,188,185,98,116,120,187,196,147,44,150,131,106,133,
12to 4:2,10,11,15,20,38,41,46,47,53,54,58,60,63,66,68,73,78,80,85,88,92,94,107,113,114,118,125,128,136,140,145,146,147,152,158,159,160,162,164,165,166,169,170,172,186,188,189,194,198,200,138,192,74,108,27,105,191,8,153,30,122,98,110,69,167,141,19,101,156,132,175,65,17,150,7,13,
12to 5:9,10,11,12,14,22,30,31,34,38,39,40,41,43,51,56,60,69,78,79,80,82,85,92,94,95,100,105,113,114,124,125,128,129,133,136,141,147,151,153,156,157,161,163,165,169,170,172,178,180,185,190,198,123,199,74,195,138,144,119,8,110,101,116,109,158,174,102,139,53,145,150,134,106,28,130,
12to 6:5,7,9,12,15,19,20,37,38,45,47,48,56,58,71,78,88,92,100,110,114,124,125,130,148,158,159,162,163,166,169,170,174,178,179,180,181,183,184,194,197,198,192,119,27,195,189,153,8,116,120,95,167,122,156,129,146,196,59,17,66,21,150,145,134,53,182,13,32,89,
12to 7:1,11,20,24,26,30,31,35,38,41,46,54,56,61,68,69,71,77,86,87,88,94,100,101,103,114,120,123,128,132,136,141,147,152,153,159,160,162,163,164,165,166,197,198,200,112,119,191,144,27,178,110,184,156,183,98,129,113,175,109,33,174,43,158,44,139,70,93,145,
12to 8:7,9,11,15,28,34,38,40,43,51,54,55,56,63,73,78,88,92,94,101,107,109,122,125,128,129,136,145,146,149,158,160,164,166,168,170,174,188,190,194,119,185,191,144,27,105,110,198,183,69,196,187,175,33,96,106,66,2,84,117,176,3,
12to 9:10,11,15,20,27,31,33,35,38,40,41,43,47,49,53,54,55,56,59,63,68,71,73,86,87,94,106,111,128,136,146,151,157,158,159,163,164,168,170,175,183,199,200,138,189,153,144,105,198,178,110,197,98,156,187,141,174,102,21,28,145,84,176,182,117,
12to 10:1,7,8,9,11,31,34,39,41,43,46,53,54,58,60,65,68,70,71,74,76,86,87,92,100,106,107,110,113,142,153,159,161,162,163,164,170,172,174,180,181,183,190,198,119,61,123,191,185,144,168,94,178,105,85,184,120,98,197,69,167,147,156,129,103,17,151,131,132,96,158,25,84,89,
12to 11:10,13,15,20,26,27,38,39,43,59,60,71,78,82,86,92,105,118,119,124,125,129,142,147,156,157,158,159,161,162,164,166,168,169,172,176,183,188,191,194,198,123,199,112,185,153,144,110,178,37,151,146,187,116,109,175,131,7,90,44,65,96,28,117,
12to 12:
12to 13:7,10,11,15,17,22,24,27,28,31,32,41,42,43,45,47,48,54,56,57,73,74,77,85,94,96,101,106,111,113,118,120,122,129,136,141,142,153,156,157,158,159,160,162,164,165,167,169,184,185,188,194,189,197,8,183,69,83,110,198,98,187,147,2,66,67,84,53,145,177,124,4,
12to 14:2,8,11,15,19,26,28,31,37,38,39,41,42,48,51,53,55,56,57,60,61,63,69,78,80,85,86,92,95,98,101,103,119,132,136,141,147,157,159,161,164,169,171,176,180,183,188,195,189,192,74,191,153,94,110,122,184,113,198,46,109,196,151,17,150,182,3,89,177,117,
12to 15:5,7,11,15,17,19,20,27,28,30,32,38,41,42,43,46,48,54,56,57,58,59,61,71,83,86,88,92,104,118,119,120,123,129,132,140,149,157,162,165,169,170,172,179,180,181,183,185,190,191,193,198,199,138,195,168,197,37,10,122,178,110,103,174,167,151,187,45,65,139,70,145,106,130,182,176,
13to 1:6,16,20,23,24,26,32,35,36,42,43,45,49,53,57,59,60,65,66,69,74,76,78,83,88,94,95,100,105,108,110,116,118,119,123,129,131,141,142,147,149,153,156,157,160,168,169,173,180,181,182,183,189,194,198,22,185,15,114,8,56,120,98,82,174,55,12,17,134,186,111,124,84,
13to 2:8,10,12,15,17,18,19,22,24,26,41,42,43,46,49,52,54,56,60,61,66,68,74,83,85,88,94,96,100,102,103,105,108,110,116,120,123,136,137,141,146,147,153,155,156,157,160,164,167,172,174,175,179,184,186,189,197,199,165,170,171,185,37,126,11,183,82,166,158,23,139,4,
13to 3:7,8,10,11,14,15,19,20,24,27,41,42,46,49,53,56,57,67,71,74,77,80,81,85,94,95,101,108,110,113,116,118,119,120,123,128,131,137,141,142,147,148,153,157,160,172,173,180,181,184,185,187,189,191,192,197,199,165,22,92,138,170,37,122,183,83,44,66,60,158,169,23,111,84,124,5,62,
13to 4:7,9,10,15,27,29,30,33,41,42,43,44,53,56,59,65,73,74,78,80,83,85,87,92,95,100,101,102,108,111,115,118,122,126,136,137,141,142,145,149,153,156,157,159,162,167,170,172,175,178,179,180,189,197,199,192,138,114,47,195,94,116,183,128,46,174,60,109,166,151,186,70,23,66,55,84,106,177,
13to 5:6,11,12,14,15,20,22,24,26,28,30,33,37,43,45,46,50,54,56,59,65,69,71,74,78,92,95,101,108,110,113,117,118,123,128,129,131,136,137,138,148,149,157,160,169,172,174,178,180,181,183,188,193,197,165,192,94,114,116,77,98,107,82,151,126,158,60,23,70,31,139,134,55,93,121,18,5,57,
13to 6:8,14,15,18,20,21,24,25,28,33,49,54,55,60,67,69,71,74,77,78,82,95,98,100,104,108,110,122,123,131,134,148,149,153,156,162,166,167,169,170,182,183,187,194,197,22,189,47,56,185,138,116,11,128,174,180,126,12,44,6,147,163,158,93,87,66,2,70,124,181,179,84,57,62,5,
13to 7:5,8,9,11,14,15,19,20,21,24,33,35,42,43,49,54,61,62,63,68,74,80,82,83,87,92,98,101,102,104,108,110,111,119,122,123,126,128,132,136,137,145,149,150,156,163,174,175,177,181,186,188,193,198,165,94,171,197,114,170,10,56,116,166,107,140,6,45,17,121,57,34,81,
13to 8:7,8,9,10,11,14,15,20,21,27,30,41,42,43,50,56,57,63,65,66,69,71,73,74,76,80,85,87,88,94,95,96,103,108,110,115,117,119,123,129,136,138,141,145,146,160,165,167,170,173,175,180,184,185,189,192,198,199,194,197,183,98,107,166,120,46,132,163,45,151,59,55,186,181,6,139,149,159,62,4,81,
13to 9:11,12,20,21,25,27,30,35,41,45,46,50,54,59,60,63,73,83,85,93,94,95,100,108,110,115,117,119,123,126,131,134,137,138,141,153,156,157,158,159,163,164,167,168,174,177,179,180,181,182,186,189,192,15,77,197,114,198,116,183,98,151,175,55,2,84,62,
13to 10:5,15,21,24,25,39,41,55,56,62,63,68,71,74,78,83,88,94,108,111,114,116,117,123,142,147,148,153,156,157,159,162,164,172,173,179,185,188,192,197,198,165,47,170,168,138,8,77,11,98,46,107,126,129,17,174,60,44,158,180,163,23,139,
13to 11:7,15,19,20,26,30,43,46,53,55,58,60,62,64,65,68,69,76,77,78,83,88,93,94,95,101,103,110,111,115,116,117,123,126,128,137,138,141,142,153,157,158,159,162,169,175,179,180,184,185,186,197,198,199,10,74,47,37,188,129,98,163,67,66,124,84,4,
13to 12:5,7,8,10,13,14,15,17,19,20,21,27,30,32,33,37,41,42,43,45,53,54,56,63,65,68,69,71,77,78,80,83,87,93,94,95,100,104,108,109,110,113,116,117,118,119,123,129,134,141,145,146,156,157,160,162,163,164,165,177,179,184,186,22,168,74,188,47,98,183,11,198,128,46,151,174,180,166,60,169,158,12,181,
13to 13:
13to 14:5,6,9,11,12,17,19,24,26,28,37,41,46,47,50,54,60,62,65,67,74,78,80,85,93,94,100,103,104,113,117,123,131,136,153,158,164,165,168,179,182,184,188,192,194,199,58,56,15,77,185,114,83,116,98,173,196,180,55,96,139,23,84,18,177,81,
13to 15:7,8,9,13,15,17,20,22,25,26,30,33,37,44,58,59,60,77,78,80,85,87,88,93,94,95,100,101,108,110,111,114,118,119,120,122,126,134,136,137,138,156,157,160,165,167,169,170,172,174,182,188,189,197,71,171,47,56,10,198,183,128,129,163,158,132,45,151,186,179,2,149,5,
14to 1:2,3,6,8,9,17,19,22,23,24,32,34,41,49,50,55,56,64,69,72,83,86,88,92,97,101,103,105,107,109,119,120,122,125,131,134,135,138,139,151,157,161,168,174,175,182,183,185,192,194,195,196,58,112,47,199,38,191,171,114,113,184,156,147,169,90,200,67,149,76,1,42,
14to 2:11,19,24,28,30,33,56,63,78,83,84,86,95,101,106,114,115,116,120,121,123,125,131,132,135,137,138,146,147,150,151,153,161,165,167,176,182,183,185,188,193,199,58,170,189,61,85,38,184,156,14,196,41,46,12,187,109,90,6,35,60,55,127,51,
14to 3:5,11,19,20,24,30,31,33,44,54,56,60,61,64,69,77,80,83,92,98,101,105,106,109,119,120,123,137,138,139,140,141,146,160,164,166,173,183,184,185,188,192,199,112,58,165,10,168,191,189,114,88,122,14,46,136,113,187,147,41,181,67,135,42,127,1,177,
14to 4:7,8,11,12,15,17,19,26,30,38,44,46,47,49,53,54,55,58,59,60,63,65,68,69,74,78,80,85,94,97,98,101,102,105,107,116,117,119,120,125,132,136,137,139,141,145,146,147,149,153,156,157,159,166,174,177,178,180,182,183,194,195,196,199,165,112,92,191,83,88,122,198,100,95,113,109,9,41,164,181,87,67,42,130,127,135,200,
14to 5:8,9,11,14,15,17,24,26,28,30,31,39,41,43,51,55,60,69,77,80,93,97,101,103,106,107,109,120,125,127,131,134,135,136,141,149,151,153,157,161,166,167,175,178,180,182,183,185,188,191,192,193,195,196,198,58,92,194,119,78,88,95,156,46,90,169,45,35,12,87,130,99,117,
14to 6:2,5,6,7,8,9,11,17,19,20,24,31,41,44,48,49,52,58,61,67,69,74,85,92,93,101,103,104,115,119,125,127,139,146,153,163,166,171,175,179,180,181,183,185,189,191,192,195,165,112,71,78,194,122,137,198,184,95,109,136,169,148,149,76,159,117,
14to 7:8,10,11,12,15,19,30,41,50,54,55,63,69,84,86,88,98,101,102,103,106,119,123,136,137,149,150,153,156,161,164,168,171,175,178,184,186,188,193,195,112,165,61,47,71,192,114,78,194,122,95,147,169,172,109,9,45,200,87,117,1,
14to 8:6,8,10,12,15,19,30,43,46,47,50,55,56,64,78,81,84,88,92,98,101,106,119,122,123,125,131,138,145,151,163,168,176,179,180,181,182,183,184,186,188,193,194,199,165,192,94,171,114,100,85,187,109,17,35,172,9,111,127,149,
14to 9:6,15,19,31,32,36,45,48,49,54,55,56,60,61,69,72,80,84,85,88,97,98,101,102,105,107,112,116,123,127,138,139,141,146,150,151,153,159,161,167,171,175,176,180,181,182,183,189,192,194,165,58,94,47,114,137,198,26,178,95,41,196,46,12,35,172,64,130,135,
14to 10:7,8,9,11,12,15,17,23,30,36,39,41,46,48,54,56,60,61,65,69,81,83,84,92,94,98,103,105,107,112,113,115,116,127,132,133,147,159,160,161,163,168,173,175,176,178,180,184,185,188,191,192,195,199,58,165,114,137,198,14,187,169,67,18,80,1,
14to 11:6,7,9,11,17,19,23,28,30,31,37,38,39,44,46,47,49,59,65,67,77,86,92,94,95,99,101,105,114,119,120,122,123,125,131,139,146,147,153,159,163,178,183,184,186,188,189,193,194,58,192,199,165,71,191,78,196,169,187,45,60,55,35,64,
14to 12:7,10,11,19,24,30,31,32,46,48,49,51,53,54,58,59,60,62,63,69,77,84,86,88,92,94,98,106,109,112,113,117,119,123,131,138,146,151,153,166,167,183,184,185,186,191,194,192,38,110,198,78,178,156,147,187,45,41,12,90,181,111,130,80,
14to 13:4,6,7,8,11,12,17,20,30,34,41,44,45,48,55,56,61,69,84,94,98,105,106,109,113,114,115,116,120,121,122,123,134,136,138,141,146,147,153,157,158,159,166,171,179,180,183,184,186,191,192,193,198,199,165,194,47,26,156,46,14,100,172,60,76,42,117,
14to 14:
14to 15:2,5,7,11,14,19,20,22,24,26,30,32,36,37,44,45,48,49,54,55,56,72,79,85,86,92,95,101,102,104,106,107,112,119,120,122,123,138,151,157,161,163,171,176,178,180,182,183,185,188,191,192,195,199,58,194,47,137,100,136,184,172,169,9,90,159,130,87,42,117,
15to 1:2,11,15,17,19,37,39,41,43,45,54,55,58,61,72,82,83,88,90,94,95,101,110,111,114,120,132,135,137,140,144,146,153,156,157,159,162,166,169,172,173,175,176,183,189,191,194,195,92,123,168,47,138,119,71,108,10,56,161,167,186,196,147,65,86,93,97,154,57,143,182,34,32,
15to 2:19,22,35,39,42,43,52,58,61,66,68,83,85,88,89,90,95,96,100,103,108,110,114,116,123,126,132,139,144,151,156,160,165,170,172,181,192,193,199,119,195,168,47,171,56,71,10,197,146,174,196,45,65,86,87,36,50,16,97,154,48,182,4,104,
15to 3:9,11,14,23,27,31,39,41,42,44,58,60,61,72,73,77,85,90,92,106,111,113,114,116,120,122,123,128,129,130,131,132,135,136,137,138,144,165,169,170,172,178,112,160,168,71,171,10,185,78,183,101,8,105,46,103,146,20,45,186,35,65,93,143,104,57,80,4,
15to 4:2,11,17,18,19,22,25,26,27,35,42,46,47,55,56,58,66,70,73,83,88,92,94,95,107,111,112,113,114,120,122,128,131,132,138,144,151,156,157,159,160,165,172,176,179,180,181,182,186,189,194,199,108,171,78,10,178,198,146,140,196,147,45,65,68,145,50,87,84,127,97,162,
15to 5:9,11,14,15,20,25,26,36,37,39,43,45,55,75,93,94,101,105,107,110,117,120,123,128,136,137,139,144,148,156,157,158,160,161,166,169,172,178,180,183,185,190,192,199,112,58,168,92,71,78,30,61,197,122,184,196,95,174,102,90,149,50,130,97,79,28,154,182,57,104,5,
15to 6:2,14,17,23,25,36,38,41,42,44,46,47,56,59,61,64,72,77,78,79,86,89,93,95,100,107,110,112,120,123,126,128,129,131,134,136,140,144,148,151,156,165,169,170,174,175,176,178,180,184,187,193,58,92,119,168,8,197,138,122,98,183,146,26,33,20,186,139,96,7,84,97,28,87,179,154,4,162,48,5,
15to 7:8,9,11,15,17,19,24,25,38,39,42,45,46,48,54,55,56,58,63,79,80,82,92,96,102,111,116,122,126,128,129,132,136,137,138,139,144,145,146,156,158,160,161,162,163,165,170,175,181,183,184,186,189,190,193,194,199,112,123,10,185,114,78,26,37,20,174,103,147,35,93,97,149,200,127,154,177,4,
15to 8:2,8,9,11,26,27,30,31,39,42,43,45,48,50,55,56,58,63,72,83,85,95,100,102,105,108,114,126,132,138,139,140,144,146,151,157,160,166,169,170,173,174,181,182,183,186,191,193,194,92,199,123,71,94,88,10,198,87,149,84,97,145,179,154,5,57,
15to 9:11,15,19,21,23,25,26,27,30,33,36,38,46,47,48,50,55,63,70,72,77,82,88,91,96,100,106,110,112,114,126,128,137,138,144,145,159,163,165,173,174,178,183,189,199,10,123,71,161,197,98,95,146,103,45,102,35,139,84,97,80,200,177,104,182,
15to 10:2,8,14,15,17,25,31,36,37,39,44,50,54,56,58,63,64,71,72,78,83,92,95,100,107,108,111,113,114,117,120,123,126,129,131,136,137,138,139,140,144,153,156,158,159,161,163,169,170,172,174,183,184,185,188,119,199,47,105,171,88,148,147,102,186,96,93,130,97,142,162,5,
15to 11:9,11,15,20,26,39,45,46,58,68,74,77,78,79,83,90,94,96,107,111,114,120,122,123,126,131,132,137,138,145,146,156,159,161,169,178,179,190,191,193,92,119,47,71,199,10,88,95,103,147,186,86,72,149,162,142,143,
15to 12:9,10,13,14,26,27,36,37,39,41,42,45,46,54,55,56,58,63,65,71,73,77,78,79,90,92,100,101,105,110,113,116,117,128,132,133,134,136,139,145,153,156,157,159,161,163,178,184,194,94,160,199,138,171,30,185,183,20,147,146,102,7,86,96,177,162,130,142,32,
15to 13:2,9,11,20,24,25,26,32,39,41,42,47,55,56,58,67,73,83,92,95,100,101,108,113,114,116,120,124,128,131,132,137,138,140,145,153,156,157,159,160,162,165,170,173,181,183,186,189,192,193,194,71,195,8,10,185,94,105,126,98,184,33,102,146,45,158,7,50,179,93,87,142,57,34,
15to 14:2,8,9,11,14,17,35,38,41,50,52,55,56,58,60,78,80,83,86,94,95,97,105,106,107,110,119,120,123,132,134,136,137,139,145,153,159,161,165,169,171,175,176,181,182,184,191,192,193,194,92,195,112,138,61,185,198,30,10,183,98,146,100,174,187,103,147,135,28,84,127,104,48,
15to 15:

cell1:5,4,13,10,8,9,6,7,3,15,12,2,11,14,
cell2:3,10,5,7,15,8,11,9,12,4,13,14,6,1,
cell3:10,7,11,2,8,6,13,14,9,15,5,4,12,1,
cell4:1,15,2,5,12,14,8,11,13,6,3,10,9,7,
cell5:1,4,8,2,3,7,15,12,10,14,6,11,9,13,
cell6:5,15,8,14,7,4,2,1,3,10,13,11,9,12,
cell7:4,10,15,2,14,3,9,11,1,12,13,5,6,8,
cell8:13,9,7,10,5,4,11,6,3,15,2,12,1,14,
cell9:1,3,5,11,8,4,10,14,12,13,2,15,7,6,
cell10:1,11,15,13,9,12,5,6,7,4,8,14,2,3,
cell11:14,13,5,7,15,4,2,6,9,8,1,10,3,12,
cell12:4,3,10,7,1,11,5,14,8,15,6,9,2,13,
cell13:10,12,2,7,9,1,4,3,15,14,11,5,6,8,
cell14:11,9,7,10,6,3,1,2,8,13,5,4,15,12,
cell15:1,14,11,3,8,7,6,5,2,9,12,10,13,4,
