machine1:0,30,35,8,98,17,154,28,174,123,95,157,156,181,36,33,192,175,122,41,186,171,50,58,152,78,105,137,86,47,166,26,114,111,125,15,43,169,200,150,45,3,1,101,158,180,12,29,55,64,61,82,168,6,199,54,83,22,194,56,129,165,77,99,121,119,144,147,72,160,195,
machine2:0,30,118,198,189,60,49,151,154,7,153,95,94,133,42,20,141,156,192,110,175,186,58,86,73,162,19,197,108,170,166,11,68,114,193,15,37,169,200,149,182,120,126,1,142,38,146,12,148,2,55,64,82,168,44,6,54,83,22,194,187,56,18,124,132,112,165,113,109,121,119,147,72,85,34,102,
machine3:0,30,172,189,163,17,127,191,151,48,59,7,28,123,97,95,24,141,156,10,138,33,192,173,110,175,41,105,69,86,73,76,108,170,193,32,167,27,169,200,185,182,92,115,93,161,116,188,51,29,65,148,2,55,176,61,82,168,128,52,140,135,16,53,194,132,165,77,113,119,144,85,160,184,195,
machine4:0,118,103,8,190,189,17,164,154,59,123,131,94,42,20,67,21,138,36,183,110,57,159,122,171,84,145,69,137,47,19,197,88,166,143,106,26,107,9,32,167,43,37,70,185,92,120,161,91,116,51,65,74,90,128,71,135,22,124,132,134,77,109,31,119,79,72,160,
machine5:0,139,103,198,35,8,190,60,163,98,49,17,191,28,174,123,100,153,94,133,141,178,159,41,171,66,58,78,105,69,86,19,76,170,11,114,111,9,75,167,15,63,37,200,92,39,161,62,101,180,65,148,2,74,90,168,23,199,89,83,140,129,132,196,134,109,144,147,34,195,
machine6:0,46,198,8,136,60,49,127,151,100,153,42,157,141,178,156,10,33,183,173,50,145,86,197,170,143,26,68,107,27,43,185,115,179,38,81,116,146,12,14,96,2,55,176,74,44,52,135,22,187,155,132,196,165,109,119,144,
machine7:0,46,172,35,190,189,60,191,151,164,154,7,28,123,97,153,95,42,20,21,141,178,156,138,183,192,110,175,122,171,66,84,105,69,47,73,108,166,11,68,114,111,125,169,149,150,120,39,38,161,62,158,13,188,12,29,65,55,176,61,82,52,89,83,140,56,129,31,147,102,
machine8:0,30,139,8,189,163,17,48,154,59,7,174,100,153,131,94,157,181,138,33,173,110,122,58,78,137,86,19,197,108,88,166,11,143,26,114,107,193,167,15,70,185,92,120,126,38,13,116,188,51,14,96,61,23,128,6,199,89,16,187,56,132,165,109,121,119,85,160,195,
machine9:0,30,139,103,198,35,98,191,164,174,133,42,10,138,33,183,159,122,41,186,171,66,105,69,86,73,108,106,107,193,9,80,15,43,185,182,150,45,87,126,38,161,62,101,13,146,180,12,176,90,61,168,4,52,187,155,196,99,113,31,119,144,
machine10:0,30,198,35,8,189,17,164,7,123,97,42,24,21,141,10,181,33,110,175,41,186,66,104,50,145,69,137,86,47,73,117,19,108,166,11,68,75,167,15,43,200,92,115,45,120,1,142,158,51,148,55,90,61,82,4,128,199,54,71,135,22,18,196,77,119,144,72,102,184,
machine11:0,46,103,8,163,98,127,154,100,97,95,131,94,24,141,178,138,36,110,159,122,41,58,137,47,162,197,170,166,11,106,68,125,15,27,43,63,37,182,150,87,39,126,161,158,188,146,14,96,2,74,23,199,71,22,53,56,196,165,113,121,119,144,195,
machine12:0,46,30,139,103,172,198,35,8,136,190,189,60,98,49,127,191,164,59,28,123,100,95,131,94,133,42,20,67,157,21,141,178,156,10,181,138,36,33,183,192,173,110,57,159,175,122,41,186,171,66,130,104,58,84,152,78,105,69,137,47,19,40,197,108,170,88,166,11,143,106,26,68,111,125,107,193,9,32,27,43,63,37,169,70,185,92,150,93,45,120,39,1,38,91,62,101,158,81,188,146,180,12,29,65,14,148,64,74,90,168,44,4,23,128,6,199,54,83,140,135,22,53,194,187,56,124,129,112,196,77,113,121,31,119,144,147,72,25,85,160,177,102,
machine13:0,46,118,35,8,136,190,189,60,163,98,49,17,127,191,164,59,7,174,123,100,97,153,95,131,42,20,24,67,157,21,141,156,10,181,138,183,192,173,110,57,159,122,186,171,66,130,50,58,152,78,145,105,69,137,86,73,162,19,197,108,170,88,166,11,143,106,68,114,111,125,107,193,32,80,167,15,27,43,63,37,169,185,92,115,150,93,39,179,1,5,142,161,62,101,158,13,116,12,65,14,148,2,55,90,61,168,44,23,128,52,199,54,83,71,135,22,194,129,155,132,112,196,165,134,77,113,109,31,119,79,144,147,72,85,160,184,195,
machine14:0,46,30,35,8,136,189,49,17,191,151,164,59,7,174,123,100,97,153,95,131,94,133,42,67,157,21,141,178,156,10,181,138,183,192,173,57,159,175,41,186,171,130,50,58,84,152,78,145,69,137,47,73,162,117,19,40,76,197,108,170,88,166,11,26,114,111,125,107,32,80,167,15,27,43,63,37,169,200,70,149,182,92,115,150,45,120,87,39,126,179,142,38,161,101,158,13,116,188,146,180,12,65,148,55,74,90,82,168,44,23,128,199,83,140,22,53,194,56,18,124,132,112,196,165,134,113,109,31,119,144,25,85,160,177,102,195,
machine15:0,46,30,118,139,172,198,35,8,136,189,60,98,17,127,191,151,59,7,174,100,153,95,94,42,20,67,157,141,178,156,10,181,138,33,183,192,173,110,159,122,41,186,66,58,152,78,145,105,69,137,47,73,19,40,197,108,170,88,166,11,106,68,114,111,125,107,193,9,80,167,15,27,169,70,92,120,87,5,142,38,161,91,62,101,158,116,188,180,12,29,65,14,2,55,176,74,168,44,199,54,83,140,71,135,22,194,56,18,124,155,112,113,109,121,31,119,79,144,147,72,85,160,102,195,
machine16:0,46,30,139,103,172,8,136,190,60,98,17,191,151,28,174,123,153,95,131,94,133,20,157,21,178,138,36,33,192,173,110,159,122,66,130,50,58,78,105,69,137,86,40,197,108,170,11,106,26,114,125,107,75,15,43,37,169,70,185,92,93,39,126,5,142,38,91,101,158,13,116,180,51,12,65,14,148,55,74,90,61,82,168,44,23,54,83,140,71,22,53,194,18,124,129,132,196,165,134,77,99,113,109,31,119,79,144,147,85,160,102,
machine17:0,46,30,118,139,172,198,35,136,60,163,154,123,100,153,95,94,42,24,157,178,156,10,181,36,183,192,110,175,122,41,186,104,50,58,105,69,137,117,19,40,197,108,170,88,166,11,106,125,107,193,9,75,167,15,27,43,169,70,149,185,182,92,150,93,45,120,87,39,126,179,5,161,101,158,116,188,146,180,65,96,55,90,61,44,199,54,83,140,71,135,22,53,187,56,18,129,134,77,99,121,31,119,79,160,34,184,195,
machine18:0,46,30,139,103,198,35,8,136,190,189,127,191,151,154,59,28,174,123,100,97,153,95,157,141,178,156,10,181,33,183,192,110,57,41,186,130,104,50,58,152,78,145,137,117,40,197,108,170,88,166,11,26,114,107,193,9,80,15,27,43,37,149,185,92,150,93,45,120,1,38,161,91,101,158,188,51,29,65,14,74,90,61,82,168,128,6,199,140,16,194,56,18,124,129,112,196,165,134,77,113,109,121,31,119,144,72,25,160,195,
machine19:0,46,139,103,198,35,8,136,189,60,98,17,191,151,48,59,7,174,123,100,97,153,95,131,94,42,24,67,157,21,178,156,181,138,36,33,183,192,57,159,175,122,41,186,171,66,130,58,84,152,78,145,105,86,47,73,162,117,19,76,197,108,170,88,166,11,68,125,107,193,9,32,80,75,167,27,37,169,149,185,92,115,150,93,87,39,126,3,179,1,5,38,161,91,62,13,116,188,146,180,51,12,14,148,2,64,74,61,82,168,44,4,23,6,54,89,71,135,16,22,53,194,187,56,18,124,129,112,165,77,109,119,144,147,72,85,160,184,195,
machine20:0,46,30,103,172,198,8,136,190,189,60,163,49,17,127,191,151,48,164,154,59,7,28,174,100,97,153,95,94,20,157,21,178,156,10,181,138,36,183,192,173,110,159,175,122,41,186,171,66,104,58,152,78,145,105,69,137,47,40,108,170,88,166,11,26,114,125,193,9,32,75,167,15,70,182,92,150,45,120,87,39,126,179,38,91,62,101,158,13,116,188,146,180,51,12,29,65,14,96,148,55,176,74,90,82,168,4,128,52,6,140,22,53,194,56,124,129,155,112,196,165,134,77,113,109,121,31,119,79,144,72,25,85,160,184,195,
machine21:0,46,30,118,139,103,172,198,35,8,136,190,189,60,163,98,49,17,127,191,151,48,164,154,59,7,174,123,100,97,153,95,131,94,42,20,24,67,157,21,141,178,156,10,181,138,36,33,183,192,173,110,57,159,175,122,41,186,171,66,104,50,58,84,152,78,145,105,69,137,86,47,73,162,117,19,40,76,197,108,170,88,166,11,106,26,68,114,111,125,107,193,9,32,80,15,27,43,63,37,169,200,70,149,185,182,92,115,150,93,45,120,87,39,126,1,5,142,38,161,62,101,158,81,13,116,188,146,180,51,12,65,14,96,148,55,64,74,61,82,168,44,4,23,128,6,199,54,83,140,71,16,194,187,56,18,124,129,155,132,112,196,165,77,99,113,109,121,31,119,79,144,147,72,25,85,160,34,177,102,184,195,
machine22:0,46,30,118,139,103,172,198,35,8,136,190,189,60,163,98,49,17,127,191,151,48,164,154,59,7,28,174,123,100,97,153,95,131,94,42,20,157,21,141,178,10,181,138,33,183,192,173,110,57,159,175,122,41,186,171,66,130,104,50,58,84,152,78,145,105,69,137,47,73,162,117,19,40,76,197,108,170,88,166,11,106,26,114,111,125,107,193,9,80,75,167,15,27,43,63,37,169,149,185,182,92,115,150,93,45,120,87,39,126,3,179,1,5,38,161,62,101,158,81,188,146,180,51,12,29,65,14,96,148,2,55,176,64,74,90,61,82,168,4,23,128,52,6,199,54,83,140,71,135,16,22,194,187,56,18,124,129,132,196,165,134,77,99,109,121,31,119,144,72,25,85,160,34,102,184,195,
machine23:0,46,30,103,172,198,35,190,189,60,98,17,191,151,59,28,153,95,20,157,141,156,138,183,192,110,57,175,41,171,58,84,152,145,105,69,137,47,19,76,197,108,170,88,11,26,114,111,107,32,167,15,27,63,37,70,150,45,120,87,38,161,62,158,116,146,12,14,96,148,176,90,61,82,168,23,128,54,140,71,16,53,187,56,129,155,77,113,121,31,119,25,85,
machine24:0,46,172,198,35,136,189,163,98,49,191,48,164,59,7,28,123,97,153,95,94,67,157,21,141,156,10,138,36,33,183,173,159,175,41,186,171,66,130,104,50,84,145,69,137,86,47,73,117,19,40,197,108,88,11,106,26,68,114,111,193,9,75,167,15,27,43,63,200,182,115,150,93,45,120,39,179,38,101,158,188,146,180,65,96,148,2,55,176,64,90,61,82,44,6,199,54,89,83,140,71,135,53,194,187,56,129,112,165,134,77,121,31,119,144,147,25,85,160,34,177,102,
machine25:0,139,103,198,35,136,190,60,163,98,49,127,151,154,174,100,153,95,131,94,133,20,21,141,178,181,138,33,183,192,110,159,175,41,186,104,50,58,84,145,105,73,19,197,170,88,166,11,114,111,125,193,32,80,167,15,27,63,200,185,182,92,150,93,120,87,126,1,38,161,91,158,146,180,12,176,168,128,6,199,54,140,71,194,187,129,112,196,165,77,113,109,119,79,144,72,34,177,102,195,
machine26:0,103,198,8,60,163,98,49,191,151,164,7,174,123,100,97,153,131,94,20,24,67,178,10,138,183,192,159,41,186,104,50,84,78,105,69,137,86,47,117,108,88,11,107,9,43,37,169,149,185,92,93,39,126,1,142,161,158,81,188,180,14,74,61,82,44,23,199,54,83,140,71,53,194,56,112,196,165,77,113,121,144,25,85,160,102,195,
machine27:0,46,30,139,8,17,191,48,154,7,100,153,131,94,42,20,67,141,156,138,36,110,159,175,122,171,130,104,58,69,137,86,162,76,108,170,11,26,68,111,107,193,167,15,43,70,185,92,115,120,87,39,126,179,161,158,116,188,180,65,96,148,90,61,52,6,199,89,71,16,22,194,187,56,18,124,129,155,196,165,121,31,119,147,72,25,184,
machine28:0,30,118,139,103,172,35,8,136,60,163,98,17,151,174,153,94,133,20,67,157,21,156,181,138,36,183,192,173,110,171,50,58,105,69,47,117,197,108,170,88,143,106,26,114,107,193,80,75,167,15,43,63,37,149,185,92,120,39,5,142,62,116,188,146,12,148,2,55,176,74,82,168,44,23,128,199,54,83,140,71,22,18,129,165,77,113,119,144,160,
machine29:0,46,30,172,198,8,190,98,17,127,48,123,100,153,95,131,42,141,156,183,192,173,110,57,159,41,186,66,58,84,78,105,69,137,73,162,76,197,170,88,106,68,107,193,9,15,27,43,37,169,200,185,120,87,39,126,179,1,5,38,62,158,81,188,146,180,65,14,96,64,168,23,128,52,6,199,54,140,71,16,53,129,132,112,165,134,113,31,119,147,72,34,102,195,
machine30:0,30,118,139,172,198,189,49,17,191,48,164,154,59,28,97,131,67,157,21,178,10,138,183,192,175,186,171,58,105,86,47,73,19,197,108,170,88,11,143,106,26,114,125,193,9,63,37,169,149,185,182,92,150,93,45,87,39,126,142,38,62,13,116,188,146,180,12,65,55,176,61,44,4,6,199,54,83,71,187,129,112,77,99,31,119,79,144,147,72,85,184,195,
machine31:0,118,103,35,136,189,60,98,191,59,174,100,153,95,131,94,42,20,67,157,21,178,10,36,173,110,66,58,152,78,69,137,86,47,162,117,19,108,88,166,143,26,68,111,107,193,9,27,169,200,149,92,115,120,39,3,179,38,161,62,101,158,13,12,29,96,55,64,74,90,82,44,23,199,71,194,56,124,112,196,165,77,109,119,79,72,160,102,
machine32:0,46,30,103,198,35,8,163,98,191,164,59,28,123,95,94,133,20,157,156,10,138,36,183,159,122,66,58,78,145,137,86,73,76,88,11,26,68,125,107,193,75,15,27,43,37,169,70,185,92,39,126,179,142,161,116,188,146,12,65,74,90,61,168,44,128,199,54,71,53,187,56,124,129,132,112,196,99,31,119,79,144,72,184,195,
machine33:0,46,139,103,172,8,190,189,60,163,98,49,191,151,164,59,7,123,153,131,20,67,157,141,178,10,138,192,173,57,186,58,84,78,105,137,76,108,11,114,107,193,9,15,27,185,93,45,39,1,142,161,158,13,116,188,180,65,96,64,74,82,128,52,6,199,83,140,22,194,187,18,129,196,134,77,109,119,144,160,
machine34:0,30,118,172,189,60,163,98,151,59,7,28,174,100,94,42,24,67,141,178,156,138,36,183,110,175,41,171,66,84,78,69,86,47,117,170,166,11,106,26,68,111,9,32,27,43,63,37,169,200,70,92,93,45,39,179,1,5,161,158,13,116,180,51,65,14,96,55,176,90,168,54,83,140,71,16,194,56,129,132,165,77,113,109,31,119,144,147,25,160,102,
machine35:0,46,30,139,103,198,35,8,136,190,163,98,17,191,7,174,123,97,153,94,20,67,141,156,10,181,33,183,110,41,130,78,145,105,73,162,117,40,197,108,88,11,26,68,114,125,107,32,75,167,15,43,63,37,200,182,92,150,45,120,87,101,158,13,146,12,96,61,168,44,4,128,54,71,22,53,56,132,112,196,165,77,113,109,31,119,144,147,72,85,160,102,184,195,
machine36:0,46,30,118,172,198,8,189,60,49,17,191,151,48,164,153,95,94,133,42,157,21,141,178,156,10,181,36,33,183,192,110,159,175,122,41,66,130,58,145,105,69,86,47,73,162,197,88,11,106,107,193,80,167,15,27,43,169,149,185,92,115,93,120,39,3,38,101,158,188,146,2,176,74,82,168,128,199,83,140,16,53,194,187,124,129,132,196,165,77,113,109,79,144,147,85,184,195,
machine37:0,46,103,198,35,136,189,191,164,59,7,28,123,100,153,95,131,94,133,20,178,156,10,33,183,110,57,159,122,41,186,104,152,105,69,73,19,76,170,166,106,68,167,27,43,63,37,169,200,70,185,92,142,38,62,158,13,188,146,180,51,65,14,96,148,2,74,61,82,199,54,89,71,22,53,194,187,124,134,77,113,109,119,144,160,34,177,
machine38:0,46,118,198,8,136,189,60,98,164,174,100,153,95,94,20,67,21,141,178,156,10,181,138,183,110,57,175,122,41,186,171,66,104,50,84,78,145,137,86,47,108,170,166,11,106,26,68,114,111,107,9,167,27,149,185,182,92,93,45,87,179,5,142,62,158,13,116,188,180,65,96,148,55,74,44,128,52,6,54,83,140,71,16,22,194,132,196,77,109,119,85,160,177,
machine39:0,46,30,172,8,189,60,98,17,191,151,48,59,7,123,95,131,94,24,67,157,21,141,156,10,181,138,33,183,192,173,110,57,159,41,171,66,78,145,69,137,47,197,108,170,106,114,111,193,9,15,27,37,70,149,150,93,45,120,87,126,5,101,158,81,116,188,146,180,29,14,148,55,64,74,61,82,23,128,199,83,140,22,194,56,18,124,129,155,132,165,113,119,85,160,102,184,195,
machine40:0,30,103,198,35,8,136,190,189,60,98,17,127,151,59,7,28,123,95,42,20,157,141,156,138,36,192,57,159,122,41,186,66,58,145,137,47,73,117,19,197,11,26,68,32,167,15,43,169,115,93,45,120,87,126,179,5,101,158,116,188,180,12,65,148,74,61,4,23,128,199,71,22,53,129,165,134,113,147,25,184,
machine41:0,118,139,172,198,136,189,60,163,98,49,17,7,174,123,100,153,94,42,20,157,156,10,181,183,173,175,122,41,186,66,50,58,84,78,105,69,162,117,19,76,197,108,170,88,11,114,111,193,80,15,43,63,37,169,92,93,120,39,126,142,62,116,188,180,12,29,65,96,2,82,168,4,23,6,54,16,22,194,187,56,18,129,134,77,113,121,31,147,85,34,177,195,
machine42:0,30,139,103,8,60,98,17,191,48,164,59,7,28,94,42,20,24,67,157,178,156,181,33,57,175,122,41,171,130,58,84,78,145,69,86,117,76,88,11,26,114,111,125,9,32,80,43,169,200,185,45,62,101,116,188,180,12,14,64,74,90,61,44,6,199,54,89,83,135,53,56,132,165,99,109,144,147,177,184,
machine43:0,46,139,103,198,60,98,17,127,174,123,100,153,95,131,94,133,42,24,141,178,156,10,181,138,36,183,192,110,159,175,122,41,186,58,69,137,86,47,19,88,166,11,106,107,193,9,169,185,92,93,45,120,39,179,1,161,62,101,116,188,146,180,51,148,2,176,64,168,4,23,199,54,83,140,71,135,194,187,18,112,196,134,77,109,31,119,147,72,85,34,102,184,
machine44:0,46,30,103,172,198,35,8,136,190,189,163,49,191,151,48,164,174,123,97,153,95,141,178,138,192,173,110,175,41,171,130,104,50,58,84,78,105,69,86,47,117,19,76,170,88,166,11,26,68,125,107,9,80,15,63,37,149,182,115,150,120,87,39,126,3,179,38,101,158,81,180,65,14,96,55,176,61,168,52,6,83,135,132,112,165,134,77,99,121,119,147,85,160,177,195,
machine45:0,46,139,103,198,8,136,98,49,17,127,191,151,48,59,7,28,123,153,131,94,178,10,181,33,183,192,173,159,122,41,58,84,78,105,19,166,11,106,107,193,32,167,15,149,182,92,115,150,3,1,5,38,161,188,146,12,14,55,61,82,168,44,6,22,194,187,56,112,196,165,134,77,113,109,31,119,79,184,195,
machine46:0,30,172,35,8,136,17,28,123,100,97,131,94,133,21,178,10,183,192,173,159,175,171,58,145,137,73,162,108,88,166,11,106,26,193,32,75,27,37,169,92,45,120,126,158,116,146,14,96,2,64,90,61,82,128,140,194,187,132,112,165,77,79,144,72,25,160,184,195,
machine47:0,46,139,103,35,190,163,98,191,151,48,7,28,100,97,153,95,94,20,157,178,10,181,138,192,110,57,122,130,50,58,145,137,47,19,197,11,114,9,15,43,37,70,185,182,92,45,120,39,179,5,101,158,146,180,65,14,96,148,55,90,61,4,128,52,83,71,16,56,124,129,132,112,77,79,144,147,72,160,34,102,
machine48:0,118,172,198,163,49,17,127,151,174,100,97,95,131,42,67,178,156,10,138,183,110,122,41,186,130,104,58,84,105,137,47,162,117,197,108,170,26,111,107,193,9,32,15,169,200,70,149,92,87,39,126,179,142,161,91,13,188,65,2,74,90,61,168,44,23,199,54,89,83,71,135,194,187,56,18,129,112,196,165,134,85,184,
machine49:0,30,139,103,189,60,191,48,59,7,97,153,42,157,156,10,138,36,33,183,122,186,66,104,50,58,78,145,105,137,86,47,19,108,170,166,11,143,68,114,107,167,149,92,39,126,142,38,161,101,13,116,188,146,96,148,55,176,90,82,44,128,71,135,22,132,165,134,119,147,72,25,160,102,184,195,
machine50:0,30,139,172,189,191,48,154,123,100,95,94,20,24,157,10,181,138,36,183,173,57,41,78,105,137,47,19,170,88,106,114,111,9,80,63,37,200,185,182,92,93,45,120,87,161,146,14,148,2,55,64,61,199,83,140,16,194,56,132,112,196,165,113,31,119,25,85,177,102,184,

1to 1:
1to 2:18,19,23,29,30,31,37,42,48,55,56,65,69,82,94,97,107,109,114,123,125,131,133,148,156,166,167,176,185,189,196,199,89,1,115,154,121,53,68,150,164,139,181,72,86,66,158,186,132,12,157,43,103,141,95,113,120,98,116,183,110,193,197,8,144,61,15,138,47,160,192,119,22,
1to 3:12,20,22,23,36,49,56,60,64,88,94,110,111,128,142,144,153,160,161,166,169,180,187,189,190,196,199,152,125,1,42,73,63,67,159,150,181,65,72,86,186,44,43,175,167,141,113,156,140,69,116,37,122,77,137,191,138,47,168,108,192,123,92,58,
1to 4:2,7,11,12,17,19,23,27,41,55,59,65,69,82,85,92,101,102,105,109,110,123,126,135,138,142,144,145,160,180,181,182,200,118,29,162,133,42,124,159,68,70,72,35,43,167,141,113,26,107,116,183,88,122,30,38,193,83,153,137,94,170,15,189,74,168,119,195,22,58,
1to 5:1,16,23,28,34,41,55,57,59,61,69,82,91,92,93,99,101,109,110,114,120,128,129,133,134,148,156,161,165,166,170,186,190,154,51,163,12,9,147,43,175,54,95,184,26,98,107,37,88,30,197,77,153,191,194,71,15,138,160,108,192,119,123,22,58,
1to 6:17,18,20,24,28,29,32,33,48,49,57,76,82,88,91,92,101,103,109,110,121,138,144,146,148,154,156,160,161,165,167,180,185,189,152,3,115,162,51,42,2,150,139,181,72,86,66,35,163,9,147,41,175,196,95,184,69,98,37,198,122,193,197,171,77,153,78,194,71,170,74,168,108,39,
1to 7:12,15,17,21,26,27,33,45,49,55,57,62,69,83,102,103,109,123,132,140,147,148,149,154,161,165,168,175,182,184,186,188,196,199,200,34,67,36,68,164,139,181,65,86,44,163,43,54,156,88,198,11,122,38,105,193,197,171,137,78,191,144,194,189,108,119,112,58,
1to 8:12,20,21,30,33,34,42,49,62,64,69,73,82,83,85,99,101,109,110,114,122,131,148,154,165,169,170,173,181,182,190,162,28,124,76,159,65,172,6,163,9,175,54,166,98,11,193,153,56,94,144,194,71,15,189,47,168,199,58,
1to 9:17,19,20,27,28,31,39,41,56,58,59,60,72,82,83,86,93,101,102,105,106,113,119,121,134,148,153,161,170,176,183,200,125,16,63,159,53,111,164,70,35,158,186,163,12,9,175,174,54,129,141,156,120,98,107,116,37,198,11,38,171,77,137,15,47,123,199,
1to 10:7,8,11,12,17,20,21,27,31,34,42,56,58,60,61,62,69,82,86,94,100,107,110,114,120,121,123,134,138,148,153,156,161,165,168,169,176,180,186,190,196,1,162,124,200,159,68,65,72,158,172,9,175,151,103,113,128,37,88,198,30,185,191,71,170,15,192,119,92,199,22,
1to 11:6,7,20,26,28,30,37,45,49,55,58,59,62,76,82,83,88,93,103,109,122,125,131,161,169,180,192,200,118,152,3,162,63,36,159,150,65,72,86,66,35,90,172,44,163,17,157,43,151,54,183,198,11,38,193,8,171,77,137,94,71,138,108,119,92,199,22,
1to 12:2,7,17,21,24,30,82,86,88,92,93,107,119,131,138,144,145,161,165,169,180,181,183,198,200,118,89,1,162,51,124,63,53,164,55,163,132,147,157,41,43,113,156,120,69,98,116,37,110,105,8,77,153,78,185,191,94,71,15,189,195,58,
1to 13:15,17,21,29,32,41,45,56,77,83,85,93,100,110,120,122,128,134,145,148,151,153,156,160,170,173,180,181,186,118,42,28,67,159,150,65,86,66,55,158,163,12,43,174,54,166,167,141,113,184,69,98,116,37,198,11,193,197,8,94,194,138,47,74,168,192,119,123,199,22,58,
1to 14:2,7,31,41,45,48,49,59,60,61,62,64,92,93,95,101,106,109,113,114,120,122,135,145,161,169,175,180,181,182,185,189,200,1,115,133,28,36,159,53,86,55,35,132,17,43,173,151,166,184,69,98,116,88,193,171,77,78,191,94,71,15,47,119,123,199,195,58,
1to 15:2,7,17,23,24,32,41,42,47,50,58,59,78,82,86,91,93,97,100,102,110,113,114,122,132,134,144,145,148,161,166,169,178,182,190,192,198,89,154,28,124,79,63,36,139,70,72,55,35,45,163,43,151,103,95,156,120,26,107,183,38,171,77,137,56,185,191,194,170,138,74,160,108,92,165,
2to 1:1,2,7,11,24,35,42,56,58,59,60,61,72,74,86,102,110,115,122,123,137,139,150,154,166,167,172,173,181,182,183,184,185,189,190,199,162,62,51,28,84,63,36,21,45,163,132,17,12,157,41,151,174,103,126,156,128,82,120,26,98,107,30,8,153,114,71,170,15,108,119,22,
2to 2:
2to 3:1,4,10,24,43,46,49,50,60,65,66,68,80,81,85,92,102,103,105,108,125,137,139,141,150,156,167,171,173,186,162,42,73,36,106,111,31,164,72,35,6,163,17,12,41,148,20,109,187,19,95,100,69,98,107,14,116,122,30,38,197,8,144,61,15,160,119,123,199,22,58,
2to 4:11,22,30,35,42,43,54,55,66,68,74,78,83,88,94,95,109,117,131,132,133,135,140,141,146,149,150,153,158,167,168,171,182,186,189,191,192,195,162,62,73,87,53,7,164,139,21,102,17,157,174,19,113,120,100,69,14,198,85,178,122,38,105,197,114,15,138,47,27,108,58,
2to 5:23,24,30,31,41,50,55,69,74,78,88,94,95,99,106,108,110,113,117,123,137,138,139,140,149,150,154,158,161,166,172,174,184,192,195,197,199,121,28,96,44,157,33,43,148,109,151,196,103,46,82,120,107,116,183,11,178,193,114,185,144,61,170,15,119,
2to 6:4,11,19,22,24,33,41,42,55,56,59,60,72,77,89,95,97,104,105,110,119,122,123,126,131,146,147,150,154,156,158,166,168,178,181,182,184,186,195,197,52,62,16,36,179,31,21,45,12,148,20,109,174,196,103,136,113,82,120,100,14,116,198,30,38,8,114,185,144,61,15,138,27,165,58,
2to 7:1,4,7,10,23,38,39,41,43,49,56,59,61,65,69,80,86,88,94,97,104,105,107,108,110,115,126,137,140,142,144,149,151,156,158,159,161,174,182,186,188,190,191,195,198,200,162,51,121,63,68,150,164,70,131,163,132,102,17,157,33,196,103,141,26,14,11,85,178,30,193,114,78,15,189,27,119,123,199,
2to 8:8,9,15,22,39,43,47,49,52,56,62,65,71,73,77,85,97,108,137,139,144,154,158,168,173,174,176,186,191,198,51,16,18,87,63,2,164,181,72,163,17,33,109,46,95,82,120,100,26,69,98,107,14,183,11,122,38,193,197,138,119,199,165,
2to 9:21,46,47,48,50,69,71,73,86,103,108,110,125,140,145,153,156,159,161,174,176,182,183,189,190,195,197,200,28,106,96,31,181,55,45,102,12,43,175,187,151,196,146,19,141,113,128,82,98,198,11,85,178,38,185,61,15,27,199,165,
2to 10:1,17,22,30,37,39,43,48,50,55,66,69,77,86,88,92,95,97,102,106,108,115,119,126,129,132,137,139,142,143,158,164,173,185,186,188,191,197,155,16,18,68,72,174,196,103,141,128,120,100,107,183,198,85,178,8,171,153,78,144,61,15,138,47,27,199,165,58,
2to 11:10,11,22,35,39,43,49,55,58,59,61,65,71,72,75,77,86,90,92,103,107,129,137,141,142,145,146,154,161,166,176,186,195,197,198,143,13,18,28,84,36,7,31,164,139,12,169,109,196,46,136,126,82,120,100,26,116,85,178,38,193,78,188,15,138,119,
2to 12:2,4,8,13,24,43,51,58,86,94,104,105,108,113,117,153,158,161,167,171,176,185,189,199,89,16,73,97,87,36,53,68,7,31,164,139,169,33,109,151,174,196,141,95,156,69,98,14,183,198,11,85,110,38,10,188,144,15,27,123,22,
2to 13:4,9,23,41,43,47,65,66,68,94,95,106,108,110,113,114,115,117,119,123,126,131,137,141,145,156,158,167,173,181,183,184,186,188,189,190,198,62,16,42,28,73,2,164,21,6,157,33,20,151,46,120,100,98,11,122,197,8,171,153,10,61,15,138,22,
2to 14:4,8,9,14,22,24,41,42,43,49,51,52,56,58,59,60,68,69,74,77,78,80,86,88,96,102,103,104,107,114,115,122,123,133,144,146,150,153,157,159,174,176,181,182,183,184,185,188,190,198,84,106,7,139,33,109,151,46,126,156,120,26,98,11,110,38,105,171,137,47,119,
2to 15:2,8,10,22,24,38,39,41,43,48,52,56,60,68,80,86,92,101,105,108,110,114,122,129,137,138,140,142,145,146,153,154,176,182,185,197,199,143,18,42,28,127,97,179,96,7,35,45,102,157,33,20,19,95,156,100,26,98,14,183,11,178,161,188,144,15,47,119,123,58,
3to 1:1,8,12,15,19,29,30,35,39,41,42,45,47,49,60,88,93,94,101,110,113,118,120,127,128,131,137,144,147,148,156,166,173,175,181,183,191,32,133,73,79,135,36,2,31,65,59,186,132,169,157,33,20,109,54,146,129,69,116,105,193,83,77,114,161,10,78,71,170,138,168,160,192,119,123,199,58,
3to 2:8,11,13,23,29,30,37,41,42,53,58,61,69,71,72,85,88,94,106,108,110,120,121,127,139,146,147,148,153,155,158,159,160,167,168,169,181,186,189,191,196,197,125,62,73,135,150,31,164,44,132,33,187,19,136,141,14,116,178,122,105,137,114,161,10,144,138,47,119,123,92,199,39,
3to 3:
3to 4:11,20,23,27,30,31,40,41,44,49,54,67,70,71,72,83,85,92,94,102,105,110,111,114,118,120,141,144,158,168,174,179,180,189,193,194,198,91,125,142,80,73,68,164,66,55,59,12,147,33,46,19,136,167,95,156,128,140,101,107,178,56,10,191,138,47,160,199,22,58,
3to 5:1,14,19,23,28,36,38,41,45,50,54,57,60,61,70,77,80,83,116,118,130,131,138,152,153,160,166,168,185,192,199,190,125,5,135,106,31,65,55,35,158,59,132,169,157,43,148,20,109,136,95,156,120,69,101,122,30,137,114,78,170,123,92,112,39,
3to 6:6,8,11,19,23,24,27,29,41,49,55,57,59,67,70,77,80,90,92,114,116,125,127,128,139,144,147,152,153,160,165,166,175,181,185,189,192,196,198,91,1,104,5,159,164,186,169,157,173,148,20,146,129,46,167,14,88,171,10,168,112,22,58,
3to 7:1,6,8,10,11,19,27,35,41,42,43,45,49,50,57,59,63,65,67,68,69,80,85,92,93,102,106,111,112,114,139,148,159,163,175,177,184,185,199,190,142,79,97,150,31,164,181,131,72,55,158,12,169,157,33,20,54,129,136,113,156,128,107,14,37,88,30,83,77,137,56,191,144,194,170,138,189,168,160,108,119,123,195,39,
3to 8:6,8,9,12,31,38,41,42,49,62,63,66,69,72,77,85,90,105,108,110,135,136,146,148,152,162,165,168,173,175,180,190,199,81,125,5,80,73,84,181,65,132,157,43,20,167,100,98,88,122,83,171,137,114,188,191,144,189,27,160,123,92,39,
3to 9:15,20,23,25,27,28,35,38,41,45,53,63,80,102,105,108,111,113,120,128,137,144,145,148,158,159,163,168,172,175,177,179,180,183,185,186,189,196,197,198,199,32,73,97,67,106,150,31,164,59,60,12,173,46,19,167,141,95,14,37,88,171,77,71,138,192,119,123,
3to 10:1,8,12,30,41,42,43,55,58,62,63,68,69,72,77,80,83,85,88,93,94,108,110,111,128,129,147,165,168,179,181,186,190,191,192,197,198,143,5,124,84,67,106,164,131,158,60,169,148,20,54,46,136,141,156,120,140,98,14,116,37,114,161,56,78,188,185,71,47,123,199,195,39,
3to 11:9,11,19,27,28,37,38,45,47,49,54,55,58,59,60,62,65,72,77,88,93,111,123,125,129,137,138,145,179,180,183,186,192,194,197,190,97,67,31,164,131,21,12,169,157,173,20,146,141,95,156,128,98,116,178,30,114,10,78,185,191,144,71,189,160,199,112,39,
3to 12:4,10,11,13,14,24,27,41,42,45,53,63,68,77,83,88,92,94,106,108,113,118,120,128,130,144,146,152,156,160,163,165,172,177,183,184,191,198,32,142,133,80,67,2,31,164,65,17,157,20,54,46,141,140,69,101,98,178,122,8,153,56,78,170,138,189,168,119,39,
3to 13:4,12,29,36,41,42,44,50,61,62,65,67,69,77,80,88,93,94,101,110,127,136,138,145,147,158,163,169,172,173,180,197,81,106,23,31,181,55,59,186,132,17,157,175,148,20,129,46,141,95,120,116,37,122,171,153,137,114,10,78,188,160,108,123,92,199,39,
3to 14:4,15,19,26,38,39,41,42,49,53,58,59,60,61,64,67,77,92,93,94,113,123,131,137,156,159,165,171,179,181,183,185,192,199,1,80,127,79,135,134,111,31,164,65,175,109,187,46,136,141,120,184,98,14,88,30,8,153,161,78,188,138,168,119,
3to 15:8,10,11,19,20,24,25,31,41,42,43,44,49,50,54,58,71,72,80,93,102,108,113,120,127,129,130,137,139,144,145,153,156,160,163,165,167,171,172,173,181,183,184,189,190,32,142,97,67,159,2,55,186,169,148,46,136,128,100,107,14,116,37,193,83,197,114,161,191,194,138,123,92,199,112,
4to 1:7,15,26,27,30,32,37,42,45,54,57,59,60,69,79,83,97,100,101,102,105,108,110,111,113,114,118,123,134,137,140,141,153,156,170,172,174,178,182,183,192,193,194,196,199,91,152,125,115,106,68,2,164,65,55,180,109,19,95,82,120,98,11,85,8,191,138,189,47,74,160,92,195,22,58,
4to 2:8,10,27,35,38,39,41,42,53,55,58,63,68,71,87,92,94,100,102,108,113,121,137,141,144,150,153,156,164,178,182,196,197,176,135,97,106,21,66,9,33,180,109,151,146,166,19,95,128,82,120,69,107,11,85,105,193,15,138,74,199,195,22,
4to 3:8,9,22,27,30,31,41,55,57,58,60,65,67,68,72,73,80,92,101,102,105,107,108,110,111,112,113,115,118,131,137,140,146,153,158,159,161,168,196,197,155,177,130,179,181,66,59,44,132,157,180,174,46,19,136,167,95,128,120,183,88,85,10,191,138,189,74,160,195,
4to 4:
4to 5:5,9,11,22,35,37,43,55,57,59,60,65,66,69,74,78,80,85,88,94,95,97,101,107,109,110,112,119,125,128,134,137,140,153,170,172,180,182,183,192,197,198,40,91,152,29,18,53,186,151,174,136,126,98,116,30,38,105,193,83,114,160,108,92,199,58,
4to 6:8,9,20,30,38,41,55,57,65,69,87,88,90,107,110,112,125,131,140,145,148,153,156,164,172,173,180,186,191,194,152,155,18,127,135,53,179,7,181,66,44,33,174,166,19,136,95,82,100,101,116,183,85,178,105,94,144,170,189,47,74,27,119,92,22,58,
4to 7:15,38,39,41,47,54,55,65,67,79,87,88,92,94,112,114,128,144,150,164,168,169,188,189,196,199,40,152,155,125,115,142,62,84,21,66,186,109,46,19,136,69,107,85,30,78,74,27,108,
4to 8:2,7,8,9,10,11,21,22,26,27,31,35,38,39,42,47,55,57,65,66,71,72,87,90,95,98,101,107,110,115,117,125,132,136,137,140,141,144,145,159,162,165,181,183,186,189,194,40,152,182,62,73,135,84,33,180,146,19,167,128,82,69,88,85,30,193,83,56,94,170,138,74,168,160,92,
4to 9:11,15,20,26,32,35,38,43,45,55,56,57,59,67,71,73,87,92,95,97,105,107,113,117,119,120,128,131,141,145,150,153,157,158,161,172,180,181,182,189,191,197,176,155,127,63,53,186,33,46,19,167,100,140,69,98,85,30,114,94,170,47,27,
4to 10:8,11,15,20,21,27,31,37,39,41,42,57,67,72,74,78,84,87,94,100,102,112,113,114,116,123,133,138,146,153,157,161,164,165,168,170,174,183,188,191,192,196,197,200,176,142,80,62,127,53,106,7,181,66,55,186,44,9,180,54,46,167,126,82,140,69,98,107,88,194,47,92,199,195,58,
4to 11:9,13,17,20,26,30,35,38,39,55,60,66,67,69,71,78,105,107,114,117,118,122,125,138,141,145,158,164,173,178,188,189,192,197,199,29,142,62,106,70,65,21,180,54,166,46,95,126,98,88,83,94,194,74,27,108,58,
4to 12:8,11,13,21,22,26,32,37,41,47,54,57,58,59,65,67,68,73,78,92,94,95,101,110,113,115,118,120,138,141,142,149,156,158,164,165,170,178,180,188,189,191,194,40,152,182,80,130,84,53,7,70,66,109,174,146,46,136,128,82,100,140,69,183,30,10,144,15,27,160,195,
4to 13:2,11,21,22,23,55,56,57,65,67,68,73,78,87,98,100,101,110,113,114,116,118,124,126,128,131,137,141,145,149,153,156,160,168,189,191,194,199,155,177,179,7,66,186,12,9,180,174,167,140,69,88,85,83,94,170,15,47,108,92,195,
4to 14:7,8,9,11,15,17,18,22,26,35,38,41,53,60,79,80,88,92,101,102,107,113,117,123,131,134,136,147,153,158,159,161,164,165,171,178,180,188,125,115,62,127,84,63,2,12,174,46,167,95,82,183,85,193,114,191,189,47,192,195,
4to 15:8,13,26,31,32,39,41,42,47,56,59,66,67,83,92,95,100,102,107,110,112,113,114,118,127,128,132,138,145,146,148,149,153,158,165,183,186,191,192,193,197,142,177,130,97,106,2,181,65,21,55,9,157,46,19,136,126,120,140,101,88,11,85,178,122,30,10,94,144,170,160,108,119,199,58,
5to 1:6,12,17,27,31,36,39,41,51,58,59,60,72,74,77,82,83,86,90,93,94,95,98,99,101,108,110,120,125,126,127,129,134,135,141,144,148,154,156,157,161,163,165,170,174,180,185,196,199,190,29,121,50,158,9,43,175,109,19,113,140,69,198,122,137,114,61,15,138,119,123,92,195,
5to 2:11,12,22,27,28,50,54,55,66,69,75,85,87,90,95,97,98,120,127,128,131,135,139,140,141,144,150,156,159,174,180,181,186,188,189,190,192,196,198,154,121,18,42,43,175,20,109,151,103,107,14,178,122,110,30,38,105,185,170,108,123,92,195,58,
5to 3:11,12,14,22,35,37,41,44,46,50,55,56,58,60,69,77,88,90,92,93,95,98,100,106,108,109,110,112,119,120,123,128,130,138,140,159,168,180,181,184,189,190,192,196,197,29,42,79,158,169,147,157,175,148,20,136,167,101,107,198,30,38,105,193,153,137,114,161,185,194,160,39,
5to 4:11,22,27,31,40,50,55,59,66,74,80,82,85,87,88,90,92,95,105,112,118,119,122,124,128,130,133,136,138,139,140,144,152,156,157,158,160,161,168,170,178,180,181,182,186,188,191,192,197,198,57,79,135,106,145,70,65,44,9,109,151,174,54,46,19,69,101,107,30,38,193,153,137,114,58,
5to 5:
5to 6:1,12,14,22,27,37,45,54,57,58,70,71,72,74,75,82,85,87,88,91,94,96,101,104,110,112,116,123,126,127,128,129,138,144,154,158,159,160,163,165,166,168,170,172,179,180,181,185,189,190,191,192,198,24,130,18,28,25,53,31,139,90,157,33,41,20,109,187,151,103,136,113,140,69,107,178,38,193,153,78,194,92,
5to 7:8,10,11,14,26,31,37,39,40,44,45,57,58,60,77,78,85,88,92,93,95,96,99,107,108,114,125,126,128,129,136,139,140,142,144,149,150,152,154,156,160,163,168,174,181,182,186,188,191,196,190,121,79,50,158,132,147,175,20,109,187,151,103,113,69,101,122,30,193,197,137,185,61,15,27,119,
5to 8:8,11,26,27,30,40,41,45,55,56,58,71,74,80,82,87,92,94,95,98,99,101,117,119,120,122,123,124,126,128,131,134,138,139,141,144,151,160,166,168,170,172,179,180,186,188,189,190,191,199,34,154,51,50,158,90,169,9,157,43,109,46,140,69,178,105,197,137,114,161,185,108,192,39,
5to 9:11,12,15,16,26,30,31,33,40,41,46,50,55,58,59,60,71,82,85,92,93,94,96,98,106,117,119,130,136,140,150,151,156,186,189,198,199,91,190,34,79,25,134,139,65,35,172,44,157,187,103,69,101,183,105,197,153,137,114,161,170,192,39,165,
5to 10:8,11,15,18,22,23,39,43,50,60,61,71,75,78,80,85,92,93,95,96,98,102,106,108,110,112,116,117,123,124,126,129,130,134,139,142,149,158,159,165,168,170,172,180,188,190,191,192,195,196,197,198,199,42,25,53,65,169,157,175,20,151,46,113,140,69,107,14,122,30,105,153,137,114,161,194,138,160,119,58,
5to 11:6,10,11,15,22,26,28,31,39,45,46,58,60,61,72,78,86,90,92,93,94,95,96,98,108,116,117,118,126,128,131,138,139,142,144,149,160,169,172,180,184,186,188,189,190,191,196,197,199,75,57,99,79,44,102,9,157,43,173,20,103,101,107,178,193,77,137,74,119,
5to 12:10,11,13,17,26,30,31,37,40,43,45,51,54,58,61,69,71,77,80,85,90,94,95,96,98,100,109,117,118,119,124,128,130,131,136,141,144,149,153,159,160,163,165,169,170,178,180,184,186,188,191,199,24,42,93,145,65,158,172,9,147,41,175,20,151,46,167,113,107,183,198,122,110,38,193,108,92,39,
5to 13:10,11,22,23,30,45,46,50,55,60,71,78,87,92,93,94,95,98,100,101,106,108,118,122,123,126,127,139,141,148,149,153,157,158,160,166,179,180,181,186,191,192,197,190,5,121,53,145,134,65,172,44,163,147,33,41,43,175,109,19,167,140,69,14,178,105,137,114,170,15,138,195,
5to 14:1,8,11,14,17,30,37,46,50,60,69,74,80,88,98,99,101,105,109,113,117,123,125,133,134,135,139,149,153,166,174,180,181,184,188,196,198,190,34,51,42,145,65,44,163,169,9,147,41,20,151,95,178,122,137,161,185,194,61,138,92,195,165,58,
5to 15:10,11,13,17,30,31,35,41,45,50,59,71,83,85,90,91,94,96,97,119,120,123,124,126,128,130,136,137,139,140,142,144,148,149,151,154,157,160,161,170,186,189,190,196,197,24,34,25,145,134,172,44,132,102,169,20,187,103,184,101,183,178,114,78,194,61,138,108,92,112,39,58,
6to 1:6,8,9,11,12,15,17,20,26,45,47,49,55,56,58,59,66,69,72,76,88,91,95,97,109,110,119,122,123,125,126,127,129,138,144,148,153,154,157,160,170,174,175,180,181,185,190,192,194,195,198,52,51,121,16,28,159,53,64,131,33,173,166,167,156,82,100,101,30,193,94,168,22,165,
6to 2:4,8,12,13,14,19,20,26,31,35,37,38,41,44,47,49,51,56,61,66,68,69,72,78,82,95,103,108,110,113,116,119,126,127,128,129,138,144,145,146,150,153,154,157,160,164,171,176,178,179,180,184,185,186,195,197,198,155,28,87,159,2,7,139,173,175,148,174,166,167,156,120,100,11,85,30,189,27,22,
6to 3:4,7,8,12,20,22,32,37,39,41,46,56,57,58,61,62,67,72,73,100,108,110,127,128,129,131,136,144,145,146,148,150,153,159,160,169,175,184,186,191,197,52,121,130,28,49,36,53,21,158,60,173,103,166,156,101,107,14,137,189,27,168,92,165,
6to 4:8,9,12,13,20,25,26,33,38,41,44,54,57,58,59,65,66,67,69,70,72,80,85,97,101,105,110,116,124,125,126,128,136,144,145,146,150,153,164,167,168,173,180,182,191,197,40,152,121,53,179,2,7,158,175,109,174,166,19,95,156,82,100,107,11,178,193,56,78,194,170,189,47,74,27,92,165,
6to 5:5,6,9,12,14,20,31,33,37,38,51,58,61,69,77,79,82,91,93,94,97,100,107,116,117,119,125,127,128,129,134,144,150,153,154,158,160,163,173,175,180,184,192,197,104,139,131,21,109,167,95,120,11,85,178,30,137,78,170,189,168,92,39,22,
6to 6:
6to 7:4,8,10,11,12,20,21,24,26,31,32,33,35,37,38,46,51,58,59,62,69,84,88,93,98,100,112,119,122,123,125,126,128,136,144,150,154,156,157,160,164,168,171,173,178,181,183,184,186,190,191,194,197,198,152,104,49,149,159,64,60,147,175,148,103,146,166,19,140,153,27,92,165,
6to 8:5,7,12,14,18,26,27,38,41,58,62,66,69,76,78,80,84,88,95,98,108,123,124,125,126,129,136,146,154,159,160,161,165,169,170,173,180,181,182,183,184,185,186,191,192,194,197,49,87,2,134,21,175,148,187,166,85,105,193,189,168,
6to 9:9,15,19,20,35,37,41,46,58,61,67,77,88,90,91,93,97,101,116,119,123,128,129,131,144,145,146,150,153,158,165,167,170,175,176,178,180,183,186,190,192,194,196,197,104,48,121,25,87,159,179,64,172,60,148,187,103,166,120,193,71,27,
6to 10:2,5,9,12,18,20,21,25,27,37,38,55,58,61,62,67,69,84,85,95,98,100,107,110,115,116,117,119,122,124,126,128,144,153,156,159,164,168,169,170,174,175,176,178,180,185,191,192,195,197,198,104,48,121,87,179,86,6,148,146,30,193,78,92,39,22,165,
6to 11:9,12,13,17,18,20,26,37,38,46,47,57,58,59,62,66,67,68,72,75,76,82,93,94,116,119,122,125,129,136,146,157,158,160,178,183,184,185,186,188,189,192,194,197,198,52,49,53,179,7,139,86,60,175,174,196,103,19,156,30,56,78,170,92,39,
6to 12:3,4,7,8,9,10,17,20,21,32,37,39,41,45,46,48,65,67,69,71,77,80,84,88,89,96,97,98,100,117,119,124,128,129,136,139,146,157,158,160,164,170,178,179,180,181,183,184,186,188,191,198,51,28,159,53,2,147,33,174,166,167,156,11,56,194,138,27,92,
6to 13:4,7,12,20,21,24,26,31,37,41,44,48,53,57,61,66,71,77,78,85,88,93,95,96,100,109,115,119,126,127,129,131,136,146,156,157,163,167,168,175,179,180,181,183,184,186,189,190,191,195,197,198,87,159,139,59,60,173,148,187,151,120,11,170,92,22,165,
6to 14:4,6,8,9,14,15,17,20,26,31,32,38,41,48,57,58,59,61,62,69,80,84,88,92,94,95,105,109,110,116,119,122,125,136,150,153,158,163,169,175,180,181,182,184,185,190,195,51,130,49,159,179,64,131,60,147,187,196,103,19,193,78,194,189,47,168,39,165,
6to 15:7,11,14,17,18,26,33,37,44,55,57,58,67,71,72,78,88,94,95,101,103,108,114,124,129,138,144,145,148,153,154,158,160,169,178,180,182,183,184,185,186,188,192,197,104,48,16,25,159,2,139,147,173,174,196,146,166,100,193,137,194,170,189,92,112,22,165,
7to 1:9,15,17,19,21,26,30,35,41,42,47,51,56,59,65,67,69,77,79,82,85,86,88,92,94,101,102,103,105,107,109,114,115,118,119,120,121,122,123,125,129,137,138,141,144,150,151,152,158,161,165,174,175,180,184,186,191,124,200,49,149,93,64,181,147,20,54,140,116,37,11,171,189,27,168,160,108,192,
7to 2:4,10,11,13,15,18,21,30,31,42,47,49,56,58,63,84,87,92,94,96,97,102,103,107,108,110,113,115,116,119,122,125,128,131,132,137,138,144,145,146,148,154,155,157,158,164,166,174,181,186,190,191,196,197,199,68,45,163,147,33,43,129,184,100,26,98,14,38,114,188,61,27,165,
7to 3:1,4,5,10,11,19,20,25,27,30,39,41,46,47,49,50,56,63,67,68,77,80,88,93,94,100,101,102,103,105,107,109,119,120,128,136,137,138,141,148,152,157,158,164,177,180,181,188,190,191,196,150,64,70,172,169,9,147,33,54,166,129,37,178,193,171,114,78,185,144,160,123,112,
7to 4:7,15,21,30,35,46,55,57,58,59,63,66,67,87,88,92,98,101,107,108,109,117,118,122,123,126,136,137,144,147,149,162,164,186,191,193,197,49,76,132,20,166,156,82,140,26,69,11,85,38,114,10,78,94,170,189,27,192,112,195,
7to 5:1,10,11,15,17,23,26,27,31,35,37,40,43,45,50,55,65,77,79,88,92,98,99,100,101,102,103,106,107,109,112,116,117,118,119,129,136,137,139,147,148,149,154,156,160,163,174,175,181,190,199,124,93,150,70,172,9,151,166,19,113,140,69,85,178,30,185,170,123,
7to 6:4,5,8,9,14,17,18,19,20,21,24,25,30,33,35,38,45,46,48,51,59,67,69,77,82,85,87,88,92,94,95,103,107,109,115,122,127,129,136,139,140,144,145,148,152,160,162,163,164,175,184,185,186,189,190,191,196,121,124,49,149,150,181,166,156,26,116,37,178,193,188,194,47,27,192,112,195,165,
7to 7:
7to 8:10,11,14,17,19,20,33,38,40,41,45,49,50,54,63,65,77,81,83,84,87,98,99,105,109,110,119,122,123,128,137,138,140,144,146,148,158,160,162,164,165,168,180,182,188,190,196,198,62,149,93,150,64,181,186,132,43,82,184,26,37,88,85,193,153,114,170,27,108,195,
7to 9:10,15,17,25,31,35,36,38,39,40,41,43,45,46,47,50,56,63,69,71,73,80,84,85,88,94,97,103,106,107,108,110,119,123,126,127,131,137,139,141,145,148,150,151,157,158,161,163,165,175,181,186,189,190,191,197,121,200,76,68,21,33,20,54,146,129,19,82,140,11,178,193,171,114,170,168,112,195,
7to 10:8,9,10,15,17,24,25,26,30,31,36,48,50,56,58,67,77,78,81,84,92,93,94,103,106,107,117,126,127,128,131,137,140,144,149,156,157,158,160,161,162,163,164,165,171,175,184,190,191,197,198,199,200,142,121,76,68,23,102,147,43,82,69,116,193,153,188,194,170,47,108,123,112,39,
7to 11:7,11,15,21,30,35,39,57,59,63,77,88,94,97,101,103,105,107,109,110,112,114,119,125,126,137,147,149,152,156,157,158,160,161,162,164,166,173,180,191,197,142,124,200,49,76,93,64,131,132,9,19,82,198,178,38,193,171,10,78,144,61,47,123,
7to 12:7,8,10,13,15,20,39,41,45,48,51,63,65,77,86,88,92,93,97,100,101,105,107,108,109,110,117,118,119,122,128,132,136,139,147,151,157,158,160,161,162,163,164,165,168,182,184,191,193,4,142,62,200,149,76,68,131,72,169,37,30,197,153,114,94,144,61,189,47,
7to 13:11,12,17,21,30,39,41,42,45,47,54,56,68,77,78,83,84,87,88,92,98,100,101,106,109,117,122,128,136,137,140,145,148,158,163,164,171,180,183,184,186,191,197,4,142,177,62,149,93,23,181,70,60,132,169,147,129,126,26,116,37,85,193,114,10,94,189,108,
7to 14:7,8,10,11,12,17,19,26,31,38,42,48,49,50,51,54,58,59,65,67,69,77,79,83,86,93,102,103,107,109,110,115,119,122,123,127,132,137,139,141,144,149,153,158,161,174,175,196,199,4,177,62,200,76,87,150,181,6,169,9,147,187,146,166,184,140,98,14,116,85,30,171,78,94,194,61,168,192,112,195,165,
7to 15:5,7,11,19,21,25,30,35,36,37,39,45,46,50,56,58,63,77,79,83,86,92,93,94,97,100,101,103,104,107,108,110,114,119,122,126,128,136,137,139,140,144,154,157,158,160,163,165,177,184,190,191,197,199,49,149,131,186,102,169,9,146,82,14,88,10,185,61,47,112,195,
8to 1:1,9,16,17,22,26,27,31,33,41,43,47,49,50,56,65,69,71,72,74,82,84,88,90,94,98,100,101,108,110,119,125,134,135,144,145,157,160,165,166,176,180,182,186,192,193,195,3,34,154,42,76,181,6,163,128,184,37,183,191,194,123,
8to 2:15,18,20,27,33,37,39,43,45,50,52,55,58,66,69,84,85,88,90,98,100,103,114,119,121,126,135,137,138,141,154,157,158,164,167,176,181,182,183,187,189,51,42,73,179,17,166,128,120,184,26,101,11,38,171,161,170,
8to 3:8,9,10,14,19,27,31,35,37,42,43,46,61,63,66,69,80,85,90,94,95,98,101,106,107,108,110,115,118,122,128,136,137,144,148,153,157,160,172,180,183,185,186,189,199,57,62,25,134,181,132,20,26,11,105,56,191,170,168,123,
8to 4:9,10,27,29,42,43,46,47,49,50,55,58,63,80,82,87,100,105,109,114,120,122,130,139,141,146,151,152,153,160,170,172,174,176,178,180,181,183,186,193,199,18,73,134,59,166,101,98,88,85,83,161,191,108,192,123,92,195,
8to 5:9,15,19,23,28,31,34,38,39,40,41,43,50,56,65,75,77,80,88,93,94,95,96,98,99,102,110,117,130,135,138,144,145,148,149,151,160,166,167,172,178,182,185,190,193,57,154,159,134,181,6,109,103,69,101,37,198,105,114,188,170,27,123,199,195,
8to 6:6,8,9,14,18,21,26,27,33,42,47,48,49,51,55,56,61,62,64,66,69,72,94,95,98,100,104,107,108,110,117,119,122,126,129,144,146,148,151,153,157,166,170,173,176,180,181,185,186,189,192,193,194,57,154,25,76,159,145,2,163,109,187,128,184,101,38,105,168,123,195,
8to 7:6,9,10,15,19,23,27,30,31,43,46,50,54,56,66,72,78,81,82,84,88,94,97,104,108,110,117,118,122,125,129,137,140,144,152,157,160,188,189,190,193,199,57,149,76,87,181,163,132,109,103,128,26,69,101,98,85,38,83,171,170,168,123,
8to 8:
8to 9:6,15,19,21,27,31,33,34,38,40,47,54,61,62,63,77,84,85,93,95,97,98,100,101,105,110,119,120,128,130,141,144,146,153,157,163,164,167,176,182,183,185,187,189,193,194,196,197,199,49,87,145,2,111,158,90,82,69,88,83,56,191,71,170,
8to 10:6,7,8,9,10,15,20,25,26,34,39,43,46,48,55,58,61,64,65,78,81,84,85,88,94,102,114,129,137,144,153,158,164,165,169,185,186,193,194,195,162,62,149,76,87,120,69,98,37,11,38,56,188,170,27,168,192,199,
8to 11:6,10,15,19,20,31,37,39,43,49,55,58,63,64,66,69,72,74,78,82,84,85,95,97,98,99,101,103,107,118,137,138,139,144,157,160,166,171,172,173,176,180,186,187,189,190,193,197,198,199,154,62,73,149,158,59,132,9,109,128,26,88,83,188,185,191,27,92,
8to 12:7,10,17,19,31,33,43,46,48,56,62,63,65,66,69,74,77,80,83,84,85,87,88,93,94,95,97,100,104,107,110,115,119,123,144,164,166,167,172,176,181,188,197,162,73,49,159,179,158,59,163,132,26,37,153,161,191,71,92,
8to 13:2,6,8,10,12,15,28,33,43,47,50,61,63,66,69,74,84,85,98,108,110,114,117,118,121,122,124,126,137,138,151,157,158,160,163,166,167,175,180,181,185,187,189,194,195,198,199,34,57,42,149,76,179,111,60,183,11,83,56,188,71,168,192,123,165,
8to 14:9,10,12,14,17,19,20,26,28,34,47,48,52,54,56,58,62,63,65,77,80,81,84,85,88,98,99,101,103,104,119,125,135,137,139,146,151,164,173,175,176,191,192,193,3,57,42,149,134,96,64,181,158,6,60,132,109,120,69,183,11,105,83,153,114,188,144,194,170,92,199,
8to 15:10,14,15,17,22,28,30,34,35,41,43,46,47,49,58,63,74,77,78,85,94,95,96,97,100,101,110,117,119,122,127,130,132,136,138,144,145,146,159,160,163,165,168,186,187,189,193,199,57,162,154,73,84,50,2,134,158,9,120,26,88,105,83,114,161,56,188,191,71,192,123,92,
9to 1:1,6,9,15,17,19,21,31,32,34,45,50,54,59,64,66,69,71,82,84,85,88,93,108,110,114,119,120,121,123,128,129,131,138,140,141,144,147,153,154,161,165,170,171,176,190,191,194,199,200,73,150,111,35,12,175,187,103,95,183,198,193,197,137,94,192,
9to 2:7,11,12,19,27,31,33,38,55,58,61,69,89,96,97,102,105,110,114,119,121,125,128,137,138,141,144,145,148,153,155,170,171,172,175,178,183,185,186,191,193,197,35,163,41,187,174,196,146,26,98,198,161,15,123,
9to 3:11,12,14,20,26,27,31,35,46,54,57,60,62,63,64,69,80,85,88,93,105,106,110,111,113,115,121,123,127,128,130,135,138,140,141,144,145,148,150,153,156,159,160,164,168,171,172,177,178,186,189,197,21,173,175,196,146,19,136,183,193,77,137,161,71,170,192,39,
9to 4:9,11,19,21,25,27,33,38,46,47,53,56,58,59,60,65,69,82,85,87,88,95,102,106,113,114,120,121,123,125,131,137,141,144,145,150,151,153,156,158,164,170,172,176,178,180,183,186,189,192,195,197,182,200,73,63,111,35,157,173,174,146,136,198,15,
9to 5:6,17,19,21,31,33,35,37,38,45,46,50,54,58,59,60,61,69,75,80,88,92,98,103,105,110,112,114,116,117,119,123,125,127,131,135,139,144,148,150,152,153,156,165,170,172,174,189,199,34,25,36,90,157,146,129,100,140,26,14,183,178,197,77,137,161,94,15,138,192,
9to 6:2,6,14,17,19,20,21,27,28,31,35,38,41,48,53,59,64,66,69,72,77,80,86,92,95,103,104,105,110,114,116,117,120,127,128,129,131,134,139,140,148,150,151,152,153,154,170,171,176,178,180,186,187,194,195,197,73,25,49,36,96,158,12,175,174,196,146,136,100,183,198,161,56,94,
9to 7:10,11,15,26,27,31,35,38,46,48,50,54,56,69,77,84,87,88,93,102,103,106,108,110,117,119,123,128,129,137,144,148,156,158,163,164,165,171,174,186,187,190,191,194,182,16,200,25,49,63,145,111,45,157,41,175,19,95,82,100,98,193,197,114,94,112,39,
9to 8:6,10,11,17,19,21,27,33,38,45,46,48,50,58,60,64,66,69,77,80,83,84,85,87,88,110,114,115,120,125,128,135,137,138,140,141,148,152,154,157,158,159,164,176,182,183,185,186,189,192,194,195,197,34,63,173,196,166,95,101,98,198,193,191,15,123,
9to 9:
9to 10:2,10,11,20,31,44,46,48,56,58,60,61,62,63,64,65,69,72,77,84,88,92,93,102,103,110,113,114,116,119,120,121,138,140,151,153,156,160,161,163,165,168,172,175,180,183,186,199,34,16,73,36,96,111,158,174,146,129,100,98,14,71,170,192,39,
9to 11:6,9,11,20,31,38,46,54,55,60,62,64,65,71,77,84,88,98,102,107,110,119,128,137,138,141,144,145,147,151,156,157,164,165,170,171,173,178,186,188,189,111,35,90,45,146,129,19,82,26,193,56,94,123,199,112,
9to 12:9,10,14,26,27,31,32,33,37,41,45,46,48,53,56,60,65,69,84,87,88,89,93,106,109,110,112,113,115,119,128,130,133,134,141,146,152,156,163,164,170,178,180,183,186,188,197,16,63,36,145,96,35,158,12,175,187,103,19,136,167,95,120,98,198,77,94,71,15,123,
9to 13:6,10,11,17,19,21,31,33,34,46,50,53,57,58,60,61,63,65,66,67,77,80,85,87,92,93,106,108,110,113,116,117,126,131,140,141,145,148,153,164,167,170,177,180,183,186,190,192,193,195,32,16,25,49,111,158,45,157,175,187,174,196,146,136,95,82,198,83,197,137,15,199,
9to 14:6,9,10,11,15,31,37,38,46,47,48,54,57,58,65,77,84,87,88,98,105,119,131,135,146,147,150,151,153,159,171,174,176,177,180,181,182,183,189,190,193,195,199,63,90,45,41,175,187,196,19,101,14,198,161,191,94,192,123,
9to 15:10,11,19,33,37,45,47,50,57,58,59,63,72,77,87,89,95,97,102,105,110,114,117,130,137,144,145,151,153,156,161,165,168,170,171,172,176,177,182,186,187,192,193,198,199,32,16,25,36,64,111,35,90,41,175,146,129,183,94,71,15,39,
10to 1:1,8,9,15,16,23,30,39,41,53,54,55,58,60,61,64,69,71,72,74,83,84,88,90,94,105,110,121,122,126,138,142,144,146,149,151,158,160,161,165,168,174,183,184,186,190,192,193,24,162,154,18,139,86,35,172,44,17,169,43,20,141,153,78,185,170,199,22,
10to 2:11,14,15,20,22,23,30,39,44,50,58,62,65,68,69,86,88,90,96,98,100,103,105,107,108,113,114,119,121,123,129,131,138,144,151,153,156,159,161,163,165,168,171,175,186,187,192,196,197,198,199,24,155,143,52,181,70,43,146,128,120,8,137,188,185,61,
10to 3:1,5,7,20,27,30,31,37,41,42,43,46,50,53,54,56,57,58,60,67,68,69,73,78,88,90,92,94,95,100,105,107,108,110,113,121,127,132,136,137,138,144,153,156,158,159,160,162,164,165,167,168,178,180,183,186,191,196,197,198,118,24,81,142,23,139,173,148,129,141,128,8,171,188,39,
10to 4:9,14,15,18,23,27,30,42,46,50,53,56,58,60,63,69,74,76,78,83,85,87,88,92,94,98,102,106,107,108,110,114,115,119,121,124,137,138,139,140,153,160,162,164,165,170,174,180,186,188,191,194,198,199,117,142,25,31,181,65,131,158,169,141,126,120,116,37,8,47,195,39,22,
10to 5:1,9,15,23,30,31,36,37,39,41,58,61,69,74,78,86,88,92,94,96,98,100,107,108,114,119,120,123,124,127,129,137,140,153,157,158,161,168,178,180,183,188,190,192,193,197,198,199,117,24,18,50,172,44,60,102,17,169,141,113,128,116,85,105,77,185,170,165,
10to 6:5,7,8,9,14,20,21,26,30,31,36,37,41,42,46,53,58,69,72,77,86,92,103,105,107,108,112,126,127,128,130,136,138,144,146,147,149,156,165,168,174,179,180,183,185,186,192,194,196,197,198,155,104,48,154,49,131,158,17,116,11,178,153,188,61,71,170,22,
10to 7:1,10,14,15,17,26,27,30,41,46,54,56,61,64,67,69,72,78,88,94,98,100,107,108,114,119,128,131,140,159,161,164,170,175,183,184,186,188,190,194,197,198,199,118,104,48,162,18,25,50,181,35,158,102,103,146,129,126,116,110,137,71,47,195,39,165,
10to 8:7,9,10,14,22,31,34,43,54,58,63,69,74,77,87,88,95,98,107,110,114,115,122,126,128,149,151,157,159,165,168,172,179,181,183,191,194,195,196,198,48,154,18,25,76,158,6,60,102,17,20,103,146,37,188,61,47,123,39,
10to 9:9,15,17,21,31,34,37,39,46,50,54,58,64,67,68,69,71,72,76,82,102,103,106,112,115,119,121,123,129,131,134,137,140,144,151,153,159,161,165,168,170,175,178,183,185,186,190,191,193,194,197,198,48,35,6,148,20,167,141,120,116,110,56,188,192,195,
10to 10:
10to 11:9,15,17,20,23,26,31,43,52,53,54,58,61,67,69,72,74,75,76,77,82,84,88,103,107,114,115,119,120,128,131,139,142,146,156,157,158,172,178,185,188,190,191,192,194,198,118,93,65,86,6,60,173,116,11,78,71,138,47,199,195,39,
10to 12:7,9,10,14,15,27,31,36,37,39,43,46,53,54,55,56,58,60,61,62,63,67,68,69,71,74,76,87,92,94,95,97,98,100,107,112,138,140,142,144,151,153,158,165,168,172,174,175,184,185,188,191,194,198,199,117,104,162,200,96,70,44,148,113,11,110,105,77,78,170,22,
10to 13:7,9,12,14,15,20,23,37,39,41,42,43,48,52,53,54,55,56,57,58,61,65,68,69,71,85,92,94,98,100,108,114,119,120,122,123,124,129,134,137,142,165,167,175,179,180,183,186,190,192,197,199,118,117,162,18,50,67,93,96,181,131,158,17,169,103,141,113,126,128,116,110,8,78,188,185,138,47,22,
10to 14:9,12,17,20,22,34,37,47,54,55,57,58,60,62,64,69,74,77,78,84,87,88,92,98,100,106,107,116,119,120,122,123,139,147,153,159,161,165,168,180,184,188,190,192,193,194,196,198,199,24,104,48,76,93,181,6,169,148,103,11,85,171,61,138,
10to 15:5,7,14,20,26,34,36,41,42,43,46,48,55,56,57,58,61,67,71,72,83,84,92,95,96,100,103,105,114,122,123,131,134,137,138,140,144,153,161,171,180,183,184,186,188,191,193,194,195,197,198,199,162,200,50,93,23,31,102,173,146,126,116,37,78,170,39,165,
11to 1:6,8,11,15,19,20,28,29,39,47,49,55,59,60,61,65,70,71,76,82,85,95,100,101,107,108,109,111,114,116,120,125,134,142,143,147,149,153,154,156,157,161,163,180,182,185,186,188,192,193,197,199,200,118,75,1,7,72,86,9,196,110,171,77,191,94,144,194,189,
11to 2:9,10,11,26,31,35,38,42,43,47,48,52,53,55,60,61,62,65,66,69,72,86,96,97,98,100,119,120,123,128,131,132,137,139,151,153,157,164,183,185,186,187,188,189,190,192,196,197,13,68,21,198,178,122,191,144,71,15,27,108,199,22,
11to 3:13,19,23,26,27,29,35,36,39,42,44,59,65,73,78,86,88,92,101,103,107,109,111,119,120,123,125,128,129,131,137,141,142,143,157,158,168,171,173,178,180,186,188,191,193,196,197,199,118,115,68,72,169,20,54,136,198,10,94,108,112,58,
11to 4:11,13,18,19,26,27,31,35,43,44,46,47,49,55,56,59,65,73,78,83,88,95,98,100,105,107,114,119,124,137,138,141,142,153,157,158,164,170,172,178,180,186,188,192,193,195,199,200,118,67,7,66,12,169,173,196,54,136,140,30,10,191,144,71,189,74,108,92,112,58,
11to 5:6,9,11,13,28,31,38,39,43,45,55,61,72,77,78,86,88,93,94,96,98,101,103,107,114,123,134,137,139,144,154,157,172,178,183,185,190,192,193,195,197,199,118,117,79,65,90,173,196,129,136,140,26,198,110,30,161,191,15,160,108,119,92,58,
11to 6:6,7,19,38,44,48,49,59,60,76,78,82,88,92,93,95,109,112,119,126,129,138,149,154,157,163,166,170,171,179,180,182,185,186,187,190,192,193,195,196,75,117,57,65,72,45,172,9,173,20,174,146,178,110,191,194,108,22,165,58,
11to 7:9,13,15,19,20,26,27,30,31,35,38,39,43,45,58,59,61,69,78,83,87,88,95,98,103,108,114,119,123,125,129,131,137,145,147,149,150,154,157,161,163,164,187,193,197,198,199,200,117,21,12,173,136,82,184,116,37,8,10,188,185,191,94,144,160,
11to 8:6,9,10,17,19,20,26,27,30,46,47,58,65,69,72,83,88,94,95,98,108,109,119,124,126,132,137,138,139,144,149,151,154,157,169,170,172,176,183,188,189,193,194,195,196,198,199,57,115,159,64,7,66,90,12,173,174,129,82,11,8,77,22,
11to 9:6,11,12,15,19,20,28,31,35,36,38,39,43,45,47,53,55,60,67,71,83,86,93,95,102,103,105,106,114,125,131,137,141,144,146,153,164,171,173,176,178,182,185,186,187,190,191,192,193,199,57,73,64,21,172,174,98,110,77,194,138,189,27,160,119,112,
11to 10:15,30,31,36,37,39,42,46,55,58,60,61,67,69,71,72,78,85,86,88,92,94,98,108,112,116,124,128,131,139,142,149,161,164,168,169,170,180,183,190,191,193,194,197,199,75,57,70,90,12,9,174,54,140,198,8,188,27,160,165,
11to 11:
11to 12:7,9,11,20,26,27,30,42,43,46,53,56,58,62,73,77,78,93,95,98,101,119,123,124,136,141,142,145,147,156,161,163,164,169,172,183,191,198,118,75,3,57,115,133,13,67,68,65,86,45,59,109,54,129,184,178,110,10,185,94,92,165,
11to 13:6,7,9,13,15,19,20,28,31,44,47,58,60,67,73,83,86,87,94,95,101,102,108,109,119,123,126,128,129,137,142,149,157,158,170,180,185,186,188,192,193,199,117,65,66,45,12,136,26,107,116,11,30,77,56,10,138,189,74,27,22,
11to 14:6,9,19,26,31,35,42,44,47,48,53,54,59,60,61,62,65,69,78,82,88,94,98,103,106,109,112,114,119,125,136,138,139,144,147,149,156,157,161,164,171,180,182,183,188,192,193,194,195,196,199,68,7,86,169,184,198,11,178,38,8,10,185,191,160,92,22,165,58,
11to 15:9,19,20,23,26,28,31,35,36,39,44,49,55,58,60,61,67,70,74,87,94,95,96,100,108,114,116,119,120,123,124,126,128,131,132,153,156,157,161,168,169,170,171,176,178,182,183,186,187,189,193,197,199,118,117,13,68,64,65,86,90,45,54,129,82,184,30,56,185,144,71,92,112,165,
12to 1:1,2,9,10,15,16,17,19,20,35,41,42,43,45,54,55,56,61,65,69,71,77,82,83,86,92,94,95,105,109,114,118,122,124,132,142,147,151,156,160,161,162,186,188,189,192,193,194,200,182,133,145,70,66,60,169,167,141,120,110,8,74,119,199,
12to 2:11,12,14,15,26,27,30,42,43,53,63,66,68,74,78,82,86,89,94,95,98,103,105,113,119,128,132,141,145,146,147,151,158,159,163,164,166,167,172,174,175,176,183,188,196,198,133,13,84,106,96,31,17,169,157,41,109,156,69,110,197,153,10,185,144,138,
12to 3:1,5,7,8,11,12,14,15,19,20,22,26,30,33,36,37,42,44,46,54,56,57,58,59,71,73,80,88,92,94,105,107,110,113,116,118,123,128,131,136,147,153,158,159,160,164,165,167,169,181,183,187,189,190,191,196,197,198,199,133,106,150,60,41,120,98,77,188,185,144,27,168,119,
12to 4:2,7,10,11,15,17,20,30,38,41,46,47,53,54,58,60,63,65,66,68,69,73,78,80,85,88,92,94,98,101,107,108,113,114,118,122,125,128,132,136,140,141,145,147,152,158,159,160,162,164,165,166,169,170,172,175,186,188,189,192,194,198,200,13,150,146,19,167,156,110,105,8,153,191,138,74,27,
12to 5:9,11,12,14,22,28,30,31,34,38,39,40,41,43,51,56,69,78,79,80,82,85,92,94,95,100,105,113,114,116,123,124,125,128,129,134,136,141,147,151,153,156,157,158,161,163,165,170,172,174,178,180,185,190,198,133,130,53,106,145,150,139,60,102,169,109,101,110,8,10,144,138,74,119,199,195,
12to 6:5,7,9,12,15,17,19,20,21,37,38,45,47,48,53,56,58,71,78,88,92,95,100,110,114,116,120,122,124,125,129,130,134,145,148,156,158,159,162,163,166,167,169,170,174,178,179,180,181,183,184,192,194,196,197,198,89,32,182,13,150,66,59,146,8,153,189,27,119,195,
12to 7:1,11,20,26,30,31,35,38,41,44,46,54,56,61,68,69,70,71,77,86,87,88,98,100,103,112,113,114,120,123,128,129,132,136,144,145,147,152,153,158,159,160,162,163,164,165,166,174,175,178,184,197,198,200,24,93,139,33,43,109,141,156,101,183,110,191,94,27,119,
12to 8:2,7,9,11,15,28,34,38,40,43,51,54,55,56,63,69,73,78,88,92,105,107,109,122,125,128,129,136,144,145,146,158,160,164,166,168,170,174,175,187,188,190,194,196,117,3,176,84,149,106,96,66,33,101,183,198,110,185,191,94,27,119,
12to 9:11,15,20,21,27,28,33,35,38,40,41,43,47,49,53,54,55,56,59,63,68,71,73,86,87,94,106,111,128,136,144,145,151,156,158,159,163,164,168,170,174,175,178,187,199,200,117,176,182,84,31,102,157,146,141,98,183,198,110,105,197,153,10,138,189,
12to 10:1,7,8,9,11,34,39,43,46,53,54,58,60,65,68,69,70,71,74,76,86,87,92,94,98,100,103,105,106,107,110,113,120,123,129,131,132,142,147,151,153,156,158,159,161,162,163,164,170,172,174,178,180,181,183,184,190,198,89,84,25,96,31,17,41,167,85,197,185,191,144,61,168,119,
12to 11:7,10,13,15,20,26,27,28,37,38,39,43,44,59,65,71,78,82,86,90,92,105,112,116,118,119,123,124,125,129,131,142,144,146,147,151,156,158,159,161,162,164,166,168,172,175,176,178,183,187,188,191,194,198,117,96,60,169,157,109,110,153,185,199,
12to 12:
12to 13:2,7,11,15,22,27,28,31,32,41,42,43,45,47,48,53,54,56,57,67,69,73,74,77,83,85,94,106,111,113,118,120,122,124,129,136,141,142,145,147,153,157,158,159,160,162,164,165,167,177,184,185,187,188,189,194,24,4,84,96,66,17,169,156,101,98,183,198,110,197,8,10,
12to 14:2,8,11,15,17,19,26,28,37,38,39,42,46,48,51,53,55,56,57,61,63,69,78,80,85,86,92,94,95,98,103,119,122,132,136,147,151,157,159,161,164,169,171,176,177,180,183,184,188,189,191,192,195,196,89,117,3,182,150,31,60,41,109,141,113,101,198,110,153,74,
12to 15:5,7,10,11,15,19,20,27,28,30,32,37,38,41,42,43,45,46,48,54,56,57,58,59,61,65,71,83,86,88,92,103,118,119,120,122,123,129,132,140,151,157,162,165,167,169,170,172,174,178,179,180,181,183,185,187,190,191,193,198,176,104,182,130,149,106,145,139,70,17,110,197,138,168,199,195,
13to 1:6,8,12,16,17,20,22,23,24,26,32,35,36,42,43,49,53,55,57,59,65,66,69,74,76,78,84,94,95,98,100,105,108,110,111,114,116,118,119,120,123,129,131,141,142,147,149,153,156,157,160,168,169,173,174,180,181,182,183,185,189,194,198,124,134,45,186,60,82,88,83,56,15,
13to 2:8,10,11,15,17,18,22,24,26,43,46,49,52,54,56,61,66,68,74,85,94,96,100,103,105,110,116,120,123,136,139,146,147,153,155,156,157,160,164,166,170,175,179,183,184,185,186,189,199,4,42,23,158,172,60,102,12,41,174,19,167,141,126,82,37,88,83,197,171,137,108,165,
13to 3:7,8,10,11,14,15,19,20,24,27,42,44,46,49,53,56,57,62,67,71,74,77,80,81,85,94,95,101,108,110,111,113,116,118,119,120,123,128,131,137,141,142,147,148,153,157,160,170,172,173,180,181,183,185,187,189,191,192,5,124,84,23,66,158,60,169,41,184,37,122,83,197,138,92,199,22,165,
13to 4:7,10,15,27,29,30,42,43,44,46,47,53,55,56,59,65,70,73,74,78,80,85,87,92,95,100,101,106,109,111,114,116,118,122,126,128,136,137,142,149,153,156,157,159,162,166,167,170,174,175,178,179,180,189,192,197,115,177,84,145,23,66,172,186,60,102,9,33,41,151,141,183,83,94,138,108,199,195,
13to 5:6,11,14,15,20,22,24,26,28,30,31,37,43,45,46,50,54,55,56,57,59,65,69,70,71,74,78,92,93,95,98,101,108,110,113,114,116,118,121,123,128,129,131,136,138,139,148,149,151,157,160,169,172,178,180,181,183,188,192,193,117,5,18,134,23,158,60,12,33,174,126,82,107,197,77,137,94,165,
13to 6:2,8,11,12,14,15,18,20,22,24,25,28,33,44,47,49,54,55,57,62,67,69,70,71,74,77,78,82,93,95,98,100,104,108,110,116,122,123,128,131,147,148,149,153,158,162,163,166,169,170,174,179,181,182,183,185,187,194,197,5,124,84,87,134,21,66,6,60,180,167,126,156,56,138,189,
13to 7:5,8,11,14,15,17,19,20,21,24,34,35,43,45,49,57,62,63,68,74,80,81,82,83,87,92,98,101,104,108,110,111,114,116,119,121,122,123,126,128,132,136,140,145,149,150,156,166,170,171,175,181,186,188,193,197,198,177,42,6,163,102,9,33,174,54,107,137,56,10,94,61,165,
13to 8:7,8,10,11,14,15,20,21,27,30,41,43,45,46,50,55,56,57,62,63,65,66,69,71,73,74,76,80,81,85,87,94,95,96,98,103,108,110,117,119,120,123,129,136,138,139,141,146,149,151,159,160,163,166,167,170,173,175,180,181,183,184,185,186,189,192,194,197,198,4,115,42,145,59,6,132,9,107,88,199,165,
13to 9:2,11,20,25,27,30,35,45,46,50,55,59,60,62,63,73,85,93,94,95,98,100,110,114,116,117,119,123,126,131,134,137,138,151,153,156,157,158,159,164,167,168,179,180,181,182,186,189,192,115,177,84,21,163,12,41,175,174,54,141,183,198,83,197,77,15,108,
13to 10:5,8,11,15,17,21,24,25,39,41,44,46,47,55,56,62,63,68,71,74,78,94,98,108,111,114,116,123,129,139,142,147,148,153,157,158,159,162,164,170,173,174,179,185,188,192,198,117,23,172,163,60,180,126,156,107,88,83,197,77,138,168,165,
13to 11:7,15,19,20,26,30,43,46,47,53,55,60,62,64,65,68,69,76,77,78,83,84,93,94,95,98,101,103,110,111,116,117,123,126,128,129,137,138,141,142,153,157,158,159,162,163,169,175,179,180,185,186,188,198,4,115,124,67,66,184,37,88,197,10,74,199,58,
13to 12:5,7,8,10,11,13,14,15,17,19,20,21,22,27,30,32,43,46,47,53,54,56,63,65,68,69,71,77,78,80,87,93,94,95,98,100,104,108,109,110,113,116,118,119,123,128,129,141,145,146,156,157,160,162,164,166,174,179,181,186,117,177,42,134,158,45,163,60,12,169,33,41,180,151,184,37,183,198,83,188,74,168,165,
13to 13:
13to 14:5,6,9,11,12,17,19,24,26,28,41,46,47,50,55,60,62,65,67,74,78,80,81,85,93,94,96,98,103,104,113,114,116,117,123,131,136,139,153,158,164,168,173,179,182,185,188,192,194,177,18,84,23,180,196,54,184,100,37,83,77,56,15,199,165,58,
13to 15:2,7,8,13,15,17,20,22,25,26,30,37,44,45,47,59,77,78,80,85,87,88,93,94,95,100,101,108,110,111,114,118,119,120,122,126,128,129,134,136,138,149,151,156,157,160,163,169,170,179,182,186,188,189,5,158,172,60,132,9,33,174,167,183,198,197,171,137,56,10,71,165,58,
14to 1:1,2,3,6,8,9,17,19,22,23,24,32,34,41,42,49,50,55,56,64,69,72,76,83,86,88,92,97,101,103,105,107,109,114,119,120,122,131,134,135,138,139,147,149,151,157,161,168,169,174,175,182,183,184,185,191,192,195,196,199,200,125,67,90,113,156,38,171,194,47,112,58,
14to 2:11,12,14,19,24,30,33,41,51,56,60,61,83,84,85,86,95,101,106,109,114,115,116,120,121,123,132,135,137,138,146,147,150,153,161,165,167,170,176,182,183,184,185,188,189,193,199,125,28,127,63,131,55,35,90,6,187,151,196,46,156,38,78,58,
14to 3:1,5,10,11,14,19,20,24,30,31,33,42,44,54,56,60,61,64,69,77,80,83,92,98,101,105,109,114,119,120,122,123,136,137,138,139,140,141,146,160,164,165,166,168,173,183,184,185,188,189,191,192,199,177,127,135,67,106,181,147,41,187,46,113,88,112,58,
14to 4:7,8,9,11,12,15,17,19,26,30,38,41,42,46,47,49,53,54,55,58,59,60,63,65,68,69,74,80,83,85,92,94,97,98,101,102,105,107,109,116,117,120,122,125,135,136,137,139,141,145,146,147,149,153,156,157,159,165,166,174,177,178,182,183,191,195,196,198,199,200,130,127,87,67,164,181,44,132,180,95,113,100,88,78,194,119,112,
14to 5:8,9,11,12,14,15,17,24,26,28,30,31,39,43,51,55,60,69,77,80,92,97,101,103,106,107,109,117,119,120,125,127,131,134,135,136,141,149,151,153,157,161,166,167,169,175,178,182,183,185,188,191,192,193,195,196,198,99,130,87,93,35,90,45,41,180,46,95,156,88,78,194,58,
14to 6:2,5,6,7,8,9,11,17,19,20,24,31,44,48,49,52,58,61,67,69,71,74,76,78,92,101,103,104,109,115,117,119,122,125,127,136,139,146,148,149,153,159,165,169,171,175,179,181,183,184,185,189,191,192,194,195,198,93,163,41,180,166,95,85,137,112,
14to 7:1,8,9,10,11,12,19,30,50,54,55,61,63,69,71,78,84,86,88,98,101,102,103,109,114,117,119,122,123,136,137,147,149,150,153,156,161,164,165,168,169,175,178,184,186,188,193,194,195,200,87,106,45,172,41,95,171,15,47,192,112,
14to 8:6,8,9,10,12,15,19,30,43,46,47,50,55,56,64,81,84,85,88,92,94,98,101,106,114,122,123,125,138,145,149,165,168,176,179,180,181,182,183,184,186,188,193,199,127,111,131,35,172,163,17,109,187,151,100,171,78,194,192,119,
14to 9:6,12,19,31,32,41,45,48,49,54,55,56,58,60,61,69,72,80,84,85,88,94,97,98,101,102,105,107,112,114,116,123,127,138,139,141,146,150,151,153,159,161,165,167,175,176,180,181,182,183,189,192,194,196,198,130,135,36,64,35,172,46,95,26,178,171,137,15,47,
14to 10:1,7,8,9,12,14,17,23,30,39,41,46,48,54,56,58,60,61,65,69,80,81,83,84,92,94,98,105,107,112,113,114,127,147,159,160,161,165,168,169,173,175,176,178,180,184,185,188,191,192,195,198,199,115,133,18,67,36,163,132,187,103,116,11,137,15,
14to 11:6,7,9,11,17,19,23,30,31,38,39,44,46,47,49,58,59,60,65,67,71,77,86,92,94,95,99,101,105,114,120,123,139,146,147,153,159,169,178,184,186,188,189,193,194,199,125,28,64,131,55,35,45,163,187,196,37,183,122,78,191,192,119,165,
14to 12:7,10,11,12,19,24,30,31,32,41,46,48,49,51,53,54,58,59,60,62,63,69,78,80,84,86,88,92,94,98,109,110,112,113,117,123,138,146,147,151,153,167,184,185,186,191,198,130,106,111,181,131,90,45,187,166,156,183,178,38,77,194,192,119,
14to 13:4,6,7,8,11,12,14,17,20,30,34,42,45,48,55,56,60,61,69,76,84,94,98,105,109,113,114,117,120,121,122,123,134,136,138,141,146,147,153,157,158,159,165,171,179,180,183,184,186,191,192,193,199,115,106,172,44,41,166,46,156,100,26,116,198,194,47,
14to 14:
14to 15:2,5,7,9,11,14,19,20,22,24,26,30,32,42,45,48,49,54,55,56,58,72,79,85,86,92,95,101,102,104,106,107,112,117,120,122,123,136,138,151,157,159,161,169,171,176,178,180,182,183,185,188,191,192,194,195,199,130,87,36,90,172,44,163,184,100,37,137,47,119,
15to 1:10,11,15,17,19,34,37,41,43,45,54,55,56,58,61,72,82,86,88,92,94,95,101,108,110,111,114,120,132,135,137,140,146,153,154,156,157,159,162,166,167,169,172,173,175,183,189,191,194,195,196,176,143,32,57,182,97,93,2,65,90,186,147,83,161,144,71,138,47,168,119,123,39,
15to 2:10,19,35,39,42,43,52,56,58,61,66,68,71,83,85,86,87,88,89,95,103,108,110,114,116,132,139,144,146,151,154,156,160,165,170,171,172,174,181,192,193,195,197,199,4,104,182,48,16,97,50,36,96,65,90,45,196,126,100,47,168,119,123,22,
15to 3:8,9,10,11,14,20,23,27,39,41,42,44,58,60,61,72,73,77,85,92,103,105,106,111,113,114,116,120,122,128,129,130,132,135,136,137,138,160,165,169,170,171,172,178,183,185,143,4,57,104,80,93,31,65,131,35,90,45,186,146,46,101,78,144,71,168,123,112,
15to 4:10,11,17,18,19,25,26,27,35,42,46,47,55,56,58,66,68,70,73,83,87,88,92,94,95,107,108,111,112,113,114,120,122,131,132,138,145,147,151,156,157,159,160,162,165,171,172,178,179,180,181,182,186,189,194,196,198,199,176,127,84,97,50,2,65,45,146,128,140,78,144,22,
15to 5:5,9,11,14,15,20,25,26,28,30,36,37,39,43,45,55,58,75,90,93,94,101,102,105,107,110,112,117,120,123,130,136,137,139,144,148,154,156,157,158,160,166,169,172,174,178,180,183,185,190,192,196,197,199,57,104,182,79,97,50,149,95,128,184,122,161,78,61,71,168,92,
15to 6:2,5,7,8,14,17,20,23,25,28,33,36,38,41,42,44,46,47,56,58,59,61,72,77,78,79,86,87,89,93,95,96,97,98,100,107,110,112,120,128,131,134,136,139,140,144,148,151,154,156,162,165,169,170,174,175,178,180,183,184,187,193,197,176,4,48,84,179,64,186,146,129,126,26,122,138,168,119,123,92,
15to 7:8,9,11,15,17,19,20,24,25,38,39,42,45,46,48,54,55,56,58,63,79,80,82,92,96,97,102,103,111,116,122,123,126,132,136,137,138,139,145,146,147,154,156,158,160,162,163,165,170,174,175,177,181,183,184,185,186,189,190,193,194,199,4,127,200,149,93,35,129,128,26,37,114,161,10,78,144,112,
15to 8:2,5,8,9,11,27,30,39,42,43,45,48,50,55,58,63,71,72,85,87,88,92,94,95,97,100,102,105,108,114,123,132,138,139,140,144,145,146,151,154,157,160,166,169,173,174,181,182,183,186,191,193,194,198,199,57,84,149,179,31,126,26,83,56,10,170,
15to 9:11,15,19,21,23,25,27,30,33,36,38,46,47,48,50,55,63,70,71,72,77,82,88,91,96,98,100,103,106,110,112,114,123,126,137,138,139,144,145,146,159,163,165,173,174,177,178,183,189,199,104,182,80,200,84,97,35,45,102,95,128,26,197,161,10,
15to 10:2,5,8,14,15,17,25,36,37,39,44,47,50,54,56,58,63,71,72,78,83,88,92,95,96,97,100,102,105,107,108,111,113,114,117,120,123,126,130,136,137,138,139,140,142,144,147,148,153,156,158,159,161,162,163,169,170,171,172,174,183,184,185,188,199,93,64,31,131,186,129,119,
15to 11:9,10,11,15,20,39,45,46,58,68,74,77,78,79,86,88,90,94,96,103,107,111,114,120,122,123,126,132,137,138,142,145,146,156,159,161,162,169,178,179,190,191,193,199,143,149,131,72,186,147,95,26,83,71,47,119,92,
15to 12:7,9,10,13,14,20,27,30,36,37,39,41,42,45,46,54,55,58,63,65,71,73,77,78,79,86,90,92,94,96,100,101,105,110,113,116,117,130,132,133,134,136,139,142,145,147,153,156,157,159,161,162,163,171,177,178,183,184,194,32,102,146,128,26,56,185,138,160,199,
15to 13:2,7,8,9,10,11,20,24,25,26,32,33,34,39,41,42,47,55,58,67,73,87,92,94,95,98,100,101,105,108,113,114,116,120,128,131,132,137,138,140,142,145,153,156,157,158,159,160,162,165,170,173,181,183,186,189,192,193,194,195,57,124,50,93,179,45,102,146,126,184,83,56,185,71,
15to 14:8,9,10,11,14,17,28,30,35,38,41,50,52,55,56,58,60,78,80,83,86,94,95,97,98,100,103,105,106,107,110,119,120,132,134,136,137,139,145,146,153,159,161,165,169,171,174,175,181,182,183,184,185,187,191,192,193,194,195,198,176,104,48,127,135,84,2,147,61,138,123,92,112,
15to 15:

cell1:2,11,6,3,9,12,15,10,14,4,8,13,7,5,
cell2:11,12,15,1,13,7,8,4,3,9,6,14,5,10,
cell3:6,5,14,9,4,12,8,10,1,15,7,2,11,13,
cell4:7,12,10,14,9,5,11,8,3,1,6,15,13,2,
cell5:11,6,13,9,4,12,8,7,14,15,1,3,2,10,
cell6:9,7,1,2,3,8,11,10,12,14,15,4,13,5,
cell7:13,12,11,5,1,14,8,9,15,10,6,3,2,4,
cell8:1,6,12,14,9,11,15,13,3,2,7,5,10,4,
cell9:4,15,7,6,10,13,12,1,8,5,2,14,11,3,
cell10:14,3,2,7,1,13,12,8,6,5,15,4,9,11,
cell11:12,8,1,15,6,10,3,5,9,4,7,13,2,14,
cell12:14,15,6,8,13,2,9,1,11,5,10,7,3,4,
cell13:6,8,5,4,12,9,1,11,2,7,3,10,14,15,
cell14:10,2,3,5,4,15,9,13,12,11,8,6,7,1,
cell15:9,2,10,14,4,3,13,8,1,5,6,7,11,12,
