machine1:0,105,1,61,181,15,168,156,78,95,169,152,41,3,12,99,122,111,186,192,58,166,8,45,114,54,82,154,22,35,175,165,26,194,101,29,17,144,55,200,119,180,47,150,174,121,137,158,30,33,83,72,98,171,157,195,86,43,125,56,6,50,77,64,199,147,129,28,123,36,160,
machine2:0,1,153,133,110,15,168,112,156,95,198,169,108,7,12,120,19,94,18,197,60,186,193,192,58,166,182,114,54,82,154,151,22,102,175,165,194,68,162,170,146,141,55,85,200,119,49,11,124,20,121,187,30,83,72,44,189,86,2,142,56,37,118,6,113,73,42,126,149,64,148,38,147,34,109,132,
machine3:0,24,161,191,105,97,61,172,163,110,10,168,173,156,95,169,108,41,7,115,140,193,192,138,185,182,16,116,82,151,175,165,76,194,170,29,17,144,141,55,85,200,119,32,27,127,52,69,93,65,92,30,33,184,59,189,53,195,86,2,113,73,77,51,176,148,188,48,128,28,123,167,160,135,132,
machine4:0,190,161,57,110,67,183,120,19,94,131,122,103,197,138,166,185,107,8,116,154,22,91,9,26,17,119,32,159,47,124,20,88,70,79,74,69,65,92,137,72,145,59,21,134,189,71,171,90,43,37,118,42,84,77,164,143,51,31,128,109,123,167,36,160,135,132,106,
machine5:0,190,62,161,191,105,153,133,163,100,178,15,168,78,198,23,41,19,94,89,103,111,60,140,58,196,8,114,139,9,35,76,101,170,17,144,141,200,49,180,11,159,174,74,69,65,92,83,98,134,171,90,63,195,86,2,66,37,39,199,148,147,129,28,34,75,109,123,167,132,
machine6:0,153,100,178,10,173,156,198,96,183,12,115,197,60,179,185,107,196,81,8,46,136,116,151,22,165,26,68,170,146,144,141,55,119,49,27,127,52,74,187,155,33,145,44,157,86,2,43,14,50,42,143,176,38,109,135,132,
machine7:0,190,62,161,191,105,97,153,61,172,110,178,156,95,169,108,183,7,12,120,89,122,111,60,140,192,138,166,114,46,82,154,151,35,102,175,68,29,141,55,11,47,20,150,52,69,65,158,83,21,189,171,125,66,56,13,39,73,42,84,149,164,31,176,38,147,129,188,28,123,
machine8:0,153,61,163,110,100,181,15,173,78,23,108,96,7,120,19,94,89,131,122,197,193,138,58,166,185,107,16,8,114,139,116,154,165,26,17,85,119,11,174,88,70,121,187,92,137,30,33,59,189,157,195,86,56,6,14,13,126,199,143,51,38,188,48,128,109,167,160,132,
machine9:0,62,161,191,105,133,61,10,15,168,4,80,198,108,183,41,12,99,122,103,186,193,138,185,182,107,196,45,139,87,9,35,101,146,144,119,180,159,150,174,52,69,187,30,155,33,98,171,90,86,43,66,13,113,73,42,126,164,31,176,38,106,
machine10:0,24,1,97,61,110,10,181,15,4,198,108,41,7,115,120,19,18,117,186,166,196,8,45,54,104,82,22,35,102,175,68,17,144,141,55,200,119,11,47,69,92,137,158,30,33,72,145,184,21,189,71,90,86,43,142,66,50,73,42,77,164,199,51,148,128,75,123,167,135,
machine11:0,24,161,97,163,110,100,178,15,95,23,96,41,94,131,122,103,197,138,58,166,182,196,8,46,87,154,22,165,68,162,170,146,144,141,119,11,159,47,27,127,150,74,121,137,158,98,71,53,63,195,2,43,125,56,37,14,113,39,126,199,188,36,106,
machine12:0,190,62,130,191,105,1,133,57,172,110,100,178,10,181,67,168,112,173,156,78,95,4,198,169,152,23,108,183,41,12,120,19,94,131,122,103,111,197,60,140,186,193,192,138,58,166,185,107,196,81,8,45,54,139,46,104,136,22,91,9,35,102,175,26,194,68,101,170,29,146,144,141,85,40,119,32,49,180,11,159,47,27,127,124,20,150,88,70,74,69,93,65,121,187,92,137,158,30,33,83,72,25,59,44,98,21,189,171,157,53,90,63,43,125,66,56,37,6,14,113,39,42,84,77,64,164,199,143,31,148,38,147,129,188,128,28,123,36,160,135,177,106,
machine13:0,190,24,62,130,161,191,105,1,97,153,61,57,163,110,100,10,181,67,15,168,112,173,156,78,95,80,169,152,23,108,183,7,12,115,19,131,122,111,197,60,186,193,192,138,58,179,166,185,107,196,8,114,54,46,136,116,22,35,165,194,68,162,101,170,17,144,141,55,85,119,32,49,11,159,27,127,20,150,174,88,52,79,69,93,65,92,137,158,155,83,72,145,184,59,44,98,21,134,189,71,171,157,90,63,195,86,2,43,142,125,66,37,118,14,13,113,50,39,73,42,77,164,199,143,31,148,147,129,128,5,109,123,167,160,135,132,106,
machine14:0,130,161,191,97,153,133,57,100,178,10,181,67,15,168,112,173,156,78,95,80,169,152,23,108,183,41,7,12,115,120,19,94,131,18,117,111,197,140,186,192,138,58,179,166,182,107,196,8,45,114,46,136,116,87,82,151,22,35,102,175,165,76,26,194,162,101,170,146,17,144,141,55,85,40,200,119,32,49,180,11,159,47,27,124,150,174,88,70,74,69,65,92,137,158,30,83,145,25,59,44,21,134,189,171,157,53,90,63,195,43,142,125,56,37,13,113,50,39,73,42,126,84,149,164,199,31,148,38,188,128,109,123,167,160,132,177,
machine15:0,62,161,191,105,153,172,110,100,178,10,181,67,15,168,112,173,156,78,95,80,198,169,152,108,183,41,7,12,120,19,94,122,18,111,197,60,140,186,193,192,138,58,166,107,8,114,54,139,46,136,116,87,151,22,91,9,35,102,194,68,101,170,29,17,144,141,55,85,40,119,180,11,159,47,27,127,124,20,174,88,70,79,74,69,65,121,92,137,158,30,155,33,83,72,145,59,44,98,189,71,157,195,2,142,125,66,56,118,14,113,73,42,199,31,176,38,147,188,5,109,167,160,135,106,
machine16:0,190,130,191,105,153,133,61,172,110,178,15,168,173,78,95,169,23,108,12,99,94,131,122,18,103,197,60,140,192,138,58,185,107,196,8,114,54,139,46,136,116,82,151,22,91,102,165,26,194,101,170,17,144,55,85,40,119,180,11,159,124,20,174,70,79,74,69,93,65,92,137,158,30,33,83,44,98,21,134,71,157,53,90,86,43,142,125,66,37,14,13,113,50,39,126,77,51,31,148,38,147,129,5,28,75,109,123,36,160,132,106,
machine17:0,24,161,105,153,61,172,163,110,100,178,10,181,15,156,95,198,169,108,96,183,41,120,19,99,94,122,18,117,197,60,140,186,193,192,58,179,166,185,182,107,45,54,139,46,104,136,116,87,154,22,9,35,175,101,170,146,55,40,119,180,11,27,150,88,70,79,69,93,65,121,187,92,137,158,30,83,184,44,134,71,157,53,90,195,43,125,56,118,50,39,42,126,149,77,199,31,129,188,5,34,75,123,167,36,160,135,106,
machine18:0,190,130,161,191,1,97,153,61,57,110,100,178,10,181,15,168,112,156,78,95,80,198,152,108,183,41,120,18,103,117,197,140,186,193,192,58,166,185,107,16,196,8,45,114,139,46,104,136,82,154,151,91,9,35,165,26,194,101,170,29,144,141,40,119,11,27,127,124,150,174,88,74,93,65,121,92,137,158,30,33,72,145,25,59,134,189,157,90,195,43,56,37,6,14,113,50,149,77,199,51,31,38,129,188,128,28,109,123,160,
machine19:0,24,62,130,161,191,105,1,97,153,61,57,100,178,181,67,168,112,156,78,95,4,80,198,169,152,23,108,183,41,3,7,12,115,19,94,89,131,122,18,103,117,197,60,186,193,192,138,58,179,166,185,107,16,8,54,139,46,136,116,87,82,151,22,91,9,35,175,165,76,194,68,162,170,146,17,144,85,119,32,180,11,159,47,27,124,150,174,88,74,93,187,92,33,72,145,184,59,44,98,21,189,71,171,157,53,195,86,2,125,66,56,37,6,14,13,39,73,42,126,84,149,77,64,51,148,38,147,129,188,48,5,75,109,123,167,36,160,135,
machine20:0,190,62,191,105,97,153,172,163,110,100,178,10,181,15,168,112,173,156,78,95,4,198,152,108,96,183,41,7,12,120,94,122,103,60,140,186,193,192,138,58,179,166,182,196,8,45,114,46,104,136,116,87,82,154,151,22,91,9,175,165,26,194,101,170,29,146,17,144,55,85,40,119,32,49,180,11,159,47,127,124,20,150,174,88,52,70,79,74,69,65,121,92,137,158,30,155,72,145,25,184,59,21,134,189,171,157,53,90,195,125,66,56,6,14,13,113,39,126,77,164,51,31,176,148,38,129,188,48,128,28,75,109,167,36,160,
machine21:0,190,24,62,161,191,105,1,97,153,61,57,172,163,110,100,178,10,181,67,15,168,112,173,156,78,95,4,80,198,169,152,23,108,96,183,41,7,12,115,120,19,99,94,131,122,18,103,117,111,197,60,140,186,193,192,138,58,166,185,182,107,16,196,81,8,45,114,54,139,46,104,136,116,87,82,154,151,9,35,102,175,165,76,26,194,68,162,101,170,146,17,144,141,55,85,40,200,119,32,49,180,11,159,47,27,127,124,20,150,174,88,70,79,74,69,93,65,121,187,92,137,158,30,155,33,83,72,145,25,184,59,44,98,21,189,71,171,157,63,195,86,43,142,125,66,56,37,118,6,14,13,113,50,39,73,42,126,84,149,77,64,164,199,51,31,148,38,147,129,188,48,128,5,34,109,123,36,160,132,177,106,
machine22:0,190,62,130,161,191,105,1,97,153,61,57,172,163,110,100,178,10,181,15,168,173,78,95,4,80,198,169,152,23,108,96,183,41,3,7,12,115,120,19,99,94,131,122,18,103,117,111,197,60,140,186,193,192,138,58,179,166,185,182,107,16,196,81,8,45,114,54,139,46,104,136,87,82,154,151,22,9,35,102,175,165,76,26,194,162,101,170,29,146,17,144,141,55,85,40,119,49,180,11,159,47,27,127,124,20,150,174,88,52,74,69,93,65,121,187,92,137,158,30,33,83,72,145,25,184,59,98,21,134,189,71,171,157,90,63,195,2,43,125,66,56,37,118,6,14,50,39,73,42,126,84,149,77,64,164,199,51,31,176,148,38,129,188,48,128,5,28,34,75,109,123,167,160,135,132,106,
machine23:0,190,62,161,191,105,153,61,57,172,110,15,168,156,95,198,152,23,108,96,183,41,12,120,19,103,111,197,60,140,192,138,58,107,16,45,114,54,46,116,87,82,151,35,175,76,26,170,146,17,141,85,119,32,11,47,27,20,150,88,70,69,121,187,137,158,30,155,145,25,59,98,189,71,171,157,53,90,63,56,37,14,113,84,77,31,176,148,38,129,128,28,167,
machine24:0,130,191,97,153,61,172,163,10,67,15,112,173,156,95,198,108,96,183,41,7,115,120,19,94,89,117,111,197,140,186,193,138,179,182,45,114,54,46,104,136,82,9,35,102,175,165,26,194,68,101,146,144,141,55,85,40,200,119,49,180,11,159,47,27,150,88,69,93,65,121,187,137,158,33,83,145,25,59,44,98,21,134,189,71,171,157,53,90,63,86,2,43,66,56,6,50,39,73,84,77,64,164,199,31,176,148,38,147,129,188,48,28,34,75,123,167,36,160,135,177,106,
machine25:0,190,161,105,1,153,133,163,110,100,178,181,15,168,112,95,80,198,183,41,12,120,19,94,131,103,111,197,60,140,186,193,192,138,58,166,185,182,196,114,54,139,104,136,87,154,151,91,35,102,175,165,194,170,146,144,141,200,119,32,49,180,11,159,27,127,20,150,174,88,79,93,187,92,158,33,72,145,98,21,71,63,195,125,6,113,50,73,126,84,77,199,176,38,129,128,34,109,167,177,
machine26:0,24,161,191,105,1,97,153,61,163,100,178,10,67,112,78,198,169,23,108,183,41,7,94,131,103,117,60,140,186,192,138,185,107,196,81,8,54,104,82,151,9,102,165,194,144,85,49,180,11,159,47,20,174,88,74,69,93,121,92,137,158,83,25,44,98,71,53,195,86,43,142,56,37,14,113,50,39,126,84,149,77,164,199,188,123,160,
machine27:0,130,161,191,153,61,110,100,67,15,156,108,96,7,115,120,94,89,131,122,18,111,193,138,58,179,185,107,16,196,8,139,46,104,116,87,154,22,175,165,76,26,194,68,162,170,17,141,119,180,11,159,124,20,52,70,69,65,121,187,92,137,158,30,155,72,25,184,71,171,90,86,43,56,6,39,42,126,199,31,148,147,129,188,48,167,36,
machine28:0,62,105,153,133,172,163,110,181,67,15,168,173,156,80,23,108,183,12,120,94,18,103,117,197,60,140,193,192,138,58,185,107,8,114,54,139,136,116,82,151,22,35,165,26,170,146,17,144,55,119,47,20,174,88,74,69,92,30,83,44,98,21,71,171,157,63,2,43,142,37,118,113,50,39,149,77,199,143,176,148,129,188,128,5,75,167,36,160,106,
machine29:0,190,62,105,1,153,57,172,110,100,15,168,112,173,156,78,95,198,169,23,96,183,41,120,131,197,140,186,193,192,58,179,185,107,16,81,8,54,46,87,9,102,165,76,68,162,170,146,17,141,200,119,180,159,27,127,88,52,69,65,137,158,30,72,98,134,71,53,195,43,66,37,6,14,113,39,73,42,126,84,64,199,31,38,147,129,188,48,128,5,34,123,132,106,
machine30:0,62,191,105,97,61,172,178,10,67,112,4,198,169,108,183,12,19,99,131,197,186,193,192,138,58,185,182,45,114,54,139,116,87,154,9,175,26,170,146,17,144,55,85,119,49,180,11,47,150,88,79,93,65,187,92,30,83,72,184,59,44,21,189,71,171,157,63,195,86,142,125,37,118,6,13,39,73,126,149,77,164,199,143,31,176,38,147,129,188,48,28,106,
machine31:0,62,161,191,153,110,100,178,10,67,112,173,78,95,169,152,23,108,96,3,12,115,120,19,94,131,103,117,111,60,193,58,179,166,107,196,136,82,9,35,102,165,26,194,68,162,101,29,55,200,119,47,27,124,20,174,88,79,74,69,92,137,158,72,59,44,98,21,189,71,157,90,86,66,56,118,13,39,42,149,77,64,199,143,38,109,36,160,
machine32:0,161,191,133,61,163,10,15,168,112,156,78,95,198,169,183,12,99,94,122,103,193,138,58,179,185,107,196,8,54,46,116,35,76,26,68,146,144,119,11,159,27,124,20,88,70,79,74,65,187,92,137,30,72,145,184,59,44,98,71,157,53,90,195,86,43,142,125,66,56,37,39,73,126,164,199,31,129,188,128,28,75,123,36,132,
machine33:0,190,161,191,105,1,153,57,172,163,178,10,67,15,173,78,108,96,7,131,18,103,60,140,186,193,192,138,58,185,107,196,8,45,114,139,46,116,82,151,22,9,76,194,144,141,119,49,180,11,27,20,52,74,93,65,187,137,158,83,59,98,134,189,157,142,6,13,39,84,77,64,164,199,129,188,128,109,123,160,
machine34:0,24,161,1,172,163,110,100,178,67,168,156,78,169,96,183,41,7,94,117,111,60,140,138,179,166,16,45,54,116,151,9,102,175,165,26,194,68,170,144,141,55,200,119,32,180,11,47,27,174,70,69,93,65,92,158,30,83,25,59,98,189,71,171,90,63,86,43,66,56,37,118,14,13,113,39,42,84,77,51,31,176,147,129,5,28,109,36,160,132,106,
machine35:0,190,130,191,105,97,153,61,163,110,10,181,67,15,168,112,156,78,4,198,108,96,183,41,7,12,120,94,103,117,197,182,107,196,8,45,114,54,139,46,136,87,22,35,102,165,26,68,162,101,146,17,144,141,85,40,200,119,32,11,20,150,174,88,92,158,30,33,72,145,184,44,98,71,53,63,195,43,125,56,37,13,113,73,77,31,147,128,75,109,123,167,160,132,
machine36:0,130,191,105,153,133,172,110,178,10,181,15,168,156,95,80,198,169,183,41,3,115,120,94,122,197,60,140,193,192,58,185,107,16,196,8,46,82,151,175,165,194,162,101,146,17,144,141,85,49,11,159,47,27,124,88,79,74,69,93,187,92,158,30,33,83,145,184,21,189,157,53,195,86,2,43,66,118,113,39,73,42,149,77,164,199,176,38,147,129,188,48,128,109,167,36,132,106,
machine37:0,62,191,105,153,133,61,57,110,100,178,10,156,95,198,169,152,96,183,41,7,19,94,89,131,122,103,186,166,185,54,46,104,136,82,22,35,76,194,68,170,146,144,200,119,180,159,27,124,20,70,74,69,65,187,92,158,33,59,134,189,71,53,63,2,43,142,37,14,13,113,73,77,164,199,51,148,38,188,28,34,109,123,167,160,177,106,
machine38:0,62,153,57,110,100,178,10,181,67,156,78,95,198,108,96,183,41,94,122,111,60,140,186,138,179,166,185,182,107,16,196,8,45,114,54,46,104,136,116,87,22,9,175,26,194,68,170,141,55,85,119,180,11,47,27,20,174,52,74,93,65,92,137,158,83,145,44,98,21,189,71,171,86,142,66,118,6,13,50,84,149,77,164,148,188,128,5,109,167,160,132,177,106,
machine39:0,24,191,61,57,172,110,10,181,67,15,173,156,78,95,23,108,183,41,7,120,94,131,18,111,197,60,140,193,192,138,81,8,45,114,46,116,87,82,151,22,9,102,165,194,101,170,29,146,17,141,55,85,119,180,159,47,27,124,150,70,74,69,93,137,158,30,155,33,83,145,184,59,98,21,189,171,157,195,66,56,37,14,113,126,149,64,199,148,129,188,48,128,5,123,160,132,106,
machine40:0,190,61,57,15,156,95,4,198,169,23,41,7,12,115,120,19,122,103,117,197,60,186,192,138,58,179,8,45,136,116,87,151,22,35,165,26,68,101,17,141,32,180,11,159,47,127,20,74,93,65,137,158,30,145,25,184,59,98,134,189,71,157,53,43,66,113,73,42,126,199,148,147,129,188,128,5,28,123,167,36,
machine41:0,62,105,153,172,163,100,10,181,15,168,173,156,78,4,80,198,169,23,108,96,183,41,7,12,120,19,94,122,18,117,111,197,60,186,193,58,16,114,54,139,136,116,82,22,175,76,194,162,170,29,17,85,49,180,11,20,174,88,69,93,65,121,187,92,98,134,189,157,63,195,2,43,142,66,56,37,118,6,113,50,39,42,126,84,77,31,147,129,188,34,123,177,
machine42:0,24,62,130,191,61,57,178,181,67,156,78,80,169,41,7,12,99,94,89,122,103,117,111,60,58,185,8,45,114,54,139,116,9,175,165,76,26,101,17,144,200,32,180,11,20,88,74,69,30,33,83,145,184,59,44,98,171,157,53,90,86,43,125,56,6,14,42,84,64,164,199,147,188,48,28,109,135,132,177,
machine43:0,24,62,161,1,153,133,110,100,178,10,181,168,112,156,95,4,198,169,23,183,41,120,19,94,131,122,18,103,60,140,186,193,192,138,58,179,166,185,107,196,45,54,139,46,116,9,102,175,194,101,146,17,141,85,119,180,11,159,47,127,174,88,69,93,187,92,137,83,72,184,98,134,71,86,2,39,42,77,64,199,51,31,176,148,147,188,34,109,123,36,135,106,
machine44:0,190,130,191,105,97,153,61,172,163,110,178,15,168,112,173,78,95,80,198,96,41,3,115,120,19,99,103,117,192,138,58,179,166,182,107,81,8,46,104,136,87,151,9,35,175,165,76,26,68,101,170,141,55,85,119,49,180,11,47,150,174,88,52,69,65,121,158,30,83,134,189,171,63,195,86,125,37,6,14,50,39,126,84,149,77,164,176,38,147,48,123,160,135,132,177,
machine45:0,161,191,105,1,153,61,178,10,181,15,168,112,173,78,198,183,41,3,7,12,115,19,94,131,122,103,193,192,58,166,182,107,196,8,139,46,136,82,151,22,165,194,146,17,55,119,32,49,11,159,127,150,79,187,92,33,184,59,44,98,134,195,56,6,14,113,84,149,77,31,38,188,48,5,28,109,123,167,106,
machine46:0,97,133,61,172,100,178,10,112,173,169,108,96,183,120,94,131,140,193,192,58,166,8,45,136,116,82,35,175,165,26,194,162,146,17,144,32,11,159,27,88,79,187,92,137,158,30,72,145,25,184,21,171,90,195,2,37,14,73,126,77,64,128,28,75,123,160,132,106,
machine47:0,190,130,191,97,153,61,57,163,110,100,178,10,181,15,112,95,4,96,7,120,19,94,122,103,197,192,138,58,179,185,182,16,45,114,139,46,151,9,35,102,101,146,144,55,180,11,47,124,20,52,70,79,65,92,137,158,83,72,145,98,71,157,90,43,56,37,14,50,39,77,148,147,129,48,128,5,28,34,160,132,
machine48:0,130,161,105,97,61,172,163,110,100,178,10,67,15,168,112,156,95,198,169,23,108,183,41,89,131,122,18,117,111,197,186,193,138,58,179,107,196,54,104,87,151,91,9,165,26,194,162,170,17,85,200,32,49,47,127,174,70,74,65,187,92,137,83,184,44,134,71,90,2,142,56,118,13,39,42,126,84,149,199,129,188,135,
machine49:0,161,191,105,97,153,10,156,78,108,96,183,7,19,122,103,60,186,138,58,166,107,114,139,104,116,82,22,102,165,68,101,170,146,55,119,11,47,92,137,30,33,72,145,25,184,59,44,134,189,71,157,90,195,86,142,66,13,50,39,42,126,149,143,176,148,38,147,188,48,128,167,36,160,135,132,
machine50:0,24,161,191,105,61,57,172,100,10,181,112,173,78,95,80,183,41,120,19,94,111,140,138,185,182,16,196,45,114,139,87,154,9,102,165,194,170,146,55,85,200,119,47,20,88,93,92,137,30,83,25,184,189,157,63,2,56,37,14,113,64,199,31,148,48,123,36,132,177,106,

1to 1:
1to 2:12,18,23,29,30,31,37,42,43,48,53,56,61,65,66,69,82,94,98,109,110,113,114,119,121,123,125,131,133,138,141,144,148,154,156,158,166,167,176,181,185,186,189,192,196,199,22,160,15,47,197,116,193,8,19,183,107,120,103,95,157,55,86,132,68,150,72,164,139,97,1,115,89,
1to 3:20,23,36,43,49,56,58,60,63,64,67,73,88,92,94,108,110,111,113,122,123,140,141,142,144,152,156,160,161,166,167,168,169,175,180,181,186,187,189,190,191,196,199,192,22,47,138,77,137,153,37,116,128,69,12,65,44,72,159,86,150,42,1,125,
1to 4:2,7,12,17,23,26,27,30,35,38,41,43,55,58,59,65,69,74,83,85,88,94,101,102,105,109,110,113,116,118,122,123,124,135,138,141,142,144,145,159,160,168,180,181,193,195,200,22,92,119,189,137,170,15,183,153,107,11,82,126,19,167,72,70,68,182,42,133,162,29,
1to 5:12,16,22,23,26,28,30,34,41,43,51,54,55,58,59,61,69,71,82,88,92,93,98,99,101,109,110,114,119,120,123,129,133,134,138,147,154,156,165,166,170,175,184,186,190,192,194,15,108,160,191,153,77,107,161,128,37,197,95,148,9,163,1,57,91,
1to 6:17,18,20,28,29,35,41,48,49,51,66,71,74,76,78,82,88,92,101,109,110,121,122,138,147,152,154,156,160,163,165,167,168,171,175,180,181,184,185,189,194,108,39,170,161,198,153,98,144,77,197,37,193,95,146,103,69,196,33,72,9,148,86,139,150,42,2,115,57,32,24,162,91,3,
1to 7:12,15,17,21,26,27,34,38,43,45,49,54,55,58,62,67,69,78,83,88,102,105,108,109,112,122,123,132,137,144,147,148,149,154,156,161,163,165,168,175,181,184,186,188,191,194,196,198,199,200,189,119,197,11,171,193,140,103,33,65,44,139,68,86,164,36,57,182,
1to 8:12,20,21,30,34,42,49,54,58,62,64,69,71,73,82,83,85,94,98,99,101,109,110,114,122,124,131,144,148,154,162,165,166,168,169,170,173,175,181,182,190,194,199,47,189,15,153,11,56,193,163,33,9,6,65,172,159,76,28,
1to 9:9,12,17,20,27,28,31,35,38,39,41,53,54,56,58,59,63,72,82,83,86,93,101,102,105,106,113,116,119,121,123,134,141,148,156,158,159,161,163,171,175,176,183,186,199,200,170,47,15,77,137,107,198,11,153,120,98,37,19,174,129,60,164,70,111,16,125,
1to 10:7,9,12,15,17,20,21,27,30,31,34,42,56,61,62,65,69,82,86,88,92,94,100,103,110,113,114,121,123,128,134,138,151,156,158,159,161,165,168,169,175,176,180,185,186,190,191,196,198,199,200,22,58,119,192,153,71,170,37,8,11,120,107,148,172,60,72,68,124,1,162,
1to 11:6,7,17,20,26,28,30,35,37,38,43,45,49,54,59,62,63,66,71,76,83,88,90,109,118,122,125,131,137,138,151,152,159,161,169,192,198,199,200,58,22,119,108,94,92,171,193,8,77,11,183,103,157,82,163,180,86,172,65,55,44,72,93,36,150,162,3,
1to 12:2,7,17,21,30,41,43,51,58,63,78,82,86,88,93,94,98,105,110,113,118,119,124,131,138,145,147,156,161,163,165,169,180,181,183,185,198,200,195,189,92,144,15,71,191,77,153,116,107,8,120,69,37,157,55,132,164,53,162,1,89,24,
1to 13:12,15,17,21,22,29,41,43,45,54,56,58,66,67,74,77,83,85,94,100,110,113,118,119,120,122,123,134,138,141,145,148,151,153,156,158,159,160,163,166,167,168,173,181,184,186,192,194,198,199,47,170,193,8,197,11,69,37,98,116,128,174,180,65,86,150,55,42,93,28,32,
1to 14:2,7,17,31,35,41,43,45,48,49,53,59,60,61,62,78,88,95,101,106,109,113,114,116,119,122,123,135,145,151,161,166,169,175,180,181,182,184,185,189,199,200,58,92,71,94,195,47,191,171,15,77,69,193,98,173,120,55,86,132,64,36,159,93,28,133,115,1,
1to 15:2,7,17,23,26,35,38,41,42,43,50,59,63,74,78,79,82,86,100,102,110,113,114,122,124,132,134,137,145,148,151,154,156,161,163,165,166,169,171,178,182,185,190,192,194,198,58,108,160,138,47,92,77,191,170,144,183,56,95,103,107,120,45,70,55,72,97,36,139,93,28,91,32,24,89,
2to 1:1,2,7,8,11,15,21,22,24,26,30,35,45,56,59,60,61,72,74,84,86,102,107,108,110,114,115,120,122,123,137,139,151,153,154,166,167,172,173,174,181,182,183,184,185,189,190,199,58,119,170,71,128,103,126,156,98,82,17,12,157,41,163,132,150,28,36,51,63,62,162,42,
2to 2:
2to 3:1,4,8,10,14,15,20,22,24,30,31,35,46,49,50,58,60,65,66,68,72,73,80,81,85,92,95,98,102,103,105,106,107,108,109,125,139,141,148,150,164,171,173,186,187,197,160,119,61,199,123,137,144,122,38,116,100,156,167,69,19,6,17,43,12,163,41,111,36,42,162,
2to 4:11,15,21,22,27,35,43,47,53,54,55,58,66,68,73,74,78,83,87,88,94,95,105,108,109,114,117,120,122,131,132,133,135,138,139,140,141,146,149,150,153,158,164,167,168,171,174,178,182,186,189,191,192,195,197,198,30,38,14,85,19,100,113,69,157,17,102,7,42,62,162,
2to 5:11,15,23,24,30,31,33,41,50,55,74,78,88,94,95,99,106,107,108,109,110,113,114,116,117,120,121,137,138,139,140,148,149,150,154,161,166,172,174,178,183,184,192,193,195,196,197,199,123,119,185,144,61,170,46,82,69,151,43,103,44,158,157,96,28,
2to 6:4,8,11,15,19,20,21,22,24,30,31,33,41,42,55,56,58,59,60,72,77,89,95,97,104,105,109,110,114,116,120,122,123,131,138,144,146,147,148,150,154,156,158,166,168,179,181,182,184,186,195,196,197,198,165,27,119,61,185,178,100,113,38,136,14,103,82,174,126,12,45,16,36,62,52,
2to 7:1,4,7,10,11,15,23,27,30,39,41,43,49,56,59,65,70,78,80,86,88,94,97,104,107,108,110,114,115,121,123,140,142,144,149,150,151,159,161,164,174,178,182,186,188,189,190,191,193,200,199,119,61,195,137,85,198,105,38,69,126,14,26,141,103,156,33,157,196,163,102,17,158,132,131,63,68,51,162,
2to 8:8,11,15,18,22,33,39,43,47,49,52,56,62,65,71,72,73,77,85,87,95,97,107,108,109,120,122,138,139,144,154,158,164,168,173,176,181,183,186,191,193,197,198,165,119,199,38,100,137,98,82,14,69,26,174,46,9,17,163,2,16,63,51,
2to 9:11,15,27,31,43,45,46,47,48,50,55,71,73,85,86,98,103,108,110,125,128,140,145,146,151,153,159,161,175,176,178,181,182,183,189,190,197,198,200,165,199,195,185,61,69,38,82,19,156,141,174,187,113,102,196,12,21,106,96,28,
2to 10:1,8,15,17,18,22,27,30,37,39,43,48,50,55,66,72,77,78,86,88,92,95,97,100,102,106,107,108,115,119,120,132,138,139,142,143,144,153,164,173,178,183,186,188,191,197,58,165,199,47,171,61,185,137,198,85,69,103,126,196,141,128,129,174,68,158,16,155,
2to 11:10,11,15,18,22,26,31,35,39,43,49,55,58,59,61,65,71,72,75,77,78,82,84,85,86,92,103,107,109,120,138,139,141,142,145,146,154,161,164,166,169,176,178,186,188,193,197,195,119,137,116,198,38,126,129,100,46,136,12,196,90,7,36,28,13,143,
2to 12:2,4,8,10,11,13,15,22,24,27,31,43,51,53,58,73,86,87,89,94,95,104,108,109,113,117,123,139,151,153,158,161,164,169,171,174,176,183,188,189,198,199,144,110,85,185,105,98,38,141,156,196,14,69,33,167,7,68,97,36,16,
2to 13:4,8,10,11,15,20,21,22,23,33,41,47,65,66,68,73,94,95,106,108,110,113,114,115,117,119,120,122,131,137,138,141,145,153,156,158,164,173,181,183,184,186,188,189,190,197,123,171,61,198,98,126,100,151,43,46,167,9,6,157,2,62,28,42,16,
2to 14:4,8,11,14,22,24,26,38,41,42,49,51,52,56,59,60,68,74,77,78,80,84,86,88,96,98,102,103,104,105,107,109,110,114,115,120,122,123,133,137,139,144,146,150,153,157,159,171,174,176,181,182,183,184,185,188,190,198,58,119,47,69,156,33,126,9,46,151,43,7,106,
2to 15:2,8,10,11,15,18,20,22,24,26,33,35,39,41,47,48,52,56,58,60,68,80,86,92,95,101,105,108,110,114,122,123,127,137,138,140,142,144,145,146,153,154,176,179,182,183,197,199,119,188,185,178,161,38,98,100,19,14,129,43,156,157,45,102,96,28,7,97,42,143,
3to 1:1,8,12,15,19,30,35,42,45,47,49,54,58,60,65,69,71,79,88,93,94,101,105,109,113,118,120,123,127,128,129,131,137,138,144,146,147,148,156,157,161,169,170,175,181,183,191,193,39,199,119,192,160,168,83,10,78,110,114,77,116,173,166,20,41,59,132,33,186,31,2,36,73,133,135,32,29,
3to 2:8,11,13,19,23,30,31,37,39,41,42,44,53,69,72,85,88,94,105,106,108,110,120,121,127,136,137,138,139,141,144,146,147,148,150,153,155,158,159,160,161,168,169,181,186,187,189,191,196,197,92,123,58,119,199,47,61,71,114,10,178,122,14,167,116,33,132,164,73,62,135,125,29,
3to 3:
3to 4:11,19,20,23,27,30,31,40,44,46,49,54,56,66,67,68,70,72,83,85,92,95,101,102,105,111,118,120,141,144,156,158,167,174,180,189,191,193,194,198,199,58,22,47,160,94,71,10,168,114,138,107,178,110,140,128,136,12,147,33,59,41,55,164,179,73,80,142,91,125,
3to 5:1,5,14,19,23,28,31,36,38,39,45,50,54,57,60,61,65,69,70,77,78,80,83,109,112,116,118,131,138,148,152,153,156,157,158,160,168,169,170,185,192,199,92,137,123,114,122,30,95,101,120,166,20,136,41,55,35,132,43,59,106,130,135,190,125,
3to 6:5,6,8,11,19,23,24,27,41,46,49,55,57,58,59,67,70,77,80,90,92,104,112,116,125,127,128,129,139,144,146,152,153,157,160,165,166,169,171,175,181,185,189,192,196,198,22,168,114,10,167,14,88,173,186,20,148,147,164,159,29,1,91,
3to 7:1,6,8,10,11,19,27,35,37,39,41,42,43,45,49,50,54,56,57,59,63,65,67,68,69,72,79,80,85,92,93,102,106,111,112,113,123,129,131,136,139,144,148,150,156,157,158,159,163,170,175,177,181,184,185,194,199,195,168,108,189,138,137,119,160,77,30,83,191,14,114,107,128,88,20,33,12,169,55,31,164,97,142,190,
3to 8:5,6,8,9,12,27,31,38,39,41,42,49,62,63,65,66,69,72,73,77,84,85,90,98,105,108,123,135,137,144,146,148,152,157,160,167,171,175,180,181,189,190,191,199,165,92,188,114,168,83,122,88,110,100,136,20,173,43,132,125,80,162,81,
3to 9:15,19,20,23,27,28,35,37,38,45,46,53,60,63,71,73,80,95,102,105,108,111,113,120,123,128,141,144,145,148,150,158,159,163,167,171,175,177,180,185,186,189,196,197,198,199,138,192,168,119,137,77,14,88,183,12,41,173,31,172,59,106,97,164,67,179,25,32,
3to 10:1,5,8,12,30,39,41,42,43,46,54,55,56,60,62,63,68,69,71,72,77,78,80,83,84,85,88,93,94,98,108,110,111,116,123,124,128,129,131,147,148,156,158,161,168,169,181,186,190,191,192,197,198,165,58,195,47,185,188,199,37,114,140,120,141,136,14,20,164,106,67,179,143,
3to 11:9,11,19,27,28,37,39,45,47,49,54,55,58,59,60,62,65,71,72,77,78,88,93,95,98,111,116,123,125,129,131,137,138,141,144,145,146,156,157,169,180,183,186,189,192,194,197,199,160,112,191,185,30,10,178,114,38,128,173,21,20,12,31,67,97,164,179,190,
3to 12:4,8,10,11,13,14,20,24,27,39,41,42,45,46,53,54,56,63,65,68,69,77,78,83,88,92,98,106,108,113,118,120,128,130,138,144,146,152,156,157,160,163,168,170,177,184,191,198,119,165,189,94,153,122,178,183,141,140,101,17,31,164,172,2,67,80,32,133,142,
3to 13:4,12,23,31,36,37,39,41,42,44,46,50,62,65,67,69,77,78,80,88,93,95,101,127,129,136,137,138,141,145,147,157,158,160,163,169,171,180,181,197,92,123,94,199,108,61,188,153,114,110,10,122,116,120,148,173,20,175,132,186,59,17,55,172,106,81,29,
3to 14:4,8,15,19,26,31,39,41,42,49,53,59,60,61,64,65,67,77,79,92,93,94,98,109,113,123,131,134,137,156,159,161,181,183,185,192,58,199,165,119,168,78,188,171,138,38,153,30,14,141,184,46,88,120,136,187,175,111,164,179,135,127,80,1,
3to 15:8,10,11,19,20,24,31,37,42,43,44,46,49,50,54,72,80,93,102,108,113,120,127,129,136,137,138,139,144,145,153,156,160,161,163,169,171,173,181,184,189,190,191,193,194,197,199,165,58,112,71,123,92,114,183,107,83,14,116,167,100,148,128,186,41,172,2,159,55,25,67,97,130,142,32,
4to 1:7,15,19,26,27,30,32,37,45,47,55,57,59,60,65,69,82,83,91,95,97,100,101,102,105,110,111,114,118,123,134,140,141,156,160,172,174,178,182,192,193,194,196,199,22,58,195,138,92,108,170,74,137,189,153,8,191,11,183,98,85,54,113,109,120,180,164,106,68,42,2,79,115,125,152,
4to 2:10,19,27,38,39,41,55,58,63,68,71,74,85,87,94,95,97,100,102,107,108,113,121,128,137,144,146,150,151,153,164,166,178,182,196,197,199,22,138,15,195,92,8,11,82,141,193,156,105,69,120,33,109,9,180,35,21,66,106,53,42,135,176,
4to 3:8,27,30,41,46,55,57,58,60,65,67,68,72,74,80,92,101,102,105,107,108,110,111,112,113,115,118,128,130,131,132,136,138,140,146,153,158,159,161,168,196,197,22,195,189,191,137,160,10,88,183,120,85,167,19,95,157,9,174,180,59,44,31,66,179,181,73,177,155,
4to 4:
4to 5:5,11,22,37,43,55,57,59,60,66,69,74,78,80,85,88,91,94,95,97,101,107,109,110,112,116,119,125,128,134,136,140,151,153,172,180,182,183,192,197,199,108,58,160,92,170,114,38,198,137,105,193,83,30,98,174,126,35,9,186,65,18,53,29,152,40,
4to 6:7,8,9,30,33,38,41,55,69,74,82,87,88,90,95,100,101,107,110,112,116,119,125,127,131,136,140,144,148,156,164,166,172,173,178,180,186,191,194,58,22,27,47,189,170,92,94,153,105,183,85,19,20,174,44,66,65,53,145,181,179,135,18,155,152,57,
4to 7:15,38,39,41,46,47,55,62,65,67,69,74,78,84,87,88,92,94,107,114,128,136,144,150,164,168,169,189,196,199,112,27,108,85,188,19,30,54,109,186,66,21,79,115,155,152,142,125,40,
4to 8:2,7,9,10,11,22,26,27,30,33,38,39,47,55,62,65,66,69,71,72,83,84,87,90,92,94,95,98,107,110,115,117,125,128,132,136,137,138,140,141,144,145,146,159,162,165,170,181,183,189,194,168,160,74,8,193,88,85,56,167,19,101,82,180,35,21,31,186,73,135,42,57,182,40,152,
4to 9:11,15,26,30,32,33,38,43,45,46,55,59,67,71,73,87,92,95,97,100,105,107,117,119,120,127,128,131,140,141,150,153,158,161,170,172,180,181,182,191,197,27,114,94,189,47,69,56,85,113,98,19,167,20,157,186,35,63,145,53,155,57,176,
4to 10:11,15,27,37,39,41,46,55,62,67,72,74,78,80,84,87,94,100,102,107,112,113,114,116,123,127,146,161,164,165,168,170,174,183,188,192,196,197,199,92,58,195,47,153,191,138,194,8,98,88,82,167,140,69,54,20,126,157,44,186,180,21,66,9,181,31,7,106,53,200,133,42,57,176,142,
4to 11:17,26,30,38,39,46,55,60,62,65,66,67,69,71,78,88,105,114,117,118,122,125,141,158,164,166,173,188,192,197,199,58,138,108,189,27,94,194,74,107,83,178,98,126,54,95,20,180,9,70,21,35,145,106,13,29,142,
4to 12:11,13,26,30,32,37,41,46,47,58,59,67,68,73,78,80,84,94,95,100,101,115,118,120,128,130,136,141,142,144,146,149,156,158,164,165,178,180,188,189,194,92,195,22,15,138,170,160,10,27,191,8,110,69,183,140,113,82,54,174,109,65,21,66,70,7,53,57,182,152,40,
4to 13:2,7,11,23,55,56,57,67,68,69,73,78,83,85,87,98,100,101,110,113,114,116,118,126,128,131,141,149,160,168,170,191,194,199,22,92,189,108,195,47,94,15,88,153,137,156,167,140,9,180,12,186,174,66,65,21,179,145,177,124,155,
4to 14:7,8,11,15,17,18,22,26,35,38,41,46,47,60,62,80,82,84,85,88,92,95,102,107,117,123,127,131,134,136,147,153,158,159,161,164,165,171,178,180,188,192,189,195,191,114,193,101,113,183,167,12,9,174,53,2,63,79,115,125,
4to 15:13,19,26,31,32,39,41,46,47,55,56,59,66,67,83,85,95,97,100,101,102,107,110,112,114,118,119,122,128,130,132,136,140,144,146,148,149,153,157,158,165,183,191,192,193,197,199,58,108,160,92,94,138,10,8,170,178,11,30,88,113,120,126,21,9,181,145,186,65,2,106,127,177,42,142,
5to 1:6,9,12,17,19,27,29,31,36,39,41,50,51,58,59,60,61,69,72,74,77,82,83,86,90,92,93,94,95,98,99,101,109,110,119,120,121,125,126,134,135,137,141,144,154,156,157,158,161,163,165,170,180,185,195,138,199,15,108,123,122,114,140,198,196,148,174,113,129,175,43,127,190,
5to 2:11,12,14,18,20,22,27,28,50,54,58,66,69,75,85,87,90,92,97,98,103,109,110,120,131,135,139,140,141,150,156,159,170,174,175,180,181,185,186,188,189,190,192,195,198,123,108,30,144,178,38,122,107,128,105,196,43,95,151,55,127,42,154,121,
5to 3:11,12,14,20,22,29,30,35,37,41,44,46,50,56,58,60,69,88,90,92,93,95,100,105,106,107,109,110,112,119,120,123,130,136,138,147,153,157,159,160,167,168,180,181,184,185,189,190,192,39,108,137,197,77,114,194,161,140,38,98,101,198,128,193,196,148,175,169,158,55,79,42,
5to 4:9,11,19,22,27,31,40,46,50,57,58,59,65,66,70,74,80,82,85,87,88,90,92,105,106,107,109,112,118,128,130,133,135,136,139,140,144,151,152,153,156,157,161,168,170,178,180,181,182,186,188,191,192,198,160,119,114,137,138,193,30,38,197,122,69,101,54,174,95,158,44,55,145,124,79,
5to 5:
5to 6:1,12,14,18,22,24,25,27,28,33,37,45,54,57,58,69,70,71,72,74,75,78,82,85,87,88,91,92,94,96,103,107,109,110,112,116,123,128,129,136,139,144,151,153,154,157,158,159,160,163,165,168,172,179,180,181,185,189,190,191,192,198,138,194,170,101,193,113,38,178,140,41,126,187,166,20,90,53,31,130,127,104,
5to 7:8,10,11,14,15,26,27,31,39,40,44,45,50,57,58,60,61,69,77,85,88,92,93,95,96,99,103,108,109,119,121,125,126,128,129,132,136,139,140,142,147,152,154,156,158,163,168,174,175,181,182,185,186,188,191,197,160,144,78,114,30,37,107,122,101,137,193,113,187,196,151,20,149,150,79,190,
5to 8:8,11,26,27,30,34,40,41,45,46,50,56,58,71,74,80,82,87,92,94,98,99,101,117,120,123,131,134,137,139,141,151,157,158,161,168,172,179,180,185,186,188,189,190,191,39,160,199,108,119,192,138,144,105,170,197,114,122,128,178,140,69,166,95,109,126,9,90,169,43,55,124,51,154,
5to 9:11,12,16,25,26,30,31,33,34,39,40,41,46,50,55,58,59,60,69,82,85,91,92,93,94,96,103,106,117,119,130,136,139,140,150,151,153,156,157,165,172,183,186,189,197,198,199,170,71,192,114,137,15,105,161,101,98,187,35,65,44,134,79,190,
5to 10:8,11,14,15,20,22,23,25,39,43,46,50,58,60,61,71,75,80,85,92,93,96,98,102,106,110,112,116,117,119,123,126,129,130,134,137,139,142,153,157,158,159,160,165,168,170,172,175,180,188,190,191,192,195,197,198,199,194,108,114,138,30,107,105,78,161,69,122,113,151,196,140,95,169,65,53,42,18,149,124,
5to 11:6,10,11,22,26,28,31,39,45,46,57,60,61,72,77,78,86,90,92,93,94,95,96,98,102,103,107,108,116,117,118,126,128,131,139,142,157,160,169,172,173,178,180,184,186,188,189,190,196,197,58,199,138,144,74,119,137,15,191,101,193,43,9,44,20,149,79,99,75,
5to 12:9,10,11,13,17,24,26,30,31,37,40,43,45,46,51,54,58,61,69,77,80,85,90,92,93,94,95,96,98,100,107,109,110,117,118,130,131,136,141,144,147,149,153,158,159,160,163,165,167,169,170,172,175,178,180,183,184,186,188,191,199,39,108,71,119,38,122,193,198,128,20,113,151,41,145,65,42,124,
5to 13:10,11,14,15,19,22,30,33,45,46,50,60,87,92,93,94,100,101,105,106,109,118,123,126,137,139,141,147,153,157,158,167,172,175,179,180,181,186,191,192,195,160,170,108,71,138,114,197,78,98,122,69,178,140,95,148,43,166,44,41,55,163,134,145,23,65,53,127,149,121,5,190,
5to 14:1,8,9,11,14,17,20,30,34,37,46,50,58,60,61,69,74,80,88,92,99,101,105,109,117,123,125,133,134,135,139,147,153,165,174,180,181,184,185,188,194,195,196,198,138,161,178,137,122,95,98,113,41,169,166,151,163,44,65,145,149,51,42,190,
5to 15:10,11,13,17,24,25,30,31,34,35,41,45,50,59,61,83,85,90,91,92,94,96,97,103,114,120,123,128,130,132,136,139,140,142,144,149,151,154,157,161,172,183,186,189,190,196,58,39,138,160,112,194,71,119,78,108,170,137,178,101,197,184,187,126,148,20,102,169,44,134,145,124,
6to 1:6,8,11,12,15,16,20,22,30,33,45,47,49,53,56,58,59,64,66,69,72,76,82,88,95,97,100,109,119,122,123,125,126,127,129,131,138,144,148,153,154,156,157,159,160,165,170,174,175,180,181,185,190,192,194,198,195,94,168,193,110,26,101,166,167,173,9,17,55,28,51,121,52,91,
6to 2:4,8,11,13,14,19,20,22,26,30,31,35,38,41,44,47,49,51,56,61,66,68,72,82,95,100,103,108,116,119,120,126,127,128,138,144,154,155,156,157,159,160,164,175,176,178,180,184,185,197,198,195,189,27,78,171,37,110,69,153,85,167,174,173,146,129,113,148,166,12,186,139,150,2,87,179,7,145,28,
6to 3:4,7,8,12,14,20,21,22,32,36,39,46,49,53,56,57,61,67,72,73,100,103,108,127,128,131,137,144,148,150,156,158,159,160,165,169,175,191,197,58,168,92,27,189,37,110,153,101,136,166,146,107,184,173,129,186,60,41,145,28,130,62,52,121,
6to 4:7,8,11,12,13,20,25,26,38,44,53,54,56,58,59,65,66,67,69,70,72,80,82,85,97,100,101,116,124,125,126,136,144,146,150,152,153,156,158,164,165,166,167,168,173,174,175,178,180,189,191,193,194,197,92,27,47,170,74,105,78,110,128,95,107,19,109,41,9,33,179,2,121,145,57,182,40,
6to 5:5,6,9,11,14,20,21,22,30,31,37,38,51,61,69,77,79,82,97,100,107,109,116,117,119,120,125,127,129,131,134,137,144,150,154,158,160,163,173,175,180,184,189,192,197,39,92,58,170,168,78,153,85,94,128,178,95,167,33,12,139,93,91,104,
6to 6:
6to 7:4,8,10,11,12,20,21,26,31,32,35,38,49,51,59,62,64,88,100,103,112,119,122,123,125,126,140,144,152,154,156,157,159,160,164,166,173,175,178,183,184,186,190,191,197,198,58,165,92,27,153,171,168,194,69,128,98,37,136,46,19,33,147,148,146,181,150,60,93,84,149,104,24,
6to 8:5,7,12,14,21,26,38,41,62,66,76,80,88,95,105,108,123,124,125,126,129,136,154,159,160,165,169,173,175,180,183,184,185,186,191,192,193,194,197,58,27,189,78,170,168,161,98,85,146,69,148,187,166,181,87,49,2,134,18,84,182,
6to 9:9,15,19,20,25,35,41,61,64,67,77,88,97,101,103,116,119,120,123,131,144,146,153,158,159,165,167,170,172,175,176,178,179,180,183,190,192,193,194,196,197,58,27,71,37,129,46,128,166,60,148,187,186,90,145,93,150,87,121,48,104,91,
6to 10:2,5,6,9,12,20,21,25,27,30,37,38,58,61,67,84,85,92,95,100,107,115,117,119,122,124,126,144,148,153,156,159,164,169,170,174,175,176,178,179,180,185,191,192,193,195,197,198,39,165,22,168,78,110,98,69,116,146,128,86,55,87,121,18,62,104,48,
6to 11:7,12,13,17,20,30,38,47,49,53,56,58,59,66,67,68,72,75,76,82,92,103,119,122,125,129,146,156,157,158,160,175,178,183,185,186,192,194,197,198,39,78,189,37,170,116,94,188,184,26,174,136,46,19,196,60,9,139,86,93,62,179,18,57,52,
6to 12:7,10,11,20,21,32,37,39,45,48,53,56,65,67,69,71,77,80,88,92,97,100,117,119,124,129,156,157,158,159,160,164,166,170,178,180,181,183,186,191,194,198,138,27,188,8,184,98,167,174,147,146,136,41,128,17,46,33,9,139,96,179,84,2,28,51,4,3,89,
6to 13:7,11,12,20,21,26,31,44,48,53,57,61,71,77,78,85,88,95,100,109,115,119,120,126,127,131,146,156,157,159,163,165,167,175,180,183,184,186,189,190,191,197,198,22,92,168,170,195,37,41,136,187,173,129,148,59,151,66,181,60,96,179,93,139,87,4,24,
6to 14:6,14,15,20,31,32,38,47,48,57,58,59,61,62,64,80,88,92,95,103,109,116,119,122,125,131,150,158,159,163,169,175,179,180,181,185,189,190,193,39,165,195,194,168,94,78,8,110,105,69,153,184,26,136,187,19,9,147,60,196,41,17,51,130,49,84,4,182,
6to 15:7,11,14,22,25,44,57,58,67,71,72,78,88,95,100,101,103,108,124,129,137,138,144,148,154,158,159,160,169,178,180,183,184,185,186,188,192,197,165,92,189,112,194,193,114,170,153,94,26,37,146,174,147,173,166,196,17,33,55,139,2,145,16,18,182,104,48,
7to 1:9,15,17,19,21,26,35,41,42,47,51,56,59,64,67,69,79,82,85,86,88,92,101,102,103,105,107,108,109,114,115,116,119,120,121,122,125,138,141,144,147,149,150,151,152,158,161,165,168,171,174,175,180,184,186,191,123,27,192,160,137,77,189,94,11,30,37,140,20,129,54,181,49,93,65,200,124,118,
7to 2:4,11,13,14,15,18,21,26,33,42,45,47,49,56,58,63,68,84,87,92,96,97,98,102,103,107,108,110,113,115,116,122,125,128,129,131,132,138,144,145,146,147,148,154,155,157,158,164,166,174,181,186,190,191,196,197,199,165,119,27,188,61,94,137,30,114,10,100,38,184,43,163,31,
7to 3:1,4,5,9,10,11,19,20,27,30,41,46,47,49,50,56,64,67,68,80,88,93,100,101,102,103,105,107,119,120,123,128,129,136,138,141,147,148,158,171,172,177,178,180,181,185,188,190,191,196,39,94,160,112,114,77,137,37,144,78,193,33,166,109,54,157,169,70,164,150,63,25,152,
7to 4:7,15,21,26,35,46,55,57,58,59,63,67,69,76,82,85,87,88,92,98,101,108,109,117,122,123,126,136,137,144,147,149,156,162,164,170,186,191,193,195,197,112,27,192,189,78,30,11,94,114,38,10,107,166,140,20,66,132,49,118,
7to 5:1,9,11,15,17,19,23,27,35,37,40,43,45,50,55,69,77,79,85,88,92,98,99,100,101,102,103,106,109,112,116,117,119,123,136,139,147,148,149,154,156,160,170,172,174,175,178,181,185,190,199,10,30,137,107,140,26,129,113,151,166,163,70,150,65,31,124,93,118,
7to 6:4,5,8,9,17,18,19,20,21,24,26,30,33,35,38,45,46,47,48,59,67,69,77,82,85,87,88,92,94,95,103,115,116,122,127,129,136,139,140,144,145,148,149,156,160,162,164,175,178,184,185,186,190,191,193,194,195,196,165,112,192,189,27,188,37,14,107,166,109,181,163,150,49,124,121,51,25,152,
7to 7:
7to 8:10,11,17,19,20,26,33,38,40,41,45,49,50,54,63,64,77,81,83,84,85,87,98,99,105,108,109,110,119,122,123,128,138,140,144,146,148,149,158,160,162,165,168,170,180,182,186,188,190,193,195,196,198,27,153,114,37,137,88,184,14,82,43,164,132,65,181,93,150,62,
7to 9:15,17,19,21,25,35,36,38,39,40,41,43,45,46,47,50,56,68,69,71,73,76,80,84,85,88,94,97,106,107,108,110,119,123,126,127,129,131,137,139,141,145,146,148,150,151,157,161,163,168,170,171,175,178,181,186,190,191,193,195,197,165,189,112,10,114,82,11,140,54,103,33,20,158,31,200,121,63,
7to 10:8,9,10,15,17,24,25,26,36,47,48,50,56,58,67,68,69,77,78,81,84,92,93,102,106,108,116,117,126,127,128,131,140,142,144,147,149,156,157,158,161,162,163,164,165,170,171,175,184,190,191,194,197,198,199,200,39,112,160,123,188,193,94,30,153,137,82,107,103,43,23,31,76,121,
7to 11:7,9,11,15,19,21,35,39,47,57,59,76,77,82,88,94,97,101,103,105,107,109,110,112,114,123,125,126,142,147,149,156,157,160,161,162,166,171,178,180,191,197,119,78,61,193,30,144,198,38,10,137,173,132,158,131,164,93,49,200,64,63,124,152,
7to 12:4,7,8,10,13,15,20,30,39,41,45,47,48,51,62,68,76,77,86,88,92,93,97,100,101,105,107,108,110,117,122,128,132,136,139,142,147,151,157,160,161,162,163,165,182,184,191,193,119,168,153,189,61,114,94,144,197,37,169,109,65,131,158,164,72,63,149,200,118,
7to 13:4,11,12,17,21,39,41,42,45,47,54,56,60,68,78,83,84,85,87,88,92,98,100,101,106,108,109,116,117,122,126,128,129,136,140,142,145,147,148,158,163,171,177,180,183,184,186,189,191,197,10,94,30,114,193,77,37,137,26,169,132,70,93,181,23,149,164,62,
7to 14:4,7,8,9,10,11,12,17,19,26,30,38,42,48,49,50,51,54,58,59,62,67,69,76,77,79,83,85,86,87,93,98,102,103,110,115,116,122,127,132,139,141,144,146,149,153,161,168,171,174,175,177,187,194,195,196,199,165,112,192,119,94,137,123,61,78,14,107,184,140,166,147,109,169,65,6,150,158,181,31,200,
7to 15:5,7,9,11,19,21,25,35,36,37,45,46,47,50,56,58,83,86,92,93,94,97,100,102,103,104,107,108,110,114,119,122,126,128,136,139,140,144,146,154,160,163,165,177,184,185,186,190,191,195,197,199,39,61,112,77,88,10,101,30,137,14,157,82,169,158,131,63,149,49,79,
8to 1:1,3,9,16,17,22,26,27,31,41,42,43,47,49,50,56,65,69,71,72,74,82,88,90,94,98,100,101,108,119,123,125,134,135,144,145,157,165,166,180,181,182,183,184,192,195,160,193,194,191,110,37,128,186,6,33,163,76,84,154,34,176,
8to 2:11,15,27,37,39,42,43,50,51,52,55,58,66,69,84,88,90,98,103,114,120,121,135,137,141,154,164,167,170,171,176,179,181,182,183,184,187,189,119,138,161,85,38,101,126,128,166,26,100,157,17,20,33,45,158,18,73,
8to 3:8,9,10,11,14,19,25,27,31,35,37,42,43,61,62,63,66,69,80,90,94,95,98,101,105,106,110,115,118,122,128,132,136,137,144,153,157,160,168,170,172,180,181,183,185,189,199,108,123,191,56,85,26,107,46,20,186,148,134,57,
8to 4:9,10,18,27,29,42,43,46,47,49,50,58,63,80,82,87,88,92,98,100,105,108,109,114,120,122,123,130,139,141,151,153,160,170,172,174,180,181,183,186,193,199,195,191,192,161,83,178,85,101,146,166,59,55,134,73,176,152,
8to 5:9,23,28,31,34,38,40,41,43,50,56,57,65,69,75,77,80,88,93,94,95,98,99,102,114,123,130,135,144,145,149,151,166,167,172,181,182,185,188,190,193,198,199,39,138,27,195,160,170,105,15,110,37,178,101,103,148,19,109,6,96,134,159,154,117,
8to 6:2,6,8,9,14,25,26,27,33,42,47,49,51,56,57,61,62,66,69,72,94,95,98,104,105,122,126,129,145,151,153,157,166,170,173,180,181,184,185,189,192,193,195,144,194,168,108,123,119,110,38,100,101,107,146,128,109,148,186,187,163,21,55,64,159,18,76,154,48,176,117,
8to 7:6,9,10,19,23,27,30,31,43,50,54,56,57,66,69,72,81,82,84,88,94,97,98,104,110,118,122,125,129,132,137,140,144,149,157,160,168,170,171,181,188,190,193,199,108,189,123,78,15,83,128,101,26,38,85,46,109,103,163,87,76,117,152,
8to 8:
8to 9:2,6,27,31,34,38,40,47,54,61,62,63,69,71,77,82,84,88,90,93,95,97,98,101,105,111,120,130,141,144,145,153,163,164,176,182,183,185,187,189,191,194,197,199,170,119,56,193,15,110,83,100,19,85,128,167,33,196,146,157,158,21,87,49,
8to 10:7,8,9,10,25,26,34,39,43,58,61,62,65,69,81,84,85,88,94,98,102,114,120,129,137,149,153,164,165,169,170,185,188,193,195,199,192,194,168,78,27,15,11,144,38,56,37,46,20,6,186,158,64,55,76,87,48,162,
8to 11:6,9,10,31,37,43,49,58,62,63,64,66,69,72,74,88,92,95,97,98,99,101,103,118,132,137,139,144,149,158,160,166,171,172,173,176,180,187,188,189,190,193,197,198,39,27,78,199,185,15,83,191,138,85,128,107,26,109,19,82,20,157,186,59,55,84,73,154,
8to 12:7,10,17,19,31,43,46,56,62,63,65,66,69,71,74,77,80,84,85,87,88,92,93,94,95,97,104,115,123,132,144,153,158,164,166,167,172,176,179,181,188,191,197,119,161,83,110,100,107,37,26,59,163,33,49,73,159,162,48,
8to 13:2,6,8,10,11,12,15,28,33,42,43,47,50,60,61,63,66,69,71,84,98,108,110,111,114,118,121,122,124,126,137,149,151,157,160,163,165,166,167,175,179,180,181,185,187,188,189,194,195,198,138,199,123,168,56,192,74,183,83,85,158,76,57,34,117,
8to 14:3,9,10,11,12,14,17,19,26,28,34,42,47,52,54,56,58,60,62,63,64,65,69,77,80,81,88,92,96,98,99,101,103,104,114,119,120,125,132,135,137,139,144,146,149,151,153,158,164,173,175,181,183,188,191,192,199,194,170,105,85,83,193,20,109,6,134,84,57,48,176,
8to 15:2,9,10,14,17,22,28,30,34,35,41,43,47,49,58,63,71,77,78,84,88,92,94,95,97,100,101,110,114,120,127,130,132,136,145,146,158,159,163,165,168,186,187,188,189,191,199,123,138,119,74,15,144,192,160,161,105,83,122,56,193,26,85,46,134,73,96,50,154,162,117,57,
9to 1:1,6,9,17,31,32,34,45,50,54,59,64,66,69,71,84,85,88,93,94,95,108,110,111,114,121,123,128,129,131,137,138,140,144,147,150,153,154,161,165,170,171,176,190,191,192,194,197,199,15,119,183,198,193,19,82,187,120,141,175,103,12,21,35,200,73,
9to 2:7,11,12,26,27,33,38,41,55,58,61,89,96,97,102,105,110,114,119,121,123,125,128,137,138,144,145,148,153,155,170,171,172,175,178,183,186,191,193,196,197,185,15,161,198,98,69,141,146,174,19,187,35,163,31,
9to 3:11,12,14,20,26,27,31,54,57,60,62,63,64,69,80,85,88,93,105,110,111,113,121,123,127,128,135,138,140,144,145,146,148,150,153,156,159,160,164,168,171,177,178,186,196,197,39,192,170,71,189,77,193,161,183,137,136,46,19,173,175,141,21,172,35,106,130,115,
9to 4:9,11,25,27,33,38,47,56,58,59,60,65,87,88,95,102,106,113,120,121,123,125,131,137,141,144,145,150,151,153,158,164,170,172,176,178,180,182,183,192,197,189,195,85,15,198,114,19,136,156,46,82,69,173,174,146,35,157,186,21,111,53,63,73,200,
9to 5:6,14,17,19,25,26,35,36,38,45,46,50,58,59,60,61,75,80,88,92,98,103,105,110,114,116,117,119,123,125,127,131,135,139,144,148,150,152,153,165,170,174,178,199,112,192,15,94,189,137,138,161,77,37,197,183,156,69,100,140,54,129,146,157,33,90,172,31,21,34,
9to 6:2,6,14,17,19,20,25,27,31,35,36,38,41,48,53,59,64,66,69,72,77,80,86,92,95,96,103,104,105,110,114,116,117,127,128,129,131,134,139,140,148,150,151,152,153,154,161,170,171,176,178,180,187,194,196,197,195,94,56,198,120,183,100,174,146,136,12,175,186,158,21,49,28,73,
9to 7:10,11,25,26,27,35,38,41,46,48,50,54,56,69,77,84,87,88,93,95,98,102,103,108,110,114,117,123,128,129,137,144,148,158,163,164,165,171,174,182,187,190,191,197,39,112,119,15,94,194,193,82,100,19,175,156,157,45,31,111,186,145,63,200,16,106,49,
9to 8:6,10,11,15,17,19,27,38,46,48,50,58,60,64,66,69,77,80,84,87,88,95,98,101,110,114,120,123,125,128,135,137,138,140,148,152,154,158,164,166,176,182,183,191,192,196,197,195,194,189,83,185,85,193,198,141,157,173,45,21,33,186,159,63,34,115,
9to 9:
9to 10:2,10,11,14,20,31,36,44,46,48,56,58,60,61,62,63,64,65,72,77,84,88,92,93,96,98,102,103,110,113,116,121,129,138,140,146,151,153,160,161,163,165,168,172,175,180,183,186,199,39,119,71,170,192,114,120,156,100,69,158,174,111,73,16,34,
9to 11:6,9,11,20,26,31,38,46,55,60,62,64,65,71,84,88,94,98,107,110,123,128,129,137,138,141,144,145,147,151,164,170,171,173,178,186,188,189,199,165,119,112,77,56,193,82,156,19,146,157,102,54,45,90,35,111,
9to 12:9,14,26,27,31,32,33,36,37,41,45,48,56,60,65,69,84,87,88,89,93,95,96,98,109,110,112,113,119,123,128,133,134,146,152,156,163,164,170,178,180,183,186,188,197,71,15,77,10,94,198,136,141,46,120,19,187,175,167,103,12,158,35,106,145,63,53,115,16,130,
9to 13:6,11,17,25,32,34,46,50,53,57,58,60,61,63,65,66,67,80,87,92,93,95,108,110,111,113,116,117,126,131,137,140,145,148,153,158,164,167,170,180,183,190,192,193,195,199,15,77,83,197,10,198,85,136,82,174,141,19,196,187,157,33,175,146,186,45,31,21,106,49,177,16,
9to 14:6,9,10,11,14,15,37,38,41,46,47,48,54,57,58,65,77,84,88,94,98,101,105,119,123,131,135,146,147,150,151,153,159,171,174,176,180,182,183,190,191,193,196,199,192,189,195,198,161,187,175,19,90,45,181,31,63,87,177,
9to 15:10,11,15,25,32,36,41,47,50,57,58,59,63,72,77,87,89,95,97,105,110,111,114,117,129,144,145,146,151,153,156,161,165,168,170,171,172,176,177,182,186,187,192,193,198,199,39,71,94,137,37,19,183,33,102,175,45,90,35,64,16,130,
10to 1:1,8,9,15,20,23,30,39,41,54,55,58,69,71,72,74,83,84,88,94,110,121,122,126,138,141,142,144,146,149,151,160,161,165,174,183,184,185,186,190,192,193,199,22,168,170,78,61,105,153,60,43,90,44,169,35,158,17,139,172,64,86,53,154,162,18,16,24,
10to 2:11,14,15,20,23,30,39,50,58,62,65,69,86,88,96,100,103,108,113,114,119,123,129,131,138,144,151,153,159,161,163,165,175,185,186,187,192,197,198,199,22,61,168,137,188,105,8,171,98,120,128,107,146,156,196,43,44,90,181,68,70,121,143,52,155,24,
10to 3:1,5,7,20,27,31,37,41,42,43,46,50,54,56,57,67,69,73,78,92,94,95,100,107,108,110,113,121,127,129,136,137,138,141,142,144,153,159,160,162,164,167,180,183,186,197,198,58,39,165,168,191,188,178,30,105,8,88,171,128,156,148,132,173,196,139,60,90,158,53,23,68,81,24,118,
10to 4:9,14,15,18,23,25,27,30,42,50,56,60,63,65,69,74,78,83,85,87,92,94,98,102,107,108,110,114,119,121,124,126,137,138,140,141,142,153,160,162,164,170,174,186,188,191,194,198,199,165,58,22,39,195,47,37,8,116,88,120,46,169,180,31,158,131,139,76,53,181,106,115,117,
10to 5:1,9,15,23,30,31,36,37,39,41,61,69,74,78,86,92,94,96,98,100,102,107,108,114,119,123,124,127,128,129,137,140,141,153,157,161,183,185,188,190,192,193,197,198,199,165,58,168,170,77,116,105,88,85,178,120,180,113,60,158,44,169,17,172,50,18,117,24,
10to 6:5,7,8,9,14,20,21,26,30,31,36,37,41,42,69,72,77,86,92,103,107,108,112,126,127,128,130,136,138,144,146,147,149,153,156,165,170,174,179,183,185,186,192,194,197,198,58,22,168,71,188,61,116,178,105,46,11,180,17,196,158,131,49,53,154,155,104,48,
10to 7:1,10,14,15,17,26,27,30,41,46,56,67,69,78,88,94,98,100,102,108,114,119,128,129,131,140,159,161,164,175,183,184,186,188,190,194,195,197,198,199,39,165,71,137,47,170,61,110,116,107,146,103,54,126,35,181,72,158,18,64,50,25,162,48,104,118,
10to 8:7,9,10,14,20,31,34,43,63,69,74,77,87,88,95,98,102,107,110,114,122,126,128,149,151,157,159,165,168,179,181,183,191,194,198,58,39,22,123,195,47,61,37,188,103,196,54,17,146,6,158,172,60,76,25,18,48,115,154,
10to 9:9,15,17,20,21,31,34,37,39,50,56,58,67,68,69,71,72,82,102,103,106,119,121,123,129,131,134,137,141,144,151,153,159,161,165,167,168,170,183,185,186,190,193,194,197,198,112,195,192,188,191,140,178,110,116,148,46,120,54,175,35,6,64,76,48,115,
10to 10:
10to 11:9,15,20,23,26,31,43,52,54,58,61,65,67,69,74,75,77,82,84,88,93,103,114,119,128,131,138,142,146,157,185,188,190,191,192,194,195,198,199,39,47,78,71,178,107,11,116,120,156,173,17,60,172,6,86,158,139,72,53,76,115,118,
10to 12:7,9,10,14,15,22,31,36,37,39,43,46,54,55,56,58,60,61,62,63,67,69,71,74,87,92,94,95,96,97,98,100,107,138,142,144,151,153,165,168,174,175,184,188,194,198,199,112,191,78,77,27,170,105,110,185,140,113,11,44,148,172,158,70,53,200,76,68,162,104,117,
10to 13:7,9,12,14,15,20,23,37,39,41,42,43,48,52,55,56,57,61,65,67,69,71,85,92,93,94,96,98,100,108,114,119,122,123,124,128,129,134,137,138,141,142,167,175,179,180,183,186,190,192,197,199,22,165,58,47,188,78,185,8,110,113,103,120,116,126,54,158,17,169,131,50,181,18,68,53,162,117,118,
10to 14:9,12,20,34,37,47,54,55,57,62,69,74,77,78,84,87,88,92,93,100,106,116,119,122,123,138,147,153,159,161,165,168,180,184,188,190,192,193,194,198,199,22,58,171,61,85,11,120,98,107,17,103,196,148,169,6,139,181,60,64,76,104,24,48,
10to 15:5,7,14,20,26,34,36,41,42,43,48,55,56,57,58,67,71,72,83,92,93,95,96,100,102,103,114,122,123,131,134,137,138,144,153,161,170,180,183,184,186,188,193,194,197,198,199,39,165,195,78,61,171,105,116,191,140,37,126,146,46,173,31,23,84,50,200,162,
11to 1:6,7,8,11,15,20,28,39,49,55,59,60,61,65,70,71,76,85,86,100,101,108,109,110,111,114,116,118,120,125,134,142,143,149,153,154,156,161,163,180,182,186,188,191,192,193,196,199,200,94,189,185,47,77,194,144,197,107,171,82,95,19,147,157,9,72,1,29,75,
11to 2:9,10,11,15,22,26,31,35,42,43,47,48,52,53,55,60,61,62,65,66,69,71,72,86,96,98,100,119,120,123,128,132,139,153,164,183,186,187,188,189,190,191,192,196,197,199,108,137,144,27,38,178,122,185,198,151,157,131,21,68,97,13,
11to 3:10,13,23,26,27,35,36,39,42,44,58,59,65,73,78,86,88,92,101,103,107,109,111,115,118,119,120,123,125,128,129,131,137,141,143,157,158,168,171,173,178,180,186,188,191,193,196,197,199,108,112,94,136,198,19,54,20,169,72,68,142,29,
11to 4:7,10,11,13,18,19,26,27,31,35,43,44,46,47,49,55,56,58,59,65,66,71,73,78,83,88,92,98,100,105,107,114,118,119,124,137,138,141,153,157,158,164,170,172,178,180,186,188,192,195,196,200,112,199,74,108,144,189,30,191,193,140,95,136,173,54,12,169,67,142,
11to 5:6,9,11,13,15,26,28,31,38,39,55,61,65,72,77,78,86,88,92,93,94,96,98,101,103,110,117,118,123,134,139,144,154,172,178,183,190,192,195,197,199,58,160,119,108,161,193,114,137,30,191,185,107,136,198,129,140,43,157,196,173,90,45,79,
11to 6:6,7,22,38,44,48,49,57,59,60,65,76,88,93,109,110,112,117,119,126,129,138,146,149,154,163,170,171,174,179,180,182,185,186,187,190,192,193,195,165,58,92,194,191,108,78,95,166,178,196,82,19,20,173,157,9,172,72,45,75,
11to 7:9,13,15,19,20,26,30,31,35,38,39,43,58,59,61,69,78,83,87,88,98,103,108,114,116,117,119,123,125,129,131,137,145,149,150,154,161,163,164,187,188,198,200,160,27,94,199,191,193,197,10,144,8,185,37,82,184,157,95,147,136,45,21,173,12,
11to 8:6,7,9,10,11,17,19,20,22,26,27,30,46,47,57,58,65,66,69,83,88,94,98,108,109,115,119,124,126,138,139,144,149,154,157,159,169,170,172,174,176,183,188,189,194,195,196,198,199,193,8,137,77,82,129,173,95,12,151,132,90,72,64,
11to 9:6,11,15,19,20,28,31,35,38,47,53,57,60,67,71,83,86,93,95,102,103,105,106,110,114,125,137,141,144,153,164,171,173,174,176,178,182,185,186,187,190,191,192,193,199,39,119,160,189,138,112,27,194,77,98,146,43,172,55,12,45,21,131,36,64,73,
11to 10:15,31,37,39,42,46,55,57,58,60,61,67,69,71,78,85,86,88,92,94,98,108,112,116,124,128,139,142,149,161,164,168,169,170,174,180,183,188,190,191,194,197,199,165,27,160,193,198,8,30,140,54,9,12,70,131,90,72,36,75,
11to 11:
11to 12:3,7,9,11,20,26,27,30,42,43,46,53,56,57,58,62,65,73,77,78,86,92,93,98,101,110,115,118,119,123,124,136,141,142,145,156,161,163,164,169,172,183,191,198,165,94,178,10,185,184,129,95,109,147,54,45,59,68,67,13,133,75,
11to 13:6,7,9,10,11,13,15,19,20,22,26,28,30,31,44,47,58,65,66,67,73,83,86,87,94,101,102,108,109,116,117,119,123,126,129,137,142,149,158,170,180,186,188,192,193,199,189,74,138,27,56,77,185,128,95,136,107,60,12,157,45,
11to 14:6,7,9,10,11,22,26,31,35,38,42,44,48,53,54,58,59,61,62,65,69,78,86,88,94,98,103,106,109,112,119,125,136,138,139,147,149,156,161,164,171,180,182,183,188,192,193,194,195,196,199,165,160,47,92,8,191,198,185,144,178,114,184,82,19,60,157,169,68,
11to 15:9,20,23,26,28,30,31,35,39,44,49,55,58,60,61,65,67,70,71,74,86,87,94,96,100,108,116,117,118,119,120,123,124,126,153,156,161,168,169,170,171,176,178,182,183,186,187,189,193,197,165,199,92,112,144,56,185,114,184,129,128,82,54,95,157,19,90,132,45,131,64,68,13,36,
12to 1:2,9,10,16,19,20,35,41,42,43,45,54,56,60,61,69,77,82,83,86,92,94,95,105,114,122,124,132,133,142,151,156,160,161,162,186,189,192,193,200,119,199,188,71,74,194,15,110,8,120,141,109,167,147,55,66,169,17,65,70,145,1,118,182,
12to 2:10,12,14,15,26,27,30,31,42,43,53,63,66,68,69,74,78,82,84,86,89,94,95,98,105,113,119,128,132,133,144,146,153,156,157,158,163,164,167,172,176,183,185,188,196,198,138,110,197,166,11,151,103,175,109,141,41,169,174,147,17,96,145,106,13,159,
12to 3:5,7,8,12,14,15,19,20,22,26,30,33,36,37,42,44,46,54,56,57,58,59,60,71,73,77,80,88,92,94,105,110,113,116,119,123,128,136,144,153,158,159,160,165,167,169,181,183,187,189,190,191,196,197,198,199,27,168,188,185,11,107,98,120,147,41,150,131,164,106,133,1,118,
12to 4:2,10,11,15,20,30,38,41,46,47,53,54,58,60,63,65,66,69,73,78,80,88,92,94,101,107,108,113,114,122,125,128,132,136,145,146,147,152,153,158,159,160,162,165,166,169,170,172,186,189,192,194,198,200,138,74,27,105,191,8,188,98,110,85,167,141,19,140,156,175,17,150,68,164,7,13,118,
12to 5:9,10,11,12,14,28,30,31,34,38,39,40,41,43,51,56,60,69,78,79,80,82,92,94,95,100,101,105,113,114,116,123,124,125,128,129,130,133,134,136,141,144,147,153,156,157,158,161,163,165,170,172,180,190,198,22,185,199,74,195,138,119,8,110,178,85,151,109,169,174,102,139,53,145,150,106,
12to 6:5,7,9,12,15,19,20,21,32,37,38,45,47,48,53,56,58,71,78,88,92,100,114,116,119,120,122,124,125,129,130,134,146,148,153,156,158,159,162,163,167,169,170,174,178,179,180,181,183,184,189,192,196,197,198,27,195,194,8,110,95,166,59,17,66,150,145,182,13,89,
12to 7:20,24,26,30,31,33,35,38,41,44,46,54,56,61,68,69,71,77,86,87,88,100,101,103,112,114,119,120,123,128,129,132,136,144,147,152,153,158,160,162,163,165,166,183,197,198,200,191,27,110,94,178,184,11,156,98,113,175,109,141,174,43,139,70,164,159,93,145,1,
12to 8:2,7,9,11,15,28,33,34,38,40,43,51,54,56,63,69,73,78,84,88,92,101,105,119,122,125,128,129,136,144,145,146,149,158,160,164,166,168,170,174,185,187,188,190,196,94,191,27,110,194,107,198,183,175,109,55,96,106,66,117,176,3,
12to 9:10,11,20,21,27,28,31,33,35,38,40,41,43,47,49,53,54,56,59,63,68,73,84,86,87,94,106,128,136,144,146,151,153,156,157,158,163,164,168,170,175,187,189,199,200,138,15,71,105,198,178,110,197,183,98,141,174,102,111,55,145,159,176,182,117,
12to 10:7,9,31,34,39,43,46,53,54,58,60,68,69,70,74,76,84,86,87,92,94,100,105,106,110,113,120,123,129,132,142,144,153,156,158,159,161,162,163,164,170,172,174,180,181,183,185,190,198,119,61,71,191,8,168,178,85,184,98,197,107,11,167,147,103,17,151,41,131,65,96,25,1,89,
12to 11:10,13,15,20,26,27,28,38,39,43,44,59,60,78,82,86,90,92,105,112,116,118,119,123,124,125,129,142,144,146,147,153,156,157,158,159,161,162,164,168,172,176,183,185,187,194,198,199,110,191,178,188,71,37,151,175,166,169,109,131,7,65,96,117,
12to 12:
12to 13:2,4,7,10,15,24,27,28,31,32,41,42,43,45,47,48,53,54,56,57,67,69,73,74,77,84,94,96,101,106,113,118,120,122,124,129,136,141,142,153,156,157,158,159,160,162,164,165,167,177,184,185,187,189,22,194,188,197,85,8,183,11,83,110,198,98,17,147,169,111,66,145,
12to 14:2,8,19,28,31,37,38,39,42,48,51,53,56,57,60,61,63,69,78,80,86,92,94,95,98,101,103,113,119,122,132,136,147,157,161,164,169,171,176,177,180,183,189,192,195,196,74,191,153,188,15,110,85,11,141,26,198,109,46,184,41,151,55,17,150,159,182,3,89,117,
12to 15:5,7,10,15,19,20,27,28,30,32,38,41,42,43,45,46,48,54,56,57,58,59,61,71,83,86,88,92,119,120,122,123,129,130,132,140,149,157,162,165,167,169,170,172,179,180,181,183,187,190,193,198,199,138,195,191,168,185,197,11,37,110,178,103,174,151,17,65,139,70,145,106,182,104,176,118,
13to 1:6,8,12,15,16,17,23,24,26,32,35,36,42,43,45,49,53,55,56,57,59,65,66,74,76,78,83,84,88,94,95,98,105,108,114,116,118,119,123,129,141,142,147,149,153,157,160,168,169,173,180,181,182,183,189,194,198,22,185,110,120,69,100,156,82,174,20,60,134,186,131,111,124,
13to 2:8,15,17,18,22,24,37,41,46,49,52,54,56,61,66,68,83,85,88,94,96,105,116,120,123,137,139,141,146,147,157,160,164,166,167,170,171,174,175,179,184,189,199,165,108,74,10,185,110,153,100,156,197,126,11,19,183,103,82,26,136,12,60,186,43,158,172,102,23,42,4,155,
13to 3:7,8,14,15,19,20,24,27,37,41,42,44,46,49,53,56,57,67,71,77,80,81,85,92,94,101,108,113,118,119,120,123,128,131,137,141,142,147,148,153,157,160,170,172,173,180,181,184,189,191,192,199,165,22,138,74,10,110,197,185,122,183,83,11,116,95,187,66,60,158,169,23,111,84,124,5,62,
13to 4:7,9,27,29,30,33,41,42,44,46,47,53,55,59,73,74,78,80,83,85,92,94,95,101,106,109,111,114,115,118,122,126,136,137,141,142,145,149,156,157,159,162,166,170,175,178,179,180,189,192,197,199,108,138,15,195,10,56,153,183,116,100,128,167,174,43,102,60,151,186,65,70,23,172,66,84,87,177,
13to 5:6,14,15,20,22,24,30,31,33,37,43,45,46,54,55,56,57,59,65,71,74,78,92,93,94,95,98,101,108,113,114,117,118,123,128,129,136,137,138,139,148,149,157,160,169,172,174,178,180,181,183,188,192,193,165,11,110,77,26,116,197,69,107,82,151,126,158,12,60,23,70,134,131,121,50,18,28,5,
13to 6:8,12,14,15,18,20,21,25,28,33,44,49,54,55,56,57,67,71,77,78,93,95,98,100,104,108,122,123,131,134,147,148,149,158,162,163,166,169,170,181,182,183,187,194,197,22,189,47,185,74,153,110,138,11,69,116,82,128,167,174,156,180,126,60,6,87,66,2,70,124,179,84,62,5,24,
13to 7:5,8,9,14,15,17,19,20,21,33,35,45,49,57,61,63,68,80,83,87,92,94,98,101,104,108,110,111,114,116,119,122,123,126,128,136,137,140,145,149,150,156,163,166,170,171,174,175,177,181,188,193,198,165,74,197,11,56,10,107,54,82,6,102,132,43,186,62,42,121,24,34,81,
13to 8:7,8,9,11,14,15,21,27,30,41,43,45,46,55,56,57,63,65,66,71,73,74,76,80,85,88,94,96,108,110,115,117,119,129,132,136,138,139,141,145,146,159,160,163,165,166,170,173,175,180,181,184,186,189,192,198,199,194,185,123,10,197,183,98,95,107,69,167,120,103,151,20,59,6,149,42,87,50,62,4,81,
13to 9:21,25,27,30,35,41,45,46,55,59,60,63,73,83,85,93,94,95,98,100,110,114,115,117,119,123,126,131,134,137,138,141,157,158,159,163,164,168,174,175,177,179,180,181,182,189,192,108,15,153,77,197,198,116,11,156,167,183,54,151,20,12,186,2,84,50,62,
13to 10:5,8,11,17,21,25,39,41,46,55,63,68,71,74,78,83,88,94,108,111,114,116,117,129,139,142,147,148,153,157,158,159,162,163,164,170,173,179,188,192,198,165,123,47,15,56,185,168,138,77,197,98,107,126,156,174,60,44,180,172,23,62,24,
13to 11:7,15,19,20,30,37,46,53,55,58,60,64,68,74,76,77,78,83,84,88,93,94,95,101,110,111,115,117,123,126,128,129,137,138,141,142,157,158,159,162,163,169,175,179,180,184,186,188,198,199,185,153,10,197,47,26,69,98,116,103,43,67,65,66,124,62,4,
13to 12:5,7,8,10,13,14,15,17,19,20,21,27,30,32,33,41,45,46,53,54,63,65,68,71,77,78,80,83,94,100,104,108,109,113,116,117,118,119,123,129,134,141,145,146,156,157,160,162,163,164,165,166,177,179,181,184,186,22,168,74,47,188,69,110,98,56,183,11,37,198,95,128,43,151,174,180,60,169,158,12,93,87,42,
13to 13:
13to 14:5,6,9,12,15,17,19,24,26,41,46,55,56,60,65,67,74,78,80,85,93,94,100,104,113,114,117,123,136,139,153,158,164,165,168,173,179,182,184,188,194,199,58,47,192,77,11,185,83,116,37,54,98,196,103,180,96,131,23,28,50,84,18,62,177,81,
13to 15:7,8,9,13,15,17,20,22,25,26,30,33,37,44,45,56,58,59,77,78,80,85,87,88,93,94,101,108,111,114,118,119,120,122,126,129,134,136,137,138,156,157,160,163,165,167,169,170,171,174,182,188,189,71,197,47,110,10,100,198,95,183,128,158,151,172,60,186,132,179,2,149,5,
14to 1:1,2,3,6,8,9,17,19,23,24,32,34,41,42,49,50,55,56,64,69,72,76,83,88,92,97,101,103,105,107,109,114,119,120,122,125,131,134,135,139,147,156,157,161,174,175,182,183,185,191,195,196,199,200,22,58,192,112,47,168,138,194,38,171,113,184,151,169,86,90,67,149,
14to 2:12,19,24,33,35,55,56,60,61,78,83,84,95,101,106,114,115,116,120,121,123,125,132,135,137,146,147,150,151,153,156,161,165,167,176,182,183,185,188,189,193,199,58,170,138,30,85,38,11,184,14,196,41,46,187,109,90,6,131,86,63,127,51,28,
14to 3:1,5,11,19,24,31,33,42,44,54,56,60,61,64,69,77,80,88,92,98,101,106,109,114,119,120,137,139,140,141,146,160,164,165,166,173,183,184,185,188,189,191,192,199,112,58,123,10,138,168,30,83,122,14,105,46,136,20,113,187,41,147,181,67,135,127,177,
14to 4:7,8,12,15,17,19,26,30,38,42,46,49,53,54,55,58,59,60,63,65,68,69,78,80,85,92,94,97,98,101,102,105,116,117,119,120,125,136,137,139,146,147,149,153,156,157,159,165,166,174,177,178,180,182,183,195,196,199,200,112,194,47,191,83,74,88,107,11,141,122,198,100,95,113,109,9,132,41,44,164,181,87,67,145,130,127,135,
14to 5:8,9,12,14,15,17,24,26,28,31,35,43,51,55,60,69,77,78,80,88,92,97,101,103,106,109,117,120,125,131,134,135,136,149,151,153,156,157,166,167,178,180,182,183,185,188,191,193,195,196,198,58,192,39,161,194,119,30,107,11,141,95,41,46,90,169,45,175,93,87,127,130,99,
14to 6:2,5,6,7,8,9,11,17,19,24,31,44,48,49,52,58,61,67,69,71,76,92,101,103,104,115,117,119,125,139,146,153,159,165,175,179,180,183,185,189,192,195,112,74,78,171,194,191,85,122,137,198,184,95,166,109,136,41,169,20,148,163,93,181,149,127,
14to 7:1,8,10,11,12,15,19,50,55,63,69,71,84,86,88,98,101,102,103,106,114,117,119,136,137,147,149,150,153,156,164,165,169,175,178,184,186,188,193,195,200,112,168,61,47,123,192,171,78,194,161,122,30,95,41,54,172,109,9,45,87,
14to 8:6,8,10,12,15,19,30,35,43,46,47,50,55,56,64,78,81,88,92,98,101,106,114,119,122,123,125,151,165,176,179,180,182,183,184,186,188,193,199,168,192,94,194,138,171,100,85,187,109,163,17,172,9,131,181,111,145,84,127,149,
14to 9:6,12,15,19,31,32,35,36,45,47,48,49,55,56,60,61,69,72,80,84,85,88,97,98,101,102,105,107,112,114,116,123,127,138,139,146,150,153,159,165,167,176,178,180,182,183,189,192,194,196,58,94,137,171,198,161,26,141,151,95,54,41,46,175,181,172,64,130,135,
14to 10:1,7,8,9,11,12,15,17,18,23,30,36,41,46,48,54,56,60,61,65,69,81,83,92,94,98,103,112,113,114,127,133,147,159,160,161,165,169,173,176,178,180,184,185,195,199,58,39,192,168,191,188,105,137,198,14,107,116,187,175,132,163,67,80,84,115,
14to 11:6,7,9,11,17,19,23,30,31,35,37,38,39,44,46,47,49,55,59,60,65,67,71,77,78,92,94,95,99,101,105,114,119,120,123,125,139,146,147,153,159,165,178,183,184,186,188,189,191,193,194,199,58,192,122,196,169,163,187,45,86,131,64,28,
14to 12:7,10,12,19,24,31,32,46,48,49,51,53,54,58,59,60,62,63,69,77,78,84,88,92,98,106,109,110,112,113,117,119,138,146,147,153,156,167,178,183,184,185,186,123,194,192,94,38,191,30,198,11,166,151,187,45,41,90,181,86,111,131,130,80,
14to 13:6,7,8,12,17,30,34,42,45,47,48,55,56,60,61,69,76,84,98,106,109,113,114,117,120,121,122,123,134,136,138,146,147,153,156,157,158,159,165,179,180,183,184,186,192,193,198,199,194,191,94,116,171,26,105,141,11,46,14,100,166,41,20,44,172,115,4,
14to 14:
14to 15:2,5,7,11,14,19,24,26,30,32,36,37,42,45,48,49,54,55,56,72,79,85,86,92,95,101,102,104,106,107,112,117,119,120,122,138,151,157,159,161,171,176,178,180,182,183,185,188,191,195,199,58,22,192,194,137,123,47,100,136,184,20,163,172,169,9,44,90,130,87,
15to 1:10,11,17,19,34,37,39,41,43,54,55,58,61,65,72,82,86,88,90,95,110,111,114,120,132,135,137,140,143,153,154,157,159,162,166,167,168,169,172,173,175,176,183,186,189,191,194,195,92,123,47,138,119,71,108,15,83,56,94,161,144,101,146,156,196,45,147,2,93,97,57,182,32,
15to 2:10,19,22,35,42,43,52,58,65,66,68,83,85,86,87,88,90,95,100,108,110,114,116,123,126,132,151,154,160,165,168,172,181,192,193,195,199,39,119,61,47,171,56,170,71,144,197,103,156,146,174,196,45,96,36,139,50,16,97,48,182,4,104,89,
15to 3:9,11,14,20,27,31,35,39,41,42,44,60,61,65,72,73,77,85,90,105,106,111,113,114,116,120,122,123,128,130,131,135,136,137,138,143,160,165,168,169,172,178,183,185,186,58,112,92,144,71,171,10,170,78,101,8,46,103,129,146,132,45,23,93,104,57,80,4,
15to 4:11,17,19,22,26,27,35,42,46,47,56,58,65,66,68,70,73,83,87,88,94,95,107,111,112,113,114,120,122,128,131,132,138,140,145,156,157,160,162,165,172,176,179,180,181,182,186,189,194,198,199,92,144,108,171,78,178,10,146,196,151,147,45,55,2,50,84,127,159,25,18,97,
15to 5:5,9,11,14,25,26,28,36,37,39,43,45,58,75,90,93,94,105,107,110,112,120,123,128,136,137,148,154,157,158,160,161,166,168,169,172,178,180,183,185,190,192,199,92,71,78,144,30,15,61,197,122,184,101,196,156,20,95,174,102,139,55,149,50,130,97,79,182,57,104,117,
15to 6:2,5,7,14,17,20,25,28,36,38,41,42,44,46,47,56,58,59,61,64,72,77,79,86,87,93,95,98,100,107,110,120,123,126,128,131,136,140,144,148,154,156,162,165,168,169,170,174,175,176,178,180,183,184,186,187,193,112,92,119,8,197,138,122,78,26,146,151,129,33,23,139,96,84,134,97,179,4,48,89,
15to 7:8,9,11,15,17,19,20,24,25,35,37,38,39,42,45,46,48,54,55,56,63,79,80,82,92,96,102,111,116,122,126,128,136,137,138,139,145,146,154,156,158,160,161,162,163,165,175,181,184,185,186,189,190,193,194,199,112,123,58,144,10,170,114,78,26,183,129,174,103,132,147,93,97,149,200,127,177,4,
15to 8:2,5,8,9,11,27,30,31,42,43,45,48,50,55,56,58,63,72,85,87,94,95,100,102,108,114,126,132,138,140,145,146,151,154,160,169,170,173,174,181,182,186,191,193,194,198,199,39,92,123,71,144,83,105,88,10,183,26,166,157,139,149,84,97,179,57,
15to 9:11,19,21,25,27,30,33,35,36,38,46,47,48,50,55,63,70,72,77,82,88,91,96,98,100,106,110,112,114,126,128,137,138,144,145,163,165,173,174,183,189,199,15,10,123,71,161,197,26,178,95,103,146,45,102,23,139,159,84,97,80,200,177,104,182,
15to 10:2,5,8,14,17,25,31,36,37,44,47,50,54,56,58,63,64,71,72,78,83,92,95,100,105,107,108,111,113,114,120,123,126,131,136,137,138,140,142,153,156,158,161,162,163,169,172,174,183,184,185,186,188,199,39,119,15,170,144,171,88,129,148,147,102,96,159,93,139,130,97,117,
15to 11:9,10,11,39,45,46,58,68,72,77,78,79,86,90,94,96,107,111,114,120,122,123,126,131,137,138,142,143,145,156,161,162,169,178,179,186,190,191,193,199,92,119,47,71,15,74,83,88,26,95,146,103,132,147,20,159,149,
15to 12:7,9,10,13,14,27,36,37,39,41,42,46,54,55,56,63,65,71,73,79,86,90,94,100,105,110,113,116,128,133,136,139,142,145,153,159,161,162,163,183,184,185,194,199,58,160,92,78,138,171,30,77,101,26,178,156,20,157,147,146,132,102,134,45,96,177,130,117,32,
15to 13:2,7,9,11,24,25,26,32,34,39,41,42,47,55,56,58,73,87,92,94,95,98,100,105,108,113,114,116,120,124,128,131,132,137,138,140,142,145,153,157,160,162,170,173,181,185,186,189,192,193,194,195,165,71,8,10,183,101,83,156,126,184,33,102,20,146,45,158,159,67,50,179,93,57,
15to 14:8,9,11,14,17,28,35,38,41,50,52,55,56,60,80,83,86,94,95,97,98,105,106,107,110,119,120,123,136,137,145,153,159,161,165,169,171,175,176,181,182,183,184,185,191,192,193,194,195,198,58,92,112,138,78,61,30,10,146,100,174,103,187,147,132,134,139,2,135,84,127,104,48,
15to 15:

cell1:10,12,5,9,4,8,11,14,3,15,13,2,7,6,
cell2:10,5,3,14,6,9,12,8,7,13,15,11,4,1,
cell3:10,7,2,14,13,4,8,11,15,1,12,5,9,6,
cell4:1,12,13,5,15,3,2,11,6,10,14,9,8,7,
cell5:15,8,3,9,4,11,1,12,7,10,2,13,6,14,
cell6:5,14,7,3,8,10,15,2,4,1,13,11,9,12,
cell7:2,10,4,14,1,15,9,3,13,12,6,8,11,5,
cell8:13,5,15,11,3,7,9,4,2,10,6,12,1,14,
cell9:5,11,10,3,2,7,8,1,15,14,4,13,6,12,
cell10:15,4,8,5,9,3,6,13,12,14,11,2,7,1,
cell11:14,13,5,7,6,4,9,2,1,10,15,8,3,12,
cell12:5,13,10,4,11,1,15,14,7,8,9,6,3,2,
cell13:10,12,4,2,3,9,6,11,1,15,14,8,7,5,
cell14:1,7,10,15,3,5,9,6,13,12,4,2,11,8,
cell15:11,8,1,3,7,14,10,12,6,2,13,4,5,9,
