machine1:0,99,125,41,154,86,72,186,55,36,98,158,137,12,169,180,123,1,129,3,199,156,152,30,157,43,200,8,82,160,58,111,45,121,119,17,56,101,194,165,47,166,26,144,147,64,168,105,171,175,122,15,22,29,174,54,192,78,35,50,6,181,77,83,195,150,114,33,61,95,28,
machine2:0,162,102,7,154,86,72,186,170,118,55,34,68,12,169,1,2,149,108,38,124,156,30,11,73,200,132,49,82,58,42,121,85,119,110,153,142,112,56,194,165,146,193,166,148,109,147,64,187,168,198,20,126,175,60,182,94,15,22,54,192,6,44,83,197,37,120,19,114,151,133,141,113,95,189,18,
machine3:0,115,7,41,86,172,170,24,55,48,16,185,169,123,2,135,69,108,156,30,73,176,200,132,82,160,32,85,173,53,119,110,17,194,165,10,65,188,193,138,184,148,144,128,92,168,105,175,182,167,29,52,51,192,59,191,76,116,163,140,161,127,77,97,27,195,151,33,141,61,113,93,95,28,189,
machine4:0,145,131,57,91,154,72,90,134,190,118,9,88,36,185,137,123,135,69,84,159,183,124,43,8,132,160,42,32,106,67,119,110,17,21,47,65,164,138,166,26,109,128,92,20,171,79,122,94,22,143,167,51,107,59,116,71,31,161,74,103,77,197,37,120,19,70,189,
machine5:0,75,41,86,90,139,134,190,170,89,9,34,98,180,123,2,129,62,69,159,199,11,23,63,200,8,132,49,58,39,111,66,17,153,101,65,148,144,109,147,92,168,198,105,171,60,94,15,167,174,100,191,76,78,163,35,140,161,74,103,83,37,195,19,178,114,133,141,196,28,
machine6:0,145,115,155,86,170,55,185,68,136,12,2,135,183,38,156,157,43,176,8,132,49,42,46,173,119,153,165,10,146,179,26,144,109,14,187,96,198,60,22,143,52,81,107,100,116,50,44,74,127,27,197,178,151,33,141,196,
machine7:0,102,125,7,154,172,190,89,55,68,158,13,12,169,123,129,62,149,69,84,183,108,38,156,11,73,176,82,42,39,111,46,66,110,153,56,21,47,65,164,188,138,166,147,20,105,171,175,122,60,29,52,192,191,35,140,31,161,97,83,120,150,178,114,151,141,61,95,28,189,
machine8:0,131,7,154,86,139,89,48,88,16,185,13,137,108,199,38,30,11,157,23,8,132,160,58,121,85,173,119,110,17,153,56,165,188,193,138,166,26,109,14,128,92,187,96,126,122,94,15,143,167,51,174,107,100,59,78,116,163,6,181,197,195,120,19,114,33,70,61,189,
machine9:0,99,155,41,86,80,186,90,4,139,9,98,185,13,12,180,62,69,159,183,108,38,30,73,43,176,42,106,45,66,119,101,10,146,164,193,138,144,187,168,198,105,126,171,122,182,15,52,174,107,191,35,31,161,103,150,33,133,61,196,113,87,
machine10:0,75,102,145,115,7,41,86,72,186,90,4,104,24,55,68,158,137,123,1,135,69,108,199,30,11,73,43,200,8,82,42,45,66,119,110,17,142,21,47,10,164,117,184,166,148,144,128,92,198,175,15,22,167,51,54,71,35,50,181,77,97,120,19,33,141,61,196,189,18,
machine11:0,162,131,125,41,154,170,24,36,98,68,158,137,2,159,199,11,23,43,63,8,58,106,39,46,121,53,119,110,56,165,47,146,188,138,166,144,14,96,126,122,182,94,15,22,100,163,71,161,74,127,103,97,27,197,37,195,150,178,141,196,113,95,87,
machine12:0,102,131,40,125,41,25,57,91,72,186,90,4,172,139,190,170,104,9,88,36,98,185,68,158,137,136,12,169,180,123,1,135,129,62,69,84,159,183,108,199,38,124,156,152,30,11,157,23,43,63,8,49,130,160,58,42,32,106,39,111,46,45,66,121,85,67,173,53,119,110,112,56,101,21,194,47,10,146,65,164,188,193,138,166,148,26,144,147,14,128,92,64,187,168,177,198,20,105,171,175,122,60,94,22,143,29,81,107,54,192,100,59,191,78,35,140,6,31,44,74,181,127,103,77,83,27,197,37,120,19,150,178,33,70,133,141,196,113,93,95,28,189,
machine13:0,162,145,115,131,155,125,7,57,86,72,80,186,90,134,190,170,118,24,55,88,98,185,68,158,13,137,136,12,169,123,1,2,135,129,62,69,159,183,108,199,156,152,11,157,73,23,43,63,8,132,49,130,160,58,42,32,106,39,111,46,66,85,67,173,119,110,17,153,142,112,101,21,194,165,10,65,164,179,193,138,184,166,148,144,109,147,14,128,92,168,20,105,171,79,122,60,15,22,143,167,52,174,107,54,192,100,59,191,78,116,163,71,35,50,31,161,44,181,127,77,97,83,27,197,37,195,19,150,114,141,61,196,5,113,93,95,189,
machine14:0,162,102,145,115,131,40,125,7,41,25,57,80,186,90,134,170,55,88,158,13,137,136,12,169,180,123,149,69,84,159,183,108,199,38,124,156,152,30,11,157,73,23,43,63,200,8,132,49,82,130,160,58,42,32,39,111,46,45,85,67,173,53,119,17,153,142,112,56,101,21,194,165,47,10,146,65,164,117,179,188,138,166,148,26,144,109,128,92,168,177,126,171,175,182,94,15,22,167,174,107,192,100,59,191,76,78,116,35,50,140,31,161,44,74,181,97,83,27,197,37,195,120,19,150,178,114,151,70,133,141,196,113,95,189,18,87,
machine15:0,102,145,40,155,125,7,41,91,72,80,186,172,139,170,118,55,9,88,98,68,158,137,136,12,169,180,2,135,62,69,159,183,108,199,38,124,156,152,30,11,157,73,176,8,160,58,42,106,111,46,66,121,85,67,173,119,110,17,153,142,112,56,101,194,47,10,65,188,193,138,166,144,109,147,14,92,168,198,20,105,79,122,60,94,15,22,167,29,174,107,54,192,100,59,191,78,116,71,35,140,31,161,44,74,181,127,83,27,197,195,120,19,178,114,151,33,70,141,5,113,95,189,18,87,
machine16:0,99,75,102,131,40,125,91,86,90,172,139,134,190,170,55,36,98,185,158,13,137,136,12,169,180,123,129,69,159,108,38,124,30,11,157,23,43,8,132,82,130,160,58,106,39,46,66,85,173,53,119,110,17,153,142,101,21,194,165,65,138,148,26,144,109,147,14,92,168,20,105,126,79,122,60,94,15,22,51,174,107,54,192,191,78,116,71,50,140,31,44,74,103,77,83,197,37,178,114,151,33,70,133,61,196,5,113,93,95,28,18,
machine17:0,99,75,40,125,41,154,186,90,172,139,134,170,118,104,24,55,9,88,34,36,185,158,137,136,169,180,123,135,129,149,69,183,108,199,156,30,11,157,43,160,58,42,106,39,46,45,121,53,119,110,153,56,101,10,146,65,117,179,188,193,184,166,92,187,96,198,105,126,79,175,122,60,182,94,15,22,167,107,54,192,100,116,163,71,35,50,140,31,161,44,181,77,83,27,197,195,120,19,150,178,70,61,5,93,95,18,87,
machine18:0,145,40,41,25,57,91,154,72,80,186,90,139,134,190,170,104,9,88,16,185,158,137,136,123,1,129,149,183,108,199,38,124,156,152,30,11,157,43,8,82,130,160,58,46,45,121,119,110,153,112,56,101,194,165,10,65,117,188,193,166,26,144,109,14,128,92,168,198,15,29,51,174,107,192,100,59,191,78,35,50,140,6,31,161,74,181,127,103,77,97,27,197,37,195,120,150,178,114,151,33,141,61,196,113,93,95,28,189,18,
machine19:0,162,75,145,115,131,125,7,41,57,91,86,72,80,186,4,139,170,24,89,48,9,88,16,36,98,185,68,13,136,12,169,180,123,1,2,135,129,62,149,84,159,183,3,108,38,124,156,152,11,157,73,23,8,82,130,160,58,42,32,39,46,66,85,67,53,119,17,153,112,56,21,194,165,47,146,117,179,188,193,138,184,166,148,144,109,147,14,92,64,187,168,198,105,126,171,175,122,60,94,22,167,51,174,107,54,192,100,59,191,76,78,116,71,35,6,161,44,74,181,103,77,97,27,197,37,195,19,150,178,151,33,61,5,93,95,189,18,87,
machine20:0,75,145,40,155,125,7,41,25,91,154,72,186,90,4,172,134,190,170,104,55,48,9,88,36,158,13,137,136,12,180,129,62,69,159,183,108,38,124,156,152,30,11,157,176,8,49,82,160,58,32,39,46,45,66,121,85,173,53,119,110,17,153,112,56,101,21,194,165,47,10,146,65,164,179,188,193,138,184,166,148,26,144,109,14,128,92,96,168,198,20,105,126,171,79,175,122,60,182,94,15,22,167,29,52,51,174,192,100,59,191,78,116,163,140,6,31,74,181,127,103,77,97,195,120,150,178,114,151,70,196,113,95,28,189,87,
machine21:0,99,162,102,145,115,131,40,155,125,7,41,25,57,154,86,72,80,186,4,172,139,190,170,118,104,24,55,48,9,88,34,16,36,98,185,68,158,13,137,136,12,169,180,123,1,129,62,149,69,84,159,183,108,199,38,124,156,152,30,11,157,73,23,43,63,200,8,132,49,82,160,58,42,32,106,39,111,46,45,66,121,85,67,173,119,110,17,153,142,112,56,101,21,194,165,47,10,146,65,164,117,188,193,138,184,166,148,26,144,109,147,14,128,92,64,187,96,168,177,198,20,105,126,171,79,175,122,60,182,94,15,51,174,81,107,54,192,100,59,191,76,78,116,163,71,35,50,140,6,31,161,44,74,181,127,103,77,97,83,27,197,37,195,120,19,150,178,114,151,33,70,141,61,196,5,113,93,95,189,18,87,
machine22:0,99,162,75,102,145,115,131,40,125,7,41,25,57,154,72,80,186,90,4,172,139,134,190,170,118,104,55,48,9,88,34,16,98,185,158,137,136,12,169,180,123,1,2,135,129,62,149,69,84,159,183,3,108,199,38,124,152,30,11,157,73,23,43,63,176,8,132,49,82,130,160,58,42,106,39,111,46,45,66,121,85,173,119,110,17,153,56,101,21,194,165,47,10,146,65,164,117,179,188,193,138,184,166,148,26,144,109,14,128,92,64,187,96,168,198,20,105,126,171,175,122,60,182,94,15,22,167,29,52,51,174,81,107,54,192,100,59,191,76,78,163,71,35,50,140,6,31,161,74,181,127,103,77,97,83,27,197,37,195,120,19,150,178,114,151,33,141,61,196,5,93,95,28,189,18,87,
machine23:0,145,155,41,25,57,90,172,190,170,88,16,98,158,137,12,129,62,69,84,183,108,38,156,152,30,11,157,23,63,176,82,58,32,111,46,45,121,85,53,119,110,17,153,56,47,146,138,148,26,14,128,187,96,168,198,20,105,171,175,60,15,167,107,54,192,59,191,76,116,71,35,140,31,161,103,77,27,197,37,120,19,150,114,151,70,141,61,113,95,28,189,87,
machine24:0,75,102,145,115,40,7,41,25,86,186,90,172,134,104,89,55,48,9,88,34,36,98,68,158,137,136,180,123,2,135,129,69,84,159,183,108,199,38,156,11,157,73,43,63,176,200,49,82,130,160,106,39,111,46,45,66,121,85,67,173,53,119,153,112,56,101,21,194,165,47,10,146,65,164,117,179,188,193,138,148,26,144,147,64,187,96,177,198,171,175,182,94,15,167,54,59,191,163,71,35,50,140,6,31,44,77,97,83,27,197,120,19,150,114,33,141,61,93,95,28,189,
machine25:0,102,145,131,125,41,91,154,72,80,186,139,190,170,104,88,34,98,185,158,136,12,180,1,129,84,159,183,199,38,11,73,63,176,200,49,58,32,111,119,110,153,112,21,194,165,146,193,138,166,144,109,128,92,187,168,177,198,20,105,126,79,175,60,182,94,15,167,174,54,192,100,163,71,35,50,140,6,161,181,127,103,77,27,197,195,120,19,150,178,114,151,33,133,141,196,113,93,95,87,
machine26:0,102,131,7,41,25,86,186,104,24,9,88,98,185,158,137,169,180,123,1,149,69,84,159,183,108,199,11,23,43,8,49,82,160,39,121,85,67,53,153,142,112,56,194,165,47,10,164,117,188,138,144,14,92,198,20,105,126,60,94,174,81,107,54,192,100,191,78,163,71,50,140,161,44,74,103,77,97,83,37,195,178,151,61,196,113,93,
machine27:0,162,115,131,155,7,25,154,86,72,90,139,170,104,89,48,16,36,185,68,158,137,180,129,69,159,108,199,124,156,30,11,43,8,130,58,42,39,111,46,121,67,119,110,17,153,56,194,165,65,179,188,193,138,184,148,26,147,92,187,96,20,126,171,175,122,94,15,22,167,52,107,100,191,76,116,71,6,31,161,120,70,141,61,196,18,87,
machine28:0,75,80,172,139,170,118,55,88,36,98,185,136,12,2,129,62,149,69,183,108,199,156,30,157,23,43,63,176,8,82,160,58,106,39,67,173,119,110,17,153,142,21,165,47,146,117,188,193,138,148,26,144,128,92,168,20,105,171,60,94,15,22,143,167,174,107,54,192,116,163,71,35,50,140,44,74,181,103,77,83,197,37,120,114,151,133,5,113,18,
machine29:0,162,102,131,41,57,72,186,172,134,190,170,48,9,88,34,16,98,185,68,158,137,169,180,123,1,129,62,69,84,159,183,199,38,156,30,73,23,43,200,8,132,58,42,106,39,46,66,173,53,119,110,17,153,112,165,146,65,179,188,193,147,14,128,64,96,168,198,105,126,15,52,81,107,54,192,100,76,78,71,140,6,31,127,27,197,37,195,120,141,5,113,95,87,
machine30:0,99,131,125,154,86,72,186,4,172,139,170,118,55,48,9,88,185,13,12,169,180,129,62,149,183,108,199,38,30,11,157,73,63,176,49,58,106,39,45,85,67,119,17,142,112,21,47,10,146,65,164,188,193,138,184,26,144,147,92,187,198,105,126,171,79,175,182,143,54,192,59,191,116,71,6,31,44,77,97,83,197,37,195,19,150,178,114,61,93,28,189,87,
machine31:0,162,102,115,131,86,72,90,118,55,9,88,36,98,68,158,13,137,136,12,169,62,149,69,3,108,199,38,124,152,157,23,200,82,160,58,42,39,111,66,67,173,119,110,153,112,56,101,21,194,165,47,10,117,179,193,166,26,109,92,64,96,20,79,60,94,143,29,174,107,100,59,191,78,71,35,161,44,74,103,77,27,120,19,178,196,95,189,
machine32:0,99,75,145,125,86,72,90,88,36,98,185,68,137,12,169,123,129,159,183,199,124,156,30,11,157,73,43,8,132,58,39,46,66,53,119,142,112,56,10,146,65,164,179,188,193,138,184,26,144,128,92,187,168,198,20,126,79,122,94,15,107,54,59,191,76,78,116,163,71,35,31,161,44,74,103,27,37,195,70,133,61,196,95,28,
machine33:0,131,7,57,186,172,139,134,190,9,98,185,158,13,137,180,123,1,129,84,108,199,11,157,8,49,82,160,58,39,46,45,67,173,119,153,142,194,10,65,164,188,193,138,144,109,128,64,187,96,20,105,60,15,22,52,107,192,59,191,76,78,116,163,140,6,161,74,103,77,83,27,178,114,151,141,196,93,189,18,
machine34:0,102,7,41,25,86,90,172,170,118,24,55,9,16,36,98,68,158,13,169,180,1,129,69,84,183,156,30,11,43,63,176,200,132,160,42,32,106,39,111,45,66,67,119,110,56,194,165,47,65,117,179,138,166,26,144,109,147,14,92,96,168,171,175,60,94,51,174,54,100,59,78,116,163,71,140,31,161,77,83,27,37,178,151,70,141,5,113,93,28,189,
machine35:0,162,75,102,145,40,125,7,41,72,4,139,190,88,98,68,158,13,136,12,123,183,108,156,30,11,73,43,63,200,8,132,130,160,32,46,45,85,67,53,119,110,17,153,112,56,101,165,10,146,117,184,26,144,109,147,128,92,96,168,198,20,105,182,94,15,22,167,174,107,54,191,78,163,71,35,31,44,181,103,77,97,197,37,195,120,150,114,33,141,61,196,113,87,
machine36:0,162,145,115,41,86,80,172,118,48,88,16,36,185,158,169,2,129,149,69,159,183,3,199,38,124,156,30,11,157,73,43,176,8,132,49,82,130,58,42,106,39,46,66,85,53,110,17,153,101,21,194,165,47,10,146,164,188,193,184,144,109,147,128,92,187,168,198,105,79,175,122,60,94,15,167,107,192,191,140,74,181,77,83,27,197,195,120,178,151,33,133,141,196,113,93,95,189,
machine37:0,131,7,41,57,186,134,170,104,89,34,185,68,158,13,136,169,180,123,2,62,69,159,183,199,38,124,156,152,73,43,63,200,82,160,106,46,53,119,110,153,142,194,10,146,65,164,188,166,148,144,109,14,92,187,96,177,198,20,105,122,94,22,167,51,54,100,59,191,76,71,35,74,103,77,27,37,19,178,33,70,133,61,113,95,28,189,
machine38:0,145,41,57,86,186,170,118,104,55,9,16,98,185,68,158,13,137,136,180,62,149,84,183,108,156,11,8,132,160,106,111,46,45,66,85,67,119,110,153,142,21,194,47,10,65,164,179,188,138,166,148,26,109,128,92,96,177,198,20,171,175,122,60,182,94,22,167,52,174,107,54,100,78,116,71,50,140,6,44,74,181,77,83,27,178,114,141,196,5,93,95,189,87,
machine39:0,102,145,131,155,7,41,57,172,170,24,55,48,9,98,158,137,180,123,129,149,69,159,183,108,199,124,156,30,157,23,8,132,82,160,106,111,46,45,66,85,67,173,119,110,17,56,101,21,194,165,47,10,146,188,193,138,184,148,14,128,64,126,171,60,94,15,22,29,81,192,59,191,78,116,140,74,181,83,27,197,37,195,120,150,114,151,33,70,141,61,5,113,93,95,189,18,87,
machine40:0,145,115,7,41,25,57,186,4,134,190,36,98,68,158,137,136,12,169,180,123,129,159,199,156,30,11,157,73,23,43,8,58,42,32,45,66,53,17,101,165,47,65,117,179,188,138,184,148,26,147,128,198,20,126,122,60,15,22,167,192,59,116,71,35,74,127,103,197,120,19,151,141,61,5,113,93,95,28,189,87,
machine41:0,162,7,41,80,186,4,172,139,134,170,118,88,34,16,98,136,12,169,180,123,2,129,62,69,84,183,108,156,11,157,23,43,63,49,82,58,42,39,111,66,121,85,173,17,153,142,56,194,10,65,117,188,193,147,92,187,96,168,177,198,20,105,126,175,122,60,94,15,22,29,174,54,100,76,78,116,163,50,6,31,181,77,197,37,195,120,19,114,113,93,189,18,
machine42:0,99,145,125,7,41,57,86,80,90,139,24,89,48,9,88,98,185,12,169,180,135,62,69,84,199,156,30,11,157,43,200,8,132,130,58,42,32,111,45,67,53,17,56,101,165,164,117,188,184,26,144,109,147,14,64,177,20,171,175,122,60,94,54,59,191,76,78,116,6,44,74,181,103,83,178,114,33,61,28,
machine43:0,102,131,41,86,72,186,4,139,134,24,9,88,34,36,98,185,137,169,180,123,1,2,135,62,69,159,183,199,156,11,23,176,58,42,106,39,46,45,85,119,110,17,153,112,101,194,47,10,146,179,188,193,138,184,166,148,109,147,92,64,187,168,198,175,122,60,94,51,174,107,54,192,100,116,71,140,31,161,181,127,103,77,83,120,19,178,133,141,196,93,95,18,
machine44:0,99,115,125,41,86,80,172,134,190,170,104,55,48,9,88,68,158,136,180,123,135,149,69,84,3,38,30,11,63,176,8,132,49,130,160,58,39,46,121,85,173,119,110,153,112,101,165,47,65,164,117,179,138,166,26,147,14,96,168,177,198,105,126,171,175,182,15,52,174,81,107,192,191,76,78,163,35,50,6,103,77,97,83,37,195,120,19,150,178,151,141,61,95,189,87,
machine45:0,115,131,7,41,139,134,55,48,98,136,12,123,1,149,84,159,183,3,38,11,8,49,82,58,32,106,46,173,119,17,153,112,56,194,165,10,146,188,193,184,166,109,14,92,187,168,198,105,79,122,182,94,15,22,167,107,192,59,191,78,6,31,161,44,181,127,103,77,195,19,150,178,151,33,61,196,5,113,28,
machine46:0,162,75,145,131,25,72,90,172,88,158,137,136,169,123,2,159,183,108,30,11,73,8,132,82,160,58,32,106,45,173,17,112,21,194,165,10,146,193,184,166,26,144,14,128,92,64,187,96,126,171,79,175,94,192,100,116,35,140,77,97,27,37,195,120,178,133,61,28,
machine47:0,102,145,7,57,72,90,4,139,190,55,48,9,34,16,98,185,158,137,180,129,124,11,157,43,132,130,160,58,39,46,45,110,153,112,56,101,47,10,146,65,179,138,148,144,147,14,128,92,96,20,79,122,182,94,15,52,192,100,191,163,71,35,50,181,103,77,97,83,197,37,120,19,178,114,151,70,61,5,95,28,
machine48:0,162,131,41,91,186,90,172,134,170,118,104,89,9,13,137,169,2,135,129,149,84,183,108,199,156,23,200,49,130,58,42,32,39,111,85,67,110,17,142,112,56,194,165,47,10,65,117,179,188,193,138,184,26,92,187,168,198,105,126,122,15,174,107,54,100,163,71,161,44,74,127,97,83,197,178,151,70,61,196,95,18,87,
machine49:0,102,145,7,25,86,72,186,90,139,134,170,104,55,48,36,68,13,137,135,149,183,108,38,156,30,11,157,176,132,82,160,58,42,39,66,119,153,142,101,165,47,10,146,188,138,184,166,148,147,128,92,96,105,126,122,60,22,143,167,107,59,191,78,116,71,50,161,44,103,97,195,19,114,33,189,
machine50:0,102,41,25,57,154,80,172,139,170,24,55,48,9,88,16,36,185,137,123,2,183,199,30,157,63,200,132,106,111,45,85,173,119,112,56,194,165,47,10,146,138,184,148,14,92,64,177,20,105,182,94,100,191,78,140,31,161,181,83,37,120,19,114,61,196,113,93,95,189,87,

1to 1:
1to 2:18,19,23,29,30,31,37,42,43,47,48,56,61,65,69,72,82,94,95,97,98,107,110,113,114,115,119,121,123,125,133,138,141,144,148,156,158,166,167,185,186,189,196,1,89,103,68,131,154,150,157,197,160,12,116,192,55,199,120,22,181,15,53,183,164,86,109,139,66,176,132,193,8,
1to 3:12,22,23,36,49,56,58,60,63,64,65,72,86,88,92,94,108,110,111,122,123,138,140,141,142,144,152,153,156,160,161,166,167,169,175,180,186,189,190,191,196,199,20,77,1,159,137,128,192,47,113,181,73,125,37,150,42,43,67,116,187,44,168,69,
1to 4:2,7,12,15,17,19,23,30,38,41,43,55,59,65,69,72,74,85,88,92,94,101,102,105,110,116,122,123,124,126,135,138,141,142,144,145,159,162,180,181,182,193,200,107,83,35,82,160,27,183,119,137,22,26,109,11,189,195,58,153,113,118,133,70,167,170,29,42,68,168,
1to 5:1,15,16,23,30,34,41,51,55,57,59,61,69,71,77,82,88,91,92,93,95,98,99,101,109,110,119,120,123,129,133,134,138,154,156,161,165,166,170,184,190,191,194,107,128,148,54,43,114,9,26,160,186,153,12,37,28,163,192,147,175,197,22,108,58,
1to 6:2,17,18,20,28,29,32,33,48,49,51,57,71,74,76,78,82,88,91,92,95,98,101,110,115,122,138,144,146,147,152,154,156,160,161,162,163,165,167,171,175,180,184,185,189,193,194,196,198,72,42,41,103,121,108,86,109,139,24,37,66,150,153,39,181,197,9,168,69,77,35,170,3,148,
1to 7:12,15,17,26,33,38,43,45,49,54,55,57,58,62,65,69,78,83,88,102,108,112,122,123,132,140,144,147,148,149,154,156,161,163,165,168,175,182,184,188,191,193,194,196,198,199,200,189,11,181,197,68,103,67,186,21,139,27,171,44,119,105,34,36,137,86,109,164,
1to 8:6,12,20,30,33,34,42,47,49,54,56,62,64,65,69,71,73,76,82,83,85,94,98,99,101,110,114,122,124,144,148,165,169,170,172,173,175,181,182,190,199,193,194,15,28,163,153,11,159,58,166,189,21,131,9,109,154,162,168,
1to 9:9,12,17,19,20,31,38,39,41,47,54,56,58,59,60,63,72,82,83,86,93,98,101,102,105,113,116,119,141,148,153,156,158,159,161,163,171,198,199,200,77,164,28,107,121,120,170,174,27,11,53,15,35,106,129,186,111,123,175,70,134,137,37,183,125,16,176,
1to 10:7,8,9,12,15,17,20,30,31,34,42,56,60,61,62,65,69,82,86,88,92,94,100,103,107,110,114,123,128,134,138,153,156,158,159,161,162,165,168,169,172,180,190,191,196,198,199,121,1,22,27,120,21,72,37,148,176,186,11,119,58,71,68,200,170,192,175,124,185,151,113,
1to 11:6,7,20,26,30,37,38,43,45,49,59,62,63,65,71,72,76,83,88,90,92,93,109,122,125,138,152,159,161,162,169,171,172,180,192,198,200,86,151,94,119,163,35,36,66,131,157,137,193,199,17,108,103,11,118,183,8,58,22,28,3,54,55,77,150,44,82,
1to 12:2,7,17,30,43,51,58,63,78,82,86,88,92,93,94,98,107,110,119,124,138,144,145,156,161,162,163,165,169,180,181,191,198,200,164,195,55,189,157,21,147,77,113,116,120,132,118,15,69,89,105,183,153,71,1,8,53,37,24,185,41,131,
1to 13:12,15,17,29,32,41,45,47,54,56,65,74,77,83,85,86,93,94,98,100,110,119,120,122,138,141,145,148,151,153,156,158,159,163,167,173,180,181,184,194,198,37,67,186,193,69,118,42,43,174,134,11,66,8,150,21,197,160,170,128,123,22,28,168,192,113,116,58,166,55,199,
1to 14:2,7,15,31,41,45,47,48,49,59,60,61,62,77,78,88,92,93,95,98,101,109,113,115,116,119,122,135,145,161,169,175,180,181,182,184,185,189,191,200,53,71,94,173,17,35,64,86,55,106,133,199,36,69,171,28,58,43,123,132,159,166,195,114,151,1,120,193,
1to 15:2,7,17,23,32,38,41,42,45,47,50,56,59,63,74,77,78,79,82,86,91,92,93,95,97,100,102,110,113,122,124,132,138,144,145,148,154,156,161,163,166,169,170,171,178,182,190,191,192,194,198,134,160,26,103,43,35,183,108,36,28,151,70,24,72,137,185,107,120,139,114,55,58,89,165,
2to 1:1,2,7,11,15,21,24,26,35,56,59,60,61,72,74,84,86,102,107,108,115,122,123,128,137,139,151,154,156,166,172,173,174,181,182,183,184,185,190,199,22,30,51,28,103,150,162,153,8,12,17,58,62,45,167,189,36,114,110,170,126,157,163,63,82,71,119,132,98,120,42,41,
2to 2:
2to 3:1,4,8,10,12,14,15,20,24,31,35,43,46,49,50,58,66,68,72,73,80,81,85,92,95,102,103,105,106,107,109,125,137,139,141,148,150,160,167,171,173,186,187,197,22,119,156,100,111,6,65,122,42,36,163,98,17,61,60,162,116,38,144,164,69,19,30,123,108,199,41,
2to 4:11,15,21,22,27,30,35,43,47,54,55,58,66,73,74,78,83,87,88,94,95,102,105,108,109,117,120,122,131,132,133,135,139,140,141,146,149,150,153,158,164,167,168,171,174,182,186,191,195,197,178,42,157,192,7,19,14,17,189,53,114,85,138,38,68,100,62,113,198,162,69,
2to 5:15,23,24,30,31,33,41,50,55,69,74,78,88,94,95,99,106,107,108,113,117,137,138,139,140,148,149,150,154,158,161,166,172,174,183,184,185,193,195,196,197,199,82,110,119,114,121,44,109,46,43,123,192,151,178,144,116,28,11,61,120,157,170,103,96,
2to 6:4,8,11,12,14,15,19,20,21,22,24,31,41,42,55,56,58,59,60,72,77,89,95,97,104,105,109,119,122,123,126,131,146,147,148,150,154,158,166,168,174,178,179,181,182,184,185,186,195,196,197,30,16,138,27,114,120,110,113,136,61,100,156,103,144,116,62,33,52,198,82,45,38,165,36,
2to 7:1,4,7,10,11,15,23,27,38,39,41,43,49,56,59,61,69,70,78,80,85,86,88,94,97,102,104,105,107,108,110,115,123,126,137,140,142,144,149,150,151,158,159,161,164,174,182,186,188,190,191,193,195,198,200,157,63,163,65,33,178,119,30,189,51,141,162,199,103,26,17,68,131,132,196,14,156,114,121,
2to 8:2,8,9,14,15,22,39,43,47,49,52,62,71,72,73,77,85,87,95,97,107,120,122,137,139,144,154,158,165,168,173,174,176,181,183,186,191,193,197,198,16,17,108,65,100,164,38,82,11,163,109,18,98,138,56,33,63,46,51,119,199,26,69,
2to 9:12,15,21,27,31,46,47,48,50,69,71,73,86,102,103,106,125,128,140,145,146,151,153,159,161,165,174,175,176,181,182,183,185,190,195,197,200,199,189,45,19,82,198,55,110,43,187,11,38,108,141,156,178,28,98,96,113,85,196,61,
2to 10:1,15,17,22,27,30,39,43,47,48,50,55,66,69,72,77,78,85,86,88,92,95,97,100,102,106,107,115,119,126,128,129,132,137,138,139,142,143,158,164,165,171,173,174,183,185,186,188,191,197,18,178,153,68,120,196,58,8,37,103,198,199,16,155,141,108,144,61,
2to 11:10,11,15,22,26,28,31,35,38,39,43,49,55,58,59,61,71,72,75,77,78,82,84,86,90,92,103,107,120,129,137,139,141,142,145,146,154,161,166,169,176,186,188,193,195,197,198,178,126,138,7,12,46,65,164,36,85,100,18,109,116,13,143,136,196,119,
2to 12:2,8,10,13,15,24,27,31,43,51,58,73,85,86,87,94,95,98,104,105,108,109,113,117,123,139,151,153,158,161,167,169,171,174,176,183,185,188,199,97,144,33,189,196,110,4,68,141,156,7,164,198,11,16,89,38,69,14,53,22,36,
2to 13:2,8,9,10,11,15,20,21,33,41,42,43,47,66,68,73,94,95,106,108,110,113,114,115,117,119,122,126,131,137,141,145,158,167,171,173,181,183,184,186,188,190,197,198,4,6,62,98,65,151,22,156,100,123,189,23,28,61,120,157,138,46,153,16,164,
2to 14:8,9,14,22,24,26,38,41,42,43,47,49,51,52,56,59,68,69,74,77,78,80,84,86,88,102,103,104,105,106,107,114,115,122,123,133,137,139,144,146,150,153,156,157,159,174,176,181,182,183,184,185,188,190,198,110,109,4,33,60,171,11,7,96,98,119,58,120,126,151,46,
2to 15:2,8,10,11,15,20,22,24,26,33,35,38,39,41,42,43,47,48,52,58,60,68,80,86,92,95,101,102,105,108,110,114,122,123,129,137,138,140,142,145,146,153,154,176,179,182,183,185,188,197,199,19,157,96,28,45,144,156,97,98,119,127,161,18,100,178,14,143,56,7,
3to 1:1,8,10,12,15,19,20,29,30,31,35,39,41,42,45,47,49,54,58,60,65,69,71,77,79,88,93,94,101,105,109,110,113,116,118,120,127,129,131,137,138,144,146,147,148,156,157,160,161,166,170,173,175,181,183,191,192,193,32,59,83,128,199,119,133,169,132,123,186,73,33,78,36,114,2,135,168,
3to 2:8,10,11,13,23,29,30,31,37,41,42,53,58,61,69,71,72,85,88,94,105,106,108,120,121,125,127,132,137,138,139,141,144,146,147,148,150,153,155,158,159,160,161,164,167,168,169,178,181,186,187,189,191,196,197,33,19,92,62,39,47,123,119,73,110,122,14,199,114,44,136,116,135,
3to 3:
3to 4:10,11,20,23,27,30,31,40,41,44,46,49,54,58,67,68,70,71,72,80,83,85,92,94,95,101,102,105,107,110,111,114,118,120,125,138,141,144,156,158,160,164,167,168,174,178,179,180,189,193,194,198,199,47,56,12,66,19,59,136,128,91,140,147,73,55,22,33,191,142,
3to 5:1,5,14,19,23,28,31,36,38,39,41,43,45,50,54,57,60,61,65,69,70,77,78,80,83,95,109,112,114,116,118,120,125,130,131,137,138,148,152,153,156,157,158,160,166,168,170,185,199,55,35,122,190,106,136,20,132,169,192,92,59,123,101,30,135,
3to 6:1,5,6,8,11,19,23,24,27,29,41,46,49,55,57,58,59,67,70,77,80,88,90,92,104,112,114,116,125,127,128,129,139,144,146,147,152,153,157,159,160,164,165,166,167,171,173,175,181,185,189,196,198,186,10,91,169,22,168,20,14,148,192,
3to 7:1,6,8,10,11,19,20,27,31,35,37,39,41,42,43,45,49,50,54,57,59,63,65,67,68,69,77,79,80,85,88,92,93,102,106,107,108,111,112,114,129,131,137,138,139,144,148,150,156,157,158,159,163,164,169,170,175,177,181,184,185,189,194,199,195,128,12,123,14,55,30,72,168,33,97,142,83,113,136,190,56,119,160,191,
3to 8:5,6,8,9,12,31,38,41,42,43,49,62,63,65,66,69,72,73,77,80,84,85,90,108,110,125,135,136,137,146,148,152,157,160,162,165,167,168,171,173,175,180,181,190,199,20,92,105,114,188,83,123,144,39,132,27,88,122,100,189,98,191,81,
3to 9:15,20,23,27,28,31,35,37,38,41,45,46,53,60,63,71,73,80,95,102,105,108,111,113,120,128,137,138,141,145,148,150,158,159,163,164,167,168,171,173,175,177,179,180,183,185,186,189,192,196,197,198,199,97,106,19,77,12,14,32,144,119,67,88,172,59,123,25,
3to 10:1,5,8,12,30,37,41,42,43,46,54,55,58,60,62,63,68,69,71,72,77,78,80,83,84,85,88,93,94,108,110,111,114,116,120,123,124,131,136,147,148,156,158,161,164,165,168,169,179,181,185,186,190,191,197,198,199,141,56,188,140,39,47,106,14,67,143,98,195,129,192,20,128,
3to 11:9,11,19,27,28,31,37,38,39,45,47,49,54,55,58,59,60,62,65,71,72,77,78,88,93,95,111,116,123,125,131,137,138,141,145,146,156,157,164,173,178,179,180,183,185,186,194,197,129,21,97,67,192,199,169,190,30,160,98,191,112,128,144,114,12,10,189,20,
3to 12:4,8,10,11,13,14,24,27,31,39,41,42,45,46,53,54,63,65,68,69,77,78,80,83,88,92,94,106,108,113,118,120,128,130,138,144,146,152,156,157,160,163,164,165,170,177,178,183,184,189,191,198,153,17,32,119,98,20,122,141,168,142,67,140,172,133,2,56,101,
3to 13:4,12,23,29,31,36,37,39,41,42,44,46,50,61,62,65,67,69,77,78,80,88,93,94,95,101,108,110,116,120,123,127,129,136,137,138,141,145,147,157,158,160,163,169,171,173,180,181,197,92,81,106,132,148,186,59,55,175,153,114,17,10,20,172,122,188,199,
3to 14:1,4,8,15,19,26,31,38,39,41,42,49,53,58,59,60,61,64,65,67,77,79,80,92,93,94,109,113,120,123,131,134,136,137,138,156,159,161,165,171,179,181,183,184,185,199,78,119,141,192,135,46,188,111,127,187,164,168,14,30,88,153,98,175,
3to 15:8,10,11,19,20,24,31,37,41,42,43,44,46,49,50,54,58,71,72,80,93,102,107,108,113,114,116,120,123,127,130,137,138,139,144,145,153,156,159,160,161,163,165,167,171,173,181,183,184,189,190,193,194,197,199,186,25,2,112,67,97,148,129,191,142,32,169,14,172,83,92,136,55,100,128,
4to 1:7,15,26,27,30,32,37,45,47,57,59,60,65,69,82,83,92,95,97,100,101,105,109,110,111,113,114,118,120,123,134,137,140,141,153,156,160,170,172,174,178,182,183,189,191,192,194,196,199,11,55,106,54,42,193,8,19,138,91,125,195,164,68,102,115,108,74,98,180,22,152,79,58,85,2,
4to 2:8,10,27,35,38,39,41,53,55,58,68,69,71,74,87,92,94,95,97,100,108,109,113,120,121,128,137,144,146,150,153,164,166,176,178,180,182,196,197,33,141,151,15,82,138,11,156,107,85,22,106,63,19,9,42,199,102,21,195,66,193,105,135,
4to 3:8,9,19,22,27,30,31,41,46,55,57,58,60,65,67,68,72,73,74,80,92,95,101,105,107,108,110,111,112,113,115,118,120,128,130,131,137,138,140,153,158,159,160,161,168,181,196,197,189,191,132,59,179,146,44,102,195,10,136,88,183,66,157,167,155,180,174,85,177,
4to 4:
4to 5:5,9,11,22,35,37,43,55,57,59,60,65,66,69,74,78,80,85,88,94,95,97,101,107,109,110,112,114,119,125,128,134,137,140,153,160,170,172,180,182,183,186,192,193,197,198,18,29,174,199,152,108,91,151,38,105,40,98,136,53,83,92,126,116,58,30,
4to 6:8,9,30,33,38,41,55,57,65,69,82,87,90,95,100,101,107,110,112,119,125,127,131,140,144,148,153,156,164,172,178,180,181,186,191,194,152,53,94,155,27,66,74,173,189,44,47,136,145,170,58,20,22,116,7,92,135,105,18,19,183,166,174,179,85,88,
4to 7:15,38,39,41,46,47,55,62,65,67,69,74,78,84,87,92,94,109,112,114,128,144,150,164,168,169,186,188,189,196,199,115,19,152,136,85,155,54,107,79,66,125,27,40,142,88,21,30,108,
4to 8:2,7,8,9,10,11,19,21,22,26,27,30,31,33,35,38,39,47,55,57,62,65,66,69,71,72,83,87,90,92,94,95,98,101,107,110,115,117,125,128,132,136,137,138,140,141,144,145,146,159,160,162,165,170,181,183,186,189,194,88,168,167,73,135,85,193,180,182,40,42,82,84,152,74,56,
4to 9:11,15,26,30,32,33,35,38,43,45,46,55,57,59,67,69,71,73,87,92,95,97,100,105,107,113,114,117,119,120,127,128,131,140,141,150,153,158,161,167,172,176,180,181,182,186,191,63,170,19,20,157,155,27,85,197,94,145,98,189,47,53,56,
4to 10:7,8,11,15,21,27,31,37,39,41,46,57,62,67,69,72,74,87,94,112,113,114,123,127,133,138,153,161,164,165,168,170,174,176,180,181,183,186,188,192,196,197,200,66,80,199,47,92,107,100,102,106,98,20,53,44,167,191,54,157,82,84,140,142,58,116,195,42,9,126,146,78,88,194,55,
4to 11:9,13,17,26,30,35,38,39,46,55,60,62,65,66,67,69,71,78,88,95,105,107,114,117,118,122,125,138,141,145,158,164,166,188,192,199,94,29,173,197,70,58,189,108,106,194,27,20,21,54,142,178,126,98,74,83,180,
4to 12:8,11,13,21,22,26,30,32,37,41,46,47,57,58,59,65,67,68,69,73,78,84,92,94,95,100,101,109,110,113,115,118,120,128,130,141,142,144,146,149,156,158,160,164,165,170,178,180,188,189,194,10,54,136,140,15,70,66,138,174,195,80,82,7,152,182,183,191,53,27,40,
4to 13:2,11,12,21,22,23,55,56,57,65,67,68,69,73,83,87,98,101,110,113,114,118,124,126,128,131,137,141,145,149,153,160,167,168,170,186,189,191,194,199,94,9,177,92,66,88,156,179,180,116,47,7,108,140,155,85,78,15,195,174,100,
4to 14:7,8,9,11,12,15,17,18,22,26,35,38,41,46,53,60,62,80,82,84,92,95,101,107,113,114,117,123,127,131,136,147,153,158,159,161,164,165,171,178,180,188,189,191,193,63,102,2,85,47,79,115,192,134,195,88,183,125,167,174,
4to 15:8,13,26,31,32,39,41,46,47,56,59,65,66,67,83,92,95,97,101,102,107,110,112,113,118,119,120,122,127,128,130,132,144,145,148,149,153,158,160,165,170,181,183,186,191,192,197,55,157,19,94,178,100,140,10,108,193,177,21,136,11,138,2,106,114,30,199,85,88,9,42,58,126,142,146,
5to 1:9,17,27,31,36,39,41,50,51,58,59,60,69,72,74,77,82,83,86,90,93,95,98,99,101,108,114,119,122,125,126,134,135,137,141,144,148,154,156,157,161,163,165,170,174,180,185,195,199,120,196,15,29,138,109,127,12,140,92,19,190,158,61,6,198,175,110,129,43,94,113,121,123,
5to 2:12,14,18,20,22,27,28,50,54,66,75,85,90,95,97,98,103,108,120,128,131,135,139,140,141,144,156,159,170,174,175,181,185,186,188,189,190,192,195,198,87,154,123,127,150,178,30,43,42,122,38,110,196,55,109,107,180,69,92,121,11,58,105,151,
5to 3:14,20,22,35,37,39,41,44,46,50,56,58,60,69,88,90,93,98,100,105,107,108,109,112,114,119,120,123,128,130,136,138,147,148,153,157,159,160,167,168,180,181,184,189,190,192,193,197,140,79,137,106,77,101,196,11,12,110,30,29,175,198,42,92,185,38,95,158,161,55,194,169,
5to 4:9,11,22,27,31,40,50,59,66,69,70,80,82,88,90,92,95,109,112,114,118,119,128,130,133,136,138,139,140,144,151,153,156,157,160,161,168,170,178,180,181,186,188,191,192,193,197,198,44,19,145,182,58,158,137,46,30,38,54,57,174,105,107,85,124,122,87,135,55,65,106,74,79,101,152,
5to 5:
5to 6:14,18,20,22,24,25,27,28,33,37,45,54,57,58,69,70,71,72,75,78,82,85,88,91,92,94,96,103,104,107,109,112,116,123,126,128,129,130,136,138,144,151,153,154,157,158,159,160,163,165,166,168,170,172,179,180,181,185,189,190,191,192,193,198,113,53,194,101,12,139,187,74,87,31,90,140,178,110,1,38,41,127,
5to 7:8,10,11,14,20,26,31,37,39,40,44,45,50,57,58,60,69,77,88,92,93,95,99,103,107,108,114,119,125,126,128,129,132,136,139,140,142,144,147,154,156,160,163,168,174,175,181,186,188,191,193,197,196,30,78,27,79,85,149,101,187,185,182,113,61,96,109,15,150,151,158,121,152,137,122,190,
5to 8:8,9,11,26,27,30,34,39,40,41,45,46,50,56,58,69,71,74,80,82,94,95,98,99,101,114,117,119,123,126,128,131,137,138,139,141,144,151,157,160,161,166,168,170,179,180,185,186,188,189,190,191,197,199,158,192,51,105,154,90,87,92,124,140,122,109,55,169,178,172,120,108,134,43,
5to 9:11,16,25,26,30,31,33,34,40,41,50,55,58,59,60,71,82,85,92,93,94,98,106,114,117,119,130,134,136,140,151,153,156,157,165,170,172,183,186,189,197,198,199,35,65,137,91,46,69,105,39,96,139,101,103,150,187,44,192,79,15,161,190,12,
5to 10:8,14,18,20,22,23,25,39,43,50,60,61,71,75,80,92,93,95,98,102,106,108,112,114,116,117,119,122,123,126,129,130,134,137,139,142,153,157,158,159,160,165,168,170,175,188,190,191,192,195,197,198,199,42,96,65,151,196,46,113,172,30,110,194,124,169,58,78,53,105,149,85,180,107,140,15,11,138,69,161,
5to 11:9,10,11,20,22,26,28,31,39,45,46,58,60,61,72,77,86,92,93,94,98,102,103,107,108,116,117,118,119,126,128,131,138,139,142,144,157,160,169,173,178,180,184,186,188,189,190,191,193,196,197,199,137,149,44,78,96,57,6,43,101,75,74,99,15,172,90,79,95,
5to 12:9,11,13,17,20,24,26,30,31,37,39,40,43,45,51,54,58,61,71,77,80,90,94,95,96,98,100,117,118,119,128,130,131,136,141,144,147,149,153,159,160,163,165,167,169,170,172,175,178,180,183,184,186,188,191,193,42,46,145,38,122,65,107,69,85,158,41,92,93,108,110,151,10,124,113,198,109,199,
5to 13:14,22,23,30,33,45,50,60,69,71,78,92,93,94,95,98,100,101,105,106,108,109,114,118,123,126,134,137,139,141,147,148,153,157,158,160,166,167,170,172,175,179,180,181,186,191,192,195,197,138,46,5,127,145,44,121,55,19,43,53,87,122,190,11,15,149,178,140,163,41,65,10,
5to 14:8,9,14,17,20,30,34,37,46,50,60,69,74,80,88,92,98,99,101,109,113,117,123,125,133,134,135,139,147,153,165,166,174,180,181,184,188,195,196,198,163,190,169,65,95,41,51,138,145,1,194,178,44,61,42,149,105,58,161,122,185,11,137,151,
5to 15:10,11,13,17,20,24,25,30,31,34,35,39,41,45,50,59,71,83,85,90,91,94,97,103,114,119,120,123,126,128,130,132,134,136,137,139,140,142,144,148,149,151,154,157,161,170,172,183,186,189,190,196,197,61,145,187,101,138,184,194,78,102,58,178,169,160,92,96,112,44,108,124,
6to 1:6,8,9,11,12,15,16,17,33,45,47,49,53,55,56,58,59,66,72,82,88,91,94,95,97,100,110,119,123,125,126,127,129,138,153,154,156,157,159,160,165,167,170,174,175,180,181,185,190,193,194,198,109,192,148,64,69,166,20,22,28,26,195,173,30,51,131,122,52,101,121,168,76,144,
6to 2:4,8,11,12,13,14,19,20,22,26,31,35,37,38,41,44,47,49,51,56,61,66,68,69,78,82,100,103,108,110,116,119,126,127,128,129,138,145,150,153,154,155,157,160,164,171,175,176,178,180,184,185,186,197,198,139,173,30,87,167,189,174,2,195,179,148,146,27,144,72,85,156,7,166,28,120,95,113,159,
6to 3:4,7,8,20,22,32,36,37,39,46,53,56,57,58,60,61,62,67,73,103,108,110,127,128,129,131,137,145,146,150,153,158,159,160,165,169,175,186,21,144,166,173,28,197,136,168,130,101,14,52,100,191,27,12,49,72,156,148,121,184,92,107,189,41,
6to 4:7,9,11,12,13,20,25,26,33,38,44,47,53,54,56,57,58,59,65,66,67,69,70,80,82,85,97,100,101,105,110,116,124,125,126,128,136,145,146,150,152,153,156,158,164,165,166,167,168,170,174,175,180,182,189,191,193,194,92,179,40,178,144,121,197,173,95,72,27,109,2,19,107,78,41,8,74,
6to 5:5,6,9,11,12,14,20,22,31,33,37,38,51,58,61,77,79,82,91,93,94,97,107,116,117,119,125,127,128,129,134,137,144,150,153,154,158,160,163,170,175,180,184,189,197,100,85,95,139,30,39,78,92,109,69,192,120,168,178,167,104,173,131,21,
6to 6:
6to 7:4,8,11,12,21,26,31,32,33,35,38,51,58,59,62,69,88,93,98,100,103,119,123,125,126,128,140,149,152,154,156,157,160,164,166,171,175,178,181,183,184,186,190,191,197,104,112,150,122,20,144,153,136,159,147,198,46,84,92,148,10,19,24,27,37,165,49,60,64,168,146,173,194,
6to 8:5,7,12,14,18,26,27,38,41,58,62,66,69,78,80,88,98,105,108,123,124,125,126,129,134,136,154,159,160,165,169,175,180,181,182,183,184,185,186,191,192,193,194,189,87,146,173,21,148,76,187,49,170,197,161,85,166,168,95,2,84,
6to 9:9,15,19,20,25,35,41,48,58,61,67,77,88,90,91,93,97,101,103,116,119,123,128,129,131,144,145,146,150,153,158,165,167,170,172,175,176,178,180,183,186,190,193,194,196,197,46,60,27,37,192,104,121,159,87,148,71,64,187,120,166,179,
6to 10:2,5,6,9,12,18,21,25,27,37,38,48,55,58,61,62,67,69,84,85,98,100,107,110,115,117,119,124,126,128,144,148,153,156,159,164,169,170,174,175,176,178,180,191,193,195,121,87,197,39,146,185,192,20,30,104,78,92,198,165,86,95,116,122,168,22,179,
6to 11:7,9,12,13,17,18,37,38,47,53,56,57,58,59,62,66,67,68,75,82,93,94,103,119,122,125,129,146,157,158,160,170,175,178,183,186,188,189,194,49,78,30,116,60,197,39,139,174,185,198,192,92,156,184,72,52,76,136,196,179,46,26,19,20,86,
6to 12:4,7,9,11,17,20,21,32,33,37,39,45,48,53,56,65,67,71,77,80,88,89,96,97,98,117,119,124,128,129,138,156,157,158,159,160,164,166,170,178,180,181,183,186,188,191,194,198,41,167,174,184,147,69,84,92,139,179,3,146,28,10,2,8,136,27,51,46,100,
6to 13:4,7,11,12,21,26,31,44,48,53,57,61,71,77,78,85,88,93,96,109,115,119,126,127,129,131,146,156,157,159,163,165,167,170,175,180,181,183,184,186,189,190,191,59,198,24,66,179,197,41,100,168,20,92,87,173,95,187,148,22,120,37,139,60,136,195,151,
6to 14:4,6,9,14,15,17,20,31,32,38,47,48,57,58,59,60,61,62,69,80,88,92,94,95,103,105,110,116,119,125,150,153,158,163,169,175,180,181,182,185,189,190,193,194,109,39,51,187,8,147,184,159,78,136,179,165,168,26,64,122,130,195,19,41,131,84,196,49,
6to 15:7,11,14,17,18,25,33,44,48,55,57,58,67,71,78,88,94,95,100,101,103,108,114,124,129,137,138,144,145,153,154,158,159,160,169,170,178,180,182,183,184,185,186,193,197,147,188,146,139,173,174,192,148,92,189,194,26,165,2,104,16,22,112,196,37,166,72,
7to 1:9,17,19,21,26,30,35,41,42,47,49,51,56,59,64,65,67,69,77,79,82,85,88,92,94,101,102,103,108,114,115,116,118,119,120,121,125,138,141,144,147,149,150,151,152,158,161,165,174,175,180,184,186,191,192,27,123,137,86,93,11,37,107,122,168,15,129,181,109,160,20,200,54,140,189,171,105,124,
7to 2:4,10,11,13,15,18,21,26,30,33,38,42,47,49,56,58,63,68,84,87,92,94,96,98,102,103,107,110,113,115,116,122,125,128,131,132,138,144,145,146,147,148,154,155,157,158,164,165,166,174,181,184,186,191,196,197,199,27,61,114,119,108,100,190,188,137,14,45,43,163,97,129,31,
7to 3:1,4,5,9,10,11,19,20,25,27,30,33,39,41,46,47,49,50,56,63,64,67,68,77,80,88,93,94,100,101,102,103,107,109,119,120,123,128,136,138,147,148,157,158,164,172,177,178,180,181,185,188,190,191,196,37,114,171,150,70,166,129,137,169,152,105,54,78,112,141,160,193,144,
7to 4:7,10,15,20,21,26,35,38,49,57,58,59,63,66,67,78,82,87,88,92,98,101,107,109,117,118,122,123,126,136,137,144,147,149,156,162,164,186,191,192,197,76,170,112,166,11,85,27,30,193,46,195,108,189,114,69,94,55,140,132,
7to 5:1,9,10,11,17,19,23,27,31,35,37,40,43,45,50,65,77,79,85,88,92,98,99,100,101,102,103,106,109,112,116,117,118,119,123,136,139,147,148,149,154,156,160,172,174,175,178,181,185,199,190,150,124,30,129,140,70,107,26,69,137,170,163,15,55,93,151,113,166,
7to 6:4,5,8,9,17,18,19,20,21,24,25,26,30,33,35,38,45,47,48,49,51,59,67,69,77,82,85,87,88,92,94,95,103,107,115,116,121,122,127,129,136,139,140,145,148,149,156,160,162,164,165,175,178,184,185,186,189,191,192,194,195,152,46,124,181,112,14,37,166,150,196,163,193,109,27,188,144,190,
7to 7:
7to 8:10,11,17,19,26,33,38,40,41,45,49,50,54,63,64,65,77,83,84,87,98,99,108,109,110,119,123,128,138,140,144,146,148,149,158,160,162,164,165,180,182,184,188,190,193,196,198,37,43,85,93,153,81,114,88,62,82,181,195,168,27,170,132,122,186,14,137,20,105,150,
7to 9:10,17,19,25,33,35,36,38,39,40,41,43,45,47,50,56,63,68,69,71,73,80,84,85,88,94,97,103,106,107,110,119,121,123,126,127,131,137,139,141,145,148,150,151,157,158,161,163,168,175,178,181,186,189,191,193,197,108,200,82,129,190,54,165,170,15,171,20,46,76,140,195,146,114,11,21,31,112,
7to 10:8,9,10,17,24,25,26,30,36,39,47,48,50,56,58,67,68,77,78,84,92,93,94,102,106,107,108,116,117,121,126,127,131,140,144,147,149,156,157,158,160,161,162,163,164,165,175,184,191,193,194,197,198,199,200,82,23,15,142,171,188,112,76,43,170,123,128,81,153,103,69,190,31,137,
7to 11:7,9,10,11,19,21,30,35,38,39,47,49,57,59,63,77,78,82,88,94,97,101,103,107,109,110,112,114,123,125,126,147,149,156,157,158,161,162,164,166,173,178,180,191,193,197,198,200,171,93,61,119,131,152,15,132,144,76,105,64,124,137,142,160,
7to 12:4,7,8,10,13,15,20,39,41,45,47,48,51,63,65,68,77,88,92,93,97,100,101,107,108,109,110,117,118,122,128,132,136,139,147,151,157,158,160,161,162,163,164,165,168,182,184,191,153,119,131,105,86,142,144,30,149,169,200,76,114,197,62,189,72,193,94,61,37,
7to 13:4,10,11,12,17,21,39,41,42,45,47,54,56,60,68,77,78,84,87,88,92,98,100,101,106,108,116,117,126,136,140,145,147,148,158,163,164,177,180,183,184,186,191,193,197,93,30,62,70,122,128,171,37,189,94,149,132,26,114,142,169,181,23,85,137,83,129,109,
7to 14:4,7,8,9,10,11,12,17,19,26,38,42,48,49,50,51,54,58,59,65,67,69,77,78,79,85,87,93,98,102,103,107,109,110,115,116,127,132,139,141,144,147,149,153,158,161,168,174,175,177,184,187,192,194,195,196,199,62,76,122,150,94,137,112,200,14,86,166,6,165,119,140,30,169,181,31,83,171,61,123,146,
7to 15:5,7,9,10,11,19,21,25,35,36,37,39,45,47,49,50,56,58,63,77,79,92,93,94,97,100,101,102,103,104,107,108,110,114,119,126,136,139,140,154,157,158,160,163,165,177,184,185,190,191,197,199,88,169,131,61,83,149,14,128,46,86,30,146,122,82,195,137,144,112,186,
8to 1:1,6,9,17,22,26,27,41,42,49,50,56,65,69,71,72,74,76,84,88,90,94,98,101,119,123,125,134,135,144,145,157,166,176,180,181,183,184,192,195,37,186,165,110,193,43,154,182,31,82,3,47,100,34,16,108,128,160,33,163,191,194,
8to 2:11,15,18,26,27,37,38,39,42,45,50,52,55,58,66,69,84,85,88,90,101,103,114,119,120,121,126,135,137,138,141,154,157,164,167,170,176,179,181,183,184,17,161,189,182,128,166,171,98,33,187,20,73,100,158,51,43,
8to 3:8,9,10,11,14,19,26,27,31,37,42,43,61,62,66,69,85,90,94,95,98,101,106,107,108,115,118,122,128,132,136,137,144,157,160,168,170,180,181,183,185,189,199,80,46,110,186,63,153,134,191,35,57,105,172,56,20,25,123,148,
8to 4:9,27,29,42,43,46,47,49,50,58,63,83,87,101,105,109,114,120,122,123,130,139,141,151,152,160,170,172,174,176,178,180,181,183,186,193,199,59,88,92,100,191,195,85,98,146,134,55,73,153,80,166,161,18,82,108,192,10,
8to 5:6,9,23,31,34,38,40,41,43,50,56,57,65,75,77,93,96,98,99,101,102,103,114,117,123,130,135,138,144,145,149,151,166,167,178,181,185,188,190,198,199,182,94,154,148,27,95,37,193,88,134,105,110,80,172,39,160,159,170,195,19,28,69,109,15,
8to 6:2,6,9,14,18,26,27,33,38,42,47,48,49,56,57,61,62,64,66,69,72,76,95,98,101,104,107,108,117,119,122,126,144,145,151,157,170,173,176,180,181,184,185,187,189,192,193,194,146,186,153,166,100,51,110,109,195,8,163,94,154,128,159,148,21,129,55,168,105,25,123,
8to 7:6,9,10,19,23,27,30,38,43,50,54,56,57,66,72,78,81,83,84,87,97,101,103,104,110,117,118,122,125,144,152,157,160,168,170,181,188,190,199,108,132,193,128,94,171,26,15,109,189,82,163,46,69,129,31,137,149,76,123,98,88,140,85,
8to 8:
8to 9:2,6,15,27,34,38,40,47,54,61,62,77,82,84,85,87,88,93,95,97,98,101,105,110,111,119,120,128,130,141,144,145,157,164,167,176,183,185,187,189,191,194,196,197,199,69,71,31,163,170,56,19,193,49,33,100,90,158,182,21,153,83,63,146,
8to 10:7,9,10,25,26,34,38,39,43,48,58,61,62,64,65,78,81,84,85,87,102,114,120,137,144,149,164,169,170,185,188,193,195,199,46,88,6,94,8,11,98,194,20,76,192,69,162,37,129,15,168,186,165,27,55,56,158,153,
8to 11:6,9,37,43,49,62,64,66,69,72,74,78,82,83,84,85,88,95,97,98,99,101,103,107,118,132,137,138,139,144,149,157,158,160,166,172,176,187,188,190,193,197,198,199,39,109,27,171,173,128,185,189,186,59,15,19,31,154,180,191,63,73,10,26,58,92,55,20,
8to 12:7,10,17,19,26,43,46,48,56,62,65,66,69,74,77,80,84,85,87,88,93,95,97,104,107,110,115,119,123,132,144,153,158,164,167,172,176,179,181,188,191,197,166,31,63,100,162,161,59,163,71,73,83,49,37,92,33,159,94,
8to 13:2,6,8,11,15,28,33,42,43,47,50,60,61,63,66,69,76,83,84,85,98,110,111,114,117,118,121,122,126,138,149,151,157,160,165,167,168,175,179,181,183,185,187,194,195,198,199,158,188,12,10,163,56,71,166,57,123,180,34,74,108,189,124,192,137,
8to 14:6,9,10,11,14,17,19,26,34,42,48,52,54,56,58,60,62,63,64,65,77,81,83,84,85,96,99,101,103,104,114,119,120,125,132,135,137,139,144,146,149,151,153,158,164,173,175,176,181,183,188,191,192,199,3,57,92,28,47,12,69,105,194,98,80,20,88,193,109,170,134,
8to 15:2,9,14,17,22,28,30,34,41,43,47,49,77,78,83,85,88,95,96,97,101,114,117,119,120,122,127,130,136,138,144,145,146,158,165,168,186,187,188,191,199,73,161,63,84,159,189,134,100,105,15,123,71,74,162,26,50,110,154,58,35,46,57,163,94,10,92,192,193,56,132,160,
9to 1:1,6,9,15,17,19,31,32,34,45,54,59,64,66,69,71,82,84,85,88,93,94,108,110,114,120,121,123,128,129,131,138,140,141,144,147,150,153,154,161,165,170,171,190,191,192,194,198,199,200,137,21,183,73,187,50,111,35,175,119,12,197,95,176,193,103,
9to 2:7,11,12,15,19,26,27,31,33,41,55,58,61,69,89,96,105,110,114,119,121,123,128,137,138,141,144,145,148,153,170,171,172,178,183,186,191,193,196,197,198,35,185,98,38,161,163,175,125,146,174,155,97,187,102,
9to 3:11,12,14,20,26,31,35,46,54,57,60,62,63,64,69,71,85,88,93,105,110,111,113,115,121,123,127,128,130,135,138,140,141,144,145,146,148,150,153,156,159,168,171,172,177,178,186,196,197,19,39,136,192,173,193,77,80,137,175,183,160,170,106,27,164,161,189,21,
9to 4:9,11,19,25,33,38,46,53,56,58,59,60,65,69,82,85,87,88,95,106,113,114,120,121,123,131,137,141,144,145,150,153,157,158,172,178,180,183,186,192,195,197,198,200,173,176,189,35,102,136,156,63,151,182,47,73,174,170,111,125,15,21,146,164,27,
9to 5:6,14,17,19,21,25,26,31,35,36,37,38,45,46,50,54,58,59,61,69,75,88,92,94,100,103,105,110,112,114,116,117,123,127,131,135,139,144,148,150,152,153,165,172,174,178,156,60,80,170,34,192,90,125,140,183,77,161,189,129,137,199,157,138,197,33,98,119,146,15,
9to 6:2,6,14,17,19,20,25,27,28,31,35,36,38,41,48,59,66,69,72,77,86,92,94,95,100,103,104,105,110,114,116,117,120,127,128,129,131,134,139,140,148,150,152,153,154,170,171,178,180,186,187,194,195,196,197,198,151,174,80,12,176,96,161,146,49,56,64,73,183,136,53,158,21,175,
9to 7:11,15,25,26,27,31,35,38,41,46,48,54,56,69,77,84,87,88,93,94,98,100,103,108,110,112,117,123,128,129,137,144,148,157,158,163,165,171,174,182,186,187,190,191,82,16,39,45,119,63,102,111,145,200,197,114,164,193,10,175,95,106,50,19,156,194,49,
9to 8:6,11,17,19,21,27,38,46,48,58,64,66,69,77,83,84,85,87,88,110,114,115,120,123,128,135,137,138,140,141,148,152,154,158,159,164,166,176,183,186,191,192,195,196,197,198,50,10,125,45,157,80,194,173,193,34,60,182,185,189,63,15,101,95,98,33,
9to 9:
9to 10:2,11,14,20,31,36,44,46,48,56,58,60,61,62,63,65,69,71,72,77,84,88,92,93,98,100,102,103,110,113,114,116,120,121,129,138,140,146,151,153,161,163,165,168,172,180,183,186,39,158,119,96,170,156,160,64,111,175,192,34,73,10,199,16,174,
9to 11:6,9,11,20,26,31,38,46,54,55,62,64,65,71,84,88,94,98,107,110,112,123,128,129,137,138,141,144,145,147,151,164,165,171,173,178,186,188,189,199,56,77,60,157,102,111,45,82,19,119,146,90,156,193,35,170,
9to 12:9,10,14,15,26,31,32,33,36,37,41,45,46,48,53,56,60,65,69,71,84,87,88,89,93,94,109,110,112,113,115,119,123,128,130,133,134,141,146,152,156,163,164,170,178,180,183,186,188,197,198,106,136,77,187,145,175,120,19,95,63,103,98,158,167,16,35,12,27,96,
9to 13:6,10,11,15,17,19,25,31,32,34,46,50,57,58,60,61,63,65,66,67,83,85,87,92,93,108,110,113,116,117,131,140,141,145,148,153,157,164,167,177,180,183,186,190,192,193,195,199,33,187,170,95,136,174,45,196,106,126,198,175,21,82,158,77,197,53,80,16,111,146,49,137,
9to 14:6,9,11,14,31,37,38,41,46,48,54,57,58,65,77,84,88,94,105,119,123,131,135,146,147,150,151,153,159,171,174,177,180,190,191,193,195,196,198,47,181,199,189,90,192,45,187,175,101,63,87,161,10,19,183,15,176,182,98,
9to 15:11,15,19,25,32,36,37,41,50,57,58,59,63,72,77,87,89,94,95,105,110,114,117,129,130,137,144,145,146,151,153,156,161,165,168,171,172,176,177,186,187,192,193,198,199,97,10,33,102,16,45,64,90,35,71,39,47,182,175,183,170,111,
10to 1:1,8,15,16,20,23,30,41,43,53,54,55,58,60,61,64,71,72,74,78,83,88,94,121,122,126,138,141,142,144,146,149,158,161,162,165,172,174,183,184,186,190,193,199,170,154,22,105,139,90,151,168,185,110,39,153,9,44,24,35,84,18,86,192,160,169,17,69,
10to 2:11,14,20,22,23,30,39,43,44,50,58,62,65,68,69,86,88,96,98,100,103,107,108,113,114,119,120,123,129,131,138,151,153,156,159,161,163,165,171,175,186,187,192,196,197,198,199,8,143,61,137,105,146,188,128,155,181,144,15,168,52,121,70,90,185,24,
10to 3:5,7,20,27,30,31,37,43,46,50,53,56,57,58,60,67,68,69,73,78,88,92,94,100,105,108,110,113,121,127,129,132,137,138,141,144,153,156,158,159,160,162,164,165,178,180,183,186,191,196,197,198,1,41,81,139,142,24,118,128,42,148,95,167,136,39,188,8,107,173,168,23,90,54,171,
10to 4:14,15,18,23,25,27,30,42,46,47,50,53,56,58,60,63,69,74,76,78,83,88,92,98,102,106,107,108,116,119,121,124,137,138,139,140,153,162,164,165,170,180,186,188,191,194,195,198,199,65,94,141,169,8,37,117,31,126,120,22,114,39,160,115,110,174,85,9,87,131,158,181,142,
10to 5:9,23,30,31,36,37,39,58,60,61,69,74,78,86,88,92,94,96,98,100,102,107,108,116,119,120,123,124,127,128,129,137,140,153,157,158,161,172,178,180,183,188,190,192,193,197,198,199,141,170,15,168,165,114,117,41,77,50,105,85,44,1,24,185,113,169,17,18,
10to 6:5,7,8,9,20,21,26,30,31,36,37,42,46,48,53,58,71,72,77,86,92,103,105,108,112,116,126,127,128,130,138,146,149,156,165,170,174,179,180,183,185,186,192,194,196,197,198,155,153,69,104,154,17,168,178,188,41,158,49,144,107,14,131,136,22,61,11,147,
10to 7:1,10,15,17,26,27,30,46,48,54,56,61,64,67,69,71,72,78,88,94,98,100,102,107,108,116,119,128,129,131,140,159,161,162,164,175,183,184,186,188,190,194,197,198,199,146,181,18,41,137,39,14,35,114,165,118,158,110,103,195,50,47,104,170,126,25,
10to 8:7,9,10,20,22,31,34,43,47,48,54,58,60,63,74,77,88,98,102,107,114,122,126,128,149,151,157,159,165,168,172,179,183,191,194,195,196,198,95,17,37,181,103,76,39,6,158,123,18,25,87,146,14,110,115,61,69,188,154,
10to 9:9,15,17,20,21,31,34,37,39,46,48,50,54,56,58,64,67,68,69,71,72,76,82,102,103,106,112,116,119,121,123,129,131,134,137,144,153,159,161,165,167,168,170,175,178,183,185,186,190,193,194,197,198,192,140,151,148,141,35,188,115,6,120,195,110,191,
10to 10:
10to 11:15,17,20,23,26,31,43,47,52,53,58,60,61,67,71,72,74,75,76,77,78,82,88,103,116,119,120,128,131,138,139,142,146,156,157,158,172,178,185,188,190,191,192,194,199,93,198,195,86,173,6,69,118,114,39,115,11,54,107,65,84,9,
10to 12:7,10,14,22,27,31,36,37,43,46,53,55,56,58,60,61,62,63,67,68,71,74,76,78,92,96,97,98,100,112,138,140,142,153,158,162,165,168,172,174,175,184,185,188,194,198,199,77,200,44,113,69,191,15,87,94,107,104,95,105,39,110,70,9,144,148,151,117,170,11,54,
10to 13:7,9,12,14,15,20,23,37,43,48,52,53,54,55,56,57,58,61,65,67,68,69,71,78,92,96,98,100,108,116,119,120,122,123,124,128,129,134,137,138,142,162,165,175,179,180,183,186,190,192,197,199,141,158,22,113,85,94,188,167,18,47,103,117,50,118,39,114,41,110,185,181,42,126,8,93,17,131,169,
10to 14:12,17,20,22,34,37,47,48,55,57,58,60,62,64,69,74,77,78,87,88,92,98,100,106,107,116,119,120,122,123,138,139,147,153,159,161,165,168,180,184,188,190,192,193,194,196,198,199,104,24,9,171,181,11,76,6,169,85,84,148,93,103,54,61,
10to 15:5,7,14,20,26,34,36,41,43,46,48,55,56,57,58,61,67,71,72,78,83,84,92,96,100,102,103,105,114,116,122,123,131,134,137,138,140,144,153,161,162,170,171,180,183,184,186,188,193,194,195,198,199,95,31,146,126,165,173,23,42,39,93,197,200,37,50,191,
11to 1:8,11,15,19,20,28,29,39,47,49,55,59,60,61,70,71,85,86,100,101,107,108,109,110,114,120,125,134,142,143,154,161,163,180,182,185,186,188,189,191,192,193,197,199,95,200,147,118,77,1,65,94,75,6,72,111,153,82,7,149,156,76,194,157,144,9,196,116,171,
11to 2:9,10,26,31,35,42,43,48,52,53,55,60,62,66,69,72,97,98,100,120,128,131,132,151,157,183,185,186,187,188,189,190,191,192,197,199,61,137,65,123,178,86,119,108,38,13,22,96,122,144,71,15,21,196,68,139,198,11,164,47,153,27,
11to 3:10,13,23,26,27,29,35,36,42,44,58,59,73,78,88,92,101,103,107,112,115,119,120,123,125,128,129,131,137,141,142,143,157,158,168,171,173,178,180,186,188,191,193,197,199,118,136,108,54,94,20,39,109,19,72,111,198,65,169,86,196,68,
11to 4:10,13,18,19,26,27,30,31,35,43,47,49,55,56,58,59,66,73,78,83,88,98,100,105,107,112,114,119,124,137,138,141,142,158,164,170,172,173,178,180,186,188,189,192,199,153,144,92,196,74,11,71,108,7,140,44,65,193,95,136,157,54,12,46,118,200,169,195,191,67,
11to 5:9,13,26,28,30,31,38,43,55,61,72,77,78,86,88,90,93,94,98,101,103,107,110,114,118,134,144,154,172,173,178,183,190,192,193,195,197,199,92,96,136,161,15,129,160,139,185,65,119,196,11,137,157,108,6,140,191,198,58,45,79,117,123,39,
11to 6:6,7,19,44,45,48,49,59,60,88,92,93,110,112,126,129,138,154,163,170,174,180,182,186,190,192,193,65,22,166,146,191,78,95,195,194,75,165,179,76,20,117,172,173,58,72,149,108,196,82,9,178,171,57,157,185,187,109,38,119,
11to 7:9,10,13,15,20,26,27,30,31,35,39,43,58,59,61,69,83,87,88,95,98,103,108,114,119,123,125,129,131,137,145,149,150,154,161,163,164,173,187,193,197,198,199,21,117,191,19,200,45,160,147,157,94,78,37,8,116,184,82,144,38,136,188,12,185,
11to 8:9,10,11,20,26,27,30,58,65,66,69,88,94,95,98,109,115,119,124,126,132,138,144,151,154,157,169,170,172,173,174,176,183,188,189,194,198,199,19,90,195,196,57,83,12,47,193,82,108,6,17,72,129,8,7,159,64,137,139,46,77,22,149,
11to 9:6,11,15,20,28,31,35,36,39,43,53,55,67,71,83,86,93,95,103,105,106,110,112,114,125,131,137,141,144,174,176,178,182,186,187,189,190,191,192,193,199,119,172,138,38,160,21,60,98,171,19,27,146,47,185,45,12,73,173,194,77,102,64,164,153,57,
11to 10:15,30,31,36,37,42,55,58,61,67,69,71,78,85,86,88,92,94,98,108,112,116,124,128,131,142,149,161,168,169,170,174,180,183,188,190,191,194,197,199,140,27,46,70,165,193,198,57,160,39,60,12,9,164,8,90,72,75,139,54,
11to 11:
11to 12:3,7,9,10,20,26,27,30,42,43,45,53,56,58,62,73,77,78,86,93,98,101,110,115,118,119,123,124,136,141,142,145,161,163,169,172,183,191,198,133,92,67,178,57,65,68,165,94,164,129,184,13,11,95,147,46,59,156,185,109,54,75,
11to 13:6,7,9,10,13,15,19,20,26,28,30,31,58,66,67,73,87,94,95,101,108,109,119,126,128,129,137,142,149,158,170,180,185,186,188,189,192,193,199,65,60,47,44,77,12,56,116,86,102,136,45,74,123,138,83,117,27,157,22,11,107,
11to 14:9,10,11,19,26,31,35,42,44,48,53,54,58,59,61,62,65,69,78,86,88,94,98,103,106,114,119,125,136,138,147,149,157,161,171,180,182,183,188,192,193,194,199,156,22,60,198,92,8,82,184,160,7,112,164,178,169,165,191,47,109,139,195,196,185,144,38,6,68,
11to 15:9,19,20,23,26,28,30,31,35,36,49,55,58,60,61,67,70,74,86,87,94,100,112,114,120,124,126,128,131,132,157,161,168,169,170,176,182,183,186,187,189,193,197,199,184,178,108,117,13,71,90,129,54,56,144,68,92,119,64,82,95,123,171,44,185,39,45,65,153,96,116,118,156,165,
12to 1:1,2,8,9,10,16,17,35,41,43,45,54,55,56,61,69,82,83,86,92,95,105,109,114,118,119,122,124,132,133,151,156,160,161,162,186,193,200,142,60,188,120,66,110,20,70,65,141,192,19,147,71,194,189,15,94,182,199,74,145,169,42,167,77,
12to 2:11,12,14,15,26,27,30,43,53,63,66,68,74,82,86,89,95,98,105,113,119,128,132,133,141,146,151,156,158,159,163,164,172,176,183,188,196,198,103,166,96,157,167,175,13,78,84,106,169,94,109,144,145,41,42,147,31,69,185,17,10,174,153,110,138,197,
12to 3:1,5,7,8,11,12,14,15,20,22,26,30,36,37,42,44,46,54,56,57,58,59,71,73,77,80,88,105,110,113,116,118,128,136,153,159,160,164,165,167,169,183,187,190,191,196,197,198,199,107,144,150,27,94,33,98,19,106,123,92,168,120,188,189,131,147,119,133,158,60,185,41,181,
12to 4:2,8,10,11,15,17,30,41,46,53,54,58,60,63,65,66,68,73,80,85,88,92,94,98,107,113,114,118,122,125,128,132,136,140,141,145,146,147,152,159,162,164,165,166,169,170,172,186,189,194,198,200,13,138,105,150,167,38,160,19,20,47,69,153,74,110,191,175,158,188,192,27,108,78,156,101,7,
12to 5:8,9,11,12,14,22,28,30,34,38,39,40,41,43,51,56,69,79,80,82,85,92,94,95,100,105,113,114,116,119,124,125,128,129,130,133,136,141,147,151,153,156,157,161,163,165,170,172,185,190,198,60,53,101,78,169,139,10,158,180,178,110,144,31,109,138,145,74,123,102,134,150,106,199,195,174,
12to 6:5,7,8,9,12,15,17,20,21,37,38,45,47,48,53,56,58,71,78,88,95,100,110,114,116,120,122,124,125,129,146,148,156,159,162,163,169,170,178,180,183,184,196,197,167,92,198,59,145,153,158,150,174,182,130,192,32,27,119,166,66,194,189,134,89,19,195,181,13,179,
12to 7:1,20,24,26,30,35,41,44,46,56,61,68,69,71,86,88,98,100,101,103,113,114,120,123,128,129,132,136,147,152,153,158,159,162,163,164,165,166,178,183,184,197,198,200,139,112,144,87,175,191,31,160,33,109,156,77,70,93,54,110,119,27,174,43,145,94,11,38,141,
12to 8:2,7,9,11,15,28,34,38,40,43,51,55,56,63,73,88,92,101,105,109,110,117,122,125,128,129,136,145,146,149,158,164,166,168,170,188,190,196,33,107,94,106,160,78,185,119,175,191,187,198,96,174,144,54,84,69,183,27,3,194,66,176,
12to 9:11,21,27,28,31,35,40,41,43,47,53,55,56,59,63,68,73,86,94,106,110,117,136,144,146,151,156,158,159,163,164,168,170,178,199,200,111,187,138,15,49,87,153,175,33,71,174,189,198,141,54,98,102,105,128,20,176,183,84,10,145,157,182,38,197,
12to 10:1,7,8,9,11,31,34,39,43,46,53,54,58,60,68,70,74,76,86,98,100,105,106,110,113,119,120,129,132,151,153,156,158,159,161,162,163,164,170,172,178,183,184,190,198,96,144,167,71,61,25,147,17,84,92,191,131,180,181,89,65,185,85,69,107,94,87,123,103,142,174,197,41,168,
12to 11:10,13,15,20,26,27,28,39,43,44,59,86,90,105,110,116,117,118,119,124,125,129,146,147,151,156,159,161,162,164,168,172,176,178,183,191,194,198,92,142,169,175,153,187,144,131,37,109,7,123,185,158,166,199,60,65,188,82,78,157,38,112,96,71,
12to 12:
12to 13:2,4,7,8,15,22,24,27,28,32,41,43,45,47,48,53,56,57,67,73,74,77,85,94,101,106,113,118,120,122,124,129,136,141,153,156,157,158,159,162,164,165,167,184,185,189,31,160,194,10,42,142,17,111,187,11,69,177,197,183,84,147,188,98,110,198,54,83,145,169,66,96,
12to 14:2,8,11,17,28,37,39,48,51,53,55,56,57,61,63,69,78,80,85,86,95,98,101,103,113,117,119,122,132,136,151,157,159,161,164,169,171,176,183,195,196,153,110,147,189,191,42,89,3,74,141,182,109,184,19,41,192,94,180,188,31,38,150,46,26,15,92,60,198,177,
12to 15:5,7,15,20,27,28,30,32,41,42,43,46,48,54,56,57,58,59,61,71,83,86,88,104,110,118,119,120,122,123,129,130,132,140,149,151,157,162,165,169,170,172,178,183,185,190,191,193,198,17,103,182,181,138,45,92,174,179,199,11,37,197,38,176,139,187,167,65,106,180,70,145,10,19,168,195,
13to 1:6,8,12,15,16,20,23,24,26,32,35,36,42,43,45,49,56,57,59,66,69,74,76,78,84,88,94,95,98,100,105,108,110,111,116,119,120,123,129,131,141,142,147,149,153,156,157,160,169,173,180,182,183,189,194,198,118,134,55,124,114,185,83,168,17,60,174,181,53,82,186,22,65,
13to 2:12,15,17,19,22,24,41,43,46,49,52,54,56,61,66,68,88,94,96,100,102,105,108,116,136,137,139,146,147,153,155,156,157,160,164,166,167,172,174,175,179,183,184,186,189,197,199,10,37,60,4,18,85,74,103,126,8,120,110,42,158,82,165,170,171,83,123,23,185,11,141,26,
13to 3:7,8,11,14,15,19,20,24,27,41,42,44,46,49,56,57,67,77,80,81,85,92,94,95,101,110,111,113,116,118,119,120,123,128,131,137,141,142,147,148,157,172,173,180,183,184,185,187,189,191,192,197,165,37,5,108,53,10,66,138,84,124,199,71,158,23,74,60,122,22,153,181,170,62,83,169,160,
13to 4:7,9,27,29,30,41,42,43,44,46,47,55,56,59,65,73,74,78,80,87,92,95,100,101,102,106,108,109,111,115,126,136,137,142,145,149,156,157,159,162,166,170,172,175,178,179,180,189,192,197,85,23,60,70,84,10,118,128,116,83,167,183,141,199,15,138,53,186,114,174,66,177,94,151,153,122,33,195,
13to 5:6,11,12,14,15,20,22,24,28,30,31,37,43,45,46,54,55,56,57,59,69,74,78,92,95,98,101,108,110,113,121,123,128,129,131,136,137,138,139,148,149,157,169,172,174,178,180,183,188,192,193,197,160,165,158,118,114,23,116,134,94,70,151,26,65,117,18,93,33,60,5,71,77,82,181,50,126,107,
13to 6:8,12,14,15,21,25,33,44,49,54,55,56,57,67,69,77,82,98,100,104,110,123,131,147,148,149,153,156,158,162,163,166,169,170,179,181,182,183,187,194,197,47,128,95,116,18,87,93,174,124,167,180,60,185,6,28,11,24,189,2,122,74,5,22,134,84,71,20,78,62,108,126,138,66,70,
13to 7:5,8,9,11,14,15,17,19,21,34,35,43,45,49,56,57,63,68,80,82,83,87,92,101,102,104,110,111,119,121,123,128,132,136,137,140,145,149,150,156,163,166,171,174,175,177,186,188,193,33,61,6,54,197,94,24,62,108,181,114,165,98,116,42,198,74,122,20,107,126,10,170,81,
13to 8:7,9,11,14,15,20,21,27,30,41,43,45,46,56,57,63,66,69,73,74,76,80,85,87,88,95,96,108,115,119,120,129,136,138,139,141,145,146,159,163,166,170,173,175,180,183,184,185,186,189,192,194,42,165,71,98,110,132,10,149,117,8,59,65,62,181,197,55,94,160,81,167,4,103,123,50,198,107,151,199,6,
13to 9:11,12,20,21,25,27,30,35,41,45,46,59,60,63,73,83,95,98,100,108,115,119,123,131,134,137,138,156,157,159,163,164,174,175,177,179,180,182,186,189,192,197,94,181,54,151,198,77,167,15,114,158,168,62,116,84,85,110,183,93,126,153,117,2,141,50,55,
13to 10:5,11,17,21,25,41,44,46,55,56,63,68,74,78,88,94,108,111,116,129,139,142,147,148,156,157,158,159,162,163,164,172,173,179,185,188,192,197,24,62,114,198,123,153,47,98,15,165,71,60,117,170,77,23,126,138,8,174,39,107,168,180,83,
13to 11:7,15,19,30,43,46,55,58,60,64,65,68,69,76,77,78,83,84,88,93,94,95,98,101,111,115,116,128,129,137,138,141,142,153,157,159,162,163,169,175,179,180,184,185,186,197,198,53,67,37,110,26,10,123,4,158,62,124,103,126,74,188,20,47,66,117,199,
13to 12:5,7,10,12,13,14,15,19,21,27,30,32,41,43,45,46,54,56,63,68,69,80,83,87,94,95,100,104,108,109,110,113,116,119,129,141,145,146,156,157,162,163,164,166,177,179,181,184,186,77,168,65,123,134,17,71,20,117,118,8,60,22,53,78,158,74,180,188,33,128,151,174,98,160,183,169,37,11,47,42,93,165,198,
13to 13:
13to 14:5,6,9,11,12,15,19,24,26,28,41,46,47,56,60,67,74,80,85,93,94,96,98,100,104,131,136,139,153,164,173,179,182,184,188,192,194,113,65,55,78,54,116,37,62,18,77,168,17,84,117,196,50,114,199,83,180,23,185,165,177,103,123,58,81,158,
13to 15:7,9,13,15,22,25,26,30,37,44,45,56,58,59,78,80,87,88,93,94,95,100,101,108,111,114,118,119,120,129,134,136,137,156,157,163,167,169,170,172,174,179,182,186,188,189,197,77,158,5,85,165,138,8,71,171,132,126,160,17,20,122,10,198,2,128,60,149,33,183,47,110,151,
14to 1:1,2,3,6,9,17,19,22,23,24,32,34,41,42,49,50,55,56,64,69,72,83,86,88,92,97,101,103,105,107,109,114,119,122,131,134,135,139,147,149,151,157,161,168,169,175,182,183,185,191,192,196,200,47,125,113,67,38,184,112,156,174,76,90,199,171,195,58,8,194,138,120,
14to 2:11,19,24,30,33,51,55,56,60,61,63,78,83,84,86,95,106,109,114,115,116,121,123,131,135,137,146,147,150,151,153,161,165,167,176,182,183,185,188,189,193,199,156,41,170,90,12,35,101,6,85,58,196,184,46,125,120,14,138,187,132,127,38,28,
14to 3:1,5,10,11,14,19,20,24,30,33,42,44,54,56,60,61,64,69,77,80,83,88,92,98,101,106,109,114,119,122,123,136,137,139,140,141,146,160,164,166,173,177,183,184,188,189,191,192,199,181,135,67,46,112,120,168,138,31,187,113,147,185,127,58,41,105,165,
14to 4:7,11,12,15,17,19,26,30,42,44,46,49,53,54,55,58,59,60,63,65,68,69,74,78,80,83,85,88,92,94,97,98,105,107,109,116,117,119,120,122,125,135,136,137,139,141,145,146,147,149,153,156,157,159,166,174,177,178,180,182,183,191,195,196,198,199,200,8,87,9,132,130,165,102,67,127,194,112,164,95,41,38,100,101,113,181,47,
14to 5:9,11,14,15,17,24,26,28,30,31,39,41,43,51,55,60,69,77,78,80,88,92,93,97,103,106,107,109,117,120,125,131,134,135,136,141,149,151,153,157,166,167,169,175,178,180,182,183,188,191,193,195,196,45,161,198,185,8,35,130,58,99,127,90,194,95,87,156,192,12,101,46,119,
14to 6:5,7,9,11,17,19,20,24,41,44,48,49,52,58,61,67,69,74,92,93,103,109,115,117,119,122,125,136,139,146,149,153,159,166,169,175,179,180,181,183,189,191,195,198,85,71,104,78,95,101,31,184,185,8,127,112,192,6,171,163,165,2,76,137,148,194,
14to 7:1,8,10,11,12,15,19,30,41,50,54,55,61,63,69,84,86,88,98,103,106,109,114,117,119,122,123,136,137,147,149,150,153,156,164,171,175,178,184,186,188,195,200,172,95,71,169,168,47,102,112,101,45,78,87,193,165,192,161,9,194,
14to 8:8,10,12,15,17,19,30,43,46,50,55,56,64,78,81,84,88,92,94,98,101,106,109,114,119,122,123,125,131,145,149,151,168,176,179,180,181,182,183,184,186,188,193,199,100,35,163,187,172,47,165,127,171,111,194,9,192,6,85,138,
14to 9:15,19,32,36,45,49,54,55,56,58,60,61,69,72,80,84,85,88,94,97,98,101,105,107,114,116,123,127,138,139,141,146,150,151,153,159,176,178,180,181,182,183,189,194,198,165,6,48,130,137,41,102,12,26,64,112,47,135,171,95,161,35,196,167,175,172,31,46,192,
14to 10:1,8,9,11,12,15,17,23,30,36,39,41,46,54,56,58,60,61,65,69,80,81,83,84,92,94,98,103,107,112,113,114,116,127,147,159,160,161,173,175,176,178,180,184,185,188,191,192,198,199,14,18,133,195,105,67,187,115,7,169,168,137,165,132,48,163,
14to 11:7,9,11,17,19,23,30,37,39,44,46,49,55,58,59,60,65,67,77,78,86,92,94,95,99,101,105,114,119,120,123,131,139,146,147,153,159,169,178,184,186,188,189,194,6,163,192,196,31,47,125,183,199,45,38,71,191,64,122,165,187,193,28,35,
14to 12:10,11,19,24,30,32,46,48,49,51,53,54,58,59,60,62,63,69,77,78,80,84,86,88,92,94,106,109,113,117,119,123,131,146,147,151,153,166,167,178,184,185,186,191,198,7,31,98,38,45,130,194,112,110,181,138,192,111,156,12,90,41,187,183,
14to 13:4,7,11,12,17,20,30,34,41,42,44,45,48,55,56,60,61,69,84,94,98,106,109,113,114,116,117,120,121,122,123,134,136,138,141,146,147,153,157,158,159,166,179,180,183,184,186,191,193,198,199,76,194,156,46,26,172,8,165,105,6,171,192,47,100,115,14,
14to 14:
14to 15:2,5,7,11,14,19,20,22,24,26,30,32,36,37,42,44,45,49,54,55,56,58,72,85,86,92,95,101,104,106,107,112,117,119,122,123,136,138,151,157,159,161,169,171,176,178,180,182,183,188,191,192,195,199,130,137,172,194,163,100,47,185,9,79,87,90,102,184,120,48,
15to 1:11,15,17,19,34,37,39,41,43,45,54,55,58,61,65,72,82,86,88,90,92,94,95,110,111,120,123,132,135,137,140,143,144,153,154,156,157,159,162,166,167,168,169,173,175,176,182,183,186,189,194,195,196,71,57,138,2,47,101,146,83,93,10,56,119,97,108,147,32,161,191,172,114,
15to 2:19,22,35,39,42,43,52,58,65,66,68,71,83,85,86,87,88,90,95,96,97,100,108,110,114,116,123,132,139,144,146,154,156,160,165,168,170,172,181,182,192,193,195,199,45,103,36,16,119,171,48,50,56,4,61,126,174,47,151,196,10,197,89,104,
15to 3:9,11,20,23,27,35,39,41,42,44,60,61,65,72,73,77,85,90,92,105,106,111,113,116,120,122,123,128,130,131,135,136,137,138,143,144,165,168,169,170,172,178,183,185,186,132,31,171,45,112,57,101,104,160,58,10,46,71,103,146,93,114,129,14,4,80,78,8,
15to 4:11,17,18,19,22,26,27,35,42,46,47,55,56,65,66,68,70,73,83,87,88,92,94,95,107,108,111,112,113,114,122,128,131,132,144,147,151,156,157,160,162,165,172,176,178,179,180,181,182,186,189,194,196,199,198,45,171,58,10,146,78,50,127,2,84,120,145,140,25,97,159,138,
15to 5:9,11,14,15,20,25,26,28,30,36,37,39,45,55,75,90,93,94,105,107,110,117,123,128,139,144,148,154,156,157,160,161,166,168,169,178,180,182,183,185,190,192,196,199,158,137,78,149,57,104,112,130,71,92,184,50,58,120,102,5,101,136,79,172,61,97,197,43,95,122,174,
15to 6:7,14,17,20,23,25,28,33,36,38,41,42,44,46,47,56,59,61,64,72,77,78,79,86,87,93,95,96,97,98,100,107,110,112,120,123,128,129,131,134,136,139,140,144,148,151,154,156,162,165,168,169,170,174,175,176,178,180,183,184,186,187,119,8,84,197,4,92,122,58,126,146,2,89,48,138,26,179,193,5,
15to 7:8,9,11,15,17,19,20,24,25,35,38,39,42,45,46,54,55,56,63,79,80,82,92,96,97,102,111,116,122,123,126,128,136,139,144,145,146,147,154,156,160,161,162,163,165,170,175,181,184,185,186,189,190,194,199,112,10,26,137,37,132,174,93,129,158,200,138,149,193,114,127,103,78,183,177,48,4,58,
15to 8:8,11,27,30,39,42,45,50,55,56,58,63,71,72,85,87,92,95,97,100,102,105,123,132,138,139,140,144,146,154,160,169,170,173,174,181,182,186,191,194,199,84,94,31,83,88,108,157,166,149,9,48,183,126,26,43,151,114,2,5,179,193,145,198,10,57,
15to 9:11,15,19,21,23,25,27,30,33,35,36,38,46,47,50,55,63,70,71,72,77,82,88,91,96,98,100,102,106,110,112,123,126,128,139,144,145,146,163,165,173,174,182,183,189,199,84,95,137,45,80,103,159,48,10,114,138,26,97,104,177,197,161,178,200,
15to 10:8,14,15,17,25,36,37,39,44,47,50,54,56,58,63,64,71,72,78,83,92,95,96,97,100,105,107,111,113,117,120,123,126,129,131,137,139,140,142,144,147,153,156,161,162,163,169,170,172,174,183,184,185,186,188,199,136,119,130,93,31,159,114,2,148,171,88,138,102,108,5,158,
15to 11:11,15,20,39,45,46,58,68,72,74,77,78,79,86,90,94,96,111,114,122,123,126,131,137,142,143,145,156,161,162,169,178,179,186,190,191,199,107,83,132,138,88,47,159,120,92,119,9,71,193,10,146,95,103,26,147,149,
15to 12:7,9,10,13,14,20,27,30,36,37,39,41,42,45,46,54,55,56,63,65,71,73,77,78,79,86,90,92,96,100,105,110,113,116,117,128,133,134,136,139,142,145,147,153,156,159,161,162,163,183,184,194,199,177,94,101,26,157,132,171,146,160,138,178,32,130,58,185,102,
15to 13:7,11,20,24,25,26,32,33,34,39,41,42,47,55,56,58,73,87,92,95,98,100,102,105,113,114,116,124,128,131,132,137,138,140,142,145,153,156,157,158,160,162,170,173,181,186,189,192,193,194,195,165,159,50,67,126,8,9,71,45,183,2,101,120,179,93,10,108,57,185,94,83,184,146,
15to 14:8,11,14,17,28,30,35,38,41,50,52,55,56,60,78,80,83,86,94,95,97,98,105,106,107,110,119,123,134,137,139,145,146,153,159,161,165,169,171,175,176,181,182,183,184,185,192,193,194,195,174,132,135,9,92,120,191,104,198,147,103,2,187,138,58,61,84,136,112,127,48,100,10,
15to 15:

cell1:8,6,15,2,9,7,3,13,12,11,5,14,10,4,
cell2:8,13,4,11,12,5,9,6,1,7,3,10,14,15,
cell3:7,4,14,6,8,2,15,5,1,11,10,13,12,9,
cell4:9,8,14,15,3,12,1,5,7,6,2,13,10,11,
cell5:15,2,14,8,13,4,11,12,7,9,10,6,1,3,
cell6:11,12,15,5,1,14,8,10,7,13,4,9,2,3,
cell7:5,13,1,6,12,4,3,11,2,14,9,8,10,15,
cell8:4,7,14,6,3,5,12,13,1,9,2,10,11,15,
cell9:4,12,11,14,13,2,1,8,7,5,6,10,15,3,
cell10:13,1,14,11,6,5,3,7,8,9,15,12,2,4,
cell11:8,2,9,6,13,5,14,4,12,1,15,10,3,7,
cell12:10,6,9,11,5,8,15,4,3,2,1,13,14,7,
cell13:12,1,15,4,2,9,8,5,10,7,3,14,6,11,
cell14:5,12,6,15,2,8,1,11,10,3,4,13,7,9,
cell15:2,11,12,14,6,13,4,9,5,8,1,7,10,3,
