machine1:0,29,1,99,125,200,111,45,41,180,12,169,86,156,95,82,72,55,158,54,192,8,78,101,61,15,165,58,152,122,166,105,3,194,22,26,47,181,168,174,195,114,144,186,98,154,157,43,83,137,35,121,6,171,175,129,150,64,30,56,17,199,147,33,28,50,36,119,77,160,123,
machine2:0,182,1,118,142,124,200,133,151,102,12,169,86,68,156,120,7,146,198,149,85,95,34,82,72,153,55,54,110,162,197,108,192,73,112,170,15,165,58,166,44,141,60,2,194,22,18,168,42,11,20,114,94,186,49,154,193,83,19,121,6,175,187,189,64,30,56,132,147,109,113,126,37,38,119,148,
machine3:0,29,24,182,76,200,32,52,93,53,41,163,151,115,169,86,156,127,140,7,97,85,95,82,161,55,51,185,48,110,108,192,73,191,61,170,165,105,141,2,10,194,138,173,16,27,168,92,195,144,172,184,69,116,193,65,135,175,189,176,30,59,132,17,33,113,128,28,119,148,167,77,188,160,123,
machine4:0,190,57,118,91,79,67,124,32,159,120,131,72,21,161,51,90,107,185,134,110,197,8,9,84,122,166,22,26,138,47,143,183,70,42,20,92,94,69,116,145,154,43,137,103,19,65,171,135,189,31,59,71,132,17,109,128,37,88,36,74,106,119,164,167,77,160,123,
machine5:0,89,190,62,76,200,111,139,133,41,180,163,159,86,140,23,198,178,34,153,161,90,134,8,9,78,191,101,170,15,63,58,196,105,141,60,2,168,11,92,174,195,66,114,94,144,49,69,98,83,103,19,65,100,35,171,75,129,132,17,199,147,109,37,28,74,148,167,123,39,
machine6:0,81,155,52,179,151,115,12,86,68,156,127,96,146,198,178,153,55,107,185,197,8,170,165,196,44,136,141,60,2,10,22,26,14,173,143,183,27,42,144,49,116,145,157,43,100,135,187,46,176,132,33,109,38,50,74,119,
machine7:0,89,29,190,62,125,111,52,151,102,12,169,68,156,120,140,7,97,149,178,95,82,21,153,161,55,158,110,108,192,73,84,191,61,122,166,105,141,60,13,138,47,183,42,11,20,66,114,172,69,154,83,65,35,171,175,189,129,46,150,31,176,56,147,28,38,164,188,123,39,
machine8:0,89,139,163,86,120,96,7,23,85,131,153,51,107,185,48,110,197,108,8,78,61,15,165,58,122,166,13,26,138,14,173,181,16,143,70,11,92,174,195,114,94,116,154,157,193,137,19,100,121,6,187,189,30,56,59,132,17,199,33,109,126,128,88,38,119,167,188,160,
machine9:0,182,4,99,62,155,80,52,139,45,133,41,180,159,12,86,146,198,161,90,107,185,108,73,9,191,101,61,15,196,122,105,10,13,138,183,168,42,174,66,144,186,69,98,43,193,103,35,171,87,187,150,31,176,30,33,113,126,38,106,119,164,
machine10:0,117,24,4,1,104,142,200,45,41,102,115,86,68,120,7,97,198,82,72,21,55,51,158,90,54,110,108,8,73,61,15,196,166,141,10,22,47,181,18,42,11,92,66,144,186,184,69,145,43,137,19,35,135,175,189,75,30,71,17,199,33,128,50,119,164,148,167,77,123,
machine11:0,24,182,125,53,41,163,159,68,127,96,23,146,97,178,95,131,161,158,110,162,197,8,170,15,63,165,58,196,122,166,141,2,22,138,14,47,27,11,195,94,144,98,154,43,137,103,100,121,87,46,150,56,71,199,113,126,37,36,74,106,119,188,39,
machine12:0,29,190,57,4,1,104,91,62,81,130,125,67,124,32,40,111,25,93,139,45,53,133,41,180,159,102,12,169,68,156,127,120,140,23,146,198,85,178,95,131,72,21,158,90,107,185,54,110,197,108,192,8,9,112,78,84,191,101,170,63,58,196,152,122,166,105,44,136,141,60,10,194,22,26,138,14,47,173,181,143,183,27,70,168,42,11,20,92,66,94,144,172,186,49,69,98,157,43,177,193,83,137,103,19,65,100,35,121,6,171,135,175,187,189,129,46,150,64,31,30,56,59,199,147,33,113,128,37,88,28,38,36,74,106,119,164,148,77,188,160,123,39,
machine13:0,24,190,57,1,118,62,130,155,80,125,142,79,67,32,111,52,93,179,163,5,159,115,12,169,86,68,156,127,7,23,97,85,95,131,72,21,153,161,55,158,90,107,185,54,134,110,162,197,108,192,8,73,112,78,191,101,61,170,15,63,165,58,196,152,122,166,105,44,136,141,60,2,10,13,194,22,138,14,173,181,143,183,27,168,42,11,20,92,174,195,66,114,144,186,49,184,69,98,116,145,157,43,193,83,137,19,65,100,35,171,135,189,129,46,150,31,59,71,132,17,199,147,109,113,128,37,88,50,106,119,164,148,167,77,160,123,39,
machine14:0,117,57,182,130,80,125,142,76,67,124,200,32,40,111,25,45,53,179,133,41,180,151,159,102,115,12,169,156,120,140,7,23,146,97,149,85,178,95,131,82,21,153,161,55,158,90,107,134,162,197,108,192,8,73,112,78,84,191,101,170,15,63,165,58,196,152,166,44,136,141,10,13,194,22,26,138,47,173,181,18,183,27,70,168,42,11,92,174,195,114,94,144,186,49,69,116,145,157,43,177,83,137,19,65,100,35,171,175,87,189,46,150,31,30,56,59,132,17,199,109,113,126,128,37,88,38,50,74,119,164,148,167,188,160,123,39,
machine15:0,29,118,91,62,155,80,125,142,79,67,124,40,111,139,41,180,5,151,159,102,12,169,68,156,127,120,140,7,198,85,178,95,72,153,161,55,158,107,54,110,197,108,192,8,73,9,112,78,191,101,170,15,58,152,122,166,105,44,136,141,60,2,10,194,22,138,14,47,173,181,18,183,27,70,168,42,11,20,92,174,195,66,114,94,144,172,186,69,98,116,145,157,193,83,137,19,65,100,35,121,135,87,189,46,31,176,30,56,59,71,17,199,147,33,109,113,88,38,74,106,119,167,188,160,
machine16:0,190,99,91,130,125,142,79,124,40,93,139,53,133,180,5,151,159,102,12,169,86,140,23,85,178,95,131,82,21,153,55,51,158,90,107,185,54,134,110,197,108,192,8,78,191,101,61,170,15,165,58,196,122,105,44,136,60,13,194,22,26,138,14,173,18,70,168,11,20,92,174,66,114,94,144,172,69,98,116,157,43,83,137,103,65,75,129,46,31,30,71,132,17,147,33,109,113,126,37,28,38,50,36,74,106,119,148,77,160,123,39,
machine17:0,117,24,182,104,118,99,125,79,40,93,139,45,53,179,41,180,163,5,169,156,120,96,140,146,198,149,178,95,34,153,161,55,158,90,107,185,54,134,110,197,108,192,9,101,61,170,15,58,122,166,105,44,136,60,10,22,181,18,183,27,70,42,11,92,195,94,172,186,184,69,116,154,157,43,193,83,137,19,65,100,35,121,135,175,87,187,75,129,46,150,31,30,56,71,199,126,88,50,36,106,119,167,77,188,160,123,39,
machine18:0,117,29,190,57,1,104,91,130,80,124,40,25,93,139,45,41,151,156,127,120,140,97,198,149,178,95,82,72,153,161,51,158,90,107,185,134,110,197,108,192,8,9,112,78,191,101,61,170,15,165,58,196,152,166,136,141,10,194,26,14,181,16,18,183,27,168,11,92,174,195,114,144,186,145,154,157,43,193,137,103,65,100,35,121,6,189,129,46,150,31,30,56,59,199,33,109,113,128,37,88,28,38,50,74,119,77,188,160,123,
machine19:0,89,117,24,57,4,1,91,62,130,80,125,76,67,124,32,93,139,53,179,41,180,5,151,159,115,12,169,86,68,156,7,23,146,97,198,149,85,178,95,131,82,72,21,153,161,51,107,185,54,48,162,197,108,192,8,73,9,112,78,84,191,61,170,165,58,152,122,166,105,44,136,3,60,2,13,194,22,138,14,47,181,16,18,183,27,168,42,11,92,174,195,66,94,144,186,184,98,116,145,157,193,103,19,100,35,6,171,135,175,87,187,189,75,129,46,150,64,56,59,71,17,147,33,109,126,37,88,38,36,74,119,148,167,77,188,160,123,39,
machine20:0,29,190,182,4,104,91,62,155,125,79,124,32,40,52,25,45,53,179,41,180,163,151,159,12,156,127,120,96,140,7,146,97,198,85,178,95,82,72,21,153,55,51,158,90,134,48,110,108,192,8,9,112,78,191,101,170,15,165,58,196,152,122,166,105,136,60,10,13,194,22,26,138,14,47,173,181,183,70,168,11,20,92,174,195,66,114,94,144,172,186,49,184,69,116,145,154,157,193,137,103,65,100,121,6,171,175,87,189,75,129,46,150,31,176,30,56,59,17,109,113,126,128,88,28,38,36,74,119,164,148,167,77,188,160,39,
machine21:0,117,24,190,57,182,4,1,104,118,99,62,81,155,80,125,142,79,76,67,124,200,32,40,111,25,93,139,45,41,180,163,5,151,159,102,115,12,169,86,68,156,127,120,96,140,7,23,146,97,198,149,85,178,95,131,34,82,72,21,153,161,55,51,158,107,185,54,48,110,162,197,108,192,8,73,9,112,78,84,191,101,61,170,15,63,165,58,196,152,122,166,105,44,136,141,60,10,13,194,26,138,14,47,173,181,16,18,183,27,70,168,42,11,20,92,174,195,66,114,94,144,172,186,49,184,69,98,116,145,154,157,43,177,193,83,137,103,19,65,100,35,121,6,171,175,87,187,189,129,46,150,64,31,30,56,59,71,132,17,199,147,33,109,113,126,128,37,88,38,50,36,74,106,119,164,148,77,188,160,123,39,
machine22:0,117,29,190,57,182,4,1,104,118,99,62,81,130,80,125,76,124,40,111,52,25,93,139,45,179,41,180,163,5,151,159,102,115,12,169,127,120,96,140,7,23,146,97,198,149,85,178,95,131,34,82,72,21,153,161,55,51,158,90,107,185,54,134,48,110,162,197,108,192,8,73,9,78,84,191,101,61,170,15,63,165,58,196,152,122,166,105,136,3,141,60,2,10,194,22,26,138,14,47,173,181,16,18,183,27,168,42,11,20,92,174,195,66,114,94,144,172,186,49,184,69,98,145,154,157,43,193,83,137,103,19,65,100,35,121,6,171,135,175,87,187,189,75,129,46,150,64,31,176,30,56,59,71,132,17,199,33,109,126,128,37,88,28,38,50,74,106,119,164,148,167,77,188,160,123,39,
machine23:0,190,57,62,155,76,32,111,25,45,53,41,151,12,156,120,96,140,23,146,198,85,95,82,153,161,158,90,107,54,110,197,108,192,84,191,61,170,15,63,58,152,105,141,60,26,138,14,47,16,183,27,70,168,11,20,114,172,69,98,116,145,157,137,103,19,35,121,171,175,87,187,189,129,46,150,31,176,30,56,59,71,17,113,128,37,88,28,38,119,148,167,77,
machine24:0,89,117,182,104,130,67,200,40,111,25,93,45,53,179,41,180,163,159,102,115,86,68,156,120,96,140,7,146,97,198,85,95,34,82,21,153,55,158,90,54,134,48,197,108,73,9,112,84,191,101,61,15,63,165,44,136,141,2,10,194,26,138,47,173,183,27,11,66,114,94,144,172,186,49,69,98,145,157,43,177,193,83,137,19,65,35,121,6,171,135,175,187,189,75,129,46,150,64,31,176,56,59,71,199,147,33,88,28,38,50,36,106,119,164,148,167,77,188,160,123,39,
machine25:0,190,182,1,104,91,80,125,79,200,32,111,93,139,133,41,180,163,151,159,102,12,127,120,140,146,198,178,95,131,34,72,21,153,161,158,185,54,110,197,192,73,112,84,170,15,63,165,58,196,166,105,136,141,60,194,138,181,183,27,168,11,20,92,174,195,114,94,144,186,49,98,145,154,177,193,103,19,100,35,6,175,87,187,129,150,176,71,199,33,109,113,126,128,88,38,50,119,167,77,
machine26:0,117,24,1,104,81,142,67,25,93,53,41,180,163,151,159,102,169,86,140,7,23,97,198,149,85,178,131,82,153,161,158,107,185,54,108,192,8,9,112,78,84,191,61,165,196,105,44,60,10,194,138,14,47,183,11,20,92,174,195,94,144,186,49,69,98,43,83,137,103,100,121,56,71,199,113,126,37,88,50,74,164,77,188,160,123,39,
machine27:0,89,104,130,155,76,67,124,111,52,25,139,179,180,159,115,86,68,156,120,96,7,131,72,153,161,158,90,107,185,48,110,162,108,8,191,61,170,15,165,58,196,122,141,194,22,26,138,16,18,70,42,11,20,92,94,184,69,116,154,43,193,137,65,100,121,6,171,175,87,187,129,46,31,30,56,71,17,199,147,126,36,119,148,167,188,39,
machine28:0,117,118,62,80,142,67,139,133,163,5,151,12,156,120,140,23,146,149,82,21,153,55,107,185,54,110,197,108,192,8,170,15,63,165,58,105,44,136,60,2,22,26,138,47,173,181,18,143,183,168,20,92,174,114,94,144,172,69,98,116,157,43,193,83,103,35,171,75,129,176,30,71,17,199,113,128,37,88,50,36,74,106,119,148,167,77,188,160,39,
machine29:0,190,57,1,62,81,76,200,52,53,179,41,180,5,159,102,169,68,156,127,120,96,140,23,146,198,95,131,34,72,153,158,107,185,54,134,48,110,162,197,192,8,73,9,112,78,84,170,15,165,58,105,141,14,173,16,183,27,168,42,195,66,172,186,69,98,43,193,137,65,100,6,87,129,46,64,31,30,71,132,17,199,147,113,126,128,37,88,38,106,119,188,123,39,
machine30:0,182,4,118,99,62,125,142,79,67,93,139,45,180,12,169,86,146,97,198,149,85,178,131,72,21,55,185,54,48,197,108,192,73,9,112,191,61,170,63,58,105,44,10,13,26,138,47,143,183,11,92,195,114,144,172,186,49,184,116,154,157,193,83,19,65,6,171,175,87,187,189,129,150,31,176,30,59,71,17,199,147,126,37,88,28,38,106,119,164,77,188,39,
machine31:0,117,29,118,62,79,67,124,200,111,179,102,115,12,169,86,68,120,96,23,149,178,95,131,82,72,21,153,161,55,158,90,107,110,162,108,9,112,78,191,101,165,58,196,152,166,44,136,3,60,10,13,194,26,47,173,143,27,42,20,92,174,66,94,69,98,157,193,137,103,19,100,35,189,64,56,59,71,199,109,88,38,36,74,119,77,160,39,
machine32:0,99,125,142,79,76,124,53,179,133,163,159,12,169,86,68,156,146,198,95,72,161,90,107,185,54,8,73,112,78,191,61,15,58,196,122,44,10,26,138,183,27,70,168,11,20,92,195,66,94,144,184,98,116,145,157,43,193,137,103,65,35,187,75,129,46,31,30,56,59,71,132,199,126,128,37,88,28,36,74,119,164,188,123,39,
machine33:0,190,57,1,142,76,67,52,93,139,45,180,163,151,96,140,7,178,131,82,153,161,158,107,185,134,108,192,8,9,78,84,191,15,58,196,105,141,60,10,13,194,22,138,173,18,27,11,20,114,144,172,186,49,98,116,157,193,83,137,103,65,6,187,189,129,46,64,59,199,109,128,74,119,164,77,188,160,123,39,
machine34:0,117,24,1,118,67,200,32,111,25,93,45,179,41,180,163,5,151,102,169,86,68,156,96,140,7,178,161,55,51,158,90,54,110,9,78,84,170,63,165,166,141,60,13,194,26,138,14,47,16,183,27,70,168,42,11,92,174,66,94,144,172,69,98,116,43,83,65,100,171,175,189,129,31,176,30,56,59,71,132,147,109,113,37,28,36,106,119,77,160,39,
machine35:0,117,190,182,4,130,125,67,200,32,40,139,45,53,41,163,102,12,68,156,120,96,7,146,97,198,85,72,153,158,107,54,110,162,197,108,8,73,112,78,191,101,61,15,63,165,196,105,44,136,141,10,13,22,26,181,183,168,11,20,92,174,195,114,94,144,184,98,145,43,103,35,87,75,46,150,31,30,56,71,132,17,147,33,109,113,128,37,88,119,167,77,160,123,
machine36:0,118,130,80,79,124,93,53,133,41,151,159,115,169,86,156,120,140,146,198,149,85,178,95,82,21,153,158,107,185,48,110,162,197,192,8,73,191,101,15,165,58,196,122,105,3,141,60,2,10,194,47,181,16,183,27,168,42,11,92,195,66,94,144,172,49,184,69,145,157,43,193,83,175,187,189,129,46,176,30,132,17,199,147,33,109,113,128,88,38,36,74,106,164,167,77,188,39,
machine37:0,89,57,104,62,142,76,124,200,53,133,41,180,159,169,68,156,96,7,146,198,178,95,131,34,82,153,51,158,185,54,134,110,73,191,61,170,63,152,122,166,105,136,2,10,13,194,22,14,183,27,70,20,92,94,144,186,69,43,177,103,19,65,100,35,187,189,46,59,71,199,33,109,113,37,28,38,74,106,119,164,148,167,77,188,160,123,
machine38:0,57,182,104,118,62,142,67,111,52,93,45,179,41,180,5,86,68,156,96,140,198,149,85,178,95,21,153,55,158,107,185,54,110,108,8,9,78,84,170,196,122,166,44,136,141,60,10,13,194,22,26,138,47,181,16,183,27,11,20,92,174,66,114,94,186,98,116,145,177,83,137,65,100,6,171,175,87,189,46,71,132,109,128,50,74,106,119,164,148,167,77,188,160,
machine39:0,29,24,57,81,155,67,124,111,93,45,41,180,5,151,159,102,156,120,140,7,23,146,149,85,95,131,82,21,55,158,48,110,197,108,192,8,9,78,191,101,61,170,15,165,141,60,10,194,22,138,14,47,173,181,18,183,27,70,195,66,114,94,172,184,69,98,116,145,157,193,83,137,171,87,189,129,46,150,64,30,56,59,132,17,199,33,113,126,128,37,74,106,119,148,188,160,123,
machine40:0,117,190,57,4,32,25,93,45,53,179,41,180,5,151,159,115,12,169,68,156,127,120,7,23,198,95,158,134,197,192,8,73,101,61,15,165,58,122,136,141,60,22,26,138,47,42,11,20,66,186,184,98,116,145,157,43,137,103,19,65,35,87,189,129,30,59,71,17,199,147,113,126,128,28,36,74,148,167,188,123,
machine41:0,117,29,4,118,62,80,142,76,111,93,139,41,180,163,12,169,156,120,96,7,23,198,85,34,82,153,54,134,162,197,108,78,84,170,15,63,58,122,105,136,60,2,10,194,22,173,181,16,18,183,168,42,11,20,92,174,195,66,114,94,172,186,49,69,98,116,157,43,177,193,19,65,100,121,6,175,187,189,129,31,56,17,147,113,126,37,88,50,77,188,123,39,
machine42:0,89,117,24,57,99,62,130,80,125,76,67,200,32,111,139,45,53,41,180,12,169,86,156,7,178,90,185,54,48,8,9,78,84,191,101,61,165,58,122,44,60,26,14,181,42,11,20,114,94,144,184,69,98,116,145,157,43,177,83,103,6,171,135,175,64,30,56,59,132,17,199,147,33,109,88,28,74,164,188,
machine43:0,24,4,1,62,93,139,45,179,133,41,180,159,102,169,86,156,127,120,140,23,146,198,85,178,95,131,34,72,153,161,51,107,185,54,134,110,192,9,112,101,58,196,122,166,141,60,2,10,194,138,47,181,18,183,168,42,11,92,174,94,186,184,69,98,116,193,83,137,103,19,100,135,175,187,46,64,31,176,71,17,199,147,109,88,36,106,119,148,77,188,123,39,
machine44:0,117,190,182,104,99,81,130,80,125,76,52,179,41,180,163,151,115,86,68,120,96,97,198,149,85,178,95,153,55,158,107,134,48,110,192,8,9,112,78,84,191,101,61,170,15,63,165,58,166,105,136,3,141,26,138,14,47,173,168,11,174,195,172,49,69,177,83,103,19,65,35,121,6,171,135,175,87,189,46,150,176,30,132,147,126,37,88,38,50,119,164,77,160,123,39,
machine45:0,182,1,79,32,139,41,5,151,159,115,12,127,7,146,198,149,178,131,82,153,161,55,107,134,48,192,8,112,78,84,191,61,15,165,58,196,122,166,105,44,136,3,10,194,22,14,173,181,183,168,11,92,195,94,49,184,98,193,103,19,6,187,46,150,31,56,59,17,33,109,113,28,38,106,119,167,77,188,123,
machine46:0,79,32,25,45,133,159,169,120,96,140,146,97,178,131,82,72,21,158,90,162,108,192,8,73,112,61,165,58,166,136,2,10,194,26,14,173,183,27,11,92,195,94,144,172,184,116,145,193,137,100,35,171,175,187,75,64,30,132,17,126,128,37,88,28,106,77,160,123,
machine47:0,190,57,182,4,130,79,124,52,139,45,179,180,163,5,151,102,120,96,7,146,97,178,95,34,72,153,55,158,90,185,48,110,197,192,9,112,191,101,61,15,58,122,10,138,14,47,181,16,70,11,20,92,114,94,144,98,145,157,43,83,137,103,19,65,100,35,129,46,56,71,132,147,128,37,28,50,148,77,160,39,
machine48:0,89,117,104,118,91,130,142,67,200,32,111,179,41,163,151,169,156,127,23,97,198,149,85,178,95,131,161,90,107,54,134,110,162,197,108,9,112,84,61,170,15,165,58,196,122,105,44,2,10,13,194,26,138,47,18,183,70,168,42,92,174,172,186,49,184,193,83,137,65,100,135,87,187,129,56,71,17,199,126,74,188,39,
machine49:0,104,142,25,139,102,86,68,156,96,7,146,97,149,82,72,153,161,55,90,107,134,48,108,78,191,101,170,165,58,122,166,105,44,60,10,13,22,138,47,143,183,42,11,92,195,66,114,186,184,116,145,157,137,103,19,135,189,176,30,59,71,132,147,33,126,128,38,50,36,119,148,167,188,160,39,
machine50:0,24,57,182,80,200,111,25,93,139,45,41,102,120,140,146,85,95,161,55,185,48,9,112,78,191,61,170,63,165,196,105,2,10,194,138,14,47,173,181,16,183,20,92,114,94,172,184,154,157,177,83,137,19,100,87,189,64,31,30,56,132,199,113,37,88,36,106,119,148,123,

1to 1:
1to 2:18,23,29,30,42,48,53,55,56,61,65,66,69,72,94,109,115,121,123,125,131,133,139,141,144,148,157,158,166,167,185,196,199,89,176,1,154,97,68,150,31,164,181,86,186,132,12,43,103,19,95,113,156,82,120,98,107,116,37,183,110,193,197,8,114,15,138,189,47,160,192,119,22,
1to 3:20,22,23,49,56,64,72,94,110,111,123,128,141,142,144,160,161,166,175,180,190,191,196,199,152,125,1,42,73,63,67,36,159,150,181,65,86,186,44,60,12,169,43,187,167,113,156,140,69,116,37,88,122,77,153,137,138,189,47,168,108,192,92,58,
1to 4:2,7,11,12,17,19,23,35,41,55,59,65,69,72,82,88,102,110,123,135,138,141,142,144,159,168,180,181,182,200,118,29,162,133,42,124,68,145,70,43,109,167,113,126,26,101,107,116,183,85,122,30,38,105,193,83,153,137,94,170,15,189,74,27,160,119,92,195,22,58,
1to 5:1,16,23,28,34,41,55,59,61,69,82,88,91,92,99,109,110,123,128,129,133,134,148,156,165,166,170,184,190,57,154,51,93,186,163,12,9,147,43,175,54,95,120,26,101,98,107,37,30,197,77,153,114,161,191,194,71,15,138,160,108,192,119,22,58,
1to 6:17,18,20,24,28,29,35,37,41,48,49,51,66,76,82,91,92,101,103,109,110,115,138,139,148,154,156,160,163,165,167,168,175,180,184,185,189,193,152,3,32,57,162,121,42,2,150,181,72,86,9,147,33,196,146,95,69,98,88,198,122,197,171,77,153,161,78,144,194,71,170,74,108,39,
1to 7:12,15,17,33,49,55,62,69,102,103,109,123,137,139,140,144,147,148,149,154,161,163,165,175,182,184,188,193,196,199,200,34,57,67,36,68,164,181,65,21,86,45,186,44,132,43,54,156,26,88,198,11,122,38,105,83,197,171,78,191,194,189,27,168,108,119,112,58,
1to 8:9,12,20,30,34,42,49,62,64,69,83,99,101,109,110,122,131,144,148,154,165,168,170,173,175,182,190,162,28,124,73,76,159,181,65,21,172,6,163,169,33,54,166,82,98,11,85,193,153,114,56,94,194,71,15,189,47,199,58,
1to 9:12,17,19,20,28,35,39,41,53,56,58,59,60,72,82,86,101,102,106,113,119,134,141,148,158,159,161,163,183,200,176,125,121,16,63,93,111,31,164,70,186,9,175,174,54,129,156,120,98,107,116,37,198,11,38,105,83,171,77,153,137,170,15,47,27,123,199,
1to 10:11,12,17,20,34,42,56,58,60,61,62,69,86,88,94,100,110,123,134,138,148,156,158,159,161,165,180,190,191,196,176,1,162,121,124,200,68,7,31,65,72,21,172,186,169,9,175,151,103,113,128,82,120,107,37,198,30,8,153,114,185,71,170,15,27,168,192,119,92,199,22,
1to 11:6,7,20,28,30,35,49,55,58,59,62,66,72,76,82,88,90,93,103,109,122,125,131,137,157,159,161,169,192,200,118,152,3,162,63,36,150,65,86,45,172,44,163,17,43,180,151,54,26,37,183,198,11,38,193,83,8,171,77,94,71,138,108,119,92,199,22,
1to 12:2,17,24,30,41,78,86,88,119,131,157,161,163,165,169,180,183,198,200,118,89,1,162,51,124,63,93,53,145,7,164,181,21,55,132,147,43,113,156,82,120,69,98,107,116,37,110,105,8,77,153,185,191,94,144,71,15,138,189,92,195,58,
1to 13:12,15,17,29,41,56,66,77,83,93,100,110,119,122,128,134,141,148,151,153,158,159,163,173,181,184,118,32,42,28,67,145,150,65,21,86,55,45,186,43,180,174,54,166,167,113,156,120,69,98,116,37,198,11,85,193,197,8,94,194,170,138,47,74,168,160,192,123,199,22,58,
1to 14:2,7,35,41,48,49,53,59,61,62,78,88,93,95,101,106,109,113,114,115,119,122,135,161,175,180,181,182,184,185,189,200,1,133,28,36,159,145,64,31,86,55,45,60,132,17,169,43,173,151,166,120,69,98,116,193,171,77,191,94,71,15,47,123,92,199,195,58,
1to 15:2,7,17,23,24,35,41,42,45,58,59,78,82,86,91,93,100,102,110,113,122,134,137,139,148,161,163,166,170,178,182,190,192,198,89,32,154,28,124,79,97,50,63,36,145,70,72,55,132,169,43,151,103,95,156,120,26,107,183,38,171,77,114,56,185,191,144,194,138,47,74,160,108,92,165,
2to 1:1,2,7,8,11,21,22,24,26,35,45,56,58,59,60,61,71,72,74,82,86,102,103,107,110,115,120,122,123,137,139,150,154,156,166,173,174,181,182,183,184,185,190,199,162,62,51,42,28,84,63,36,172,163,132,17,12,157,41,151,167,126,128,98,30,153,114,170,15,189,108,119,
2to 2:
2to 3:1,4,10,12,20,22,24,31,35,46,49,50,60,65,66,68,72,80,81,85,92,98,102,103,106,107,109,125,137,139,141,150,156,160,167,171,173,186,187,162,42,73,36,111,164,6,163,17,41,43,148,19,95,100,69,14,116,122,30,38,105,197,8,144,61,15,108,119,123,199,58,
2to 4:11,21,22,27,30,35,43,47,53,54,55,66,68,74,78,83,87,88,94,95,102,117,120,122,131,132,133,135,140,141,146,149,150,153,158,167,168,171,174,178,182,186,191,192,195,162,62,42,73,7,164,139,17,157,109,19,113,100,69,14,198,85,38,105,197,114,15,138,189,108,58,
2to 5:11,15,23,24,30,43,50,55,69,74,78,82,88,94,95,99,103,106,107,108,110,113,116,117,120,137,138,139,140,149,150,151,154,161,166,174,178,183,192,193,195,197,199,121,28,96,31,158,172,44,157,33,41,148,109,196,46,184,114,185,144,61,170,119,123,
2to 6:4,11,12,19,20,21,22,24,31,33,42,55,56,59,60,72,77,82,89,95,97,103,104,109,110,116,119,120,122,123,126,131,144,146,147,150,154,156,168,174,179,181,182,186,195,197,52,62,16,36,158,45,41,148,196,166,136,113,184,100,14,198,178,30,38,105,8,114,185,61,15,138,27,165,58,
2to 7:1,4,7,10,15,23,27,38,39,43,49,56,59,65,69,78,80,85,86,88,94,97,102,103,104,105,107,108,110,115,123,126,137,140,142,144,149,150,156,159,161,174,182,186,188,189,190,191,195,198,200,162,51,121,63,68,164,70,131,158,163,132,17,157,33,41,151,196,141,26,14,11,178,30,193,114,61,119,199,
2to 8:8,9,11,15,22,39,47,49,52,56,62,65,71,72,73,77,82,85,87,97,107,109,120,122,137,139,144,154,158,164,168,173,174,176,183,186,191,198,51,16,18,63,2,181,163,17,33,43,46,95,100,26,69,98,14,38,193,197,138,108,119,199,165,
2to 9:11,12,21,27,31,43,45,46,47,48,50,69,71,73,82,86,98,102,103,106,110,125,140,153,156,159,161,174,175,176,182,183,190,195,197,200,28,145,96,181,55,187,151,196,146,19,141,113,128,198,85,178,38,185,61,15,189,108,199,165,
2to 10:1,8,15,17,22,27,30,37,39,47,48,50,55,66,69,72,77,78,85,86,88,92,95,97,100,102,103,106,107,115,119,120,126,129,132,137,139,142,143,144,164,173,174,183,185,186,188,191,197,155,16,18,68,158,43,196,141,128,198,178,171,153,61,138,108,199,165,58,
2to 11:10,11,22,26,31,35,39,43,49,55,58,59,61,65,71,72,75,77,78,82,86,90,92,103,107,109,120,129,137,141,142,146,154,161,164,166,169,176,186,195,197,198,143,13,18,28,84,36,145,7,139,12,196,46,136,126,100,116,85,178,38,193,188,15,138,119,
2to 12:2,4,8,11,13,22,24,31,51,53,58,85,86,87,94,104,105,108,109,113,117,123,153,156,161,164,167,169,171,174,176,183,185,189,89,16,73,97,36,68,7,139,158,33,43,151,196,141,95,69,98,14,198,110,38,10,188,144,15,27,199,
2to 13:4,9,20,21,22,23,42,43,47,65,66,68,94,95,106,108,110,113,114,115,117,119,120,122,126,131,137,141,151,156,158,164,167,173,181,183,186,190,198,62,16,28,73,145,2,6,157,33,41,46,184,100,98,11,197,8,171,153,10,188,61,15,138,189,123,
2to 14:4,8,9,11,14,22,24,41,42,43,47,49,51,52,56,58,59,60,68,69,74,77,78,80,86,88,96,98,102,103,104,106,107,109,114,115,120,122,123,133,146,150,151,153,156,157,159,174,176,181,182,183,185,188,190,198,84,7,139,33,46,126,184,26,110,38,105,171,137,144,119,
2to 15:2,8,10,15,20,22,24,26,35,38,39,41,42,43,47,48,52,56,60,68,80,86,92,102,108,110,114,122,123,127,129,137,138,140,142,144,146,153,154,156,176,179,182,183,185,197,199,143,18,28,97,145,96,7,45,157,33,19,95,100,101,98,14,11,178,105,161,188,119,58,
3to 1:1,8,10,12,29,30,35,39,42,47,60,71,88,93,94,101,105,110,113,118,119,120,128,129,131,137,138,144,146,147,148,157,166,173,175,183,191,193,32,133,127,73,79,135,49,36,2,31,181,65,45,59,186,132,169,33,41,20,109,54,19,156,69,116,83,77,114,161,78,170,15,168,160,192,123,199,58,
3to 2:8,10,13,23,29,30,31,37,41,44,58,61,72,85,88,94,105,106,108,110,120,121,138,141,147,148,153,158,159,160,168,178,181,186,187,189,191,196,197,155,125,62,42,127,73,135,53,150,164,139,132,169,33,146,19,136,167,69,14,116,11,122,137,114,161,144,71,47,119,123,92,199,39,
3to 3:
3to 4:10,20,23,27,30,31,40,44,54,66,67,70,72,83,85,92,94,101,102,105,110,111,114,118,120,136,141,144,156,158,167,174,178,179,180,189,193,194,198,199,91,125,142,80,73,49,68,164,55,59,12,147,33,41,46,19,95,128,140,107,11,56,191,71,138,47,168,160,22,58,
3to 5:1,14,19,23,28,31,36,45,50,54,57,60,61,70,77,78,80,83,114,116,118,120,130,131,136,138,152,153,156,157,158,160,166,168,185,190,125,5,135,106,65,55,35,59,132,169,41,43,148,20,109,95,69,101,122,30,38,137,170,192,123,92,199,112,39,
3to 6:6,8,11,19,23,29,41,55,57,59,67,70,77,80,88,90,92,112,114,116,125,128,129,144,146,147,152,153,157,160,165,166,175,185,189,196,198,91,24,1,104,5,127,49,159,164,139,181,186,169,173,148,20,46,167,14,171,10,27,168,192,22,58,
3to 7:1,6,8,10,35,41,43,45,49,50,57,59,63,65,67,68,80,85,88,92,93,102,106,111,112,113,114,129,136,148,156,157,158,159,163,175,177,184,185,194,199,190,142,42,79,97,150,31,164,139,181,131,72,55,12,169,33,20,54,19,128,69,107,14,37,11,30,83,77,137,56,191,144,170,138,189,27,168,160,108,119,123,195,39,
3to 8:6,8,9,12,31,41,49,62,63,66,72,77,84,85,90,98,108,110,135,136,148,152,157,162,167,173,175,180,190,199,81,125,5,80,42,73,181,65,132,43,20,146,100,69,88,122,38,105,83,171,137,114,188,191,144,189,27,168,160,123,92,39,165,
3to 9:20,23,28,35,60,63,71,80,102,105,108,111,113,120,128,141,144,145,148,158,159,163,167,168,172,175,177,179,180,183,185,186,189,196,198,199,32,73,97,25,67,53,106,150,31,164,45,59,12,41,173,46,19,95,14,37,88,38,197,171,77,137,15,138,27,192,119,123,
3to 10:1,8,12,30,37,41,42,46,55,60,62,63,68,71,72,77,78,80,83,84,85,88,93,94,98,108,110,111,114,120,123,124,128,136,147,156,158,168,169,179,181,186,190,191,197,198,143,5,67,106,164,131,43,148,20,54,129,141,140,69,14,116,161,56,188,185,47,192,199,195,39,165,58,
3to 11:9,19,28,37,38,45,47,54,55,59,60,62,65,71,72,77,78,88,93,98,111,123,125,138,141,145,146,156,157,178,179,180,183,186,194,190,97,49,67,31,164,131,21,12,169,173,20,129,95,128,116,11,30,197,137,114,10,185,191,144,189,27,160,192,199,112,39,58,
3to 12:10,11,13,14,41,45,46,63,68,77,78,83,88,92,94,98,106,108,113,118,120,128,130,138,144,152,153,157,160,163,168,172,177,178,183,184,191,198,24,32,4,142,133,80,42,67,53,2,31,164,65,17,20,54,146,141,156,140,69,101,122,8,56,170,189,27,119,39,165,
3to 13:12,29,31,36,41,42,44,46,50,61,62,65,67,77,78,80,88,93,94,101,110,120,129,136,137,138,141,145,147,153,157,158,163,172,173,180,197,81,4,127,106,23,181,55,59,186,132,17,169,175,148,20,95,69,116,37,122,171,114,10,188,160,108,123,92,199,39,
3to 14:19,26,31,38,39,41,42,49,58,59,60,61,64,67,77,92,93,94,98,113,119,120,123,131,136,137,153,159,171,179,183,184,185,4,1,80,127,79,135,53,134,111,164,181,65,175,109,187,46,141,156,14,88,30,8,161,78,188,15,138,168,192,199,165,
3to 15:8,10,20,31,42,44,50,54,58,72,80,93,102,108,113,114,120,127,130,136,138,144,145,153,160,163,171,172,173,181,183,184,189,190,193,194,197,199,24,32,142,97,25,49,67,159,2,139,55,186,169,41,43,148,129,46,19,167,156,128,100,107,14,116,37,11,83,137,161,191,71,123,92,112,165,
4to 1:2,7,15,19,26,27,30,32,42,45,47,54,57,58,59,65,69,79,83,97,100,105,108,110,111,113,114,118,120,123,134,137,140,153,156,172,174,178,182,183,189,192,193,194,199,91,152,125,115,106,68,164,55,60,102,180,109,196,141,95,82,101,98,37,11,85,8,191,170,138,74,160,92,195,22,
4to 2:10,19,27,38,39,41,42,53,55,58,68,69,82,85,87,94,97,100,113,120,121,137,144,146,150,151,156,164,166,176,178,180,182,197,199,135,63,106,21,66,35,102,9,33,109,196,141,95,128,107,11,105,193,8,153,71,15,138,74,108,92,195,22,
4to 3:8,19,27,41,55,57,58,65,67,68,72,73,80,92,105,110,111,112,115,118,120,130,131,137,140,158,159,161,181,189,197,155,177,179,31,66,59,44,60,132,102,9,157,180,174,196,146,46,136,167,95,113,128,101,107,183,88,85,30,153,10,191,138,74,168,160,108,195,22,
4to 4:
4to 5:5,22,43,53,55,57,58,59,65,66,69,74,80,85,88,94,95,97,107,109,110,112,114,119,125,128,134,136,137,140,151,172,180,182,186,192,197,199,40,91,152,29,18,35,60,9,174,126,101,98,116,37,183,198,11,30,38,105,193,83,153,78,170,160,108,92,
4to 6:8,9,20,27,30,33,38,53,55,57,58,65,69,87,88,90,107,110,125,131,136,140,144,145,148,156,164,166,172,173,178,180,181,186,189,191,194,152,155,18,127,135,179,7,66,44,41,174,19,95,82,100,101,116,183,85,105,153,94,170,47,74,119,92,112,22,
4to 7:19,27,38,39,41,47,54,55,65,67,69,78,79,87,88,92,94,112,114,128,136,144,150,164,169,186,188,189,199,40,152,155,125,115,142,62,84,21,66,109,196,46,107,85,30,15,74,168,108,
4to 8:2,7,9,10,19,21,22,27,30,33,38,39,42,47,55,57,65,66,69,72,73,82,83,87,90,95,98,110,115,125,136,137,140,144,145,146,162,165,181,189,194,40,152,117,182,62,135,84,159,31,35,186,132,180,167,141,128,26,101,107,183,88,11,85,193,8,56,94,71,170,138,74,168,160,92,
4to 9:20,27,30,32,38,43,45,53,55,57,59,67,69,73,87,92,95,97,105,107,113,114,119,120,128,131,141,145,150,153,158,161,170,172,176,180,181,182,186,189,191,197,117,155,127,63,35,157,33,46,19,167,100,140,26,98,11,85,56,94,71,15,47,
4to 10:7,11,20,21,27,39,41,42,53,57,58,67,69,72,74,82,84,87,94,112,113,114,116,123,138,153,161,164,165,170,174,176,180,181,186,188,191,192,197,199,200,142,133,80,62,127,106,31,66,55,44,102,9,157,196,54,146,46,167,126,100,140,98,107,37,183,88,8,78,194,15,47,168,92,195,
4to 11:13,17,20,27,30,38,39,55,58,65,66,67,69,105,107,114,118,122,125,138,141,145,158,164,166,188,189,192,197,199,117,29,142,62,106,70,21,35,60,9,173,180,54,46,95,126,26,98,88,178,83,78,94,194,71,74,108,
4to 12:13,21,27,30,32,47,53,54,57,58,59,65,67,68,69,73,82,94,95,110,115,118,120,130,136,142,144,146,149,156,158,164,165,178,180,188,189,191,194,40,152,182,80,84,7,70,66,41,109,174,46,141,113,128,100,140,26,101,37,183,11,8,10,78,170,15,138,160,92,195,22,
4to 13:2,11,12,21,23,55,57,65,67,68,69,73,83,85,87,98,110,113,114,116,118,124,126,131,137,145,149,153,156,160,186,189,191,194,199,155,177,179,7,66,9,180,174,167,141,128,100,140,101,88,56,78,94,170,15,47,168,108,92,195,22,
4to 14:2,7,8,12,15,17,18,22,26,35,38,41,53,79,80,85,88,92,107,113,114,123,131,134,136,147,158,159,161,164,165,171,178,180,188,189,117,125,115,62,127,84,63,60,102,9,174,46,167,95,82,101,183,11,193,153,191,47,192,195,
4to 15:2,13,19,26,31,32,39,41,42,47,58,59,65,66,67,83,85,95,97,101,107,110,112,113,118,120,122,127,130,144,145,148,149,158,165,181,191,192,193,197,199,142,177,106,21,55,186,132,102,9,157,146,46,136,126,128,100,140,183,88,11,178,30,8,153,114,56,10,94,170,138,160,108,119,92,
5to 1:6,17,19,27,29,31,36,39,41,51,58,59,60,72,74,77,82,83,86,90,92,93,95,98,99,101,110,114,120,125,127,129,134,135,137,141,144,148,154,156,157,161,165,170,180,185,196,190,121,50,158,163,12,9,43,175,109,174,113,126,140,69,198,122,94,61,15,138,108,119,123,199,195,
5to 2:11,12,18,22,27,28,50,54,55,66,69,75,85,90,92,95,97,98,103,105,107,108,120,127,128,131,135,139,140,141,144,150,156,174,181,186,188,189,190,192,196,198,154,121,42,87,159,43,175,180,20,109,151,14,178,122,110,30,38,185,170,123,195,58,
5to 3:11,14,29,30,41,44,46,50,55,56,58,60,69,77,88,90,93,95,98,100,106,107,108,110,112,114,119,120,128,130,138,140,153,168,169,180,181,185,189,190,192,196,197,42,79,159,35,158,12,147,157,175,148,20,109,136,167,184,101,37,198,38,105,193,137,161,194,160,123,92,39,22,
5to 4:11,19,22,27,31,40,50,55,59,65,66,74,80,82,85,88,90,92,95,105,106,107,112,118,124,128,130,133,136,138,139,140,144,145,152,153,156,157,158,160,161,168,170,174,178,180,181,182,186,188,191,192,197,198,57,79,135,87,70,44,9,109,151,54,46,69,101,122,30,38,193,137,114,119,58,
5to 5:
5to 6:1,14,18,22,24,27,45,54,57,58,70,71,72,74,75,82,85,91,92,94,101,103,104,107,110,112,116,127,128,129,138,144,153,154,158,160,165,166,168,172,179,180,181,185,189,190,191,192,198,130,28,25,87,159,53,96,31,139,90,163,12,157,33,41,20,109,187,151,136,113,126,140,69,37,88,178,38,193,78,194,170,123,
5to 7:8,10,11,14,26,31,39,40,44,45,57,58,60,77,78,85,92,93,95,96,99,103,107,108,125,128,129,132,136,139,140,142,144,149,150,152,154,156,160,168,174,181,182,185,186,188,191,196,190,121,79,50,158,163,147,175,20,109,187,151,113,126,69,101,37,88,122,30,193,197,137,114,61,15,27,119,
5to 8:8,11,26,27,30,40,41,45,55,56,58,71,74,80,82,92,94,95,98,99,101,105,114,117,120,124,126,128,131,134,138,139,141,144,151,160,166,168,169,170,172,179,180,186,188,189,190,191,199,34,154,51,50,87,158,90,9,157,43,109,46,140,69,178,122,197,137,161,185,108,192,119,123,39,
5to 9:11,15,16,26,30,31,33,40,41,50,55,58,59,82,85,92,93,94,96,98,105,106,114,117,119,130,136,140,150,151,153,156,157,186,189,198,199,91,190,34,79,25,134,139,65,35,172,44,60,12,187,103,46,69,101,183,197,137,161,71,170,192,39,165,
5to 10:8,11,15,22,23,39,43,50,61,71,75,78,80,85,92,93,95,98,102,106,107,110,112,114,116,117,124,129,130,134,139,142,149,153,157,158,165,168,169,170,172,188,190,191,192,195,196,197,198,199,18,42,25,159,53,96,65,60,175,180,20,151,46,113,126,140,69,14,122,30,105,137,161,194,138,160,108,119,123,58,
5to 11:6,10,11,15,22,26,28,31,39,45,46,58,60,61,72,78,86,92,93,94,95,96,98,102,103,107,108,116,117,118,126,128,131,138,139,142,144,149,160,172,173,178,180,186,188,189,190,191,197,75,57,99,79,90,44,169,9,157,43,20,196,184,101,193,77,137,74,119,199,
5to 12:10,11,13,17,24,26,30,31,37,40,43,45,51,54,58,61,69,80,85,90,92,94,95,98,100,107,117,118,124,128,130,131,136,141,144,145,149,153,160,165,170,178,180,186,188,191,199,42,93,159,96,65,158,172,163,169,9,147,41,175,20,109,151,46,167,113,184,183,198,122,110,38,193,77,71,108,119,39,
5to 13:10,11,19,22,23,30,45,50,55,60,78,92,93,94,95,98,100,101,106,118,123,127,137,139,141,145,148,149,153,157,158,160,163,166,170,179,180,181,186,191,192,197,190,5,121,87,53,134,65,172,44,147,33,41,43,175,109,46,167,126,140,69,14,178,122,105,114,71,15,138,108,195,
5to 14:1,8,11,14,17,30,37,46,50,60,69,74,80,92,98,99,101,105,113,117,125,133,134,135,137,139,145,149,153,163,166,169,174,180,181,185,188,198,190,34,51,42,65,44,9,147,41,20,109,151,196,95,184,88,178,122,161,194,61,138,123,195,165,58,
5to 15:10,11,13,17,24,30,31,41,45,50,59,83,85,90,91,92,94,96,97,103,114,120,123,124,126,128,130,132,136,137,139,140,142,144,145,148,149,151,154,157,160,161,169,170,186,189,190,197,34,25,134,35,172,44,102,20,187,196,184,101,183,178,78,194,61,71,138,108,119,112,39,58,
6to 1:6,8,9,11,12,15,16,17,26,30,33,45,47,49,53,55,56,58,59,66,69,72,76,82,91,94,95,97,100,109,110,119,121,122,123,125,126,127,129,138,144,148,153,154,157,159,160,167,170,174,175,180,181,185,190,192,194,195,198,52,51,28,64,131,173,20,166,156,101,88,193,168,22,165,
6to 2:4,8,11,12,13,19,20,22,26,30,35,37,47,49,51,56,66,68,69,82,95,100,103,108,110,113,116,120,127,128,138,144,146,150,153,154,155,159,160,164,171,176,178,179,180,184,185,186,195,197,198,28,87,145,2,7,31,139,72,44,157,41,173,175,148,174,166,129,167,126,156,14,85,38,78,61,189,27,119,
6to 3:4,7,8,12,20,21,22,32,36,37,39,46,53,56,58,60,61,62,67,73,103,107,108,110,121,127,128,131,144,146,148,150,153,159,160,169,175,184,186,191,197,57,52,130,28,49,145,72,158,41,173,166,129,136,156,100,101,14,137,189,27,168,92,165,
6to 4:7,8,9,11,12,13,26,44,47,53,54,57,58,59,66,67,70,80,82,85,97,100,101,105,107,109,110,116,121,124,125,126,128,136,144,146,150,153,164,167,168,173,180,182,191,197,40,152,25,179,145,2,65,72,158,33,41,175,20,174,166,19,95,156,69,178,38,193,56,78,194,170,189,74,27,92,165,
6to 5:5,6,9,11,12,14,20,21,22,30,37,38,51,58,61,77,79,82,91,93,94,97,107,109,116,117,120,125,127,128,129,134,144,150,153,154,158,160,163,173,175,180,184,192,197,104,31,139,131,33,167,95,100,69,85,178,137,78,170,189,168,119,92,39,
6to 6:
6to 7:4,8,10,11,12,20,21,24,26,32,35,37,38,46,51,58,59,62,69,84,93,98,100,103,112,122,123,125,126,128,140,144,149,150,154,156,157,159,160,164,168,171,173,178,181,183,184,186,190,191,197,198,152,104,49,64,31,60,147,33,175,148,146,166,19,136,88,153,194,27,119,92,165,
6to 8:5,7,12,14,18,21,26,27,38,41,58,62,66,69,76,80,84,88,95,98,105,108,123,124,125,126,129,136,146,154,159,160,161,165,169,173,180,181,182,183,184,185,186,191,192,194,197,49,87,2,134,175,148,187,166,85,193,78,170,189,168,
6to 9:9,15,19,25,35,37,46,58,61,67,77,91,93,97,101,103,116,119,120,121,123,128,131,144,146,150,153,158,159,165,167,170,172,175,176,178,180,183,186,190,192,194,196,197,104,48,87,179,145,64,90,60,41,148,20,187,166,129,88,193,71,27,
6to 10:2,5,9,12,18,20,21,25,27,30,37,38,55,58,61,62,67,84,85,95,98,100,107,110,115,116,117,119,121,122,124,126,128,144,148,153,156,159,164,168,169,170,174,175,176,178,180,185,191,192,195,197,198,104,48,87,179,86,6,146,69,193,78,92,39,22,165,
6to 11:7,9,12,13,17,18,20,26,30,37,46,47,53,57,58,59,62,66,67,68,75,76,82,93,94,103,116,119,125,129,146,158,160,178,183,184,185,186,188,189,192,194,196,197,198,52,49,179,139,72,86,60,157,175,174,19,136,156,122,38,56,78,170,92,39,
6to 12:3,4,7,8,9,10,11,17,20,21,32,37,39,45,46,48,53,67,69,71,77,80,84,88,89,97,98,117,119,124,128,129,138,139,146,158,159,160,164,170,178,179,180,181,183,184,186,188,191,198,51,28,2,96,65,147,157,33,41,174,166,136,167,156,100,56,194,27,92,
6to 13:4,7,11,12,20,21,24,26,37,41,44,48,53,71,77,78,85,88,93,95,109,115,120,126,127,131,146,156,157,159,167,168,175,179,180,181,183,184,186,189,190,191,195,197,198,57,87,96,31,139,66,59,163,60,173,148,187,151,129,136,100,61,170,119,92,22,165,
6to 14:4,6,8,9,15,17,20,26,32,38,41,47,48,58,59,60,61,62,69,80,84,88,92,94,95,103,105,109,110,116,122,125,150,153,158,159,169,175,180,181,182,184,185,190,195,196,57,51,130,49,179,64,31,131,163,147,187,19,136,14,193,78,194,189,168,119,39,165,
6to 15:7,11,17,18,25,26,37,44,55,58,67,71,78,88,94,95,100,101,103,108,114,124,129,138,144,148,153,154,158,159,160,169,178,180,182,183,184,185,186,188,192,196,197,57,104,48,16,145,2,139,72,147,33,173,174,146,166,14,193,137,194,170,189,92,112,22,165,
7to 1:9,11,15,19,20,21,30,35,41,42,47,49,51,56,59,65,67,69,77,79,82,85,86,88,92,94,101,102,103,108,109,114,115,118,119,120,121,123,125,138,141,144,150,151,152,158,161,165,174,175,180,181,184,186,191,124,200,149,93,64,17,147,54,129,140,26,107,116,37,122,105,171,137,189,27,168,160,192,
7to 2:4,11,13,14,18,21,30,31,38,42,47,49,56,58,63,87,92,94,96,97,98,102,103,107,108,110,113,115,116,119,122,125,128,129,131,132,137,138,144,145,146,148,154,155,157,158,163,164,174,181,186,190,191,197,199,84,68,45,147,33,43,196,166,184,100,26,114,10,188,61,15,27,165,
7to 3:1,4,5,9,10,11,19,20,25,30,39,41,46,47,49,50,56,63,67,77,80,88,93,94,100,101,102,103,107,109,119,120,123,128,129,136,137,138,148,152,157,158,177,178,180,181,188,190,191,68,150,64,164,70,172,169,147,33,196,54,166,141,37,105,193,171,114,78,185,144,27,160,112,
7to 4:7,11,15,20,21,30,35,38,46,49,55,57,58,59,63,67,69,85,87,88,92,98,101,107,108,109,117,118,123,126,136,137,144,147,149,162,164,170,186,191,193,195,197,76,66,132,166,156,82,140,26,122,114,10,78,94,189,27,192,112,
7to 5:1,9,11,23,27,31,35,37,40,43,45,50,55,65,69,77,79,85,88,92,98,99,100,101,102,103,106,112,116,117,118,123,136,137,139,147,148,149,154,156,160,170,174,175,178,181,190,199,124,93,150,70,172,163,17,109,151,166,129,19,113,140,26,107,30,10,185,15,119,
7to 6:4,5,8,9,14,18,19,20,24,25,30,33,35,38,46,47,48,49,51,59,67,69,77,82,85,87,88,92,94,95,103,107,109,115,121,127,129,136,139,140,145,148,152,160,162,164,175,178,181,184,185,186,190,191,195,124,149,150,21,45,163,17,196,166,156,26,116,37,122,193,188,144,194,189,27,192,112,165,
7to 7:
7to 8:10,11,14,19,20,33,38,40,41,45,49,50,54,63,65,77,83,85,87,98,99,108,110,119,122,123,128,137,138,140,144,146,148,158,160,162,165,168,170,180,181,182,186,188,190,195,198,81,62,84,149,93,150,64,164,132,17,43,109,196,82,184,26,37,88,105,193,153,114,27,
7to 9:11,15,17,20,25,31,35,36,38,39,40,41,43,45,46,47,50,56,63,69,71,73,80,85,88,94,97,103,106,107,108,110,121,123,126,127,129,131,137,139,141,145,148,150,151,157,158,161,163,165,170,178,181,186,190,191,195,197,200,84,76,68,21,33,175,54,146,19,82,140,193,171,114,10,189,168,119,112,
7to 10:8,9,10,15,17,24,25,30,31,36,47,48,50,56,58,67,69,77,78,92,93,94,102,103,106,107,108,117,121,123,126,127,128,131,140,149,156,157,158,160,161,162,163,164,165,170,171,175,184,190,191,197,198,199,200,81,142,84,76,68,23,147,43,82,26,116,193,153,137,188,144,194,112,39,
7to 11:7,9,11,15,21,30,35,38,39,47,49,57,59,63,77,88,94,97,101,103,107,110,112,114,119,123,125,126,147,149,152,156,157,158,160,161,162,173,178,180,191,197,142,124,200,76,93,64,164,131,132,109,166,19,82,198,105,193,171,137,10,78,144,61,
7to 12:4,7,8,10,13,20,39,41,47,48,51,63,65,77,86,88,92,93,97,100,101,107,108,109,110,117,118,119,122,128,132,136,139,147,151,157,158,160,161,162,163,165,182,184,191,193,142,62,200,149,76,68,164,131,72,45,169,37,30,105,197,153,114,94,144,61,15,189,168,
7to 13:4,11,12,21,30,39,41,42,47,54,56,77,78,83,85,87,88,92,98,100,101,106,108,109,117,122,126,128,129,136,140,145,148,158,163,171,180,181,183,184,186,191,197,142,177,62,84,149,93,68,23,164,70,45,60,132,17,169,147,26,116,37,193,137,114,10,94,189,
7to 14:4,7,8,9,10,11,12,14,17,19,26,31,38,42,48,49,50,51,54,58,59,65,67,69,77,79,83,85,86,93,98,102,103,107,110,115,119,123,127,132,139,141,144,149,153,158,161,174,175,181,187,195,199,177,62,200,76,87,150,6,169,147,109,196,146,166,184,140,116,122,30,171,137,78,94,194,61,168,192,112,165,
7to 15:5,7,9,11,14,19,21,25,30,35,36,37,39,46,47,49,50,56,58,63,77,79,83,86,92,93,94,97,100,101,102,103,104,107,108,110,114,119,126,128,136,137,139,140,154,157,158,160,163,165,177,184,186,190,191,195,197,199,149,131,45,169,146,82,88,122,10,185,144,61,112,
8to 1:1,9,17,22,27,31,37,41,42,43,49,50,56,65,69,71,72,74,82,84,88,94,98,100,101,108,110,119,123,125,134,135,144,145,157,160,163,165,166,176,180,181,182,184,186,191,192,193,195,3,34,154,16,76,90,6,33,128,26,183,194,47,
8to 2:11,15,20,26,27,33,37,38,39,42,43,45,50,52,55,58,66,69,84,85,88,98,100,103,114,119,120,121,126,135,137,138,141,154,164,167,171,176,181,182,183,184,187,51,18,73,179,158,90,17,157,166,128,101,161,170,189,
8to 3:8,9,10,11,14,19,26,27,31,35,37,42,43,46,57,61,63,66,69,80,85,94,95,98,101,105,106,108,110,115,118,122,128,136,137,144,148,153,157,160,168,172,180,181,183,185,186,189,191,199,62,25,134,90,132,20,107,56,170,123,
8to 4:9,10,27,29,42,43,46,47,49,50,55,58,63,80,82,83,87,92,100,105,109,114,120,122,123,130,139,141,146,151,152,153,160,170,172,174,176,178,180,181,183,186,191,193,199,18,73,134,59,166,101,98,88,85,161,108,192,195,
8to 5:9,19,23,28,31,34,37,38,39,40,41,43,50,56,57,65,75,77,80,88,93,94,95,96,98,99,110,114,123,130,135,138,144,145,148,149,160,166,167,172,178,181,182,185,188,190,193,198,199,117,154,159,134,6,102,109,151,103,69,101,105,170,15,27,195,
8to 6:6,8,9,14,21,26,27,33,38,42,47,48,49,55,56,57,61,62,64,66,69,72,94,95,98,100,104,105,108,110,119,122,126,144,146,148,151,153,157,163,166,170,173,176,180,181,184,185,186,189,192,193,194,117,154,51,18,25,76,159,145,2,109,187,129,128,101,107,168,123,195,
8to 7:6,9,10,19,23,26,27,30,31,38,43,46,50,54,56,57,66,72,81,82,83,84,88,97,104,108,110,118,122,125,140,144,152,157,160,168,171,181,188,189,190,193,199,117,149,76,87,163,132,109,103,129,128,69,101,98,85,137,78,94,170,15,123,
8to 8:
8to 9:6,15,19,21,27,31,33,34,38,40,47,49,54,61,62,63,71,77,84,85,90,93,95,97,98,100,101,105,110,119,120,128,130,141,144,146,153,164,176,182,183,185,187,189,193,194,196,197,199,87,145,2,111,158,163,157,167,82,69,88,83,56,191,170,
8to 10:6,7,8,9,10,20,25,26,34,37,38,39,43,46,48,55,58,61,64,65,81,84,88,114,120,137,144,149,153,164,165,169,185,186,188,193,194,195,199,162,62,76,87,158,102,129,69,98,11,85,56,78,94,170,15,27,168,192,
8to 11:6,10,19,20,31,37,39,43,49,55,58,63,64,66,69,72,74,82,83,84,85,92,95,97,98,99,101,103,118,137,138,139,144,149,160,166,171,172,173,176,180,186,187,188,190,191,193,197,198,199,154,62,73,158,59,132,9,157,109,128,26,107,88,78,185,15,189,27,
8to 12:7,10,17,19,26,31,37,43,46,48,49,56,62,63,65,66,69,71,74,77,80,84,87,88,92,93,94,95,97,100,104,110,115,119,123,144,164,166,167,172,176,181,188,197,162,73,159,179,158,59,163,132,33,107,85,83,153,161,191,
8to 13:2,6,8,10,11,12,15,28,33,42,43,47,50,57,60,61,63,66,69,71,74,83,84,85,98,108,110,114,118,121,122,124,126,138,149,157,160,165,166,167,168,175,180,181,183,185,187,188,194,195,198,199,117,34,76,179,111,158,163,151,137,56,189,192,123,
8to 14:9,10,11,12,14,17,19,20,28,34,42,48,52,54,56,57,58,60,62,63,64,65,77,80,81,83,84,85,88,92,96,98,99,101,103,104,114,119,120,125,135,137,139,144,146,149,164,173,175,176,181,188,191,192,193,199,3,134,158,6,132,109,151,26,69,183,105,153,194,170,47,
8to 15:10,14,17,22,28,30,34,35,41,43,46,47,49,50,57,58,63,71,74,77,78,83,84,85,92,94,95,96,97,100,101,110,114,119,120,130,132,136,138,144,145,146,159,160,165,168,186,187,188,193,199,117,162,154,127,73,2,134,158,163,9,26,88,122,105,161,56,191,15,189,192,123,
9to 1:1,6,9,12,15,17,19,31,32,34,45,50,54,59,64,66,69,71,82,84,85,88,93,108,114,119,121,128,129,131,137,138,140,141,144,147,153,154,161,165,170,171,190,191,192,194,199,200,176,73,150,111,21,35,175,187,103,95,120,183,198,110,193,197,94,123,
9to 2:7,11,12,19,27,31,33,38,41,55,58,61,69,89,96,97,102,105,110,114,119,123,125,128,137,138,141,144,145,148,153,155,170,171,172,174,175,183,185,186,191,193,196,197,121,35,163,187,146,26,98,198,178,161,15,
9to 3:11,12,14,20,27,31,35,46,54,57,60,62,63,64,69,71,80,85,88,93,105,106,111,113,115,121,128,137,138,140,141,144,145,146,148,150,153,156,159,160,164,168,170,171,172,177,178,186,189,196,197,130,127,135,21,173,175,19,136,26,183,110,193,77,161,192,123,39,
9to 4:9,11,19,25,27,33,38,46,47,53,56,58,59,60,65,69,82,85,87,95,102,106,113,114,120,121,125,131,137,141,144,145,150,151,153,156,157,158,164,170,172,174,180,183,186,189,192,197,200,176,182,73,63,111,21,35,173,146,136,88,198,178,15,123,195,
9to 5:6,15,17,19,26,31,33,35,38,45,46,50,54,58,59,60,61,69,75,80,88,92,98,100,103,105,110,112,114,116,117,119,125,131,137,139,144,148,150,152,153,156,165,170,172,174,189,199,34,127,135,25,36,21,90,157,146,129,140,14,37,183,178,197,77,161,94,138,192,123,
9to 6:2,6,12,14,17,19,20,27,28,31,35,38,41,53,59,66,69,72,77,80,86,92,95,96,100,103,104,105,114,116,117,128,129,131,134,139,140,148,150,151,152,153,154,158,161,170,171,174,178,180,186,187,194,196,197,176,48,127,73,25,49,36,64,21,175,146,136,120,183,198,110,56,94,195,
9to 7:10,11,15,27,31,35,38,41,45,46,48,50,54,56,69,77,84,87,88,93,98,100,102,103,106,108,110,114,117,119,128,129,137,144,148,156,157,158,163,164,165,171,174,186,187,190,191,200,182,16,25,49,63,145,111,175,19,95,82,26,193,197,94,194,123,112,39,
9to 8:6,10,11,17,19,27,33,38,45,46,48,50,58,60,64,66,69,77,80,83,85,87,88,101,110,114,115,123,125,128,137,138,140,141,148,152,154,158,159,164,176,182,183,185,186,189,192,196,197,34,135,84,63,21,157,173,166,95,120,98,198,193,191,194,15,195,
9to 9:
9to 10:2,10,11,20,31,44,46,56,58,60,61,62,63,65,69,71,72,77,88,92,93,96,100,102,103,113,114,116,119,121,129,138,140,146,151,153,156,158,160,161,163,165,168,170,172,174,175,180,183,186,199,34,48,16,73,84,36,64,111,120,98,14,110,192,39,
9to 11:6,9,11,20,31,38,45,46,54,55,60,62,64,65,71,77,84,88,107,110,119,123,128,129,137,138,141,144,145,147,151,156,164,165,170,171,173,186,188,189,199,111,35,90,102,157,146,19,82,26,98,178,193,56,94,112,
9to 12:9,10,12,14,15,27,31,32,33,37,41,45,46,53,56,60,65,69,71,84,87,88,89,93,96,106,109,110,112,113,115,119,123,128,133,134,141,146,152,156,158,163,164,170,180,183,186,188,197,48,16,130,63,36,145,35,175,187,103,19,136,167,95,120,26,98,198,178,77,94,
9to 13:6,10,11,17,19,31,32,33,34,45,46,50,53,57,58,60,61,63,65,66,67,77,80,85,87,92,93,106,108,110,113,116,117,126,131,137,140,141,145,148,153,157,164,167,170,174,177,180,183,186,190,192,193,195,199,16,25,49,111,21,158,175,187,196,146,136,95,82,198,83,197,15,
9to 14:6,9,10,11,15,31,37,38,41,45,46,54,57,58,65,77,84,87,88,101,105,119,123,131,146,147,150,151,153,159,171,174,177,180,182,183,189,190,193,196,199,176,48,135,63,181,90,175,187,19,98,14,198,161,191,94,47,192,195,
9to 15:10,11,19,32,33,41,45,47,50,57,58,59,63,72,77,87,89,95,97,105,110,114,117,129,137,144,145,146,151,153,156,161,165,168,170,171,172,176,177,182,186,187,192,193,198,199,16,130,25,36,64,111,35,90,102,175,37,183,94,71,15,39,
10to 1:1,8,9,15,16,17,23,30,39,41,54,55,58,60,61,64,69,71,72,74,78,83,84,88,90,94,110,121,122,126,138,141,142,144,149,151,158,160,161,165,168,170,172,174,183,184,186,190,192,193,199,24,162,154,18,53,139,86,35,44,169,43,20,146,105,153,185,22,
10to 2:11,14,15,20,22,30,39,44,50,58,62,65,68,86,88,90,96,100,107,108,113,114,119,120,121,123,129,131,138,144,146,151,153,156,159,161,163,165,168,175,186,187,192,196,197,198,199,24,155,143,52,23,181,70,43,103,128,69,98,105,8,171,137,188,185,61,
10to 3:1,5,7,27,30,37,41,42,43,46,50,56,57,60,67,68,69,73,78,90,92,94,95,100,105,107,108,110,113,121,127,129,132,136,137,138,141,144,153,156,158,159,160,162,164,165,167,168,178,180,183,186,191,196,197,198,118,24,81,142,53,23,31,139,173,148,20,54,128,88,8,171,188,39,58,
10to 4:9,14,15,18,25,27,30,42,46,50,56,60,63,69,74,76,78,83,85,87,92,94,98,102,107,108,110,114,115,119,121,124,126,137,138,139,140,153,160,162,164,165,170,174,180,186,188,191,194,198,199,117,142,53,106,23,31,181,65,131,158,169,141,120,116,37,88,8,47,195,39,22,58,
10to 5:1,9,15,17,30,36,37,39,41,61,69,74,78,86,92,94,96,98,100,107,108,114,119,120,123,124,127,129,137,140,153,157,158,168,170,172,178,180,183,188,190,192,193,197,198,199,117,24,18,50,23,31,44,60,102,169,141,113,128,116,88,85,105,77,161,185,165,58,
10to 6:5,7,8,9,14,17,21,26,30,31,36,37,41,42,46,48,53,69,71,72,77,86,92,103,105,107,108,112,126,127,128,130,136,138,144,147,149,153,156,165,168,170,174,179,180,183,185,186,192,194,196,197,198,155,104,154,49,131,158,20,146,116,11,178,188,61,22,58,
10to 7:1,10,14,15,17,26,27,30,41,46,48,54,56,61,64,67,69,71,72,78,88,94,98,100,107,108,114,119,128,129,131,146,159,164,170,175,183,184,186,188,190,194,197,198,199,118,104,162,18,25,50,181,35,158,102,103,126,140,116,110,137,161,47,195,39,165,
10to 8:7,9,10,14,17,22,34,43,48,54,58,63,69,74,77,87,88,95,98,107,110,114,115,122,126,128,146,149,151,157,159,165,168,172,179,181,191,194,196,198,154,18,25,76,31,158,6,60,102,20,103,37,183,188,61,47,123,195,39,
10to 9:9,15,17,21,34,37,39,46,48,50,54,56,58,64,67,68,69,71,72,76,82,102,112,115,119,121,123,129,131,134,137,140,144,151,153,159,165,167,168,170,175,178,185,186,190,191,193,194,197,198,106,31,35,6,148,20,103,141,120,116,183,110,161,188,192,195,
10to 10:
10to 11:9,15,17,20,23,26,31,43,52,58,61,67,69,71,72,74,75,76,77,78,82,84,88,103,107,114,115,119,120,128,131,139,142,156,157,158,172,178,185,188,190,191,192,194,198,199,118,93,53,65,86,6,60,173,54,146,116,11,138,47,195,39,
10to 12:7,9,10,14,15,27,31,36,37,39,43,46,55,56,58,60,61,62,63,67,68,69,71,74,76,78,87,92,94,95,96,97,98,100,107,112,138,140,142,144,151,153,158,165,168,170,172,174,175,184,185,188,191,194,198,199,117,104,162,200,53,70,44,148,54,113,11,110,105,77,22,
10to 13:7,9,12,14,15,17,23,37,39,41,42,43,48,52,53,54,55,56,57,58,61,65,68,69,71,78,85,92,94,96,98,100,108,114,119,120,122,123,124,129,134,137,142,167,175,179,180,186,190,192,197,199,118,117,162,18,50,67,93,181,131,158,169,20,103,141,113,126,128,116,183,110,8,188,185,138,47,22,165,
10to 14:9,12,17,20,22,34,37,47,48,55,57,60,62,64,69,74,77,78,84,87,88,92,107,116,119,120,122,123,139,147,153,159,161,165,168,180,184,188,190,192,193,194,196,198,199,24,104,76,93,106,181,6,169,148,54,103,100,98,11,85,171,61,138,58,
10to 15:5,7,14,26,34,36,41,42,43,46,48,55,56,57,58,61,67,71,72,78,83,92,95,96,100,103,105,114,122,123,131,134,137,138,140,144,146,153,161,170,180,183,184,186,188,191,193,194,198,199,162,200,84,50,93,23,31,102,173,20,126,116,37,197,171,195,39,165,
11to 1:6,8,11,15,20,28,39,47,49,55,59,60,61,65,76,82,85,95,100,101,107,108,109,110,111,114,116,120,125,134,142,143,147,149,153,154,156,157,161,163,180,182,185,186,188,189,192,193,196,197,199,200,118,75,29,1,7,70,72,86,9,19,171,77,191,94,144,194,71,
11to 2:9,10,15,26,31,35,38,42,43,47,48,52,53,55,60,61,62,65,66,69,71,72,86,96,98,100,119,120,123,128,131,132,137,139,153,164,185,186,187,188,189,190,192,196,197,13,97,68,21,157,151,183,198,11,178,122,191,144,27,108,199,22,
11to 3:13,19,23,26,27,35,36,42,44,54,58,59,65,73,78,86,88,92,101,103,107,109,111,115,119,120,123,125,128,131,136,137,141,142,143,157,158,168,169,171,173,178,186,188,193,196,197,199,118,29,68,72,180,20,129,198,10,191,94,108,112,39,
11to 4:13,18,26,27,30,31,35,43,44,46,47,49,54,55,56,58,59,65,71,73,78,83,88,95,98,100,105,107,114,119,124,136,137,138,141,142,153,157,158,164,169,170,172,178,186,188,189,192,193,195,196,200,118,67,7,66,12,173,180,19,140,11,10,191,144,74,108,92,199,112,
11to 5:6,13,15,26,28,30,31,38,39,55,61,72,77,78,86,88,93,94,96,98,101,103,107,110,117,119,123,134,136,137,139,144,154,172,178,183,185,190,192,195,196,197,199,118,79,65,90,45,9,157,43,173,129,140,198,11,193,114,161,191,160,108,92,58,
11to 6:6,7,19,44,45,48,49,59,60,76,78,82,88,92,93,95,109,110,112,117,119,129,138,146,149,154,157,163,166,170,171,179,182,185,186,187,190,192,193,195,196,75,57,65,72,172,9,173,180,20,174,126,178,38,191,194,108,22,165,58,
11to 7:9,13,15,19,20,26,27,30,31,35,39,43,58,59,61,69,83,87,88,95,98,103,108,114,117,119,123,125,131,136,137,145,147,149,150,154,157,161,163,164,187,197,198,200,21,45,12,173,129,82,184,116,37,38,193,8,10,78,188,185,191,94,144,160,199,
11to 8:6,10,19,20,26,27,30,46,47,58,65,69,72,88,94,95,98,109,115,119,124,132,137,138,139,144,149,154,157,159,169,170,172,176,183,188,189,193,194,195,196,198,199,57,64,7,66,90,17,12,9,173,151,174,129,126,82,11,83,8,77,108,22,
11to 9:6,11,15,19,20,28,31,35,36,39,47,53,55,60,67,71,83,86,93,95,103,105,106,110,114,119,125,131,137,141,144,146,153,164,171,173,176,178,182,185,186,187,189,190,191,192,193,199,57,73,64,21,45,172,102,12,43,174,98,38,77,194,138,27,160,112,
11to 10:15,30,31,36,42,46,54,55,58,60,61,67,69,71,72,78,85,86,88,92,94,98,108,112,116,124,128,131,139,142,149,161,164,168,169,170,180,188,190,193,194,197,199,75,57,70,90,12,9,174,140,37,183,198,8,191,27,160,39,165,
11to 11:
11to 12:7,9,20,26,27,30,42,43,45,46,53,54,56,58,62,73,77,78,93,95,98,101,110,115,119,123,124,136,141,142,145,147,156,161,163,164,169,172,198,118,75,3,57,133,13,67,68,65,86,59,109,129,184,183,11,178,10,185,191,94,92,165,
11to 13:6,7,9,13,15,20,26,28,30,31,44,47,56,58,66,67,73,86,87,94,95,101,108,109,117,119,123,126,128,129,136,137,142,149,158,170,185,186,188,189,192,193,199,65,45,60,102,12,157,180,19,107,116,11,83,77,10,138,74,27,22,
11to 14:6,9,19,26,31,35,42,44,47,48,53,54,58,59,61,62,65,69,78,82,88,94,98,103,106,109,112,119,125,136,138,139,144,147,149,156,161,164,169,171,182,188,192,193,194,195,196,199,68,7,86,60,157,180,184,183,198,11,178,38,8,114,10,185,191,160,92,22,165,
11to 15:9,19,20,23,26,28,30,31,35,36,44,49,54,55,56,58,60,61,67,71,74,87,94,95,96,100,116,117,119,120,123,124,128,131,132,153,156,161,168,169,170,171,176,178,182,183,186,187,189,193,197,118,13,68,64,70,65,86,90,45,157,129,126,82,184,114,185,144,108,92,199,112,39,165,
12to 1:1,2,9,15,16,17,19,20,35,41,43,45,54,55,56,60,61,69,70,77,82,83,86,92,94,95,105,109,114,118,122,124,132,141,142,147,151,160,161,162,169,186,188,189,192,193,200,182,133,42,145,65,66,167,156,120,110,8,10,194,71,74,119,199,
12to 2:12,14,15,17,26,27,30,31,43,53,63,66,68,69,74,78,82,84,86,94,95,98,103,113,119,128,132,141,145,146,147,153,157,158,159,163,164,166,167,169,174,175,176,183,188,196,198,89,133,13,42,106,96,172,41,109,151,156,11,110,105,197,10,185,144,138,
12to 3:1,5,7,8,12,14,15,19,20,22,26,30,33,36,37,42,44,46,54,56,57,58,59,60,71,73,80,88,92,94,105,107,110,113,116,118,123,128,131,136,147,153,158,159,160,164,165,167,181,183,187,189,190,191,196,197,198,199,133,106,150,169,41,120,98,11,77,188,185,144,27,168,119,
12to 4:2,11,15,17,20,38,41,46,53,54,58,60,63,65,66,68,69,73,78,80,85,88,92,94,98,101,105,107,108,113,114,118,122,125,128,132,136,141,145,147,152,153,158,159,160,162,164,165,166,170,175,186,188,189,192,194,198,200,13,150,7,172,169,146,19,167,156,140,110,30,8,10,191,138,47,74,27,
12to 5:9,10,11,12,14,22,28,30,31,34,38,39,41,43,51,56,60,69,78,79,80,82,85,92,94,95,100,101,105,113,114,116,123,124,125,128,129,134,136,141,147,153,156,157,158,161,163,165,169,170,172,174,178,185,190,195,198,40,133,130,53,106,145,150,139,102,180,109,151,110,8,144,138,74,119,199,
12to 6:5,7,9,12,15,17,19,20,21,32,37,38,45,47,48,56,58,71,78,88,95,100,110,114,116,120,122,124,125,129,130,134,145,148,153,156,158,159,162,163,166,167,169,170,174,178,180,181,183,184,189,192,195,196,197,198,89,182,13,53,179,150,66,59,146,8,194,27,119,92,
12to 7:1,11,20,26,30,31,35,38,41,44,46,54,56,61,68,69,70,71,77,86,87,88,94,98,100,101,103,112,114,120,123,128,129,132,136,141,144,145,147,152,153,158,159,160,162,163,164,165,166,174,175,178,184,197,198,200,24,93,139,33,43,109,113,156,183,110,191,27,119,
12to 8:2,7,9,11,15,28,34,38,43,51,54,55,56,63,69,73,78,84,88,92,94,101,107,109,110,117,122,125,128,129,136,144,145,146,158,160,164,166,168,170,174,175,187,188,190,196,40,3,176,149,106,96,66,33,183,198,105,185,191,194,27,119,
12to 9:10,11,15,20,21,27,28,31,33,35,38,41,43,47,49,53,54,55,56,59,63,68,73,84,86,87,94,106,110,111,117,128,136,141,144,145,151,153,157,158,159,163,164,168,170,174,175,178,183,187,189,199,200,40,176,182,102,146,156,98,198,105,197,71,138,
12to 10:1,7,8,9,17,31,34,39,43,46,53,54,58,60,65,68,69,70,74,76,84,86,87,92,94,98,100,103,106,107,110,113,120,123,129,131,132,142,147,151,153,156,158,159,161,162,163,164,170,174,178,181,183,184,190,198,89,25,96,172,41,180,167,11,85,105,197,185,191,144,61,71,168,119,
12to 11:15,20,26,27,28,38,39,43,44,59,60,78,86,90,92,105,110,112,116,117,118,119,123,124,125,129,131,142,144,146,147,151,153,156,157,158,159,161,162,164,166,168,169,172,175,176,178,183,187,188,191,194,198,13,96,7,65,109,82,37,10,185,71,199,
12to 12:
12to 13:2,4,7,10,15,17,22,27,28,31,32,41,43,45,47,48,54,56,57,67,69,73,74,77,83,84,85,94,96,101,106,111,113,118,120,122,124,129,136,141,142,145,147,153,156,157,158,159,160,162,164,165,167,169,177,184,185,187,188,189,24,42,53,66,98,183,198,11,110,197,8,194,
12to 14:2,8,15,17,19,26,28,31,37,38,39,46,48,51,53,55,56,57,60,61,63,69,78,80,85,86,94,95,98,101,103,113,117,119,122,132,136,141,147,151,157,159,161,164,171,176,177,183,184,188,189,191,192,195,196,89,3,182,42,150,169,41,180,109,198,11,110,153,74,92,
12to 15:5,7,11,15,17,19,20,27,28,30,32,38,41,42,43,46,48,54,56,57,58,59,61,70,71,83,86,88,103,104,110,118,119,120,122,123,129,132,140,151,157,162,165,167,169,170,174,178,181,183,185,187,190,191,193,195,198,176,182,130,149,106,179,145,139,65,45,172,180,37,197,10,138,168,92,199,
13to 1:6,15,16,20,22,23,24,26,35,36,42,43,45,49,53,55,57,59,65,66,69,74,76,78,83,84,88,94,95,98,100,105,108,110,111,114,116,118,119,120,123,129,131,141,142,147,149,153,156,157,160,168,169,173,180,182,183,185,189,194,198,32,124,134,181,186,60,17,12,174,82,8,56,
13to 2:8,10,11,15,17,18,19,22,23,24,37,41,42,43,46,49,52,54,56,61,66,68,74,83,88,94,96,100,103,105,110,116,123,136,137,139,146,147,153,155,156,157,160,164,166,167,170,172,175,179,183,184,185,189,199,4,158,186,60,102,12,174,141,126,82,120,26,85,197,171,108,165,
13to 3:7,8,11,14,15,19,20,23,24,27,37,41,42,44,46,49,53,56,57,62,67,71,74,77,80,81,85,92,94,95,101,108,110,111,113,118,119,120,123,128,131,137,141,142,147,148,153,157,160,172,173,180,183,184,185,187,189,191,192,199,5,124,84,181,66,158,60,169,116,122,83,197,10,170,138,22,165,
13to 4:7,10,15,23,27,29,30,33,41,42,43,44,46,47,53,55,56,59,65,70,73,74,78,80,83,85,87,92,95,100,101,106,109,111,114,116,118,122,126,136,137,142,145,149,153,156,157,159,162,166,170,172,175,177,178,179,180,189,197,199,115,84,66,186,60,102,9,151,174,167,141,128,183,94,138,108,192,195,
13to 5:6,11,14,15,20,22,23,24,28,30,31,33,37,43,45,46,54,55,56,57,59,65,69,70,71,74,78,92,93,95,98,101,108,110,113,117,118,121,123,128,129,131,136,137,138,139,148,149,151,157,160,169,172,178,180,183,188,193,5,18,50,134,181,158,60,12,174,126,82,26,107,116,197,77,114,94,192,165,
13to 6:2,8,11,14,15,18,20,21,22,25,28,33,44,49,54,55,57,62,67,69,70,71,74,77,82,93,95,98,100,104,108,110,122,123,131,147,148,149,153,158,162,166,169,170,179,181,182,183,185,187,194,197,24,5,124,84,87,134,66,6,163,60,12,180,174,167,126,156,128,116,56,78,138,189,47,
13to 7:5,8,11,14,15,19,20,21,33,34,35,42,43,45,49,54,57,61,62,63,68,74,80,82,83,87,92,98,101,104,108,110,111,114,116,119,121,122,123,128,132,136,137,140,145,149,150,156,163,166,170,175,188,193,197,198,24,81,177,181,186,6,102,17,9,174,126,107,171,56,10,94,165,
13to 8:7,8,10,11,14,15,20,21,27,30,41,42,43,45,46,55,56,57,62,63,65,66,69,71,73,74,76,80,87,88,95,96,98,103,108,110,117,119,120,123,129,132,136,138,139,141,145,146,149,151,159,160,165,166,170,173,175,180,181,183,184,185,186,189,192,194,197,198,199,81,4,115,50,59,6,163,9,167,107,85,94,
13to 9:2,11,15,20,21,25,27,30,35,41,45,46,54,55,59,60,62,63,73,83,85,93,94,95,98,100,110,116,117,119,123,131,134,137,138,151,153,156,157,158,159,163,164,168,179,180,181,182,189,192,197,115,177,84,50,186,12,175,174,167,141,126,183,198,77,114,108,
13to 10:5,11,15,21,25,39,41,46,55,56,62,63,68,71,74,78,83,88,94,98,108,111,114,116,117,123,129,139,142,147,148,153,157,158,159,162,164,172,173,179,185,188,192,198,24,23,44,163,60,17,180,174,126,156,107,197,8,77,170,138,47,168,165,
13to 11:7,15,19,20,30,37,43,46,53,55,60,62,64,65,68,69,76,77,78,83,84,88,93,94,95,98,101,103,110,111,117,123,128,129,137,138,141,142,153,157,158,159,162,169,175,179,180,184,185,186,188,197,198,199,4,115,124,67,66,163,126,26,116,10,47,74,58,
13to 12:5,7,8,10,11,13,14,15,17,19,20,21,22,27,30,33,41,42,43,45,46,53,54,56,63,65,68,69,71,77,80,83,87,93,94,95,98,100,104,108,109,110,113,116,117,118,119,123,129,141,145,146,156,157,160,162,163,164,165,166,179,181,184,186,32,177,134,158,60,12,169,180,151,174,128,37,183,198,78,188,47,74,168,
13to 13:
13to 14:5,6,9,11,12,15,17,19,24,26,28,41,46,47,54,55,60,62,65,67,74,80,85,93,94,98,100,103,104,116,117,123,131,136,139,153,158,164,165,168,173,177,179,182,184,185,188,192,194,199,81,18,84,50,96,23,180,196,113,37,83,77,114,56,78,58,
13to 15:2,7,8,13,15,17,20,22,25,26,30,33,37,44,45,59,77,78,80,85,87,88,93,94,95,100,101,108,110,111,114,118,119,120,122,129,132,134,136,137,138,149,151,156,157,160,165,167,169,170,171,172,179,182,188,189,5,158,186,163,60,9,174,126,128,183,198,197,56,10,71,47,58,
14to 1:1,2,3,6,8,9,17,19,22,23,24,32,34,41,42,49,50,55,56,64,69,72,76,83,86,88,90,92,97,101,103,105,107,109,114,119,122,131,134,135,138,139,147,149,151,156,157,161,168,169,174,175,182,183,184,185,192,194,195,199,200,125,67,196,113,120,38,171,191,47,112,58,
14to 2:11,12,14,19,24,30,33,35,41,51,56,60,61,63,78,83,84,85,86,90,95,101,106,109,114,115,116,121,123,132,135,137,138,146,147,150,151,156,161,165,167,170,176,182,183,184,185,188,189,193,199,125,28,127,131,55,6,187,196,46,120,38,153,58,
14to 3:1,5,10,11,14,19,20,24,30,33,41,42,44,54,56,60,61,64,69,77,80,83,88,92,98,101,105,109,114,119,122,136,137,138,139,140,141,146,160,164,165,166,168,173,183,184,185,188,189,192,199,177,127,135,67,106,31,181,147,187,46,113,120,191,123,112,58,
14to 4:7,8,9,11,12,15,17,19,26,30,38,41,42,46,49,53,54,55,58,59,60,63,65,68,69,74,78,80,83,85,88,92,94,97,98,101,105,107,109,116,117,119,120,122,125,135,136,137,139,141,146,147,149,156,157,159,165,166,174,177,178,180,182,183,194,195,198,199,200,130,127,87,67,145,164,181,44,132,102,196,95,113,100,153,191,47,112,
14to 5:8,9,11,12,14,15,17,24,26,28,30,31,35,39,41,43,51,55,60,69,77,78,80,88,90,92,97,101,103,106,107,109,117,119,120,125,127,131,134,135,136,141,149,151,153,156,157,161,166,167,169,175,178,180,182,183,185,188,191,192,193,198,99,130,87,93,45,196,46,95,194,195,58,
14to 6:2,5,6,7,8,9,11,17,19,20,24,41,44,48,49,52,58,61,67,69,74,76,78,92,101,103,104,109,115,117,119,122,125,127,136,139,146,148,149,159,163,165,169,171,175,179,180,181,183,184,185,189,191,192,194,198,93,31,166,95,85,153,137,71,112,195,
14to 7:1,8,9,10,11,12,15,19,30,41,50,54,55,61,63,69,78,84,86,88,101,103,109,114,117,119,122,136,137,147,149,150,153,156,161,164,165,168,169,171,175,178,184,186,188,193,194,195,200,87,106,45,172,102,95,98,71,47,192,123,112,
14to 8:6,8,9,10,12,15,17,19,30,35,43,46,47,50,55,56,64,78,81,84,85,88,92,94,101,106,109,114,119,122,123,125,138,149,151,163,165,168,176,179,180,181,182,183,184,186,188,193,194,199,127,145,111,131,172,187,100,98,171,192,
14to 9:6,12,15,19,32,35,41,45,47,48,54,55,56,58,60,61,69,72,80,84,85,88,94,97,98,101,105,107,112,114,116,123,127,138,139,141,146,150,151,159,161,165,167,171,175,176,180,181,182,183,189,192,194,196,198,130,135,49,36,64,31,172,102,46,95,26,178,153,137,
14to 10:1,7,8,9,11,12,14,15,17,18,23,30,39,41,46,48,54,56,58,60,61,65,69,80,81,83,84,92,94,105,107,112,113,114,127,133,147,159,160,161,163,165,168,173,175,176,178,180,184,185,188,191,192,195,198,199,115,67,36,132,169,187,103,98,116,137,
14to 11:6,7,9,11,17,19,23,30,35,37,38,39,44,46,47,49,58,59,60,65,67,77,78,86,92,94,95,99,101,105,114,119,120,122,123,139,146,147,159,163,169,178,184,186,188,189,193,194,199,125,28,64,31,131,55,45,187,196,183,153,191,71,192,165,
14to 12:7,10,11,12,19,24,30,32,41,46,48,51,53,54,58,59,60,62,63,69,77,78,80,84,86,88,90,92,94,109,110,112,113,117,119,138,146,147,151,153,156,167,184,185,186,191,194,198,130,49,106,111,31,181,131,45,187,166,98,183,178,38,192,123,
14to 13:4,6,7,8,11,12,14,17,20,30,34,41,42,45,47,48,55,56,60,61,69,76,84,94,98,105,109,113,114,117,120,121,122,123,134,136,138,141,146,147,153,156,157,158,159,165,171,179,180,183,184,186,191,192,193,194,198,199,115,106,172,44,166,46,100,26,116,
14to 14:
14to 15:2,5,7,9,11,14,19,20,22,24,26,30,32,37,42,45,48,49,54,55,56,58,72,79,85,86,90,92,95,101,106,107,112,117,119,122,136,138,151,157,159,161,163,169,171,176,178,180,182,183,185,188,191,192,194,199,104,130,87,36,172,44,102,120,184,100,137,47,123,195,
15to 1:2,10,11,15,17,19,32,34,37,41,43,54,55,56,58,61,65,72,82,86,88,90,92,94,95,101,108,110,111,119,120,123,132,135,137,140,146,153,154,156,157,159,162,166,167,168,169,172,173,175,176,183,189,191,194,195,196,143,57,182,97,93,45,186,147,83,114,161,144,71,138,47,39,
15to 2:10,19,22,35,39,42,43,52,56,58,61,65,66,68,71,85,86,87,88,89,90,95,97,103,108,110,114,116,119,123,126,132,139,144,146,151,154,156,160,165,168,170,171,172,174,181,192,193,195,197,199,4,104,182,48,16,50,36,96,45,196,100,83,47,
15to 3:8,9,10,14,20,23,27,31,35,39,41,42,44,58,60,61,65,73,77,85,90,92,103,105,106,111,113,116,120,122,123,128,129,130,132,135,136,137,138,160,165,168,169,170,171,172,178,183,143,4,57,104,80,93,131,72,45,186,146,46,101,11,114,78,185,144,71,112,
15to 4:2,10,11,17,18,19,22,25,26,27,35,42,46,47,55,56,58,65,66,68,70,73,87,88,92,94,95,107,108,111,112,113,114,120,122,128,131,132,138,140,145,147,151,156,157,160,162,165,171,172,176,178,179,180,181,182,186,189,194,196,198,199,127,84,97,50,159,45,146,83,78,144,
15to 5:5,9,14,15,20,25,26,28,30,36,37,39,43,45,55,58,75,90,93,94,101,102,105,107,110,112,117,120,123,128,130,137,139,144,148,154,156,157,158,160,161,166,168,169,172,174,178,180,183,185,190,192,196,197,199,57,104,182,79,97,50,149,136,95,184,11,122,78,61,71,92,
15to 6:2,5,7,8,14,17,20,23,25,28,33,36,38,41,42,44,46,47,56,58,59,61,64,72,77,78,79,86,87,89,93,95,96,97,98,100,107,110,112,119,120,123,126,128,129,131,134,136,139,140,144,148,151,154,156,162,165,168,169,170,174,175,176,178,180,183,184,187,197,4,48,84,179,186,146,26,122,193,138,92,
15to 7:8,9,15,17,19,20,24,25,35,37,38,39,42,45,46,48,54,55,56,58,63,79,80,82,92,96,97,102,103,111,116,122,123,126,128,129,132,136,137,138,139,145,146,147,154,156,158,160,161,162,163,165,170,174,175,177,181,183,184,186,189,190,194,199,4,127,200,149,93,26,11,193,114,10,78,185,144,112,
15to 8:2,5,8,9,11,26,27,30,31,39,42,43,45,48,50,55,56,58,63,71,83,85,87,88,92,94,95,97,100,102,105,108,123,126,132,138,139,140,144,145,146,151,154,160,166,169,170,173,174,181,182,183,186,191,194,198,199,57,84,149,179,72,157,193,114,10,
15to 9:15,19,21,23,25,26,27,30,33,35,36,38,46,47,48,50,55,63,70,71,72,77,82,88,91,96,98,100,102,103,106,110,112,123,126,128,137,138,139,144,145,146,163,165,173,174,177,178,183,189,199,104,182,80,200,84,97,159,45,95,11,197,114,161,10,
15to 10:2,5,8,14,15,17,25,31,36,37,39,44,47,50,54,56,58,63,64,71,78,88,92,95,96,97,100,102,105,107,108,111,113,117,119,120,123,126,129,130,137,138,139,140,142,144,147,153,156,158,161,162,163,169,170,171,172,174,183,184,185,188,199,93,159,131,72,186,148,136,83,114,
15to 11:9,10,11,15,20,26,39,45,46,58,68,74,77,78,79,83,86,88,90,94,96,103,111,114,119,120,122,123,126,132,137,138,142,145,146,156,161,162,169,178,179,190,191,199,143,149,159,131,72,186,147,95,107,193,71,47,92,
15to 12:7,9,10,13,14,20,26,27,30,32,36,37,39,41,42,46,54,55,56,58,63,65,71,73,77,78,79,86,90,92,94,96,100,101,105,110,113,116,117,128,130,132,133,134,136,139,142,145,147,153,156,159,161,162,163,171,177,178,183,184,185,194,199,45,102,157,146,138,160,
15to 13:2,7,8,9,10,11,20,24,25,26,32,33,34,39,41,42,47,55,56,58,67,73,83,87,92,94,95,98,100,101,102,105,108,113,114,116,120,128,131,132,137,138,140,142,145,153,156,157,158,160,162,165,170,173,181,183,185,186,189,192,193,194,195,57,124,50,93,159,179,45,146,126,184,71,
15to 14:2,8,9,10,14,17,28,30,35,38,41,50,52,55,56,58,60,78,80,86,94,95,97,98,100,103,105,106,107,110,119,120,123,132,134,137,139,145,146,153,159,161,165,169,171,174,175,176,181,182,183,184,191,192,193,194,195,198,104,48,127,135,84,147,187,136,11,83,185,61,138,92,112,
15to 15:

cell1:3,6,12,15,11,2,10,9,8,14,7,13,4,5,
cell2:1,11,7,15,12,5,4,8,13,3,10,14,6,9,
cell3:6,12,14,1,15,4,9,2,5,13,7,8,10,11,
cell4:7,14,11,8,10,9,1,5,6,12,3,15,2,13,
cell5:11,9,6,13,4,12,8,2,14,7,10,1,3,15,
cell6:9,3,12,2,14,15,7,1,13,11,4,10,8,5,
cell7:13,8,11,12,10,5,9,14,3,1,2,15,6,4,
cell8:1,6,13,2,12,3,15,5,9,11,7,14,4,10,
cell9:10,6,4,12,15,13,1,7,8,14,5,2,3,11,
cell10:1,12,3,2,7,14,13,15,6,5,11,4,8,9,
cell11:12,1,8,9,3,15,6,10,5,4,2,13,14,7,
cell12:6,14,15,8,5,9,2,13,7,1,11,10,4,3,
cell13:8,1,6,7,9,11,14,5,12,4,3,2,15,10,
cell14:9,10,13,2,4,5,3,12,8,15,11,7,1,6,
cell15:2,13,9,8,4,3,5,10,6,11,1,14,7,12,
