machine1:0,99,54,123,58,144,82,199,1,180,86,156,36,41,114,119,192,174,55,28,83,160,165,22,30,12,175,15,194,17,26,98,129,29,105,101,195,111,137,61,78,50,47,168,8,154,56,171,77,95,125,122,3,157,45,35,158,72,43,181,166,186,150,147,33,169,6,200,121,64,152,
machine2:0,54,126,58,82,198,1,7,86,156,141,170,60,182,114,119,192,153,55,133,2,102,94,108,83,165,22,30,38,12,175,20,15,194,85,42,146,187,11,49,151,120,112,193,168,19,197,154,56,110,189,73,95,44,37,142,148,162,113,118,109,72,132,166,186,147,68,169,6,18,149,34,200,121,64,124,
machine3:0,161,123,144,82,69,7,86,176,156,27,141,170,185,41,182,119,128,192,52,55,28,2,108,160,165,30,175,59,135,184,16,194,116,85,167,191,17,53,29,105,10,48,195,115,61,151,173,92,193,168,188,110,140,189,138,73,77,95,32,24,148,127,113,132,65,172,163,33,169,93,97,51,200,76,
machine4:0,161,123,183,69,9,36,185,119,128,134,88,67,57,94,79,160,22,59,20,135,74,116,90,167,17,42,26,106,137,103,120,47,92,19,8,197,154,143,110,189,138,171,77,159,37,32,107,122,71,91,118,109,72,164,132,21,65,43,166,145,70,31,131,84,51,190,124,
machine5:0,75,89,161,123,58,144,198,69,199,180,86,9,141,170,41,60,114,134,153,174,133,28,2,94,83,15,74,90,167,191,17,11,98,49,129,105,101,195,111,103,78,39,92,168,19,8,66,140,100,171,196,178,159,37,148,63,109,35,132,65,163,147,139,23,34,190,200,76,62,
machine6:0,144,198,183,86,176,156,27,96,141,170,185,155,60,119,153,52,55,2,165,22,38,12,14,135,74,116,136,42,26,146,187,49,10,115,151,50,173,8,197,143,100,196,178,46,44,107,81,127,179,157,109,132,43,145,33,68,
machine7:0,89,161,123,82,183,69,7,176,156,141,60,13,114,192,153,52,55,28,102,108,83,38,12,175,20,191,42,11,129,29,105,111,61,151,120,39,47,188,154,66,56,110,140,189,138,73,171,178,46,95,125,122,35,158,164,21,65,166,172,150,147,68,169,31,97,84,149,190,62,
machine8:0,89,126,58,199,7,86,96,185,13,114,119,128,153,88,174,94,108,160,165,30,38,14,59,15,16,116,85,167,17,26,187,11,48,195,137,61,78,120,173,92,193,19,8,197,188,154,143,56,110,189,138,100,107,122,157,109,132,181,166,163,70,33,131,139,6,23,51,121,
machine9:0,99,161,126,144,198,183,69,180,80,86,176,9,185,41,155,13,182,119,52,174,133,108,30,38,12,15,90,191,42,146,187,106,98,105,10,101,61,103,193,168,66,138,73,171,196,159,4,107,122,113,45,35,164,43,186,87,150,33,31,139,62,
machine10:0,54,75,123,144,82,198,69,199,1,7,86,141,41,119,128,55,102,108,22,117,30,175,104,15,135,184,90,167,17,42,11,10,137,115,61,120,50,47,92,19,8,66,110,189,73,196,77,4,142,24,148,71,45,35,158,72,164,21,43,181,166,145,186,33,68,97,51,18,200,
machine11:0,161,126,58,144,199,27,96,36,141,170,41,182,119,2,94,165,22,14,15,74,146,11,53,106,98,195,137,103,39,47,8,197,188,154,56,110,138,100,196,178,46,159,95,125,37,24,162,122,127,71,63,113,158,43,166,87,163,150,68,97,131,23,121,
machine12:0,54,123,58,144,198,183,69,199,1,180,156,9,27,36,141,170,185,41,60,119,128,192,88,67,57,130,133,28,102,94,108,83,160,22,30,38,40,12,175,104,14,59,20,135,74,194,90,136,85,191,42,177,26,146,187,11,53,106,98,49,129,29,105,10,101,111,137,103,78,120,112,39,47,173,92,193,168,19,8,197,188,25,66,143,56,110,140,189,138,100,171,196,77,178,46,159,4,95,44,125,37,32,148,107,122,81,127,91,63,113,157,45,35,158,72,164,21,65,43,181,166,172,186,150,70,147,33,68,169,31,93,131,84,139,6,23,190,121,64,152,124,62,
machine13:0,54,161,123,58,144,183,69,199,1,80,7,86,156,27,141,170,185,155,60,13,114,119,128,192,134,153,52,88,67,57,174,55,130,2,79,108,83,160,165,22,12,14,59,20,15,135,184,194,116,90,136,85,167,191,17,42,11,106,98,49,129,105,10,101,195,111,137,115,61,78,5,112,39,50,173,92,193,168,19,8,197,66,143,110,189,138,100,73,171,196,77,46,159,95,44,125,37,142,32,24,148,107,162,122,127,179,71,63,113,118,157,109,35,158,72,164,132,21,65,43,181,166,145,186,163,150,147,68,169,31,93,97,131,23,190,152,62,
machine14:0,161,123,126,58,144,82,183,69,199,180,80,7,156,27,141,170,41,13,182,114,119,128,192,134,153,88,67,57,174,55,130,133,102,94,108,83,160,165,22,117,30,38,40,12,175,59,15,74,194,116,90,136,85,167,191,17,42,177,26,146,11,53,49,10,101,195,111,137,115,78,151,120,112,39,50,47,173,92,168,19,8,197,188,25,56,140,189,138,100,73,171,196,178,46,159,95,44,125,37,142,32,148,107,162,179,63,113,157,45,109,35,158,164,132,21,65,43,181,166,145,186,87,150,70,169,31,97,131,84,23,18,149,200,152,124,76,
machine15:0,54,161,58,144,198,183,69,199,180,80,7,176,156,9,27,141,170,41,155,60,114,119,192,153,88,67,174,55,2,102,94,79,108,83,160,22,30,38,40,12,14,59,20,15,135,74,194,116,136,85,167,191,17,42,11,106,98,29,105,10,101,195,111,137,78,151,5,120,112,47,173,92,193,168,19,8,197,188,66,56,110,140,189,138,100,73,178,46,159,95,44,125,142,107,122,127,71,91,113,118,157,109,35,158,72,65,181,166,145,172,186,87,70,147,33,68,169,31,139,18,121,152,124,62,
machine16:0,99,54,75,123,126,58,144,82,69,180,86,36,170,185,60,13,114,119,192,134,153,174,55,130,133,28,102,94,79,108,83,160,165,22,30,38,40,12,14,20,15,74,194,116,90,136,85,191,17,26,11,53,106,98,129,105,101,137,61,103,78,151,5,39,50,173,92,168,8,197,66,110,140,138,196,77,178,46,159,95,44,125,37,142,148,107,122,71,91,113,157,109,158,132,21,65,43,172,70,147,33,169,31,93,131,139,23,51,18,190,124,
machine17:0,99,54,75,161,123,126,58,198,183,69,199,180,156,9,27,96,36,170,185,41,60,182,119,192,134,153,88,55,94,79,108,83,160,22,117,30,40,175,104,15,135,184,116,90,136,167,42,146,187,11,53,106,129,105,10,101,195,137,61,5,120,39,50,92,193,19,197,188,154,56,110,140,100,77,178,46,95,44,125,24,107,122,179,71,118,157,45,35,158,65,43,181,166,172,186,87,163,150,70,169,31,93,139,18,149,34,121,
machine18:0,161,123,58,144,82,198,183,199,1,80,156,9,27,141,170,185,41,114,119,128,192,134,153,88,57,174,130,28,108,160,165,117,30,38,40,104,14,59,15,74,16,194,90,136,191,26,11,129,29,10,101,195,137,61,103,78,151,120,112,50,92,193,168,8,197,188,154,25,56,110,140,189,100,196,77,178,46,95,37,107,127,91,113,157,45,109,35,158,72,65,43,181,166,145,186,150,33,31,93,97,139,6,51,18,149,190,121,152,124,
machine19:0,54,75,89,161,123,126,58,144,82,198,183,1,180,80,7,86,156,9,27,36,170,185,41,60,13,119,192,153,88,67,57,174,130,2,94,108,160,165,22,117,38,12,175,14,59,135,74,184,16,194,116,136,85,167,191,17,42,146,187,11,53,98,129,105,48,195,115,61,103,78,151,5,112,39,47,92,193,168,19,8,197,188,66,56,189,138,100,73,171,77,178,46,159,4,95,44,125,37,32,24,148,107,162,122,3,179,71,91,157,109,35,72,21,181,166,145,186,87,150,147,33,68,169,93,97,131,84,139,6,23,51,18,149,64,152,124,76,62,
machine20:0,75,126,58,144,82,198,183,69,180,7,176,156,9,96,36,170,41,155,60,13,182,114,119,128,192,134,153,52,88,174,55,28,94,79,108,160,165,22,30,38,40,12,175,104,14,59,20,15,74,184,194,116,90,136,85,167,191,17,26,146,11,53,49,129,29,105,10,48,101,195,137,103,78,151,120,112,39,47,173,92,193,168,8,188,154,25,66,56,110,140,189,138,100,171,196,77,178,46,159,4,95,125,32,148,122,127,179,91,113,157,45,109,158,72,164,21,65,181,166,145,172,186,87,163,150,70,31,97,6,51,190,121,152,124,62,
machine21:0,99,54,161,123,126,58,144,82,198,183,69,199,1,180,80,7,86,156,9,27,96,36,141,170,185,41,155,60,13,182,114,119,128,192,153,88,67,57,174,55,102,94,79,108,83,160,165,117,30,38,40,12,175,104,14,59,20,15,74,184,16,194,116,136,85,191,17,42,177,26,146,187,11,106,98,49,129,105,10,48,101,195,111,137,115,61,103,78,151,5,120,112,39,50,47,173,92,193,168,19,8,197,188,154,25,66,56,110,140,189,138,100,73,171,196,77,178,46,159,4,95,44,125,37,142,32,24,148,107,162,122,81,127,71,63,113,118,157,45,109,35,158,72,164,132,21,65,43,181,166,145,172,186,87,163,150,70,147,33,68,169,31,93,97,131,84,139,6,23,51,18,149,34,190,200,121,64,152,124,76,62,
machine22:0,99,54,75,161,123,126,58,144,82,198,183,69,199,1,180,80,7,176,9,27,96,141,170,185,41,60,182,114,119,128,192,134,153,52,88,57,174,55,130,28,2,102,94,108,83,160,165,22,117,30,38,40,12,175,104,14,59,20,15,135,74,184,16,194,90,136,85,167,191,17,42,26,146,187,11,106,98,49,129,29,105,10,48,101,195,111,137,115,61,103,78,151,5,120,39,50,47,173,92,193,168,19,8,197,188,154,25,66,56,110,140,189,138,100,73,171,196,77,178,46,159,4,95,125,37,148,107,162,122,81,127,3,179,71,63,118,157,45,109,35,158,72,164,132,21,65,43,181,166,145,172,186,87,163,150,33,169,31,93,97,131,84,139,6,23,51,18,149,34,190,121,64,152,124,76,62,
machine23:0,54,161,58,82,198,183,69,176,156,27,96,141,170,41,155,60,114,119,128,192,153,88,57,28,108,30,38,12,175,14,59,20,15,16,116,90,85,167,191,17,26,146,187,11,53,98,129,105,111,137,61,103,151,120,47,168,19,197,25,56,110,140,189,138,171,77,46,95,37,32,148,107,71,63,113,157,45,35,158,145,172,87,150,70,31,84,23,190,121,152,76,62,
machine24:0,54,75,89,123,144,82,198,183,69,199,180,7,86,176,156,9,27,96,36,141,41,182,114,119,134,153,88,67,55,130,28,2,102,94,108,83,160,165,117,38,40,175,104,59,15,135,194,90,136,85,167,191,177,26,146,187,11,53,106,98,49,129,10,48,101,111,137,115,61,120,112,39,50,47,173,193,19,197,188,25,66,56,140,189,138,73,171,77,46,159,95,44,148,179,71,63,157,45,35,158,164,21,65,43,145,172,186,163,150,147,33,68,31,93,97,84,6,34,200,121,64,
machine25:0,54,161,126,58,144,198,183,199,1,180,80,176,27,141,170,185,41,60,182,114,119,128,192,153,88,174,133,102,94,79,165,38,12,175,104,20,15,194,136,167,177,146,187,11,98,49,129,105,195,111,103,151,120,112,50,92,193,168,19,197,154,110,140,138,100,73,196,77,178,159,95,125,32,127,71,91,63,113,109,35,158,72,21,181,166,145,186,87,163,150,33,93,131,84,139,6,34,190,200,
machine26:0,54,161,123,126,144,82,198,183,69,199,1,180,7,86,9,185,41,60,192,153,88,67,174,102,94,108,83,160,165,117,104,14,20,74,194,85,191,11,53,98,49,105,10,195,137,61,103,78,151,112,39,50,47,92,8,188,25,56,140,138,100,196,77,178,159,44,37,142,24,107,81,71,113,158,164,43,186,163,169,93,97,131,84,23,149,121,
machine27:0,89,161,126,58,69,199,180,7,86,156,96,36,141,170,185,155,119,153,52,67,130,94,108,165,22,30,175,104,20,15,184,16,194,116,90,167,191,17,42,26,187,11,129,48,111,137,115,61,120,39,92,193,8,188,154,25,56,110,138,100,171,196,46,159,148,107,162,122,179,71,158,72,65,43,87,70,147,68,31,131,139,6,18,121,124,76,
machine28:0,54,75,58,144,82,183,69,199,80,176,156,36,170,185,60,114,119,128,192,153,88,67,174,55,133,2,94,108,83,160,165,22,117,30,12,20,15,74,116,136,167,17,26,146,106,98,129,105,103,151,5,120,39,50,47,173,92,193,168,8,197,188,143,110,140,138,171,77,44,37,142,148,107,71,63,113,118,157,35,21,43,181,172,163,139,23,18,149,62,
machine29:0,54,123,126,58,198,183,69,199,1,180,156,9,27,96,141,170,185,41,119,128,192,134,153,52,88,57,102,165,30,38,14,15,16,17,42,146,53,106,98,129,105,48,195,137,78,5,120,112,39,173,193,168,8,197,188,66,110,140,100,73,46,159,95,37,107,162,81,127,179,71,113,158,72,132,65,43,172,186,87,147,68,169,31,131,84,6,23,34,190,200,64,76,62,
machine30:0,99,54,126,58,144,198,183,199,180,86,176,9,170,185,13,182,114,119,192,88,67,55,28,79,108,83,30,38,12,175,59,184,116,85,191,17,26,146,187,11,106,49,129,105,10,48,195,61,112,39,47,92,193,19,197,188,154,143,189,138,73,171,77,178,4,44,125,37,142,71,63,118,157,45,72,164,21,65,172,186,87,150,147,169,31,93,97,131,139,6,149,62,
machine31:0,161,58,82,69,199,86,9,27,96,36,60,13,119,153,88,67,174,55,102,94,79,108,160,165,117,38,12,59,20,74,194,90,136,191,42,26,98,29,10,101,111,137,115,103,78,120,112,39,47,173,92,193,19,66,143,56,110,189,100,196,77,178,95,44,107,162,3,179,71,118,157,109,35,158,72,21,166,68,169,131,23,149,200,64,152,124,62,
machine32:0,99,54,75,161,123,126,58,144,198,183,199,86,156,27,36,185,119,128,88,133,28,94,79,30,12,59,20,15,74,184,116,90,191,26,146,187,11,53,98,129,10,195,137,61,103,78,112,39,92,193,168,8,188,66,56,138,73,196,46,159,95,44,125,37,142,107,122,179,71,157,35,72,164,132,65,43,145,163,70,68,169,31,124,76,
machine33:0,161,123,58,144,82,199,1,180,7,9,27,96,141,185,60,13,114,119,128,192,134,153,52,67,57,108,83,160,22,59,20,15,74,194,116,191,187,11,98,49,129,105,10,137,103,78,151,39,173,193,8,188,140,189,138,196,77,178,46,142,107,157,45,109,158,164,65,172,186,163,93,131,84,139,6,18,190,64,76,
machine34:0,54,161,144,183,69,1,180,7,86,176,156,9,27,96,36,141,170,41,60,13,119,67,174,55,28,102,94,83,160,165,117,30,175,14,59,16,194,116,90,42,26,11,106,98,129,111,78,151,5,39,47,92,168,25,66,56,110,140,189,138,100,171,77,178,37,32,24,179,71,63,113,118,45,109,158,132,65,43,166,172,163,70,147,68,169,31,93,84,51,200,
machine35:0,54,75,123,144,198,183,7,156,96,141,41,13,182,114,119,128,153,88,67,174,130,102,94,108,160,165,22,117,30,40,12,20,15,184,136,85,167,191,17,26,146,11,53,98,105,10,101,195,61,103,78,120,112,92,168,8,197,56,110,73,196,77,46,4,44,125,37,32,107,162,71,63,113,45,109,35,158,72,132,43,181,145,87,163,150,147,33,68,31,97,139,190,200,
machine36:0,58,144,82,198,183,69,199,80,86,176,156,27,36,141,185,41,60,128,192,153,88,130,133,2,94,79,83,165,30,38,175,15,74,184,16,194,85,167,191,17,42,146,187,11,53,106,49,129,105,10,48,101,195,115,151,120,39,47,92,193,168,8,197,188,66,110,140,189,73,196,77,178,46,159,95,107,162,122,3,113,118,157,109,158,164,132,21,43,181,145,172,147,33,169,93,149,124,
machine37:0,54,89,123,144,82,198,183,69,199,180,7,156,27,96,170,185,41,13,119,134,153,57,133,28,2,94,160,22,38,104,14,59,20,74,194,136,167,191,177,146,187,53,106,105,10,61,103,92,19,188,110,189,100,73,77,178,46,159,95,37,142,148,122,71,63,113,109,35,158,164,65,43,166,186,70,33,68,169,131,51,34,200,152,124,76,62,
machine38:0,54,198,183,180,86,156,9,27,96,141,170,185,41,60,13,182,114,119,128,153,52,67,57,174,55,94,108,83,160,22,175,104,20,74,16,194,116,136,85,167,177,26,11,106,98,10,111,137,78,5,50,47,92,8,188,66,110,140,189,138,100,171,196,77,178,46,95,44,142,148,107,122,179,71,118,45,109,158,164,132,21,65,181,166,145,186,87,68,93,84,6,149,62,
machine39:0,123,126,82,183,69,199,180,7,156,9,27,141,170,41,155,60,114,119,128,192,67,57,55,102,94,108,83,160,165,22,30,14,59,15,74,184,194,116,85,191,17,146,106,98,129,29,10,48,101,195,111,137,61,78,151,5,120,47,173,193,8,197,188,66,56,110,140,189,138,171,46,159,95,37,24,148,81,113,157,45,158,132,21,181,145,172,87,150,70,33,93,131,23,18,149,64,124,
machine40:0,123,126,58,198,199,180,7,156,36,141,41,60,128,192,134,57,28,165,22,117,30,12,59,20,15,74,184,116,136,167,17,42,26,11,53,98,129,101,137,115,61,103,151,5,120,47,19,8,197,188,25,66,189,138,73,159,4,95,32,148,122,127,179,71,113,157,45,35,158,65,43,145,186,87,147,68,169,93,23,190,
machine41:0,54,123,126,58,82,198,183,69,180,80,7,156,96,170,41,60,114,134,153,88,174,2,94,108,22,117,12,175,20,15,16,194,116,136,85,17,42,177,187,11,98,49,129,29,105,10,195,111,78,120,39,50,173,92,193,168,19,197,188,66,56,189,100,77,4,37,142,162,122,63,113,118,157,65,43,181,172,186,163,147,169,31,93,84,139,6,23,18,34,121,76,62,
machine42:0,99,54,89,58,144,69,199,180,80,7,86,156,9,185,41,60,114,88,67,57,130,28,94,83,165,117,30,12,175,14,59,20,135,74,184,116,90,191,17,42,177,26,11,53,98,48,101,111,61,103,78,8,188,56,171,178,44,125,32,24,122,157,45,109,164,132,43,181,145,147,33,169,84,139,6,200,64,76,62,
machine43:0,54,161,123,58,198,183,69,199,1,180,86,176,156,9,36,141,185,41,60,119,192,134,153,88,174,133,2,102,94,83,175,135,184,194,116,85,17,42,146,187,11,106,98,10,101,137,103,120,112,39,47,92,193,168,19,188,110,140,138,100,196,77,178,46,159,4,95,24,148,107,122,127,179,71,45,109,72,181,166,186,147,169,31,93,131,139,23,51,18,34,64,62,
machine44:0,99,123,126,58,198,69,180,80,86,176,9,96,141,170,41,182,119,192,134,153,52,88,174,55,130,83,160,165,117,30,38,175,104,14,15,135,136,85,191,177,26,11,49,105,48,101,195,115,61,103,78,151,120,112,39,50,47,173,168,19,8,110,189,138,171,77,178,46,95,125,37,107,81,3,179,63,35,158,164,132,65,166,172,87,163,150,147,68,97,84,6,149,190,121,76,
machine45:0,161,123,58,82,198,183,1,7,41,182,119,192,134,153,55,28,94,79,165,22,38,12,14,59,15,184,194,136,167,191,17,146,187,11,106,98,49,105,10,48,195,115,61,103,78,151,5,112,173,92,193,168,19,8,188,56,196,77,178,46,159,44,32,107,122,127,3,113,109,181,166,150,33,31,131,84,139,6,149,
machine46:0,75,123,126,58,144,82,183,27,96,128,192,88,133,28,2,94,79,108,160,165,30,175,14,184,194,116,90,136,17,26,146,187,11,106,10,195,137,61,120,112,173,92,193,8,25,140,100,73,171,77,178,159,37,32,162,45,35,158,72,132,21,166,145,172,169,97,131,64,
machine47:0,58,144,180,7,9,96,185,182,114,128,192,153,52,57,55,130,28,102,94,79,83,160,14,20,15,16,90,191,146,11,98,129,10,48,101,137,61,103,151,5,120,112,39,50,47,92,19,197,56,110,138,100,77,178,46,4,95,37,148,122,179,71,157,45,35,158,72,132,65,43,181,145,163,70,147,97,139,34,190,124,
machine48:0,54,89,161,126,58,198,183,199,156,9,170,41,13,134,67,174,130,2,108,83,165,117,104,15,135,74,184,194,90,85,17,42,26,187,49,129,105,10,111,137,61,151,112,39,47,92,193,168,197,188,56,110,138,100,196,178,95,44,142,32,107,162,122,127,179,71,91,118,65,172,186,87,163,70,169,97,131,84,23,18,149,200,
machine49:0,161,126,58,82,183,7,86,176,156,96,36,170,60,13,114,119,128,134,153,55,102,108,160,165,22,30,38,104,59,135,184,116,90,167,191,42,146,11,105,10,48,101,195,137,103,78,39,50,47,92,19,188,25,66,143,189,138,44,142,148,107,122,71,157,72,132,166,145,186,147,33,68,97,139,149,
machine50:0,161,123,183,199,80,9,36,170,185,41,182,114,119,88,57,55,2,102,94,83,165,30,14,20,184,16,194,85,191,177,146,106,105,10,48,111,137,61,78,120,112,47,173,92,19,154,25,56,140,189,138,100,196,95,37,24,148,63,113,157,45,132,181,172,87,31,93,139,200,64,

1to 1:
1to 2:18,23,29,30,31,37,42,47,48,53,55,56,61,65,66,94,95,98,113,114,116,123,125,133,139,141,144,148,156,158,166,167,181,183,185,189,196,199,1,8,12,15,19,22,43,68,69,72,82,86,97,103,107,109,110,115,119,120,121,131,132,138,150,154,157,160,164,186,192,193,197,89,176,
1to 3:12,20,22,23,36,37,47,49,56,63,64,86,88,92,94,110,111,113,116,123,137,140,141,142,144,152,156,160,161,166,167,180,181,187,189,190,191,196,199,1,42,43,44,58,60,65,67,69,72,73,77,108,122,128,138,150,153,159,168,169,175,186,192,125,
1to 4:2,7,12,15,17,23,26,27,30,38,41,55,59,65,69,74,82,85,88,101,102,110,113,118,119,123,124,126,135,137,138,141,142,144,145,159,160,162,168,180,181,182,183,200,11,19,22,35,42,43,58,68,70,72,83,92,94,105,107,109,116,122,133,153,167,170,189,193,195,29,
1to 5:16,23,26,28,30,34,41,54,55,57,59,61,69,82,88,92,93,95,98,99,101,109,110,114,120,123,129,133,134,147,148,156,165,166,170,184,190,194,9,12,15,22,37,43,51,58,71,77,107,108,119,128,138,153,160,161,163,175,186,191,192,197,154,1,91,
1to 6:17,18,20,24,28,29,32,37,48,49,51,57,66,74,76,82,88,92,95,101,110,121,138,139,144,146,148,152,154,156,160,161,162,165,167,168,180,181,184,185,189,194,196,2,9,33,35,39,41,42,69,71,72,77,78,86,98,103,108,109,115,122,147,150,153,163,170,171,175,193,197,198,91,3,
1to 7:11,12,15,17,26,27,38,45,49,55,57,88,102,112,119,123,132,137,139,144,147,148,149,154,156,165,175,181,182,184,188,191,194,196,198,199,200,21,33,36,43,44,54,58,62,65,67,68,69,78,83,86,103,105,108,109,122,140,161,163,164,168,171,186,189,193,197,34,
1to 8:9,11,12,20,30,34,42,47,49,64,73,83,85,94,98,99,101,110,114,122,124,144,148,162,165,168,170,173,181,182,190,199,6,15,21,28,33,54,56,58,62,65,69,71,76,82,109,131,153,154,159,163,166,169,172,175,189,193,194,
1to 9:11,17,20,27,28,31,38,39,41,53,56,58,59,60,63,72,86,93,101,102,113,119,121,137,141,148,156,158,159,183,199,200,9,12,15,16,19,35,37,47,54,70,77,82,83,98,105,106,107,111,116,120,123,129,134,153,161,163,164,170,171,174,175,186,198,125,176,
1to 10:7,12,15,17,20,27,30,31,34,42,56,60,61,65,86,88,92,94,100,103,110,113,114,119,121,123,128,134,138,148,151,156,158,159,161,162,165,180,185,190,191,196,198,199,1,8,9,11,21,22,37,58,62,68,69,71,72,82,107,120,124,153,168,169,170,172,175,186,192,200,176,
1to 11:6,7,11,17,20,26,28,30,37,38,45,49,54,55,59,63,66,76,82,88,90,93,109,118,119,122,125,137,151,152,159,161,162,180,183,192,198,199,200,8,22,35,36,43,44,58,62,65,71,72,77,83,86,92,94,103,108,131,138,150,157,163,169,171,172,193,3,
1to 12:2,7,17,24,30,63,78,86,88,93,98,110,113,116,118,119,124,138,144,145,147,156,161,162,165,180,181,183,185,198,200,8,15,21,37,41,43,51,53,55,58,69,71,77,82,92,94,105,107,120,131,132,153,157,163,164,169,189,191,195,1,89,
1to 13:15,17,29,32,41,45,56,66,77,83,85,86,93,100,110,113,116,118,119,120,122,141,145,148,151,153,156,158,159,160,167,173,180,181,184,194,198,199,8,11,12,21,22,28,37,42,43,47,54,55,58,65,67,69,74,94,98,123,128,134,138,150,163,166,168,170,174,186,192,193,197,
1to 14:2,7,15,17,31,41,45,47,48,49,53,59,61,78,88,93,95,101,109,113,114,119,122,135,145,151,161,175,180,181,182,184,185,189,199,200,28,35,36,43,55,58,60,62,64,69,71,77,86,92,94,98,106,115,116,120,123,132,133,159,166,169,171,173,191,193,195,1,
1to 15:2,7,17,23,24,26,32,38,41,42,45,59,63,78,79,86,93,95,100,102,110,113,114,122,124,132,137,139,144,145,148,151,156,161,165,166,170,178,182,183,185,190,192,194,198,28,35,36,43,47,50,55,56,58,70,72,74,77,82,92,97,103,107,108,120,134,138,160,163,169,171,191,154,91,89,
2to 1:2,7,8,24,28,30,35,41,42,45,56,58,59,60,61,72,74,82,84,102,107,108,110,115,122,123,137,139,150,151,153,154,156,166,173,181,182,183,184,185,190,199,1,11,12,15,17,21,22,26,36,51,62,63,71,86,98,103,114,119,120,126,128,132,157,162,163,167,170,172,174,189,
2to 2:
2to 3:4,10,14,15,22,24,30,31,35,41,46,49,50,58,60,61,65,66,68,72,80,81,85,98,102,103,105,106,109,125,137,139,141,148,150,171,173,187,6,8,12,17,19,20,36,38,42,43,69,73,92,95,100,107,108,111,116,119,122,123,144,156,160,162,163,164,167,186,197,199,1,
2to 4:14,15,22,27,30,35,42,43,53,54,55,58,68,74,78,83,87,88,94,95,108,117,120,131,133,135,140,141,149,150,153,158,167,168,171,174,178,182,186,191,192,195,198,7,11,17,19,21,38,47,62,66,69,73,85,100,102,105,109,113,114,122,132,138,139,146,157,164,189,197,162,
2to 5:11,23,24,28,30,31,41,46,50,55,69,74,78,82,88,94,95,99,106,107,108,110,113,116,117,120,137,138,139,140,148,149,150,154,158,161,166,174,178,185,192,193,195,196,197,199,15,33,43,44,61,96,103,109,114,119,121,123,144,151,157,170,172,183,184,
2to 6:4,11,14,15,22,24,30,31,33,41,42,55,56,58,59,60,61,72,77,82,89,95,97,104,105,109,110,116,120,122,123,131,147,148,150,154,156,168,174,181,182,185,186,195,196,197,198,8,12,16,19,20,21,27,36,38,45,52,62,100,103,113,114,119,126,136,138,144,146,158,165,166,178,179,184,
2to 7:4,7,10,14,15,23,27,30,39,41,43,49,56,59,61,65,68,69,78,80,85,86,88,94,97,104,105,107,108,110,115,123,137,140,142,144,149,151,158,159,161,174,182,186,188,189,190,191,193,198,200,11,17,26,33,38,51,63,70,102,103,114,119,121,126,131,132,141,150,156,157,162,163,164,178,195,196,199,1,
2to 8:2,8,9,11,14,15,18,22,39,46,47,49,52,56,62,65,71,72,73,77,82,85,87,97,109,137,139,144,154,158,164,168,173,174,176,181,186,191,193,198,16,17,26,33,38,43,51,63,69,95,98,100,107,108,119,120,122,138,163,165,183,197,199,
2to 9:21,27,28,31,45,46,47,50,61,69,71,73,82,86,98,103,106,110,125,128,140,145,151,153,159,161,174,175,176,181,182,183,185,190,197,198,200,11,12,15,19,38,43,48,55,85,96,102,108,113,141,146,156,165,178,187,189,195,196,199,
2to 10:8,15,17,18,22,27,30,37,39,47,50,55,58,66,68,69,72,77,78,85,86,88,95,97,100,102,106,115,119,120,129,137,139,142,143,153,164,171,173,174,185,188,191,197,198,16,43,61,92,103,107,108,126,128,132,138,141,144,158,165,178,183,186,196,199,1,48,155,
2to 11:10,11,18,22,28,31,35,39,43,46,49,55,58,59,61,65,71,72,75,77,78,84,86,90,103,107,109,120,129,137,141,142,145,146,154,161,164,166,169,176,188,193,197,198,7,12,13,15,26,36,38,82,85,92,100,116,119,126,136,138,139,178,186,195,196,143,
2to 12:2,4,8,11,13,14,15,22,24,31,51,53,58,68,85,87,94,97,104,105,108,109,113,117,123,139,151,161,164,169,171,174,176,185,188,189,198,7,10,16,27,33,36,38,43,69,73,86,95,98,110,141,144,153,156,158,167,183,196,199,89,
2to 13:2,4,9,15,22,28,41,43,46,47,61,65,66,68,94,95,106,108,110,113,114,115,117,119,120,131,137,141,145,156,158,164,171,173,181,183,186,190,198,6,8,10,11,16,20,21,23,33,42,62,73,98,100,122,123,126,138,151,153,157,167,184,188,189,197,
2to 14:4,8,9,11,14,22,24,38,41,42,43,46,47,49,51,52,56,58,59,60,68,69,74,77,78,80,84,88,98,102,103,104,106,107,109,114,115,120,122,123,133,137,144,146,150,156,157,159,174,176,181,182,183,185,188,190,198,7,26,33,86,96,105,110,119,126,139,151,153,171,184,
2to 15:2,8,10,14,15,18,24,28,35,39,41,43,52,56,58,60,68,80,101,105,108,110,114,122,123,127,129,137,138,140,142,145,146,153,154,176,182,185,188,197,199,7,11,19,20,22,26,33,38,42,45,47,86,92,95,96,97,98,100,102,119,144,156,157,161,178,179,183,48,143,
3to 1:1,8,12,15,20,30,35,42,45,47,54,58,60,65,69,77,79,88,93,94,101,105,113,119,120,127,128,137,138,144,146,147,148,157,161,166,173,175,181,191,193,2,10,19,31,32,33,36,39,41,49,59,71,73,78,83,109,110,114,116,123,129,131,132,133,135,156,160,168,169,170,183,186,192,199,118,29,
3to 2:8,11,13,23,30,37,58,61,69,72,88,94,105,106,108,110,120,121,127,138,141,147,148,150,153,155,158,160,161,168,178,181,186,187,189,191,196,197,10,14,19,31,33,39,41,42,44,47,53,62,71,73,85,92,114,116,119,122,123,132,135,136,137,139,144,146,159,164,167,169,199,125,29,
3to 3:
3to 4:11,19,20,23,27,30,31,40,44,54,56,58,67,68,72,80,83,85,94,102,105,111,114,120,128,138,141,144,156,158,167,174,178,179,180,189,193,194,198,199,10,12,22,33,41,46,47,49,55,59,66,70,71,73,92,95,101,107,110,136,140,147,160,164,168,191,142,118,91,125,
3to 5:1,14,23,35,36,38,39,45,50,54,60,61,65,69,77,78,80,83,112,114,116,130,138,152,153,156,158,160,166,168,19,20,28,30,31,41,43,55,59,70,92,95,101,106,109,120,122,123,131,132,135,136,137,148,157,169,170,185,192,199,5,190,125,118,57,
3to 6:8,11,19,23,27,41,46,55,58,59,67,77,80,88,90,104,114,116,125,127,128,146,147,152,157,159,160,166,169,171,175,181,189,198,6,10,14,20,22,49,57,70,92,112,129,139,144,148,153,164,165,167,168,173,185,186,192,196,24,5,29,1,91,
3to 7:1,6,8,10,11,20,27,35,37,39,43,45,49,50,54,56,59,63,65,67,69,72,77,79,80,85,88,93,102,106,111,112,113,114,128,136,138,144,148,156,157,158,163,175,177,184,185,199,12,14,19,30,31,33,41,42,55,57,68,83,92,97,107,108,119,123,129,131,137,139,142,150,159,160,164,168,169,170,181,189,191,194,195,190,
3to 8:8,9,12,31,38,41,49,62,63,65,69,72,73,77,80,84,90,98,100,105,108,135,148,152,165,167,171,173,175,180,190,199,6,20,27,39,42,43,66,83,85,88,92,110,114,122,123,125,132,136,137,144,146,157,160,168,181,188,189,191,5,162,81,
3to 9:15,20,23,27,35,37,38,45,63,73,80,102,105,108,111,113,120,128,138,141,145,148,150,158,163,171,172,173,175,177,179,180,183,186,189,196,197,198,199,12,14,19,25,28,31,41,46,53,59,60,67,71,77,88,95,97,106,119,123,137,144,159,164,167,168,185,192,32,
3to 10:1,8,12,30,41,42,54,55,56,58,62,63,69,72,77,80,83,84,85,88,93,94,98,108,110,111,114,116,124,128,147,156,158,161,165,168,179,181,186,190,191,197,198,14,20,37,39,43,46,47,60,67,68,71,78,106,120,123,129,131,136,140,141,148,164,169,185,188,192,195,199,5,143,
3to 11:9,11,20,27,37,38,39,45,47,54,55,58,59,60,62,65,72,77,78,88,98,111,116,123,125,128,138,141,145,146,156,178,179,180,183,186,194,197,10,12,19,21,28,30,31,49,67,71,93,95,97,112,114,129,131,137,144,157,160,164,169,173,185,189,191,192,199,190,
3to 12:10,11,13,14,20,27,39,41,45,54,56,63,65,69,77,78,80,83,88,92,94,98,106,108,113,120,128,130,138,152,153,160,163,165,168,172,177,178,183,184,191,198,2,4,8,17,31,42,46,53,67,68,101,119,122,133,140,141,144,146,156,157,164,170,189,32,142,118,24,
3to 13:12,20,23,36,37,39,41,42,44,50,61,62,65,67,69,77,80,88,94,101,123,127,136,137,138,141,145,147,153,157,158,163,171,172,173,175,180,197,4,10,17,31,46,55,59,78,81,92,93,95,106,108,110,114,116,120,122,129,132,148,160,169,181,186,188,199,29,
3to 14:15,19,26,38,39,42,49,58,59,60,61,64,65,67,77,79,80,94,98,113,119,123,134,138,153,161,165,171,175,179,181,184,185,1,4,8,14,30,31,41,46,53,78,88,92,93,109,111,120,127,131,135,136,137,141,156,159,164,168,183,187,188,192,199,
3to 15:8,10,11,20,31,37,42,44,46,50,54,58,72,80,100,102,108,113,114,120,123,127,128,130,136,138,144,145,153,159,160,161,163,165,169,171,172,173,181,183,184,189,190,193,197,199,2,14,19,25,41,43,49,55,67,71,83,92,93,97,107,112,116,129,137,139,142,148,156,167,186,191,194,32,24,
4to 1:2,7,15,19,26,27,30,32,42,45,54,57,59,60,69,83,91,92,97,100,102,105,110,111,114,118,120,123,134,137,140,152,153,156,160,172,174,178,182,183,191,192,193,194,199,8,11,22,37,47,55,58,65,68,74,79,82,85,95,98,101,106,108,109,113,115,138,141,164,170,180,189,195,196,125,
4to 2:10,15,27,35,38,39,41,42,53,55,58,66,68,71,82,87,92,94,97,100,102,105,108,113,120,121,128,137,144,146,151,153,164,166,176,178,182,195,197,199,8,9,11,19,21,22,33,63,69,74,85,95,106,107,109,135,138,141,150,156,180,193,196,
4to 3:8,9,27,30,31,41,44,46,55,57,58,60,65,67,68,72,73,80,92,102,105,107,108,110,111,112,113,115,118,120,128,130,132,137,153,158,159,161,181,183,197,10,19,22,59,66,74,85,88,95,101,131,136,138,140,146,157,160,167,168,174,179,180,189,191,195,196,177,155,
4to 4:
4to 5:5,9,22,35,43,53,55,57,58,59,60,66,69,74,80,85,88,91,94,95,97,105,107,109,110,114,119,125,128,134,137,140,151,153,172,180,182,183,186,192,197,199,11,18,30,37,38,65,78,83,92,98,101,108,112,116,126,136,160,170,174,193,198,29,152,40,
4to 6:7,8,9,19,30,33,38,41,44,53,55,66,69,87,90,101,105,107,110,112,119,125,140,144,145,148,153,156,164,166,173,178,180,181,183,186,191,194,18,20,22,27,47,58,65,74,82,85,88,92,94,95,100,116,127,131,135,136,155,170,172,174,179,189,152,57,
4to 7:15,38,39,41,47,54,55,62,65,66,67,84,87,92,94,112,114,128,144,152,164,169,186,188,189,199,19,21,27,30,46,69,74,78,79,85,88,107,108,109,115,136,150,155,168,196,142,125,40,
4to 8:2,7,9,10,21,22,26,27,31,33,35,38,39,42,47,55,62,65,66,71,72,82,84,87,90,92,95,98,107,110,115,117,125,128,132,136,137,140,144,145,146,159,162,181,183,186,189,194,8,11,19,30,56,57,69,73,74,83,85,88,94,101,135,138,141,160,165,167,168,170,180,193,182,40,152,
4to 9:15,26,32,35,38,43,45,53,55,56,59,63,67,69,71,73,87,92,95,97,105,107,114,117,119,120,128,140,141,145,153,158,161,167,170,176,180,181,182,186,189,191,11,19,20,27,30,33,46,47,85,94,98,100,113,127,131,150,157,172,197,155,57,
4to 10:11,15,21,27,31,39,41,42,44,46,53,62,67,72,74,78,80,82,84,87,94,102,112,113,114,116,123,138,153,161,164,170,174,176,181,183,186,188,192,197,199,200,7,8,9,20,37,47,54,55,57,58,66,69,88,92,98,100,106,107,126,127,133,140,146,157,165,167,168,180,191,194,195,196,142,
4to 11:9,17,26,30,35,39,55,60,62,66,67,69,71,105,114,117,118,122,125,138,141,145,158,164,166,173,188,189,192,199,13,20,21,27,38,46,54,58,65,70,74,78,83,88,94,95,98,106,107,108,126,178,180,194,197,142,29,
4to 12:13,15,21,26,32,41,47,53,54,58,59,66,67,68,69,73,80,82,84,92,94,95,115,118,128,130,138,142,144,146,149,156,158,164,178,180,183,188,189,194,7,8,10,11,22,27,30,37,46,57,65,70,78,100,101,109,110,113,120,136,140,141,160,165,170,174,191,195,182,152,40,
4to 13:2,7,11,12,15,21,23,55,56,57,67,68,73,78,87,98,110,113,114,116,118,126,128,137,145,149,153,160,167,186,189,191,194,195,199,9,22,47,65,66,69,83,85,88,92,94,100,101,108,124,131,140,141,156,168,170,174,177,179,180,155,
4to 14:2,7,8,9,12,15,17,18,22,26,35,41,46,53,60,62,63,80,84,92,102,107,114,117,123,136,147,153,158,159,161,164,171,178,180,183,188,191,11,38,47,79,82,85,88,95,101,113,115,127,131,134,165,167,174,189,192,193,195,125,
4to 15:2,13,19,26,31,32,39,41,42,46,47,56,59,66,67,83,92,95,97,102,107,110,112,118,119,120,122,127,128,130,132,136,138,144,145,148,149,153,157,158,181,183,186,191,192,193,197,199,8,9,10,11,21,30,55,58,65,85,88,94,100,101,106,108,113,114,126,140,146,160,165,170,177,178,142,
5to 1:6,9,12,17,19,27,31,36,39,41,50,51,58,59,60,69,72,74,77,82,83,86,90,92,93,98,99,101,108,110,114,119,120,121,125,126,127,129,134,135,137,141,144,148,154,156,157,161,163,165,170,174,180,185,195,196,199,15,43,61,94,95,109,113,122,123,138,140,158,175,198,29,190,
5to 2:12,14,18,20,22,27,50,54,55,66,69,75,85,87,90,92,95,97,98,103,105,107,108,109,120,127,131,135,139,140,141,144,150,154,156,170,174,180,181,186,188,189,190,192,195,196,198,11,28,30,38,42,43,58,110,121,122,123,128,151,159,175,178,185,
5to 3:11,12,14,20,35,41,44,46,50,55,56,58,60,69,77,88,90,92,93,95,100,106,107,108,110,112,114,119,120,136,138,140,147,153,157,167,168,169,180,181,184,189,190,192,196,197,22,30,37,38,39,42,79,98,101,105,109,123,128,130,137,148,158,159,160,161,175,185,193,194,198,29,
5to 4:9,19,22,27,31,40,46,50,55,57,59,66,69,70,74,80,82,87,88,90,92,95,105,106,107,109,112,114,122,124,128,130,133,136,138,139,140,144,145,152,153,156,157,158,160,161,168,170,178,180,181,186,188,191,192,197,11,30,38,44,54,58,65,79,85,101,119,135,137,151,174,182,193,198,118,
5to 5:
5to 6:1,12,14,18,20,22,24,25,27,54,57,58,69,70,71,72,74,75,78,82,85,87,88,91,92,94,96,103,104,107,110,112,116,127,128,129,136,138,144,153,154,157,158,160,163,165,168,172,179,180,181,185,189,190,191,192,28,31,33,37,38,41,45,53,90,101,109,113,123,126,130,139,140,151,159,166,170,178,187,193,194,198,
5to 7:8,10,14,20,26,31,39,40,44,45,50,57,58,60,69,77,88,92,93,99,103,107,108,109,114,121,125,126,128,129,136,139,140,142,144,147,149,150,152,154,156,160,163,168,174,181,186,188,191,196,11,15,27,30,37,61,78,79,85,95,96,101,113,119,122,132,137,151,158,175,182,185,187,193,197,190,
5to 8:8,9,11,26,27,30,34,40,41,45,46,50,55,56,58,69,71,74,80,82,87,92,94,98,99,101,105,114,117,119,120,122,123,124,131,137,138,139,141,144,151,154,157,160,166,168,169,170,172,179,180,186,188,189,190,191,39,43,51,90,95,108,109,126,128,134,140,158,161,178,185,192,197,199,
5to 9:11,12,15,16,25,26,30,31,33,34,40,41,46,50,55,58,59,60,69,71,82,85,92,93,94,103,105,106,114,117,119,130,134,136,150,151,153,156,157,165,183,186,189,35,39,44,65,79,96,98,101,137,139,140,161,170,172,187,192,197,198,199,91,190,
5to 10:8,11,14,15,20,22,23,25,39,43,46,50,60,61,69,71,75,92,93,95,98,102,106,107,108,110,112,114,116,117,123,124,126,129,130,134,137,139,142,149,153,157,158,165,168,169,170,172,180,188,190,191,192,195,196,197,18,30,42,53,58,65,78,80,85,96,105,113,119,122,138,140,151,159,160,161,175,194,198,199,
5to 11:6,9,10,15,20,22,26,31,39,45,46,57,58,60,61,72,86,92,93,94,95,98,103,107,108,116,117,126,128,131,138,139,142,144,149,157,160,169,172,173,178,180,184,186,188,189,190,191,197,11,28,43,44,74,77,78,79,90,96,101,102,119,137,193,196,199,99,75,118,
5to 12:9,10,11,13,17,20,24,26,30,31,37,40,43,46,51,54,58,61,69,71,90,92,94,96,98,100,107,117,119,124,131,136,141,144,145,147,149,153,160,163,165,167,169,170,178,180,183,184,186,188,191,199,38,39,41,42,45,65,77,80,85,93,95,108,109,110,113,122,128,130,151,158,159,172,175,193,198,118,
5to 13:10,11,14,19,22,23,30,46,50,55,60,69,71,78,87,92,93,94,100,101,106,108,114,122,123,126,127,134,137,139,141,145,147,148,149,153,157,158,160,166,167,170,179,180,181,186,191,192,195,197,5,15,33,41,43,44,45,53,65,95,98,105,109,121,138,140,163,172,175,178,118,190,
5to 14:1,8,9,11,14,17,20,30,34,37,46,50,60,69,74,80,88,92,99,101,105,113,117,125,133,134,135,137,139,145,147,149,165,166,169,174,180,181,184,188,195,198,41,42,44,51,58,61,65,95,98,109,122,123,138,151,153,161,163,178,185,194,196,190,
5to 15:10,13,17,20,24,25,30,31,34,35,41,50,59,71,83,85,90,91,92,94,97,103,114,119,120,123,124,128,134,136,137,139,140,142,144,145,148,149,151,154,157,160,161,169,170,183,186,189,190,11,39,44,45,58,61,78,96,101,102,108,112,126,130,132,138,172,178,184,187,194,196,197,
6to 1:8,11,12,15,17,26,30,45,47,49,55,56,58,59,66,69,72,76,82,88,94,95,97,109,110,119,122,123,125,126,127,129,131,144,148,153,154,156,157,160,165,167,170,174,175,180,181,185,190,192,194,195,198,6,9,16,20,22,28,33,51,52,53,64,100,101,121,138,159,166,168,173,193,91,
6to 2:4,8,12,13,14,19,26,30,31,35,38,41,44,47,49,51,56,66,68,69,72,78,82,95,103,110,113,116,119,126,127,128,129,145,146,150,153,154,155,157,159,160,164,171,175,176,178,179,180,184,185,186,197,198,2,7,11,20,22,27,28,37,61,85,87,100,108,120,138,139,144,148,156,166,167,173,174,189,195,
6to 3:4,7,8,14,22,32,36,39,46,56,57,58,60,61,62,67,72,73,103,107,108,110,127,128,129,131,136,137,145,146,148,150,153,159,160,165,169,175,184,186,191,197,12,20,21,27,28,37,41,49,52,53,92,100,101,121,130,144,156,158,166,168,173,189,
6to 4:7,12,13,20,25,26,38,44,47,54,58,59,65,66,67,69,70,72,80,82,85,92,97,101,105,107,109,110,116,125,126,128,136,144,145,146,150,152,153,156,164,165,167,168,173,175,180,182,191,193,194,197,2,8,9,11,19,27,33,41,53,56,74,78,95,100,121,124,158,166,170,174,178,179,189,57,40,
6to 5:5,9,12,14,30,31,37,38,51,58,61,69,77,79,82,92,93,94,97,107,109,116,117,119,125,127,128,129,131,134,137,150,153,154,158,160,163,173,175,184,192,197,6,11,20,21,22,33,39,78,85,95,100,120,139,144,167,168,170,178,180,189,91,104,
6to 6:
6to 7:4,8,11,12,21,24,26,31,32,35,38,46,51,58,59,62,69,84,88,92,93,100,103,112,119,122,123,125,126,128,140,144,149,150,152,154,156,157,159,160,164,168,171,173,175,178,181,183,184,186,190,191,197,10,19,20,27,33,37,49,60,64,98,104,136,146,147,148,153,165,166,194,198,
6to 8:5,7,12,14,26,27,38,41,58,62,66,69,76,78,80,88,95,123,125,126,129,134,136,146,154,159,160,161,165,169,170,173,175,180,181,182,183,184,185,186,191,192,193,197,2,18,21,49,84,85,87,98,105,108,124,148,166,168,187,189,194,
6to 9:9,15,19,20,25,35,41,46,48,58,61,67,77,88,91,93,97,101,103,116,119,123,128,129,131,144,145,146,150,153,159,165,167,170,175,176,178,180,183,186,190,192,193,194,197,27,37,60,64,71,87,90,120,121,148,158,166,172,179,187,196,104,
6to 10:2,5,9,12,21,25,27,30,37,38,48,55,58,61,62,67,69,85,92,95,100,107,110,116,117,119,122,126,153,156,159,164,168,169,170,174,175,176,178,185,191,192,193,197,6,18,20,22,39,78,84,86,87,98,115,121,124,128,144,146,148,165,179,180,195,198,104,
6to 11:7,12,13,17,26,30,38,46,47,58,59,62,66,67,68,72,75,76,82,92,93,94,103,116,119,122,125,129,146,157,160,175,178,183,184,185,186,188,189,192,194,196,197,9,18,19,20,37,39,49,52,53,56,57,60,78,86,136,139,156,158,170,174,179,198,
6to 12:4,7,8,17,21,32,37,39,45,46,48,65,67,69,77,80,84,88,89,92,96,97,117,119,128,129,139,146,156,157,160,164,170,178,179,180,181,183,184,186,188,191,194,198,2,9,10,11,20,27,28,33,41,51,53,56,71,98,100,124,136,138,147,158,159,166,167,174,3,
6to 13:4,7,12,21,24,26,31,44,48,53,57,66,77,78,85,88,92,93,95,96,109,119,126,127,129,131,136,146,156,157,163,165,167,168,175,179,180,181,183,184,186,189,190,191,195,197,11,20,22,37,41,59,60,61,71,87,100,120,139,148,151,159,170,173,187,198,115,
6to 14:4,8,14,15,17,26,31,32,38,47,48,57,58,59,60,61,62,69,80,84,88,92,94,95,103,105,109,110,116,119,122,125,131,150,153,163,169,175,181,182,184,185,190,193,194,195,196,6,9,19,20,39,41,49,51,64,78,130,136,147,158,159,165,168,179,180,187,189,
6to 15:7,11,14,17,22,25,26,44,48,55,57,58,67,72,78,88,92,94,95,101,103,114,129,137,144,145,148,153,154,160,169,178,182,183,184,185,186,188,192,194,196,197,2,16,18,33,37,71,100,108,112,124,138,139,146,147,158,159,165,166,170,173,174,180,189,193,104,
7to 1:9,11,15,17,19,20,21,26,35,41,42,47,49,51,54,56,59,64,67,69,79,82,85,86,88,101,102,103,109,114,115,118,119,120,121,122,123,125,129,138,141,144,147,150,151,152,158,161,165,168,174,175,180,184,186,191,27,30,37,65,77,92,93,94,105,107,108,116,124,137,140,149,160,171,181,189,192,200,
7to 2:4,11,13,14,21,33,38,42,47,49,56,58,63,96,97,98,102,103,107,108,110,115,116,122,125,128,132,138,144,145,146,147,148,154,155,157,164,166,174,181,186,190,191,196,197,199,10,15,18,26,27,30,31,43,45,61,68,84,87,92,94,100,113,114,119,129,131,137,158,163,165,184,188,
7to 3:1,4,5,9,11,19,20,25,27,30,41,46,49,50,54,56,63,64,67,80,88,93,100,101,102,103,107,109,119,120,128,136,138,147,148,158,164,177,178,180,181,185,188,190,191,196,10,33,37,39,47,68,70,77,78,94,105,112,114,123,129,137,141,144,150,157,160,166,169,171,172,193,152,
7to 4:7,11,20,21,35,38,46,49,55,57,58,59,63,66,67,88,92,98,101,107,108,109,117,118,122,123,136,137,144,147,149,156,162,164,170,186,191,197,10,15,26,27,30,69,76,78,82,85,87,94,112,114,126,132,140,166,189,192,193,195,
7to 5:1,9,11,17,19,23,27,31,40,43,45,50,55,77,79,85,88,92,98,99,100,101,102,103,106,112,116,117,118,129,136,139,148,149,154,156,160,163,170,174,175,178,181,185,190,199,10,15,26,30,35,37,65,69,70,93,107,109,113,119,123,124,137,140,147,150,151,166,172,
7to 6:4,5,9,14,17,19,20,24,25,30,33,35,38,45,46,47,48,49,59,67,69,77,82,85,88,92,94,103,107,109,115,122,127,129,136,139,140,145,148,156,160,162,163,164,175,178,184,185,186,190,191,193,194,196,8,18,21,26,27,37,51,87,95,112,116,121,124,144,149,150,165,166,181,188,189,192,195,152,
7to 7:
7to 8:10,14,17,19,20,33,38,40,41,45,49,50,54,63,64,77,81,82,83,98,99,110,119,122,123,128,138,140,144,146,148,158,160,162,164,165,168,170,180,182,188,190,196,198,11,26,27,37,43,62,65,84,85,87,88,93,105,108,109,114,132,137,149,150,153,181,184,186,193,195,
7to 9:11,17,19,20,25,33,35,36,38,39,40,41,43,45,46,47,50,54,56,63,69,71,73,80,82,85,88,94,97,106,107,108,110,123,126,127,137,139,141,145,148,150,151,157,161,163,168,170,175,178,181,186,190,191,193,197,10,15,21,31,68,76,84,103,112,114,119,121,129,131,140,146,158,165,171,189,195,200,
7to 10:9,10,17,24,25,26,36,47,48,50,56,58,67,77,78,81,82,92,93,102,103,106,107,117,126,127,128,140,142,144,147,149,156,157,160,161,162,163,164,165,170,175,184,190,191,194,197,198,199,200,8,15,23,30,31,39,43,68,69,76,84,94,108,112,116,121,123,131,137,153,158,171,188,193,
7to 11:7,9,11,15,19,21,35,38,39,47,49,57,59,63,77,88,94,97,101,103,107,110,112,114,125,126,142,147,149,156,157,158,161,162,164,166,178,180,191,197,198,10,30,61,64,76,78,82,93,105,109,119,123,124,131,132,137,144,160,171,173,193,200,152,
7to 12:4,7,8,10,13,20,30,39,41,45,47,48,51,62,63,77,86,88,93,100,101,107,108,109,110,117,118,122,128,132,136,142,151,157,158,160,161,162,163,164,165,168,182,184,191,193,197,15,37,61,65,68,72,76,92,94,97,105,114,119,131,139,144,147,149,153,169,189,200,
7to 13:4,12,17,21,39,41,42,45,47,54,56,60,78,83,88,92,98,100,101,106,109,117,122,128,136,140,142,145,147,148,163,164,177,180,184,186,189,191,197,10,11,23,26,30,37,62,68,70,77,84,85,87,93,94,108,114,116,126,129,132,137,149,158,169,171,181,183,193,
7to 14:4,7,8,9,12,14,17,19,26,30,38,42,48,49,50,51,54,58,59,62,67,69,77,79,83,85,86,87,93,98,102,103,107,110,115,122,123,127,132,139,141,149,153,158,161,168,174,175,177,187,194,196,199,6,10,11,31,61,65,76,78,94,109,112,116,119,137,140,144,146,147,150,165,166,169,171,181,184,192,195,200,
7to 15:5,7,9,11,14,19,21,25,35,36,45,46,47,49,50,56,58,63,79,82,83,86,93,94,97,100,101,102,103,104,107,108,110,114,119,122,126,128,136,139,140,154,158,160,163,165,177,184,185,190,191,197,199,10,30,37,39,61,77,88,92,112,131,137,144,146,149,157,169,186,195,
8to 1:1,6,9,16,17,22,26,27,31,33,37,41,47,49,50,56,65,69,71,72,74,82,88,94,98,100,101,110,119,123,125,134,135,144,145,160,165,166,176,180,181,182,183,184,186,192,195,42,43,76,84,90,108,128,154,157,163,191,193,194,34,3,
8to 2:11,15,18,20,26,27,37,39,45,50,51,52,55,58,69,84,85,88,98,100,103,114,119,120,121,126,135,137,138,141,154,158,164,167,170,176,181,182,183,184,187,17,33,38,42,43,66,73,90,101,128,157,161,166,171,179,189,
8to 3:8,10,11,19,26,27,31,35,37,42,43,46,57,61,69,80,85,94,95,98,101,105,106,108,110,115,118,122,128,136,137,144,148,157,160,168,170,172,180,181,183,185,186,189,199,9,14,20,25,56,62,63,66,90,107,123,132,134,153,191,
8to 4:9,10,27,29,42,43,46,47,49,50,55,58,63,80,82,83,87,92,98,100,105,109,120,122,123,130,139,141,146,151,160,170,174,176,180,181,183,186,193,199,18,59,73,85,88,101,108,114,134,153,161,166,172,178,191,192,195,152,
8to 5:6,15,19,23,28,31,34,37,38,39,40,41,43,50,56,57,65,75,77,80,95,98,99,102,103,110,117,123,130,135,138,144,145,148,149,151,160,166,167,181,182,185,188,190,193,198,199,9,27,69,88,93,94,96,101,105,109,114,134,154,159,170,172,178,195,
8to 6:2,6,8,9,14,18,21,26,27,33,42,47,48,49,51,55,56,57,61,62,69,72,95,98,100,104,105,108,110,117,119,122,126,129,144,146,148,151,170,173,176,180,181,184,185,186,189,192,193,25,38,64,66,76,94,101,107,109,123,128,145,153,154,157,159,163,166,168,187,194,195,
8to 7:6,9,10,15,19,23,27,30,31,43,46,50,54,56,57,72,78,81,82,83,84,97,98,103,104,108,110,117,118,122,125,129,140,144,160,168,170,181,188,189,190,193,199,26,38,66,69,76,85,87,88,94,101,109,123,128,132,137,149,157,163,171,152,
8to 8:
8to 9:2,6,15,19,21,27,31,34,38,40,47,54,61,62,71,77,82,83,84,85,90,95,97,98,100,101,105,110,119,120,128,130,141,144,146,158,163,164,176,182,183,185,187,189,194,196,197,199,33,49,56,63,69,87,88,93,111,145,153,157,167,170,191,193,
8to 10:6,7,8,9,10,11,15,20,25,26,34,37,39,43,46,48,55,58,61,65,78,81,84,85,98,102,120,129,137,144,158,164,165,169,170,185,186,188,193,195,199,27,38,56,62,64,69,76,87,88,94,114,149,153,168,192,194,162,
8to 11:6,10,15,19,20,31,37,39,43,49,55,58,64,69,72,74,78,82,83,85,92,95,97,98,99,101,103,118,137,138,139,144,158,160,166,171,173,176,186,187,188,190,193,197,198,199,9,26,27,59,62,63,66,73,84,88,107,109,128,132,149,154,157,172,180,185,189,191,
8to 12:7,10,17,19,26,31,33,37,43,46,48,56,62,65,69,71,74,77,80,83,84,85,87,88,92,95,97,100,104,110,115,119,123,144,158,164,167,172,176,181,188,49,59,63,66,73,93,94,107,132,153,159,161,162,163,166,179,191,197,
8to 13:2,6,8,10,11,12,15,28,33,43,47,50,57,61,63,69,71,74,84,85,98,108,110,117,118,121,122,124,126,138,151,158,160,163,168,175,181,183,185,187,188,194,195,199,42,56,60,66,76,83,111,114,123,137,149,157,165,166,167,179,180,189,192,198,34,
8to 14:6,10,11,12,14,17,19,20,26,28,34,47,48,52,54,56,57,58,62,64,65,77,80,81,85,92,96,98,99,101,103,104,119,120,125,135,137,139,144,146,151,158,164,173,175,176,183,188,191,192,199,3,9,42,60,63,69,83,84,88,105,109,114,132,134,149,153,170,181,193,194,
8to 15:2,10,14,15,17,22,28,30,34,35,41,43,46,47,49,50,57,58,71,74,77,78,84,85,92,95,97,100,101,110,117,119,120,130,132,136,138,144,145,146,158,160,163,165,168,186,187,188,199,9,26,56,63,73,83,88,94,96,105,114,122,123,127,134,154,159,161,162,189,191,192,193,
9to 1:1,6,9,15,17,19,21,31,32,34,45,54,59,64,66,69,71,82,84,88,93,94,95,108,114,121,123,128,129,131,137,138,140,141,147,153,154,170,171,176,190,191,194,198,199,200,12,35,50,73,85,103,110,111,119,120,144,150,161,165,175,183,187,192,193,197,
9to 2:7,11,12,15,19,26,27,31,33,41,55,58,61,69,89,96,102,110,114,119,121,123,125,128,137,138,141,145,148,171,175,183,185,186,191,193,196,197,198,35,38,97,98,105,144,146,153,161,163,170,172,174,178,187,155,
9to 3:11,12,14,20,26,27,31,35,46,54,57,60,62,63,64,69,85,88,93,105,111,113,115,121,123,127,128,130,135,137,138,140,141,144,145,146,148,150,156,159,160,168,170,171,172,177,178,186,189,196,197,19,21,39,71,77,80,106,110,136,153,161,164,173,175,183,192,193,
9to 4:9,11,19,21,25,27,33,46,47,56,58,59,60,65,69,82,85,87,88,95,102,113,114,120,121,123,125,131,137,141,145,150,151,153,157,158,164,170,176,180,182,183,186,189,192,195,197,198,200,15,35,38,53,63,73,106,111,136,144,146,156,172,173,174,178,
9to 5:6,14,15,17,19,21,25,26,31,33,35,36,37,38,45,46,50,58,59,60,61,69,75,88,92,94,98,100,103,110,112,114,116,117,123,125,127,131,135,137,138,139,144,148,150,152,157,165,170,172,174,189,199,34,54,77,80,90,105,119,129,140,146,153,156,161,178,183,192,197,
9to 6:2,6,14,17,19,20,21,25,27,28,31,35,36,38,41,53,59,64,66,69,72,77,86,92,94,95,96,100,103,114,116,117,127,128,129,131,134,139,140,148,150,151,152,153,154,158,170,171,176,178,180,186,187,194,195,196,197,198,12,48,49,56,73,80,104,105,110,120,136,146,161,174,175,183,
9to 7:10,11,15,25,26,27,31,35,38,41,46,48,54,56,69,77,87,88,93,94,95,98,100,102,103,108,110,117,123,128,129,137,148,157,158,163,164,165,171,174,182,186,187,190,191,194,200,16,19,39,45,49,50,63,82,84,106,111,112,114,119,144,145,156,175,193,197,
9to 8:6,10,11,15,17,19,21,27,33,38,45,46,48,58,60,64,66,69,77,83,85,87,88,95,98,101,110,114,115,120,123,125,128,135,137,138,140,141,148,152,154,157,158,159,176,182,183,185,186,189,191,192,194,195,196,197,198,50,63,80,84,164,166,173,193,34,
9to 9:
9to 10:2,10,11,14,20,31,36,44,46,56,58,60,61,62,63,64,65,69,72,77,84,88,92,93,96,98,100,102,103,113,114,121,129,138,140,146,151,153,158,160,163,168,170,175,180,183,186,199,16,39,48,71,73,110,111,116,119,120,156,161,165,172,174,192,34,
9to 11:6,9,11,20,26,31,46,55,60,62,64,65,71,77,84,88,94,98,102,107,110,123,128,129,137,138,141,144,145,147,151,157,170,171,173,186,188,189,199,19,35,38,45,54,56,82,90,111,112,119,146,156,164,165,178,193,
9to 12:9,10,14,15,26,27,31,32,33,36,37,41,45,46,56,60,65,69,87,88,89,93,94,95,96,98,109,110,112,113,115,119,120,123,128,130,133,134,141,146,152,156,158,163,170,180,183,186,188,197,198,12,16,19,35,48,53,63,71,77,84,103,106,136,145,164,167,175,178,187,
9to 13:6,10,11,17,19,21,25,31,32,33,34,46,50,53,57,58,60,61,63,65,66,67,85,87,92,93,95,108,110,113,117,126,131,137,140,141,145,148,153,157,167,170,180,183,186,190,192,193,198,199,15,16,45,49,77,80,82,83,106,111,116,136,146,158,164,174,175,177,187,195,196,197,
9to 14:6,9,10,11,14,15,31,37,38,41,46,47,54,57,58,65,77,88,94,98,101,105,119,123,131,135,146,147,150,151,159,171,174,176,180,181,182,183,189,190,191,193,195,196,198,199,19,45,63,84,87,90,153,161,175,187,192,177,48,
9to 15:10,11,15,19,25,32,33,36,37,41,45,47,50,57,58,59,63,72,77,87,89,94,95,97,102,105,110,114,117,129,130,137,145,146,151,156,165,168,170,171,176,177,182,186,187,192,193,198,199,16,35,39,64,71,90,111,144,153,161,172,175,183,
10to 1:1,8,9,15,16,23,30,39,41,43,53,54,55,58,60,61,64,71,72,74,78,83,84,88,90,94,105,110,121,122,126,138,141,142,144,149,151,158,160,161,162,165,168,170,172,174,183,184,186,190,192,193,199,17,18,20,22,35,44,69,86,139,146,153,154,169,185,24,
10to 2:11,14,15,20,30,39,43,44,50,58,62,65,68,86,88,90,96,100,103,105,107,108,113,114,121,123,129,131,138,144,153,156,159,161,163,165,168,175,186,192,196,198,199,8,22,23,52,61,69,70,98,119,120,128,137,143,146,151,171,181,185,187,188,197,155,24,
10to 3:1,5,7,20,27,30,31,37,41,42,43,50,53,54,56,57,58,60,67,68,69,73,78,88,90,92,94,95,100,107,108,110,113,121,127,129,136,138,141,144,153,156,158,159,160,162,164,165,168,178,180,183,186,191,196,197,198,8,23,24,39,46,81,105,128,132,137,139,142,148,167,171,173,188,118,
10to 4:9,15,18,25,27,30,42,50,53,56,58,60,63,65,69,74,76,78,83,85,87,88,92,94,102,106,107,108,110,114,115,119,121,124,126,137,138,139,140,141,153,160,162,164,165,170,174,186,188,191,195,198,199,8,14,22,23,31,37,39,46,47,98,116,120,131,158,169,180,181,194,117,142,
10to 5:1,9,15,30,31,36,37,39,41,58,61,69,74,78,86,88,92,94,96,100,102,107,108,114,120,123,124,127,128,129,140,141,153,157,158,161,168,170,172,178,183,188,190,192,193,198,199,17,18,23,44,50,60,77,85,98,105,113,116,119,137,165,169,180,185,197,117,24,
10to 6:5,7,8,9,20,21,26,30,31,36,37,41,42,48,53,58,71,72,77,86,92,103,107,108,112,126,127,128,130,136,138,144,147,149,153,156,165,168,170,174,179,183,185,186,192,196,198,11,14,17,22,46,49,61,69,104,105,116,131,146,154,155,158,178,180,188,194,197,
10to 7:1,10,15,17,26,27,30,41,46,48,54,56,61,64,67,69,71,78,88,94,98,100,102,107,108,114,128,129,131,140,159,161,162,164,170,175,183,184,186,188,190,194,195,197,198,199,14,18,25,35,39,47,50,72,103,110,116,119,126,137,146,158,165,181,104,118,
10to 8:7,10,31,34,43,48,54,58,63,74,77,87,88,95,102,107,110,114,115,122,123,126,128,149,157,159,165,168,172,179,181,183,191,195,196,198,6,9,14,17,18,20,22,25,37,39,47,60,61,69,76,98,103,146,151,158,188,194,154,
10to 9:9,15,17,21,31,34,37,39,48,50,54,58,64,67,68,69,71,72,76,82,102,103,106,112,115,119,121,123,129,131,134,137,140,141,144,151,153,159,161,165,167,168,170,175,178,183,185,186,190,191,192,193,195,198,6,20,35,46,56,110,116,120,148,188,194,197,
10to 10:
10to 11:9,15,17,20,23,26,31,43,52,53,54,58,61,65,67,71,74,75,76,77,78,82,84,88,93,103,107,114,115,116,119,120,128,131,138,139,142,156,157,158,172,178,185,188,190,191,192,195,199,6,11,39,47,60,69,72,86,146,173,194,198,118,
10to 12:7,9,10,15,22,27,31,36,37,39,43,53,54,55,56,58,60,61,63,67,68,71,74,76,78,87,92,94,95,96,97,98,100,107,112,138,140,142,144,151,153,158,162,165,170,172,174,175,184,185,188,191,198,199,11,14,44,46,62,69,70,77,105,110,113,148,168,194,200,104,117,
10to 13:7,12,14,15,20,23,37,39,41,42,43,48,52,53,54,55,56,57,58,61,65,68,69,71,78,85,92,93,94,96,100,108,114,116,120,122,123,124,128,129,134,137,138,141,142,162,165,175,179,180,183,186,190,192,197,199,8,9,17,18,22,47,50,67,98,103,110,113,119,126,131,158,167,169,181,185,188,117,118,
10to 14:12,17,20,34,37,47,48,54,55,57,58,60,64,69,74,77,78,84,87,88,92,93,100,106,107,116,120,122,123,138,139,147,153,159,161,165,168,180,184,188,190,192,193,196,198,199,6,9,11,22,24,61,62,76,85,98,103,104,119,148,169,171,181,194,
10to 15:5,7,20,26,34,36,41,42,43,48,55,56,57,58,61,67,71,72,78,83,92,93,95,96,100,102,103,114,116,122,123,131,134,138,140,144,153,161,162,170,180,183,184,186,191,193,195,197,198,199,14,23,31,37,39,46,50,84,105,126,137,146,165,171,173,188,194,200,
11to 1:6,7,8,11,15,20,29,39,47,49,55,59,60,61,65,71,76,82,85,86,100,101,107,108,109,110,111,114,116,118,120,125,134,142,143,144,147,149,154,156,157,161,163,180,182,185,186,188,189,192,193,194,196,197,199,1,9,19,28,70,72,77,94,95,153,171,191,200,75,
11to 2:9,10,11,15,22,26,31,35,38,42,43,47,48,52,53,55,60,61,62,65,66,69,71,72,97,98,100,119,120,123,128,131,132,137,139,144,151,157,164,183,185,186,187,188,189,190,191,192,197,13,21,27,68,86,96,108,122,153,178,196,198,199,
11to 3:10,13,23,26,27,29,39,42,44,58,59,65,73,78,88,92,101,103,107,109,111,115,118,119,120,123,125,128,131,141,142,143,157,158,168,171,173,178,180,186,188,191,193,197,199,19,20,35,36,54,68,72,86,94,108,112,129,136,137,169,196,198,
11to 4:7,10,11,13,18,26,27,31,35,43,46,49,55,56,58,59,65,66,71,73,78,83,88,92,98,100,105,107,114,118,119,124,138,141,142,144,157,158,164,170,172,178,180,186,188,189,192,193,195,196,12,19,30,44,47,54,67,74,95,108,112,136,137,140,153,169,173,191,199,200,
11to 5:6,9,11,13,15,26,31,38,39,43,45,55,61,65,72,77,78,86,88,90,92,93,94,96,98,101,103,107,110,114,117,118,119,123,134,137,139,144,154,157,172,178,183,185,190,192,193,195,197,199,28,30,58,79,108,129,136,140,160,161,173,191,196,198,
11to 6:6,7,22,38,44,45,48,49,57,59,60,65,76,78,82,88,92,93,109,110,112,117,126,129,138,146,149,154,157,163,166,170,171,172,179,180,182,185,186,187,190,192,193,194,195,9,19,20,58,72,95,108,119,165,173,174,178,191,196,75,
11to 7:9,10,13,15,19,20,26,27,30,31,35,37,38,39,43,45,58,59,61,69,78,83,87,88,95,98,103,108,114,117,119,123,125,131,137,144,145,147,149,150,154,157,161,163,164,187,193,197,198,8,12,21,82,94,116,129,136,160,173,184,185,188,191,199,200,
11to 8:6,7,9,10,11,17,19,20,22,26,27,30,46,47,57,58,65,66,69,72,83,88,94,95,98,108,109,115,119,124,126,132,137,138,139,144,149,151,154,157,159,169,170,172,176,183,188,189,193,194,195,198,199,8,12,64,77,82,90,129,173,174,196,
11to 9:6,11,12,15,19,20,31,35,36,38,39,43,45,47,53,55,57,60,67,71,83,86,93,95,103,105,106,110,114,119,125,131,141,144,146,164,171,172,173,176,178,182,185,186,187,189,190,191,192,193,194,199,21,27,28,64,73,77,98,102,112,137,138,153,160,174,
11to 10:15,31,36,37,39,42,46,55,57,58,60,61,67,69,71,72,78,85,86,88,92,94,98,108,112,116,124,128,131,139,142,149,161,164,168,169,170,180,183,188,190,191,193,194,197,199,8,9,12,27,30,54,70,90,140,160,165,174,198,75,
11to 11:
11to 12:3,7,9,10,11,20,26,27,30,42,43,45,46,53,56,57,58,62,65,73,77,78,86,92,93,98,101,110,115,118,119,123,124,136,141,142,145,147,156,161,163,164,169,172,183,191,198,13,54,59,67,68,94,95,109,129,133,165,178,184,185,75,
11to 13:6,7,9,10,11,13,15,20,22,26,30,31,45,47,58,65,66,67,73,83,87,94,95,101,108,109,117,119,123,126,129,137,142,149,157,158,170,180,185,186,188,189,192,193,199,12,19,27,28,44,56,60,74,77,86,102,107,116,128,136,138,
11to 14:6,7,9,10,11,22,26,31,35,38,42,44,47,48,53,54,58,59,60,61,62,65,69,78,82,86,88,92,94,98,103,106,109,112,114,119,125,136,138,139,144,147,149,156,157,161,164,171,180,182,183,188,192,193,194,195,199,8,19,68,160,165,169,178,184,185,191,196,198,
11to 15:9,20,23,26,30,31,36,39,45,49,55,58,60,61,65,67,71,74,86,87,92,94,96,100,108,114,116,117,118,120,123,124,126,131,132,144,156,157,161,168,169,170,171,176,178,182,183,186,187,189,193,197,13,19,28,35,44,54,56,64,68,70,82,90,95,112,119,128,129,153,165,184,185,199,
12to 1:1,2,8,9,10,15,16,17,19,35,41,42,43,45,54,55,56,61,65,69,70,71,82,83,86,92,94,95,105,109,114,118,119,122,124,132,133,141,142,151,156,160,161,162,169,186,188,189,192,193,194,200,20,60,66,74,77,110,120,145,147,167,199,182,
12to 2:10,11,12,14,17,26,27,30,31,41,42,43,53,63,66,68,69,74,82,84,86,89,94,95,98,113,119,128,132,133,145,146,153,156,157,158,159,163,164,166,167,169,172,176,183,185,188,196,198,13,15,78,96,103,105,106,109,110,138,141,144,147,151,174,175,197,
12to 3:1,5,7,8,11,12,14,15,19,20,22,26,30,33,36,37,41,42,44,54,56,58,59,71,73,88,92,94,105,107,110,113,116,118,119,123,128,131,136,144,153,158,159,160,164,167,169,181,183,189,190,191,196,197,198,199,27,46,60,77,80,98,106,120,133,147,150,165,168,185,187,188,57,
12to 4:2,8,10,11,15,17,30,38,41,46,47,53,54,58,60,63,66,73,85,88,94,101,105,107,113,114,118,122,125,128,132,136,145,146,147,152,153,158,159,160,162,164,166,169,170,172,186,188,189,192,194,200,7,13,19,20,27,65,68,69,74,78,80,92,98,108,110,138,140,141,150,156,165,167,175,191,198,
12to 5:8,9,10,11,12,14,22,28,30,31,34,38,41,43,51,56,69,79,82,85,94,95,100,101,105,113,114,116,119,123,124,125,128,129,133,136,141,144,147,153,156,157,161,163,165,169,170,172,178,180,190,195,198,39,53,60,74,78,80,92,102,106,109,110,130,134,138,139,145,150,151,158,174,185,199,40,
12to 6:5,7,8,9,12,15,17,19,20,21,37,38,45,47,48,56,58,71,88,92,95,100,110,114,116,119,120,122,124,125,130,145,146,148,153,156,158,159,162,163,166,167,169,170,174,178,179,180,181,183,184,189,192,194,195,196,197,198,13,27,53,59,66,78,129,134,150,182,32,89,
12to 7:1,11,20,24,26,30,31,33,35,38,41,44,54,56,61,68,69,70,71,86,87,88,100,101,103,112,114,119,120,123,128,132,136,141,145,147,152,153,159,160,162,163,164,166,178,183,197,198,200,27,43,46,77,93,94,98,109,110,113,129,139,144,156,158,165,174,175,184,191,
12to 8:7,9,11,28,33,34,38,43,51,54,55,56,63,73,84,88,92,101,107,109,117,119,122,125,128,129,136,145,146,158,160,164,166,168,170,174,185,187,188,190,194,196,2,15,27,66,69,78,94,96,105,106,110,144,149,175,183,191,198,40,176,3,
12to 9:10,11,15,21,27,28,31,33,35,38,41,43,47,49,53,54,55,56,59,63,68,71,73,84,86,87,94,106,111,117,136,144,145,146,151,153,156,157,158,159,163,164,168,170,178,187,189,199,200,20,98,102,105,110,128,138,141,174,175,183,197,198,176,182,40,
12to 10:1,7,8,9,11,17,31,34,39,41,43,53,54,58,60,65,68,70,71,74,76,84,86,87,92,94,100,106,107,110,113,119,120,123,131,132,142,144,153,156,159,161,162,163,164,170,172,174,178,180,181,183,185,190,198,25,46,61,69,85,96,98,103,105,129,147,151,158,167,168,184,191,197,89,
12to 11:10,13,15,20,26,27,28,38,43,44,59,71,82,86,90,92,105,112,116,117,118,119,123,124,125,129,131,142,146,147,153,156,157,158,159,161,162,164,166,168,169,172,176,178,183,185,187,188,191,194,198,7,37,39,60,65,78,96,109,110,144,151,175,199,
12to 12:
12to 13:4,7,8,10,11,17,22,24,27,28,31,32,41,42,43,45,47,48,54,56,67,73,74,77,83,84,85,94,101,106,111,113,118,120,122,124,129,136,141,142,145,153,156,157,158,159,160,162,164,167,169,177,184,185,187,188,194,2,15,53,66,69,96,98,110,147,165,183,189,197,198,57,
12to 14:2,8,11,15,17,19,28,31,37,38,39,41,42,46,48,51,53,55,56,61,63,69,78,85,86,92,94,95,98,101,103,113,117,119,122,132,136,141,147,153,157,159,161,164,169,171,176,177,180,183,188,189,191,192,195,196,26,57,60,74,80,109,110,150,151,182,184,198,3,89,
12to 15:5,7,11,17,19,20,27,28,30,32,38,41,42,43,48,54,56,58,59,61,65,70,71,83,86,88,92,118,119,120,122,123,129,132,140,157,162,165,167,169,170,172,178,179,180,181,183,187,190,191,193,195,198,10,15,37,45,46,103,104,106,110,130,138,139,145,149,151,168,174,182,185,197,199,176,57,
13to 1:6,12,16,20,23,24,26,32,35,36,42,43,45,49,53,55,57,65,66,69,74,76,78,83,84,88,95,98,100,108,110,111,114,116,118,119,123,131,141,142,147,149,153,156,157,168,169,173,174,180,181,182,183,189,194,198,8,15,17,22,56,59,60,82,94,105,120,124,129,134,160,185,186,
13to 2:8,10,11,15,17,18,19,22,23,24,37,41,42,43,46,49,52,54,56,61,66,68,74,83,85,88,94,96,100,110,116,123,136,137,139,141,146,147,155,156,157,160,164,166,167,171,172,174,175,179,184,189,199,4,12,26,60,82,102,103,105,108,120,126,153,158,165,170,183,185,186,197,
13to 3:7,8,11,14,15,19,20,22,23,24,27,37,41,42,44,46,49,53,56,57,62,71,74,77,80,81,85,92,94,95,101,108,110,111,113,118,119,123,128,131,137,141,142,147,153,157,160,172,173,180,181,184,187,189,191,192,199,5,10,60,66,67,83,84,116,120,122,124,138,148,158,165,169,170,183,185,197,
13to 4:7,9,10,15,23,27,29,30,33,41,42,43,44,47,53,56,65,70,73,74,78,83,85,87,94,95,100,101,106,109,111,114,116,118,122,126,137,141,142,145,149,156,157,159,162,166,170,172,174,175,178,179,180,189,197,199,46,55,59,60,66,80,84,92,102,108,115,128,136,138,151,153,167,177,183,186,192,195,
13to 5:6,11,14,15,20,22,23,24,30,33,37,43,45,46,50,54,56,57,65,69,70,71,74,78,93,95,98,101,108,110,113,118,121,123,128,131,137,139,149,151,157,169,172,174,178,180,181,183,188,193,12,18,26,28,31,55,59,60,77,82,92,94,107,114,116,126,129,134,136,138,148,158,160,165,192,197,5,117,
13to 6:6,8,11,12,14,15,18,21,25,28,33,44,49,54,55,57,62,69,70,71,74,77,82,93,95,98,100,104,108,110,122,123,128,131,147,149,158,162,166,169,170,174,179,181,182,183,187,194,197,2,20,22,47,56,60,66,67,78,84,87,116,124,126,134,138,148,153,156,163,167,180,185,189,5,24,
13to 7:5,8,9,11,14,15,19,21,33,34,35,42,43,45,49,54,57,62,63,68,74,80,81,82,83,87,94,98,101,104,108,110,111,114,116,119,121,122,123,126,132,137,140,145,149,150,156,163,166,171,174,175,181,188,193,197,198,6,10,17,20,56,61,92,102,107,128,136,165,170,186,24,177,
13to 8:6,7,8,9,10,11,14,15,20,21,27,30,41,42,43,45,50,55,56,57,62,63,65,66,69,71,73,74,76,81,85,87,88,94,95,96,108,110,119,120,123,129,136,138,139,141,145,146,149,151,160,165,166,170,173,175,180,181,184,186,189,192,194,197,198,199,46,59,80,98,103,107,132,159,163,167,183,185,115,117,4,
13to 9:11,20,21,25,27,30,35,41,45,46,50,54,55,60,62,63,73,85,93,94,95,98,100,110,116,119,123,126,131,134,137,138,141,151,156,157,158,159,163,164,168,174,175,179,180,181,182,189,192,197,2,12,15,59,77,83,84,108,114,153,167,177,183,186,198,115,117,
13to 10:5,15,21,25,39,41,44,55,56,62,63,68,71,74,78,83,88,94,108,111,114,116,123,129,139,142,147,148,153,157,158,159,162,164,172,173,174,179,188,192,198,8,11,17,23,24,46,47,60,77,98,107,126,138,156,163,165,168,170,180,185,197,117,
13to 11:7,15,19,30,37,43,46,53,55,58,60,62,64,65,68,69,76,77,78,83,84,88,93,95,101,110,111,123,126,129,137,138,141,142,157,158,159,162,169,175,179,180,184,186,197,198,199,10,20,26,47,66,67,74,94,98,103,116,124,128,153,163,185,188,115,4,117,
13to 12:5,7,8,10,11,13,14,15,19,21,27,30,32,33,37,41,42,43,45,53,54,56,63,65,68,69,71,77,87,93,94,95,100,104,108,109,110,113,116,118,119,123,128,129,141,145,146,156,157,160,162,163,164,165,166,174,179,181,184,186,12,17,20,22,46,47,60,74,78,80,83,98,134,151,158,168,169,177,180,183,188,198,117,
13to 13:
13to 14:5,6,9,11,12,19,24,26,37,41,46,50,54,55,60,62,65,74,81,85,93,96,100,104,116,123,131,136,139,153,158,164,165,168,173,179,182,184,188,192,194,199,15,17,18,23,28,47,56,58,67,77,78,80,83,84,94,98,103,113,114,180,185,196,177,117,
13to 15:7,8,9,13,15,22,25,26,30,33,37,44,45,58,77,78,80,85,87,88,93,95,100,101,108,110,111,114,118,119,122,126,129,134,137,138,149,151,156,157,165,167,169,170,171,172,174,179,182,188,189,2,5,10,17,20,47,56,59,60,71,94,120,128,132,136,158,160,163,183,186,197,198,
14to 1:1,2,3,6,9,17,19,22,23,24,32,34,42,49,50,55,64,69,72,76,83,86,90,92,97,101,103,105,107,109,114,119,120,122,125,131,134,135,138,139,149,151,157,161,174,175,182,183,184,185,191,192,194,195,196,200,8,38,41,47,56,58,67,88,112,113,147,156,168,169,171,199,
14to 2:12,19,24,28,30,33,60,61,63,78,83,84,85,86,90,95,101,106,109,114,115,116,120,121,123,125,131,132,135,137,138,146,147,150,151,153,161,165,167,170,176,182,184,185,188,189,193,199,6,11,14,35,38,41,46,51,55,56,58,127,156,183,187,196,
14to 3:1,5,10,11,19,20,24,30,33,42,44,54,56,60,61,64,69,77,80,83,88,98,101,105,106,109,114,119,120,122,137,138,139,140,141,146,160,164,165,166,168,173,183,184,185,188,189,191,192,199,14,31,41,46,58,67,92,112,113,123,127,135,136,147,181,187,177,
14to 4:7,11,12,15,17,19,26,30,38,42,44,46,47,49,53,54,55,59,60,63,65,68,69,74,78,80,85,88,94,97,98,101,102,105,107,109,116,117,119,120,122,125,132,135,136,137,139,145,146,147,149,153,156,157,159,165,166,174,177,178,180,182,191,194,195,196,198,199,200,8,9,41,58,67,83,87,92,95,100,112,113,127,130,141,164,181,183,
14to 5:11,12,14,15,17,24,26,28,30,31,43,51,55,60,69,77,78,80,88,90,97,101,106,107,109,119,120,125,127,131,134,135,136,149,151,157,161,166,167,175,178,180,182,183,185,188,191,192,196,198,8,9,35,39,41,45,46,58,87,92,93,95,99,103,130,141,153,156,169,193,194,195,117,
14to 6:2,5,7,17,19,20,24,44,48,49,52,61,67,69,74,76,78,101,103,104,109,115,119,122,125,127,139,146,148,149,159,163,165,166,175,179,180,181,183,184,185,189,191,192,198,6,8,9,11,31,41,58,71,85,92,93,95,112,136,137,153,169,171,194,195,117,
14to 7:1,8,10,11,12,19,30,50,54,55,63,69,78,84,86,98,101,102,106,109,114,119,122,136,137,149,150,156,161,164,165,168,169,171,175,178,184,186,188,195,200,9,15,41,45,47,61,71,87,88,95,103,112,123,147,153,172,192,193,194,117,
14to 8:8,10,12,15,19,30,43,46,47,50,55,56,64,78,81,84,85,88,92,98,101,106,109,114,119,122,123,125,131,138,145,149,151,163,165,176,179,180,182,183,184,186,188,193,194,199,6,9,17,35,94,100,111,127,168,171,172,181,187,192,
14to 9:12,19,32,45,47,48,49,54,55,56,58,60,61,69,72,80,84,85,94,97,98,101,102,105,107,112,114,116,123,127,138,139,146,150,151,153,159,161,165,167,176,178,180,182,183,189,194,196,198,6,15,26,31,35,36,41,46,64,88,95,130,135,137,141,171,172,175,181,192,
14to 10:1,7,8,9,11,12,17,18,23,30,41,46,48,54,56,58,60,61,65,69,80,81,83,84,98,105,107,112,113,114,115,116,127,132,133,147,159,160,161,163,165,168,169,173,175,176,178,180,184,188,191,192,195,198,199,14,15,36,39,67,92,94,103,137,185,187,
14to 11:7,11,17,19,23,28,30,37,38,39,44,46,47,49,58,59,60,65,67,77,78,86,95,99,101,105,114,119,120,123,125,131,139,146,147,153,159,163,165,178,184,186,188,189,191,193,194,6,9,31,35,45,55,64,71,92,94,122,169,183,187,192,196,199,
14to 12:7,10,12,19,24,30,32,46,48,49,51,53,54,58,59,60,62,63,69,77,78,80,84,86,88,90,98,106,109,110,112,113,117,119,131,138,146,151,166,167,178,183,184,186,191,194,198,11,31,38,41,45,92,94,111,123,130,147,153,156,181,185,187,192,
14to 13:4,7,11,12,17,20,30,34,42,44,45,47,48,55,56,60,61,69,76,84,98,105,106,109,113,114,115,116,120,121,122,123,134,136,138,146,147,157,158,159,165,166,179,180,183,184,186,191,192,193,198,199,6,8,14,26,41,46,94,100,141,153,156,171,172,194,117,
14to 14:
14to 15:2,5,7,11,14,19,20,22,24,26,30,32,37,42,44,45,47,48,49,54,55,56,58,72,85,86,90,95,101,102,104,106,107,112,119,120,122,138,151,157,159,161,163,171,176,178,180,182,188,191,192,199,9,36,79,87,92,100,123,130,136,137,169,172,183,184,185,194,195,117,
15to 1:2,10,11,17,19,34,37,39,41,43,45,55,56,58,61,65,72,83,86,88,90,94,95,101,108,111,120,123,132,135,137,140,143,146,153,154,156,157,159,162,166,167,169,172,173,175,183,189,191,15,47,54,57,71,82,92,93,97,110,114,119,138,144,147,161,168,186,194,195,196,182,32,176,
15to 2:10,19,22,35,39,42,43,52,56,58,61,65,66,68,71,83,85,86,87,88,89,90,95,96,103,108,110,114,116,123,132,139,144,146,151,156,160,165,170,171,172,174,181,192,193,197,199,16,36,45,47,48,50,97,100,119,126,154,168,182,195,196,4,104,
15to 3:8,9,10,14,23,27,39,41,42,58,60,61,65,73,77,85,90,103,105,111,113,116,120,122,123,128,129,130,132,135,136,137,138,143,160,165,169,170,171,172,178,183,185,11,20,31,35,44,45,46,71,72,78,80,92,93,101,104,106,112,114,131,144,146,168,186,57,4,
15to 4:2,10,11,17,18,19,22,26,27,35,42,46,47,55,56,58,65,66,68,70,73,83,87,88,94,95,107,108,111,112,113,114,122,131,132,140,147,151,156,157,159,160,165,171,172,178,180,181,182,186,189,198,199,25,45,50,78,84,92,97,120,127,128,138,144,145,146,176,179,194,196,162,
15to 5:5,9,14,20,25,26,28,36,37,39,43,45,55,58,75,93,94,101,105,107,112,117,123,136,137,139,144,148,149,154,156,157,158,160,161,166,169,172,174,178,180,183,185,190,192,197,199,11,15,30,50,61,71,78,79,90,92,95,97,102,110,120,122,128,130,168,182,184,196,104,57,
15to 6:2,5,7,8,14,17,23,25,28,33,36,38,41,42,46,47,56,58,59,61,64,72,77,78,79,86,87,89,93,95,98,100,107,112,120,123,128,129,131,134,136,139,140,144,148,151,154,156,165,169,170,174,175,178,180,183,184,187,193,197,4,20,26,44,84,92,96,97,110,119,122,126,138,146,168,179,186,176,162,48,
15to 7:8,9,15,17,19,25,38,39,42,45,46,48,55,56,58,63,79,80,92,96,102,103,111,116,122,123,126,129,132,136,137,139,145,146,147,149,154,156,158,160,161,162,165,170,174,175,177,181,184,185,186,189,190,193,194,199,10,11,20,26,35,37,54,78,82,93,97,112,114,127,128,138,144,163,183,200,24,4,
15to 8:2,5,8,9,27,30,39,42,43,45,48,55,58,63,71,83,85,87,88,95,100,102,105,108,123,132,138,139,140,144,146,149,151,157,160,166,169,173,174,181,182,186,193,198,199,10,11,26,31,50,56,72,84,92,94,97,114,126,145,154,170,179,183,191,194,57,
15to 9:19,21,23,25,27,30,33,36,38,46,47,48,55,63,70,71,72,77,82,88,91,96,98,100,102,103,106,112,123,126,137,139,144,145,146,159,165,174,177,183,189,199,10,11,15,26,35,45,50,80,84,95,97,104,110,114,128,138,161,163,173,178,197,200,182,
15to 10:2,5,8,14,17,25,36,37,39,47,50,56,58,63,64,71,78,83,88,92,95,100,105,107,108,111,113,117,120,123,126,129,136,137,138,139,140,142,144,147,148,153,156,158,159,161,169,170,171,172,174,183,184,185,188,199,15,31,44,54,72,93,96,97,102,114,119,130,131,163,186,162,
15to 11:9,10,20,39,45,46,58,68,72,74,77,78,79,83,86,88,90,94,96,103,107,111,114,122,123,126,132,137,138,142,143,145,146,149,156,159,161,169,178,190,193,199,11,15,26,47,71,92,95,119,120,131,147,162,179,186,191,
15to 12:7,9,10,13,14,27,36,37,39,41,42,45,46,55,58,63,65,71,73,77,78,79,86,90,100,101,105,113,116,117,132,133,134,136,139,142,145,147,153,156,157,159,161,171,177,183,184,199,20,26,30,54,56,92,94,96,102,110,128,130,138,146,160,162,163,178,185,194,32,
15to 13:2,7,8,9,10,20,25,26,32,33,34,39,41,42,47,55,58,67,73,83,87,92,95,98,100,101,102,105,108,113,114,116,124,128,131,132,137,138,140,142,145,153,156,157,158,159,160,162,165,170,173,181,186,189,192,193,11,24,45,50,56,71,93,94,120,126,146,179,183,184,185,194,195,57,
15to 14:2,8,9,10,14,17,28,35,38,41,52,55,56,58,60,78,80,83,86,94,95,97,98,103,105,106,107,110,119,123,132,134,136,137,139,145,146,153,159,161,165,169,171,174,175,181,182,183,184,185,187,192,193,194,198,11,30,50,61,84,92,100,104,112,120,127,135,138,147,191,195,48,176,
15to 15:

cell1:13,8,10,3,7,14,2,11,4,12,9,5,6,15,
cell2:14,13,9,8,6,5,1,3,7,4,11,12,15,10,
cell3:14,13,9,11,7,1,15,2,10,8,12,5,4,6,
cell4:2,10,1,15,11,13,6,3,14,5,7,9,12,8,
cell5:15,10,8,6,2,14,3,12,7,4,1,13,9,11,
cell6:14,11,8,7,3,2,10,15,4,9,13,12,1,5,
cell7:15,14,13,12,10,9,8,5,4,2,1,6,11,3,
cell8:15,14,12,11,9,6,5,3,2,10,13,7,4,1,
cell9:15,13,12,11,7,6,5,4,3,1,8,10,2,14,
cell10:15,14,9,6,8,3,1,4,13,12,11,2,5,7,
cell11:15,14,13,9,8,7,5,4,3,2,6,1,10,12,
cell12:11,7,4,2,5,3,10,13,15,1,14,6,9,8,
cell13:15,4,3,2,1,7,12,6,10,14,5,9,11,8,
cell14:12,11,10,9,8,4,2,1,7,15,3,6,5,13,
cell15:11,5,9,4,10,3,13,8,12,2,7,6,1,14,
