machine1:0,23,4,11,10,63,68,1,13,15,22,47,19,32,34,38,24,46,20,7,69,5,30,66,58,25,17,33,43,18,45,41,51,36,9,48,49,55,27,53,40,52,2,67,
machine2:0,54,23,62,4,10,63,68,13,15,60,19,32,26,34,38,70,50,24,46,20,21,7,69,44,65,58,25,37,43,18,45,41,51,29,36,8,61,9,31,39,48,49,14,55,53,2,16,67,
machine3:0,35,54,56,62,11,59,68,64,19,32,26,70,50,24,46,12,42,21,7,69,65,30,66,25,17,37,33,43,18,45,41,29,36,8,31,39,48,49,14,55,40,52,16,67,
machine4:0,35,54,6,11,10,63,68,1,3,15,64,32,26,38,70,12,20,42,7,69,5,44,65,30,66,58,37,33,18,45,41,51,36,8,9,31,39,49,55,27,40,52,2,
machine5:0,28,6,56,62,4,63,59,68,3,13,64,47,19,34,38,70,50,12,20,42,21,7,5,65,58,25,17,33,43,45,29,36,8,31,48,49,14,55,27,40,52,2,16,67,
machine6:0,54,57,56,62,10,63,1,13,15,60,64,19,32,26,42,21,7,44,65,25,33,43,18,45,51,29,36,8,61,48,49,14,55,27,40,52,2,16,67,
machine7:0,54,28,11,63,59,15,64,47,19,32,26,34,38,12,20,21,7,69,65,30,66,58,17,33,18,45,51,29,8,61,9,31,39,48,49,55,27,53,40,52,2,16,67,
machine8:0,57,23,4,1,13,34,38,70,46,20,42,21,69,5,58,25,17,33,45,51,29,36,9,31,39,49,55,27,53,40,52,2,16,
machine9:0,54,28,6,56,23,11,10,63,59,1,3,15,60,64,19,26,38,70,50,24,12,20,42,21,7,44,66,58,25,37,33,41,29,36,8,31,39,48,49,55,53,40,52,2,67,
machine10:0,35,6,56,4,11,59,13,22,60,34,24,12,69,44,66,25,37,43,45,51,29,36,61,9,39,48,49,14,55,27,53,52,2,67,
machine11:0,56,62,4,11,10,59,13,22,64,32,26,34,38,70,21,7,5,44,65,30,66,58,25,17,43,18,41,51,8,9,31,39,49,14,55,27,52,16,67,
machine12:0,35,54,28,6,56,23,4,10,63,59,3,13,22,60,64,47,19,32,26,34,38,70,50,24,46,12,20,42,21,7,69,5,65,30,66,58,25,17,37,33,18,41,51,29,36,8,61,9,31,39,48,49,14,55,27,53,40,52,2,16,67,
machine13:0,35,6,57,23,62,11,10,63,59,68,1,3,13,15,60,47,19,32,26,34,38,70,50,24,46,12,20,42,21,69,5,44,65,30,58,25,17,37,33,43,18,45,41,51,29,36,8,61,9,31,39,48,49,14,55,27,53,40,52,2,16,67,
machine14:0,35,54,28,6,56,62,4,11,63,59,68,1,3,13,15,22,60,64,47,19,32,26,34,70,50,24,46,12,20,42,21,7,69,5,44,65,30,66,25,17,37,33,43,18,45,41,51,29,36,8,61,9,31,39,48,49,14,55,27,53,40,52,2,16,
machine15:0,35,54,28,6,57,56,23,62,4,10,63,59,68,1,3,13,60,64,47,19,32,26,34,38,70,50,24,46,12,20,42,7,69,5,44,65,30,66,58,25,17,37,33,43,45,41,51,29,36,8,61,9,31,39,48,49,14,55,27,53,40,52,2,16,67,
machine16:0,35,54,28,56,23,4,11,10,59,68,1,15,22,47,19,32,26,34,38,70,24,12,20,42,21,7,69,44,65,30,66,58,17,37,33,43,18,45,41,51,29,8,61,9,31,39,48,49,55,27,53,52,2,16,67,
machine17:0,35,6,57,23,62,11,10,63,68,1,3,13,15,60,64,47,19,32,26,34,38,70,50,24,46,12,20,42,21,7,69,5,30,66,58,25,17,37,33,43,18,41,29,8,61,9,31,39,48,49,14,55,27,53,40,52,2,16,67,
machine18:0,54,6,57,56,23,62,4,10,63,59,1,3,13,22,60,47,19,32,38,70,50,24,46,12,20,42,21,5,44,65,30,66,58,25,17,37,33,43,18,45,41,51,29,8,61,31,39,48,49,14,55,27,53,40,52,2,16,67,
machine19:0,35,54,28,6,57,56,23,62,4,11,10,63,59,68,1,3,13,15,22,60,64,47,19,32,26,34,38,70,50,24,46,12,20,42,21,7,69,5,44,65,30,66,58,25,17,37,33,43,18,45,41,51,29,36,8,61,9,31,39,48,49,14,55,27,53,40,52,2,16,67,
machine20:0,35,54,28,6,57,56,23,62,4,11,10,63,59,68,1,3,13,15,22,60,64,47,19,32,26,34,38,70,50,24,46,12,20,42,21,7,69,5,44,65,30,66,58,25,17,37,33,43,18,45,41,51,29,36,8,61,9,31,39,48,49,14,55,27,53,40,52,2,16,67,

1to 1:
1to 2:1,4,5,6,10,12,14,15,16,17,18,19,20,21,23,24,25,27,31,37,38,41,42,44,51,53,54,56,59,62,64,66,70,65,7,11,26,58,13,22,36,32,45,63,34,2,55,48,33,43,49,52,67,
1to 3:1,3,4,5,6,7,10,12,15,16,20,21,22,23,25,26,29,32,34,37,38,39,40,41,42,46,48,49,50,51,54,56,58,59,62,65,66,67,68,69,35,28,33,11,63,64,19,24,36,18,70,43,53,27,14,52,31,55,2,
1to 4:1,2,4,5,6,7,9,12,13,15,17,18,20,21,22,23,25,30,33,34,36,38,39,40,41,42,46,47,48,49,50,51,52,58,59,62,67,68,69,70,44,54,19,53,35,65,16,64,63,11,55,32,24,66,43,14,45,8,29,31,61,27,
1to 5:1,4,5,6,7,8,9,10,11,13,16,17,18,21,23,25,27,30,31,33,34,38,39,40,42,47,48,49,50,53,56,59,61,62,63,68,69,20,43,54,60,70,64,45,24,3,46,65,37,19,44,32,67,41,22,2,66,12,58,52,55,14,
1to 6:1,4,5,8,9,13,15,17,19,20,21,23,25,27,32,33,34,36,38,40,42,44,45,49,51,58,59,62,64,66,67,68,69,70,7,35,60,53,28,31,48,11,50,24,22,46,26,52,65,37,29,2,16,18,43,41,14,55,
1to 7:4,5,7,8,12,15,16,17,18,19,21,23,25,29,30,33,34,38,39,40,41,42,47,48,49,50,51,54,55,58,59,62,65,68,69,63,9,24,61,35,27,56,13,1,32,11,14,22,46,66,20,26,45,60,37,70,53,52,36,2,67,
2to 1:1,3,5,6,8,9,10,13,14,17,18,19,20,23,24,25,26,28,29,30,32,33,35,37,38,40,41,43,45,46,51,52,54,58,61,62,63,64,67,69,16,7,11,59,27,36,15,4,12,34,66,31,70,48,50,21,65,49,39,55,2,
2to 2:
2to 3:5,6,9,10,11,12,13,15,18,19,20,23,24,25,28,29,31,33,37,40,41,42,43,44,46,47,51,53,54,56,57,58,62,63,64,65,66,69,70,21,4,14,32,34,36,38,1,59,26,17,45,48,55,7,49,16,52,27,39,2,67,
2to 4:2,3,6,7,8,9,11,17,18,19,20,21,23,24,25,26,28,29,30,31,33,37,38,41,42,44,46,48,51,52,54,56,58,60,61,62,63,64,65,69,4,32,34,59,15,13,49,22,14,70,12,40,66,50,67,27,45,39,53,55,16,
2to 5:3,6,8,9,18,19,20,23,24,25,26,28,29,30,31,32,33,37,41,42,43,44,48,51,52,53,54,56,57,58,59,61,63,64,65,66,67,69,70,38,14,34,13,27,1,4,50,11,10,7,16,45,15,2,17,55,49,21,5,39,40,
2to 6:1,2,9,10,11,17,18,19,20,23,24,26,27,28,29,31,33,34,35,37,39,40,41,42,44,46,48,51,52,53,55,57,58,61,62,63,64,67,69,14,4,25,59,66,45,22,49,15,50,70,60,13,38,5,36,65,21,7,16,
2to 7:6,8,9,10,13,15,16,18,19,20,23,24,25,28,30,31,33,35,36,37,39,41,42,46,48,53,54,55,56,58,61,63,67,69,70,50,11,4,26,1,59,65,34,27,7,51,17,44,32,45,12,29,21,5,52,66,49,2,
3to 1:1,4,5,6,7,10,11,12,16,19,20,22,24,26,28,29,30,34,38,41,42,45,46,47,50,52,53,55,59,60,62,63,65,68,69,70,44,51,64,58,18,32,13,3,48,14,49,21,67,25,17,36,37,43,31,27,40,2,
3to 2:1,4,7,9,10,12,13,15,16,18,19,20,21,24,25,26,30,32,34,35,38,39,41,43,44,45,47,48,52,58,59,61,62,63,65,67,70,36,27,69,51,56,5,2,64,17,37,40,14,31,29,33,49,55,53,
3to 3:
3to 4:1,4,5,6,7,9,12,13,15,16,19,20,23,24,25,26,30,34,35,38,39,42,44,45,52,53,54,55,57,58,61,67,50,29,47,33,64,59,63,17,56,43,62,8,3,48,51,32,37,46,40,69,41,31,27,18,36,14,49,2,
3to 5:1,4,6,7,9,10,11,12,13,15,16,19,23,24,25,26,30,32,33,34,35,39,40,41,42,46,49,50,52,54,57,58,59,61,63,68,70,64,18,55,38,45,37,62,17,8,51,14,3,47,48,21,43,20,69,53,67,29,27,2,
3to 6:1,2,4,5,6,7,10,12,13,15,16,18,19,22,23,24,26,27,29,34,35,42,46,47,50,52,53,57,60,62,64,65,67,70,69,59,38,61,37,68,63,44,20,43,9,48,55,25,41,21,40,51,39,14,31,45,36,49,
3to 7:3,4,5,6,7,9,10,12,15,16,19,20,21,23,24,26,29,30,35,39,40,42,44,49,50,52,56,58,61,62,63,65,66,67,68,70,64,43,38,48,37,46,25,36,47,33,45,18,51,17,69,27,31,41,14,8,53,2,
4to 1:1,2,3,7,8,9,11,12,13,14,15,16,17,21,22,24,29,30,34,36,37,38,39,41,42,43,47,48,53,56,58,59,61,62,65,67,68,69,27,6,28,23,64,63,49,25,19,70,31,46,18,26,32,66,45,20,5,52,51,33,55,
4to 2:1,2,10,13,14,17,19,21,24,25,26,28,30,31,33,34,36,37,38,42,43,44,51,52,57,58,61,62,65,69,59,35,20,70,64,15,32,4,23,63,56,12,27,50,39,7,45,66,8,5,55,18,67,29,49,16,9,40,53,
4to 3:2,3,6,8,9,10,13,15,16,20,21,22,23,24,27,28,31,32,33,34,35,37,39,42,45,46,47,48,50,61,62,63,64,65,67,69,56,25,55,7,68,4,57,40,49,19,30,26,60,59,12,38,5,70,44,51,29,41,18,53,52,14,
4to 4:
4to 5:1,2,3,4,5,6,7,8,9,10,11,12,13,17,21,22,24,28,29,33,34,37,38,39,43,44,46,47,48,50,58,62,64,65,68,69,41,59,19,57,35,14,55,53,23,56,32,40,63,31,15,60,26,52,42,70,66,30,25,20,18,49,45,61,51,27,16,67,
4to 6:1,2,8,12,13,17,18,21,24,27,28,29,31,34,35,36,37,38,40,42,43,44,45,46,47,48,50,53,56,58,60,61,62,63,65,67,69,23,59,6,5,57,25,16,15,20,4,64,9,7,52,55,19,32,26,66,33,49,30,39,14,51,
4to 7:1,2,4,5,6,7,9,11,12,20,21,22,24,27,28,29,31,33,34,36,37,38,43,44,45,46,47,48,50,52,53,55,58,61,62,63,64,65,68,69,54,23,42,25,17,35,41,59,70,19,57,49,60,51,15,66,14,39,8,30,40,16,67,
5to 1:3,5,6,7,11,13,14,15,17,19,23,25,28,29,30,32,34,35,38,40,42,47,48,49,50,51,52,58,59,60,63,66,10,37,62,21,70,20,33,8,12,68,1,43,26,24,18,22,65,46,67,69,45,2,9,55,41,16,31,61,27,
5to 2:1,3,4,5,7,11,13,15,17,23,24,25,26,29,32,33,35,37,38,40,42,45,47,48,51,52,53,56,58,59,61,63,64,66,69,70,34,21,16,10,57,62,60,27,20,49,19,65,12,67,43,31,55,2,14,18,39,
5to 3:1,2,4,5,6,7,11,12,15,16,19,22,23,25,26,27,29,32,33,34,35,38,41,44,45,48,50,51,52,53,55,56,57,58,59,62,63,64,66,70,69,10,8,9,20,18,65,42,24,21,3,47,14,61,17,49,43,37,31,39,40,67,
5to 4:1,2,3,5,6,7,9,10,11,14,15,16,17,20,22,23,24,25,27,29,32,34,35,38,40,44,47,48,50,51,54,56,58,59,60,63,64,66,69,70,62,18,26,12,57,41,30,68,37,52,39,42,19,46,21,43,8,33,65,45,61,67,31,55,53,
5to 5:
5to 6:1,2,3,4,5,6,7,9,11,15,16,17,19,23,25,29,33,35,38,39,41,43,47,48,50,51,53,55,57,59,60,63,64,66,68,70,24,62,58,67,20,22,69,40,52,10,12,61,42,34,37,8,26,30,21,31,14,49,18,65,45,27,
5to 7:1,5,7,9,11,12,15,16,19,21,22,23,24,25,26,29,31,32,34,35,37,38,42,43,47,48,49,50,51,54,59,63,65,20,58,14,8,10,68,70,62,53,69,18,40,55,66,45,17,33,27,39,67,61,41,52,2,
6to 1:1,2,3,4,7,8,10,11,12,13,15,16,18,20,21,23,26,27,31,36,37,38,39,40,41,42,44,47,48,49,51,55,56,58,59,61,62,64,65,33,19,69,9,46,22,68,70,5,24,25,53,43,67,29,45,52,14,
6to 2:1,2,4,5,7,8,10,13,15,16,17,18,19,20,23,25,26,27,28,29,31,34,35,36,37,38,39,42,43,48,51,55,56,58,60,61,62,64,65,66,69,24,40,6,59,44,70,14,21,30,53,33,49,9,45,67,52,
6to 3:1,2,4,7,9,10,12,13,15,16,17,18,19,20,21,23,25,26,27,28,29,31,33,34,35,36,37,38,41,45,48,50,51,52,53,56,59,60,61,62,65,66,67,68,70,55,69,24,22,5,42,39,46,30,14,44,40,49,
6to 4:2,3,4,12,13,15,18,19,20,21,23,26,27,28,31,34,35,36,37,39,40,41,42,43,44,45,47,48,49,51,56,57,58,59,60,62,63,64,65,66,68,69,70,25,61,67,9,14,22,16,7,30,5,52,53,29,24,46,33,55,
6to 5:1,2,3,5,7,8,9,10,11,12,13,15,18,20,23,26,27,28,31,35,37,38,40,41,42,43,44,47,48,50,51,52,56,60,62,65,66,67,6,22,61,24,21,58,25,69,68,30,19,33,70,45,39,29,16,55,14,53,
6to 6:
6to 7:1,2,5,7,8,10,12,14,15,17,18,19,20,21,23,25,26,27,28,31,35,36,37,38,41,42,45,46,47,48,49,50,51,52,55,56,60,62,65,66,69,70,59,39,22,53,61,68,24,30,16,44,58,9,29,40,67,
7to 1:1,3,4,5,6,7,8,9,12,15,16,18,19,20,21,22,23,24,26,28,29,30,31,32,36,37,39,43,45,46,47,48,49,54,55,62,63,65,67,69,70,35,59,34,60,33,11,68,66,41,58,52,27,17,42,50,53,25,40,2,51,14,
7to 2:2,5,7,9,12,13,15,16,18,19,21,23,24,29,31,32,35,36,37,39,40,42,43,44,45,48,54,55,57,58,60,62,63,67,69,70,59,38,66,26,11,1,4,25,20,41,64,49,51,17,65,27,8,14,61,33,53,52,
7to 3:2,4,5,6,7,8,13,16,18,19,21,22,23,24,27,29,31,32,37,38,39,46,47,49,50,52,54,59,62,63,65,67,68,69,70,48,51,26,35,1,41,15,14,17,44,42,64,58,40,66,61,34,20,33,25,45,36,53,
7to 4:1,2,3,4,5,6,7,9,12,13,15,16,17,18,19,20,22,23,24,26,27,29,30,31,32,34,37,39,43,44,45,46,47,49,50,52,54,60,61,62,63,64,66,67,68,69,51,59,35,56,11,8,33,41,25,38,65,42,55,58,48,40,53,14,
7to 5:2,3,4,5,6,10,12,15,16,19,20,21,22,23,24,25,30,31,34,37,45,47,50,51,52,54,55,58,61,62,64,67,69,70,26,42,1,35,9,59,38,18,68,40,53,66,65,14,48,8,33,41,17,27,39,
7to 6:2,4,5,12,13,16,18,19,21,22,23,24,31,34,37,38,40,41,44,45,47,49,50,52,54,55,62,63,65,67,69,35,53,59,1,56,42,51,60,61,64,15,29,26,36,48,58,33,7,20,27,9,14,66,39,25,17,8,
7to 7:

cell1:4,5,2,7,6,3,
cell2:1,3,4,5,6,7,
cell3:7,5,2,1,4,6,
cell4:7,6,5,3,1,2,
cell5:2,6,1,4,3,7,
cell6:5,7,4,2,3,1,
cell7:2,5,3,1,4,6,
