machine1:0,63,4,11,23,13,47,38,7,18,24,1,17,58,25,10,68,32,27,15,20,46,69,66,22,48,5,2,19,9,41,30,52,33,34,43,45,49,51,55,36,67,53,40,
machine2:0,54,62,63,4,23,13,38,7,70,18,21,26,24,58,25,10,68,32,65,61,37,15,60,20,46,69,48,29,2,19,9,41,50,34,44,43,45,49,39,51,8,14,55,31,36,67,53,16,
machine3:0,35,59,54,62,11,56,7,64,70,18,21,26,24,17,25,68,32,65,37,46,69,66,48,29,19,41,30,52,33,50,12,42,43,45,49,39,8,14,55,31,36,67,40,16,
machine4:0,35,54,63,11,6,38,7,64,70,18,26,1,58,10,68,32,27,65,37,15,20,69,66,3,5,2,9,41,30,52,33,44,12,42,45,49,39,51,8,55,31,36,40,
machine5:0,59,62,63,4,28,13,47,6,38,56,7,64,70,21,17,58,25,68,27,65,20,3,48,29,5,2,19,52,33,50,34,12,42,43,45,49,8,14,55,31,36,67,40,16,
machine6:0,54,62,63,13,56,7,64,18,21,26,1,25,10,32,27,57,65,61,15,60,48,29,2,19,52,33,44,42,43,45,49,51,8,14,55,36,67,40,16,
machine7:0,59,54,63,11,28,47,38,7,64,18,21,26,17,58,32,27,65,61,15,20,69,66,48,29,2,19,9,30,52,33,34,12,45,49,39,51,8,55,31,67,53,40,16,
machine8:0,4,23,13,38,70,21,1,17,58,25,27,57,20,46,69,29,5,2,9,52,33,34,42,45,49,39,51,55,31,36,53,40,16,
machine9:0,59,54,63,11,28,23,6,38,56,7,64,70,21,26,24,1,58,25,10,37,15,60,20,66,3,48,29,2,19,41,52,33,50,44,12,42,49,39,8,55,31,36,67,53,40,
machine10:0,35,59,4,11,13,6,56,24,25,27,61,37,60,69,66,22,48,29,2,9,52,34,44,12,43,45,49,39,51,14,55,36,67,53,
machine11:0,59,62,4,11,13,38,56,7,64,70,18,21,26,17,58,25,10,32,27,65,66,22,5,9,41,30,52,34,44,43,49,39,51,8,14,55,31,67,16,
machine12:0,35,59,54,63,4,28,23,13,47,6,38,56,7,64,70,18,21,26,24,17,58,25,10,32,27,65,61,37,60,20,46,69,66,22,3,48,29,5,2,19,9,41,30,52,33,50,34,12,42,49,39,51,8,14,55,31,36,67,53,40,16,
machine13:0,35,59,62,63,11,23,13,47,6,38,70,18,21,26,24,1,17,58,25,10,68,32,27,57,65,61,37,15,60,20,46,69,3,48,29,5,2,19,9,41,30,52,33,50,34,44,12,42,43,45,49,39,51,8,14,55,31,36,67,53,40,16,
machine14:0,35,59,54,62,63,4,11,28,13,47,6,56,7,64,70,18,21,26,24,1,17,25,68,32,27,65,61,37,15,60,20,46,69,66,22,3,48,29,5,2,19,9,41,30,52,33,50,34,44,12,42,43,45,49,39,51,8,14,55,31,36,53,40,16,
machine15:0,35,59,54,62,63,4,28,23,13,47,6,38,56,7,64,70,26,24,1,17,58,25,10,68,32,27,57,65,61,37,60,20,46,69,66,3,48,29,5,2,19,9,41,30,52,33,50,34,44,12,42,43,45,49,39,51,8,14,55,31,36,67,53,40,16,
machine16:0,35,59,54,4,11,28,23,47,38,56,7,70,18,21,26,24,1,17,58,10,68,32,27,65,61,37,15,20,69,66,22,48,29,2,19,9,41,30,52,33,34,44,12,42,43,45,49,39,51,8,55,31,67,53,16,
machine17:0,35,62,63,11,23,13,47,6,38,7,64,70,18,21,26,24,1,17,58,25,10,68,32,27,57,61,37,15,60,20,46,69,66,3,48,29,5,2,19,9,41,30,52,33,50,34,12,42,43,49,39,8,14,55,31,67,53,40,16,
machine18:0,59,54,62,63,4,23,13,47,6,38,56,70,18,21,24,1,17,58,25,10,32,27,57,65,61,37,60,20,46,66,22,3,48,29,5,2,19,41,30,52,33,50,44,12,42,43,45,49,39,51,8,14,55,31,67,53,40,16,
machine19:0,35,59,54,62,63,4,11,28,23,13,47,6,38,56,7,64,70,18,21,26,24,1,17,58,25,10,68,32,27,57,65,61,37,15,60,20,46,69,66,22,3,48,29,5,2,19,9,41,30,52,33,50,34,44,12,42,43,45,49,39,51,8,14,55,31,36,67,53,40,16,
machine20:0,35,59,54,62,63,4,11,28,23,13,47,6,38,56,7,64,70,18,21,26,24,1,17,58,25,10,68,32,27,57,65,61,37,15,60,20,46,69,66,22,3,48,29,5,2,19,9,41,30,52,33,50,34,44,12,42,43,45,49,39,51,8,14,55,31,36,67,53,40,16,

1to 1:
1to 2:1,4,5,6,7,10,14,15,16,18,20,21,23,24,25,26,27,31,33,37,38,41,42,44,51,53,54,56,59,62,64,66,70,65,58,11,36,45,49,13,22,12,32,2,48,17,52,55,67,63,19,34,43,
1to 3:1,3,4,5,6,7,10,14,16,20,21,22,23,25,26,29,31,32,33,34,37,38,40,42,46,48,51,54,56,58,59,62,64,65,66,67,68,69,28,35,49,36,53,27,50,11,12,63,24,18,43,19,15,52,41,39,70,2,55,
1to 4:1,2,4,5,6,7,9,12,13,14,17,18,20,21,22,23,25,30,33,34,36,38,39,40,42,44,46,47,48,50,51,58,59,61,62,67,68,69,70,53,16,54,65,49,64,55,43,66,24,45,63,8,41,15,29,32,31,27,52,35,19,11,
1to 5:1,4,5,6,7,8,9,10,11,12,13,14,16,17,18,21,23,25,27,30,31,33,34,38,39,40,42,44,47,48,49,53,55,56,59,61,62,63,68,69,20,41,45,70,60,65,37,50,54,67,24,46,64,19,3,2,32,66,52,43,58,22,
1to 6:1,4,5,7,8,9,13,14,15,17,19,20,21,23,25,26,27,31,32,33,34,36,38,40,42,44,45,49,51,59,62,64,66,67,68,69,70,53,58,35,60,48,55,50,16,24,46,29,52,2,37,41,22,65,18,43,11,28,
1to 7:4,5,7,8,12,14,15,16,17,18,19,21,23,25,26,27,29,30,33,34,38,39,40,42,47,49,51,54,55,58,59,61,62,68,69,9,63,24,13,1,45,65,52,66,56,20,46,53,32,50,37,48,22,41,2,60,36,67,70,11,35,
2to 1:1,3,5,6,7,8,9,10,13,14,17,18,23,24,25,26,28,29,30,32,35,37,38,39,40,41,43,45,46,48,51,54,59,61,62,64,67,69,70,16,11,20,27,58,63,49,31,19,36,66,34,15,33,52,55,2,65,21,12,50,4,
2to 2:
2to 3:1,5,6,7,9,10,11,12,13,14,19,20,23,24,25,28,29,37,38,39,40,41,42,43,44,46,47,48,51,53,54,56,57,58,59,62,65,70,21,33,69,36,18,63,17,26,32,34,55,15,66,4,64,16,49,52,27,31,45,2,67,
2to 4:2,3,6,7,8,9,11,14,17,18,19,20,21,23,24,25,26,28,29,30,31,37,38,41,42,44,46,48,54,56,59,60,61,62,63,65,69,70,32,4,34,49,52,67,15,40,64,27,13,51,39,66,12,22,58,45,53,33,50,16,55,
2to 5:1,3,6,7,8,9,14,18,23,24,25,26,28,29,30,31,32,33,37,38,40,41,42,43,44,48,51,52,53,54,56,57,59,61,63,64,65,67,69,70,34,16,45,13,50,55,66,49,17,27,4,39,2,11,10,21,19,58,15,5,20,
2to 6:1,2,7,9,10,11,14,18,19,23,24,26,27,28,29,33,34,35,37,38,39,40,41,42,44,46,48,52,53,55,57,59,61,62,63,64,67,31,49,69,25,45,17,66,70,4,36,50,16,20,5,22,51,60,58,65,13,21,15,
2to 7:1,6,7,8,9,10,11,13,15,16,18,19,23,24,25,28,30,31,33,35,36,37,39,41,42,46,48,53,54,55,56,58,59,61,67,70,27,50,26,4,65,49,51,17,29,45,52,34,44,63,12,20,69,2,21,5,66,32,
3to 1:1,4,5,6,7,10,11,16,20,28,29,30,34,38,41,42,45,46,47,50,52,53,55,59,60,62,63,65,68,69,70,44,51,18,58,64,14,12,48,27,49,67,19,32,24,2,25,40,17,26,31,37,21,22,13,36,3,43,
3to 2:1,4,5,9,10,12,13,14,18,20,21,24,25,30,32,34,35,38,41,43,44,45,47,48,52,58,59,61,62,63,65,67,70,36,2,51,69,27,15,26,40,55,56,16,39,7,64,31,17,37,19,29,49,53,33,
3to 3:
3to 4:1,4,5,6,7,9,12,13,15,16,20,23,24,25,34,35,36,38,39,42,44,45,53,54,58,59,61,67,29,50,33,41,47,8,43,64,14,51,52,48,17,40,30,63,19,55,37,27,57,31,69,3,26,46,56,32,2,49,62,18,
3to 5:1,4,6,9,10,11,12,13,16,20,23,24,25,30,32,33,34,35,41,42,46,49,50,52,54,57,58,59,61,63,68,70,18,45,38,39,64,8,51,14,62,48,17,37,21,19,43,53,15,67,26,55,2,7,27,40,47,3,29,69,
3to 6:1,2,4,5,6,10,12,13,16,18,20,22,23,24,27,29,34,35,41,42,46,47,50,51,52,57,59,60,61,62,64,65,67,70,7,53,14,9,37,38,48,69,39,43,15,44,40,25,19,31,68,55,26,49,21,63,36,45,
3to 7:3,4,5,6,7,9,10,14,16,20,21,23,24,29,30,35,40,42,44,49,50,56,58,61,62,63,65,67,68,70,43,64,38,48,36,37,25,46,17,26,27,19,45,33,18,31,53,12,39,66,47,51,69,2,8,15,52,41,
4to 1:1,2,3,7,8,9,12,13,15,16,17,19,21,22,24,27,29,30,33,34,36,37,38,39,41,42,43,46,47,48,49,53,56,58,59,61,62,65,67,68,69,45,31,52,25,64,6,11,18,70,23,66,26,51,63,14,32,28,5,55,20,
4to 2:1,2,8,10,12,13,14,15,17,18,19,21,24,25,26,27,28,29,30,31,33,34,35,36,38,42,43,44,49,55,57,58,61,62,65,67,69,37,20,70,64,32,39,45,63,7,50,4,59,52,53,66,23,40,16,5,9,51,56,
4to 3:2,3,6,8,9,10,12,13,15,16,18,19,20,21,22,23,24,27,28,29,31,32,33,34,35,39,41,42,45,46,47,48,49,50,52,59,61,62,63,64,65,67,68,69,37,25,56,40,7,30,5,26,53,38,4,51,60,14,55,44,57,70,
4to 4:
4to 5:1,2,3,4,5,6,7,8,9,10,11,12,13,15,17,19,21,22,24,27,28,29,33,34,35,38,39,41,43,44,45,46,47,48,50,52,55,58,62,64,65,68,69,59,40,31,14,32,53,57,49,23,63,61,18,25,42,56,66,60,37,30,26,51,70,16,20,67,
4to 6:1,2,8,12,13,15,17,18,19,21,24,27,28,29,31,33,34,35,36,38,40,42,43,44,46,47,48,50,52,56,58,60,61,62,63,65,67,69,23,59,53,16,5,25,9,14,20,7,45,37,55,49,57,64,66,39,6,30,32,26,4,51,
4to 7:1,2,4,5,6,7,9,12,15,19,20,21,22,24,27,28,29,31,33,34,35,36,37,38,43,44,46,47,48,49,50,52,53,55,58,61,62,63,64,65,68,69,41,54,17,25,42,23,70,11,14,39,51,59,40,8,66,60,57,45,30,16,67,
5to 1:3,5,6,7,11,13,14,15,17,19,20,22,23,26,28,29,30,32,34,35,38,40,42,43,46,47,48,49,50,51,52,55,58,59,60,63,66,69,70,10,37,21,33,62,24,18,67,2,8,65,1,68,9,45,25,12,16,31,27,41,61,
5to 2:1,3,4,5,7,11,13,14,15,17,19,20,23,24,26,29,32,33,35,37,38,40,42,43,45,47,48,49,51,52,53,55,56,57,58,59,60,61,63,64,66,69,70,16,21,34,10,25,27,67,2,31,65,18,12,39,62,
5to 3:1,2,4,5,6,7,11,12,15,16,17,19,20,21,22,23,26,27,29,32,33,34,35,37,38,39,41,44,45,48,49,50,51,52,53,55,56,57,58,59,62,63,64,66,69,70,8,9,18,65,10,42,24,61,67,43,31,3,40,47,14,25,
5to 4:1,2,3,5,6,7,9,10,11,15,16,17,19,20,21,22,23,24,26,27,29,32,34,35,38,40,43,44,46,47,48,50,51,52,54,55,56,57,58,59,60,63,64,66,67,69,70,18,62,12,39,41,30,37,25,14,42,8,68,33,61,45,31,65,53,
5to 5:
5to 6:1,2,3,4,5,6,7,9,11,15,16,17,19,20,23,26,29,33,35,37,38,39,41,43,47,48,49,50,51,52,53,55,57,58,59,60,63,64,66,68,69,70,24,67,62,40,22,61,14,8,31,42,12,30,21,18,27,34,45,10,65,25,
5to 7:1,5,7,9,11,12,14,15,16,17,19,20,21,22,23,24,25,26,29,31,32,34,35,37,38,41,42,43,47,48,49,50,51,52,54,55,59,63,65,66,69,70,58,53,8,40,68,18,67,10,27,39,45,61,33,62,2,
6to 1:1,2,3,4,5,7,8,10,11,12,13,15,18,19,20,21,23,26,27,31,37,38,39,40,42,44,45,47,49,51,52,56,58,59,61,62,64,65,67,33,9,41,53,48,36,70,25,46,22,55,16,24,29,43,14,69,68,
6to 2:1,2,4,5,7,8,10,13,15,16,17,18,19,20,23,27,28,29,31,33,34,36,37,38,39,42,45,48,51,56,58,59,61,62,64,65,69,66,40,24,26,14,44,21,55,70,53,43,67,30,35,9,60,25,6,49,52,
6to 3:1,2,4,5,7,9,10,12,13,15,18,19,20,23,25,26,27,28,31,33,34,35,36,37,38,45,50,51,52,55,56,59,60,61,62,65,66,67,68,69,70,16,14,41,24,39,48,21,22,40,42,29,53,30,17,46,49,44,
6to 4:2,3,4,5,12,13,15,18,19,20,23,26,27,28,30,31,34,35,39,40,42,45,47,48,49,51,52,56,57,58,59,60,62,64,65,66,67,68,69,70,44,63,9,25,37,14,16,53,7,22,29,61,43,21,33,41,46,36,55,24,
6to 5:1,2,3,5,7,8,9,10,11,12,13,15,18,19,20,23,26,28,31,38,40,42,43,45,47,48,50,51,52,55,56,60,62,65,67,22,27,6,24,21,66,25,58,61,44,69,14,30,16,39,37,29,33,35,41,68,53,70,
6to 6:
6to 7:1,2,5,7,8,10,12,14,15,18,19,20,21,23,26,28,31,36,37,38,42,45,46,47,48,49,50,51,52,56,59,60,62,65,66,67,69,70,39,53,61,22,25,55,30,16,24,35,9,40,41,27,68,17,58,29,44,
7to 1:1,3,4,6,7,8,9,12,15,16,18,19,20,21,22,24,25,26,28,29,30,31,32,34,36,37,43,47,48,49,51,52,54,55,62,63,65,67,69,70,35,59,60,27,66,53,58,68,5,41,40,46,11,17,33,2,39,14,42,23,45,50,
7to 2:2,5,7,9,12,13,15,16,18,21,23,24,25,26,29,31,32,35,36,37,38,39,40,42,43,44,48,52,54,55,58,60,62,63,67,69,70,59,19,49,51,1,41,20,66,17,27,4,14,8,64,11,65,61,53,33,57,45,
7to 3:1,2,4,6,7,8,13,15,16,18,21,22,23,24,26,27,29,31,32,34,37,38,45,46,47,49,50,52,54,59,62,63,65,66,69,70,48,14,40,17,44,19,42,61,58,41,68,5,25,33,64,20,51,53,35,36,39,67,
7to 4:1,2,3,4,6,7,9,12,13,15,16,17,18,20,22,23,24,25,26,27,29,30,31,32,34,37,38,43,44,45,46,47,48,49,50,51,52,54,55,60,61,62,63,64,66,68,69,8,33,59,41,56,5,11,14,40,53,65,67,35,58,42,19,39,
7to 5:3,4,5,6,10,15,16,19,20,21,22,23,24,25,26,30,31,34,37,38,47,48,50,51,52,54,55,58,61,62,64,67,69,70,42,53,9,2,14,18,40,59,65,68,8,45,1,27,35,12,33,41,39,66,17,
7to 6:2,4,5,12,13,15,16,18,21,22,24,25,26,31,34,37,38,39,40,44,45,47,48,49,50,51,52,54,55,62,63,65,69,41,53,23,1,42,27,29,59,36,14,9,33,35,60,61,19,58,67,64,56,7,8,20,17,66,
7to 7:

cell1:6,2,7,3,5,4,
cell2:1,3,7,6,5,4,
cell3:6,2,7,4,5,1,
cell4:3,7,5,2,1,6,
cell5:2,1,6,7,3,4,
cell6:4,3,1,5,2,7,
cell7:5,6,2,1,4,3,
