machine1:0,40,66,51,52,67,2,53,49,46,9,4,18,55,30,23,63,36,11,43,17,38,41,27,68,58,1,69,33,20,45,48,7,24,13,19,25,5,32,22,47,34,10,15,
machine2:0,51,39,67,2,53,8,37,49,46,9,70,4,18,55,60,23,63,36,14,43,38,41,31,16,44,29,68,58,69,20,45,61,48,50,7,24,13,19,25,21,62,54,26,32,34,10,15,65,
machine3:0,40,66,39,52,67,56,8,37,49,46,70,18,55,30,35,36,11,14,43,17,41,42,31,16,29,68,12,64,69,33,45,48,50,7,24,19,25,21,62,54,26,32,59,65,
machine4:0,40,66,51,39,52,2,8,37,49,9,70,18,55,30,63,35,36,11,38,41,42,27,31,3,44,68,12,64,58,1,69,33,20,45,7,5,6,54,26,32,10,15,65,
machine5:0,40,52,67,56,2,8,49,70,4,55,63,36,14,43,17,38,42,27,31,3,16,29,68,12,64,58,33,20,45,48,50,7,13,19,28,25,5,21,6,62,47,59,34,65,
machine6:0,40,51,52,67,56,2,8,49,18,55,60,63,36,14,43,42,27,16,44,29,64,1,33,45,61,48,7,13,19,25,57,21,62,54,26,32,10,15,65,
machine7:0,40,66,51,39,52,67,2,53,8,49,9,18,55,30,63,11,17,38,27,31,16,29,12,64,58,69,33,20,45,61,48,7,19,28,21,54,26,32,47,59,34,15,65,
machine8:0,40,51,39,52,2,53,49,46,9,70,4,55,23,36,17,38,42,27,31,16,29,58,1,69,33,20,45,13,25,57,5,21,34,
machine9:0,40,66,39,52,67,56,2,53,8,37,49,70,55,60,23,63,36,11,38,41,42,31,3,44,29,12,64,58,1,33,20,48,50,7,24,19,28,25,21,6,54,26,59,10,15,
machine10:0,66,51,39,52,67,56,2,53,37,49,9,4,55,60,35,36,11,14,43,27,44,29,12,69,45,61,48,24,13,25,6,22,59,34,
machine11:0,66,51,39,52,67,56,8,49,9,70,4,18,55,30,11,14,43,17,38,41,27,31,16,44,64,58,7,13,25,5,21,62,26,32,22,59,34,10,65,
machine12:0,40,66,51,39,52,67,56,2,53,8,37,49,46,9,70,4,18,55,60,30,23,63,35,36,14,17,38,41,42,27,31,3,16,29,12,64,58,69,33,20,61,48,50,7,24,13,19,28,25,5,21,6,54,26,32,22,47,59,34,10,65,
machine13:0,40,51,39,52,67,2,53,8,37,49,46,9,70,18,55,60,30,23,63,35,36,11,14,43,17,38,41,42,27,31,3,16,44,29,68,12,58,1,69,33,20,45,61,48,50,24,13,19,25,57,5,21,6,62,26,32,47,59,34,10,15,65,
machine14:0,40,66,51,39,52,56,2,53,8,37,49,46,9,70,4,18,55,60,30,63,35,36,11,14,43,17,41,42,27,31,3,16,44,29,68,12,64,1,69,33,20,45,61,48,50,7,24,13,19,28,25,5,21,6,62,54,26,32,22,47,59,34,15,65,
machine15:0,40,66,51,39,52,67,56,2,53,8,37,49,46,9,70,4,55,60,30,23,63,35,36,14,43,17,38,41,42,27,31,3,16,44,29,68,12,64,58,1,69,33,20,45,61,48,50,7,24,13,19,28,25,57,5,6,62,54,26,32,47,59,34,10,65,
machine16:0,66,51,39,52,67,56,2,53,8,37,49,9,70,4,18,55,30,23,35,11,43,17,38,41,42,27,31,16,44,29,68,12,58,1,69,33,20,45,61,48,7,24,19,28,21,54,26,32,22,47,59,34,10,15,65,
machine17:0,40,66,39,52,67,2,53,8,37,49,46,9,70,18,55,60,30,23,63,35,11,14,43,17,38,41,42,27,31,3,16,29,68,12,64,58,1,69,33,20,61,48,50,7,24,13,19,25,57,5,21,6,62,26,32,47,34,10,15,
machine18:0,40,66,51,39,52,67,56,2,53,8,37,49,46,70,4,18,55,60,30,23,63,14,43,17,38,41,42,27,31,3,16,44,29,12,58,1,33,20,45,61,48,50,24,13,19,25,57,5,21,6,62,54,32,22,47,59,10,65,
machine19:0,40,66,51,39,52,67,56,2,53,8,37,49,46,9,70,4,18,55,60,30,23,63,35,36,11,14,43,17,38,41,42,27,31,3,16,44,29,68,12,64,58,1,69,33,20,45,61,48,50,7,24,13,19,28,25,57,5,21,6,62,54,26,32,22,47,59,34,10,15,65,
machine20:0,40,66,51,39,52,67,56,2,53,8,37,49,46,9,70,4,18,55,60,30,23,63,35,36,11,14,43,17,38,41,42,27,31,3,16,44,29,68,12,64,58,1,69,33,20,45,61,48,50,7,24,13,19,28,25,57,5,21,6,62,54,26,32,22,47,59,34,10,15,65,

1to 1:
1to 2:1,4,5,6,10,14,15,16,17,18,20,21,23,24,25,27,31,37,38,41,42,44,51,53,54,56,59,62,64,66,70,65,7,58,26,36,45,49,13,22,12,32,2,48,11,52,55,67,63,19,33,34,43,
1to 3:1,3,4,5,6,7,10,14,16,20,21,22,23,25,26,29,31,32,34,37,38,40,41,42,46,48,50,51,53,54,56,58,59,62,64,65,66,67,68,69,33,28,35,49,36,27,12,11,63,24,18,43,19,15,52,39,70,2,55,
1to 4:1,2,4,5,6,7,9,12,13,14,16,17,18,20,21,22,23,25,30,33,34,36,38,39,40,42,44,46,47,48,50,51,53,58,59,62,67,68,70,54,65,49,64,55,43,66,11,24,45,63,8,41,15,29,69,32,31,27,52,61,35,19,
1to 5:1,4,5,6,7,8,9,10,12,13,14,16,17,18,21,23,25,27,30,31,33,34,37,38,39,40,42,44,46,47,48,49,50,53,55,56,59,60,61,62,63,68,69,20,45,70,65,54,67,24,64,41,19,3,2,32,66,52,11,58,43,22,
1to 6:1,4,5,8,9,13,14,15,16,17,19,20,21,23,25,26,27,31,32,33,34,36,37,38,40,42,44,45,49,51,53,59,60,62,64,66,67,68,70,7,69,58,35,48,55,50,24,11,29,52,46,2,41,22,65,18,43,28,
1to 7:4,5,7,8,12,14,15,16,17,18,19,21,23,25,26,27,29,30,33,34,37,38,39,40,42,46,47,48,49,50,51,53,54,55,58,59,60,62,68,69,9,63,61,24,13,1,45,65,52,66,56,20,32,22,2,41,36,67,70,11,35,
2to 1:1,3,4,5,6,8,9,10,11,13,14,16,17,18,19,23,24,25,28,29,30,32,35,37,38,40,41,43,45,46,48,51,54,59,61,62,63,64,67,69,70,7,20,27,58,49,31,36,26,66,34,15,52,39,55,2,65,33,21,12,50,
2to 2:
2to 3:1,5,6,9,10,11,12,13,14,16,19,20,23,24,25,28,29,37,38,40,41,42,43,44,46,47,48,51,53,54,56,57,58,59,62,63,65,66,70,21,33,69,36,18,17,26,32,34,55,15,64,49,52,27,7,31,4,45,2,39,67,
2to 4:2,3,6,7,8,9,11,14,16,17,18,19,20,21,23,24,25,28,29,30,31,37,38,41,42,44,46,48,54,56,59,60,62,63,65,69,70,4,61,32,26,34,49,52,67,15,64,40,27,13,51,66,12,22,58,45,53,33,39,50,55,
2to 5:1,3,6,8,9,11,14,18,19,20,23,24,25,26,28,29,30,31,32,33,37,38,41,42,43,44,48,51,52,53,54,56,57,59,63,64,65,66,67,69,70,34,45,13,50,55,16,7,49,17,27,4,61,2,10,39,21,58,15,40,5,
2to 6:1,2,9,10,11,14,18,19,20,23,24,27,28,29,34,35,37,38,39,40,41,42,44,46,48,52,55,57,59,61,62,63,64,67,70,31,49,53,69,25,45,17,4,16,36,33,50,66,5,22,26,51,60,58,65,7,13,21,15,
2to 7:1,6,8,9,10,11,13,15,16,18,19,23,24,25,28,30,31,33,35,36,37,39,41,42,46,48,54,55,56,58,59,61,63,67,70,27,50,26,4,65,51,7,17,29,45,52,34,44,53,49,12,20,69,2,21,5,66,32,
3to 1:4,5,6,7,10,11,16,18,20,28,29,30,34,38,41,42,45,46,47,50,52,53,55,59,62,63,65,68,69,70,44,51,58,64,60,12,48,27,49,67,19,32,14,1,24,2,25,40,17,26,31,37,21,22,13,36,3,43,
3to 2:1,4,9,10,12,13,18,20,21,24,25,30,32,34,35,38,41,43,44,45,47,48,52,58,59,61,62,63,65,67,70,36,2,51,69,27,5,17,15,40,55,26,56,14,16,39,7,64,31,37,29,49,19,53,33,
3to 3:
3to 4:1,4,5,6,7,9,12,13,15,16,18,19,20,23,24,25,34,35,36,38,39,42,44,45,53,54,58,59,61,67,69,29,50,33,41,47,8,43,64,51,52,48,17,40,30,63,55,37,14,27,57,31,3,26,46,56,32,2,49,62,
3to 5:1,4,6,9,10,11,12,13,16,20,23,24,25,30,32,33,34,35,40,41,42,49,50,52,54,57,58,59,61,63,68,70,37,18,45,38,39,64,8,51,14,17,46,62,48,19,21,43,53,15,67,26,55,2,7,27,47,3,29,69,
3to 6:1,2,4,5,6,10,12,13,16,18,20,22,23,24,27,29,34,35,41,42,47,50,51,52,53,57,59,61,62,64,65,67,7,37,9,14,38,48,39,70,43,46,15,44,60,40,25,69,19,31,68,55,26,49,21,63,36,45,
3to 7:3,4,5,6,7,9,10,16,18,20,21,23,24,29,30,35,37,40,42,44,49,50,56,58,61,62,63,65,66,67,68,70,43,64,38,19,36,48,25,26,46,27,45,33,31,14,12,17,39,53,47,51,69,2,8,15,52,41,
4to 1:1,2,3,7,8,9,12,13,14,15,16,17,19,21,22,24,27,29,30,34,36,37,38,39,41,42,43,45,47,48,49,53,56,58,59,61,62,65,67,68,69,33,31,52,25,64,6,11,18,46,70,23,66,26,51,63,32,28,5,55,20,
4to 2:1,2,4,8,10,12,13,14,15,17,18,19,21,24,25,26,27,28,29,30,31,34,35,36,37,38,42,43,44,45,49,51,55,56,57,58,61,62,65,67,69,20,70,33,64,32,39,63,7,50,59,52,53,66,23,40,16,5,9,
4to 3:2,3,4,6,8,9,10,12,13,15,16,18,19,20,21,22,23,24,27,28,29,31,32,33,34,35,39,42,45,46,47,48,49,50,52,56,59,61,62,63,64,65,67,69,25,40,7,30,68,5,26,53,38,51,60,41,14,55,44,37,57,70,
4to 4:
4to 5:1,2,3,4,5,6,7,9,10,11,12,13,15,16,17,19,21,22,24,27,28,29,34,35,38,39,43,44,45,46,47,48,50,52,55,56,58,61,62,64,65,68,69,41,14,59,40,31,32,53,57,37,49,23,8,63,18,25,42,66,60,30,26,51,70,33,20,67,
4to 6:1,2,4,8,12,13,15,17,18,19,21,24,27,28,29,31,34,35,36,38,40,42,43,44,45,46,47,48,50,52,56,58,60,61,62,63,65,67,69,23,59,53,16,5,25,9,20,37,39,7,55,49,57,64,66,14,6,30,32,26,33,51,
4to 7:1,2,4,5,6,7,9,12,15,19,20,21,22,24,27,28,29,31,34,35,36,38,43,44,45,46,47,48,49,50,52,53,55,58,61,62,63,64,65,68,69,54,17,25,42,23,70,11,51,41,14,39,59,8,66,37,60,40,33,57,30,16,67,
5to 1:1,3,6,7,11,13,14,15,17,19,20,22,23,26,28,29,30,32,34,35,38,40,42,43,46,47,48,49,50,51,52,55,58,60,65,66,10,37,8,21,33,62,70,18,24,45,63,59,67,2,5,12,16,68,9,25,31,27,41,61,69,
5to 2:1,3,4,5,7,11,13,14,15,19,20,23,24,26,29,32,33,35,37,38,40,42,43,47,48,49,51,52,53,55,56,57,58,59,60,61,63,64,65,66,69,70,16,21,34,10,25,27,67,2,45,31,17,18,12,39,62,
5to 3:1,2,4,6,7,8,11,12,15,16,19,20,21,22,23,26,27,29,32,33,34,35,38,39,41,44,45,48,49,50,51,52,53,55,56,57,58,62,64,65,66,69,70,9,18,63,10,42,24,61,5,67,43,17,31,3,40,47,14,25,37,59,
5to 4:1,2,3,6,7,8,9,10,11,15,17,19,20,21,22,23,24,26,27,29,30,32,34,35,38,40,43,44,45,46,47,48,50,51,52,54,55,56,57,58,60,63,64,65,66,67,69,70,18,62,12,39,41,37,59,5,25,14,42,68,33,61,31,16,53,
5to 5:
5to 6:1,2,3,4,5,6,7,8,9,11,15,17,19,20,23,26,29,33,35,38,39,41,43,47,48,49,50,51,52,53,55,57,58,60,63,64,65,66,68,70,24,67,62,16,40,22,61,14,12,31,37,42,45,30,59,18,21,27,34,10,69,25,
5to 7:1,5,7,9,11,12,14,15,19,20,21,22,23,24,25,26,29,31,32,34,35,37,38,41,42,43,47,48,49,50,51,52,54,55,65,69,58,53,70,40,68,18,63,67,8,10,27,59,39,61,16,45,33,62,66,2,17,
6to 1:1,2,3,4,5,7,8,10,12,13,15,20,21,23,26,27,31,33,38,39,40,42,44,47,49,51,52,56,58,59,61,62,64,65,11,18,9,41,37,19,46,53,48,69,36,67,70,25,22,55,16,24,29,14,43,45,68,
6to 2:1,2,4,5,7,8,10,13,15,16,17,18,19,20,23,26,27,28,29,31,33,34,36,37,39,42,48,51,58,59,61,62,64,65,66,40,24,14,44,21,69,55,70,53,30,35,9,60,67,25,6,43,38,49,45,56,52,
6to 3:2,4,5,7,9,10,12,13,15,17,18,19,20,23,25,26,27,28,31,33,34,35,36,38,45,50,51,52,53,55,59,60,61,62,65,66,67,68,70,56,16,14,41,24,69,39,48,21,22,40,42,29,30,1,46,49,37,44,
6to 4:2,3,4,5,12,13,15,19,20,23,26,27,28,30,31,33,34,35,39,40,42,43,45,47,48,49,51,52,56,57,58,59,60,62,64,65,66,68,69,70,44,63,67,9,25,14,37,53,16,7,22,29,21,41,36,55,24,46,61,18,
6to 5:3,5,7,8,9,10,12,13,15,20,23,26,28,31,33,40,42,47,48,50,51,52,55,60,62,65,67,61,18,22,27,6,24,21,38,66,2,25,43,58,37,69,1,44,14,30,39,45,11,56,29,35,41,19,16,68,53,70,
6to 6:
6to 7:2,5,7,8,10,12,14,15,17,19,20,21,23,26,28,31,36,42,45,46,47,48,49,50,51,52,56,59,60,62,65,66,70,39,53,61,1,25,55,69,30,38,24,22,35,18,16,9,37,40,41,27,68,58,67,29,44,
7to 1:1,3,4,5,6,7,8,9,12,15,18,19,20,21,22,24,25,26,28,29,30,31,32,33,34,36,37,39,45,47,48,49,51,52,54,55,60,62,63,65,67,69,70,16,35,59,43,27,66,41,53,58,68,40,11,17,2,14,42,46,23,50,
7to 2:2,5,7,9,12,13,14,15,16,18,19,21,23,24,25,26,29,31,32,33,35,36,37,38,39,40,42,44,45,48,52,54,55,58,60,62,63,64,67,69,70,59,49,51,1,41,20,66,11,17,27,4,8,43,65,61,53,57,
7to 3:1,2,4,5,6,7,8,13,15,18,19,21,22,23,24,25,26,27,29,31,32,34,37,38,39,45,46,47,49,50,52,54,59,62,63,64,65,66,68,69,70,48,14,41,40,17,44,42,61,58,33,16,20,51,35,53,36,67,
7to 4:1,2,3,4,5,6,7,9,12,13,14,15,17,18,19,20,22,23,24,25,26,27,29,30,31,32,34,38,41,44,45,47,48,49,50,51,52,54,55,60,61,62,63,64,66,68,69,37,8,33,59,56,11,40,43,53,39,65,67,46,35,58,42,16,
7to 5:2,3,4,5,6,8,10,15,16,19,20,21,22,23,24,25,26,30,31,34,38,39,41,45,47,48,50,51,52,54,55,58,61,62,64,67,69,70,42,9,53,14,18,40,59,65,68,1,27,35,12,33,37,66,17,
7to 6:2,4,5,12,13,14,15,18,19,21,22,24,25,26,31,34,37,38,39,40,41,44,45,47,48,49,50,51,52,54,55,60,62,63,64,65,69,53,23,1,42,27,29,59,33,36,9,35,61,58,67,56,7,8,20,16,17,66,
7to 7:

cell1:6,2,7,3,5,4,
cell2:1,3,7,6,5,4,
cell3:6,2,4,7,5,1,
cell4:7,3,5,2,1,6,
cell5:2,1,6,7,4,3,
cell6:4,3,1,5,2,7,
cell7:5,6,2,1,4,3,
