machine1:0,49,32,50,6,47,13,45,46,39,58,36,2,1,17,54,37,20,60,53,56,35,44,12,4,25,15,55,19,43,7,14,40,30,28,18,21,52,24,10,8,
machine2:0,49,32,50,6,31,47,22,13,59,45,23,41,5,16,26,46,29,39,58,11,36,2,1,33,17,54,48,37,20,60,9,53,56,34,35,44,57,27,12,51,4,25,15,55,19,43,7,3,14,42,40,30,28,18,21,52,24,38,10,8,
machine3:0,32,6,31,22,13,59,45,23,41,5,16,26,46,29,39,58,11,36,33,17,48,9,34,57,27,12,51,4,55,19,43,7,3,14,42,40,30,28,21,24,38,10,8,
machine4:0,49,32,50,6,31,47,22,13,59,45,23,41,5,16,26,46,29,39,58,11,36,2,1,33,17,54,48,37,20,60,9,53,56,34,35,44,57,27,12,51,4,25,15,55,19,43,7,3,14,42,40,30,28,18,21,52,24,38,10,8,
machine5:0,49,50,31,47,22,59,23,41,5,16,26,29,11,2,1,33,54,48,37,20,60,9,53,56,34,35,44,57,27,51,25,15,3,42,18,52,38,
machine6:0,49,32,50,6,31,47,22,13,59,45,23,41,5,16,26,46,29,39,58,11,36,2,1,33,17,54,48,37,20,60,9,53,56,34,35,44,57,27,12,51,4,25,15,55,19,43,7,3,14,42,40,30,28,18,21,52,24,38,10,8,

1to 1:
1to 2:33,32,55,23,34,9,29,30,6,22,48,47,46,4,13,36,58,42,
1to 3:20,1,57,41,11,38,19,39,49,59,2,5,25,35,50,17,45,12,60,
2to 1:15,54,40,51,44,1,20,5,45,28,17,24,26,52,8,59,27,3,2,21,10,35,14,
2to 2:
2to 3:37,42,46,6,36,56,32,7,23,34,4,29,9,47,48,16,53,43,18,33,31,
3to 1:37,56,55,30,22,43,18,53,31,13,58,7,16,
3to 2:27,57,21,41,11,38,19,39,54,44,14,15,49,8,10,25,40,51,50,28,12,3,26,24,52,60,
3to 3:

cell1:2,3,
cell2:3,1,
cell3:1,2,
