machine1:0,47,35,60,53,20,18,2,25,1,50,49,54,7,44,40,39,32,21,56,15,13,43,37,45,6,52,17,24,58,36,28,46,30,12,10,8,14,55,4,19,
machine2:0,59,23,47,5,35,31,16,60,53,29,20,18,2,25,1,50,49,54,7,44,40,39,32,21,56,15,13,43,22,37,45,6,52,17,24,26,58,11,36,41,28,9,33,46,30,12,34,48,10,27,42,8,14,55,4,51,57,38,19,3,
machine3:0,59,23,5,31,16,29,7,40,39,32,21,13,43,22,45,6,17,24,26,58,11,36,41,28,9,33,46,30,12,34,48,10,27,42,8,14,55,4,51,57,38,19,3,
machine4:0,59,23,47,5,35,31,16,60,53,29,20,18,2,25,1,50,49,54,7,44,40,39,32,21,56,15,13,43,22,37,45,6,52,17,24,26,58,11,36,41,28,9,33,46,30,12,34,48,10,27,42,8,14,55,4,51,57,38,19,3,
machine5:0,59,23,47,5,35,31,16,60,53,29,20,18,2,25,1,50,49,54,44,56,15,22,37,52,26,11,41,9,33,34,48,27,42,51,57,38,3,
machine6:0,59,23,47,5,35,31,16,60,53,29,20,18,2,25,1,50,49,54,7,44,40,39,32,21,56,15,13,43,22,37,45,6,52,17,24,26,58,11,36,41,28,9,33,46,30,12,34,48,10,27,42,8,14,55,4,51,57,38,19,3,

1to 1:
1to 2:33,32,55,23,34,9,29,30,6,22,48,47,46,4,13,36,58,42,
1to 3:20,1,57,41,11,38,19,39,49,59,2,5,25,35,50,17,45,12,60,
2to 1:15,40,51,54,44,1,20,5,45,28,17,24,52,26,8,59,3,27,2,21,35,10,14,
2to 2:
2to 3:42,46,6,36,37,7,56,32,23,34,4,29,47,9,16,48,53,43,18,33,31,
3to 1:16,18,43,31,30,58,53,13,22,55,37,7,56,
3to 2:3,28,51,26,52,25,8,12,60,10,50,24,19,44,54,14,38,49,11,57,15,40,39,27,41,21,
3to 3:

cell1:2,3,
cell2:3,1,
cell3:2,1,
