machine1:0,8,41,69,10,66,2,44,37,61,38,4,23,46,5,12,19,27,45,54,24,77,39,18,7,55,13,36,79,26,43,30,22,9,
machine2:0,78,76,40,8,1,41,69,10,20,35,58,67,70,66,2,57,44,25,32,80,11,29,37,61,38,4,71,23,47,46,33,17,5,12,68,48,19,59,21,27,45,16,28,31,54,51,65,75,24,52,77,39,18,72,3,7,55,13,73,53,56,63,36,64,74,79,14,50,60,26,62,42,15,34,43,49,30,22,6,9,
machine3:0,76,35,25,29,61,38,4,71,47,5,12,68,48,27,31,54,75,39,18,72,73,64,60,26,62,15,43,49,
machine4:0,78,76,35,57,25,32,29,37,61,38,4,71,23,47,46,5,12,68,48,21,27,45,16,31,54,75,39,18,72,73,63,36,64,79,14,50,60,26,62,42,15,34,43,49,30,22,6,9,
machine5:0,78,76,35,57,25,29,61,38,4,71,47,5,12,68,48,21,27,45,31,54,75,39,18,72,73,63,36,64,79,50,60,26,62,42,15,43,49,30,22,9,
machine6:0,78,76,1,41,10,20,35,67,70,66,2,57,44,25,32,29,37,61,38,4,71,23,47,46,33,17,5,12,68,48,19,59,21,27,45,16,31,54,65,75,24,52,77,39,18,72,3,55,73,53,63,36,64,74,79,14,50,60,26,62,42,15,34,43,49,30,22,6,9,
machine7:0,78,76,1,41,20,35,57,25,32,29,37,61,38,4,71,23,47,46,17,5,12,68,48,19,21,27,45,16,31,54,75,52,39,18,72,3,73,63,36,64,74,79,14,50,60,26,62,42,15,34,43,49,30,22,6,9,
machine8:0,76,35,25,61,4,71,5,27,31,54,39,72,64,60,15,43,49,
machine9:0,40,10,20,35,2,57,25,32,80,11,29,37,61,38,4,71,23,47,46,33,17,5,12,68,48,19,27,45,16,31,54,24,52,77,39,72,3,7,55,73,63,36,64,74,79,60,62,34,43,30,
machine10:0,40,2,57,25,32,80,11,29,37,61,38,4,71,47,46,33,17,5,12,68,48,45,16,31,24,52,77,39,3,55,63,36,64,74,79,60,62,34,43,30,
machine11:0,78,76,40,8,69,10,20,35,67,66,2,57,25,32,80,11,29,37,61,38,4,71,23,47,46,33,17,5,12,68,48,19,59,27,45,16,31,54,51,75,24,52,77,39,72,3,7,55,73,53,63,36,64,74,79,14,60,26,62,34,43,30,9,
machine12:0,57,25,80,11,29,61,71,46,33,17,5,12,68,48,45,16,31,52,39,55,63,36,64,74,60,34,43,
machine13:0,76,8,1,58,57,25,32,80,37,61,38,4,46,33,17,5,12,68,48,19,59,27,45,16,28,51,75,24,52,39,3,7,55,53,56,63,36,64,74,79,50,60,26,62,15,49,30,6,9,
machine14:0,8,58,57,25,32,80,37,38,4,46,17,5,68,48,19,27,45,16,51,75,39,3,56,63,64,74,79,50,60,26,62,15,49,30,6,
machine15:0,76,40,8,1,41,10,58,67,70,66,2,57,44,25,32,80,11,37,61,38,4,47,46,33,17,5,12,68,48,19,59,21,27,45,16,28,54,51,65,75,24,52,39,3,7,55,13,73,53,56,63,36,64,74,79,50,60,26,62,15,43,49,30,22,6,9,
machine16:0,57,25,80,37,38,4,17,5,68,19,45,16,51,75,39,3,56,64,74,79,50,60,15,
machine17:0,78,76,69,58,25,80,29,61,38,4,71,23,47,33,17,5,68,48,19,59,21,27,45,16,28,31,54,65,75,24,52,77,39,18,3,7,73,63,36,74,79,60,26,62,34,43,22,9,
machine18:0,78,76,69,80,29,61,38,4,71,23,47,17,5,68,48,59,27,45,16,28,31,54,24,52,77,39,18,3,7,63,36,74,79,60,26,34,43,9,
machine19:0,78,76,40,69,10,35,58,70,44,25,32,80,11,29,37,61,38,4,71,23,47,46,33,17,5,68,48,19,59,21,27,45,16,28,31,54,51,65,75,24,52,77,39,18,72,3,7,55,13,73,53,56,63,36,64,74,79,14,60,26,62,42,15,34,43,49,30,22,6,9,
machine20:0,38,47,17,5,68,45,16,28,31,54,52,18,3,63,74,79,60,9,
machine21:0,78,76,8,41,69,35,58,67,70,66,44,25,80,11,29,37,61,38,4,23,47,33,17,5,12,68,48,19,59,21,27,45,16,31,51,65,75,24,52,77,39,18,7,55,13,73,53,56,63,36,64,74,79,50,60,26,62,42,34,43,30,22,6,9,
machine22:0,37,38,4,68,27,51,75,39,74,50,60,43,30,22,9,
machine23:0,35,67,70,44,25,11,29,37,38,4,17,5,68,48,19,27,45,31,51,65,75,24,52,39,7,55,36,64,74,79,50,60,62,34,43,30,22,6,9,
machine24:0,78,8,35,67,70,66,44,25,80,11,29,37,38,4,17,5,12,68,48,19,59,21,27,45,16,31,51,65,75,24,52,77,39,7,55,53,36,64,74,79,50,60,62,42,34,43,30,22,6,9,
machine25:0,67,70,25,29,37,38,4,5,68,48,19,27,45,51,75,52,39,7,64,74,79,50,60,34,43,30,22,9,

1to 1:
1to 2:49,44,71,18,31,77,22,63,52,38,30,4,
1to 3:8,72,11,53,19,55,68,36,17,27,61,
1to 4:28,1,15,6,56,7,57,9,54,33,75,26,64,79,48,45,
1to 5:40,13,42,23,3,46,73,24,76,74,
1to 6:59,78,21,51,62,34,16,60,43,
2to 1:50,57,59,76,65,24,72,73,78,16,12,35,55,1,27,20,
2to 2:
2to 3:33,63,60,45,54,2,31,14,
2to 4:19,32,61,66,46,36,74,5,10,67,52,41,43,21,3,
2to 5:18,25,37,15,68,6,75,29,39,48,71,
2to 6:70,53,4,26,79,64,23,38,77,47,17,
3to 1:29,30,7,64,25,26,80,23,62,14,45,67,
3to 2:46,75,20,3,57,12,24,10,5,32,73,53,
3to 3:
3to 4:51,2,27,47,
3to 5:16,59,69,9,31,43,79,54,35,55,34,72,36,52,
3to 6:37,39,61,74,66,33,
4to 1:40,13,2,41,8,10,66,49,11,21,32,53,46,47,36,60,
4to 2:15,54,62,64,16,39,
4to 3:59,67,80,37,24,76,25,79,
4to 4:
4to 5:28,58,70,7,65,33,26,38,17,30,61,4,
4to 6:6,44,56,50,19,9,22,73,55,12,63,52,68,27,48,5,
5to 1:69,58,70,77,51,9,22,34,52,17,61,4,39,5,
5to 2:14,42,21,65,19,33,26,60,27,74,79,43,
5to 3:40,10,78,71,3,32,62,38,64,47,48,
5to 4:49,44,80,37,63,68,16,
5to 5:
5to 6:18,11,7,31,35,75,29,36,76,30,25,45,
6to 1:42,44,19,37,75,63,68,74,
6to 2:41,66,6,50,67,35,9,55,34,48,45,
6to 3:69,23,77,51,73,12,29,30,4,43,
6to 4:13,58,8,70,59,11,65,62,24,38,17,76,25,39,
6to 5:78,56,53,22,80,47,60,5,
6to 6:

cell1:5,4,2,6,3,
cell2:3,5,4,1,6,
cell3:6,1,5,4,2,
cell4:1,5,6,2,3,
cell5:3,4,2,1,6,
cell6:4,2,1,5,3,
