12 14 3 3 3

1 1 1 1 2 2 2 2 3 3 3 3 

0 15 18 
27 0 18 
9 9 0 

0 1 1 
1 0 1 
1 1 0 

9 6 8 8 9 8 7 8 7 9 7 7 
6 9 6 7 5 9 9 9 8 8 7 7 
5 9 5 6 8 5 9 5 5 9 5 5 

10    0    540    0.1
0 0 0 0 0 0 0 0 93 0 0 0 
0 0 0 0 0 0 0 0 0 21 0 0 
0 0 0 0 0 0 0 0 0 0 89 0 
0 0 0 0 1 0 0 0 0 0 0 0 
0 0 0 0 0 58 0 0 0 0 0 0 
0 0 0 0 0 0 53 0 0 0 0 0 
0 0 0 0 0 0 0 34 0 0 0 0 
77 0 0 0 0 0 0 0 0 0 0 0 
0 56 0 0 0 0 0 0 0 0 0 0 
0 0 37 0 0 0 0 0 0 0 0 0 
5    2    164    0.8
5 0 0 0 0 0 0 0 0 0 0 0 
0 0 85 0 0 0 0 0 0 0 0 0 
0 0 0 0 1 0 0 0 0 0 0 0 
0 0 0 0 0 52 0 0 0 0 0 0 
0 0 0 0 0 0 87 0 0 0 0 0 
7    1    172    0.4
0 0 0 0 9 0 0 0 0 0 0 0 
0 0 0 0 0 0 15 0 0 0 0 0 
0 0 0 0 0 0 0 0 0 0 66 0 
29 0 0 0 0 0 0 0 0 0 0 0 
0 60 0 0 0 0 0 0 0 0 0 0 
0 0 17 0 0 0 0 0 0 0 0 0 
0 0 0 16 0 0 0 0 0 0 0 0 
8    0    524    0.1
0 0 0 0 93 0 0 0 0 0 0 0 
0 0 0 0 0 32 0 0 0 0 0 0 
0 0 0 0 0 0 2 0 0 0 0 0 
0 0 0 0 0 0 0 98 0 0 0 0 
0 0 0 0 0 0 0 0 89 0 0 0 
0 0 0 0 0 0 0 0 0 0 63 0 
42 0 0 0 0 0 0 0 0 0 0 0 
0 0 9 0 0 0 0 0 0 0 0 0 
6    2    226    0.3
96 0 0 0 0 0 0 0 0 0 0 0 
0 0 60 0 0 0 0 0 0 0 0 0 
0 0 0 0 11 0 0 0 0 0 0 0 
0 0 0 0 0 18 0 0 0 0 0 0 
0 0 0 0 0 0 27 0 0 0 0 0 
0 0 0 0 0 0 0 75 0 0 0 0 
10    2    405    0.9
0 0 0 0 2 0 0 0 0 0 0 0 
0 0 0 0 0 2 0 0 0 0 0 0 
0 0 0 0 0 0 37 0 0 0 0 0 
0 0 0 0 0 0 0 51 0 0 0 0 
75 0 0 0 0 0 0 0 0 0 0 0 
0 0 33 0 0 0 0 0 0 0 0 0 
0 0 0 0 0 0 0 0 95 0 0 0 
0 0 0 0 0 0 0 0 0 76 0 0 
0 0 0 0 0 0 0 0 0 0 95 0 
0 0 0 0 0 0 0 0 0 0 0 25 
8    0    487    0.7
0 0 0 0 0 0 0 0 48 0 0 0 
0 0 0 0 0 0 0 0 0 68 0 0 
0 0 0 0 0 0 0 0 0 0 81 0 
0 0 0 0 52 0 0 0 0 0 0 0 
0 0 0 0 0 0 34 0 0 0 0 0 
58 0 0 0 0 0 0 0 0 0 0 0 
0 67 0 0 0 0 0 0 0 0 0 0 
0 0 78 0 0 0 0 0 0 0 0 0 
10    1    440    0.8
0 0 0 0 0 0 0 0 9 0 0 0 
0 0 0 0 0 0 0 0 0 4 0 0 
0 0 0 0 0 0 0 0 0 0 91 0 
77 0 0 0 0 0 0 0 0 0 0 0 
0 17 0 0 0 0 0 0 0 0 0 0 
0 0 97 0 0 0 0 0 0 0 0 0 
0 0 0 0 22 0 0 0 0 0 0 0 
0 0 0 0 0 100 0 0 0 0 0 0 
0 0 0 0 0 0 35 0 0 0 0 0 
0 0 0 0 0 0 0 20 0 0 0 0 
10    0    481    0.3
0 0 0 0 6 0 0 0 0 0 0 0 
0 0 0 0 0 0 96 0 0 0 0 0 
57 0 0 0 0 0 0 0 0 0 0 0 
0 65 0 0 0 0 0 0 0 0 0 0 
0 0 92 0 0 0 0 0 0 0 0 0 
0 0 0 17 0 0 0 0 0 0 0 0 
0 0 0 0 0 0 0 0 37 0 0 0 
0 0 0 0 0 0 0 0 0 89 0 0 
0 0 0 0 0 0 0 0 0 0 29 0 
0 0 0 0 0 0 0 0 0 0 0 12 
5    2    388    0.2
80 0 0 0 0 0 0 0 0 0 0 0 
0 96 0 0 0 0 0 0 0 0 0 0 
0 0 93 0 0 0 0 0 0 0 0 0 
0 0 0 64 0 0 0 0 0 0 0 0 
0 0 0 0 0 0 0 0 0 0 95 0 
7    2    334    0.3
2 0 0 0 0 0 0 0 0 0 0 0 
0 76 0 0 0 0 0 0 0 0 0 0 
0 0 58 0 0 0 0 0 0 0 0 0 
0 0 0 0 0 0 65 0 0 0 0 0 
0 0 0 0 0 0 0 0 8 0 0 0 
0 0 0 0 0 0 0 0 0 58 0 0 
0 0 0 0 0 0 0 0 0 0 50 0 
7    0    541    0.8
0 0 0 0 84 0 0 0 0 0 0 0 
0 0 0 0 0 47 0 0 0 0 0 0 
0 0 0 0 0 0 92 0 0 0 0 0 
47 0 0 0 0 0 0 0 0 0 0 0 
0 0 89 0 0 0 0 0 0 0 0 0 
0 0 0 0 0 0 0 0 36 0 0 0 
0 0 0 0 0 0 0 0 0 0 78 0 
8    1    554    0.5
0 0 0 0 97 0 0 0 0 0 0 0 
0 0 0 0 0 71 0 0 0 0 0 0 
0 0 0 0 0 0 71 0 0 0 0 0 
0 0 0 0 0 0 0 30 0 0 0 0 
0 0 0 0 0 0 0 0 0 0 96 0 
9 0 0 0 0 0 0 0 0 0 0 0 
0 41 0 0 0 0 0 0 0 0 0 0 
0 0 41 0 0 0 0 0 0 0 0 0 
8    0    285    0.2
88 0 0 0 0 0 0 0 0 0 0 0 
0 29 0 0 0 0 0 0 0 0 0 0 
0 0 10 0 0 0 0 0 0 0 0 0 
0 0 0 3 0 0 0 0 0 0 0 0 
0 0 0 0 100 0 0 0 0 0 0 0 
0 0 0 0 0 92 0 0 0 0 0 0 
0 0 0 0 0 0 61 0 0 0 0 0 
0 0 0 0 0 0 0 39 0 0 0 0 
