machine1:0,12,11,19,6,1,2,16,3,18,14,17,4,20,8,5,15,13,9,10,7,
machine2:0,12,11,6,16,3,17,4,8,5,15,13,9,10,7,
machine3:0,12,11,6,4,8,5,13,
machine4:0,12,19,6,1,2,16,3,18,14,17,4,20,8,5,15,13,9,10,7,
machine5:0,12,19,6,2,16,3,18,14,4,20,8,5,15,13,9,10,
machine6:0,19,3,18,20,8,5,13,9,10,
machine7:0,12,11,19,6,1,16,3,18,4,20,8,5,13,9,10,7,
machine8:0,11,19,6,1,16,3,18,5,9,10,
machine9:0,11,19,6,1,16,5,
machine10:0,12,11,6,1,2,16,3,18,14,17,4,20,8,5,15,13,9,7,
machine11:0,11,6,2,16,18,14,17,4,8,15,13,
machine12:0,11,6,18,14,8,13,

1to 1:
1to 2:7,19,10,1,18,
1to 3:20,13,16,6,
1to 4:14,2,4,15,11,12,9,8,
2to 1:17,2,15,9,5,
2to 2:
2to 3:19,4,3,18,
2to 4:
3to 1:1,10,3,
3to 2:5,12,9,8,16,13,20,
3to 3:
3to 4:6,7,
4to 1:13,16,18,7,20,
4to 2:3,6,14,17,4,
4to 3:1,5,8,11,12,
4to 4:

cell1:2,4,3,
cell2:1,3,
cell3:4,1,2,
cell4:3,1,2,
