machine1:0,76,45,27,81,90,89,14,72,24,48,29,12,57,2,13,61,37,85,26,6,86,18,41,39,82,83,10,67,33,30,55,66,17,59,84,87,58,53,22,8,75,42,50,51,64,60,62,46,32,7,80,23,69,
machine2:0,88,68,3,78,34,70,1,25,79,40,63,74,76,16,20,54,19,77,49,38,73,45,15,4,27,9,81,90,89,28,14,71,72,56,36,47,24,21,43,48,29,35,44,11,12,31,65,52,57,5,2,13,61,37,85,26,6,86,18,41,39,82,83,10,67,33,30,55,66,17,59,84,87,58,53,22,8,75,42,50,51,64,60,62,46,32,7,80,23,69,
machine3:0,88,68,3,78,1,25,63,74,76,16,20,19,77,49,73,45,15,27,9,81,90,89,71,36,24,43,29,44,11,31,65,5,13,61,37,85,26,41,39,82,83,33,84,87,58,22,51,62,32,7,80,
machine4:0,88,68,3,78,34,70,1,25,79,63,74,76,16,20,19,77,49,38,73,45,15,4,27,9,81,90,89,28,14,71,56,36,24,21,43,48,29,44,11,12,31,65,52,5,2,13,61,37,85,26,6,18,41,39,82,83,33,30,55,66,59,84,87,58,53,22,8,42,50,51,64,62,46,32,7,80,23,69,
machine5:0,70,40,63,20,54,38,15,4,9,81,90,28,14,71,72,56,36,47,21,43,48,35,44,11,31,65,52,5,2,13,85,86,39,67,30,55,66,17,59,87,75,50,51,62,46,7,23,
machine6:0,68,3,34,70,25,79,40,63,74,76,20,54,77,49,38,73,45,15,4,27,9,81,90,89,28,14,71,72,56,36,47,24,21,43,48,29,35,44,11,12,31,65,52,57,5,2,13,85,6,86,41,39,82,83,10,67,30,55,66,17,59,84,87,58,8,75,42,50,51,64,60,62,46,32,7,23,69,
machine7:0,88,3,78,34,1,79,40,63,74,16,54,19,77,38,73,4,27,9,89,14,71,72,56,36,47,24,29,35,31,65,52,57,5,2,61,37,18,83,10,30,55,66,59,84,53,22,64,60,46,32,80,23,69,
machine8:0,88,68,3,78,34,70,1,25,79,40,63,74,16,54,19,77,49,38,73,15,4,27,9,81,89,28,14,71,72,56,36,47,24,21,48,29,35,12,31,65,52,57,5,2,13,61,37,26,6,86,18,41,39,83,10,67,33,30,55,66,17,59,84,58,53,22,8,75,42,51,64,60,62,46,32,7,80,23,69,

1to 1:
1to 2:51,20,45,55,39,41,50,49,44,8,88,66,82,43,76,59,9,83,79,11,63,6,1,
1to 3:12,52,46,56,24,4,89,68,14,25,67,21,72,81,90,17,28,13,57,85,
1to 4:77,5,65,29,15,34,62,42,7,32,30,78,40,64,26,58,71,36,48,19,31,18,27,35,2,47,
2to 1:37,18,53,78,90,26,31,22,68,42,61,24,80,13,52,62,56,
2to 2:
2to 3:48,43,76,44,11,87,74,79,45,2,84,3,58,39,32,59,65,55,5,49,23,64,7,77,
2to 4:6,33,28,1,88,16,25,63,83,38,70,8,73,4,46,69,14,
3to 1:6,10,86,54,40,82,87,63,30,83,74,34,2,84,50,58,8,66,20,32,9,51,69,15,23,7,77,
3to 2:27,85,25,42,71,38,70,21,73,4,62,36,29,14,
3to 3:
3to 4:75,60,68,41,81,3,39,24,59,56,89,12,
4to 1:49,55,70,73,21,67,3,38,17,60,75,41,33,46,72,57,16,28,79,
4to 2:12,5,80,52,23,65,89,34,22,37,81,15,64,74,19,61,30,84,53,13,48,
4to 3:29,69,36,66,51,35,10,27,54,31,71,47,86,9,
4to 4:

cell1:3,4,2,
cell2:4,1,3,
cell3:1,2,4,
cell4:1,3,2,
