machine1:0,112,192,178,74,134,165,182,145,1,2,5,106,19,122,139,4,11,121,118,176,188,129,113,13,66,174,79,120,55,9,114,146,54,89,171,153,14,33,75,164,67,107,198,193,103,78,149,132,127,27,82,159,104,105,59,63,41,200,98,97,169,197,186,40,94,185,148,109,22,150,87,126,181,16,28,51,142,187,158,99,123,154,7,50,155,15,128,69,57,86,116,184,133,177,32,12,53,96,35,199,73,85,76,83,30,64,191,29,101,8,52,90,93,115,36,196,70,71,138,167,72,58,77,117,162,170,147,140,61,111,20,160,179,25,10,42,34,151,108,80,143,131,17,180,46,124,24,95,119,161,88,166,189,60,91,62,141,110,163,144,157,43,100,18,65,68,152,37,168,81,92,48,156,56,21,102,47,195,172,183,44,31,49,125,175,23,45,39,3,26,173,84,137,38,190,130,194,136,135,6,
machine2:0,112,192,178,134,165,182,2,5,19,122,139,11,121,129,13,79,120,55,114,54,89,14,33,164,67,107,193,103,78,149,132,127,82,105,63,41,200,98,97,169,186,40,94,185,148,109,22,150,87,126,181,16,28,51,142,187,158,99,154,7,50,155,15,128,69,57,86,116,184,133,177,32,53,35,199,73,85,76,83,30,64,191,29,101,8,52,93,115,36,196,70,71,138,167,72,58,77,117,162,170,147,140,20,160,25,10,34,151,108,80,143,17,180,46,124,24,95,119,161,88,166,189,60,91,62,141,110,163,144,157,43,100,18,65,68,152,37,168,81,92,48,156,56,21,102,47,195,172,183,44,31,49,125,175,23,45,3,26,173,84,137,38,190,194,136,135,6,
machine3:0,112,149,127,63,41,200,97,169,40,94,148,22,150,126,181,28,51,142,187,158,99,154,7,50,69,57,86,116,184,133,177,53,35,199,73,85,76,83,64,29,101,8,52,115,196,70,71,138,167,77,117,170,147,140,20,160,25,10,34,151,108,80,143,180,46,124,24,95,161,88,166,189,62,141,110,163,144,157,43,100,18,65,68,152,37,168,81,92,156,56,21,102,172,183,44,31,49,125,175,23,45,3,26,173,84,38,190,136,135,6,
machine4:0,178,74,182,1,106,19,122,139,4,11,121,118,176,188,129,113,13,66,174,79,120,55,9,114,146,54,89,171,153,14,33,75,164,67,107,198,193,103,149,132,127,27,82,159,104,105,59,63,41,200,98,97,169,197,186,40,94,185,148,109,22,87,126,181,16,28,51,142,187,158,99,123,154,7,155,15,128,69,57,86,116,184,133,177,32,12,53,96,35,199,73,85,76,83,30,64,191,101,8,52,90,93,115,36,196,70,71,167,72,58,117,162,170,147,61,111,20,160,179,25,10,42,34,151,108,80,143,131,17,180,46,124,24,95,119,161,88,166,189,60,91,62,141,110,163,157,43,100,18,65,68,152,37,168,81,92,48,156,56,21,102,47,195,172,183,44,31,49,125,175,23,45,39,3,26,173,84,137,38,190,130,194,136,135,6,
machine5:0,178,74,182,1,19,122,139,4,11,121,118,176,188,129,113,13,66,174,79,120,55,9,114,146,54,171,153,33,164,198,193,103,149,132,127,27,82,104,105,59,63,200,186,40,94,185,148,109,22,87,126,181,16,28,51,142,187,99,123,154,7,155,15,128,69,57,86,116,184,177,32,12,96,35,73,85,76,30,64,191,101,8,52,90,93,115,36,196,70,71,167,72,58,117,162,170,61,111,20,160,179,25,10,42,34,151,108,80,143,131,17,180,46,124,24,95,119,161,88,166,189,60,91,62,141,110,163,157,43,100,18,65,152,37,168,92,48,156,21,102,47,195,172,183,44,31,49,175,23,45,39,3,26,173,84,137,38,130,194,136,135,6,
machine6:0,122,139,4,176,113,55,153,132,105,186,94,185,148,109,87,126,16,123,155,15,128,116,184,32,12,96,73,85,76,30,191,101,90,93,115,36,196,71,167,72,58,117,162,170,61,111,160,179,10,42,151,108,80,131,17,24,95,119,161,166,189,60,91,62,141,163,157,43,100,18,152,37,168,92,48,156,47,195,172,183,44,49,175,39,3,26,84,137,38,130,194,136,135,6,
machine7:0,112,192,178,74,145,2,5,106,121,113,174,79,54,171,153,164,67,107,103,78,149,132,127,82,159,104,105,59,63,200,98,97,169,186,40,94,148,150,126,181,16,28,123,50,57,116,133,12,35,73,85,64,191,29,101,8,70,138,72,77,162,170,147,20,160,25,10,151,143,17,180,124,119,88,189,91,163,65,68,37,81,48,156,21,47,195,31,49,125,39,173,84,38,190,135,
machine8:0,112,192,178,74,134,165,145,1,2,5,106,19,139,11,121,118,188,113,13,174,79,120,55,54,171,153,75,164,67,107,198,103,78,149,132,127,27,82,159,104,105,59,63,41,200,98,97,169,197,186,40,94,148,109,22,150,126,181,16,28,187,158,123,154,50,155,69,57,116,133,12,96,35,73,85,76,30,64,191,29,101,8,90,115,70,71,138,72,58,77,117,162,170,147,140,111,20,160,25,10,42,34,151,108,143,131,17,180,124,119,88,166,189,60,91,62,141,110,163,144,157,43,100,18,65,68,37,81,48,156,56,21,102,47,195,172,183,31,49,125,23,39,3,173,84,38,190,130,194,136,135,6,
machine9:0,112,178,74,134,165,182,145,1,2,5,122,4,11,121,118,176,188,129,13,66,120,9,146,54,89,14,33,75,107,198,193,132,27,82,104,197,186,185,109,150,87,181,16,28,99,154,50,15,128,69,57,86,184,133,53,96,35,76,83,64,191,29,90,93,36,70,58,162,140,20,25,42,108,80,143,17,124,119,161,88,166,60,91,141,157,43,100,18,65,68,152,168,92,48,21,102,47,172,183,125,23,45,39,3,26,137,6,
machine10:0,112,192,178,74,134,165,182,145,1,2,5,106,19,122,139,4,11,121,118,176,188,129,113,13,66,120,9,114,146,54,89,153,14,33,75,164,107,198,193,103,78,132,127,27,82,159,104,105,59,98,97,197,186,94,185,148,109,22,150,87,126,181,16,28,142,158,99,123,154,7,50,155,15,128,69,57,86,184,133,32,53,96,35,199,73,85,76,83,30,64,191,29,8,90,93,36,70,71,167,72,58,77,117,162,170,147,140,61,111,20,160,179,25,42,34,151,108,80,143,131,17,46,124,95,119,161,88,166,60,91,62,141,110,163,144,157,43,100,18,65,68,152,37,168,92,48,21,102,47,195,172,183,44,31,49,125,175,23,45,39,3,26,84,137,38,130,194,136,135,6,

1to 1:
1to 2:106,114,40,61,51,177,149,171,9,196,14,26,185,167,107,118,75,136,131,109,12,115,41,124,158,36,137,83,197,200,81,156,147,173,184,68,116,181,100,154,162,84,108,175,97,64,135,151,103,47,3,38,
1to 3:145,174,5,134,187,138,159,78,113,22,165,144,56,189,29,27,195,127,63,190,72,169,140,71,125,183,101,126,62,16,194,148,180,139,119,25,198,132,117,69,20,157,21,143,141,172,
1to 4:192,146,179,122,87,15,193,66,142,178,11,130,34,182,50,86,4,49,105,39,95,59,8,92,44,102,168,186,31,13,96,170,133,98,160,191,54,76,70,30,17,
2to 1:187,24,46,113,53,52,153,93,67,122,87,33,199,15,32,111,1,23,99,66,128,142,94,89,190,71,34,182,123,101,80,152,155,4,62,35,180,6,28,48,163,25,95,198,8,92,44,168,186,31,18,10,60,69,88,13,170,133,157,21,191,141,54,172,70,82,30,
2to 2:
2to 3:106,118,178,74,11,55,12,115,79,57,41,124,158,120,81,156,58,173,116,188,110,73,102,43,104,42,96,121,37,90,135,151,160,3,76,38,17,91,
2to 4:61,22,9,19,26,176,7,75,45,131,109,161,36,183,83,16,148,129,68,164,181,65,139,84,132,175,97,20,103,143,85,166,
3to 1:40,149,171,112,178,136,11,55,2,79,130,57,120,200,58,49,181,105,39,154,162,59,108,102,43,104,97,42,96,121,90,64,98,47,85,166,17,
3to 2:174,159,153,67,19,56,189,111,23,127,63,169,125,34,183,123,126,194,35,164,65,28,48,163,31,18,10,20,170,191,143,70,82,
3to 3:
3to 4:145,106,134,150,165,144,77,27,1,195,107,118,94,74,72,140,158,197,155,147,6,188,110,73,100,119,117,60,69,88,37,151,21,141,38,91,
4to 1:114,5,159,78,150,22,19,14,77,185,29,176,127,7,167,107,45,74,125,161,124,137,197,147,126,16,184,194,148,129,164,188,65,110,73,139,100,132,37,135,3,91,
4to 2:46,146,113,53,179,93,33,199,32,27,193,1,195,99,128,94,89,72,71,130,57,120,86,80,152,155,62,58,49,6,105,39,119,25,59,198,43,117,104,60,42,88,121,90,98,160,157,172,76,
4to 3:192,153,112,111,23,75,136,131,109,2,123,50,35,68,28,48,163,154,162,84,8,108,186,18,13,64,133,103,47,54,85,82,166,30,
4to 4:

cell1:3,2,4,
cell2:4,1,3,
cell3:4,2,1,
cell4:1,2,3,
