machine1:0,59,76,89,9,18,31,43,69,29,4,3,47,37,35,13,48,88,53,60,25,65,94,87,62,72,68,70,34,49,33,44,98,81,84,92,38,20,36,7,86,32,56,74,97,79,85,46,28,26,90,14,91,23,21,95,2,63,27,61,30,82,6,11,99,100,52,42,78,83,19,15,8,
machine2:0,59,76,51,12,64,89,9,18,5,31,43,73,69,39,29,57,4,58,22,24,1,16,54,3,47,37,41,35,13,48,88,53,60,25,65,94,87,62,17,72,68,70,34,49,33,44,98,81,84,92,38,20,36,7,86,32,56,74,97,79,85,46,28,26,90,71,14,77,91,23,55,93,21,95,50,2,63,75,27,61,30,40,82,6,11,67,45,66,99,100,10,96,52,42,78,83,80,19,15,8,
machine3:0,51,12,64,9,18,5,31,69,29,57,4,58,22,1,16,54,47,37,41,35,48,94,62,72,68,70,49,33,44,98,92,20,36,86,32,74,46,71,14,23,55,21,63,61,40,82,6,67,45,66,42,78,19,15,8,
machine4:0,76,51,12,64,89,9,18,5,31,43,73,69,39,29,57,4,58,22,24,1,16,54,3,47,37,41,35,13,48,88,53,60,94,87,62,72,68,70,34,49,33,44,98,81,84,92,20,36,7,86,32,74,97,79,46,26,90,71,14,77,91,23,55,21,63,75,27,61,40,82,6,11,67,45,66,100,52,42,78,83,80,19,15,8,
machine5:0,76,12,89,18,43,39,29,57,4,58,24,1,16,47,37,41,35,13,53,60,94,87,62,68,33,98,81,84,92,38,20,36,86,32,56,74,85,46,28,26,71,77,91,23,55,93,21,95,2,40,6,11,45,66,99,10,96,78,83,80,15,8,
machine6:0,59,76,51,12,64,89,9,18,5,31,43,73,69,39,29,57,4,58,24,1,16,3,47,37,41,35,13,48,88,53,60,25,94,87,62,17,68,70,34,33,44,98,81,84,92,38,20,36,7,86,32,56,74,97,85,46,28,26,90,71,14,77,91,23,55,93,21,95,2,63,75,27,61,30,40,82,6,11,67,45,66,99,100,10,96,52,42,78,83,80,19,15,8,
machine7:0,59,51,89,9,18,43,69,29,4,58,22,24,1,16,47,37,41,35,13,88,60,25,65,62,17,72,68,70,34,98,92,38,36,56,26,90,71,14,55,93,50,63,82,67,45,99,100,52,83,80,19,
machine8:0,59,51,64,89,9,18,5,43,73,69,29,4,58,22,24,1,16,54,47,37,41,35,13,48,88,60,25,65,94,62,17,72,68,70,34,49,33,44,98,81,84,92,38,36,86,56,74,97,79,85,46,28,26,90,71,14,23,55,93,95,50,63,75,27,30,82,67,45,66,99,100,10,96,52,83,80,19,15,
machine9:0,89,24,1,16,3,41,17,33,86,56,74,97,79,85,46,28,26,90,71,14,77,91,23,55,93,21,95,50,2,63,75,27,61,30,40,82,6,11,67,45,66,99,100,10,96,52,42,78,83,80,19,15,8,
machine10:0,89,18,5,31,73,69,39,57,4,58,22,24,1,16,54,3,47,41,35,48,88,53,60,25,65,62,17,72,68,70,34,33,98,84,92,38,20,36,7,86,32,56,74,97,79,85,46,28,26,90,71,14,77,91,23,55,93,21,95,50,2,63,75,27,61,30,40,82,6,11,67,45,66,99,100,10,96,52,42,78,83,80,19,15,8,

1to 1:
1to 2:15,94,58,55,49,75,43,22,86,63,82,98,6,97,54,41,
1to 3:80,57,8,28,73,29,25,34,87,42,40,14,13,64,81,4,76,62,18,44,59,
1to 4:23,89,83,93,33,19,92,9,90,16,51,48,65,85,66,99,24,
1to 5:2,88,69,10,96,78,77,30,5,45,61,84,50,68,27,31,60,70,67,17,100,72,21,95,
2to 1:66,27,46,76,19,60,18,31,90,1,16,61,26,
2to 2:
2to 3:78,24,36,43,51,92,70,91,94,89,9,20,35,88,15,5,37,77,12,83,39,7,
2to 4:73,97,14,71,49,67,68,54,80,64,62,79,47,
2to 5:53,23,34,3,57,6,75,22,4,74,98,8,11,63,52,82,32,42,
3to 1:36,86,92,100,82,78,84,24,21,10,75,70,98,6,30,3,7,56,12,20,37,99,
3to 2:62,8,80,16,81,11,57,87,4,32,61,53,42,19,26,69,13,33,
3to 3:
3to 4:18,88,41,96,45,52,94,1,74,63,46,27,44,59,5,29,
3to 5:35,83,66,93,47,55,40,73,90,39,71,58,97,38,48,91,14,15,
4to 1:38,50,25,13,64,95,43,81,96,71,41,35,67,58,74,45,
4to 2:51,44,72,27,9,60,37,29,48,34,23,84,100,36,52,1,83,89,
4to 3:85,17,30,75,69,10,66,55,33,47,86,98,68,
4to 4:
4to 5:54,79,56,92,99,46,28,26,19,62,80,
5to 1:11,28,32,33,34,39,47,48,52,53,55,65,79,85,89,91,93,97,
5to 2:5,7,14,18,20,21,24,40,45,46,68,71,73,77,88,90,
5to 3:1,2,3,16,23,26,31,41,56,60,63,67,74,95,
5to 4:4,15,17,22,25,35,36,38,58,69,70,72,82,84,86,100,
5to 5:

cell1:4,5,2,3,
cell2:1,5,3,4,
cell3:2,4,5,1,
cell4:3,1,5,2,
cell5:4,3,2,1,
