machine1:0,11,52,46,26,56,32,91,7,20,90,98,36,70,65,92,85,53,25,49,87,38,97,28,44,81,94,34,59,86,72,74,84,35,48,79,33,13,76,47,9,37,89,18,43,29,3,68,69,60,88,4,95,14,31,62,100,21,63,2,30,61,23,82,8,78,27,6,99,19,15,42,83,
machine2:0,11,52,46,26,56,32,91,7,20,90,98,36,70,65,92,85,53,25,49,87,38,97,28,44,81,94,34,59,86,72,74,84,35,48,79,33,13,76,51,12,47,9,37,89,18,64,43,29,24,16,1,3,41,68,58,69,17,5,93,73,60,55,22,88,4,39,95,71,14,31,62,57,77,100,21,63,2,30,54,61,23,67,40,82,8,78,27,75,45,6,66,99,19,10,15,96,50,42,83,80,
machine3:0,46,32,20,98,36,70,92,49,44,94,86,72,74,35,48,33,51,12,47,9,37,18,64,29,16,1,41,68,58,69,5,55,22,4,71,14,31,62,57,21,63,54,61,23,67,40,82,8,78,45,6,66,19,15,42,
machine4:0,11,52,46,26,32,91,7,20,90,98,36,70,92,53,49,87,97,44,81,94,34,86,72,74,84,35,48,79,33,13,76,51,12,47,9,37,89,18,64,43,29,24,16,1,3,41,68,58,69,5,73,60,55,22,88,4,39,71,14,31,62,57,77,100,21,63,54,61,23,67,40,82,8,78,27,75,45,6,66,19,15,42,83,80,
machine5:0,11,46,26,56,32,91,20,98,36,92,85,53,87,38,28,81,94,86,74,84,35,33,13,76,12,47,37,89,18,43,29,24,16,1,41,68,58,93,60,55,4,39,95,71,62,57,77,21,2,23,40,8,78,45,6,66,99,10,15,96,83,80,
machine6:0,11,52,46,26,56,32,91,7,20,90,98,36,70,92,85,53,25,87,38,97,28,44,81,94,34,59,86,74,84,35,48,33,13,76,51,12,47,9,37,89,18,64,43,29,24,16,1,3,41,68,58,69,17,5,93,73,60,55,88,4,39,95,71,14,31,62,57,77,100,21,63,2,30,61,23,67,40,82,8,78,27,75,45,6,66,99,19,10,15,96,42,83,80,
machine7:0,52,26,56,90,98,36,70,65,92,25,38,34,59,72,35,13,51,47,9,37,89,18,43,29,24,16,1,41,68,58,69,17,93,60,55,22,88,4,71,14,62,100,63,67,82,45,99,19,50,83,80,
machine8:0,52,46,26,56,90,98,36,70,65,92,85,25,49,38,97,28,44,81,94,34,59,86,72,74,84,35,48,79,33,13,51,47,9,37,89,18,64,43,29,24,16,1,41,68,58,69,17,5,93,73,60,55,22,88,4,95,71,14,62,100,63,30,54,23,67,82,27,75,45,66,99,19,10,15,96,50,83,80,
machine9:0,11,52,46,26,56,91,90,85,97,28,86,74,79,33,89,24,16,1,3,41,17,93,55,95,71,14,77,100,21,63,2,30,61,23,67,40,82,8,78,27,75,45,6,66,99,19,10,15,96,50,42,83,80,
machine10:0,11,52,46,26,56,32,91,7,20,90,98,36,70,65,92,85,53,25,38,97,28,34,86,72,74,84,35,48,79,33,47,89,18,24,16,1,3,41,68,58,69,17,5,93,73,60,55,22,88,4,39,95,71,14,31,62,57,77,100,21,63,2,30,54,61,23,67,40,82,8,78,27,75,45,6,66,99,19,10,15,96,50,42,83,80,

1to 1:
1to 2:49,22,54,75,82,43,6,55,97,94,63,41,86,98,58,15,
1to 3:59,76,44,25,87,13,73,64,40,57,14,81,29,42,28,34,18,4,8,62,80,
1to 4:65,85,51,24,9,92,99,66,48,93,33,23,90,19,16,83,89,
1to 5:17,30,72,21,50,61,27,2,31,77,69,70,95,10,60,5,78,96,88,84,100,67,68,45,
2to 1:76,61,27,31,60,66,46,18,26,90,19,16,1,
2to 2:
2to 3:20,12,91,51,7,24,39,77,9,70,92,43,37,5,78,94,88,35,36,83,15,89,
2to 4:49,54,79,73,64,14,97,47,71,67,62,80,68,
2to 5:3,22,32,53,75,82,57,6,11,42,34,23,63,4,98,8,52,74,
3to 1:37,99,12,56,20,7,98,6,30,70,3,75,10,84,100,86,78,24,21,82,36,92,
3to 2:33,13,26,19,69,42,4,53,57,16,32,11,61,80,87,81,8,62,
3to 3:
3to 4:29,5,63,1,74,46,44,52,94,59,27,45,41,88,96,18,
3to 5:15,14,48,91,58,97,90,71,38,73,39,40,55,83,47,93,35,66,
4to 1:45,35,96,43,81,95,58,50,25,67,71,13,41,64,74,38,
4to 2:83,1,34,100,89,52,48,29,36,27,60,44,37,84,51,72,9,23,
4to 3:68,55,17,10,85,75,98,86,69,33,30,47,66,
4to 4:
4to 5:28,79,99,46,54,56,62,19,80,26,92,
5to 1:65,85,91,39,79,32,53,11,55,97,48,93,33,47,28,34,52,89,
5to 2:20,7,21,24,77,73,40,14,5,46,88,71,18,90,68,45,
5to 3:3,2,31,56,95,60,23,26,63,41,67,16,74,1,
5to 4:38,22,17,72,25,69,70,82,84,4,100,35,86,36,58,15,
5to 5:

cell1:5,3,2,4,
cell2:3,5,4,1,
cell3:1,4,5,2,
cell4:2,1,5,3,
cell5:1,2,4,3,
