10 200 4 4 4

1 1 1 2 2 2 3 3 4 4 

0 15 18 27 
18 0 9 9 
14 11 0 8 
28 24 28 0 

0 1 1 1 
1 0 1 1 
1 1 0 1 
1 1 1 0 

7 8 7 9 7 7 6 9 6 7 
5 9 9 9 8 8 7 7 5 9 
5 6 8 5 9 5 5 9 5 5 
7 7 7 7 5 8 5 7 7 8 

6    0    1992    0.4    3984
0 0 0 0 0 0 0 46 0 0 
0 0 0 0 0 0 0 0 59 0 
0 0 0 0 0 0 0 0 0 30 
0 0 0 5 0 0 0 0 0 0 
0 0 0 0 85 0 0 0 0 0 
1 0 0 0 0 0 0 0 0 0 
6    0    2319    0.7    4638
0 0 0 0 0 0 0 0 99 0 
0 0 0 0 0 0 0 0 0 97 
0 0 0 0 0 0 9 0 0 0 
0 0 0 0 0 0 0 15 0 0 
66 0 0 0 0 0 0 0 0 0 
0 29 0 0 0 0 0 0 0 0 
9    0    4353    0.2    8706
0 0 0 0 0 0 0 0 59 0 
0 0 0 0 0 0 0 0 0 23 
88 0 0 0 0 0 0 0 0 0 
0 93 0 0 0 0 0 0 0 0 
0 0 32 0 0 0 0 0 0 0 
0 0 0 2 0 0 0 0 0 0 
0 0 0 0 98 0 0 0 0 0 
0 0 0 0 0 89 0 0 0 0 
0 0 0 0 0 0 0 63 0 0 
6    2    2730    0.4    5460
0 0 0 70 0 0 0 0 0 0 
0 0 0 0 80 0 0 0 0 0 
0 0 0 0 0 96 0 0 0 0 
60 0 0 0 0 0 0 0 0 0 
0 0 0 0 0 0 0 0 11 0 
0 0 0 0 0 0 0 0 0 18 
6    0    1119    0.2    2238
0 0 0 0 0 0 0 0 54 0 
0 0 0 0 0 0 0 0 0 26 
2 0 0 0 0 0 0 0 0 0 
0 2 0 0 0 0 0 0 0 0 
0 0 0 0 0 0 37 0 0 0 
0 0 0 0 0 0 0 51 0 0 
9    1    3021    0.1    6042
0 0 0 0 0 0 0 76 0 0 
0 0 0 0 0 0 0 0 95 0 
0 0 0 0 0 0 0 0 0 25 
0 0 0 9 0 0 0 0 0 0 
0 0 0 0 44 0 0 0 0 0 
0 0 0 0 0 4 0 0 0 0 
48 0 0 0 0 0 0 0 0 0 
0 68 0 0 0 0 0 0 0 0 
0 0 81 0 0 0 0 0 0 0 
6    1    2082    0.4    4164
0 0 0 67 0 0 0 0 0 0 
0 0 0 0 78 0 0 0 0 0 
0 0 0 0 0 0 0 0 0 46 
51 0 0 0 0 0 0 0 0 0 
0 70 0 0 0 0 0 0 0 0 
0 0 9 0 0 0 0 0 0 0 
8    1    3339    0.5    6678
0 0 0 17 0 0 0 0 0 0 
0 0 0 0 97 0 0 0 0 0 
22 0 0 0 0 0 0 0 0 0 
0 100 0 0 0 0 0 0 0 0 
0 0 35 0 0 0 0 0 0 0 
0 0 0 0 0 0 0 0 0 20 
0 0 0 0 0 0 29 0 0 0 
0 0 0 0 0 0 0 72 0 0 
5    3    1704    0.7    3408
57 0 0 0 0 0 0 0 0 0 
0 0 0 65 0 0 0 0 0 0 
0 0 0 0 92 0 0 0 0 0 
0 0 0 0 0 0 0 0 17 0 
0 0 0 0 0 0 0 0 0 37 
8    1    3618    0.7    7236
0 0 0 0 0 0 63 0 0 0 
0 0 0 0 0 0 0 64 0 0 
0 0 0 91 0 0 0 0 0 0 
0 0 0 0 80 0 0 0 0 0 
0 0 0 0 0 96 0 0 0 0 
93 0 0 0 0 0 0 0 0 0 
0 64 0 0 0 0 0 0 0 0 
0 0 95 0 0 0 0 0 0 0 
7    3    2289    0.3    4578
0 0 0 2 0 0 0 0 0 0 
0 0 0 0 76 0 0 0 0 0 
0 0 0 0 0 0 0 58 0 0 
65 0 0 0 0 0 0 0 0 0 
0 8 0 0 0 0 0 0 0 0 
0 0 0 0 0 0 0 0 58 0 
0 0 0 0 0 0 0 0 0 50 
6    2    2319    0.8    4638
84 0 0 0 0 0 0 0 0 0 
0 0 0 47 0 0 0 0 0 0 
0 0 0 0 92 0 0 0 0 0 
0 0 0 0 0 47 0 0 0 0 
0 0 0 0 0 0 89 0 0 0 
0 0 0 0 0 0 0 36 0 0 
7    1    3792    0.2    7584
0 0 0 36 0 0 0 0 0 0 
0 0 0 0 97 0 0 0 0 0 
71 0 0 0 0 0 0 0 0 0 
0 71 0 0 0 0 0 0 0 0 
0 0 0 0 0 0 0 0 30 0 
0 0 0 0 0 0 0 0 0 96 
0 0 0 0 0 0 0 9 0 0 
5    2    1815    0.9    3630
0 0 0 0 0 0 0 0 7 0 
0 0 0 0 0 0 0 0 0 99 
88 0 0 0 0 0 0 0 0 0 
0 29 0 0 0 0 0 0 0 0 
0 0 0 10 0 0 0 0 0 0 
7    0    1842    0.5    3684
0 0 0 61 0 0 0 0 0 0 
0 0 0 0 39 0 0 0 0 0 
0 0 0 0 0 34 0 0 0 0 
6 0 0 0 0 0 0 0 0 0 
0 33 0 0 0 0 0 0 0 0 
0 0 0 0 0 0 0 0 82 0 
0 0 0 0 0 0 0 0 0 16 
9    1    2823    0.7    5646
0 0 0 8 0 0 0 0 0 0 
0 0 0 0 84 0 0 0 0 0 
0 0 0 0 0 39 0 0 0 0 
0 0 0 0 0 0 0 0 3 0 
0 0 0 0 0 0 0 0 0 68 
33 0 0 0 0 0 0 0 0 0 
0 18 0 0 0 0 0 0 0 0 
0 0 0 0 0 0 19 0 0 0 
0 0 0 0 0 0 0 46 0 0 
9    0    5268    0.1    10536
0 0 0 80 0 0 0 0 0 0 
0 0 0 0 69 0 0 0 0 0 
0 0 0 0 0 99 0 0 0 0 
0 0 0 0 0 0 84 0 0 0 
0 0 0 0 0 0 0 64 0 0 
75 0 0 0 0 0 0 0 0 0 
0 1 0 0 0 0 0 0 0 0 
0 0 0 0 0 0 0 0 55 0 
0 0 0 0 0 0 0 0 0 90 
9    3    3582    0.2    7164
0 0 0 0 0 0 0 0 59 0 
0 0 0 0 0 0 0 0 0 51 
0 0 0 0 0 0 0 77 0 0 
0 0 0 32 0 0 0 0 0 0 
0 0 0 0 69 0 0 0 0 0 
0 0 0 0 0 67 0 0 0 0 
76 0 0 0 0 0 0 0 0 0 
0 51 0 0 0 0 0 0 0 0 
0 0 21 0 0 0 0 0 0 0 
6    0    1785    0.6    3570
0 0 0 0 0 0 0 9 0 0 
0 0 0 25 0 0 0 0 0 0 
0 0 0 0 87 0 0 0 0 0 
0 0 0 0 0 0 0 0 0 42 
40 0 0 0 0 0 0 0 0 0 
0 79 0 0 0 0 0 0 0 0 
9    0    3843    0.3    7686
59 0 0 0 0 0 0 0 0 0 
0 63 0 0 0 0 0 0 0 0 
0 0 77 0 0 0 0 0 0 0 
0 0 0 0 0 0 48 0 0 0 
0 0 0 0 0 0 0 40 0 0 
0 0 0 12 0 0 0 0 0 0 
0 0 0 0 10 0 0 0 0 0 
0 0 0 0 0 0 0 0 99 0 
0 0 0 0 0 0 0 0 0 49 
9    0    4215    0.2    8430
0 0 0 100 0 0 0 0 0 0 
0 0 0 0 26 0 0 0 0 0 
66 0 0 0 0 0 0 0 0 0 
0 35 0 0 0 0 0 0 0 0 
0 0 67 0 0 0 0 0 0 0 
0 0 0 0 0 0 71 0 0 0 
0 0 0 0 0 0 0 52 0 0 
0 0 0 0 0 0 0 0 16 0 
0 0 0 0 0 0 0 0 0 99 
7    1    1584    0.7    3168
0 0 0 4 0 0 0 0 0 0 
0 0 0 0 43 0 0 0 0 0 
0 0 0 0 0 0 0 0 0 21 
52 0 0 0 0 0 0 0 0 0 
0 54 0 0 0 0 0 0 0 0 
0 0 11 0 0 0 0 0 0 0 
0 0 0 0 0 0 0 6 0 0 
8    2    2016    0.1    4032
0 0 0 0 0 0 0 0 7 0 
0 0 0 0 0 0 0 0 0 54 
0 0 0 0 0 0 0 69 0 0 
0 0 0 22 0 0 0 0 0 0 
0 0 0 0 9 0 0 0 0 0 
4 0 0 0 0 0 0 0 0 0 
0 86 0 0 0 0 0 0 0 0 
0 0 30 0 0 0 0 0 0 0 
6    2    1284    0.9    2568
0 0 0 9 0 0 0 0 0 0 
0 0 0 0 65 0 0 0 0 0 
0 0 0 0 0 29 0 0 0 0 
37 0 0 0 0 0 0 0 0 0 
0 72 0 0 0 0 0 0 0 0 
0 0 77 0 0 0 0 0 0 0 
9    3    3231    0.3    6462
0 0 0 0 0 0 0 0 95 0 
0 0 0 0 0 0 0 0 0 11 
0 0 0 96 0 0 0 0 0 0 
0 0 0 0 5 0 0 0 0 0 
68 0 0 0 0 0 0 0 0 0 
0 6 0 0 0 0 0 0 0 0 
0 0 22 0 0 0 0 0 0 0 
0 0 0 0 0 0 71 0 0 0 
0 0 0 0 0 0 0 45 0 0 
8    3    1830    0.1    3660
30 0 0 0 0 0 0 0 0 0 
0 34 0 0 0 0 0 0 0 0 
0 0 64 0 0 0 0 0 0 0 
0 0 0 9 0 0 0 0 0 0 
0 0 0 0 7 0 0 0 0 0 
0 0 0 0 0 67 0 0 0 0 
0 0 0 0 0 0 0 0 24 0 
0 0 0 0 0 0 0 0 0 7 
6    3    1932    0.8    3864
32 0 0 0 0 0 0 0 0 0 
0 0 0 0 0 0 0 64 0 0 
0 0 0 0 0 0 0 0 4 0 
0 0 0 0 0 0 0 0 0 70 
0 0 0 90 0 0 0 0 0 0 
0 0 0 0 60 0 0 0 0 0 
9    1    3111    0.5    6222
0 0 0 0 0 0 0 0 64 0 
0 0 0 0 0 0 0 0 0 20 
0 0 0 0 0 0 10 0 0 0 
0 0 0 0 0 0 0 90 0 0 
0 0 0 67 0 0 0 0 0 0 
0 0 0 0 53 0 0 0 0 0 
21 0 0 0 0 0 0 0 0 0 
0 95 0 0 0 0 0 0 0 0 
0 0 6 0 0 0 0 0 0 0 
7    0    1902    0.8    3804
0 0 0 0 0 0 0 0 11 0 
0 0 0 0 0 0 0 0 0 50 
87 0 0 0 0 0 0 0 0 0 
0 15 0 0 0 0 0 0 0 0 
0 0 69 0 0 0 0 0 0 0 
0 0 0 0 0 0 63 0 0 0 
0 0 0 0 0 0 0 4 0 0 
7    1    4887    0.2    9774
0 0 0 100 0 0 0 0 0 0 
0 0 0 0 100 0 0 0 0 0 
0 0 0 0 0 56 0 0 0 0 
98 0 0 0 0 0 0 0 0 0 
0 10 0 0 0 0 0 0 0 0 
0 0 0 0 0 0 0 0 0 85 
0 0 0 0 0 0 0 66 0 0 
8    1    3573    0.2    7146
0 0 0 0 0 0 63 0 0 0 
0 0 0 0 0 0 0 83 0 0 
0 0 0 69 0 0 0 0 0 0 
0 0 0 0 26 0 0 0 0 0 
6 0 0 0 0 0 0 0 0 0 
0 70 0 0 0 0 0 0 0 0 
0 0 70 0 0 0 0 0 0 0 
0 0 0 0 0 0 0 0 0 1 
6    0    1857    0.7    3714
0 0 0 0 0 0 0 0 0 73 
0 0 0 16 0 0 0 0 0 0 
0 0 0 0 28 0 0 0 0 0 
0 0 0 0 0 88 0 0 0 0 
82 0 0 0 0 0 0 0 0 0 
0 22 0 0 0 0 0 0 0 0 
6    0    1824    0.1    3648
0 0 0 0 0 0 0 0 80 0 
0 0 0 0 0 0 0 0 0 7 
0 0 0 50 0 0 0 0 0 0 
0 0 0 0 69 0 0 0 0 0 
48 0 0 0 0 0 0 0 0 0 
0 29 0 0 0 0 0 0 0 0 
7    1    2496    0.4    4992
0 0 0 0 0 0 0 8 0 0 
0 0 0 75 0 0 0 0 0 0 
0 0 0 0 70 0 0 0 0 0 
11 0 0 0 0 0 0 0 0 0 
0 90 0 0 0 0 0 0 0 0 
0 0 55 0 0 0 0 0 0 0 
0 0 0 0 0 0 0 0 0 24 
9    2    2907    0.8    5814
0 0 0 0 0 0 0 0 74 0 
0 0 0 0 0 0 0 0 0 30 
0 0 0 0 0 0 41 0 0 0 
0 0 0 0 0 0 0 62 0 0 
0 0 0 74 0 0 0 0 0 0 
0 0 0 0 9 0 0 0 0 0 
5 0 0 0 0 0 0 0 0 0 
0 9 0 0 0 0 0 0 0 0 
0 0 25 0 0 0 0 0 0 0 
7    0    2574    0.5    5148
41 0 0 0 0 0 0 0 0 0 
0 74 0 0 0 0 0 0 0 0 
0 0 0 90 0 0 0 0 0 0 
0 0 0 0 12 0 0 0 0 0 
0 0 0 0 0 84 0 0 0 0 
0 0 0 0 0 0 0 0 52 0 
0 0 0 0 0 0 0 0 0 60 
9    3    3852    0.3    7704
0 0 0 62 0 0 0 0 0 0 
0 0 0 0 41 0 0 0 0 0 
0 0 0 0 0 55 0 0 0 0 
0 0 0 0 0 0 57 0 0 0 
0 0 0 0 0 0 0 95 0 0 
0 0 0 0 0 0 0 0 0 13 
24 0 0 0 0 0 0 0 0 0 
0 79 0 0 0 0 0 0 0 0 
0 0 50 0 0 0 0 0 0 0 
9    0    4938    0.1    9876
56 0 0 0 0 0 0 0 0 0 
0 76 0 0 0 0 0 0 0 0 
0 0 79 0 0 0 0 0 0 0 
0 0 0 44 0 0 0 0 0 0 
0 0 0 0 85 0 0 0 0 0 
0 0 0 0 0 9 0 0 0 0 
0 0 0 0 0 0 64 0 0 0 
0 0 0 0 0 0 0 74 0 0 
0 0 0 0 0 0 0 0 0 88 
8    2    3189    0.1    6378
0 0 0 0 0 0 98 0 0 0 
0 0 0 0 0 0 0 54 0 0 
47 0 0 0 0 0 0 0 0 0 
0 0 0 0 0 0 0 0 37 0 
0 0 0 0 0 0 0 0 0 76 
0 0 0 21 0 0 0 0 0 0 
0 0 0 0 1 0 0 0 0 0 
0 0 0 0 0 25 0 0 0 0 
7    1    1014    0.5    2028
0 0 0 0 0 0 32 0 0 0 
0 0 0 0 0 0 0 13 0 0 
42 0 0 0 0 0 0 0 0 0 
0 15 0 0 0 0 0 0 0 0 
0 0 18 0 0 0 0 0 0 0 
0 0 0 1 0 0 0 0 0 0 
0 0 0 0 23 0 0 0 0 0 
5    2    2457    0.2    4914
10 0 0 0 0 0 0 0 0 0 
0 91 0 0 0 0 0 0 0 0 
0 0 96 0 0 0 0 0 0 0 
0 0 0 52 0 0 0 0 0 0 
0 0 0 0 0 0 0 81 0 0 
7    3    3714    0.4    7428
0 0 0 0 0 0 0 0 70 0 
0 0 0 0 0 0 0 0 0 41 
0 0 0 84 0 0 0 0 0 0 
0 0 0 0 69 0 0 0 0 0 
0 0 0 0 0 44 0 0 0 0 
0 0 0 0 0 0 0 72 0 0 
26 0 0 0 0 0 0 0 0 0 
9    2    3483    0.5    6966
0 0 0 0 0 0 0 0 51 0 
0 0 0 0 0 0 0 0 0 64 
0 0 0 29 0 0 0 0 0 0 
0 0 0 0 29 0 0 0 0 0 
0 0 0 0 0 72 0 0 0 0 
0 0 0 0 0 0 0 85 0 0 
19 0 0 0 0 0 0 0 0 0 
0 5 0 0 0 0 0 0 0 0 
0 0 84 0 0 0 0 0 0 0 
7    0    3405    0.2    6810
0 0 0 90 0 0 0 0 0 0 
0 0 0 0 88 0 0 0 0 0 
0 0 0 0 0 45 0 0 0 0 
39 0 0 0 0 0 0 0 0 0 
0 76 0 0 0 0 0 0 0 0 
0 0 93 0 0 0 0 0 0 0 
0 0 0 0 0 0 0 0 0 27 
7    3    2238    0.1    4476
0 0 0 42 0 0 0 0 0 0 
0 0 0 0 81 0 0 0 0 0 
0 0 0 0 0 0 0 0 88 0 
0 0 0 0 0 0 0 0 0 19 
66 0 0 0 0 0 0 0 0 0 
0 25 0 0 0 0 0 0 0 0 
0 0 35 0 0 0 0 0 0 0 
6    0    1392    0.9    2784
0 0 0 0 0 0 0 0 0 31 
0 0 0 60 0 0 0 0 0 0 
0 0 0 0 10 0 0 0 0 0 
39 0 0 0 0 0 0 0 0 0 
0 78 0 0 0 0 0 0 0 0 
0 0 82 0 0 0 0 0 0 0 
9    1    4197    0.3    8394
0 0 0 0 0 0 0 0 91 0 
0 0 0 0 0 0 0 0 0 20 
0 0 0 0 0 0 50 0 0 0 
0 0 0 0 0 0 0 85 0 0 
94 0 0 0 0 0 0 0 0 0 
0 77 0 0 0 0 0 0 0 0 
0 0 0 90 0 0 0 0 0 0 
0 0 0 0 10 0 0 0 0 0 
0 0 0 0 0 66 0 0 0 0 
9    2    3126    0.2    6252
0 0 0 0 0 0 0 0 51 0 
0 0 0 0 0 0 0 0 0 64 
0 0 0 0 0 0 34 0 0 0 
0 0 0 0 0 0 0 46 0 0 
0 0 0 10 0 0 0 0 0 0 
0 0 0 0 33 0 0 0 0 0 
0 0 0 0 0 84 0 0 0 0 
17 0 0 0 0 0 0 0 0 0 
0 32 0 0 0 0 0 0 0 0 
9    2    2856    0.2    5712
0 0 0 0 0 0 22 0 0 0 
0 0 0 0 0 0 0 29 0 0 
100 0 0 0 0 0 0 0 0 0 
0 57 0 0 0 0 0 0 0 0 
0 0 4 0 0 0 0 0 0 0 
0 0 0 0 0 0 0 0 0 28 
0 0 0 76 0 0 0 0 0 0 
0 0 0 0 29 0 0 0 0 0 
0 0 0 0 0 63 0 0 0 0 
7    3    2640    0.6    5280
78 0 0 0 0 0 0 0 0 0 
0 10 0 0 0 0 0 0 0 0 
0 0 53 0 0 0 0 0 0 0 
0 0 0 0 0 0 0 0 96 0 
0 0 0 0 0 0 0 0 0 45 
0 0 0 0 0 0 77 0 0 0 
0 0 0 0 0 0 0 47 0 0 
5    2    1242    0.8    2484
19 0 0 0 0 0 0 0 0 0 
0 54 0 0 0 0 0 0 0 0 
0 0 88 0 0 0 0 0 0 0 
0 0 0 19 0 0 0 0 0 0 
0 0 0 0 47 0 0 0 0 0 
5    3    1518    0.6    3036
0 0 0 52 0 0 0 0 0 0 
0 0 0 0 85 0 0 0 0 0 
75 0 0 0 0 0 0 0 0 0 
0 68 0 0 0 0 0 0 0 0 
0 0 50 0 0 0 0 0 0 0 
6    3    1488    0.5    2976
0 0 0 0 0 0 0 0 49 0 
0 0 0 0 0 0 0 0 0 51 
0 0 0 17 0 0 0 0 0 0 
58 0 0 0 0 0 0 0 0 0 
0 34 0 0 0 0 0 0 0 0 
0 0 31 0 0 0 0 0 0 0 
8    1    4368    0.3    8736
0 0 0 92 0 0 0 0 0 0 
0 0 0 0 42 0 0 0 0 0 
89 0 0 0 0 0 0 0 0 0 
0 58 0 0 0 0 0 0 0 0 
0 0 0 0 0 0 0 0 76 0 
0 0 0 0 0 0 0 0 0 86 
0 0 0 0 0 0 85 0 0 0 
0 0 0 0 0 0 0 25 0 0 
6    2    2295    0.2    4590
0 0 0 64 0 0 0 0 0 0 
0 0 0 0 55 0 0 0 0 0 
0 0 0 0 0 61 0 0 0 0 
0 0 0 0 0 0 0 3 0 0 
92 0 0 0 0 0 0 0 0 0 
0 94 0 0 0 0 0 0 0 0 
5    0    1833    0.1    3666
24 0 0 0 0 0 0 0 0 0 
0 27 0 0 0 0 0 0 0 0 
0 0 56 0 0 0 0 0 0 0 
0 0 0 0 0 0 0 81 0 0 
0 0 0 73 0 0 0 0 0 0 
9    0    2442    0.7    4884
0 0 0 0 0 0 0 0 17 0 
0 0 0 0 0 0 0 0 0 9 
0 0 0 48 0 0 0 0 0 0 
0 0 0 0 26 0 0 0 0 0 
0 0 0 0 0 0 72 0 0 0 
0 0 0 0 0 0 0 71 0 0 
60 0 0 0 0 0 0 0 0 0 
0 89 0 0 0 0 0 0 0 0 
0 0 20 0 0 0 0 0 0 0 
8    3    2808    0.4    5616
0 0 0 0 0 0 0 0 23 0 
0 0 0 0 0 0 0 0 0 40 
0 0 0 49 0 0 0 0 0 0 
0 0 0 0 13 0 0 0 0 0 
0 0 0 0 0 74 0 0 0 0 
0 0 0 0 0 0 0 90 0 0 
10 0 0 0 0 0 0 0 0 0 
0 53 0 0 0 0 0 0 0 0 
6    1    3258    0.2    6516
0 0 0 0 0 0 61 0 0 0 
0 0 0 0 0 0 0 95 0 0 
69 0 0 0 0 0 0 0 0 0 
0 0 0 0 0 0 0 0 0 68 
0 0 0 51 0 0 0 0 0 0 
0 0 0 0 27 0 0 0 0 0 
8    1    3648    0.3    7296
0 0 0 0 0 0 0 82 0 0 
0 0 0 0 0 0 0 0 87 0 
0 0 0 0 0 0 0 0 0 15 
0 0 0 75 0 0 0 0 0 0 
0 0 0 0 77 0 0 0 0 0 
0 0 0 0 0 34 0 0 0 0 
90 0 0 0 0 0 0 0 0 0 
0 88 0 0 0 0 0 0 0 0 
5    1    1140    0.3    2280
27 0 0 0 0 0 0 0 0 0 
0 0 0 65 0 0 0 0 0 0 
0 0 0 0 2 0 0 0 0 0 
0 0 0 0 0 48 0 0 0 0 
0 0 0 0 0 0 0 0 0 40 
8    0    2790    0.3    5580
0 0 0 0 0 0 0 0 0 48 
0 0 0 46 0 0 0 0 0 0 
0 0 0 0 58 0 0 0 0 0 
0 0 0 0 0 39 0 0 0 0 
26 0 0 0 0 0 0 0 0 0 
0 40 0 0 0 0 0 0 0 0 
0 0 44 0 0 0 0 0 0 0 
0 0 0 0 0 0 0 47 0 0 
7    1    2229    0.3    4458
24 0 0 0 0 0 0 0 0 0 
0 71 0 0 0 0 0 0 0 0 
0 0 54 0 0 0 0 0 0 0 
0 0 0 0 0 0 80 0 0 0 
0 0 0 0 0 0 0 14 0 0 
0 0 0 72 0 0 0 0 0 0 
0 0 0 0 7 0 0 0 0 0 
9    2    3867    0.6    7734
0 0 0 0 0 0 0 0 47 0 
0 0 0 0 0 0 0 0 0 66 
0 0 0 0 0 0 15 0 0 0 
0 0 0 0 0 0 0 78 0 0 
96 0 0 0 0 0 0 0 0 0 
0 39 0 0 0 0 0 0 0 0 
0 0 87 0 0 0 0 0 0 0 
0 0 0 47 0 0 0 0 0 0 
0 0 0 0 25 0 0 0 0 0 
9    3    3078    0.4    6156
0 0 0 0 0 0 48 0 0 0 
0 0 0 0 0 0 0 39 0 0 
0 0 0 51 0 0 0 0 0 0 
0 0 0 0 24 0 0 0 0 0 
0 0 0 0 0 0 0 0 74 0 
0 0 0 0 0 0 0 0 0 41 
77 0 0 0 0 0 0 0 0 0 
0 31 0 0 0 0 0 0 0 0 
0 0 95 0 0 0 0 0 0 0 
5    3    2055    0.2    4110
0 0 0 71 0 0 0 0 0 0 
0 0 0 0 76 0 0 0 0 0 
86 0 0 0 0 0 0 0 0 0 
0 0 0 0 0 0 0 0 13 0 
0 0 0 0 0 0 0 0 0 30 
5    1    1689    0.8    3378
0 0 0 0 0 0 69 0 0 0 
0 0 0 0 0 0 0 21 0 0 
0 0 0 79 0 0 0 0 0 0 
30 0 0 0 0 0 0 0 0 0 
0 85 0 0 0 0 0 0 0 0 
8    1    2934    0.1    5868
14 0 0 0 0 0 0 0 0 0 
0 100 0 0 0 0 0 0 0 0 
0 0 13 0 0 0 0 0 0 0 
0 0 0 26 0 0 0 0 0 0 
0 0 0 0 0 0 0 0 4 0 
0 0 0 0 0 0 0 0 0 93 
0 0 0 0 0 0 97 0 0 0 
0 0 0 0 0 0 0 77 0 0 
8    3    3684    0.5    7368
0 0 0 93 0 0 0 0 0 0 
0 0 0 0 77 0 0 0 0 0 
56 0 0 0 0 0 0 0 0 0 
0 28 0 0 0 0 0 0 0 0 
0 0 33 0 0 0 0 0 0 0 
0 0 0 0 0 0 0 31 0 0 
0 0 0 0 0 0 0 0 85 0 
0 0 0 0 0 0 0 0 0 14 
9    2    4428    0.7    8856
0 0 0 0 0 0 55 0 0 0 
0 0 0 0 0 0 0 93 0 0 
0 0 0 67 0 0 0 0 0 0 
0 0 0 0 50 0 0 0 0 0 
9 0 0 0 0 0 0 0 0 0 
0 71 0 0 0 0 0 0 0 0 
0 0 100 0 0 0 0 0 0 0 
0 0 0 0 0 0 0 0 74 0 
0 0 0 0 0 0 0 0 0 70 
8    2    2427    0.2    4854
0 0 0 0 0 0 0 0 0 7 
0 0 0 17 0 0 0 0 0 0 
0 0 0 0 92 0 0 0 0 0 
0 0 0 0 0 51 0 0 0 0 
39 0 0 0 0 0 0 0 0 0 
0 19 0 0 0 0 0 0 0 0 
0 0 27 0 0 0 0 0 0 0 
0 0 0 0 0 0 0 89 0 0 
8    1    2352    0.7    4704
93 0 0 0 0 0 0 0 0 0 
0 5 0 0 0 0 0 0 0 0 
0 0 0 0 0 0 39 0 0 0 
0 0 0 0 0 0 0 34 0 0 
0 0 0 0 0 0 0 0 0 9 
0 0 0 39 0 0 0 0 0 0 
0 0 0 0 28 0 0 0 0 0 
0 0 0 0 0 62 0 0 0 0 
9    3    3105    0.9    6210
0 0 0 20 0 0 0 0 0 0 
0 0 0 0 64 0 0 0 0 0 
0 0 0 0 0 32 0 0 0 0 
0 0 0 0 0 0 60 0 0 0 
0 0 0 0 0 0 0 53 0 0 
0 0 0 0 0 0 0 0 0 58 
30 0 0 0 0 0 0 0 0 0 
0 45 0 0 0 0 0 0 0 0 
0 0 24 0 0 0 0 0 0 0 
7    3    2265    0.9    4530
0 0 0 15 0 0 0 0 0 0 
0 0 0 0 71 0 0 0 0 0 
0 0 0 0 0 0 15 0 0 0 
0 0 0 0 0 0 0 20 0 0 
0 0 0 0 0 0 0 0 85 0 
0 0 0 0 0 0 0 0 0 50 
19 0 0 0 0 0 0 0 0 0 
5    1    2151    0.9    4302
48 0 0 0 0 0 0 0 0 0 
0 0 0 84 0 0 0 0 0 0 
0 0 0 0 0 0 0 0 51 0 
0 0 0 0 0 0 0 0 0 71 
0 0 0 0 0 0 0 5 0 0 
9    0    4410    0.5    8820
92 0 0 0 0 0 0 0 0 0 
0 59 0 0 0 0 0 0 0 0 
0 0 57 0 0 0 0 0 0 0 
0 0 0 0 0 0 0 0 40 0 
0 0 0 0 0 0 0 0 0 93 
0 0 0 34 0 0 0 0 0 0 
0 0 0 0 32 0 0 0 0 0 
0 0 0 0 0 3 0 0 0 0 
0 0 0 0 0 0 0 50 0 0 
6    0    1824    0.8    3648
0 0 0 0 0 0 72 0 0 0 
0 0 0 0 0 0 0 33 0 0 
0 0 0 0 0 0 0 0 0 40 
83 0 0 0 0 0 0 0 0 0 
0 32 0 0 0 0 0 0 0 0 
0 0 62 0 0 0 0 0 0 0 
5    3    1434    0.1    2868
0 0 0 0 0 0 0 0 0 65 
17 0 0 0 0 0 0 0 0 0 
0 91 0 0 0 0 0 0 0 0 
0 0 0 0 0 0 21 0 0 0 
0 0 0 0 0 0 0 3 0 0 
6    1    2349    0.2    4698
0 0 0 74 0 0 0 0 0 0 
0 0 0 0 83 0 0 0 0 0 
0 0 0 0 0 0 13 0 0 0 
0 0 0 0 0 0 0 73 0 0 
86 0 0 0 0 0 0 0 0 0 
0 37 0 0 0 0 0 0 0 0 
8    2    2685    0.6    5370
0 0 0 0 0 0 0 0 77 0 
0 0 0 0 0 0 0 0 0 47 
0 0 0 6 0 0 0 0 0 0 
0 0 0 0 73 0 0 0 0 0 
0 0 0 0 0 64 0 0 0 0 
22 0 0 0 0 0 0 0 0 0 
0 86 0 0 0 0 0 0 0 0 
0 0 97 0 0 0 0 0 0 0 
6    1    2673    0.2    5346
47 0 0 0 0 0 0 0 0 0 
0 99 0 0 0 0 0 0 0 0 
0 0 82 0 0 0 0 0 0 0 
0 0 0 38 0 0 0 0 0 0 
0 0 0 0 0 0 33 0 0 0 
0 0 0 0 0 0 0 55 0 0 
8    1    4620    0.5    9240
0 0 0 0 0 0 0 0 100 0 
0 0 0 0 0 0 0 0 0 99 
0 0 0 0 0 0 50 0 0 0 
0 0 0 0 0 0 0 84 0 0 
0 0 0 82 0 0 0 0 0 0 
0 0 0 0 24 0 0 0 0 0 
13 0 0 0 0 0 0 0 0 0 
0 78 0 0 0 0 0 0 0 0 
6    3    2637    0.8    5274
83 0 0 0 0 0 0 0 0 0 
0 64 0 0 0 0 0 0 0 0 
0 0 64 0 0 0 0 0 0 0 
0 0 0 30 0 0 0 0 0 0 
0 0 0 0 0 0 0 0 67 0 
0 0 0 0 0 0 0 0 0 90 
9    1    3285    0.1    6570
28 0 0 0 0 0 0 0 0 0 
0 73 0 0 0 0 0 0 0 0 
0 0 14 0 0 0 0 0 0 0 
0 0 0 38 0 0 0 0 0 0 
0 0 0 0 17 0 0 0 0 0 
0 0 0 0 0 82 0 0 0 0 
0 0 0 0 0 0 0 0 0 54 
0 0 0 0 0 0 60 0 0 0 
0 0 0 0 0 0 0 32 0 0 
9    0    4590    0.5    9180
0 0 0 80 0 0 0 0 0 0 
0 0 0 0 72 0 0 0 0 0 
0 0 0 0 0 78 0 0 0 0 
0 0 0 0 0 0 0 0 0 34 
0 0 0 0 0 0 98 0 0 0 
0 0 0 0 0 0 0 89 0 0 
17 0 0 0 0 0 0 0 0 0 
0 73 0 0 0 0 0 0 0 0 
0 0 7 0 0 0 0 0 0 0 
7    0    2643    0.6    5286
97 0 0 0 0 0 0 0 0 0 
0 27 0 0 0 0 0 0 0 0 
0 0 50 0 0 0 0 0 0 0 
0 0 0 0 0 0 0 0 66 0 
0 0 0 0 0 0 0 0 0 69 
0 0 0 29 0 0 0 0 0 0 
0 0 0 0 34 0 0 0 0 0 
7    1    1746    0.8    3492
0 0 0 2 0 0 0 0 0 0 
0 0 0 0 3 0 0 0 0 0 
0 0 0 0 0 85 0 0 0 0 
27 0 0 0 0 0 0 0 0 0 
0 30 0 0 0 0 0 0 0 0 
0 0 0 0 0 0 0 0 73 0 
0 0 0 0 0 0 0 0 0 89 
9    1    3765    0.8    7530
0 0 0 0 0 0 71 0 0 0 
0 0 0 0 0 0 0 75 0 0 
0 0 0 0 0 0 0 0 38 0 
0 0 0 0 0 0 0 0 0 16 
0 0 0 84 0 0 0 0 0 0 
0 0 0 0 62 0 0 0 0 0 
59 0 0 0 0 0 0 0 0 0 
0 52 0 0 0 0 0 0 0 0 
0 0 74 0 0 0 0 0 0 0 
5    2    2211    0.9    4422
0 0 0 0 0 0 0 0 64 0 
0 0 0 0 0 0 0 0 0 99 
0 0 0 55 0 0 0 0 0 0 
18 0 0 0 0 0 0 0 0 0 
0 88 0 0 0 0 0 0 0 0 
7    1    3861    0.6    7722
0 0 0 0 0 0 0 0 48 0 
0 0 0 0 0 0 0 0 0 23 
0 0 0 96 0 0 0 0 0 0 
0 0 0 0 85 0 0 0 0 0 
0 0 0 0 0 55 0 0 0 0 
0 0 0 0 0 0 0 82 0 0 
98 0 0 0 0 0 0 0 0 0 
9    2    5841    0.3    11682
0 0 0 85 0 0 0 0 0 0 
0 0 0 0 81 0 0 0 0 0 
0 0 0 0 0 96 0 0 0 0 
0 0 0 0 0 0 85 0 0 0 
0 0 0 0 0 0 0 91 0 0 
0 0 0 0 0 0 0 0 96 0 
0 0 0 0 0 0 0 0 0 42 
49 0 0 0 0 0 0 0 0 0 
0 29 0 0 0 0 0 0 0 0 
8    2    3372    0.2    6744
0 0 0 87 0 0 0 0 0 0 
0 0 0 0 30 0 0 0 0 0 
0 0 0 0 0 80 0 0 0 0 
83 0 0 0 0 0 0 0 0 0 
0 55 0 0 0 0 0 0 0 0 
0 0 71 0 0 0 0 0 0 0 
0 0 0 0 0 0 0 0 56 0 
0 0 0 0 0 0 0 0 0 14 
7    0    1668    0.8    3336
0 0 0 0 0 0 0 0 11 0 
0 0 0 0 0 0 0 0 0 46 
0 0 0 70 0 0 0 0 0 0 
0 0 0 0 10 0 0 0 0 0 
0 0 0 0 0 62 0 0 0 0 
38 0 0 0 0 0 0 0 0 0 
0 31 0 0 0 0 0 0 0 0 
9    3    2139    0.9    4278
0 0 0 0 0 0 32 0 0 0 
0 0 0 0 0 0 0 43 0 0 
0 0 0 0 0 0 0 0 0 37 
0 0 0 5 0 0 0 0 0 0 
0 0 0 0 85 0 0 0 0 0 
0 0 0 0 0 9 0 0 0 0 
59 0 0 0 0 0 0 0 0 0 
0 10 0 0 0 0 0 0 0 0 
0 0 3 0 0 0 0 0 0 0 
7    2    3240    0.6    6480
0 0 0 91 0 0 0 0 0 0 
0 0 0 0 26 0 0 0 0 0 
0 0 0 0 0 86 0 0 0 0 
64 0 0 0 0 0 0 0 0 0 
0 37 0 0 0 0 0 0 0 0 
0 0 76 0 0 0 0 0 0 0 
0 0 0 0 0 0 0 0 0 94 
7    2    3801    0.7    7602
0 0 0 100 0 0 0 0 0 0 
0 0 0 0 70 0 0 0 0 0 
0 0 0 0 0 93 0 0 0 0 
0 0 0 0 0 0 0 6 0 0 
47 0 0 0 0 0 0 0 0 0 
0 0 0 0 0 0 0 0 33 0 
0 0 0 0 0 0 0 0 0 47 
7    3    3636    0.7    7272
0 0 0 0 0 0 86 0 0 0 
0 0 0 0 0 0 0 57 0 0 
35 0 0 0 0 0 0 0 0 0 
0 7 0 0 0 0 0 0 0 0 
0 0 81 0 0 0 0 0 0 0 
0 0 0 93 0 0 0 0 0 0 
0 0 0 0 0 0 0 0 0 56 
6    0    3903    0.5    7806
0 0 0 0 0 0 39 0 0 0 
0 0 0 0 0 0 0 94 0 0 
84 0 0 0 0 0 0 0 0 0 
0 91 0 0 0 0 0 0 0 0 
0 0 0 0 0 0 0 0 0 89 
0 0 0 25 0 0 0 0 0 0 
7    3    2022    0.8    4044
0 0 0 0 0 0 0 0 95 0 
0 0 0 0 0 0 0 0 0 17 
0 0 0 9 0 0 0 0 0 0 
0 0 0 0 94 0 0 0 0 0 
51 0 0 0 0 0 0 0 0 0 
0 30 0 0 0 0 0 0 0 0 
0 0 12 0 0 0 0 0 0 0 
9    1    3171    0.4    6342
0 0 0 0 0 0 0 93 0 0 
0 0 0 0 0 0 0 0 25 0 
0 0 0 0 0 0 0 0 0 16 
91 0 0 0 0 0 0 0 0 0 
0 17 0 0 0 0 0 0 0 0 
0 0 55 0 0 0 0 0 0 0 
0 0 0 38 0 0 0 0 0 0 
0 0 0 0 100 0 0 0 0 0 
0 0 0 0 0 62 0 0 0 0 
8    2    2619    0.7    5238
0 0 0 69 0 0 0 0 0 0 
0 0 0 0 97 0 0 0 0 0 
0 0 0 0 0 1 0 0 0 0 
2 0 0 0 0 0 0 0 0 0 
0 25 0 0 0 0 0 0 0 0 
0 0 92 0 0 0 0 0 0 0 
0 0 0 0 0 0 62 0 0 0 
0 0 0 0 0 0 0 36 0 0 
8    1    3444    0.2    6888
0 0 0 99 0 0 0 0 0 0 
0 0 0 0 54 0 0 0 0 0 
0 0 0 0 0 0 0 28 0 0 
18 0 0 0 0 0 0 0 0 0 
0 81 0 0 0 0 0 0 0 0 
0 0 43 0 0 0 0 0 0 0 
0 0 0 0 0 0 0 0 70 0 
0 0 0 0 0 0 0 0 0 75 
7    2    4005    0.3    8010
74 0 0 0 0 0 0 0 0 0 
0 59 0 0 0 0 0 0 0 0 
0 0 0 68 0 0 0 0 0 0 
0 0 0 0 94 0 0 0 0 0 
0 0 0 0 0 0 0 0 0 69 
0 0 0 0 0 0 75 0 0 0 
0 0 0 0 0 0 0 80 0 0 
7    1    3612    0.1    7224
0 0 0 0 0 0 0 0 80 0 
0 0 0 0 0 0 0 0 0 55 
0 0 0 93 0 0 0 0 0 0 
0 0 0 0 65 0 0 0 0 0 
0 0 0 0 0 0 61 0 0 0 
0 0 0 0 0 0 0 6 0 0 
23 0 0 0 0 0 0 0 0 0 
8    0    3162    0.8    6324
0 0 0 0 0 0 3 0 0 0 
0 0 0 0 0 0 0 91 0 0 
86 0 0 0 0 0 0 0 0 0 
0 51 0 0 0 0 0 0 0 0 
0 0 0 0 0 0 0 0 0 77 
0 0 0 38 0 0 0 0 0 0 
0 0 0 0 31 0 0 0 0 0 
0 0 0 0 0 3 0 0 0 0 
5    2    894    0.8    1788
35 0 0 0 0 0 0 0 0 0 
0 0 0 11 0 0 0 0 0 0 
0 0 0 0 0 0 14 0 0 0 
0 0 0 0 0 0 0 13 0 0 
0 0 0 0 0 0 0 0 0 47 
7    2    2100    0.7    4200
0 0 0 0 0 0 58 0 0 0 
0 0 0 0 0 0 0 21 0 0 
0 0 0 0 0 0 0 0 4 0 
0 0 0 0 0 0 0 0 0 51 
40 0 0 0 0 0 0 0 0 0 
0 46 0 0 0 0 0 0 0 0 
0 0 0 11 0 0 0 0 0 0 
9    1    3351    0.8    6702
0 0 0 0 0 0 0 0 95 0 
0 0 0 0 0 0 0 0 0 72 
0 0 0 0 0 0 0 7 0 0 
41 0 0 0 0 0 0 0 0 0 
0 5 0 0 0 0 0 0 0 0 
0 0 76 0 0 0 0 0 0 0 
0 0 0 55 0 0 0 0 0 0 
0 0 0 0 30 0 0 0 0 0 
0 0 0 0 0 57 0 0 0 0 
8    2    2292    0.9    4584
27 0 0 0 0 0 0 0 0 0 
0 75 0 0 0 0 0 0 0 0 
0 0 0 17 0 0 0 0 0 0 
0 0 0 0 6 0 0 0 0 0 
0 0 0 0 0 8 0 0 0 0 
0 0 0 0 0 0 0 0 12 0 
0 0 0 0 0 0 0 0 0 62 
0 0 0 0 0 0 0 91 0 0 
7    2    3099    0.8    6198
0 0 0 58 0 0 0 0 0 0 
0 0 0 0 64 0 0 0 0 0 
0 0 0 0 0 0 0 49 0 0 
0 0 0 0 0 0 0 0 0 73 
89 0 0 0 0 0 0 0 0 0 
0 63 0 0 0 0 0 0 0 0 
0 0 83 0 0 0 0 0 0 0 
6    1    1986    0.9    3972
0 0 0 0 0 0 0 0 0 34 
0 0 0 0 0 0 0 21 0 0 
0 0 0 58 0 0 0 0 0 0 
0 0 0 0 64 0 0 0 0 0 
0 0 0 0 0 66 0 0 0 0 
48 0 0 0 0 0 0 0 0 0 
7    1    1752    0.2    3504
0 0 0 0 0 0 0 0 13 0 
0 0 0 0 0 0 0 0 0 32 
0 0 0 0 0 0 96 0 0 0 
0 0 0 0 0 0 0 71 0 0 
24 0 0 0 0 0 0 0 0 0 
0 51 0 0 0 0 0 0 0 0 
0 0 1 0 0 0 0 0 0 0 
7    0    1470    0.2    2940
0 0 0 0 0 0 0 0 0 1 
0 0 0 19 0 0 0 0 0 0 
0 0 0 0 53 0 0 0 0 0 
0 0 0 0 0 34 0 0 0 0 
35 0 0 0 0 0 0 0 0 0 
0 0 0 0 0 0 43 0 0 0 
0 0 0 0 0 0 0 13 0 0 
5    3    993    0.7    1986
0 0 0 0 0 0 0 0 0 33 
8 0 0 0 0 0 0 0 0 0 
0 54 0 0 0 0 0 0 0 0 
0 0 0 45 0 0 0 0 0 0 
0 0 0 0 27 0 0 0 0 0 
7    0    2319    0.7    4638
22 0 0 0 0 0 0 0 0 0 
0 54 0 0 0 0 0 0 0 0 
0 0 17 0 0 0 0 0 0 0 
0 0 0 77 0 0 0 0 0 0 
0 0 0 0 93 0 0 0 0 0 
0 0 0 0 0 49 0 0 0 0 
0 0 0 0 0 0 0 32 0 0 
8    1    2961    0.9    5922
73 0 0 0 0 0 0 0 0 0 
0 90 0 0 0 0 0 0 0 0 
0 0 16 0 0 0 0 0 0 0 
0 0 0 50 0 0 0 0 0 0 
0 0 0 0 46 0 0 0 0 0 
0 0 0 0 0 28 0 0 0 0 
0 0 0 0 0 0 78 0 0 0 
0 0 0 0 0 0 0 100 0 0 
8    3    3504    0.3    7008
73 0 0 0 0 0 0 0 0 0 
0 100 0 0 0 0 0 0 0 0 
0 0 9 0 0 0 0 0 0 0 
0 0 0 0 0 0 0 47 0 0 
0 0 0 0 0 0 0 0 0 78 
0 0 0 31 0 0 0 0 0 0 
0 0 0 0 72 0 0 0 0 0 
0 0 0 0 0 14 0 0 0 0 
6    1    2106    0.8    4212
60 0 0 0 0 0 0 0 0 0 
0 0 0 50 0 0 0 0 0 0 
0 0 0 0 6 0 0 0 0 0 
0 0 0 0 0 0 0 64 0 0 
0 0 0 0 0 0 0 0 92 0 
0 0 0 0 0 0 0 0 0 50 
9    0    3201    0.5    6402
32 0 0 0 0 0 0 0 0 0 
0 8 0 0 0 0 0 0 0 0 
0 0 0 0 0 0 97 0 0 0 
0 0 0 0 0 0 0 62 0 0 
0 0 0 0 0 0 0 0 17 0 
0 0 0 0 0 0 0 0 0 83 
0 0 0 98 0 0 0 0 0 0 
0 0 0 0 43 0 0 0 0 0 
0 0 0 0 0 63 0 0 0 0 
7    0    2598    0.8    5196
0 0 0 0 0 0 0 0 29 0 
0 0 0 0 0 0 0 0 0 57 
0 0 0 75 0 0 0 0 0 0 
0 0 0 0 44 0 0 0 0 0 
0 0 0 0 0 0 0 16 0 0 
37 0 0 0 0 0 0 0 0 0 
0 63 0 0 0 0 0 0 0 0 
8    3    3810    0.5    7620
0 0 0 0 0 0 0 0 88 0 
0 0 0 0 0 0 0 0 0 55 
0 0 0 44 0 0 0 0 0 0 
0 0 0 0 97 0 0 0 0 0 
0 0 0 0 0 0 79 0 0 0 
0 0 0 0 0 0 0 11 0 0 
59 0 0 0 0 0 0 0 0 0 
0 3 0 0 0 0 0 0 0 0 
7    0    1695    0.6    3390
0 0 0 23 0 0 0 0 0 0 
0 0 0 0 34 0 0 0 0 0 
0 0 0 0 0 38 0 0 0 0 
53 0 0 0 0 0 0 0 0 0 
0 11 0 0 0 0 0 0 0 0 
0 0 0 0 0 0 0 0 34 0 
0 0 0 0 0 0 0 0 0 82 
7    2    2601    0.7    5202
0 0 0 0 0 0 0 0 0 80 
0 0 0 0 0 0 99 0 0 0 
0 0 0 0 0 0 0 14 0 0 
0 0 0 18 0 0 0 0 0 0 
0 0 0 0 10 0 0 0 0 0 
0 0 0 0 0 14 0 0 0 0 
85 0 0 0 0 0 0 0 0 0 
9    2    2502    0.2    5004
0 0 0 0 0 0 0 0 9 0 
0 0 0 0 0 0 0 0 0 29 
43 0 0 0 0 0 0 0 0 0 
0 2 0 0 0 0 0 0 0 0 
0 0 26 0 0 0 0 0 0 0 
0 0 0 92 0 0 0 0 0 0 
0 0 0 0 60 0 0 0 0 0 
0 0 0 0 0 0 63 0 0 0 
0 0 0 0 0 0 0 59 0 0 
8    0    2436    0.1    4872
0 0 0 0 0 0 0 0 8 0 
0 0 0 0 0 0 0 0 0 1 
21 0 0 0 0 0 0 0 0 0 
0 89 0 0 0 0 0 0 0 0 
0 0 66 0 0 0 0 0 0 0 
0 0 0 0 0 0 70 0 0 0 
0 0 0 0 0 0 0 3 0 0 
0 0 0 56 0 0 0 0 0 0 
9    1    2781    0.5    5562
0 0 0 0 0 0 0 0 0 62 
17 0 0 0 0 0 0 0 0 0 
0 56 0 0 0 0 0 0 0 0 
0 0 7 0 0 0 0 0 0 0 
0 0 0 0 0 0 56 0 0 0 
0 0 0 0 0 0 0 65 0 0 
0 0 0 59 0 0 0 0 0 0 
0 0 0 0 91 0 0 0 0 0 
0 0 0 0 0 1 0 0 0 0 
8    2    2058    0.7    4116
0 0 0 0 0 0 0 0 0 17 
33 0 0 0 0 0 0 0 0 0 
0 86 0 0 0 0 0 0 0 0 
0 0 26 0 0 0 0 0 0 0 
0 0 0 0 0 0 27 0 0 0 
0 0 0 0 0 0 0 1 0 0 
0 0 0 64 0 0 0 0 0 0 
0 0 0 0 17 0 0 0 0 0 
7    0    2058    0.9    4116
0 0 0 0 0 0 0 0 42 0 
0 0 0 0 0 0 0 0 0 10 
0 0 0 78 0 0 0 0 0 0 
0 0 0 0 87 0 0 0 0 0 
0 0 0 0 0 28 0 0 0 0 
56 0 0 0 0 0 0 0 0 0 
0 49 0 0 0 0 0 0 0 0 
6    1    2871    0.9    5742
0 0 0 75 0 0 0 0 0 0 
0 0 0 0 87 0 0 0 0 0 
0 0 0 0 0 0 0 0 67 0 
0 0 0 0 0 0 0 0 0 75 
58 0 0 0 0 0 0 0 0 0 
0 92 0 0 0 0 0 0 0 0 
6    3    2439    0.1    4878
0 0 0 0 0 0 0 76 0 0 
69 0 0 0 0 0 0 0 0 0 
0 0 0 0 0 0 0 0 0 62 
0 0 0 42 0 0 0 0 0 0 
0 0 0 0 42 0 0 0 0 0 
0 0 0 0 0 53 0 0 0 0 
6    3    2280    0.3    4560
67 0 0 0 0 0 0 0 0 0 
0 0 0 11 0 0 0 0 0 0 
0 0 0 0 43 0 0 0 0 0 
0 0 0 0 0 51 0 0 0 0 
0 0 0 0 0 0 0 0 0 49 
0 0 0 0 0 0 0 55 0 0 
9    3    3399    0.1    6798
0 0 0 67 0 0 0 0 0 0 
0 0 0 0 41 0 0 0 0 0 
0 0 0 0 0 19 0 0 0 0 
0 0 0 0 0 0 0 0 8 0 
0 0 0 0 0 0 0 0 0 94 
74 0 0 0 0 0 0 0 0 0 
0 52 0 0 0 0 0 0 0 0 
0 0 0 0 0 0 28 0 0 0 
0 0 0 0 0 0 0 2 0 0 
8    1    3891    0.9    7782
0 0 0 85 0 0 0 0 0 0 
98 0 0 0 0 0 0 0 0 0 
0 66 0 0 0 0 0 0 0 0 
0 0 47 0 0 0 0 0 0 0 
0 0 0 0 0 0 0 0 28 0 
0 0 0 0 0 0 0 0 0 41 
0 0 0 0 0 0 75 0 0 0 
0 0 0 0 0 0 0 66 0 0 
5    3    1197    0.7    2394
19 0 0 0 0 0 0 0 0 0 
0 16 0 0 0 0 0 0 0 0 
0 0 0 0 0 0 0 82 0 0 
0 0 0 0 0 0 0 0 70 0 
0 0 0 0 0 0 0 0 0 31 
9    3    3891    0.1    7782
0 0 0 0 0 0 0 0 0 89 
69 0 0 0 0 0 0 0 0 0 
0 73 0 0 0 0 0 0 0 0 
0 0 37 0 0 0 0 0 0 0 
0 0 0 15 0 0 0 0 0 0 
0 0 0 0 31 0 0 0 0 0 
0 0 0 0 0 98 0 0 0 0 
0 0 0 0 0 0 36 0 0 0 
0 0 0 0 0 0 0 37 0 0 
8    1    2223    0.1    4446
0 0 0 0 0 0 0 0 0 47 
0 0 0 0 0 0 0 55 0 0 
26 0 0 0 0 0 0 0 0 0 
0 31 0 0 0 0 0 0 0 0 
0 0 10 0 0 0 0 0 0 0 
0 0 0 51 0 0 0 0 0 0 
0 0 0 0 95 0 0 0 0 0 
0 0 0 0 0 66 0 0 0 0 
7    1    2589    0.1    5178
0 0 0 0 0 0 0 0 67 0 
0 0 0 0 0 0 0 0 0 53 
98 0 0 0 0 0 0 0 0 0 
0 47 0 0 0 0 0 0 0 0 
0 0 0 67 0 0 0 0 0 0 
0 0 0 0 70 0 0 0 0 0 
0 0 0 0 0 40 0 0 0 0 
5    0    1260    0.9    2520
50 0 0 0 0 0 0 0 0 0 
0 48 0 0 0 0 0 0 0 0 
0 0 78 0 0 0 0 0 0 0 
0 0 0 0 0 0 17 0 0 0 
0 0 0 0 0 0 0 25 0 0 
7    1    3165    0.6    6330
0 0 0 7 0 0 0 0 0 0 
0 0 0 0 12 0 0 0 0 0 
0 0 0 0 0 100 0 0 0 0 
0 0 0 0 0 0 0 0 0 79 
84 0 0 0 0 0 0 0 0 0 
0 31 0 0 0 0 0 0 0 0 
0 0 0 0 0 0 0 75 0 0 
6    0    2400    0.4    4800
70 0 0 0 0 0 0 0 0 0 
0 59 0 0 0 0 0 0 0 0 
0 0 91 0 0 0 0 0 0 0 
0 0 0 0 0 0 0 6 0 0 
0 0 0 0 0 0 0 0 55 0 
0 0 0 0 0 0 0 0 0 49 
9    3    4320    0.4    8640
0 0 0 37 0 0 0 0 0 0 
0 0 0 0 20 0 0 0 0 0 
0 0 0 0 0 86 0 0 0 0 
64 0 0 0 0 0 0 0 0 0 
0 10 0 0 0 0 0 0 0 0 
0 0 98 0 0 0 0 0 0 0 
0 0 0 0 0 0 0 100 0 0 
0 0 0 0 0 0 0 0 22 0 
0 0 0 0 0 0 0 0 0 94 
6    1    2073    0.6    4146
0 0 0 65 0 0 0 0 0 0 
0 0 0 0 78 0 0 0 0 0 
50 0 0 0 0 0 0 0 0 0 
0 42 0 0 0 0 0 0 0 0 
0 0 16 0 0 0 0 0 0 0 
0 0 0 0 0 0 0 0 0 23 
9    2    4296    0.3    8592
44 0 0 0 0 0 0 0 0 0 
0 79 0 0 0 0 0 0 0 0 
0 0 99 0 0 0 0 0 0 0 
0 0 0 0 0 0 3 0 0 0 
0 0 0 0 0 0 0 49 0 0 
0 0 0 20 0 0 0 0 0 0 
0 0 0 0 86 0 0 0 0 0 
0 0 0 0 0 0 0 0 78 0 
0 0 0 0 0 0 0 0 0 69 
5    2    1665    0.1    3330
24 0 0 0 0 0 0 0 0 0 
0 98 0 0 0 0 0 0 0 0 
0 0 6 0 0 0 0 0 0 0 
0 0 0 0 0 0 0 36 0 0 
0 0 0 0 0 0 0 0 0 73 
5    2    555    0.2    1110
18 0 0 0 0 0 0 0 0 0 
0 0 0 0 0 0 13 0 0 0 
0 0 0 0 0 0 0 1 0 0 
0 0 0 0 0 0 0 0 65 0 
0 0 0 0 0 0 0 0 0 14 
5    0    1407    0.7    2814
37 0 0 0 0 0 0 0 0 0 
0 0 0 0 0 0 0 0 37 0 
0 0 0 0 0 0 0 0 0 63 
0 0 0 52 0 0 0 0 0 0 
0 0 0 0 51 0 0 0 0 0 
7    2    2733    0.2    5466
0 0 0 0 0 0 58 0 0 0 
0 0 0 0 0 0 0 49 0 0 
0 0 0 0 0 0 0 0 0 42 
57 0 0 0 0 0 0 0 0 0 
0 22 0 0 0 0 0 0 0 0 
0 0 61 0 0 0 0 0 0 0 
0 0 0 41 0 0 0 0 0 0 
9    3    2856    0.9    5712
0 0 0 12 0 0 0 0 0 0 
0 0 0 0 69 0 0 0 0 0 
0 0 0 0 0 4 0 0 0 0 
0 0 0 0 0 0 0 0 0 40 
100 0 0 0 0 0 0 0 0 0 
0 67 0 0 0 0 0 0 0 0 
0 0 5 0 0 0 0 0 0 0 
0 0 0 0 0 0 99 0 0 0 
0 0 0 0 0 0 0 12 0 0 
7    1    1572    0.7    3144
0 0 0 0 0 0 11 0 0 0 
0 0 0 0 0 0 0 90 0 0 
10 0 0 0 0 0 0 0 0 0 
0 3 0 0 0 0 0 0 0 0 
0 0 35 0 0 0 0 0 0 0 
0 0 0 70 0 0 0 0 0 0 
0 0 0 0 14 0 0 0 0 0 
7    1    1563    0.3    3126
0 0 0 0 0 0 60 0 0 0 
0 0 0 0 0 0 0 33 0 0 
0 0 0 0 0 0 0 0 57 0 
0 0 0 0 0 0 0 0 0 2 
21 0 0 0 0 0 0 0 0 0 
0 83 0 0 0 0 0 0 0 0 
0 0 3 0 0 0 0 0 0 0 
9    2    3915    0.4    7830
83 0 0 0 0 0 0 0 0 0 
0 41 0 0 0 0 0 0 0 0 
0 0 49 0 0 0 0 0 0 0 
0 0 0 52 0 0 0 0 0 0 
0 0 0 0 43 0 0 0 0 0 
0 0 0 0 0 58 0 0 0 0 
0 0 0 0 0 0 6 0 0 0 
0 0 0 0 0 0 0 9 0 0 
0 0 0 0 0 0 0 0 0 100 
8    2    2721    0.3    5442
0 0 0 0 0 0 0 0 71 0 
0 0 0 0 0 0 0 0 0 32 
0 0 0 21 0 0 0 0 0 0 
0 0 0 0 78 0 0 0 0 0 
0 0 0 0 0 87 0 0 0 0 
37 0 0 0 0 0 0 0 0 0 
0 87 0 0 0 0 0 0 0 0 
0 0 63 0 0 0 0 0 0 0 
7    2    1536    0.1    3072
0 0 0 0 0 0 0 0 0 31 
0 0 0 0 0 0 56 0 0 0 
0 0 0 0 0 0 0 21 0 0 
0 0 0 6 0 0 0 0 0 0 
0 0 0 0 7 0 0 0 0 0 
0 0 0 0 0 28 0 0 0 0 
36 0 0 0 0 0 0 0 0 0 
8    2    3237    0.4    6474
0 0 0 0 0 0 0 0 64 0 
0 0 0 0 0 0 0 0 0 58 
0 0 0 0 0 0 0 80 0 0 
93 0 0 0 0 0 0 0 0 0 
0 24 0 0 0 0 0 0 0 0 
0 0 4 0 0 0 0 0 0 0 
0 0 0 16 0 0 0 0 0 0 
0 0 0 0 51 0 0 0 0 0 
7    2    2727    0.8    5454
0 0 0 0 0 0 0 87 0 0 
0 0 0 0 0 0 0 0 0 54 
0 0 0 11 0 0 0 0 0 0 
0 0 0 0 35 0 0 0 0 0 
0 0 0 0 0 89 0 0 0 0 
32 0 0 0 0 0 0 0 0 0 
0 65 0 0 0 0 0 0 0 0 
8    3    2700    0.2    5400
78 0 0 0 0 0 0 0 0 0 
0 68 0 0 0 0 0 0 0 0 
0 0 11 0 0 0 0 0 0 0 
0 0 0 69 0 0 0 0 0 0 
0 0 0 0 46 0 0 0 0 0 
0 0 0 0 0 71 0 0 0 0 
0 0 0 0 0 0 32 0 0 0 
0 0 0 0 0 0 0 1 0 0 
9    3    4173    0.4    8346
0 0 0 0 0 0 0 0 62 0 
0 0 0 0 0 0 0 0 0 50 
0 0 0 88 0 0 0 0 0 0 
0 0 0 0 50 0 0 0 0 0 
0 0 0 0 0 94 0 0 0 0 
28 0 0 0 0 0 0 0 0 0 
0 3 0 0 0 0 0 0 0 0 
0 0 67 0 0 0 0 0 0 0 
0 0 0 0 0 0 0 9 0 0 
6    0    2556    0.7    5112
48 0 0 0 0 0 0 0 0 0 
0 43 0 0 0 0 0 0 0 0 
0 0 29 0 0 0 0 0 0 0 
0 0 0 18 0 0 0 0 0 0 
0 0 0 0 0 0 0 97 0 0 
0 0 0 0 0 0 0 0 0 100 
5    0    1410    0.7    2820
0 0 0 0 0 0 0 0 0 46 
7 0 0 0 0 0 0 0 0 0 
0 0 0 0 0 0 18 0 0 0 
0 0 0 0 0 0 0 52 0 0 
0 0 0 79 0 0 0 0 0 0 
9    2    3984    0.3    7968
50 0 0 0 0 0 0 0 0 0 
0 80 0 0 0 0 0 0 0 0 
0 0 51 0 0 0 0 0 0 0 
0 0 0 0 0 0 0 0 0 94 
0 0 0 57 0 0 0 0 0 0 
0 0 0 0 40 0 0 0 0 0 
0 0 0 0 0 14 0 0 0 0 
0 0 0 0 0 0 11 0 0 0 
0 0 0 0 0 0 0 38 0 0 
8    0    2487    0.8    4974
0 0 0 24 0 0 0 0 0 0 
0 0 0 0 76 0 0 0 0 0 
0 0 0 0 0 59 0 0 0 0 
0 0 0 0 0 0 0 0 2 0 
0 0 0 0 0 0 0 0 0 71 
69 0 0 0 0 0 0 0 0 0 
0 42 0 0 0 0 0 0 0 0 
0 0 78 0 0 0 0 0 0 0 
9    3    3246    0.5    6492
0 0 0 0 0 0 0 0 61 0 
0 0 0 0 0 0 0 0 0 58 
0 0 0 0 0 0 45 0 0 0 
0 0 0 0 0 0 0 5 0 0 
68 0 0 0 0 0 0 0 0 0 
0 83 0 0 0 0 0 0 0 0 
0 0 0 71 0 0 0 0 0 0 
0 0 0 0 6 0 0 0 0 0 
0 0 0 0 0 35 0 0 0 0 
9    0    3156    0.4    6312
0 0 0 0 0 0 0 0 0 5 
0 0 0 0 0 0 72 0 0 0 
0 0 0 0 0 0 0 52 0 0 
0 0 0 86 0 0 0 0 0 0 
0 0 0 0 79 0 0 0 0 0 
0 0 0 0 0 57 0 0 0 0 
28 0 0 0 0 0 0 0 0 0 
0 98 0 0 0 0 0 0 0 0 
0 0 51 0 0 0 0 0 0 0 
7    0    2976    0.6    5952
0 0 0 0 0 0 81 0 0 0 
0 0 0 0 0 0 0 53 0 0 
0 0 0 74 0 0 0 0 0 0 
0 0 0 0 45 0 0 0 0 0 
0 0 0 0 0 0 0 0 0 28 
22 0 0 0 0 0 0 0 0 0 
0 1 0 0 0 0 0 0 0 0 
5    3    1617    0.6    3234
65 0 0 0 0 0 0 0 0 0 
0 32 0 0 0 0 0 0 0 0 
0 0 0 0 0 0 0 73 0 0 
0 0 0 0 0 0 0 0 25 0 
0 0 0 0 0 0 0 0 0 48 
9    3    4674    0.6    9348
0 0 0 59 0 0 0 0 0 0 
0 0 0 0 70 0 0 0 0 0 
0 0 0 0 0 67 0 0 0 0 
0 0 0 0 0 0 0 0 49 0 
0 0 0 0 0 0 0 0 0 96 
0 0 0 0 0 0 0 34 0 0 
99 0 0 0 0 0 0 0 0 0 
0 42 0 0 0 0 0 0 0 0 
0 0 93 0 0 0 0 0 0 0 
7    0    2085    0.7    4170
0 0 0 0 0 0 0 0 0 46 
62 0 0 0 0 0 0 0 0 0 
0 84 0 0 0 0 0 0 0 0 
0 0 61 0 0 0 0 0 0 0 
0 0 0 25 0 0 0 0 0 0 
0 0 0 0 35 0 0 0 0 0 
0 0 0 0 0 47 0 0 0 0 
8    1    3459    0.3    6918
0 0 0 69 0 0 0 0 0 0 
0 0 0 0 69 0 0 0 0 0 
0 0 0 0 0 12 0 0 0 0 
95 0 0 0 0 0 0 0 0 0 
0 69 0 0 0 0 0 0 0 0 
0 0 93 0 0 0 0 0 0 0 
0 0 0 0 0 0 0 0 96 0 
0 0 0 0 0 0 0 0 0 70 
6    1    2379    0.2    4758
3 0 0 0 0 0 0 0 0 0 
0 24 0 0 0 0 0 0 0 0 
0 0 90 0 0 0 0 0 0 0 
0 0 0 0 0 0 96 0 0 0 
0 0 0 0 0 0 0 85 0 0 
0 0 0 25 0 0 0 0 0 0 
9    0    3858    0.9    7716
0 0 0 0 0 0 35 0 0 0 
0 0 0 0 0 0 0 18 0 0 
0 0 0 93 0 0 0 0 0 0 
0 0 0 0 12 0 0 0 0 0 
0 0 0 0 0 75 0 0 0 0 
56 0 0 0 0 0 0 0 0 0 
0 93 0 0 0 0 0 0 0 0 
0 0 96 0 0 0 0 0 0 0 
0 0 0 0 0 0 0 0 0 15 
5    3    1608    0.6    3216
0 0 0 0 0 0 97 0 0 0 
0 0 0 0 0 0 0 32 0 0 
41 0 0 0 0 0 0 0 0 0 
0 0 0 21 0 0 0 0 0 0 
0 0 0 0 10 0 0 0 0 0 
9    0    4395    0.3    8790
0 0 0 0 0 0 0 0 19 0 
0 0 0 0 0 0 0 0 0 99 
0 0 0 89 0 0 0 0 0 0 
0 0 0 0 5 0 0 0 0 0 
0 0 0 0 0 63 0 0 0 0 
69 0 0 0 0 0 0 0 0 0 
0 48 0 0 0 0 0 0 0 0 
0 0 79 0 0 0 0 0 0 0 
0 0 0 0 0 0 0 88 0 0 
7    3    2817    0.1    5634
85 0 0 0 0 0 0 0 0 0 
0 10 0 0 0 0 0 0 0 0 
0 0 92 0 0 0 0 0 0 0 
0 0 0 90 0 0 0 0 0 0 
0 0 0 0 51 0 0 0 0 0 
0 0 0 0 0 0 38 0 0 0 
0 0 0 0 0 0 0 15 0 0 
5    2    912    0.3    1824
28 0 0 0 0 0 0 0 0 0 
0 0 0 0 0 0 31 0 0 0 
0 0 0 0 0 0 0 42 0 0 
0 0 0 7 0 0 0 0 0 0 
0 0 0 0 21 0 0 0 0 0 
7    0    3513    0.2    7026
96 0 0 0 0 0 0 0 0 0 
0 87 0 0 0 0 0 0 0 0 
0 0 42 0 0 0 0 0 0 0 
0 0 0 73 0 0 0 0 0 0 
0 0 0 0 69 0 0 0 0 0 
0 0 0 0 0 83 0 0 0 0 
0 0 0 0 0 0 0 0 0 22 
6    3    1965    0.7    3930
0 0 0 5 0 0 0 0 0 0 
0 0 0 0 39 0 0 0 0 0 
0 0 0 0 0 59 0 0 0 0 
0 0 0 0 0 0 0 0 35 0 
0 0 0 0 0 0 0 0 0 70 
99 0 0 0 0 0 0 0 0 0 
5    3    1392    0.8    2784
63 0 0 0 0 0 0 0 0 0 
0 39 0 0 0 0 0 0 0 0 
0 0 62 0 0 0 0 0 0 0 
0 0 0 8 0 0 0 0 0 0 
0 0 0 0 99 0 0 0 0 0 
8    0    2118    0.9    4236
0 0 0 49 0 0 0 0 0 0 
0 0 0 0 60 0 0 0 0 0 
0 0 0 0 0 0 2 0 0 0 
0 0 0 0 0 0 0 47 0 0 
9 0 0 0 0 0 0 0 0 0 
0 13 0 0 0 0 0 0 0 0 
0 0 0 0 0 0 0 0 44 0 
0 0 0 0 0 0 0 0 0 12 
5    2    1500    0.4    3000
67 0 0 0 0 0 0 0 0 0 
0 0 0 0 0 0 0 0 0 10 
0 0 0 76 0 0 0 0 0 0 
0 0 0 0 78 0 0 0 0 0 
0 0 0 0 0 74 0 0 0 0 
7    3    2913    0.2    5826
0 0 0 80 0 0 0 0 0 0 
0 0 0 0 92 0 0 0 0 0 
35 0 0 0 0 0 0 0 0 0 
0 96 0 0 0 0 0 0 0 0 
0 0 11 0 0 0 0 0 0 0 
0 0 0 0 0 0 54 0 0 0 
0 0 0 0 0 0 0 72 0 0 
9    2    3036    0.4    6072
0 0 0 0 0 0 45 0 0 0 
0 0 0 0 0 0 0 58 0 0 
4 0 0 0 0 0 0 0 0 0 
0 27 0 0 0 0 0 0 0 0 
0 0 53 0 0 0 0 0 0 0 
0 0 0 37 0 0 0 0 0 0 
0 0 0 0 37 0 0 0 0 0 
0 0 0 0 0 0 0 0 98 0 
0 0 0 0 0 0 0 0 0 73 
6    0    2574    0.5    5148
0 0 0 88 0 0 0 0 0 0 
0 0 0 0 87 0 0 0 0 0 
55 0 0 0 0 0 0 0 0 0 
0 28 0 0 0 0 0 0 0 0 
0 0 0 0 0 0 0 0 56 0 
0 0 0 0 0 0 0 0 0 66 
9    3    2583    0.1    5166
9 0 0 0 0 0 0 0 0 0 
0 65 0 0 0 0 0 0 0 0 
0 0 25 0 0 0 0 0 0 0 
0 0 0 0 0 0 0 58 0 0 
0 0 0 59 0 0 0 0 0 0 
0 0 0 0 11 0 0 0 0 0 
0 0 0 0 0 16 0 0 0 0 
0 0 0 0 0 0 0 0 2 0 
0 0 0 0 0 0 0 0 0 88 
8    0    2823    0.8    5646
0 0 0 0 0 0 0 0 21 0 
0 0 0 0 0 0 0 0 0 82 
81 0 0 0 0 0 0 0 0 0 
0 52 0 0 0 0 0 0 0 0 
0 0 99 0 0 0 0 0 0 0 
0 0 0 74 0 0 0 0 0 0 
0 0 0 0 29 0 0 0 0 0 
0 0 0 0 0 19 0 0 0 0 
7    0    1869    0.6    3738
0 0 0 0 0 0 0 0 87 0 
0 0 0 0 0 0 0 0 0 21 
45 0 0 0 0 0 0 0 0 0 
0 20 0 0 0 0 0 0 0 0 
0 0 0 32 0 0 0 0 0 0 
0 0 0 0 90 0 0 0 0 0 
0 0 0 0 0 5 0 0 0 0 
9    3    3483    0.4    6966
0 0 0 66 0 0 0 0 0 0 
0 0 0 0 91 0 0 0 0 0 
0 0 0 0 0 14 0 0 0 0 
23 0 0 0 0 0 0 0 0 0 
0 64 0 0 0 0 0 0 0 0 
0 0 0 0 0 0 0 0 40 0 
0 0 0 0 0 0 0 0 0 22 
0 0 0 0 0 0 35 0 0 0 
0 0 0 0 0 0 0 12 0 0 
6    1    1248    0.5    2496
0 0 0 8 0 0 0 0 0 0 
0 0 0 0 46 0 0 0 0 0 
26 0 0 0 0 0 0 0 0 0 
0 49 0 0 0 0 0 0 0 0 
0 0 16 0 0 0 0 0 0 0 
0 0 0 0 0 0 0 30 0 0 
6    2    3063    0.5    6126
0 0 0 67 0 0 0 0 0 0 
0 0 0 0 97 0 0 0 0 0 
0 0 0 0 0 0 0 31 0 0 
0 0 0 0 0 0 0 0 15 0 
0 0 0 0 0 0 0 0 0 92 
41 0 0 0 0 0 0 0 0 0 
8    0    1872    0.3    3744
31 0 0 0 0 0 0 0 0 0 
0 22 0 0 0 0 0 0 0 0 
0 0 2 0 0 0 0 0 0 0 
0 0 0 0 0 0 28 0 0 0 
0 0 0 0 0 0 0 67 0 0 
0 0 0 99 0 0 0 0 0 0 
0 0 0 0 81 0 0 0 0 0 
0 0 0 0 0 63 0 0 0 0 
6    0    2307    0.1    4614
0 0 0 86 0 0 0 0 0 0 
75 0 0 0 0 0 0 0 0 0 
0 5 0 0 0 0 0 0 0 0 
0 0 76 0 0 0 0 0 0 0 
0 0 0 0 0 0 87 0 0 0 
0 0 0 0 0 0 0 75 0 0 
9    1    4254    0.8    8508
0 0 0 0 0 0 94 0 0 0 
0 0 0 0 0 0 0 13 0 0 
0 0 0 48 0 0 0 0 0 0 
0 0 0 0 89 0 0 0 0 0 
0 0 0 0 0 83 0 0 0 0 
2 0 0 0 0 0 0 0 0 0 
0 71 0 0 0 0 0 0 0 0 
0 0 0 0 0 0 0 0 86 0 
0 0 0 0 0 0 0 0 0 69 
5    2    987    0.4    1974
49 0 0 0 0 0 0 0 0 0 
0 27 0 0 0 0 0 0 0 0 
0 0 0 0 0 0 0 0 0 31 
0 0 0 0 0 0 6 0 0 0 
0 0 0 0 0 0 0 9 0 0 
6    2    1938    0.5    3876
39 0 0 0 0 0 0 0 0 0 
0 51 0 0 0 0 0 0 0 0 
0 0 0 0 0 0 0 0 74 0 
0 0 0 0 0 0 0 0 0 30 
0 0 0 32 0 0 0 0 0 0 
0 0 0 0 81 0 0 0 0 0 
7    3    2844    0.1    5688
0 0 0 0 0 0 0 0 0 97 
22 0 0 0 0 0 0 0 0 0 
0 74 0 0 0 0 0 0 0 0 
0 0 0 0 0 0 0 10 0 0 
0 0 0 90 0 0 0 0 0 0 
0 0 0 0 65 0 0 0 0 0 
0 0 0 0 0 51 0 0 0 0 
8    0    2001    0.1    4002
44 0 0 0 0 0 0 0 0 0 
0 13 0 0 0 0 0 0 0 0 
0 0 0 0 0 0 46 0 0 0 
0 0 0 0 0 0 0 26 0 0 
0 0 0 0 0 0 0 0 0 42 
0 0 0 15 0 0 0 0 0 0 
0 0 0 0 79 0 0 0 0 0 
0 0 0 0 0 19 0 0 0 0 
6    2    1710    0.7    3420
91 0 0 0 0 0 0 0 0 0 
0 30 0 0 0 0 0 0 0 0 
0 0 71 0 0 0 0 0 0 0 
0 0 0 3 0 0 0 0 0 0 
0 0 0 0 55 0 0 0 0 0 
0 0 0 0 0 99 0 0 0 0 
5    1    2649    0.7    5298
0 0 0 0 0 0 0 68 0 0 
0 0 0 0 0 0 0 0 23 0 
0 0 0 0 0 0 0 0 0 75 
94 0 0 0 0 0 0 0 0 0 
0 0 0 93 0 0 0 0 0 0 
6    3    3336    0.7    6672
0 0 0 0 0 0 0 0 19 0 
0 0 0 0 0 0 0 0 0 85 
0 0 0 91 0 0 0 0 0 0 
0 0 0 0 67 0 0 0 0 0 
85 0 0 0 0 0 0 0 0 0 
0 0 0 0 0 0 0 10 0 0 
5    2    1836    0.9    3672
0 0 0 0 0 0 0 0 0 77 
0 0 0 56 0 0 0 0 0 0 
67 0 0 0 0 0 0 0 0 0 
0 65 0 0 0 0 0 0 0 0 
0 0 95 0 0 0 0 0 0 0 
7    2    2655    0.4    5310
0 0 0 0 0 0 94 0 0 0 
0 0 0 0 0 0 0 38 0 0 
62 0 0 0 0 0 0 0 0 0 
0 85 0 0 0 0 0 0 0 0 
0 0 2 0 0 0 0 0 0 0 
0 0 0 93 0 0 0 0 0 0 
0 0 0 0 62 0 0 0 0 0 
