10 220 4 4 4

1 1 1 2 2 2 3 3 4 4 

0 15 18 27 
18 0 9 9 
14 11 0 8 
28 24 28 0 

0 1 1 1 
1 0 1 1 
1 1 0 1 
1 1 1 0 

7 8 7 9 7 7 6 9 6 7 
5 9 9 9 8 8 7 7 5 9 
5 6 8 5 9 5 5 9 5 5 
7 7 7 7 5 8 5 7 7 8 

6    0    1497    0.4    2994
0 0 0 0 0 0 0 0 46 0 
0 0 0 0 0 0 0 0 0 59 
0 0 0 30 0 0 0 0 0 0 
5 0 0 0 0 0 0 0 0 0 
0 85 0 0 0 0 0 0 0 0 
0 0 1 0 0 0 0 0 0 0 
6    0    2373    0.7    4746
99 0 0 0 0 0 0 0 0 0 
0 97 0 0 0 0 0 0 0 0 
0 0 9 0 0 0 0 0 0 0 
0 0 0 0 0 0 0 0 0 15 
0 0 0 66 0 0 0 0 0 0 
0 0 0 0 29 0 0 0 0 0 
9    0    4299    0.2    8598
59 0 0 0 0 0 0 0 0 0 
0 23 0 0 0 0 0 0 0 0 
0 0 88 0 0 0 0 0 0 0 
0 0 0 93 0 0 0 0 0 0 
0 0 0 0 32 0 0 0 0 0 
0 0 0 0 0 2 0 0 0 0 
0 0 0 0 0 0 0 98 0 0 
0 0 0 0 0 0 0 0 89 0 
0 0 0 0 0 0 0 0 0 63 
6    2    2991    0.4    5982
70 0 0 0 0 0 0 0 0 0 
0 0 0 0 0 0 80 0 0 0 
0 0 0 0 0 0 0 96 0 0 
0 0 0 60 0 0 0 0 0 0 
0 0 0 0 11 0 0 0 0 0 
0 0 0 0 0 0 0 0 0 18 
6    0    1464    0.2    2928
0 0 0 0 0 0 0 0 54 0 
0 0 0 0 0 0 0 0 0 26 
0 0 0 2 0 0 0 0 0 0 
0 0 0 0 0 0 2 0 0 0 
0 0 0 0 0 0 0 37 0 0 
51 0 0 0 0 0 0 0 0 0 
9    1    3468    0.1    6936
0 0 0 0 0 0 0 0 76 0 
0 0 0 0 0 0 0 0 0 95 
0 0 0 25 0 0 0 0 0 0 
0 0 0 0 9 0 0 0 0 0 
0 0 0 0 0 44 0 0 0 0 
0 0 0 0 0 0 0 4 0 0 
48 0 0 0 0 0 0 0 0 0 
0 68 0 0 0 0 0 0 0 0 
0 0 81 0 0 0 0 0 0 0 
6    1    2559    0.4    5118
67 0 0 0 0 0 0 0 0 0 
0 78 0 0 0 0 0 0 0 0 
0 0 46 0 0 0 0 0 0 0 
0 0 0 0 0 0 51 0 0 0 
0 0 0 0 0 0 0 70 0 0 
0 0 0 0 0 0 0 0 0 9 
8    1    3489    0.5    6978
17 0 0 0 0 0 0 0 0 0 
0 97 0 0 0 0 0 0 0 0 
0 0 22 0 0 0 0 0 0 0 
0 0 0 100 0 0 0 0 0 0 
0 0 0 0 35 0 0 0 0 0 
0 0 0 0 0 20 0 0 0 0 
0 0 0 0 0 0 0 0 0 29 
0 0 0 0 0 0 0 72 0 0 
5    3    1914    0.7    3828
0 0 0 57 0 0 0 0 0 0 
0 0 0 0 65 0 0 0 0 0 
0 0 0 0 0 0 92 0 0 0 
0 0 0 0 0 0 0 17 0 0 
37 0 0 0 0 0 0 0 0 0 
8    1    3861    0.7    7722
63 0 0 0 0 0 0 0 0 0 
0 64 0 0 0 0 0 0 0 0 
0 0 91 0 0 0 0 0 0 0 
0 0 0 0 0 0 80 0 0 0 
0 0 0 0 0 0 0 96 0 0 
0 0 0 93 0 0 0 0 0 0 
0 0 0 0 64 0 0 0 0 0 
0 0 0 0 0 95 0 0 0 0 
7    3    2103    0.3    4206
0 0 0 2 0 0 0 0 0 0 
0 0 0 0 0 0 0 0 76 0 
0 0 0 0 0 0 0 0 0 58 
65 0 0 0 0 0 0 0 0 0 
0 8 0 0 0 0 0 0 0 0 
0 0 0 0 0 0 58 0 0 0 
0 0 0 0 0 0 0 50 0 0 
6    2    3168    0.8    6336
0 0 0 84 0 0 0 0 0 0 
0 0 0 0 47 0 0 0 0 0 
0 0 0 0 0 0 0 0 0 92 
47 0 0 0 0 0 0 0 0 0 
0 0 0 0 0 0 89 0 0 0 
0 0 0 0 0 0 0 36 0 0 
7    1    3192    0.2    6384
0 0 0 0 0 0 0 0 36 0 
0 0 0 0 0 0 0 0 0 97 
0 0 0 0 0 0 0 71 0 0 
71 0 0 0 0 0 0 0 0 0 
0 0 0 30 0 0 0 0 0 0 
0 0 0 0 96 0 0 0 0 0 
0 0 0 0 0 9 0 0 0 0 
5    2    1773    0.9    3546
7 0 0 0 0 0 0 0 0 0 
0 99 0 0 0 0 0 0 0 0 
0 0 0 0 0 0 88 0 0 0 
0 0 0 0 0 0 0 29 0 0 
0 0 0 10 0 0 0 0 0 0 
7    0    2124    0.5    4248
61 0 0 0 0 0 0 0 0 0 
0 39 0 0 0 0 0 0 0 0 
0 0 0 34 0 0 0 0 0 0 
0 0 0 0 6 0 0 0 0 0 
0 0 0 0 0 0 0 0 0 33 
0 0 0 0 0 0 82 0 0 0 
0 0 0 0 0 0 0 16 0 0 
9    1    2667    0.7    5334
8 0 0 0 0 0 0 0 0 0 
0 84 0 0 0 0 0 0 0 0 
0 0 0 39 0 0 0 0 0 0 
0 0 0 0 3 0 0 0 0 0 
0 0 0 0 0 68 0 0 0 0 
0 0 0 0 0 0 33 0 0 0 
0 0 0 0 0 0 0 18 0 0 
0 0 0 0 0 0 0 0 19 0 
0 0 0 0 0 0 0 0 0 46 
9    0    4833    0.1    9666
0 0 0 0 0 0 0 0 80 0 
0 0 0 0 0 0 0 0 0 69 
0 0 0 0 0 0 99 0 0 0 
0 0 0 0 0 0 0 84 0 0 
64 0 0 0 0 0 0 0 0 0 
0 75 0 0 0 0 0 0 0 0 
0 0 0 1 0 0 0 0 0 0 
0 0 0 0 55 0 0 0 0 0 
0 0 0 0 0 90 0 0 0 0 
9    3    3672    0.2    7344
0 0 0 59 0 0 0 0 0 0 
0 0 0 0 51 0 0 0 0 0 
0 0 0 0 0 0 0 0 77 0 
0 0 0 0 0 0 0 0 0 32 
0 0 0 0 0 0 69 0 0 0 
0 0 0 0 0 0 0 67 0 0 
76 0 0 0 0 0 0 0 0 0 
0 51 0 0 0 0 0 0 0 0 
0 0 21 0 0 0 0 0 0 0 
6    0    1770    0.6    3540
9 0 0 0 0 0 0 0 0 0 
0 25 0 0 0 0 0 0 0 0 
0 0 87 0 0 0 0 0 0 0 
0 0 0 42 0 0 0 0 0 0 
0 0 0 0 0 0 0 0 40 0 
0 0 0 0 0 0 0 0 0 79 
9    0    3864    0.3    7728
0 0 0 59 0 0 0 0 0 0 
0 0 0 0 63 0 0 0 0 0 
0 0 0 0 0 77 0 0 0 0 
48 0 0 0 0 0 0 0 0 0 
0 40 0 0 0 0 0 0 0 0 
0 0 0 0 0 0 12 0 0 0 
0 0 0 0 0 0 0 10 0 0 
0 0 0 0 0 0 0 0 99 0 
0 0 0 0 0 0 0 0 0 49 
9    0    4032    0.2    8064
0 0 0 0 0 0 0 0 100 0 
0 0 0 0 0 0 0 0 0 26 
0 0 0 0 0 0 66 0 0 0 
0 0 0 0 0 0 0 35 0 0 
67 0 0 0 0 0 0 0 0 0 
0 71 0 0 0 0 0 0 0 0 
0 0 52 0 0 0 0 0 0 0 
0 0 0 16 0 0 0 0 0 0 
0 0 0 0 99 0 0 0 0 0 
7    1    2019    0.7    4038
4 0 0 0 0 0 0 0 0 0 
0 43 0 0 0 0 0 0 0 0 
0 0 21 0 0 0 0 0 0 0 
0 0 0 0 0 0 0 0 52 0 
0 0 0 0 0 0 0 0 0 54 
0 0 0 0 0 0 0 11 0 0 
0 0 0 6 0 0 0 0 0 0 
8    2    1776    0.1    3552
0 0 0 7 0 0 0 0 0 0 
0 0 0 0 54 0 0 0 0 0 
0 0 0 0 0 69 0 0 0 0 
0 0 0 0 0 0 0 0 22 0 
0 0 0 0 0 0 0 0 0 9 
4 0 0 0 0 0 0 0 0 0 
0 86 0 0 0 0 0 0 0 0 
0 0 30 0 0 0 0 0 0 0 
6    2    1467    0.9    2934
0 0 0 9 0 0 0 0 0 0 
0 0 0 0 65 0 0 0 0 0 
0 0 0 0 0 0 0 29 0 0 
37 0 0 0 0 0 0 0 0 0 
0 72 0 0 0 0 0 0 0 0 
0 0 77 0 0 0 0 0 0 0 
9    3    3492    0.3    6984
95 0 0 0 0 0 0 0 0 0 
0 11 0 0 0 0 0 0 0 0 
0 0 96 0 0 0 0 0 0 0 
0 0 0 0 0 0 0 0 0 5 
0 0 0 0 0 0 68 0 0 0 
0 0 0 0 0 0 0 6 0 0 
0 0 0 22 0 0 0 0 0 0 
0 0 0 0 71 0 0 0 0 0 
0 0 0 0 0 45 0 0 0 0 
8    3    2061    0.1    4122
0 0 0 0 0 0 0 0 30 0 
0 0 0 0 0 0 0 0 0 34 
0 0 0 0 0 0 0 64 0 0 
9 0 0 0 0 0 0 0 0 0 
0 7 0 0 0 0 0 0 0 0 
0 0 67 0 0 0 0 0 0 0 
0 0 0 24 0 0 0 0 0 0 
0 0 0 0 7 0 0 0 0 0 
6    3    1479    0.8    2958
32 0 0 0 0 0 0 0 0 0 
0 0 0 0 0 0 0 0 64 0 
0 0 0 0 0 0 0 0 0 4 
0 0 0 70 0 0 0 0 0 0 
0 0 0 0 90 0 0 0 0 0 
0 0 0 0 0 60 0 0 0 0 
9    1    3174    0.5    6348
64 0 0 0 0 0 0 0 0 0 
0 20 0 0 0 0 0 0 0 0 
0 0 10 0 0 0 0 0 0 0 
0 0 0 0 0 0 0 90 0 0 
0 0 0 67 0 0 0 0 0 0 
0 0 0 0 53 0 0 0 0 0 
0 0 0 0 0 21 0 0 0 0 
0 0 0 0 0 0 0 0 95 0 
0 0 0 0 0 0 0 0 0 6 
7    0    2607    0.8    5214
11 0 0 0 0 0 0 0 0 0 
0 50 0 0 0 0 0 0 0 0 
0 0 0 0 0 0 0 0 87 0 
0 0 0 0 0 0 0 0 0 15 
0 0 0 69 0 0 0 0 0 0 
0 0 0 0 63 0 0 0 0 0 
0 0 0 0 0 0 0 4 0 0 
7    1    4341    0.2    8682
0 0 0 0 0 0 0 100 0 0 
0 0 0 100 0 0 0 0 0 0 
0 0 0 0 56 0 0 0 0 0 
0 0 0 0 0 98 0 0 0 0 
10 0 0 0 0 0 0 0 0 0 
0 85 0 0 0 0 0 0 0 0 
0 0 0 0 0 0 0 0 0 66 
8    1    3993    0.2    7986
63 0 0 0 0 0 0 0 0 0 
0 83 0 0 0 0 0 0 0 0 
0 0 69 0 0 0 0 0 0 0 
0 0 0 26 0 0 0 0 0 0 
0 0 0 0 6 0 0 0 0 0 
0 0 0 0 0 70 0 0 0 0 
0 0 0 0 0 0 0 0 0 70 
0 0 0 0 0 0 0 1 0 0 
6    0    2919    0.7    5838
73 0 0 0 0 0 0 0 0 0 
0 16 0 0 0 0 0 0 0 0 
0 0 28 0 0 0 0 0 0 0 
0 0 0 0 0 0 0 0 0 88 
0 0 0 0 0 0 0 82 0 0 
0 0 0 22 0 0 0 0 0 0 
6    0    2409    0.1    4818
0 0 0 0 0 0 0 0 80 0 
0 0 0 0 0 0 0 0 0 7 
0 0 0 0 0 0 0 50 0 0 
69 0 0 0 0 0 0 0 0 0 
0 48 0 0 0 0 0 0 0 0 
0 0 0 29 0 0 0 0 0 0 
7    1    2313    0.4    4626
0 0 0 8 0 0 0 0 0 0 
0 0 0 0 0 0 75 0 0 0 
0 0 0 0 0 0 0 70 0 0 
11 0 0 0 0 0 0 0 0 0 
0 90 0 0 0 0 0 0 0 0 
0 0 0 0 0 0 0 0 55 0 
0 0 0 0 0 0 0 0 0 24 
9    2    3126    0.8    6252
0 0 0 0 0 0 0 0 74 0 
0 0 0 0 0 0 0 0 0 30 
0 0 0 41 0 0 0 0 0 0 
0 0 0 0 62 0 0 0 0 0 
0 0 0 0 0 74 0 0 0 0 
0 0 0 0 0 0 9 0 0 0 
0 0 0 0 0 0 0 5 0 0 
9 0 0 0 0 0 0 0 0 0 
0 25 0 0 0 0 0 0 0 0 
7    0    3180    0.5    6360
41 0 0 0 0 0 0 0 0 0 
0 74 0 0 0 0 0 0 0 0 
0 0 0 0 0 0 0 90 0 0 
0 0 0 0 0 0 0 0 12 0 
0 0 0 0 0 0 0 0 0 84 
0 0 0 52 0 0 0 0 0 0 
0 0 0 0 60 0 0 0 0 0 
9    3    3468    0.3    6936
0 0 0 0 0 0 0 0 62 0 
0 0 0 0 0 0 0 0 0 41 
0 0 0 0 0 0 55 0 0 0 
0 0 0 0 0 0 0 57 0 0 
0 0 0 95 0 0 0 0 0 0 
0 0 0 0 13 0 0 0 0 0 
24 0 0 0 0 0 0 0 0 0 
0 79 0 0 0 0 0 0 0 0 
0 0 50 0 0 0 0 0 0 0 
9    0    3993    0.1    7986
0 0 0 0 0 0 56 0 0 0 
0 0 0 0 0 0 0 76 0 0 
0 0 0 79 0 0 0 0 0 0 
0 0 0 0 44 0 0 0 0 0 
0 0 0 0 0 0 0 0 85 0 
0 0 0 0 0 0 0 0 0 9 
64 0 0 0 0 0 0 0 0 0 
0 74 0 0 0 0 0 0 0 0 
0 0 88 0 0 0 0 0 0 0 
8    2    3684    0.1    7368
98 0 0 0 0 0 0 0 0 0 
0 54 0 0 0 0 0 0 0 0 
0 0 47 0 0 0 0 0 0 0 
0 0 0 37 0 0 0 0 0 0 
0 0 0 0 76 0 0 0 0 0 
0 0 0 0 0 0 21 0 0 0 
0 0 0 0 0 0 0 1 0 0 
0 0 0 0 0 0 0 0 0 25 
7    1    1362    0.5    2724
32 0 0 0 0 0 0 0 0 0 
0 13 0 0 0 0 0 0 0 0 
0 0 0 42 0 0 0 0 0 0 
0 0 0 0 15 0 0 0 0 0 
0 0 0 0 0 18 0 0 0 0 
0 0 0 0 0 0 0 1 0 0 
0 0 0 0 0 0 0 0 0 23 
5    2    1404    0.2    2808
0 0 0 0 0 0 0 0 10 0 
0 0 0 0 0 0 0 0 0 91 
96 0 0 0 0 0 0 0 0 0 
0 52 0 0 0 0 0 0 0 0 
0 0 81 0 0 0 0 0 0 0 
7    3    3009    0.4    6018
70 0 0 0 0 0 0 0 0 0 
0 0 0 41 0 0 0 0 0 0 
0 0 0 0 84 0 0 0 0 0 
0 0 0 0 0 0 0 0 69 0 
0 0 0 0 0 0 0 0 0 44 
0 0 0 0 0 0 72 0 0 0 
0 0 0 0 0 0 0 26 0 0 
9    2    3522    0.5    7044
0 0 0 0 0 0 0 0 51 0 
0 0 0 0 0 0 0 0 0 64 
29 0 0 0 0 0 0 0 0 0 
0 29 0 0 0 0 0 0 0 0 
0 0 72 0 0 0 0 0 0 0 
0 0 0 0 0 0 0 85 0 0 
0 0 0 19 0 0 0 0 0 0 
0 0 0 0 5 0 0 0 0 0 
0 0 0 0 0 84 0 0 0 0 
7    0    3021    0.2    6042
0 0 0 0 0 0 0 0 90 0 
0 0 0 0 0 0 0 0 0 88 
0 0 0 45 0 0 0 0 0 0 
0 0 0 0 39 0 0 0 0 0 
0 0 0 0 0 76 0 0 0 0 
93 0 0 0 0 0 0 0 0 0 
0 27 0 0 0 0 0 0 0 0 
7    3    2178    0.1    4356
0 0 0 42 0 0 0 0 0 0 
0 0 0 0 81 0 0 0 0 0 
0 0 0 0 0 0 0 0 88 0 
0 0 0 0 0 0 0 0 0 19 
66 0 0 0 0 0 0 0 0 0 
0 25 0 0 0 0 0 0 0 0 
0 0 35 0 0 0 0 0 0 0 
6    0    1542    0.9    3084
0 0 0 0 0 0 0 0 0 31 
60 0 0 0 0 0 0 0 0 0 
0 10 0 0 0 0 0 0 0 0 
0 0 39 0 0 0 0 0 0 0 
0 0 0 0 0 0 78 0 0 0 
0 0 0 0 0 0 0 82 0 0 
9    1    4761    0.3    9522
0 0 0 0 0 0 0 0 91 0 
0 0 0 0 0 0 0 0 0 20 
50 0 0 0 0 0 0 0 0 0 
0 85 0 0 0 0 0 0 0 0 
0 0 94 0 0 0 0 0 0 0 
0 0 0 0 0 0 77 0 0 0 
0 0 0 0 0 0 0 90 0 0 
0 0 0 10 0 0 0 0 0 0 
0 0 0 0 66 0 0 0 0 0 
9    2    2886    0.2    5772
0 0 0 0 0 0 0 0 51 0 
0 0 0 0 0 0 0 0 0 64 
0 0 0 34 0 0 0 0 0 0 
0 0 0 0 46 0 0 0 0 0 
0 0 0 0 0 10 0 0 0 0 
0 0 0 0 0 0 0 33 0 0 
84 0 0 0 0 0 0 0 0 0 
0 17 0 0 0 0 0 0 0 0 
0 0 32 0 0 0 0 0 0 0 
9    2    3186    0.2    6372
22 0 0 0 0 0 0 0 0 0 
0 29 0 0 0 0 0 0 0 0 
0 0 100 0 0 0 0 0 0 0 
0 0 0 0 0 0 0 0 0 57 
0 0 0 0 0 0 4 0 0 0 
0 0 0 0 0 0 0 28 0 0 
0 0 0 76 0 0 0 0 0 0 
0 0 0 0 29 0 0 0 0 0 
0 0 0 0 0 63 0 0 0 0 
7    3    2427    0.6    4854
0 0 0 0 0 0 0 0 78 0 
0 0 0 0 0 0 0 0 0 10 
0 0 0 53 0 0 0 0 0 0 
0 0 0 0 96 0 0 0 0 0 
0 0 0 0 0 45 0 0 0 0 
77 0 0 0 0 0 0 0 0 0 
0 47 0 0 0 0 0 0 0 0 
5    2    1755    0.8    3510
0 0 0 19 0 0 0 0 0 0 
0 0 0 0 54 0 0 0 0 0 
0 0 0 0 0 88 0 0 0 0 
0 0 0 0 0 0 0 0 0 19 
47 0 0 0 0 0 0 0 0 0 
5    3    2730    0.6    5460
0 0 0 0 0 0 0 52 0 0 
0 0 0 0 0 0 0 0 85 0 
0 0 0 0 0 0 0 0 0 75 
68 0 0 0 0 0 0 0 0 0 
0 0 0 50 0 0 0 0 0 0 
6    3    1194    0.5    2388
49 0 0 0 0 0 0 0 0 0 
0 51 0 0 0 0 0 0 0 0 
0 0 17 0 0 0 0 0 0 0 
0 0 0 58 0 0 0 0 0 0 
0 0 0 0 34 0 0 0 0 0 
0 0 0 0 0 31 0 0 0 0 
8    1    4836    0.3    9672
0 0 0 92 0 0 0 0 0 0 
0 0 0 0 42 0 0 0 0 0 
0 0 0 0 0 89 0 0 0 0 
58 0 0 0 0 0 0 0 0 0 
0 76 0 0 0 0 0 0 0 0 
0 0 0 0 0 0 0 86 0 0 
0 0 0 0 0 0 0 0 85 0 
0 0 0 0 0 0 0 0 0 25 
6    2    2178    0.2    4356
64 0 0 0 0 0 0 0 0 0 
0 55 0 0 0 0 0 0 0 0 
0 0 0 0 0 0 0 0 61 0 
0 0 0 0 0 0 0 0 0 3 
0 0 0 0 0 0 92 0 0 0 
0 0 0 0 0 0 0 94 0 0 
5    0    1254    0.1    2508
24 0 0 0 0 0 0 0 0 0 
0 0 0 0 0 0 27 0 0 0 
0 0 0 0 0 0 0 56 0 0 
0 0 0 0 0 0 0 0 81 0 
0 0 0 0 0 0 0 0 0 73 
9    0    2391    0.7    4782
0 0 0 0 0 0 0 0 17 0 
0 0 0 0 0 0 0 0 0 9 
0 0 0 0 0 0 0 48 0 0 
26 0 0 0 0 0 0 0 0 0 
0 72 0 0 0 0 0 0 0 0 
0 0 71 0 0 0 0 0 0 0 
0 0 0 60 0 0 0 0 0 0 
0 0 0 0 89 0 0 0 0 0 
0 0 0 0 0 20 0 0 0 0 
8    3    2367    0.4    4734
0 0 0 23 0 0 0 0 0 0 
0 0 0 0 40 0 0 0 0 0 
0 0 0 0 0 49 0 0 0 0 
13 0 0 0 0 0 0 0 0 0 
0 74 0 0 0 0 0 0 0 0 
0 0 90 0 0 0 0 0 0 0 
0 0 0 0 0 0 10 0 0 0 
0 0 0 0 0 0 0 53 0 0 
6    1    2547    0.2    5094
0 0 0 61 0 0 0 0 0 0 
0 0 0 0 95 0 0 0 0 0 
69 0 0 0 0 0 0 0 0 0 
0 68 0 0 0 0 0 0 0 0 
0 0 0 0 0 0 0 0 51 0 
0 0 0 0 0 0 0 0 0 27 
8    1    3282    0.3    6564
0 0 0 0 0 0 82 0 0 0 
0 0 0 0 0 0 0 87 0 0 
15 0 0 0 0 0 0 0 0 0 
0 75 0 0 0 0 0 0 0 0 
0 0 77 0 0 0 0 0 0 0 
0 0 0 34 0 0 0 0 0 0 
0 0 0 0 90 0 0 0 0 0 
0 0 0 0 0 88 0 0 0 0 
5    1    1383    0.3    2766
0 0 0 27 0 0 0 0 0 0 
0 0 0 0 65 0 0 0 0 0 
2 0 0 0 0 0 0 0 0 0 
0 48 0 0 0 0 0 0 0 0 
0 0 0 0 0 0 0 0 0 40 
8    0    2502    0.3    5004
0 0 0 0 0 0 0 48 0 0 
46 0 0 0 0 0 0 0 0 0 
0 58 0 0 0 0 0 0 0 0 
0 0 0 39 0 0 0 0 0 0 
0 0 0 0 26 0 0 0 0 0 
0 0 0 0 0 40 0 0 0 0 
0 0 0 0 0 0 0 0 44 0 
0 0 0 0 0 0 0 0 0 47 
7    1    3054    0.3    6108
0 0 0 0 0 0 0 0 24 0 
0 0 0 0 0 0 0 0 0 71 
54 0 0 0 0 0 0 0 0 0 
0 80 0 0 0 0 0 0 0 0 
0 0 14 0 0 0 0 0 0 0 
0 0 0 72 0 0 0 0 0 0 
0 0 0 0 0 0 0 7 0 0 
9    2    4368    0.6    8736
47 0 0 0 0 0 0 0 0 0 
0 66 0 0 0 0 0 0 0 0 
0 0 15 0 0 0 0 0 0 0 
0 0 0 0 0 0 0 0 78 0 
0 0 0 0 0 0 0 0 0 96 
0 0 0 39 0 0 0 0 0 0 
0 0 0 0 87 0 0 0 0 0 
0 0 0 0 0 47 0 0 0 0 
0 0 0 0 0 0 0 25 0 0 
9    3    3258    0.4    6516
0 0 0 0 0 0 0 0 0 48 
0 0 0 39 0 0 0 0 0 0 
0 0 0 0 51 0 0 0 0 0 
0 0 0 0 0 24 0 0 0 0 
74 0 0 0 0 0 0 0 0 0 
0 41 0 0 0 0 0 0 0 0 
0 0 77 0 0 0 0 0 0 0 
0 0 0 0 0 0 31 0 0 0 
0 0 0 0 0 0 0 95 0 0 
5    3    2346    0.2    4692
0 0 0 0 0 0 0 0 0 71 
0 0 0 76 0 0 0 0 0 0 
86 0 0 0 0 0 0 0 0 0 
0 13 0 0 0 0 0 0 0 0 
0 0 0 0 0 0 0 30 0 0 
5    1    1437    0.8    2874
69 0 0 0 0 0 0 0 0 0 
0 21 0 0 0 0 0 0 0 0 
0 0 79 0 0 0 0 0 0 0 
0 0 0 30 0 0 0 0 0 0 
0 0 0 0 85 0 0 0 0 0 
8    1    2145    0.1    4290
0 0 0 0 0 0 14 0 0 0 
0 0 0 0 0 0 0 100 0 0 
0 0 0 13 0 0 0 0 0 0 
0 0 0 0 26 0 0 0 0 0 
0 0 0 0 0 4 0 0 0 0 
93 0 0 0 0 0 0 0 0 0 
0 97 0 0 0 0 0 0 0 0 
0 0 77 0 0 0 0 0 0 0 
8    3    3573    0.5    7146
0 0 0 0 0 0 93 0 0 0 
0 0 0 0 0 0 0 77 0 0 
0 0 0 0 0 0 0 0 56 0 
0 0 0 0 0 0 0 0 0 28 
0 0 0 33 0 0 0 0 0 0 
0 0 0 0 31 0 0 0 0 0 
85 0 0 0 0 0 0 0 0 0 
0 14 0 0 0 0 0 0 0 0 
9    2    4206    0.7    8412
55 0 0 0 0 0 0 0 0 0 
0 93 0 0 0 0 0 0 0 0 
0 0 0 0 0 0 0 0 67 0 
0 0 0 0 0 0 0 0 0 50 
0 0 0 0 0 0 9 0 0 0 
0 0 0 0 0 0 0 71 0 0 
0 0 0 100 0 0 0 0 0 0 
0 0 0 0 74 0 0 0 0 0 
0 0 0 0 0 70 0 0 0 0 
8    2    1836    0.2    3672
0 0 0 0 0 0 7 0 0 0 
0 0 0 0 0 0 0 17 0 0 
92 0 0 0 0 0 0 0 0 0 
0 51 0 0 0 0 0 0 0 0 
0 0 39 0 0 0 0 0 0 0 
0 0 0 19 0 0 0 0 0 0 
0 0 0 0 27 0 0 0 0 0 
0 0 0 0 0 89 0 0 0 0 
8    1    1878    0.7    3756
0 0 0 0 0 0 0 0 93 0 
0 0 0 0 0 0 0 0 0 5 
0 0 0 39 0 0 0 0 0 0 
0 0 0 0 34 0 0 0 0 0 
0 0 0 0 0 9 0 0 0 0 
39 0 0 0 0 0 0 0 0 0 
0 28 0 0 0 0 0 0 0 0 
0 0 62 0 0 0 0 0 0 0 
9    3    3222    0.9    6444
20 0 0 0 0 0 0 0 0 0 
0 64 0 0 0 0 0 0 0 0 
0 0 32 0 0 0 0 0 0 0 
0 0 0 0 0 0 60 0 0 0 
0 0 0 0 0 0 0 53 0 0 
0 0 0 0 0 0 0 0 58 0 
0 0 0 0 0 0 0 0 0 30 
0 0 0 45 0 0 0 0 0 0 
0 0 0 0 24 0 0 0 0 0 
7    3    1881    0.9    3762
0 0 0 15 0 0 0 0 0 0 
0 0 0 0 71 0 0 0 0 0 
0 0 0 0 0 15 0 0 0 0 
20 0 0 0 0 0 0 0 0 0 
0 85 0 0 0 0 0 0 0 0 
0 0 0 0 0 0 50 0 0 0 
0 0 0 0 0 0 0 19 0 0 
5    1    1566    0.9    3132
0 0 0 0 0 0 0 48 0 0 
0 0 0 0 0 0 0 0 84 0 
0 0 0 0 0 0 0 0 0 51 
71 0 0 0 0 0 0 0 0 0 
0 5 0 0 0 0 0 0 0 0 
9    0    4485    0.5    8970
0 0 0 92 0 0 0 0 0 0 
0 0 0 0 59 0 0 0 0 0 
0 0 0 0 0 57 0 0 0 0 
40 0 0 0 0 0 0 0 0 0 
0 93 0 0 0 0 0 0 0 0 
0 0 34 0 0 0 0 0 0 0 
0 0 0 0 0 0 0 0 0 32 
0 0 0 0 0 0 3 0 0 0 
0 0 0 0 0 0 0 50 0 0 
6    0    2361    0.8    4722
0 0 0 0 0 0 0 72 0 0 
0 0 0 33 0 0 0 0 0 0 
0 0 0 0 40 0 0 0 0 0 
0 0 0 0 0 0 0 0 0 83 
32 0 0 0 0 0 0 0 0 0 
0 62 0 0 0 0 0 0 0 0 
5    3    1437    0.1    2874
0 0 0 65 0 0 0 0 0 0 
17 0 0 0 0 0 0 0 0 0 
0 91 0 0 0 0 0 0 0 0 
0 0 21 0 0 0 0 0 0 0 
0 0 0 0 0 0 0 0 0 3 
6    1    2937    0.2    5874
0 0 0 0 0 0 0 0 74 0 
0 0 0 0 0 0 0 0 0 83 
13 0 0 0 0 0 0 0 0 0 
0 0 0 73 0 0 0 0 0 0 
0 0 0 0 0 0 86 0 0 0 
0 0 0 0 0 0 0 37 0 0 
8    2    2688    0.6    5376
0 0 0 0 0 0 0 0 77 0 
0 0 0 0 0 0 0 0 0 47 
0 0 0 6 0 0 0 0 0 0 
0 0 0 0 73 0 0 0 0 0 
0 0 0 0 0 64 0 0 0 0 
22 0 0 0 0 0 0 0 0 0 
0 86 0 0 0 0 0 0 0 0 
0 0 97 0 0 0 0 0 0 0 
6    1    2295    0.2    4590
0 0 0 47 0 0 0 0 0 0 
0 0 0 0 99 0 0 0 0 0 
0 0 0 0 0 0 0 0 0 82 
38 0 0 0 0 0 0 0 0 0 
0 33 0 0 0 0 0 0 0 0 
0 0 55 0 0 0 0 0 0 0 
8    1    4614    0.5    9228
0 0 0 100 0 0 0 0 0 0 
0 0 0 0 99 0 0 0 0 0 
0 0 0 0 0 0 0 0 50 0 
0 0 0 0 0 0 0 0 0 84 
0 0 0 0 0 0 82 0 0 0 
0 0 0 0 0 0 0 24 0 0 
13 0 0 0 0 0 0 0 0 0 
0 78 0 0 0 0 0 0 0 0 
6    3    2292    0.8    4584
0 0 0 0 0 0 0 0 0 83 
64 0 0 0 0 0 0 0 0 0 
0 64 0 0 0 0 0 0 0 0 
0 0 30 0 0 0 0 0 0 0 
0 0 0 0 0 0 67 0 0 0 
0 0 0 0 0 0 0 90 0 0 
9    1    2763    0.1    5526
0 0 0 28 0 0 0 0 0 0 
0 0 0 0 73 0 0 0 0 0 
0 0 0 0 0 0 14 0 0 0 
0 0 0 0 0 0 0 38 0 0 
0 0 0 0 0 0 0 0 17 0 
0 0 0 0 0 0 0 0 0 82 
54 0 0 0 0 0 0 0 0 0 
0 60 0 0 0 0 0 0 0 0 
0 0 32 0 0 0 0 0 0 0 
9    0    4449    0.5    8898
80 0 0 0 0 0 0 0 0 0 
0 72 0 0 0 0 0 0 0 0 
0 0 0 0 0 0 0 0 78 0 
0 0 0 0 0 0 0 0 0 34 
0 0 0 98 0 0 0 0 0 0 
0 0 0 0 89 0 0 0 0 0 
0 0 0 0 0 17 0 0 0 0 
0 0 0 0 0 0 73 0 0 0 
0 0 0 0 0 0 0 7 0 0 
7    0    2793    0.6    5586
0 0 0 0 0 0 0 97 0 0 
27 0 0 0 0 0 0 0 0 0 
0 0 0 50 0 0 0 0 0 0 
0 0 0 0 66 0 0 0 0 0 
0 0 0 0 0 69 0 0 0 0 
0 0 0 0 0 0 0 0 29 0 
0 0 0 0 0 0 0 0 0 34 
7    1    2016    0.8    4032
2 0 0 0 0 0 0 0 0 0 
0 0 0 3 0 0 0 0 0 0 
0 0 0 0 85 0 0 0 0 0 
0 0 0 0 0 27 0 0 0 0 
0 0 0 0 0 0 30 0 0 0 
0 0 0 0 0 0 0 73 0 0 
0 0 0 0 0 0 0 0 0 89 
9    1    3522    0.8    7044
0 0 0 0 0 0 0 0 0 71 
0 0 0 0 0 0 75 0 0 0 
0 0 0 0 0 0 0 38 0 0 
16 0 0 0 0 0 0 0 0 0 
0 84 0 0 0 0 0 0 0 0 
0 0 62 0 0 0 0 0 0 0 
0 0 0 59 0 0 0 0 0 0 
0 0 0 0 52 0 0 0 0 0 
0 0 0 0 0 74 0 0 0 0 
5    2    1998    0.9    3996
0 0 0 0 0 0 0 0 0 64 
0 0 0 99 0 0 0 0 0 0 
0 0 0 0 55 0 0 0 0 0 
0 0 0 0 0 18 0 0 0 0 
88 0 0 0 0 0 0 0 0 0 
7    1    2835    0.6    5670
0 0 0 0 0 0 0 48 0 0 
0 0 0 0 0 0 0 0 0 23 
0 0 0 96 0 0 0 0 0 0 
0 0 0 0 85 0 0 0 0 0 
0 0 0 0 0 55 0 0 0 0 
82 0 0 0 0 0 0 0 0 0 
0 98 0 0 0 0 0 0 0 0 
9    2    6186    0.3    12372
0 0 0 85 0 0 0 0 0 0 
0 0 0 0 81 0 0 0 0 0 
0 0 0 0 0 96 0 0 0 0 
85 0 0 0 0 0 0 0 0 0 
0 91 0 0 0 0 0 0 0 0 
0 0 96 0 0 0 0 0 0 0 
0 0 0 0 0 0 0 42 0 0 
0 0 0 0 0 0 0 0 49 0 
0 0 0 0 0 0 0 0 0 29 
8    2    4308    0.2    8616
0 0 0 0 0 0 0 0 87 0 
0 0 0 0 0 0 0 0 0 30 
80 0 0 0 0 0 0 0 0 0 
0 83 0 0 0 0 0 0 0 0 
0 0 55 0 0 0 0 0 0 0 
0 0 0 0 0 0 71 0 0 0 
0 0 0 0 0 0 0 56 0 0 
0 0 0 14 0 0 0 0 0 0 
7    0    2091    0.8    4182
0 0 0 0 0 0 11 0 0 0 
0 0 0 0 0 0 0 46 0 0 
0 0 0 0 0 0 0 0 70 0 
0 0 0 0 0 0 0 0 0 10 
62 0 0 0 0 0 0 0 0 0 
0 0 0 38 0 0 0 0 0 0 
0 0 0 0 31 0 0 0 0 0 
9    3    2607    0.9    5214
0 0 0 0 0 0 32 0 0 0 
0 0 0 0 0 0 0 43 0 0 
37 0 0 0 0 0 0 0 0 0 
0 5 0 0 0 0 0 0 0 0 
0 0 85 0 0 0 0 0 0 0 
0 0 0 9 0 0 0 0 0 0 
0 0 0 0 59 0 0 0 0 0 
0 0 0 0 0 10 0 0 0 0 
0 0 0 0 0 0 0 0 0 3 
7    2    4194    0.6    8388
0 0 0 91 0 0 0 0 0 0 
0 0 0 0 26 0 0 0 0 0 
0 0 0 0 0 86 0 0 0 0 
0 0 0 0 0 0 0 0 64 0 
0 0 0 0 0 0 0 0 0 37 
76 0 0 0 0 0 0 0 0 0 
0 0 0 0 0 0 0 94 0 0 
7    2    3024    0.7    6048
0 0 0 100 0 0 0 0 0 0 
0 0 0 0 70 0 0 0 0 0 
0 0 0 0 0 93 0 0 0 0 
0 0 0 0 0 0 6 0 0 0 
0 0 0 0 0 0 0 47 0 0 
33 0 0 0 0 0 0 0 0 0 
0 47 0 0 0 0 0 0 0 0 
7    3    2340    0.7    4680
0 0 0 0 0 0 0 0 86 0 
0 0 0 0 0 0 0 0 0 57 
0 0 0 0 0 0 35 0 0 0 
0 0 0 0 0 0 0 7 0 0 
81 0 0 0 0 0 0 0 0 0 
0 93 0 0 0 0 0 0 0 0 
0 0 56 0 0 0 0 0 0 0 
6    0    3369    0.5    6738
0 0 0 0 0 0 0 0 39 0 
0 0 0 0 0 0 0 0 0 94 
84 0 0 0 0 0 0 0 0 0 
0 0 0 91 0 0 0 0 0 0 
0 0 0 0 0 0 89 0 0 0 
0 0 0 0 0 0 0 25 0 0 
7    3    2085    0.8    4170
95 0 0 0 0 0 0 0 0 0 
0 17 0 0 0 0 0 0 0 0 
0 0 9 0 0 0 0 0 0 0 
0 0 0 0 0 0 0 0 0 94 
0 0 0 51 0 0 0 0 0 0 
0 0 0 0 30 0 0 0 0 0 
0 0 0 0 0 12 0 0 0 0 
9    1    3510    0.4    7020
0 0 0 0 0 0 0 0 93 0 
0 0 0 0 0 0 0 0 0 25 
0 0 0 16 0 0 0 0 0 0 
0 0 0 0 91 0 0 0 0 0 
0 0 0 0 0 0 17 0 0 0 
0 0 0 0 0 0 0 55 0 0 
38 0 0 0 0 0 0 0 0 0 
0 100 0 0 0 0 0 0 0 0 
0 0 62 0 0 0 0 0 0 0 
8    2    2502    0.7    5004
0 0 0 0 0 0 0 69 0 0 
0 0 0 97 0 0 0 0 0 0 
0 0 0 0 1 0 0 0 0 0 
0 0 0 0 0 0 0 0 2 0 
0 0 0 0 0 0 0 0 0 25 
92 0 0 0 0 0 0 0 0 0 
0 62 0 0 0 0 0 0 0 0 
0 0 36 0 0 0 0 0 0 0 
8    1    3501    0.2    7002
99 0 0 0 0 0 0 0 0 0 
0 54 0 0 0 0 0 0 0 0 
0 0 0 28 0 0 0 0 0 0 
0 0 0 0 18 0 0 0 0 0 
0 0 0 0 0 0 81 0 0 0 
0 0 0 0 0 0 0 43 0 0 
0 0 0 0 0 0 0 0 70 0 
0 0 0 0 0 0 0 0 0 75 
7    2    4236    0.3    8472
74 0 0 0 0 0 0 0 0 0 
0 59 0 0 0 0 0 0 0 0 
0 0 0 0 0 0 68 0 0 0 
0 0 0 0 0 0 0 94 0 0 
0 0 0 0 0 0 0 0 69 0 
0 0 0 0 0 0 0 0 0 75 
0 0 0 80 0 0 0 0 0 0 
7    1    2493    0.1    4986
0 0 0 80 0 0 0 0 0 0 
0 0 0 0 55 0 0 0 0 0 
0 0 0 0 0 0 0 0 93 0 
0 0 0 0 0 0 0 0 0 65 
61 0 0 0 0 0 0 0 0 0 
0 6 0 0 0 0 0 0 0 0 
0 0 23 0 0 0 0 0 0 0 
8    0    3777    0.8    7554
0 0 0 3 0 0 0 0 0 0 
0 0 0 0 91 0 0 0 0 0 
0 0 0 0 0 86 0 0 0 0 
51 0 0 0 0 0 0 0 0 0 
0 77 0 0 0 0 0 0 0 0 
0 0 0 0 0 0 0 0 0 38 
0 0 0 0 0 0 31 0 0 0 
0 0 0 0 0 0 0 3 0 0 
5    2    843    0.8    1686
0 0 0 0 0 0 0 0 35 0 
0 0 0 0 0 0 0 0 0 11 
0 0 0 14 0 0 0 0 0 0 
0 0 0 0 13 0 0 0 0 0 
47 0 0 0 0 0 0 0 0 0 
7    2    1458    0.7    2916
0 0 0 0 0 0 0 0 58 0 
0 0 0 0 0 0 0 0 0 21 
4 0 0 0 0 0 0 0 0 0 
0 51 0 0 0 0 0 0 0 0 
0 0 0 40 0 0 0 0 0 0 
0 0 0 0 46 0 0 0 0 0 
0 0 0 0 0 11 0 0 0 0 
9    1    4002    0.8    8004
0 0 0 95 0 0 0 0 0 0 
0 0 0 0 72 0 0 0 0 0 
0 0 0 0 0 7 0 0 0 0 
41 0 0 0 0 0 0 0 0 0 
0 5 0 0 0 0 0 0 0 0 
0 0 76 0 0 0 0 0 0 0 
0 0 0 0 0 0 0 0 55 0 
0 0 0 0 0 0 0 0 0 30 
0 0 0 0 0 0 0 57 0 0 
8    2    2349    0.9    4698
0 0 0 0 0 0 0 0 27 0 
0 0 0 0 0 0 0 0 0 75 
17 0 0 0 0 0 0 0 0 0 
0 6 0 0 0 0 0 0 0 0 
0 0 8 0 0 0 0 0 0 0 
0 0 0 12 0 0 0 0 0 0 
0 0 0 0 62 0 0 0 0 0 
0 0 0 0 0 0 0 91 0 0 
7    2    3591    0.8    7182
0 0 0 0 0 0 0 58 0 0 
0 0 0 64 0 0 0 0 0 0 
0 0 0 0 49 0 0 0 0 0 
0 0 0 0 0 73 0 0 0 0 
0 0 0 0 0 0 0 0 89 0 
0 0 0 0 0 0 0 0 0 63 
83 0 0 0 0 0 0 0 0 0 
6    1    1488    0.9    2976
0 0 0 34 0 0 0 0 0 0 
0 0 0 0 21 0 0 0 0 0 
0 0 0 0 0 0 0 0 0 58 
64 0 0 0 0 0 0 0 0 0 
0 66 0 0 0 0 0 0 0 0 
0 0 48 0 0 0 0 0 0 0 
7    1    2613    0.2    5226
0 0 0 0 0 0 0 0 13 0 
0 0 0 0 0 0 0 0 0 32 
0 0 0 0 0 0 96 0 0 0 
0 0 0 0 0 0 0 71 0 0 
0 0 0 24 0 0 0 0 0 0 
0 0 0 0 51 0 0 0 0 0 
1 0 0 0 0 0 0 0 0 0 
7    0    1035    0.2    2070
0 0 0 0 0 0 1 0 0 0 
0 0 0 0 0 0 0 19 0 0 
0 0 0 0 0 0 0 0 53 0 
0 0 0 0 0 0 0 0 0 34 
35 0 0 0 0 0 0 0 0 0 
0 43 0 0 0 0 0 0 0 0 
0 0 13 0 0 0 0 0 0 0 
5    3    1044    0.7    2088
0 0 0 33 0 0 0 0 0 0 
0 0 0 0 8 0 0 0 0 0 
54 0 0 0 0 0 0 0 0 0 
0 0 0 0 0 0 45 0 0 0 
0 0 0 0 0 0 0 27 0 0 
7    0    1944    0.7    3888
22 0 0 0 0 0 0 0 0 0 
0 54 0 0 0 0 0 0 0 0 
0 0 17 0 0 0 0 0 0 0 
0 0 0 0 0 0 0 0 0 77 
0 0 0 93 0 0 0 0 0 0 
0 0 0 0 49 0 0 0 0 0 
0 0 0 0 0 32 0 0 0 0 
8    1    3636    0.9    7272
0 0 0 73 0 0 0 0 0 0 
0 0 0 0 90 0 0 0 0 0 
16 0 0 0 0 0 0 0 0 0 
0 50 0 0 0 0 0 0 0 0 
0 0 0 0 0 0 46 0 0 0 
0 0 0 0 0 0 0 28 0 0 
0 0 0 0 0 0 0 0 78 0 
0 0 0 0 0 0 0 0 0 100 
8    3    2904    0.3    5808
73 0 0 0 0 0 0 0 0 0 
0 100 0 0 0 0 0 0 0 0 
0 0 9 0 0 0 0 0 0 0 
0 0 0 47 0 0 0 0 0 0 
0 0 0 0 78 0 0 0 0 0 
0 0 0 0 0 31 0 0 0 0 
0 0 0 0 0 0 0 0 72 0 
0 0 0 0 0 0 0 0 0 14 
6    1    1977    0.8    3954
60 0 0 0 0 0 0 0 0 0 
0 50 0 0 0 0 0 0 0 0 
0 0 6 0 0 0 0 0 0 0 
0 0 0 0 0 0 0 0 0 64 
0 0 0 92 0 0 0 0 0 0 
0 0 0 0 50 0 0 0 0 0 
9    0    4116    0.5    8232
0 0 0 32 0 0 0 0 0 0 
0 0 0 0 8 0 0 0 0 0 
0 0 0 0 0 97 0 0 0 0 
62 0 0 0 0 0 0 0 0 0 
0 17 0 0 0 0 0 0 0 0 
0 0 83 0 0 0 0 0 0 0 
0 0 0 0 0 0 0 98 0 0 
0 0 0 0 0 0 0 0 43 0 
0 0 0 0 0 0 0 0 0 63 
7    0    1947    0.8    3894
0 0 0 29 0 0 0 0 0 0 
0 0 0 0 57 0 0 0 0 0 
0 0 0 0 0 0 0 0 75 0 
0 0 0 0 0 0 0 0 0 44 
16 0 0 0 0 0 0 0 0 0 
0 37 0 0 0 0 0 0 0 0 
0 0 63 0 0 0 0 0 0 0 
8    3    2922    0.5    5844
0 0 0 0 0 0 88 0 0 0 
0 0 0 0 0 0 0 55 0 0 
0 0 0 44 0 0 0 0 0 0 
0 0 0 0 97 0 0 0 0 0 
0 0 0 0 0 79 0 0 0 0 
11 0 0 0 0 0 0 0 0 0 
0 59 0 0 0 0 0 0 0 0 
0 0 3 0 0 0 0 0 0 0 
7    0    1659    0.6    3318
23 0 0 0 0 0 0 0 0 0 
0 34 0 0 0 0 0 0 0 0 
0 0 38 0 0 0 0 0 0 0 
0 0 0 53 0 0 0 0 0 0 
0 0 0 0 11 0 0 0 0 0 
0 0 0 0 0 0 34 0 0 0 
0 0 0 0 0 0 0 82 0 0 
7    2    2472    0.7    4944
0 0 0 0 0 0 0 80 0 0 
0 0 0 99 0 0 0 0 0 0 
0 0 0 0 14 0 0 0 0 0 
0 0 0 0 0 0 0 0 0 18 
10 0 0 0 0 0 0 0 0 0 
0 14 0 0 0 0 0 0 0 0 
0 0 85 0 0 0 0 0 0 0 
9    2    2226    0.2    4452
0 0 0 0 0 0 0 0 9 0 
0 0 0 0 0 0 0 0 0 29 
0 0 0 0 0 0 0 43 0 0 
0 0 0 2 0 0 0 0 0 0 
0 0 0 0 26 0 0 0 0 0 
0 0 0 0 0 92 0 0 0 0 
60 0 0 0 0 0 0 0 0 0 
0 63 0 0 0 0 0 0 0 0 
0 0 59 0 0 0 0 0 0 0 
8    0    1686    0.1    3372
0 0 0 8 0 0 0 0 0 0 
0 0 0 0 1 0 0 0 0 0 
0 0 0 0 0 21 0 0 0 0 
0 0 0 0 0 0 89 0 0 0 
0 0 0 0 0 0 0 66 0 0 
70 0 0 0 0 0 0 0 0 0 
0 3 0 0 0 0 0 0 0 0 
0 0 56 0 0 0 0 0 0 0 
9    1    2940    0.5    5880
0 0 0 62 0 0 0 0 0 0 
0 0 0 0 17 0 0 0 0 0 
0 0 0 0 0 0 56 0 0 0 
0 0 0 0 0 0 0 7 0 0 
56 0 0 0 0 0 0 0 0 0 
0 65 0 0 0 0 0 0 0 0 
0 0 59 0 0 0 0 0 0 0 
0 0 0 0 0 0 0 0 91 0 
0 0 0 0 0 0 0 0 0 1 
8    2    2661    0.7    5322
0 0 0 17 0 0 0 0 0 0 
0 0 0 0 33 0 0 0 0 0 
0 0 0 0 0 86 0 0 0 0 
0 0 0 0 0 0 0 0 26 0 
0 0 0 0 0 0 0 0 0 27 
0 0 0 0 0 0 1 0 0 0 
0 0 0 0 0 0 0 64 0 0 
17 0 0 0 0 0 0 0 0 0 
7    0    2154    0.9    4308
0 0 0 0 0 0 0 42 0 0 
0 0 0 10 0 0 0 0 0 0 
78 0 0 0 0 0 0 0 0 0 
0 87 0 0 0 0 0 0 0 0 
0 0 28 0 0 0 0 0 0 0 
0 0 0 0 0 0 0 0 56 0 
0 0 0 0 0 0 0 0 0 49 
6    1    2361    0.9    4722
0 0 0 0 0 0 0 75 0 0 
87 0 0 0 0 0 0 0 0 0 
0 67 0 0 0 0 0 0 0 0 
0 0 0 75 0 0 0 0 0 0 
0 0 0 0 58 0 0 0 0 0 
0 0 0 0 0 92 0 0 0 0 
6    3    2553    0.1    5106
0 0 0 76 0 0 0 0 0 0 
0 0 0 0 0 0 0 0 0 69 
62 0 0 0 0 0 0 0 0 0 
0 42 0 0 0 0 0 0 0 0 
0 0 0 0 0 0 42 0 0 0 
0 0 0 0 0 0 0 53 0 0 
6    3    1863    0.3    3726
0 0 0 0 0 0 0 0 67 0 
0 0 0 0 0 0 0 0 0 11 
43 0 0 0 0 0 0 0 0 0 
0 51 0 0 0 0 0 0 0 0 
0 0 49 0 0 0 0 0 0 0 
0 0 0 0 0 0 0 55 0 0 
9    3    2913    0.1    5826
0 0 0 0 0 0 0 67 0 0 
0 0 0 41 0 0 0 0 0 0 
0 0 0 0 19 0 0 0 0 0 
0 0 0 0 0 8 0 0 0 0 
94 0 0 0 0 0 0 0 0 0 
0 74 0 0 0 0 0 0 0 0 
0 0 52 0 0 0 0 0 0 0 
0 0 0 0 0 0 0 0 28 0 
0 0 0 0 0 0 0 0 0 2 
8    1    4005    0.9    8010
0 0 0 0 0 0 85 0 0 0 
0 0 0 0 0 0 0 98 0 0 
0 0 0 0 0 0 0 0 0 66 
0 0 0 47 0 0 0 0 0 0 
0 0 0 0 28 0 0 0 0 0 
0 0 0 0 0 41 0 0 0 0 
75 0 0 0 0 0 0 0 0 0 
0 66 0 0 0 0 0 0 0 0 
5    3    1200    0.7    2400
0 0 0 0 0 0 0 0 0 19 
16 0 0 0 0 0 0 0 0 0 
0 82 0 0 0 0 0 0 0 0 
0 0 0 0 0 0 70 0 0 0 
0 0 0 0 0 0 0 31 0 0 
9    3    3567    0.1    7134
0 0 0 0 0 0 0 0 0 89 
0 0 0 69 0 0 0 0 0 0 
0 0 0 0 73 0 0 0 0 0 
0 0 0 0 0 37 0 0 0 0 
0 0 0 0 0 0 15 0 0 0 
0 0 0 0 0 0 0 31 0 0 
98 0 0 0 0 0 0 0 0 0 
0 36 0 0 0 0 0 0 0 0 
0 0 37 0 0 0 0 0 0 0 
8    1    2802    0.1    5604
0 0 0 47 0 0 0 0 0 0 
0 0 0 0 55 0 0 0 0 0 
0 0 0 0 0 26 0 0 0 0 
31 0 0 0 0 0 0 0 0 0 
0 10 0 0 0 0 0 0 0 0 
0 0 0 0 0 0 0 51 0 0 
0 0 0 0 0 0 0 0 95 0 
0 0 0 0 0 0 0 0 0 66 
7    1    3840    0.1    7680
67 0 0 0 0 0 0 0 0 0 
0 53 0 0 0 0 0 0 0 0 
0 0 0 0 0 0 0 0 98 0 
0 0 0 0 0 0 0 0 0 47 
0 0 0 67 0 0 0 0 0 0 
0 0 0 0 70 0 0 0 0 0 
0 0 0 0 0 0 0 40 0 0 
5    0    1848    0.9    3696
0 0 0 50 0 0 0 0 0 0 
0 0 0 0 48 0 0 0 0 0 
0 0 0 0 0 78 0 0 0 0 
17 0 0 0 0 0 0 0 0 0 
0 0 0 0 0 0 0 0 0 25 
7    1    2238    0.6    4476
7 0 0 0 0 0 0 0 0 0 
0 12 0 0 0 0 0 0 0 0 
0 0 100 0 0 0 0 0 0 0 
0 0 0 0 0 0 0 0 0 79 
0 0 0 84 0 0 0 0 0 0 
0 0 0 0 31 0 0 0 0 0 
0 0 0 0 0 75 0 0 0 0 
6    0    2166    0.4    4332
0 0 0 70 0 0 0 0 0 0 
0 0 0 0 59 0 0 0 0 0 
0 0 0 0 0 0 91 0 0 0 
0 0 0 0 0 0 0 6 0 0 
55 0 0 0 0 0 0 0 0 0 
0 49 0 0 0 0 0 0 0 0 
9    3    3459    0.4    6918
0 0 0 0 0 0 0 0 37 0 
0 0 0 0 0 0 0 0 0 20 
0 0 0 86 0 0 0 0 0 0 
0 0 0 0 64 0 0 0 0 0 
0 0 0 0 0 10 0 0 0 0 
0 0 0 0 0 0 0 98 0 0 
100 0 0 0 0 0 0 0 0 0 
0 22 0 0 0 0 0 0 0 0 
0 0 94 0 0 0 0 0 0 0 
6    1    2826    0.6    5652
0 0 0 0 0 0 0 0 65 0 
0 0 0 0 0 0 0 0 0 78 
0 0 0 0 0 0 50 0 0 0 
0 0 0 0 0 0 0 42 0 0 
0 0 0 16 0 0 0 0 0 0 
23 0 0 0 0 0 0 0 0 0 
9    2    4575    0.3    9150
44 0 0 0 0 0 0 0 0 0 
0 79 0 0 0 0 0 0 0 0 
0 0 99 0 0 0 0 0 0 0 
0 0 0 3 0 0 0 0 0 0 
0 0 0 0 49 0 0 0 0 0 
0 0 0 0 0 20 0 0 0 0 
0 0 0 0 0 0 86 0 0 0 
0 0 0 0 0 0 0 78 0 0 
0 0 0 0 0 0 0 0 0 69 
5    2    1629    0.1    3258
0 0 0 0 0 0 0 24 0 0 
0 0 0 0 0 0 0 0 0 98 
0 0 0 6 0 0 0 0 0 0 
36 0 0 0 0 0 0 0 0 0 
0 73 0 0 0 0 0 0 0 0 
5    2    540    0.2    1080
0 0 0 0 0 0 0 18 0 0 
0 0 0 13 0 0 0 0 0 0 
1 0 0 0 0 0 0 0 0 0 
0 65 0 0 0 0 0 0 0 0 
0 0 14 0 0 0 0 0 0 0 
5    0    1404    0.7    2808
0 0 0 0 0 0 37 0 0 0 
0 0 0 0 0 0 0 37 0 0 
0 0 0 0 0 0 0 0 0 63 
52 0 0 0 0 0 0 0 0 0 
0 51 0 0 0 0 0 0 0 0 
7    2    2295    0.2    4590
0 0 0 0 0 0 0 0 0 58 
0 0 0 49 0 0 0 0 0 0 
42 0 0 0 0 0 0 0 0 0 
0 57 0 0 0 0 0 0 0 0 
0 0 22 0 0 0 0 0 0 0 
0 0 0 0 0 0 61 0 0 0 
0 0 0 0 0 0 0 41 0 0 
9    3    3141    0.9    6282
0 0 0 12 0 0 0 0 0 0 
0 0 0 0 69 0 0 0 0 0 
4 0 0 0 0 0 0 0 0 0 
0 40 0 0 0 0 0 0 0 0 
0 0 100 0 0 0 0 0 0 0 
0 0 0 0 0 0 67 0 0 0 
0 0 0 0 0 0 0 5 0 0 
0 0 0 0 0 0 0 0 99 0 
0 0 0 0 0 0 0 0 0 12 
7    1    1830    0.7    3660
0 0 0 0 0 0 0 0 0 11 
0 0 0 90 0 0 0 0 0 0 
0 0 0 0 10 0 0 0 0 0 
0 0 0 0 0 3 0 0 0 0 
0 0 0 0 0 0 35 0 0 0 
0 0 0 0 0 0 0 70 0 0 
14 0 0 0 0 0 0 0 0 0 
7    1    2328    0.3    4656
60 0 0 0 0 0 0 0 0 0 
0 0 0 0 0 0 0 0 33 0 
0 0 0 0 0 0 0 0 0 57 
0 0 0 2 0 0 0 0 0 0 
0 0 0 0 21 0 0 0 0 0 
0 0 0 0 0 83 0 0 0 0 
0 0 0 0 0 0 0 3 0 0 
9    2    3165    0.4    6330
0 0 0 0 0 0 0 83 0 0 
0 0 0 0 0 0 0 0 41 0 
0 0 0 0 0 0 0 0 0 49 
0 0 0 52 0 0 0 0 0 0 
0 0 0 0 43 0 0 0 0 0 
0 0 0 0 0 58 0 0 0 0 
6 0 0 0 0 0 0 0 0 0 
0 9 0 0 0 0 0 0 0 0 
0 0 100 0 0 0 0 0 0 0 
8    2    3360    0.3    6720
0 0 0 71 0 0 0 0 0 0 
32 0 0 0 0 0 0 0 0 0 
0 21 0 0 0 0 0 0 0 0 
0 0 78 0 0 0 0 0 0 0 
0 0 0 0 0 0 0 0 87 0 
0 0 0 0 0 0 0 0 0 37 
0 0 0 0 0 0 87 0 0 0 
0 0 0 0 0 0 0 63 0 0 
7    2    1656    0.1    3312
31 0 0 0 0 0 0 0 0 0 
0 56 0 0 0 0 0 0 0 0 
0 0 21 0 0 0 0 0 0 0 
0 0 0 6 0 0 0 0 0 0 
0 0 0 0 0 0 0 0 0 7 
0 0 0 0 0 0 28 0 0 0 
0 0 0 0 0 0 0 36 0 0 
8    2    2817    0.4    5634
64 0 0 0 0 0 0 0 0 0 
0 58 0 0 0 0 0 0 0 0 
0 0 80 0 0 0 0 0 0 0 
0 0 0 93 0 0 0 0 0 0 
0 0 0 0 24 0 0 0 0 0 
0 0 0 0 0 4 0 0 0 0 
0 0 0 0 0 0 0 0 16 0 
0 0 0 0 0 0 0 0 0 51 
7    2    2757    0.8    5514
0 0 0 0 0 0 0 0 0 87 
0 0 0 0 0 0 0 54 0 0 
11 0 0 0 0 0 0 0 0 0 
0 35 0 0 0 0 0 0 0 0 
0 0 89 0 0 0 0 0 0 0 
0 0 0 32 0 0 0 0 0 0 
0 0 0 0 65 0 0 0 0 0 
8    3    3378    0.2    6756
78 0 0 0 0 0 0 0 0 0 
0 68 0 0 0 0 0 0 0 0 
0 0 11 0 0 0 0 0 0 0 
0 0 0 69 0 0 0 0 0 0 
0 0 0 0 0 0 0 0 46 0 
0 0 0 0 0 0 0 0 0 71 
0 0 0 0 0 0 32 0 0 0 
0 0 0 0 0 0 0 1 0 0 
9    3    4467    0.4    8934
62 0 0 0 0 0 0 0 0 0 
0 50 0 0 0 0 0 0 0 0 
0 0 88 0 0 0 0 0 0 0 
0 0 0 50 0 0 0 0 0 0 
0 0 0 0 94 0 0 0 0 0 
0 0 0 0 0 28 0 0 0 0 
0 0 0 0 0 0 0 0 3 0 
0 0 0 0 0 0 0 0 0 67 
0 0 0 0 0 0 0 9 0 0 
6    0    1686    0.7    3372
0 0 0 0 0 0 0 48 0 0 
43 0 0 0 0 0 0 0 0 0 
0 29 0 0 0 0 0 0 0 0 
0 0 18 0 0 0 0 0 0 0 
0 0 0 97 0 0 0 0 0 0 
0 0 0 0 100 0 0 0 0 0 
5    0    1242    0.7    2484
0 0 0 46 0 0 0 0 0 0 
0 0 0 0 7 0 0 0 0 0 
18 0 0 0 0 0 0 0 0 0 
0 52 0 0 0 0 0 0 0 0 
0 0 0 0 0 0 0 79 0 0 
9    2    3984    0.3    7968
0 0 0 50 0 0 0 0 0 0 
0 0 0 0 80 0 0 0 0 0 
51 0 0 0 0 0 0 0 0 0 
0 94 0 0 0 0 0 0 0 0 
0 0 57 0 0 0 0 0 0 0 
0 0 0 0 0 0 0 0 40 0 
0 0 0 0 0 0 0 0 0 14 
0 0 0 0 0 0 11 0 0 0 
0 0 0 0 0 0 0 38 0 0 
8    0    3201    0.8    6402
0 0 0 0 0 0 0 0 24 0 
0 0 0 0 0 0 0 0 0 76 
0 0 0 59 0 0 0 0 0 0 
0 0 0 0 2 0 0 0 0 0 
71 0 0 0 0 0 0 0 0 0 
0 69 0 0 0 0 0 0 0 0 
0 0 42 0 0 0 0 0 0 0 
0 0 0 0 0 0 0 78 0 0 
9    3    3642    0.5    7284
0 0 0 0 0 0 61 0 0 0 
0 0 0 0 0 0 0 58 0 0 
0 0 0 45 0 0 0 0 0 0 
0 0 0 0 5 0 0 0 0 0 
0 0 0 0 0 68 0 0 0 0 
83 0 0 0 0 0 0 0 0 0 
0 71 0 0 0 0 0 0 0 0 
0 0 6 0 0 0 0 0 0 0 
0 0 0 0 0 0 0 0 0 35 
9    0    3372    0.4    6744
0 0 0 0 0 0 0 0 5 0 
0 0 0 0 0 0 0 0 0 72 
0 0 0 0 0 0 0 52 0 0 
0 0 0 86 0 0 0 0 0 0 
0 0 0 0 79 0 0 0 0 0 
0 0 0 0 0 57 0 0 0 0 
28 0 0 0 0 0 0 0 0 0 
0 98 0 0 0 0 0 0 0 0 
0 0 51 0 0 0 0 0 0 0 
7    0    3081    0.6    6162
81 0 0 0 0 0 0 0 0 0 
0 53 0 0 0 0 0 0 0 0 
0 0 0 0 0 0 0 0 74 0 
0 0 0 0 0 0 0 0 0 45 
0 0 0 0 0 0 0 28 0 0 
0 0 0 22 0 0 0 0 0 0 
0 0 0 0 1 0 0 0 0 0 
5    3    1344    0.6    2688
0 0 0 0 0 0 0 0 0 65 
32 0 0 0 0 0 0 0 0 0 
0 0 0 73 0 0 0 0 0 0 
0 0 0 0 25 0 0 0 0 0 
0 0 0 0 0 48 0 0 0 0 
9    3    4872    0.6    9744
0 0 0 0 0 0 59 0 0 0 
0 0 0 0 0 0 0 70 0 0 
0 0 0 67 0 0 0 0 0 0 
0 0 0 0 49 0 0 0 0 0 
0 0 0 0 0 96 0 0 0 0 
34 0 0 0 0 0 0 0 0 0 
0 99 0 0 0 0 0 0 0 0 
0 0 42 0 0 0 0 0 0 0 
0 0 0 0 0 0 0 0 0 93 
7    0    3249    0.7    6498
46 0 0 0 0 0 0 0 0 0 
0 62 0 0 0 0 0 0 0 0 
0 0 0 84 0 0 0 0 0 0 
0 0 0 0 61 0 0 0 0 0 
0 0 0 0 0 25 0 0 0 0 
0 0 0 0 0 0 0 0 0 35 
0 0 0 0 0 0 0 47 0 0 
8    1    4485    0.3    8970
0 0 0 0 0 0 69 0 0 0 
0 0 0 0 0 0 0 69 0 0 
0 0 0 0 0 0 0 0 12 0 
0 0 0 0 0 0 0 0 0 95 
69 0 0 0 0 0 0 0 0 0 
0 93 0 0 0 0 0 0 0 0 
0 0 96 0 0 0 0 0 0 0 
0 0 0 70 0 0 0 0 0 0 
6    1    2097    0.2    4194
3 0 0 0 0 0 0 0 0 0 
0 24 0 0 0 0 0 0 0 0 
0 0 0 90 0 0 0 0 0 0 
0 0 0 0 96 0 0 0 0 0 
0 0 0 0 0 85 0 0 0 0 
0 0 0 0 0 0 0 25 0 0 
9    0    4119    0.9    8238
0 0 0 35 0 0 0 0 0 0 
0 0 0 0 18 0 0 0 0 0 
0 0 0 0 0 93 0 0 0 0 
0 0 0 0 0 0 12 0 0 0 
0 0 0 0 0 0 0 75 0 0 
56 0 0 0 0 0 0 0 0 0 
0 93 0 0 0 0 0 0 0 0 
0 0 96 0 0 0 0 0 0 0 
0 0 0 0 0 0 0 0 0 15 
5    3    1593    0.6    3186
0 0 0 0 0 0 0 97 0 0 
32 0 0 0 0 0 0 0 0 0 
0 41 0 0 0 0 0 0 0 0 
0 0 21 0 0 0 0 0 0 0 
0 0 0 10 0 0 0 0 0 0 
9    0    4155    0.3    8310
0 0 0 0 0 0 19 0 0 0 
0 0 0 0 0 0 0 99 0 0 
89 0 0 0 0 0 0 0 0 0 
0 5 0 0 0 0 0 0 0 0 
0 0 63 0 0 0 0 0 0 0 
0 0 0 0 0 0 0 0 69 0 
0 0 0 0 0 0 0 0 0 48 
0 0 0 79 0 0 0 0 0 0 
0 0 0 0 88 0 0 0 0 0 
7    3    3054    0.1    6108
0 0 0 85 0 0 0 0 0 0 
0 0 0 0 0 0 0 0 10 0 
0 0 0 0 0 0 0 0 0 92 
0 0 0 0 0 0 90 0 0 0 
0 0 0 0 0 0 0 51 0 0 
38 0 0 0 0 0 0 0 0 0 
0 15 0 0 0 0 0 0 0 0 
5    2    930    0.3    1860
0 0 0 28 0 0 0 0 0 0 
31 0 0 0 0 0 0 0 0 0 
0 42 0 0 0 0 0 0 0 0 
0 0 7 0 0 0 0 0 0 0 
0 0 0 0 0 0 0 0 0 21 
7    0    4056    0.2    8112
0 0 0 0 0 0 96 0 0 0 
0 0 0 0 0 0 0 87 0 0 
0 0 0 0 0 0 0 0 42 0 
0 0 0 0 0 0 0 0 0 73 
0 0 0 69 0 0 0 0 0 0 
83 0 0 0 0 0 0 0 0 0 
0 22 0 0 0 0 0 0 0 0 
6    3    1329    0.7    2658
0 0 0 5 0 0 0 0 0 0 
0 0 0 0 39 0 0 0 0 0 
0 0 0 0 0 59 0 0 0 0 
35 0 0 0 0 0 0 0 0 0 
0 70 0 0 0 0 0 0 0 0 
0 0 99 0 0 0 0 0 0 0 
5    3    1776    0.8    3552
63 0 0 0 0 0 0 0 0 0 
0 39 0 0 0 0 0 0 0 0 
0 0 0 0 0 0 0 0 0 62 
0 0 0 0 0 0 8 0 0 0 
0 0 0 0 0 0 0 99 0 0 
8    0    1890    0.9    3780
0 0 0 0 0 0 0 49 0 0 
0 0 0 60 0 0 0 0 0 0 
0 0 0 0 2 0 0 0 0 0 
0 0 0 0 0 47 0 0 0 0 
0 0 0 0 0 0 0 0 0 9 
13 0 0 0 0 0 0 0 0 0 
0 44 0 0 0 0 0 0 0 0 
0 0 12 0 0 0 0 0 0 0 
5    2    2175    0.4    4350
0 0 0 67 0 0 0 0 0 0 
0 0 0 0 10 0 0 0 0 0 
0 0 0 0 0 76 0 0 0 0 
78 0 0 0 0 0 0 0 0 0 
0 0 0 0 0 0 0 0 0 74 
7    3    2853    0.2    5706
0 0 0 0 0 0 0 0 80 0 
0 0 0 0 0 0 0 0 0 92 
35 0 0 0 0 0 0 0 0 0 
0 96 0 0 0 0 0 0 0 0 
0 0 0 11 0 0 0 0 0 0 
0 0 0 0 54 0 0 0 0 0 
0 0 0 0 0 72 0 0 0 0 
9    2    2643    0.4    5286
0 0 0 0 0 0 0 0 0 45 
58 0 0 0 0 0 0 0 0 0 
0 4 0 0 0 0 0 0 0 0 
0 0 27 0 0 0 0 0 0 0 
0 0 0 0 0 0 53 0 0 0 
0 0 0 0 0 0 0 37 0 0 
0 0 0 37 0 0 0 0 0 0 
0 0 0 0 98 0 0 0 0 0 
0 0 0 0 0 73 0 0 0 0 
6    0    2520    0.5    5040
88 0 0 0 0 0 0 0 0 0 
0 87 0 0 0 0 0 0 0 0 
0 0 0 0 0 0 0 0 0 55 
0 0 0 28 0 0 0 0 0 0 
0 0 0 0 56 0 0 0 0 0 
0 0 0 0 0 66 0 0 0 0 
9    3    2832    0.1    5664
9 0 0 0 0 0 0 0 0 0 
0 65 0 0 0 0 0 0 0 0 
0 0 25 0 0 0 0 0 0 0 
0 0 0 0 0 0 0 0 58 0 
0 0 0 0 0 0 0 0 0 59 
0 0 0 11 0 0 0 0 0 0 
0 0 0 0 16 0 0 0 0 0 
0 0 0 0 0 2 0 0 0 0 
0 0 0 0 0 0 0 88 0 0 
8    0    4233    0.8    8466
21 0 0 0 0 0 0 0 0 0 
0 82 0 0 0 0 0 0 0 0 
0 0 81 0 0 0 0 0 0 0 
0 0 0 0 0 0 52 0 0 0 
0 0 0 0 0 0 0 99 0 0 
0 0 0 0 0 0 0 0 0 74 
0 0 0 29 0 0 0 0 0 0 
0 0 0 0 19 0 0 0 0 0 
7    0    2871    0.6    5742
0 0 0 87 0 0 0 0 0 0 
0 0 0 0 21 0 0 0 0 0 
0 0 0 0 0 45 0 0 0 0 
20 0 0 0 0 0 0 0 0 0 
0 0 0 0 0 0 32 0 0 0 
0 0 0 0 0 0 0 90 0 0 
0 0 0 0 0 0 0 0 0 5 
9    3    3186    0.4    6372
0 0 0 0 0 0 0 0 66 0 
0 0 0 0 0 0 0 0 0 91 
14 0 0 0 0 0 0 0 0 0 
0 23 0 0 0 0 0 0 0 0 
0 0 0 0 0 0 64 0 0 0 
0 0 0 0 0 0 0 40 0 0 
0 0 0 22 0 0 0 0 0 0 
0 0 0 0 35 0 0 0 0 0 
0 0 0 0 0 12 0 0 0 0 
6    1    1257    0.5    2514
0 0 0 8 0 0 0 0 0 0 
0 0 0 0 0 0 0 0 0 46 
26 0 0 0 0 0 0 0 0 0 
0 49 0 0 0 0 0 0 0 0 
0 0 16 0 0 0 0 0 0 0 
0 0 0 0 0 0 0 30 0 0 
6    2    2838    0.5    5676
67 0 0 0 0 0 0 0 0 0 
0 0 0 97 0 0 0 0 0 0 
0 0 0 0 31 0 0 0 0 0 
0 0 0 0 0 15 0 0 0 0 
0 0 0 0 0 0 0 0 0 92 
0 0 0 0 0 0 0 41 0 0 
8    0    3153    0.3    6306
31 0 0 0 0 0 0 0 0 0 
0 22 0 0 0 0 0 0 0 0 
0 0 2 0 0 0 0 0 0 0 
0 0 0 28 0 0 0 0 0 0 
0 0 0 0 67 0 0 0 0 0 
0 0 0 0 0 99 0 0 0 0 
0 0 0 0 0 0 0 81 0 0 
0 0 0 0 0 0 0 0 0 63 
6    0    2769    0.1    5538
86 0 0 0 0 0 0 0 0 0 
0 75 0 0 0 0 0 0 0 0 
0 0 0 5 0 0 0 0 0 0 
0 0 0 0 76 0 0 0 0 0 
0 0 0 0 0 87 0 0 0 0 
0 0 0 0 0 0 0 0 0 75 
9    1    4092    0.8    8184
0 0 0 0 0 0 0 0 94 0 
0 0 0 0 0 0 0 0 0 13 
48 0 0 0 0 0 0 0 0 0 
0 89 0 0 0 0 0 0 0 0 
0 0 83 0 0 0 0 0 0 0 
0 0 0 0 0 0 0 2 0 0 
0 0 0 71 0 0 0 0 0 0 
0 0 0 0 86 0 0 0 0 0 
0 0 0 0 0 69 0 0 0 0 
5    2    1005    0.4    2010
49 0 0 0 0 0 0 0 0 0 
0 27 0 0 0 0 0 0 0 0 
0 0 0 31 0 0 0 0 0 0 
0 0 0 0 6 0 0 0 0 0 
0 0 0 0 0 0 0 9 0 0 
6    2    1536    0.5    3072
39 0 0 0 0 0 0 0 0 0 
0 51 0 0 0 0 0 0 0 0 
0 0 74 0 0 0 0 0 0 0 
0 0 0 30 0 0 0 0 0 0 
0 0 0 0 32 0 0 0 0 0 
0 0 0 0 0 81 0 0 0 0 
7    3    3063    0.1    6126
97 0 0 0 0 0 0 0 0 0 
0 0 0 0 0 0 22 0 0 0 
0 0 0 0 0 0 0 74 0 0 
0 0 0 10 0 0 0 0 0 0 
0 0 0 0 90 0 0 0 0 0 
0 0 0 0 0 0 0 0 65 0 
0 0 0 0 0 0 0 0 0 51 
8    0    2172    0.1    4344
0 0 0 44 0 0 0 0 0 0 
0 0 0 0 13 0 0 0 0 0 
0 0 0 0 0 46 0 0 0 0 
0 0 0 0 0 0 0 0 0 26 
0 0 0 0 0 0 0 42 0 0 
15 0 0 0 0 0 0 0 0 0 
0 79 0 0 0 0 0 0 0 0 
0 0 19 0 0 0 0 0 0 0 
6    2    2082    0.7    4164
91 0 0 0 0 0 0 0 0 0 
0 30 0 0 0 0 0 0 0 0 
0 0 0 0 0 0 71 0 0 0 
0 0 0 0 0 0 0 3 0 0 
0 0 0 0 0 0 0 0 55 0 
0 0 0 0 0 0 0 0 0 99 
5    1    2115    0.7    4230
68 0 0 0 0 0 0 0 0 0 
0 0 0 23 0 0 0 0 0 0 
0 0 0 0 75 0 0 0 0 0 
0 0 0 0 0 94 0 0 0 0 
0 0 0 0 0 0 0 93 0 0 
6    3    2013    0.7    4026
0 0 0 0 0 0 0 0 0 19 
0 0 0 85 0 0 0 0 0 0 
0 0 0 0 91 0 0 0 0 0 
0 0 0 0 0 67 0 0 0 0 
85 0 0 0 0 0 0 0 0 0 
0 10 0 0 0 0 0 0 0 0 
5    2    2361    0.9    4722
0 0 0 0 0 0 77 0 0 0 
0 0 0 0 0 0 0 56 0 0 
67 0 0 0 0 0 0 0 0 0 
0 65 0 0 0 0 0 0 0 0 
0 0 0 0 0 0 0 0 0 95 
7    2    3081    0.4    6162
0 0 0 94 0 0 0 0 0 0 
0 0 0 0 38 0 0 0 0 0 
0 0 0 0 0 62 0 0 0 0 
85 0 0 0 0 0 0 0 0 0 
0 2 0 0 0 0 0 0 0 0 
0 0 93 0 0 0 0 0 0 0 
0 0 0 0 0 0 0 0 0 62 
9    3    4605    0.9    9210
99 0 0 0 0 0 0 0 0 0 
0 11 0 0 0 0 0 0 0 0 
0 0 59 0 0 0 0 0 0 0 
0 0 0 0 0 0 82 0 0 0 
0 0 0 0 0 0 0 58 0 0 
0 0 0 54 0 0 0 0 0 0 
0 0 0 0 90 0 0 0 0 0 
0 0 0 0 0 29 0 0 0 0 
0 0 0 0 0 0 0 0 0 64 
7    0    2259    0.5    4518
0 0 0 0 0 0 0 0 62 0 
0 0 0 0 0 0 0 0 0 59 
80 0 0 0 0 0 0 0 0 0 
0 35 0 0 0 0 0 0 0 0 
0 0 0 11 0 0 0 0 0 0 
0 0 0 0 63 0 0 0 0 0 
0 0 0 0 0 44 0 0 0 0 
6    2    1845    0.7    3690
85 0 0 0 0 0 0 0 0 0 
0 44 0 0 0 0 0 0 0 0 
0 0 81 0 0 0 0 0 0 0 
0 0 0 44 0 0 0 0 0 0 
0 0 0 0 30 0 0 0 0 0 
0 0 0 0 0 97 0 0 0 0 
8    0    2808    0.8    5616
0 0 0 0 0 0 0 0 0 91 
0 0 0 11 0 0 0 0 0 0 
0 0 0 0 46 0 0 0 0 0 
0 0 0 0 0 28 0 0 0 0 
0 0 0 0 0 0 0 25 0 0 
94 0 0 0 0 0 0 0 0 0 
0 71 0 0 0 0 0 0 0 0 
0 0 69 0 0 0 0 0 0 0 
9    0    4794    0.7    9588
0 0 0 98 0 0 0 0 0 0 
0 0 0 0 25 0 0 0 0 0 
65 0 0 0 0 0 0 0 0 0 
0 55 0 0 0 0 0 0 0 0 
0 0 63 0 0 0 0 0 0 0 
0 0 0 0 0 0 93 0 0 0 
0 0 0 0 0 0 0 75 0 0 
0 0 0 0 0 0 0 0 94 0 
0 0 0 0 0 0 0 0 0 91 
6    1    1146    0.8    2292
23 0 0 0 0 0 0 0 0 0 
0 28 0 0 0 0 0 0 0 0 
0 0 0 0 0 0 0 0 0 6 
0 0 0 89 0 0 0 0 0 0 
0 0 0 0 20 0 0 0 0 0 
0 0 0 0 0 67 0 0 0 0 
5    2    2058    0.8    4116
0 0 0 0 0 0 0 0 0 36 
88 0 0 0 0 0 0 0 0 0 
0 32 0 0 0 0 0 0 0 0 
0 0 0 60 0 0 0 0 0 0 
0 0 0 0 0 0 0 19 0 0 
7    3    1962    0.9    3924
0 0 0 0 0 0 0 0 32 0 
0 0 0 0 0 0 0 0 0 37 
0 0 0 23 0 0 0 0 0 0 
0 0 0 0 0 0 0 43 0 0 
13 0 0 0 0 0 0 0 0 0 
0 99 0 0 0 0 0 0 0 0 
0 0 78 0 0 0 0 0 0 0 
9    0    3186    0.4    6372
0 0 0 0 0 0 68 0 0 0 
0 0 0 0 0 0 0 14 0 0 
0 0 0 0 0 0 0 0 85 0 
0 0 0 0 0 0 0 0 0 60 
0 0 0 10 0 0 0 0 0 0 
0 0 0 0 25 0 0 0 0 0 
16 0 0 0 0 0 0 0 0 0 
0 87 0 0 0 0 0 0 0 0 
0 0 94 0 0 0 0 0 0 0 
7    2    2697    0.5    5394
0 0 0 0 0 0 0 0 0 29 
0 0 0 0 0 0 0 63 0 0 
0 0 0 82 0 0 0 0 0 0 
0 0 0 0 78 0 0 0 0 0 
64 0 0 0 0 0 0 0 0 0 
0 71 0 0 0 0 0 0 0 0 
0 0 100 0 0 0 0 0 0 0 
8    2    2481    0.2    4962
0 0 0 0 0 0 0 32 0 0 
0 0 0 0 0 0 0 0 2 0 
0 0 0 0 0 0 0 0 0 97 
0 0 0 47 0 0 0 0 0 0 
0 0 0 0 16 0 0 0 0 0 
0 0 0 0 0 85 0 0 0 0 
50 0 0 0 0 0 0 0 0 0 
0 24 0 0 0 0 0 0 0 0 
5    3    1638    0.1    3276
82 0 0 0 0 0 0 0 0 0 
0 0 0 8 0 0 0 0 0 0 
0 0 0 0 91 0 0 0 0 0 
0 0 0 0 0 28 0 0 0 0 
0 0 0 0 0 0 0 0 0 22 
7    2    3141    0.8    6282
46 0 0 0 0 0 0 0 0 0 
0 74 0 0 0 0 0 0 0 0 
0 0 81 0 0 0 0 0 0 0 
0 0 0 36 0 0 0 0 0 0 
0 0 0 0 22 0 0 0 0 0 
0 0 0 0 0 99 0 0 0 0 
0 0 0 0 0 0 0 79 0 0 
8    0    2487    0.9    4974
43 0 0 0 0 0 0 0 0 0 
0 73 0 0 0 0 0 0 0 0 
0 0 10 0 0 0 0 0 0 0 
0 0 0 0 0 0 0 0 86 0 
0 0 0 0 0 0 0 0 0 42 
0 0 0 22 0 0 0 0 0 0 
0 0 0 0 92 0 0 0 0 0 
0 0 0 0 0 26 0 0 0 0 
5    1    1041    0.4    2082
48 0 0 0 0 0 0 0 0 0 
0 0 0 0 0 0 0 0 0 12 
0 0 0 5 0 0 0 0 0 0 
0 0 0 0 27 0 0 0 0 0 
0 0 0 0 0 96 0 0 0 0 
6    3    2589    0.5    5178
0 0 0 32 0 0 0 0 0 0 
0 0 0 0 95 0 0 0 0 0 
81 0 0 0 0 0 0 0 0 0 
0 58 0 0 0 0 0 0 0 0 
0 0 0 0 0 0 80 0 0 0 
0 0 0 0 0 0 0 79 0 0 
5    0    1893    0.6    3786
73 0 0 0 0 0 0 0 0 0 
0 71 0 0 0 0 0 0 0 0 
0 0 91 0 0 0 0 0 0 0 
0 0 0 60 0 0 0 0 0 0 
0 0 0 0 55 0 0 0 0 0 
8    3    2295    0.6    4590
0 0 0 100 0 0 0 0 0 0 
0 0 0 0 6 0 0 0 0 0 
0 0 0 0 0 8 0 0 0 0 
80 0 0 0 0 0 0 0 0 0 
0 50 0 0 0 0 0 0 0 0 
0 0 40 0 0 0 0 0 0 0 
0 0 0 0 0 0 34 0 0 0 
0 0 0 0 0 0 0 4 0 0 
8    3    4257    0.8    8514
0 0 0 72 0 0 0 0 0 0 
0 0 0 0 86 0 0 0 0 0 
0 0 0 0 0 75 0 0 0 0 
75 0 0 0 0 0 0 0 0 0 
0 0 0 0 0 0 28 0 0 0 
0 0 0 0 0 0 0 46 0 0 
0 0 0 0 0 0 0 0 62 0 
0 0 0 0 0 0 0 0 0 16 
6    0    2433    0.2    4866
0 0 0 10 0 0 0 0 0 0 
0 0 0 0 66 0 0 0 0 0 
57 0 0 0 0 0 0 0 0 0 
0 0 0 0 0 0 0 0 81 0 
0 0 0 0 0 0 0 0 0 63 
0 0 0 0 0 0 0 3 0 0 
