8 15 3 2 3

1 1 2 2 2 3 3 3 

0 11 30 
51 0 41 
6 22 0 

0 1 1 
1 0 1 
1 1 0 

9 6 8 8 9 8 7 8 
7 9 7 7 6 9 6 7 

9    0    322    0.6
0 26 0 1 0 0 24 0 
0 16 0 0 0 0 0 0 
13 0 19 0 0 0 18 0 
7 0 0 0 0 0 9 0 
17 0 0 0 0 29 0 0 
0 0 0 0 0 0 6 0 
13 0 0 0 19 30 0 0 
0 7 0 0 11 0 0 6 
0 0 25 0 0 0 25 0 
18    0    680    0.7
0 8 0 0 0 0 0 0 
0 0 0 0 28 0 18 0 
22 0 0 15 0 0 0 9 
0 0 0 0 0 0 16 0 
0 17 0 0 0 0 9 0 
0 0 0 0 11 0 0 0 
0 0 0 24 0 0 0 22 
0 0 0 0 18 0 0 0 
0 0 20 0 0 0 0 7 
0 6 0 0 0 0 0 0 
11 0 6 0 0 0 0 0 
0 6 0 0 0 0 0 0 
0 0 0 0 29 0 0 0 
2 0 0 0 0 0 0 0 
30 0 0 7 0 0 4 0 
0 0 0 23 0 0 0 0 
0 0 0 0 0 0 0 5 
29 0 0 0 0 0 0 0 
11    1    403    0.9
0 10 0 0 0 0 0 11 
0 0 0 2 0 0 0 0 
0 0 0 21 0 0 20 0 
0 10 0 9 0 0 0 3 
0 2 0 0 0 0 0 0 
0 30 0 0 16 0 27 0 
28 0 10 0 0 0 0 0 
1 0 0 0 0 0 0 24 
0 24 0 0 30 29 0 0 
17 0 0 4 0 0 0 15 
12 0 0 0 0 0 0 15 
12    1    448    0.1
0 7 0 0 0 24 0 0 
0 4 0 0 30 0 0 10 
0 20 30 0 0 0 0 0 
0 0 5 0 0 0 0 0 
0 9 4 0 0 0 0 4 
0 0 0 0 30 0 0 16 
0 1 0 0 26 23 0 0 
22 0 0 0 0 0 24 0 
0 0 0 0 0 0 0 30 
25 0 11 0 0 0 15 0 
14 0 0 0 11 0 0 0 
0 0 25 0 0 0 0 0 
15    0    491    0.7
0 0 0 0 4 0 0 0 
0 0 2 0 0 0 0 0 
0 24 0 0 0 0 0 0 
7 0 0 0 0 0 0 0 
0 0 0 9 0 0 0 0 
0 0 0 0 0 0 16 0 
0 0 0 0 15 24 0 0 
0 10 0 0 14 0 0 0 
0 0 1 0 0 0 0 0 
0 0 0 0 5 13 0 0 
0 0 0 0 0 11 0 0 
0 0 17 0 0 0 0 0 
0 1 0 0 0 0 7 0 
14 0 0 0 0 0 0 0 
0 0 5 0 0 0 11 0 
12    1    430    0.1
24 0 28 0 0 0 0 0 
0 0 6 0 0 0 27 0 
0 0 0 0 0 12 0 0 
26 0 0 0 0 0 0 0 
0 0 0 0 0 0 0 28 
11 0 0 0 11 0 30 0 
10 0 0 0 0 0 0 0 
0 11 0 24 0 0 0 0 
0 0 0 0 0 0 14 0 
0 30 14 0 0 0 16 0 
0 28 0 0 13 0 0 0 
0 0 0 0 7 0 0 0 
5    1    145    0.8
0 0 0 0 0 0 9 0 
0 2 0 0 17 0 21 0 
0 11 0 0 0 0 0 0 
0 0 0 29 0 0 6 0 
0 0 12 0 0 0 0 0 
14    1    489    0.9
22 0 0 0 0 0 0 0 
27 0 0 0 0 0 0 1 
0 0 0 0 0 0 13 0 
0 0 0 0 0 16 0 0 
10 0 0 0 0 14 0 0 
9 0 0 0 0 0 0 0 
1 0 4 0 0 18 0 0 
0 0 27 0 0 0 30 0 
17 0 2 0 0 0 0 0 
15 0 16 0 0 0 0 0 
17 0 0 0 14 0 0 0 
27 0 0 0 29 0 0 0 
0 19 0 7 0 0 0 10 
0 4 0 0 11 21 0 0 
13    1    443    0.4
0 13 0 0 0 0 0 11 
0 0 0 21 0 0 0 0 
0 0 19 0 0 0 0 0 
23 0 0 0 0 0 24 0 
21 0 0 0 24 0 0 20 
0 7 0 0 0 0 0 0 
0 10 0 0 0 0 0 0 
0 22 0 9 0 0 0 7 
16 0 0 0 0 0 0 0 
29 0 12 0 0 0 16 0 
8 0 5 0 0 0 0 8 
0 0 0 30 0 0 30 0 
4 0 0 0 0 0 1 0 
7    0    246    0.2
0 0 20 0 0 0 0 4 
22 0 0 0 11 15 0 0 
0 23 0 0 0 0 0 0 
0 0 0 0 0 0 14 0 
0 26 0 0 0 0 0 0 
0 0 0 0 0 0 18 0 
0 17 0 0 12 0 0 3 
9    1    306    0.9
0 24 0 0 14 0 0 0 
0 24 0 0 10 0 0 10 
0 23 0 0 0 0 0 28 
0 2 0 0 0 3 0 0 
14 0 0 0 0 0 9 0 
0 0 3 0 0 0 0 0 
0 0 0 0 0 0 27 0 
0 0 0 0 0 19 0 0 
0 0 14 0 0 0 0 0 
12    0    435    0.1
10 0 0 0 0 5 0 0 
0 0 0 0 4 9 0 0 
20 0 0 0 0 0 0 0 
0 26 0 0 18 0 26 0 
28 0 0 0 0 0 0 0 
0 0 0 0 0 0 0 15 
0 0 0 0 0 1 0 0 
0 0 0 0 19 0 0 0 
0 0 0 10 0 3 0 0 
8 0 0 0 16 0 0 0 
29 0 0 3 0 0 1 0 
26 0 8 0 0 0 25 0 
16    1    636    0.6
0 0 0 17 0 0 0 0 
0 1 0 0 26 0 0 28 
0 0 19 0 0 8 0 0 
30 0 0 10 0 0 0 15 
0 0 0 0 0 0 0 25 
0 19 0 1 0 0 0 25 
0 29 0 0 0 0 0 0 
0 18 0 0 15 0 0 29 
15 0 0 0 15 0 0 26 
0 13 0 0 0 0 6 0 
23 0 12 0 0 0 0 0 
0 0 0 23 0 0 0 28 
7 0 0 0 15 25 0 0 
0 15 0 0 0 0 0 0 
0 11 0 0 24 0 8 0 
6 0 1 0 0 0 4 0 
10    0    345    0.3
0 21 14 0 0 0 0 0 
0 4 0 13 0 0 0 0 
0 24 0 7 0 0 13 0 
27 0 0 0 0 0 0 0 
12 0 0 0 0 0 0 0 
0 10 0 0 0 0 0 20 
0 19 0 0 0 0 6 0 
10 0 6 0 0 0 22 0 
17 0 0 27 0 0 0 8 
6 0 0 0 0 0 0 0 
16    0    616    0.8
23 0 24 0 0 0 0 0 
0 17 0 0 0 0 0 11 
6 0 0 0 0 0 0 4 
0 0 0 0 14 0 0 0 
0 19 18 0 0 24 0 0 
0 13 0 0 6 30 0 0 
0 0 0 10 0 0 0 0 
0 0 0 0 11 0 0 0 
0 20 0 0 2 0 27 0 
0 11 0 24 0 0 0 0 
0 26 0 0 0 27 0 0 
3 0 0 0 30 0 27 0 
0 0 0 0 0 0 0 17 
0 0 0 18 0 0 2 0 
0 17 0 3 0 19 0 0 
0 11 8 0 0 0 14 0 
