18 65 6 6 6

1 1 1 2 2 2 3 3 3 4 4 4 5 5 5 6 6 6 

0 11 30 51 41 6 
22 0 10 18 50 42 
33 33 0 47 9 26 
32 6 22 0 24 25 
6 20 36 9 0 16 
7 42 45 21 20 0 

0 1 1 1 1 1 
1 0 1 1 1 1 
1 1 0 1 1 1 
1 1 1 0 1 1 
1 1 1 1 0 1 
1 1 1 1 1 0 

5 9 5 6 8 5 9 5 5 9 5 5 7 7 7 7 5 8 
5 7 7 8 6 5 6 5 8 9 9 9 5 6 6 8 8 6 
8 9 5 8 9 6 5 8 7 7 7 6 6 7 8 7 6 8 
5 9 9 5 9 5 7 6 9 5 8 5 6 6 6 5 9 7 
9 5 9 9 8 8 8 7 7 5 6 8 7 6 7 5 5 9 
8 8 5 6 6 6 6 9 9 9 8 6 5 5 5 6 9 6 

17    4    762    0.5
0 0 0 0 0 0 0 0 0 0 20 0 0 23 0 0 15 0 
0 0 0 0 0 18 0 0 0 0 30 0 0 0 0 0 28 0 
0 0 8 0 0 0 0 23 0 0 7 0 0 0 0 0 0 11 
0 0 29 0 0 0 13 0 0 0 0 0 2 0 0 0 0 19 
0 6 0 0 0 0 0 0 0 0 0 0 0 0 0 0 0 17 
0 0 5 7 0 0 29 0 0 0 0 24 0 0 5 0 0 0 
0 0 0 0 0 0 10 0 0 0 0 0 0 0 0 0 0 0 
0 17 0 0 0 11 0 0 0 0 0 0 0 0 17 0 0 0 
0 0 29 0 0 0 0 0 0 8 0 0 0 0 9 0 0 7 
0 0 0 0 0 5 0 0 0 0 0 0 23 0 0 0 0 6 
0 0 0 0 0 0 0 22 0 0 0 0 0 9 0 0 0 0 
0 0 21 14 0 0 0 0 0 6 0 0 0 0 0 0 0 0 
24 0 0 0 0 30 29 0 0 0 0 19 0 0 0 0 29 0 
0 0 0 0 0 11 0 0 0 0 0 15 6 0 0 0 0 21 
0 0 4 0 7 0 0 0 0 24 0 0 0 0 0 0 0 27 
0 14 0 0 10 0 0 0 0 0 0 7 0 1 0 0 6 0 
0 0 0 0 0 0 0 0 0 0 0 0 0 0 0 0 21 0 
12    0    540    0.6
18 0 0 0 0 0 0 0 0 0 0 0 0 0 0 0 0 0 
0 0 0 0 0 0 0 0 0 0 0 0 0 0 26 0 0 30 
0 0 0 0 23 0 0 0 0 0 0 29 0 0 0 0 6 0 
0 28 0 0 0 12 17 0 0 0 0 0 0 0 25 0 0 27 
10 0 0 0 20 0 0 0 14 0 7 0 0 0 0 0 14 0 
1 0 0 0 21 0 10 0 0 0 4 0 0 10 0 0 0 0 
0 0 0 0 0 0 5 0 0 25 0 0 0 0 0 0 14 0 
0 0 0 0 0 0 26 0 0 0 9 0 0 0 15 0 0 0 
0 0 0 18 0 0 0 7 0 0 16 0 11 0 0 0 18 0 
0 0 0 0 0 0 0 0 0 0 0 0 13 0 0 0 0 0 
0 25 0 0 0 0 0 20 0 6 0 0 1 0 0 0 0 0 
1 0 0 0 0 0 0 0 0 0 29 0 0 0 0 0 0 0 
12    1    532    0.3
28 0 0 0 30 0 0 0 0 0 0 5 6 0 0 0 27 0 
0 0 0 0 0 0 0 0 0 0 0 1 0 0 0 9 0 0 
0 0 28 0 0 0 0 0 1 0 0 0 0 0 0 0 0 0 
0 0 11 0 30 0 0 0 0 4 0 0 0 0 10 0 16 0 
0 0 0 30 0 0 0 0 0 0 0 0 0 14 0 0 0 12 
0 8 0 0 0 0 0 0 0 29 0 0 0 8 0 27 0 0 
11 0 0 0 0 0 0 2 0 24 0 0 0 9 0 0 0 16 
0 21 0 28 0 0 0 0 11 0 0 0 0 27 0 0 0 2 
0 0 0 0 25 0 0 0 0 0 0 16 0 24 0 1 0 0 
27 0 0 0 0 1 15 0 0 0 13 0 0 0 0 9 0 0 
0 0 0 30 0 0 0 0 0 10 0 0 0 0 0 0 0 0 
0 0 0 30 0 0 0 0 0 0 0 3 0 0 0 0 0 0 
12    5    611    0.6
0 0 0 0 0 11 0 0 0 0 0 0 0 0 0 0 0 0 
0 0 0 0 0 0 0 0 0 0 0 0 28 0 0 0 0 0 
19 0 0 0 0 0 0 0 0 0 0 0 0 0 0 0 0 0 
0 0 0 0 25 0 0 0 14 0 0 0 0 0 0 0 0 0 
0 25 0 0 8 0 29 0 0 0 0 0 0 0 0 0 0 0 
0 0 0 0 0 0 8 0 0 0 26 0 0 0 0 0 0 0 
0 0 14 0 14 0 0 0 0 0 0 0 0 4 0 0 27 0 
0 0 0 17 0 0 15 0 0 21 0 0 8 0 0 0 0 21 
6 0 0 13 0 0 0 0 11 0 0 0 14 0 0 0 21 0 
24 0 0 0 23 0 0 0 0 0 0 0 0 24 0 0 0 0 
0 0 0 0 0 0 0 26 0 0 0 0 0 0 17 0 28 0 
0 0 0 0 0 0 0 0 24 0 0 0 0 0 0 0 0 0 
11    1    471    0.7
11 0 0 0 0 0 0 0 0 24 0 0 4 0 0 0 0 0 
0 0 0 0 9 0 0 0 7 4 0 0 16 0 0 0 0 0 
0 0 0 0 0 0 0 29 0 12 0 0 0 16 0 0 0 0 
0 0 0 0 0 8 0 0 0 5 0 0 0 0 0 0 0 8 
30 0 0 0 0 0 0 5 0 0 0 29 20 0 0 0 0 4 
0 0 0 0 0 22 0 0 11 15 0 0 1 0 0 0 0 0 
0 0 0 0 0 0 0 0 0 0 0 0 6 0 0 0 0 0 
0 18 0 0 0 7 13 0 0 0 0 0 0 0 0 22 0 0 
0 17 0 0 0 0 0 0 0 0 0 0 0 0 0 0 0 12 
0 0 0 0 19 0 24 0 0 0 0 0 0 0 14 0 0 0 
0 0 0 0 0 0 0 0 0 0 0 19 0 0 0 0 0 0 
14    2    587    0.3
0 0 0 0 0 0 0 0 0 0 0 10 0 0 0 0 0 0 
0 0 0 0 0 0 17 0 0 24 0 0 2 0 0 3 0 0 
0 0 0 0 8 0 0 0 0 0 0 7 0 0 0 0 7 0 
4 0 0 0 0 0 0 13 0 0 2 0 0 0 25 0 10 0 
0 0 4 9 0 0 4 0 0 0 0 20 0 0 14 0 0 0 
0 0 0 0 0 0 0 0 0 0 0 26 0 0 18 0 26 0 
0 0 19 0 27 0 0 17 0 10 0 0 0 0 0 0 0 5 
0 0 0 0 0 0 0 0 0 23 0 0 0 0 0 0 0 0 
0 0 0 0 0 10 18 0 0 25 0 0 0 0 0 0 0 0 
0 0 0 0 0 0 7 0 0 0 0 5 0 0 0 0 0 0 
0 0 0 0 0 8 0 0 0 0 0 0 30 0 0 0 0 0 
0 0 0 0 0 0 0 0 0 0 27 0 0 0 0 0 4 0 
20 0 0 0 0 0 0 0 0 0 0 0 0 0 16 0 0 0 
7 0 0 0 0 27 0 0 0 0 0 0 3 0 0 0 12 0 
18    4    825    0.3
0 5 0 0 19 0 0 0 0 0 0 0 0 0 0 0 1 0 
0 0 0 0 0 16 0 0 27 18 0 0 0 0 0 0 0 12 
22 0 0 0 0 0 0 0 0 0 0 0 26 0 0 0 24 0 
0 8 0 0 0 0 0 0 0 0 0 0 0 0 0 0 0 0 
0 5 0 0 23 0 0 0 25 0 0 0 15 0 0 0 0 15 
0 0 0 0 0 1 0 0 0 0 0 0 0 13 0 0 0 0 
0 0 0 0 0 0 0 0 0 0 0 0 0 28 0 23 0 0 
0 0 0 0 0 0 0 0 0 0 0 0 0 0 0 0 15 0 
0 0 0 0 0 28 0 0 0 0 0 0 0 0 10 0 0 0 
20 0 0 0 1 0 0 0 0 0 0 0 0 0 0 0 0 0 
0 7 0 0 0 0 0 0 15 0 0 0 25 0 0 0 0 0 
0 0 2 0 0 0 11 0 0 0 0 0 0 0 24 0 8 0 
0 0 0 0 0 0 0 0 0 0 0 0 29 0 0 0 0 0 
0 0 22 0 0 0 0 0 0 0 0 0 0 0 0 0 0 0 
0 4 0 0 0 0 0 0 0 0 0 28 0 0 0 0 0 0 
0 0 0 0 2 0 0 0 0 0 0 0 0 11 0 0 0 0 
4 0 0 0 13 0 0 0 26 0 1 0 0 0 28 0 0 0 
0 0 0 0 0 0 0 0 0 0 0 0 23 0 0 0 0 0 
15    3    683    0.7
0 0 14 0 0 0 15 0 0 0 0 0 0 10 0 0 0 0 
0 0 0 0 18 0 0 0 0 0 0 0 0 0 0 0 0 0 
0 0 0 0 0 0 0 0 0 8 0 0 0 0 0 0 0 0 
0 0 0 0 0 0 0 0 19 0 0 0 0 0 0 0 0 0 
0 0 0 0 0 0 0 0 20 0 10 0 0 0 0 6 0 0 
0 0 0 0 0 0 0 0 0 0 0 30 0 0 0 0 0 0 
0 0 0 0 0 8 13 0 0 0 0 6 0 19 0 0 0 0 
0 28 0 0 0 24 0 0 0 0 9 0 0 29 0 0 0 28 
0 0 0 0 0 0 28 0 0 0 0 0 0 0 0 0 21 0 
0 0 0 0 0 0 0 0 0 0 0 0 0 0 0 0 30 0 
0 0 0 0 0 0 0 0 0 4 0 0 0 0 0 0 0 0 
0 0 0 0 0 0 0 0 0 0 0 15 0 0 0 0 0 0 
0 0 22 0 0 0 0 0 13 0 0 0 0 14 0 13 0 0 
0 0 0 0 0 0 0 13 0 0 0 0 0 20 0 0 0 2 
0 29 0 0 11 0 0 0 23 27 0 0 0 0 0 0 0 0 
13    1    565    0.7
0 0 9 0 23 0 0 0 15 0 0 17 0 0 0 0 18 0 
0 27 0 0 0 17 0 0 0 0 3 0 19 0 0 0 0 30 
0 0 11 0 0 0 0 0 0 0 0 0 0 0 0 0 0 0 
0 0 5 6 0 0 0 0 0 0 0 0 0 0 0 0 0 8 
0 20 0 0 0 0 0 0 0 19 0 0 0 0 0 0 0 0 
0 0 0 0 0 10 0 0 0 0 0 0 0 0 0 16 0 0 
4 0 0 0 0 0 0 0 25 0 11 0 0 1 0 0 6 0 
0 0 0 0 0 0 28 0 0 0 7 0 0 0 0 30 0 0 
0 0 0 0 0 0 0 0 0 0 0 0 0 0 8 27 0 0 
24 0 0 0 15 0 29 0 0 30 0 0 0 0 0 0 0 0 
0 0 0 0 0 0 0 0 0 0 0 0 0 5 0 0 0 0 
27 0 0 0 0 0 16 0 0 0 0 0 0 0 0 0 0 0 
0 0 0 22 0 0 0 0 0 0 22 0 0 0 0 0 0 0 
5    5    214    0.9
0 0 0 0 0 23 0 0 0 21 0 0 0 0 0 0 0 0 
10 0 0 0 28 0 0 21 0 0 0 0 0 0 0 0 0 0 
0 5 0 0 0 23 0 5 0 0 16 0 0 0 0 0 7 0 
0 0 30 0 18 0 22 0 0 0 0 0 12 0 0 0 0 0 
9 0 0 0 0 0 0 0 0 0 0 9 0 0 0 0 0 0 
16    3    729    0.2
0 0 13 10 0 0 0 0 0 0 23 0 0 0 0 0 0 0 
0 0 0 0 0 12 0 0 0 23 0 0 0 0 0 0 12 0 
0 22 0 0 0 0 13 0 0 0 0 0 0 0 0 0 0 0 
0 0 0 0 0 0 18 0 0 0 0 9 0 0 0 0 0 0 
0 0 23 0 0 30 21 0 0 0 0 0 1 0 0 0 7 0 
0 0 0 24 0 0 0 0 0 0 0 0 0 0 0 0 10 0 
0 0 1 0 0 9 15 0 0 19 0 0 0 0 0 0 8 0 
12 0 0 0 15 0 0 0 0 0 0 0 13 0 0 0 0 0 
0 0 0 0 0 0 0 0 19 0 28 0 0 0 0 18 0 0 
0 0 0 0 0 0 0 0 0 0 0 0 0 27 0 0 0 0 
19 0 0 0 0 12 0 0 0 0 0 10 0 0 1 0 0 17 
0 0 0 6 0 0 0 0 0 0 22 0 0 0 29 0 18 0 
26 0 0 0 0 25 0 0 10 0 0 0 0 12 0 26 0 0 
0 0 11 0 0 24 0 0 18 0 1 0 0 0 10 0 0 0 
23 0 0 0 0 0 0 0 0 0 0 0 0 0 0 0 0 0 
0 0 0 0 0 10 0 9 0 0 0 0 4 0 0 0 22 0 
17    2    817    0.7
24 0 0 27 0 0 0 19 0 0 0 0 0 5 0 23 0 0 
0 0 0 0 0 13 0 0 0 0 0 0 0 0 0 0 0 0 
0 0 0 25 0 0 0 0 0 3 0 0 0 0 5 0 0 13 
0 0 0 26 0 0 0 0 9 0 0 19 13 0 0 0 18 0 
30 0 0 0 0 18 0 0 0 0 0 0 0 0 0 6 0 0 
0 0 0 0 0 0 0 0 17 0 28 0 0 0 23 0 0 0 
0 0 19 0 0 0 0 0 0 0 0 0 0 0 0 0 0 22 
25 0 0 0 9 0 0 23 0 0 0 0 0 3 0 0 0 0 
0 0 0 0 0 0 0 0 0 24 0 0 0 0 0 0 27 0 
0 0 0 0 0 0 0 0 0 0 0 0 0 0 0 27 0 0 
0 0 0 0 0 0 0 0 0 0 3 0 27 0 0 0 6 0 
0 0 21 0 2 0 0 0 0 0 0 26 25 0 0 0 4 0 
0 23 0 0 0 0 21 0 0 0 0 0 0 18 0 0 0 0 
0 0 0 4 0 0 0 15 0 8 0 0 0 0 0 0 0 1 
0 0 0 0 19 0 0 0 0 0 0 0 0 0 0 0 0 0 
0 0 0 0 0 0 0 0 0 0 0 0 0 2 0 0 0 0 
0 0 0 0 0 0 0 0 0 0 0 0 0 0 0 0 0 4 
7    2    313    0.6
17 0 0 26 0 0 0 4 0 0 0 0 0 0 14 22 0 0 
0 0 0 0 0 6 0 0 0 6 0 0 0 0 17 0 0 0 
0 0 0 17 0 0 0 0 0 0 0 0 0 0 0 0 0 0 
0 0 0 0 0 0 29 0 0 0 0 0 0 0 0 12 0 0 
0 0 0 8 0 0 0 0 0 0 0 0 0 0 0 0 0 0 
6 0 0 0 15 0 17 0 0 0 0 0 15 0 0 29 0 0 
22 0 0 0 6 0 0 0 0 0 0 0 0 16 0 0 0 0 
5    3    233    0.3
0 0 0 0 29 0 0 21 0 0 0 0 30 0 0 11 0 0 
0 0 0 0 0 25 14 0 0 0 16 0 0 13 0 0 0 26 
13 0 0 3 0 0 14 0 0 17 0 0 0 28 0 0 0 0 
0 0 0 0 0 0 0 0 27 0 0 0 0 0 0 0 0 0 
0 0 0 0 0 15 8 0 0 1 0 0 0 0 28 15 0 0 
8    0    377    0.2
0 0 0 0 29 0 18 0 0 0 0 0 0 20 0 0 0 0 
0 0 0 21 0 0 0 0 4 17 0 0 15 0 0 11 0 0 
0 0 20 0 0 0 0 0 1 0 8 0 0 0 0 0 0 0 
0 0 9 0 0 0 8 0 0 0 25 0 0 0 0 0 0 0 
0 11 0 0 0 0 0 0 0 0 8 0 0 29 0 0 0 0 
0 0 0 0 0 30 8 0 0 9 0 0 0 0 0 0 0 27 
19 0 0 0 0 0 0 0 0 0 0 0 0 0 0 0 0 0 
24 0 0 0 30 0 0 0 0 5 0 0 0 0 0 0 0 0 
16    4    760    0.7
0 0 20 0 0 2 0 0 0 7 0 0 25 0 0 0 0 14 
0 0 0 0 0 0 0 0 0 0 0 0 2 0 0 0 0 0 
0 0 0 0 0 0 22 0 0 0 0 0 0 0 0 0 0 0 
0 0 0 0 0 1 0 0 0 0 0 0 0 2 0 0 0 29 
0 0 2 12 0 0 0 0 0 0 0 0 0 0 0 0 0 16 
0 0 16 0 0 0 0 0 0 0 2 0 0 2 0 0 0 1 
0 0 0 0 0 6 0 0 21 0 30 0 0 0 0 0 0 0 
0 0 0 26 0 0 0 25 0 0 16 0 0 0 16 0 0 20 
0 0 21 0 19 0 0 0 10 0 0 1 0 0 0 29 0 0 
0 0 0 0 0 0 0 0 0 0 0 0 0 0 30 0 0 0 
19 0 0 5 0 0 0 0 0 0 0 0 0 9 0 24 0 0 
0 0 0 0 11 0 0 17 0 0 0 0 0 0 0 0 0 0 
0 0 0 20 0 0 0 0 0 0 0 0 0 0 0 0 0 0 
0 0 7 10 0 0 0 0 0 0 0 30 9 0 0 0 4 0 
0 0 0 0 0 0 0 10 0 0 0 0 0 0 0 4 0 0 
0 0 30 0 2 0 28 0 0 0 0 0 0 0 0 0 8 0 
18    1    760    0.4
0 0 0 0 0 5 0 9 0 0 0 0 0 0 0 18 0 0 
0 0 0 0 0 0 0 0 17 0 0 0 0 0 7 24 0 0 
0 0 8 30 0 0 0 0 0 0 0 25 0 0 0 0 0 0 
0 0 0 0 0 16 0 0 12 0 0 0 0 0 0 26 0 0 
4 0 0 0 21 0 7 0 0 0 10 0 0 0 0 0 28 0 
0 0 0 0 0 0 0 0 0 0 13 0 0 0 0 0 0 17 
1 0 0 0 0 0 0 0 0 0 29 0 0 0 0 0 0 6 
0 0 0 0 0 0 0 0 0 11 0 0 0 0 0 0 17 0 
0 6 0 0 0 0 0 0 0 0 0 0 0 0 0 0 0 0 
0 0 0 0 0 0 0 13 0 0 0 0 0 0 0 0 0 0 
2 0 0 0 0 17 0 20 0 0 0 30 0 0 7 0 0 0 
0 0 0 9 0 0 0 0 0 0 0 0 0 0 0 0 0 0 
0 0 0 0 0 0 28 0 0 0 0 0 0 0 9 0 0 0 
0 0 0 0 0 0 0 0 0 0 0 0 1 0 0 0 0 0 
0 0 0 0 0 0 0 0 0 0 22 0 0 0 0 0 0 0 
0 0 0 9 0 0 0 0 0 0 0 6 0 0 27 0 0 23 
3 0 0 0 0 0 0 0 0 0 0 14 0 0 0 26 0 0 
0 0 0 0 0 21 3 0 0 0 19 0 0 0 26 25 0 0 
16    4    763    0.1
0 0 0 0 3 0 0 0 0 0 0 0 0 0 0 0 0 7 
0 0 0 1 0 0 0 0 0 0 0 0 0 0 0 0 0 0 
0 15 0 19 0 0 0 0 16 0 0 0 9 0 0 0 3 0 
0 4 0 0 0 25 0 0 0 21 0 0 3 0 0 0 0 28 
0 0 0 0 0 0 0 0 0 0 0 0 0 0 0 0 0 8 
0 0 0 0 0 0 0 0 7 0 0 0 0 0 0 0 0 0 
0 0 29 0 0 0 0 0 0 0 16 0 0 20 0 0 0 0 
0 14 0 0 28 0 0 30 0 0 0 22 29 0 0 0 0 0 
0 0 11 0 0 0 0 0 0 0 0 0 0 0 19 22 0 0 
0 0 0 0 11 0 1 0 0 0 9 0 0 0 10 0 26 0 
5 0 0 5 0 0 3 0 0 19 0 0 0 0 0 0 0 0 
0 0 20 0 0 0 0 21 0 0 27 0 27 0 0 23 0 0 
0 0 0 0 0 0 3 0 0 1 0 0 0 0 0 0 0 0 
0 0 1 0 0 0 0 0 0 0 0 25 0 5 0 28 0 0 
0 0 0 0 0 0 26 0 0 0 0 0 0 12 0 0 0 22 
30 0 0 0 0 0 0 0 0 0 0 24 0 0 24 0 0 0 
13    3    620    0.5
0 0 0 16 0 0 0 0 0 0 0 0 0 0 0 0 0 0 
20 0 0 0 0 0 0 0 0 0 0 0 0 0 0 0 28 0 
0 0 0 0 0 0 0 0 13 0 0 0 6 0 0 0 0 0 
15 0 0 0 13 0 0 0 0 0 0 0 0 0 0 0 0 0 
0 0 0 0 0 7 0 0 2 0 0 0 0 22 0 0 0 0 
0 0 0 0 0 30 0 0 0 0 0 20 0 0 0 0 0 0 
0 8 0 0 0 0 0 0 0 0 7 0 0 0 0 0 14 0 
0 4 0 0 16 0 0 0 26 0 24 0 0 0 0 0 18 0 
0 18 0 1 0 0 21 0 0 0 0 0 0 10 0 0 24 0 
0 0 0 0 0 0 26 0 0 0 0 18 0 29 0 0 0 12 
0 0 0 0 0 0 0 0 0 0 22 0 0 0 18 0 0 0 
16 0 0 0 0 13 0 0 19 0 0 0 19 0 0 0 0 0 
28 0 0 0 28 0 0 0 18 0 20 0 0 0 0 0 7 0 
12    4    531    0.3
0 0 0 0 0 0 0 0 0 0 1 0 0 0 0 0 0 0 
0 0 6 2 0 0 5 0 0 24 0 0 16 0 0 0 0 0 
0 0 0 0 0 0 0 0 4 0 11 0 23 0 0 0 0 0 
0 0 0 0 0 16 0 0 0 0 0 0 29 0 0 8 0 0 
0 0 0 0 0 0 0 0 0 0 26 0 0 0 0 0 0 5 
0 0 0 11 0 0 0 27 0 0 0 0 9 0 0 0 0 0 
0 0 0 0 0 19 0 0 0 0 0 0 0 0 0 0 0 0 
0 0 5 0 18 0 0 0 0 0 27 0 0 11 0 0 0 24 
0 0 0 0 0 7 0 0 0 0 0 0 0 0 11 0 0 0 
0 13 0 0 17 0 0 0 0 0 0 0 0 0 26 0 0 0 
0 0 0 5 0 0 21 0 0 0 22 0 0 29 0 23 0 0 
0 0 11 21 0 0 0 26 0 0 4 0 0 0 0 0 11 0 
12    4    560    0.7
29 0 0 0 0 0 0 0 0 0 0 0 0 0 0 0 0 0 
0 0 0 0 0 0 9 0 0 0 0 0 0 0 0 0 0 0 
0 0 22 0 0 13 0 0 0 0 14 0 0 0 0 0 0 0 
0 0 0 0 9 0 0 23 0 0 0 0 0 0 0 0 0 0 
0 0 0 0 0 0 0 0 0 22 0 0 1 0 0 0 0 0 
0 0 0 0 0 0 0 0 0 0 0 0 0 18 0 0 0 0 
0 0 0 0 0 0 0 12 0 24 0 0 0 0 15 0 0 0 
0 17 0 0 0 0 0 0 17 1 0 0 0 0 0 0 8 0 
0 0 0 1 0 0 11 0 0 3 0 0 0 0 0 11 0 0 
0 0 0 0 0 0 0 20 0 0 0 0 0 0 0 0 0 0 
0 0 0 0 0 0 0 0 11 0 0 0 0 0 0 0 0 14 
0 13 0 0 29 0 0 12 0 0 0 0 0 0 24 0 24 0 
11    3    489    0.1
0 0 0 0 6 0 0 6 0 0 10 0 11 0 0 0 24 0 
0 10 0 0 16 0 0 0 0 21 0 0 0 15 0 29 0 0 
0 0 0 0 25 0 0 21 0 20 0 0 0 11 0 0 0 20 
0 0 0 0 27 0 0 0 0 11 0 0 0 0 0 0 10 0 
0 0 23 0 0 11 25 0 0 0 0 0 0 0 0 0 0 17 
0 0 0 0 0 0 0 6 0 0 0 0 0 0 0 0 0 3 
0 0 0 0 0 0 0 0 18 0 0 4 0 6 0 0 1 0 
29 0 0 30 0 0 0 0 0 0 0 0 0 0 0 0 0 0 
0 0 0 0 0 0 25 0 0 0 0 13 2 0 0 0 0 14 
22 0 0 0 0 0 4 0 0 0 0 7 0 0 0 0 0 0 
0 0 0 0 22 0 0 0 0 0 0 0 0 0 0 15 0 0 
16    5    697    0.1
0 0 0 0 0 9 0 0 23 0 0 1 0 13 0 23 0 0 
0 1 0 0 0 0 0 14 0 0 0 0 0 4 0 21 0 0 
0 0 0 0 0 28 0 0 0 0 0 30 0 0 0 0 0 0 
0 0 0 8 0 0 0 0 0 0 0 0 0 0 23 0 0 0 
6 0 0 0 0 0 0 0 0 0 12 0 0 0 4 9 0 0 
0 0 0 0 0 0 0 0 0 0 0 0 0 15 0 0 0 22 
0 0 0 0 0 1 0 0 0 0 0 0 0 0 0 30 0 0 
0 0 0 11 0 0 0 0 0 0 0 0 10 0 0 0 0 0 
0 0 0 0 0 0 0 0 0 0 7 0 0 0 0 0 0 0 
15 0 0 0 0 0 0 0 26 0 0 3 0 0 20 0 0 0 
0 11 0 0 0 0 0 15 0 0 0 0 0 25 0 0 4 0 
0 0 0 0 0 0 0 0 0 0 0 9 0 0 0 0 0 0 
0 0 2 0 2 0 0 0 0 0 0 8 0 0 0 0 0 0 
0 0 0 0 25 0 25 0 0 0 2 0 0 0 0 0 0 0 
0 0 0 0 0 0 0 0 0 0 11 0 0 0 0 0 0 24 
20 0 0 0 0 0 0 0 0 0 0 0 12 0 0 0 0 0 
15    5    690    0.9
0 0 18 29 0 0 0 6 0 0 20 0 0 28 0 0 0 0 
0 0 9 0 0 0 0 20 0 0 0 8 0 28 0 28 0 0 
0 0 20 0 0 18 0 8 0 0 0 22 0 0 0 0 6 0 
0 2 0 0 0 16 0 0 0 0 0 0 0 0 0 0 0 0 
0 0 0 0 10 0 0 9 0 0 0 0 0 22 0 0 8 0 
0 0 23 0 0 0 5 0 0 8 0 0 0 0 0 13 0 0 
0 4 0 0 0 0 0 0 0 0 23 0 0 0 0 0 0 0 
6 0 0 0 0 0 2 0 0 0 0 1 0 0 0 0 0 5 
7 0 0 13 0 0 0 16 0 0 14 0 28 0 0 0 0 0 
0 0 0 0 16 0 0 0 0 0 0 0 0 0 0 0 10 0 
0 0 8 0 0 0 0 0 30 0 0 23 0 0 0 0 0 0 
0 0 21 0 0 0 0 0 20 0 0 0 0 0 0 0 0 27 
0 0 0 0 0 0 0 0 30 0 0 10 2 0 0 0 0 0 
0 0 0 0 30 0 0 0 0 0 0 0 0 17 0 0 0 0 
0 0 0 0 0 0 0 0 0 0 0 0 0 14 0 0 16 0 
7    1    261    0.9
0 0 0 0 0 19 0 2 0 15 0 0 0 16 0 22 0 0 
0 0 22 0 0 0 0 0 0 0 0 0 0 0 25 0 0 0 
6 0 0 0 0 0 0 0 0 4 0 0 0 0 0 0 0 0 
0 0 25 0 0 4 0 0 0 0 0 0 0 0 0 0 10 0 
0 0 30 0 0 0 20 0 0 0 6 0 0 0 19 0 0 0 
0 0 0 0 0 0 0 0 0 0 0 0 0 0 0 1 0 0 
0 0 0 0 0 0 0 0 0 0 0 0 0 0 0 0 30 0 
10    0    485    0.3
0 0 1 0 0 14 0 30 0 21 0 0 0 0 3 0 0 0 
0 0 22 0 29 0 0 0 0 0 0 0 0 0 0 0 0 0 
25 0 0 0 0 0 0 0 0 0 0 0 0 0 0 0 0 0 
0 17 0 27 0 0 0 0 20 0 0 15 0 0 0 0 0 7 
25 0 0 0 0 0 0 0 0 0 0 0 0 0 0 0 0 0 
0 0 0 0 0 0 0 28 0 0 0 0 0 19 0 0 0 0 
0 0 0 4 0 0 12 0 0 0 0 0 0 0 0 0 0 0 
0 0 0 0 17 0 0 0 0 0 0 0 0 0 0 0 0 0 
0 0 29 0 0 12 0 0 0 0 0 0 0 0 0 0 0 0 
0 0 8 0 0 0 0 0 19 0 0 20 0 0 0 0 0 0 
12    0    554    0.4
0 0 0 0 23 0 0 0 0 0 0 0 0 12 0 0 0 16 
0 26 0 0 0 0 0 0 0 0 11 0 0 0 27 0 0 27 
0 0 23 23 0 0 0 0 0 0 23 0 0 0 0 0 0 0 
9 0 0 0 14 0 0 11 0 20 0 0 0 2 0 0 0 0 
0 0 0 0 0 0 0 0 0 0 0 0 0 8 0 1 0 0 
0 0 0 0 0 0 0 0 0 19 0 0 0 0 0 0 0 0 
0 4 0 0 0 0 9 0 0 0 0 4 26 0 0 0 0 7 
0 28 0 0 0 0 0 12 0 0 0 10 0 0 0 0 0 0 
0 0 0 0 0 0 0 0 0 23 0 0 0 26 0 0 0 0 
0 0 28 0 16 0 0 0 3 0 0 0 0 0 0 0 0 0 
0 0 0 0 0 0 0 27 0 0 26 0 0 0 0 26 0 0 
0 0 0 0 0 0 0 5 0 0 0 0 15 0 0 22 0 0 
6    3    265    0.9
0 0 14 0 0 0 0 0 16 15 0 0 0 0 19 0 0 7 
0 0 24 0 0 0 13 0 0 0 0 0 0 0 0 0 0 0 
0 5 0 14 0 0 5 0 0 0 15 0 0 0 0 0 0 13 
0 0 0 0 0 0 0 4 0 23 0 0 18 0 0 0 0 0 
0 0 0 0 0 0 0 0 0 0 18 0 0 0 0 0 0 0 
13 0 0 0 0 0 0 6 0 0 0 0 23 0 0 1 0 0 
8    2    354    0.2
24 0 0 0 0 0 0 25 0 18 0 0 0 0 0 0 1 0 
0 0 0 0 0 22 0 24 0 6 0 0 0 16 0 0 0 19 
0 0 17 0 0 14 0 0 18 0 0 0 0 0 19 0 0 0 
0 7 0 0 7 0 0 0 0 0 28 0 0 0 0 0 13 0 
12 0 0 0 0 0 0 0 0 0 0 0 0 0 3 0 0 28 
0 0 23 0 0 0 19 0 0 0 15 0 5 0 0 0 0 0 
0 13 0 0 0 7 0 0 0 0 0 24 0 13 0 16 0 0 
0 0 26 6 0 0 0 0 0 0 23 0 0 0 0 0 0 0 
9    3    409    0.9
0 0 0 0 0 28 0 0 0 0 26 0 26 0 0 0 12 0 
0 0 0 0 0 0 0 0 5 0 0 0 0 0 0 0 0 0 
0 5 0 0 0 0 0 0 22 0 0 0 0 0 0 0 0 0 
28 0 0 20 0 0 0 0 26 0 19 0 0 0 0 25 0 0 
0 0 22 0 6 0 0 0 0 0 0 0 0 0 0 18 0 0 
21 0 0 0 0 0 0 0 0 0 0 0 0 1 0 0 0 29 
4 0 0 0 0 0 0 0 0 18 0 0 0 0 0 11 0 0 
28 0 0 0 0 0 0 0 0 0 0 0 0 17 0 0 0 0 
0 0 29 0 0 0 0 0 0 0 0 0 0 0 0 0 0 0 
5    2    207    0.4
0 26 0 0 0 0 0 0 0 0 0 0 0 0 0 0 0 0 
0 0 0 0 0 0 0 0 0 0 0 0 0 0 0 0 23 0 
4 0 0 0 0 0 0 0 24 0 12 0 0 0 0 0 6 0 
0 0 0 0 0 0 0 0 0 0 0 0 0 0 0 0 18 0 
0 0 0 0 0 16 4 0 0 0 6 0 0 0 23 17 0 0 
15    0    690    0.2
0 0 27 0 13 0 20 0 0 0 25 0 0 0 0 22 0 0 
0 0 1 0 0 18 23 0 0 0 0 0 0 0 0 0 0 20 
26 0 0 0 16 0 0 2 0 0 0 0 6 0 0 0 0 0 
0 0 26 0 0 0 0 0 0 0 22 0 10 0 0 0 0 0 
0 0 0 0 0 0 0 0 18 0 18 0 0 16 0 29 0 0 
0 0 0 0 12 0 12 0 0 0 22 0 0 0 0 0 0 0 
0 10 0 0 0 0 0 4 0 3 0 0 0 0 21 0 0 0 
0 0 0 0 0 4 0 0 28 1 0 0 0 22 0 0 0 20 
0 0 0 20 0 0 0 0 23 0 19 0 0 22 0 16 0 0 
0 0 0 0 0 0 0 0 0 0 0 0 0 0 0 0 0 7 
0 0 0 0 0 29 0 0 0 10 0 0 0 0 9 0 0 5 
0 0 0 0 0 0 0 19 0 0 0 0 0 0 21 0 0 0 
0 0 0 0 0 0 0 0 9 0 12 0 22 0 0 19 0 0 
3 0 0 0 0 0 0 0 0 0 0 2 0 25 0 0 0 0 
0 0 0 28 0 0 22 0 0 0 0 0 0 0 0 0 0 18 
8    2    345    0.9
0 0 13 0 0 0 0 0 0 0 0 0 0 0 0 0 0 0 
0 0 0 25 0 0 0 0 0 0 0 0 29 0 0 17 0 0 
0 0 0 0 0 21 0 0 0 0 0 8 7 0 0 0 0 0 
0 0 0 0 0 16 0 0 28 2 0 0 0 29 0 0 0 0 
0 0 21 0 0 0 0 21 0 18 0 0 0 25 0 0 0 0 
0 0 0 0 0 0 0 0 0 0 0 0 0 0 30 13 0 0 
0 4 0 15 0 0 0 0 0 0 17 0 0 0 0 0 0 0 
0 0 25 27 0 0 21 0 0 0 0 0 0 0 0 0 0 0 
10    5    487    0.9
0 0 10 0 0 11 0 0 9 0 0 0 0 0 0 0 30 0 
0 0 7 29 0 0 0 0 0 0 28 0 0 6 0 0 0 29 
0 0 0 0 0 0 15 0 0 0 0 0 7 0 0 0 0 7 
0 0 0 0 0 18 11 0 0 0 17 0 22 0 0 1 0 0 
0 0 0 0 0 19 0 0 0 14 0 0 0 0 0 0 0 0 
0 0 0 0 0 0 0 18 0 0 0 0 0 0 0 1 0 0 
0 0 0 27 0 0 0 0 0 0 0 0 0 0 0 0 0 0 
0 0 0 0 0 0 0 0 0 0 0 0 0 8 0 8 0 0 
23 0 0 0 0 20 0 0 24 0 0 0 0 29 0 0 1 0 
0 0 14 0 20 0 0 0 27 7 0 0 28 0 0 0 0 0 
9    2    410    0.6
0 0 0 0 0 10 0 19 0 0 0 0 0 0 27 0 13 0 
0 0 0 0 0 0 0 5 0 0 0 0 0 0 0 0 0 0 
0 0 0 0 0 1 0 14 0 0 0 0 0 0 0 0 0 14 
0 0 0 0 17 0 0 24 0 8 0 0 0 14 0 0 0 9 
0 0 0 0 0 18 0 0 0 0 0 0 0 0 0 0 17 0 
0 16 0 30 0 0 0 0 0 12 0 0 0 0 3 10 0 0 
0 0 18 12 0 0 0 16 0 9 0 0 0 0 0 0 0 11 
5 0 0 0 0 0 0 0 9 0 0 0 0 22 0 0 24 0 
0 30 0 21 0 0 23 0 0 8 0 0 0 0 27 0 0 0 
14    0    564    0.7
0 0 4 0 0 0 0 0 0 0 8 0 0 0 0 0 0 0 
0 0 0 0 0 5 0 0 0 0 0 0 0 0 0 0 0 0 
0 0 0 14 0 0 0 0 21 0 0 16 0 0 0 0 0 0 
0 0 0 0 0 0 0 19 0 0 0 0 0 0 0 7 0 0 
0 0 0 0 27 0 0 11 0 0 0 0 0 14 0 0 0 0 
0 0 0 0 0 0 0 0 0 0 0 0 0 0 7 0 0 0 
20 0 0 0 0 21 1 0 0 0 30 0 2 0 0 0 0 0 
0 0 0 0 0 6 0 0 0 0 0 0 0 0 0 0 0 0 
8 0 0 0 0 0 0 0 5 3 0 0 9 0 0 24 0 0 
0 0 0 29 0 0 0 25 0 0 15 0 0 0 25 0 30 0 
0 0 0 15 0 0 0 0 0 0 0 0 0 0 0 0 0 0 
0 0 0 0 14 0 0 21 0 0 0 0 0 0 15 0 0 0 
0 0 0 10 0 0 0 0 0 0 0 18 0 12 0 0 0 9 
0 0 0 25 0 0 5 0 0 0 0 14 27 0 0 13 0 0 
17    4    716    0.3
0 7 0 0 0 0 0 0 0 0 24 0 0 0 0 0 0 1 
0 0 0 0 0 0 0 0 0 0 0 0 0 23 0 13 0 0 
0 0 0 0 0 0 0 0 0 0 0 0 0 9 0 0 12 0 
0 18 0 0 0 0 0 0 0 0 0 0 0 0 0 0 0 0 
0 13 0 0 0 0 0 10 0 13 0 0 2 0 0 6 0 0 
0 0 0 0 0 0 0 0 2 0 0 0 0 0 2 5 0 0 
30 0 0 0 18 0 0 24 0 0 0 30 0 0 27 0 0 0 
0 21 0 0 0 0 0 0 0 0 0 0 0 17 0 0 21 0 
0 0 14 0 0 0 0 0 0 0 0 0 13 0 0 0 0 0 
0 0 0 0 0 0 11 0 0 24 0 0 0 0 0 26 0 0 
0 0 0 0 0 10 0 0 18 0 0 0 0 0 0 0 0 0 
0 0 0 0 0 0 0 0 0 0 7 0 0 0 0 0 0 0 
0 0 0 0 0 0 0 0 0 11 0 0 0 0 0 0 29 0 
0 21 0 0 0 0 0 0 11 0 0 0 0 4 0 25 0 0 
0 0 0 0 0 0 0 0 0 0 0 0 0 0 0 0 25 0 
0 0 0 0 0 0 0 0 0 0 0 0 0 0 11 0 0 0 
0 0 0 6 0 0 9 0 0 0 0 2 0 0 6 0 14 0 
17    0    741    0.3
0 0 0 0 0 0 0 1 0 0 0 17 0 0 14 0 0 0 
0 0 19 0 11 0 0 26 0 0 0 0 0 27 0 28 0 0 
0 0 0 0 0 0 0 0 6 0 0 0 0 0 0 14 0 0 
0 0 0 0 0 0 0 0 0 0 0 0 0 22 0 0 22 0 
0 0 0 0 0 0 0 0 18 0 19 0 0 4 0 0 8 0 
0 0 0 0 0 0 0 0 4 0 0 0 0 0 18 0 0 21 
0 20 0 0 24 0 0 16 0 0 0 0 0 8 0 0 0 0 
0 0 0 12 0 0 0 0 0 7 0 0 0 0 12 0 0 0 
0 0 0 0 8 0 0 0 0 0 13 0 0 0 8 0 0 0 
0 0 0 0 0 0 0 0 0 0 0 0 0 0 0 28 0 0 
17 0 0 0 0 0 27 0 0 0 0 0 18 0 0 0 0 0 
0 0 0 0 0 0 0 0 0 0 0 0 0 0 0 0 0 19 
22 0 0 0 0 0 0 0 0 0 0 0 0 0 0 5 0 0 
0 0 0 0 0 0 0 9 0 0 0 0 0 19 0 29 0 0 
0 0 0 0 0 0 0 0 0 0 11 0 0 19 0 5 0 0 
0 0 0 0 0 0 0 17 0 0 4 0 0 0 0 24 0 0 
0 14 0 0 0 0 0 0 0 0 0 0 0 0 0 0 0 0 
5    2    210    0.2
0 0 0 0 0 27 0 0 0 0 0 14 0 0 0 0 0 0 
0 0 0 0 5 0 0 14 0 16 0 0 27 0 0 0 0 0 
0 0 0 0 0 0 0 2 0 0 0 0 25 0 0 0 0 0 
0 0 0 0 0 2 0 0 0 0 8 0 0 0 0 0 0 18 
0 0 20 0 0 0 0 22 0 28 0 0 0 20 0 0 0 0 
5    0    196    0.1
3 0 0 16 0 0 0 0 0 0 0 0 0 0 0 0 14 0 
0 0 10 15 0 0 0 0 10 16 0 0 13 0 0 0 0 0 
0 0 0 9 0 0 0 0 0 0 0 0 0 0 0 0 0 0 
0 0 0 0 0 0 0 0 0 14 0 0 8 0 0 0 0 4 
0 17 0 0 16 0 13 0 0 0 0 0 0 0 0 0 0 23 
7    3    293    0.8
0 0 0 0 0 5 0 25 0 0 8 0 0 3 0 0 0 1 
0 20 0 0 0 0 0 0 20 0 0 22 0 0 0 0 23 0 
0 0 0 0 1 0 0 4 0 8 0 0 0 0 11 0 0 0 
0 0 0 0 0 20 0 0 0 0 0 20 0 0 19 0 28 0 
0 0 30 0 0 0 0 0 0 0 0 0 20 0 0 0 0 6 
0 12 0 0 0 0 0 0 0 0 0 1 0 0 26 0 1 0 
0 0 0 0 0 0 0 16 0 0 0 0 0 0 5 0 18 0 
8    1    370    0.5
0 0 0 0 0 27 0 0 0 0 0 7 0 0 0 0 0 1 
0 0 0 0 0 0 0 0 0 0 0 0 18 0 0 0 0 2 
0 0 0 0 0 29 0 0 17 0 0 9 0 0 0 0 0 0 
0 0 11 0 4 0 22 0 0 0 0 0 0 0 12 0 0 0 
30 0 0 0 0 0 0 0 0 0 0 0 0 0 0 29 0 0 
16 0 0 0 26 0 0 0 11 0 18 0 0 0 0 28 0 0 
0 0 0 0 0 0 4 0 0 0 0 0 0 0 0 29 0 0 
0 0 17 0 0 0 29 0 0 11 0 0 0 1 0 0 25 0 
11    0    505    0.6
0 0 17 0 0 0 0 0 0 0 15 0 0 0 13 0 0 0 
0 19 0 0 0 0 0 0 9 0 0 0 16 0 0 0 12 0 
0 0 0 0 0 28 23 0 0 0 0 0 0 0 0 0 0 15 
0 25 0 0 0 24 0 0 0 0 0 26 0 8 0 0 0 0 
0 7 0 0 0 0 0 0 21 0 0 17 0 30 0 0 0 28 
0 0 0 0 0 21 0 0 0 0 0 0 0 0 0 0 0 0 
0 17 0 8 0 0 0 0 0 0 0 0 0 0 0 29 0 0 
0 0 0 0 0 0 0 0 0 0 0 0 1 0 0 0 0 0 
0 0 9 5 0 0 4 0 0 0 0 19 0 0 0 0 20 0 
0 0 0 0 0 0 0 0 0 0 0 0 0 0 28 0 0 0 
0 10 0 0 0 18 0 0 0 0 10 0 3 0 0 25 0 0 
18    0    900    0.6
19 0 0 0 0 0 25 0 0 0 7 0 0 0 12 3 0 0 
0 0 0 0 28 0 0 26 0 0 0 0 0 0 0 0 0 0 
0 0 0 0 0 0 0 0 0 2 0 0 0 18 0 0 0 18 
0 0 0 0 23 0 0 0 0 0 0 10 0 0 0 0 0 0 
0 25 0 0 0 28 0 20 0 0 0 0 0 0 0 0 0 0 
0 0 0 17 0 0 16 0 0 0 21 0 11 0 0 0 0 8 
0 0 0 29 0 0 0 20 0 0 0 0 0 0 0 0 0 0 
0 0 0 0 0 0 0 0 0 0 0 0 0 0 6 0 0 0 
0 0 0 0 0 0 0 5 0 28 0 0 0 0 0 18 0 0 
25 0 0 0 27 0 0 11 0 0 0 0 0 0 0 0 0 22 
0 0 0 0 0 0 26 0 0 0 0 0 2 0 0 0 0 0 
0 0 0 0 0 0 25 0 0 0 0 0 0 0 0 0 0 0 
0 0 0 0 0 0 0 0 0 0 0 20 0 0 0 0 0 0 
0 0 14 24 0 0 0 0 0 0 19 0 0 9 0 0 0 9 
0 0 0 0 0 0 0 7 0 0 0 0 0 11 0 5 0 0 
0 0 0 0 0 0 0 18 0 0 0 0 0 10 0 0 0 0 
0 0 13 0 0 0 0 0 0 0 0 0 0 0 0 0 0 0 
0 0 0 0 0 0 30 0 0 0 0 0 0 0 23 0 0 0 
5    0    211    0.8
0 0 0 0 0 0 4 0 0 30 0 0 0 0 0 0 0 0 
10 0 0 21 0 0 0 0 0 0 0 3 0 0 0 0 0 0 
6 0 0 0 26 0 0 0 0 0 0 15 24 0 0 0 0 4 
27 0 0 0 27 0 0 16 0 0 27 0 17 0 0 0 0 0 
0 0 0 0 0 0 0 0 0 0 0 0 0 0 5 0 0 3 
15    0    670    0.6
0 0 0 0 0 10 0 0 17 0 11 0 0 5 0 0 11 0 
0 0 0 0 0 21 15 0 0 11 0 0 0 0 17 0 0 0 
0 0 0 0 0 12 30 0 0 0 13 0 0 0 0 0 0 0 
0 0 0 12 0 0 0 0 0 0 0 0 11 0 0 0 29 0 
0 0 0 0 0 0 0 9 0 0 0 0 0 0 0 0 0 0 
0 0 7 0 3 0 3 0 0 13 0 0 0 0 9 0 0 0 
0 4 0 0 0 0 0 0 0 0 0 0 0 0 26 0 0 0 
0 0 10 0 0 0 0 0 0 0 10 0 0 12 0 0 7 0 
0 0 0 0 29 0 0 0 0 0 0 0 0 0 0 0 5 0 
0 9 0 0 0 5 0 10 0 0 0 0 0 17 0 0 14 0 
0 0 0 0 0 0 27 0 0 0 0 0 0 0 0 0 0 11 
0 0 0 0 0 0 0 0 0 0 0 0 0 0 0 0 0 20 
0 0 0 0 0 0 0 0 0 0 7 0 0 0 0 0 0 0 
25 0 0 0 0 0 28 0 0 0 0 0 0 23 0 17 0 0 
0 0 0 0 15 0 0 0 0 0 0 0 0 0 0 29 0 0 
12    0    594    0.8
0 0 0 0 5 0 0 0 0 0 0 0 0 0 0 0 0 28 
0 0 0 0 0 0 0 0 0 0 0 0 0 0 0 0 0 10 
0 0 0 0 0 0 9 0 0 10 0 0 0 0 0 0 10 0 
0 0 0 0 0 0 18 0 0 0 7 0 0 0 11 0 7 0 
0 0 0 0 0 20 0 0 0 0 0 0 0 0 0 0 0 0 
0 0 0 0 0 0 0 0 0 0 0 20 0 10 0 0 0 0 
15 0 0 0 0 21 0 27 0 0 0 0 0 25 0 10 0 0 
0 0 0 0 0 21 0 0 0 3 0 0 0 0 0 0 0 20 
25 0 0 0 0 0 0 0 28 0 0 27 0 0 0 27 0 0 
21 0 0 0 0 0 0 0 30 0 0 0 0 0 0 0 0 0 
0 10 0 0 0 0 24 0 0 0 27 0 15 0 0 0 0 0 
0 21 0 7 0 0 0 0 0 0 0 0 0 0 22 0 0 6 
6    5    258    0.5
0 0 0 0 0 0 0 0 26 1 0 0 0 0 0 0 0 0 
0 0 0 0 30 0 0 0 22 0 0 0 0 0 0 0 0 0 
0 0 0 0 0 2 0 0 0 0 0 0 0 0 0 0 0 0 
0 0 0 0 0 0 0 0 0 0 0 0 23 0 0 0 0 0 
21 0 0 0 0 6 0 0 0 0 0 0 0 0 4 0 0 19 
2 0 0 0 9 0 0 0 0 0 0 0 0 0 0 0 0 0 
18    0    788    0.2
0 0 10 0 0 27 0 0 0 0 0 0 0 0 11 0 0 0 
0 0 2 7 0 0 0 0 27 0 2 0 0 0 0 7 0 0 
0 0 0 0 0 0 0 0 0 0 29 0 0 0 0 0 0 19 
0 0 0 0 0 0 0 0 12 0 28 0 0 0 0 19 0 0 
0 0 0 0 0 6 0 0 0 0 0 0 0 0 0 0 0 0 
0 0 3 0 0 0 0 0 0 12 0 0 0 0 0 0 0 0 
0 0 0 0 0 0 0 0 0 0 0 0 0 0 0 0 12 0 
0 11 0 0 4 0 0 0 0 0 0 13 0 0 0 0 0 0 
0 0 0 0 0 0 0 0 0 0 0 9 0 15 0 0 0 0 
0 0 0 0 0 30 0 0 0 0 0 13 0 0 7 0 0 0 
0 0 20 0 0 10 0 0 0 0 0 0 0 0 0 0 0 0 
0 17 0 0 0 0 0 27 0 0 0 0 0 0 0 0 0 17 
0 0 28 0 14 0 0 17 0 0 0 0 0 0 0 0 0 21 
0 0 0 0 0 0 0 0 25 0 0 9 0 0 0 0 0 0 
0 0 0 0 19 0 0 0 0 0 0 25 29 0 0 0 0 0 
0 0 0 0 0 0 0 0 19 0 0 0 0 0 0 0 0 0 
13 0 0 0 0 0 0 5 0 0 0 0 0 0 0 0 0 0 
0 0 0 0 0 14 0 0 0 6 0 0 0 0 0 0 12 0 
8    0    347    0.7
14 0 0 15 0 0 0 0 0 0 0 0 0 0 0 0 0 0 
18 0 0 0 0 0 0 0 0 0 0 0 0 0 30 0 0 0 
0 0 1 23 0 0 3 0 0 0 0 0 0 0 0 0 0 0 
23 0 0 0 22 0 0 0 30 0 0 0 0 0 1 0 0 27 
0 7 0 0 0 0 0 13 0 6 0 0 19 0 0 30 0 0 
0 0 0 0 0 17 0 0 0 0 0 0 0 0 0 0 0 0 
0 0 0 0 0 0 0 0 15 1 0 0 0 0 0 0 0 0 
0 0 0 26 0 0 0 0 0 0 0 0 0 0 0 0 0 0 
13    1    572    0.2
0 15 0 0 29 0 0 17 0 0 1 0 0 0 13 0 0 0 
0 0 20 6 0 0 21 0 0 0 0 0 0 0 0 0 0 0 
0 0 0 0 0 0 0 0 0 0 0 0 8 0 0 0 0 0 
0 0 18 0 21 0 0 11 0 0 0 10 0 0 25 0 0 0 
0 0 30 0 21 0 0 0 0 13 0 0 20 0 0 0 0 1 
27 0 0 0 0 0 23 0 0 0 0 0 0 24 0 0 20 0 
0 0 0 0 0 0 0 0 0 0 22 0 0 8 0 16 0 0 
0 0 12 0 0 0 10 0 0 0 0 0 20 0 0 0 30 0 
17 0 0 0 0 0 0 0 0 0 0 22 13 0 0 0 0 0 
0 0 0 0 0 0 0 0 0 0 0 0 0 19 0 0 0 0 
0 9 0 0 0 0 0 18 0 6 0 0 0 0 0 0 0 5 
22 0 0 23 0 0 0 0 0 0 3 0 15 0 0 0 0 24 
0 0 0 0 0 0 0 0 0 0 0 0 0 0 0 0 0 9 
10    4    434    0.4
0 12 0 0 27 0 8 0 0 0 0 9 0 20 0 0 0 0 
0 0 0 0 0 0 0 20 0 0 7 0 30 0 0 0 0 25 
0 6 0 0 0 0 0 13 0 0 0 19 0 0 15 0 8 0 
0 0 0 15 0 0 0 2 0 0 11 0 0 0 0 0 0 0 
0 0 0 0 0 0 0 0 0 0 0 0 0 22 0 0 0 0 
0 0 16 0 0 0 0 0 28 0 0 22 0 9 0 0 0 18 
0 0 0 0 0 0 28 0 0 9 0 0 0 18 0 0 0 16 
0 11 0 0 0 17 0 0 1 0 15 0 0 0 0 2 0 0 
0 0 0 0 0 6 1 0 0 0 0 0 0 0 0 0 12 0 
6 0 0 12 0 0 6 0 0 0 0 24 0 4 0 0 0 0 
14    2    662    0.2
0 0 0 0 0 0 0 0 0 0 0 0 13 0 0 0 0 0 
28 0 0 23 0 0 24 0 0 0 0 0 0 0 0 29 0 0 
0 0 12 0 2 0 0 0 0 0 3 0 0 0 13 0 0 27 
0 13 0 0 0 0 0 0 0 0 0 0 0 0 0 0 0 0 
0 0 0 0 0 0 0 0 0 0 0 19 0 0 21 0 0 0 
0 0 0 0 0 0 0 23 0 30 0 0 28 0 0 0 15 0 
0 0 0 0 0 0 0 0 0 24 0 0 0 0 0 27 0 0 
0 0 0 0 0 16 0 0 0 0 0 0 0 0 0 0 0 0 
1 0 0 0 0 0 0 0 4 7 0 0 11 0 0 0 2 0 
0 23 0 0 0 0 0 0 0 28 0 0 18 0 0 0 28 0 
0 0 4 0 0 0 0 8 0 0 0 0 0 0 0 0 0 0 
0 0 7 0 0 0 0 0 0 0 24 0 0 0 0 0 0 0 
0 0 1 0 0 11 0 0 0 0 0 0 0 0 0 0 0 0 
0 0 0 0 11 0 0 25 0 0 0 0 21 0 0 0 0 25 
17    5    777    0.6
30 0 0 0 0 0 0 29 0 0 0 0 8 0 0 0 0 0 
0 0 0 0 0 9 0 0 0 0 0 0 0 0 0 0 0 0 
14 0 0 0 0 0 0 0 14 2 0 0 3 0 0 0 0 0 
0 0 0 0 0 0 5 0 0 0 0 0 0 29 0 0 0 0 
13 0 0 0 23 0 0 0 0 0 0 0 0 0 0 0 0 26 
15 0 0 0 0 0 0 0 0 0 0 0 0 18 0 0 0 5 
0 6 0 0 0 0 0 0 0 15 0 0 0 0 0 0 0 0 
0 12 0 0 0 0 0 0 0 0 0 0 0 0 0 0 0 0 
1 0 0 0 0 0 0 30 0 0 1 0 0 0 0 0 0 0 
0 0 0 0 0 28 0 0 23 0 0 12 0 0 0 0 30 0 
0 0 0 0 0 0 0 1 0 0 0 0 0 0 0 0 0 0 
18 0 0 0 0 0 0 30 0 0 0 0 0 0 0 0 0 0 
0 0 0 0 7 0 0 0 0 0 0 27 0 2 0 0 11 0 
0 0 26 0 0 12 0 9 0 17 0 0 14 0 0 0 0 0 
23 0 0 0 18 0 0 0 0 0 19 0 7 0 0 0 0 0 
0 0 0 16 0 0 0 0 0 0 0 0 0 0 0 0 0 0 
0 0 0 0 0 0 0 0 19 0 0 19 0 0 0 0 17 0 
6    1    249    0.3
0 0 0 0 0 0 0 23 0 0 7 0 0 0 0 0 29 0 
0 0 0 0 0 0 0 0 0 0 0 0 0 29 0 0 0 0 
0 0 0 0 29 0 0 29 0 0 0 19 0 0 0 0 0 16 
0 0 0 0 0 0 0 0 0 0 0 0 0 0 22 0 1 0 
0 0 2 0 0 0 0 0 0 0 0 0 29 0 0 11 0 0 
0 0 10 0 0 0 12 0 0 0 0 0 0 0 0 0 0 0 
7    1    318    0.9
0 0 0 20 0 0 0 15 0 30 0 0 0 21 0 6 0 0 
0 0 0 0 0 0 0 0 0 0 0 0 0 27 0 0 0 4 
0 0 0 11 0 0 0 0 9 0 0 0 16 0 0 0 0 0 
0 0 0 0 0 0 0 29 0 0 0 0 28 0 0 0 0 13 
0 0 0 16 0 0 0 0 0 0 0 0 0 0 20 0 20 0 
0 0 0 0 0 10 0 16 0 27 0 0 0 0 13 0 0 19 
0 0 0 0 0 0 0 0 7 0 0 0 0 0 0 0 0 4 
16    4    754    0.3
0 0 0 11 0 0 0 0 0 0 0 0 0 0 0 0 6 0 
0 0 0 0 0 0 0 0 0 0 0 15 0 0 0 0 0 0 
0 0 26 0 0 0 26 0 0 0 13 0 4 0 0 0 23 0 
25 0 0 0 0 0 0 0 0 0 0 0 0 0 0 0 3 0 
30 0 0 0 0 0 0 0 18 0 1 0 0 0 0 0 0 7 
0 0 20 0 0 0 0 0 0 0 0 0 0 0 0 0 0 0 
0 0 0 9 0 0 29 0 0 0 0 0 0 20 0 0 0 12 
0 0 0 25 0 0 0 0 0 0 0 13 0 0 0 0 25 0 
20 0 0 30 0 0 0 0 0 0 0 9 16 0 0 11 0 0 
0 0 0 0 0 0 0 0 0 0 0 0 0 0 22 0 0 0 
0 0 0 0 0 0 0 0 1 0 13 0 0 0 0 0 19 0 
0 0 0 27 0 0 0 0 0 0 0 0 0 0 0 0 0 0 
0 0 11 0 25 0 0 0 0 0 0 0 0 17 0 0 21 0 
0 20 0 0 0 0 0 0 9 0 7 0 0 0 0 0 0 0 
2 0 0 0 0 0 0 19 0 0 0 3 1 0 0 13 0 0 
0 0 0 11 0 0 0 0 0 0 0 17 0 0 30 1 0 0 
16    3    729    0.1
0 0 0 0 0 25 0 0 0 0 0 0 0 0 0 15 0 0 
0 0 0 0 0 0 0 6 0 0 6 0 0 0 0 0 1 0 
21 0 0 0 0 0 0 0 0 0 25 0 0 0 0 0 0 0 
0 0 0 0 0 0 0 0 7 0 0 0 0 0 0 0 0 0 
0 0 0 8 0 0 0 0 0 0 0 0 0 0 0 25 0 0 
0 0 0 19 0 0 0 0 0 0 29 0 0 0 5 0 0 19 
5 0 0 2 0 0 0 0 0 0 0 0 0 0 0 0 0 27 
0 16 0 0 0 0 0 0 0 0 0 0 6 0 0 0 0 0 
0 0 0 0 0 0 22 0 0 0 0 0 0 11 0 0 1 0 
10 0 0 0 0 0 0 0 0 0 0 0 28 0 0 2 0 0 
0 0 0 0 0 0 0 19 0 0 0 0 0 0 30 0 28 0 
0 22 0 0 0 0 0 0 0 0 0 0 0 0 0 0 0 0 
0 0 0 0 0 0 7 0 0 0 0 0 0 15 0 22 0 0 
11 0 0 0 0 0 0 0 7 0 0 0 0 0 1 0 19 0 
0 0 0 20 0 0 0 0 0 28 0 0 0 0 0 0 14 0 
0 0 13 30 0 0 0 28 0 0 0 0 0 0 29 0 3 0 
8    1    346    0.7
0 2 0 0 0 0 0 0 0 0 0 0 0 0 0 0 0 0 
0 0 0 0 0 0 0 0 0 0 0 0 0 0 13 0 0 0 
0 0 0 2 0 0 0 0 0 0 17 0 0 0 0 0 0 12 
0 0 0 0 0 0 0 0 0 0 0 0 0 0 0 0 0 5 
0 7 0 0 0 22 23 0 0 0 0 6 0 0 5 0 0 0 
0 27 0 0 0 17 0 0 0 0 0 0 0 0 0 0 29 0 
0 0 20 0 21 0 0 0 25 0 0 0 0 11 0 0 0 0 
0 29 0 0 0 0 10 0 0 10 0 0 0 0 0 0 0 0 
9    1    423    0.5
0 0 0 0 0 0 0 0 0 0 0 0 0 28 0 0 25 0 
0 19 0 0 7 0 0 0 11 0 0 0 0 0 0 0 0 0 
0 0 0 0 0 0 0 0 0 0 0 27 0 0 0 0 20 0 
0 0 12 13 0 0 0 26 0 0 0 26 0 29 0 0 0 0 
0 0 0 26 0 0 2 0 0 0 0 0 0 0 0 0 0 0 
0 0 0 0 10 0 0 0 3 0 20 0 0 0 0 0 0 0 
0 0 0 0 30 0 0 0 28 0 0 0 0 13 0 0 0 4 
17 0 0 21 0 0 0 0 0 0 0 17 21 0 0 3 0 0 
0 0 0 0 0 0 1 0 0 0 0 0 0 18 0 0 0 0 
17    1    784    0.5
0 0 15 0 29 0 0 0 0 18 0 0 0 0 0 0 0 0 
0 1 0 0 0 0 0 0 0 0 0 0 0 0 0 27 0 0 
0 0 0 0 0 0 29 0 0 0 3 0 0 0 0 0 14 0 
7 0 0 0 0 30 0 0 0 0 8 0 0 0 0 0 0 14 
0 0 0 25 0 0 0 0 30 0 0 0 0 0 0 0 0 28 
0 0 0 0 0 0 0 0 20 22 0 0 0 0 0 0 0 8 
0 0 17 0 0 0 0 0 0 16 0 0 14 0 0 0 0 0 
0 0 0 0 30 0 0 22 0 12 0 0 0 0 0 0 0 0 
0 0 0 16 0 0 0 0 11 0 23 0 0 11 0 0 0 0 
0 0 5 0 12 0 0 0 0 0 10 0 0 11 0 0 0 0 
30 0 0 0 0 0 1 0 0 29 0 0 0 0 0 0 0 0 
1 0 0 0 0 17 0 0 0 0 0 0 0 0 0 0 0 12 
2 0 0 0 0 0 0 0 0 0 0 0 0 0 0 3 0 0 
0 0 0 0 0 0 0 0 0 27 0 0 0 0 0 0 0 0 
0 0 0 0 0 0 0 0 0 0 0 0 0 0 8 0 0 0 
0 0 0 0 0 12 0 26 0 16 0 0 0 13 0 26 0 0 
0 2 0 20 0 0 0 0 0 21 0 0 13 0 0 0 10 0 
7    3    274    0.2
7 0 0 0 0 19 0 0 0 1 0 0 16 0 0 13 0 0 
0 0 0 0 24 0 0 0 1 0 0 0 0 0 0 0 0 0 
6 0 0 0 0 0 0 0 0 0 0 0 0 0 0 0 0 0 
0 0 13 0 0 13 0 0 30 0 0 0 4 0 0 0 25 0 
0 0 7 0 4 0 0 0 0 4 0 0 0 0 0 3 0 0 
0 0 0 0 12 0 0 19 0 0 0 0 0 0 0 0 0 18 
0 6 0 0 0 0 0 24 0 0 0 0 0 0 0 0 0 0 
7    0    291    0.7
25 0 0 0 0 28 0 8 0 0 0 0 0 6 0 0 0 4 
0 0 0 22 0 0 0 0 0 0 5 0 0 0 0 0 0 0 
0 0 0 0 0 0 0 0 15 0 0 0 0 18 0 0 0 0 
24 0 0 0 0 0 0 0 0 0 3 0 0 0 0 0 3 0 
0 8 0 0 23 0 0 0 8 1 0 0 0 15 0 0 0 0 
0 0 0 0 0 11 0 0 0 0 0 0 14 0 0 0 1 0 
0 0 0 0 0 0 20 0 0 0 0 0 0 0 0 0 0 17 
13    2    604    0.1
0 0 1 0 14 0 0 0 0 26 0 0 0 0 0 28 0 0 
0 0 0 0 0 0 0 0 0 0 0 0 20 0 0 21 0 0 
0 0 0 0 0 0 0 17 0 28 0 0 0 0 0 0 0 0 
0 0 0 0 15 0 0 0 0 0 0 0 0 0 0 0 0 0 
14 0 0 0 0 19 0 0 0 0 24 0 0 21 0 0 22 0 
0 0 0 0 11 0 18 0 0 0 13 0 0 9 0 11 0 0 
0 0 0 0 15 0 0 0 5 0 6 0 12 0 0 0 5 0 
0 0 0 0 0 0 0 0 0 0 0 0 0 0 0 0 0 19 
15 0 0 0 0 18 23 0 0 5 0 0 0 0 0 16 0 0 
0 9 0 0 6 0 0 0 0 0 0 0 0 0 0 0 0 0 
13 0 0 0 0 0 0 0 26 0 0 0 0 0 0 0 11 0 
16 0 0 0 7 0 29 0 0 0 0 0 0 0 0 0 0 5 
6 0 0 0 0 0 0 3 0 0 0 10 0 13 0 0 0 2 
18    4    800    0.1
27 0 0 0 15 0 0 0 0 0 0 0 0 0 0 0 0 0 
0 17 0 0 6 0 11 0 0 0 28 0 0 0 0 0 0 1 
0 0 0 10 0 0 0 0 0 0 0 0 7 0 0 0 2 0 
0 26 0 16 0 0 7 0 0 0 0 0 0 10 0 0 0 0 
0 7 0 0 0 0 0 0 0 0 0 0 0 0 0 0 0 0 
0 0 0 0 12 0 19 0 0 30 0 0 0 0 0 0 30 0 
0 0 0 0 9 0 0 0 0 0 0 24 0 0 0 0 0 0 
0 0 0 30 0 0 19 0 0 0 5 0 0 13 0 10 0 0 
27 0 0 0 0 0 0 20 0 0 0 0 4 0 0 8 0 0 
0 0 0 0 0 0 0 30 0 0 0 0 0 0 0 0 0 17 
0 0 0 0 0 0 0 0 0 10 0 0 0 0 18 28 0 0 
0 0 13 0 0 0 0 0 0 14 0 0 12 0 0 8 0 0 
0 0 23 0 0 0 0 0 0 15 0 0 13 0 0 0 0 30 
0 6 0 3 0 0 0 0 0 0 6 0 0 0 0 0 0 11 
0 0 0 0 0 0 0 0 0 15 0 0 0 0 0 0 0 0 
0 12 0 0 0 23 0 28 0 0 0 6 0 0 0 29 0 0 
0 27 0 0 0 8 3 0 0 0 0 0 23 0 0 0 0 24 
26 0 0 0 0 0 0 0 0 3 0 0 0 0 0 0 0 0 
