machine1:0,24,33,37,19,34,17,3,31,7,4,13,15,27,18,11,5,39,23,32,9,2,36,12,38,40,16,26,14,10,22,25,6,29,30,35,28,20,21,8,1,
machine2:0,24,33,37,19,34,17,3,31,7,4,13,15,27,18,11,5,39,23,32,9,2,36,12,38,40,16,26,14,10,22,25,6,29,30,35,28,20,21,8,1,
machine3:0,24,33,37,19,34,17,3,31,7,4,13,15,27,18,11,5,39,23,32,9,2,36,12,38,40,16,26,14,10,22,25,6,29,30,35,28,20,21,8,1,
machine4:0,24,33,37,19,34,17,3,31,7,4,13,15,27,18,11,5,39,23,32,9,2,36,12,38,40,16,26,14,10,22,25,6,29,30,35,28,20,21,8,1,

1to 1:
1to 2:18,27,17,33,3,22,12,36,38,32,10,30,23,
1to 3:37,7,31,19,4,34,13,24,39,14,5,15,2,40,
2to 1:37,19,7,4,11,26,14,2,40,8,
2to 2:
2to 3:28,27,12,36,9,21,1,6,25,3,20,35,23,16,33,29,
3to 1:22,38,18,25,20,10,29,17,16,6,28,35,9,30,21,1,32,
3to 2:5,8,34,11,31,15,24,13,39,26,
3to 3:

cell1:2,3,
cell2:3,1,
cell3:1,2,
