machine1:0,39,30,13,10,22,32,38,24,15,5,17,34,29,26,18,28,31,11,6,16,9,21,36,23,12,35,27,2,1,19,8,4,25,3,33,40,14,20,37,7,
machine2:0,39,30,13,10,22,32,38,24,15,5,17,34,29,26,18,28,31,11,6,16,9,21,36,23,12,35,27,2,1,19,8,4,25,3,33,40,14,20,37,7,
machine3:0,39,30,13,10,22,32,38,24,15,5,17,34,29,26,18,28,31,11,6,16,9,21,36,23,12,35,27,2,1,19,8,4,25,3,33,40,14,20,37,7,
machine4:0,39,30,13,10,22,32,38,24,15,5,17,34,29,26,18,28,31,11,6,16,9,21,36,23,12,35,27,2,1,19,8,4,25,3,33,40,14,20,37,7,

1to 1:
1to 2:3,32,30,23,10,17,27,18,36,33,38,12,22,
1to 3:19,37,7,24,4,14,13,15,34,40,39,2,31,5,
2to 1:8,40,2,14,26,11,4,7,19,37,
2to 2:
2to 3:29,33,16,23,35,20,3,25,6,1,9,21,36,12,27,28,
3to 1:10,18,20,22,25,38,29,28,6,17,16,35,9,30,21,1,32,
3to 2:5,8,34,11,31,15,24,13,39,26,
3to 3:

cell1:3,2,
cell2:1,3,
cell3:1,2,
