machine1:0,40,2,3,4,19,23,7,37,36,27,39,12,33,24,5,34,15,13,31,14,17,32,38,25,11,1,18,20,10,8,26,21,22,30,35,6,29,16,9,28,
machine2:0,40,2,3,4,19,23,7,37,36,27,39,12,33,24,5,34,15,13,31,14,17,32,38,25,11,1,18,20,10,8,26,21,22,30,35,6,29,16,9,28,
machine3:0,40,2,3,4,19,23,7,37,36,27,39,12,33,24,5,34,15,13,31,14,17,32,38,25,11,1,18,20,10,8,26,21,22,30,35,6,29,16,9,28,
machine4:0,40,2,3,4,19,23,7,37,36,27,39,12,33,24,5,34,15,13,31,14,17,32,38,25,11,1,18,20,10,8,26,21,22,30,35,6,29,16,9,28,

1to 1:
1to 2:12,18,22,27,33,38,17,36,10,3,32,30,23,
1to 3:31,7,34,4,13,37,39,5,19,24,14,15,2,40,
2to 1:19,37,26,7,4,14,11,40,2,8,
2to 2:
2to 3:3,28,9,6,29,35,21,1,23,16,25,27,36,20,33,12,
3to 1:22,38,18,25,20,10,29,17,16,6,28,35,9,30,21,1,32,
3to 2:5,8,34,11,31,15,24,13,39,26,
3to 3:

cell1:2,3,
cell2:1,3,
cell3:1,2,
