0:	8689.2	7,10,4,0,10,7,4,4,5,8,6,7,1,8,1,0,3,5,7,0,:	3,2,0,1,
1:	8003.900000000002	7,4,10,9,10,7,4,4,5,8,2,7,1,8,1,0,3,5,7,0,:	0,2,1,2,
2:	8137.300000000002	7,4,10,9,10,7,10,4,1,8,2,7,8,8,3,0,3,5,7,0,:	0,0,3,0,
3:	8137.300000000002	7,10,4,0,10,7,0,4,5,7,2,7,8,1,1,0,3,5,7,0,:	0,2,1,0,
4:	8146.800000000002	7,10,4,0,0,7,10,4,1,8,2,7,8,8,1,0,3,5,7,0,:	0,2,1,2,
5:	8003.900000000002	7,10,4,0,9,7,4,4,5,8,2,7,1,8,1,0,3,5,7,0,:	0,1,2,1,
6:	8137.300000000002	7,4,10,9,10,7,4,4,5,8,2,7,5,8,7,0,3,5,7,0,:	1,1,2,0,
7:	8137.300000000002	7,4,10,9,10,7,10,4,1,8,2,7,8,8,1,0,3,5,7,0,:	0,1,0,0,
8:	8137.300000000002	7,4,10,9,10,7,4,4,5,8,2,7,5,8,7,0,3,5,7,0,:	0,3,2,0,
9:	9627.9	7,4,10,9,10,6,4,4,5,8,2,7,5,8,7,0,3,5,7,0,:	0,1,2,0,
10:	8146.800000000002	7,10,4,0,10,7,10,4,1,8,2,7,8,8,1,0,3,5,7,0,:	2,2,1,3,
11:	8003.900000000002	7,10,4,0,10,7,4,4,5,8,2,7,1,8,1,0,3,5,7,3,:	0,2,1,1,
12:	8146.800000000002	7,10,4,0,10,7,0,4,5,7,2,7,8,8,1,0,3,5,7,0,:	0,2,1,2,
13:	9027.599999999999	7,10,4,0,10,7,10,4,1,8,2,7,8,8,1,3,3,5,7,0,:	0,2,1,3,
14:	8008.9000000000015	7,10,4,0,10,7,4,9,5,8,2,7,1,8,1,0,3,5,7,0,:	0,2,1,1,
15:	8008.9000000000015	7,4,10,9,10,7,4,5,5,8,2,7,1,8,1,0,3,5,7,0,:	0,3,0,2,
16:	8003.900000000002	7,10,4,0,10,7,4,4,5,8,2,7,1,8,1,0,3,5,7,0,:	1,2,1,1,
17:	8146.800000000002	7,10,4,0,10,7,0,4,5,7,2,7,4,8,1,0,3,5,7,0,:	0,1,3,1,
18:	8146.800000000002	7,4,10,9,10,7,4,4,5,8,2,7,5,8,1,0,3,5,7,0,:	0,1,3,3,
19:	8137.300000000002	7,10,4,0,10,7,6,4,1,8,2,7,8,8,7,0,3,5,7,0,:	0,2,1,0,
20:	9973.0	10,4,4,0,10,7,10,4,1,8,2,7,8,8,1,0,3,5,7,0,:	0,2,1,2,
21:	8146.800000000002	7,10,10,9,3,7,10,4,1,8,2,7,8,8,1,0,3,5,7,0,:	0,2,3,3,
22:	8146.800000000002	7,4,10,9,10,7,4,4,5,8,2,7,5,8,7,0,3,5,7,0,:	0,1,1,2,
23:	8137.300000000002	7,4,10,4,10,7,10,4,1,8,2,7,8,8,1,0,3,5,7,0,:	1,2,2,0,
24:	8146.800000000002	7,4,10,9,10,7,4,4,5,8,2,7,5,8,7,0,3,5,7,0,:	3,2,1,3,
25:	8146.800000000002	7,10,4,0,10,7,10,4,1,8,2,7,8,8,1,0,3,5,7,0,:	0,0,1,2,
26:	10697.899999999998	3,10,4,0,10,7,10,4,5,8,2,7,5,8,7,0,3,5,7,0,:	0,2,1,2,
27:	8146.800000000002	7,4,10,9,10,7,4,4,1,8,2,7,8,8,1,0,0,5,7,0,:	0,2,1,2,
28:	8146.800000000002	7,4,10,9,10,7,4,4,5,7,2,7,4,8,1,0,3,5,7,0,:	0,1,3,3,
29:	8146.800000000002	7,10,4,0,10,7,0,4,5,8,2,7,5,8,7,0,3,5,7,4,:	0,1,3,3,
30:	8003.900000000002	7,4,4,9,10,7,4,4,5,8,2,7,1,8,1,0,3,5,7,0,:	0,2,0,1,
31:	8003.900000000002	7,4,10,9,7,7,4,4,5,8,2,7,1,8,1,0,3,5,7,0,:	0,1,2,0,
32:	9627.9	7,4,10,9,10,6,4,4,5,8,2,7,1,8,1,0,3,5,7,0,:	0,1,3,0,
33:	8146.800000000002	7,10,4,0,10,7,10,4,1,8,2,7,8,8,1,0,3,5,7,0,:	0,2,1,2,
34:	8003.900000000002	7,10,4,0,10,7,4,4,5,8,2,7,1,8,1,0,3,5,7,0,:	0,2,3,0,
35:	8618.2	7,10,4,0,10,7,4,4,5,8,2,7,1,8,1,0,3,5,0,0,:	0,1,1,3,
36:	8137.300000000002	7,10,4,0,10,7,4,4,5,8,2,7,5,8,0,0,3,5,7,0,:	0,1,2,0,
37:	8146.800000000002	7,4,10,9,10,7,0,4,5,7,2,7,8,8,7,0,9,5,7,0,:	0,2,2,1,
38:	8137.300000000002	7,10,4,0,10,7,10,4,1,8,2,7,8,8,2,0,3,5,7,0,:	3,1,2,0,
39:	8210.699999999999	7,4,10,9,10,7,10,4,1,8,2,7,8,8,1,7,3,5,7,0,:	0,0,2,0,
40:	8146.800000000002	7,10,4,0,10,7,4,4,5,8,2,7,5,8,7,0,3,5,7,4,:	0,1,2,3,
41:	8003.900000000002	7,4,10,9,10,7,4,4,5,8,2,5,1,8,1,0,3,5,7,0,:	0,3,3,0,
42:	8146.800000000002	7,4,10,9,10,7,10,4,1,8,2,7,8,8,1,0,3,5,7,0,:	3,2,1,2,
43:	8137.300000000002	7,10,4,0,10,7,0,4,5,7,2,7,8,8,1,0,3,5,7,0,:	0,1,2,0,
44:	8146.800000000002	7,10,4,0,10,7,0,4,5,7,2,7,8,8,1,0,3,9,7,0,:	0,1,3,2,
45:	8003.900000000002	7,10,4,0,10,7,4,4,5,1,2,7,1,8,1,0,3,5,7,0,:	2,2,3,1,
46:	8146.800000000002	7,10,1,0,10,7,10,4,1,8,2,7,8,8,1,0,3,5,7,0,:	0,2,1,2,
47:	9027.599999999999	7,10,4,0,10,7,4,4,5,8,2,7,1,8,1,3,3,5,7,0,:	0,2,1,3,
