0:	3560.400000000001	8,7,3,7,7,1,8,1,3,:	1,3,1,
1:	3560.400000000001	8,9,2,7,1,9,8,1,3,:	2,1,3,
2:	3571.2000000000007	8,5,2,7,1,9,8,1,3,:	2,1,3,
3:	3560.400000000001	8,9,2,7,8,7,8,1,3,:	2,1,2,
4:	3560.400000000001	8,9,2,7,1,1,8,1,3,:	2,3,2,
5:	4784.4	10,5,2,7,2,9,8,1,3,:	2,1,2,
6:	3571.2000000000007	8,5,2,7,2,9,8,1,3,:	2,1,2,
7:	3571.2000000000007	8,5,2,7,2,9,8,0,3,:	2,1,2,
8:	3571.2000000000007	8,5,2,7,2,9,8,0,3,:	2,1,3,
9:	5033.400000000001	6,5,2,7,2,9,8,1,3,:	0,1,2,
10:	3580.200000000001	8,9,2,7,0,5,8,1,3,:	0,1,1,
11:	3586.800000000001	8,0,2,7,0,9,8,1,3,:	0,1,0,
12:	3580.200000000001	8,9,2,7,0,9,8,1,3,:	0,1,1,
13:	5033.400000000001	6,9,2,7,0,9,8,1,3,:	0,1,2,
14:	3560.400000000001	8,9,2,7,0,9,8,1,5,:	1,1,3,
15:	4332.0	8,9,2,2,1,9,8,1,3,:	1,3,2,
16:	4445.0	8,9,2,5,0,9,8,1,3,:	2,1,2,
17:	3560.400000000001	8,9,2,7,4,9,8,1,3,:	2,1,2,
18:	3571.2000000000007	8,5,2,7,2,9,8,1,3,:	2,1,2,
19:	3571.2000000000007	8,5,2,7,2,9,8,1,3,:	2,1,2,
20:	3571.2000000000007	8,5,2,7,2,9,8,1,3,:	1,3,3,
21:	3586.800000000001	8,5,2,7,2,9,8,1,1,:	0,1,1,
22:	3586.800000000001	8,5,2,7,2,9,8,1,3,:	0,1,2,
23:	3560.400000000001	8,9,2,7,1,1,8,1,3,:	2,1,1,
24:	3571.2000000000007	8,5,2,7,2,9,7,1,3,:	2,3,2,
25:	3586.800000000001	8,5,2,7,2,9,8,1,3,:	0,1,2,
26:	4029.3999999999996	8,9,2,10,0,9,8,1,3,:	2,1,2,
27:	3560.400000000001	8,9,1,7,1,1,8,1,3,:	2,3,3,
28:	3560.400000000001	8,9,2,7,0,9,8,1,7,:	2,3,2,
29:	3560.400000000001	8,9,2,7,3,1,8,1,3,:	2,1,3,
30:	3560.400000000001	8,9,2,7,2,9,8,1,3,:	1,1,2,
31:	3560.400000000001	8,7,2,7,1,9,8,1,3,:	2,1,2,
32:	3571.2000000000007	8,5,2,7,4,9,8,1,3,:	2,1,2,
33:	3571.2000000000007	8,5,2,7,2,9,8,1,3,:	2,1,2,
34:	3586.800000000001	8,3,2,7,0,9,8,1,3,:	0,1,2,
35:	3560.400000000001	8,9,10,7,1,9,8,1,3,:	2,1,1,
36:	3571.2000000000007	8,5,2,7,2,9,8,1,5,:	2,2,2,
37:	3560.400000000001	8,9,2,7,1,1,8,1,3,:	1,2,3,
38:	3560.400000000001	8,9,2,7,8,1,8,1,3,:	2,1,2,
39:	3560.400000000001	8,7,3,7,1,9,8,1,3,:	2,1,1,
40:	3560.400000000001	8,9,3,7,8,1,8,1,3,:	2,1,2,
41:	3560.400000000001	8,7,2,7,0,9,8,0,3,:	2,1,2,
42:	3816.6000000000004	8,9,2,7,0,9,2,1,3,:	2,1,1,
43:	3560.400000000001	8,9,2,7,1,1,8,1,3,:	2,1,0,
44:	6137.899999999999	9,9,2,7,1,9,8,1,3,:	2,0,3,
45:	3571.2000000000007	8,5,2,7,2,1,8,1,3,:	2,1,2,
46:	3586.800000000001	8,5,2,7,2,9,8,1,0,:	0,1,1,
47:	3571.2000000000007	8,5,2,7,2,9,8,4,3,:	2,1,2,
