machine1:0,1,20,28,11,10,13,8,15,17,18,3,9,19,23,6,21,16,27,25,5,24,2,14,29,
machine2:0,1,20,28,17,18,3,9,19,23,6,21,16,27,25,24,2,14,
machine3:0,1,20,28,11,4,10,13,8,15,17,18,3,9,19,23,6,12,21,16,27,25,26,5,24,2,22,14,30,29,7,
machine4:0,1,28,17,18,3,6,16,2,14,
machine5:0,1,20,28,11,4,10,13,8,15,17,3,9,6,12,21,16,27,25,30,29,7,
machine6:0,1,20,28,11,4,10,13,8,15,17,3,9,6,12,16,7,
machine7:0,1,20,28,11,4,10,13,8,15,17,18,3,9,19,23,6,12,21,16,27,25,26,24,2,22,30,29,7,
machine8:0,13,8,15,17,9,12,16,
machine9:0,1,20,28,11,4,13,8,15,17,18,9,19,23,6,12,25,26,5,24,22,14,30,29,7,
machine10:0,1,20,28,4,8,17,18,9,19,23,6,25,26,5,24,22,14,30,29,7,
machine11:0,1,20,28,11,4,13,8,15,17,18,9,19,23,6,12,21,25,26,5,24,22,14,30,29,7,
machine12:0,20,28,4,8,23,5,24,22,14,30,29,7,

1to 1:
1to 2:22,2,30,10,23,15,29,25,21,
1to 3:14,11,8,13,7,1,28,20,
2to 1:3,27,26,16,6,7,12,4,17,24,
2to 2:
2to 3:22,18,30,29,19,21,9,
3to 1:5,18,23,15,25,19,9,
3to 2:26,11,6,8,13,12,4,1,28,17,20,24,
3to 3:

cell1:2,3,
cell2:3,1,
cell3:1,2,
