machine1:0,1,20,28,11,10,13,8,15,17,18,19,6,23,24,25,5,21,2,14,29,9,16,3,27,
machine2:0,1,20,28,17,18,19,6,23,24,25,21,2,14,9,16,3,27,
machine3:0,1,20,28,4,11,10,13,8,15,12,17,18,19,6,23,24,25,26,5,21,2,22,30,14,29,9,16,7,3,27,
machine4:0,1,28,17,18,6,2,14,16,3,
machine5:0,1,20,28,4,11,10,13,8,15,12,17,6,25,21,30,29,9,16,7,3,27,
machine6:0,1,20,28,4,11,10,13,8,15,12,17,6,9,16,7,3,
machine7:0,1,20,28,4,11,10,13,8,15,12,17,18,19,6,23,24,25,26,21,2,22,30,29,9,16,7,3,27,
machine8:0,13,8,15,12,17,9,16,
machine9:0,1,20,28,4,11,13,8,15,12,17,18,19,6,23,24,25,26,5,22,30,14,29,9,7,
machine10:0,1,20,28,4,8,17,18,19,6,23,24,25,26,5,22,30,14,29,9,7,
machine11:0,1,20,28,4,11,13,8,15,12,17,18,19,6,23,24,25,26,5,21,22,30,14,29,9,7,
machine12:0,20,28,4,8,23,24,5,22,30,14,29,7,

1to 1:
1to 2:22,2,30,10,23,15,29,25,21,
1to 3:14,11,8,13,7,1,28,20,
2to 1:3,27,26,16,6,7,12,4,17,24,
2to 2:
2to 3:22,18,30,29,19,21,9,
3to 1:15,25,5,23,18,19,9,
3to 2:11,26,8,6,20,1,28,24,4,17,12,13,
3to 3:

cell1:2,3,
cell2:3,1,
cell3:1,2,
