machine1:0,48,15,47,62,36,34,29,16,45,8,6,26,51,73,63,20,72,77,80,70,17,10,44,41,42,23,68,37,74,32,79,30,5,49,3,54,59,21,78,65,43,2,64,39,4,28,14,
machine2:0,12,19,15,47,50,27,34,1,16,69,45,6,51,73,63,20,72,77,71,11,35,70,9,17,10,44,41,42,68,37,32,22,30,5,49,58,3,13,33,75,40,57,54,66,59,21,56,46,25,65,2,64,39,28,14,61,
machine3:0,48,31,15,62,50,36,27,60,29,16,67,45,8,26,51,73,63,72,55,77,11,35,52,70,9,44,41,42,37,32,22,7,5,58,18,33,38,66,46,25,65,2,64,76,39,4,28,14,61,
machine4:0,48,31,47,62,50,36,27,60,34,1,29,67,69,45,8,26,51,73,72,71,35,70,9,17,10,41,68,37,74,32,22,79,5,18,33,38,40,54,66,59,65,2,64,4,28,61,
machine5:0,19,48,15,36,27,60,34,24,1,29,16,67,69,45,8,51,73,63,72,55,71,11,52,80,70,17,44,41,23,68,74,32,22,79,30,7,5,58,3,13,18,75,38,54,66,59,21,46,25,43,2,64,76,39,4,14,61,
machine6:0,12,48,15,47,50,36,60,1,29,16,67,45,8,51,73,63,72,77,71,52,80,70,9,17,10,44,41,23,32,22,7,58,3,13,18,75,38,40,57,59,21,56,25,78,2,76,39,28,53,61,
machine7:0,19,48,15,47,62,50,36,27,60,34,24,1,29,16,67,45,26,51,63,72,55,77,71,35,80,17,10,44,41,23,74,22,79,30,49,13,57,54,59,21,25,78,65,43,76,4,28,14,61,
machine8:0,48,47,36,27,34,29,16,67,69,45,8,6,51,73,77,35,70,9,17,10,41,42,68,32,79,30,7,49,3,18,38,54,66,21,25,78,65,2,53,
machine9:0,19,48,62,50,36,27,60,34,24,29,16,67,45,8,51,63,55,35,52,9,17,10,44,23,37,74,32,22,7,5,49,13,33,38,40,54,66,59,21,56,46,25,2,4,14,
machine10:0,19,48,31,15,47,62,1,16,67,45,8,51,63,20,55,77,71,11,35,52,80,9,10,44,41,23,68,74,32,30,7,49,3,13,18,33,40,57,21,56,25,65,2,76,39,4,
machine11:0,12,19,48,15,47,62,27,60,34,1,67,69,45,8,26,51,73,63,20,72,55,77,11,35,52,70,9,10,23,68,37,74,22,79,30,5,58,3,40,54,66,21,2,39,4,28,14,61,
machine12:0,12,19,48,31,15,47,62,50,36,27,60,34,24,29,16,67,69,45,8,6,26,51,73,63,72,55,77,71,11,35,52,80,70,9,17,10,44,42,23,68,37,74,32,22,79,30,7,5,49,3,18,33,75,38,57,54,66,59,21,56,46,25,78,65,43,2,76,4,28,14,61,
machine13:0,12,19,48,31,15,47,36,27,34,1,29,16,67,69,45,8,6,26,51,73,63,20,72,55,77,11,35,80,70,9,17,10,44,41,42,23,68,37,74,32,22,79,30,7,5,49,58,3,13,18,33,75,38,40,57,54,66,59,21,56,46,25,78,65,43,2,64,76,39,4,28,14,53,61,
machine14:0,12,19,48,31,15,47,62,50,36,27,60,24,1,29,16,67,69,45,8,6,26,51,72,55,77,71,11,35,52,80,9,17,10,44,41,42,23,68,37,74,32,22,79,30,7,5,49,58,3,13,18,33,75,38,40,57,66,59,21,56,46,25,78,65,43,2,64,76,39,4,28,14,61,
machine15:0,12,19,48,31,15,47,62,50,36,27,60,34,24,1,29,16,67,69,45,8,6,26,51,73,63,20,72,55,77,71,11,35,52,80,70,9,10,44,41,42,23,68,37,74,32,22,79,30,7,5,49,58,3,18,33,38,40,57,54,66,59,21,56,46,25,78,65,43,2,64,76,39,4,28,14,53,61,
machine16:0,12,19,48,31,47,62,50,27,34,24,1,29,16,67,69,45,8,6,26,51,73,63,20,72,55,71,11,35,52,70,9,17,10,44,41,23,68,37,74,22,79,30,7,5,49,3,18,33,75,38,40,57,54,66,25,78,65,43,64,39,4,28,61,
machine17:0,12,19,48,31,15,62,36,27,60,34,1,29,16,67,69,45,8,6,26,51,73,63,20,72,77,71,11,35,80,70,9,17,10,44,42,23,68,37,22,79,30,7,5,49,58,13,18,33,38,57,54,66,59,21,56,46,25,78,65,43,2,64,76,39,4,28,14,53,
machine18:0,19,48,15,47,62,50,36,27,34,1,29,16,67,45,8,6,26,51,63,20,72,55,11,35,52,80,9,17,10,44,41,42,23,37,74,22,79,5,49,58,3,13,18,33,75,38,40,57,54,66,59,21,56,46,25,78,43,2,76,39,4,28,14,53,61,
machine19:0,19,48,31,15,47,62,50,36,27,60,34,24,1,29,16,67,45,8,26,51,73,63,72,55,77,11,35,52,80,70,9,17,10,44,41,42,23,68,37,74,32,22,79,30,7,5,49,58,3,13,18,33,38,40,57,54,66,59,21,56,25,78,65,43,2,64,76,39,4,28,14,61,
machine20:0,12,19,48,31,15,47,62,36,27,34,24,1,29,16,67,69,45,8,6,26,51,73,63,20,72,55,77,71,11,35,52,80,70,9,17,10,44,41,42,23,68,37,74,32,22,79,30,7,5,49,58,3,13,18,33,75,38,40,57,54,66,59,21,56,46,25,78,65,2,64,76,39,4,14,53,61,
machine21:0,12,19,48,31,15,47,62,50,36,27,60,34,24,1,29,16,67,69,45,8,6,26,51,73,63,20,72,55,77,71,11,35,52,80,70,9,17,10,44,41,42,23,68,37,74,32,22,79,30,7,5,49,58,3,13,18,33,75,38,40,57,54,66,59,21,56,46,25,78,65,43,2,64,76,39,4,28,14,53,61,

1to 1:
1to 2:1,10,11,19,27,33,34,37,38,40,47,49,50,52,55,58,60,62,68,70,73,77,13,59,69,28,30,66,23,18,61,74,54,3,5,14,29,39,15,41,17,32,22,78,44,2,4,16,67,8,9,45,51,48,72,21,63,
1to 3:1,2,3,7,9,10,14,16,18,19,21,25,30,31,33,37,42,44,49,50,52,54,55,58,61,63,64,65,71,73,74,75,76,77,78,24,6,59,69,60,20,28,34,66,46,79,23,38,62,5,29,39,11,15,70,17,47,32,27,22,35,4,67,8,45,36,51,68,48,72,
1to 4:1,3,5,7,8,10,11,13,14,19,22,26,29,30,31,32,34,35,42,43,46,54,58,63,64,65,66,73,75,76,77,79,50,6,12,55,59,69,71,60,20,28,18,38,40,61,74,62,39,15,41,37,47,25,27,78,44,57,2,4,16,67,9,45,36,51,68,48,49,72,21,
1to 5:3,5,14,15,16,18,19,26,27,29,30,35,36,38,43,45,49,52,55,57,58,59,64,65,69,70,75,76,50,6,13,56,60,20,28,34,66,46,79,42,40,61,74,54,62,33,39,11,41,17,37,1,22,78,44,2,4,67,8,9,10,51,68,48,72,21,63,
1to 6:1,3,4,5,7,8,9,14,16,19,20,28,29,30,31,40,41,45,49,58,60,62,63,64,65,66,68,69,70,72,75,76,77,79,80,24,13,12,55,56,34,46,23,42,73,18,38,61,54,33,39,11,15,17,37,47,25,32,27,22,78,44,2,67,10,36,51,48,21,
1to 7:2,3,4,5,7,10,16,19,25,26,29,30,31,34,35,38,43,45,49,50,51,54,55,58,61,64,65,67,70,77,79,52,13,59,69,56,28,66,46,42,73,18,62,33,14,11,15,41,17,37,47,1,32,22,78,44,57,8,9,36,68,48,21,63,
2to 1:1,3,4,7,8,10,11,14,16,18,19,20,21,22,24,25,26,28,31,33,34,36,37,39,41,42,44,47,48,50,57,58,59,60,63,65,66,68,69,72,74,76,77,78,79,80,12,55,71,30,46,23,73,61,54,62,5,29,15,70,17,32,27,35,2,67,9,45,51,
2to 2:
2to 3:1,2,5,9,10,11,13,16,18,20,24,25,27,28,29,34,36,37,39,40,41,42,43,44,47,49,50,51,52,53,54,58,59,60,61,62,66,67,68,69,70,74,75,77,79,80,12,76,55,71,30,23,7,73,38,65,3,19,33,14,15,17,32,22,78,35,4,8,45,48,72,21,63,
2to 4:4,5,6,8,10,11,13,15,17,18,21,22,24,25,27,28,33,34,37,38,40,41,42,44,47,48,49,50,51,52,55,56,58,59,60,61,65,66,67,68,69,70,71,72,74,79,80,12,30,46,23,77,7,73,26,54,62,3,19,14,29,57,35,2,16,9,45,36,63,
2to 5:2,7,10,11,13,16,18,19,21,22,24,25,26,27,28,29,34,37,38,39,40,41,44,47,48,49,50,51,52,53,59,60,61,62,63,65,66,67,68,69,72,73,74,75,76,79,80,55,20,30,46,23,54,3,5,33,14,15,70,17,1,78,57,35,4,8,9,45,36,
2to 6:2,5,8,10,11,13,15,16,18,20,22,23,24,25,27,30,31,32,34,36,37,38,40,41,42,44,47,48,51,53,55,58,59,60,63,66,68,69,72,73,74,76,77,78,79,80,12,56,46,7,65,61,54,62,3,19,33,14,29,70,17,57,35,4,67,9,45,49,21,
2to 7:2,8,10,13,16,18,21,24,26,27,28,31,32,35,37,38,41,42,44,50,52,54,57,59,63,66,67,68,69,74,75,77,79,80,55,30,46,23,7,73,65,40,61,62,3,5,19,33,14,29,15,70,17,47,1,25,22,4,9,45,51,48,49,
3to 1:2,7,9,10,16,18,19,20,23,24,25,26,30,34,36,37,41,42,43,46,48,49,51,55,56,58,59,61,64,65,66,69,71,74,75,77,80,76,60,28,73,38,40,54,3,5,33,14,39,11,15,70,17,47,1,32,27,22,78,44,4,8,45,68,72,21,63,
3to 2:2,5,9,11,12,16,18,20,21,23,26,30,31,34,36,37,39,40,41,43,44,48,52,54,55,57,58,59,61,63,66,69,73,74,76,77,79,80,13,60,28,7,65,3,19,33,14,29,15,70,17,47,1,25,32,27,22,78,35,4,67,8,45,10,51,68,49,72,
3to 3:
3to 4:2,3,4,9,12,16,18,23,26,30,31,34,35,36,37,40,41,49,50,51,52,53,54,55,57,63,68,69,74,76,79,80,75,58,6,13,59,71,60,43,20,28,46,42,7,73,38,65,5,19,33,14,29,39,11,15,70,17,47,1,25,32,27,22,78,44,67,8,45,10,48,72,21,
3to 5:2,3,4,9,11,12,15,16,17,18,21,23,26,29,30,31,36,37,42,45,46,48,50,53,54,55,57,59,64,66,67,69,73,74,75,79,80,58,13,76,60,43,20,28,34,7,38,65,5,19,33,14,39,41,70,47,1,25,22,78,44,35,8,10,51,49,72,63,
3to 6:2,3,6,9,11,12,14,16,18,19,23,25,30,31,36,37,42,43,46,47,48,49,53,55,56,57,58,60,61,63,67,69,73,74,75,77,79,80,13,76,59,64,34,66,7,38,65,40,5,33,39,15,41,70,17,1,32,27,22,78,44,35,4,8,45,10,51,72,21,
3to 7:2,3,4,6,7,9,10,11,12,14,15,16,17,18,23,25,26,31,36,37,40,45,46,52,54,57,58,59,61,63,64,66,69,74,75,77,80,71,60,43,20,34,42,73,38,65,62,5,19,33,29,39,41,70,47,32,27,22,78,44,35,67,8,68,48,49,21,
4to 1:2,3,4,5,7,9,10,14,18,19,21,22,23,25,26,28,29,30,32,33,35,37,38,39,41,42,43,44,45,52,54,55,58,61,63,64,65,67,70,71,72,73,76,77,24,75,6,59,69,60,34,66,79,74,62,11,15,17,47,1,27,78,57,16,8,51,68,48,49,
4to 2:2,3,4,5,7,8,9,10,12,13,14,16,17,22,23,24,25,26,27,28,30,31,32,33,38,39,40,41,45,47,48,53,54,57,58,61,65,68,70,71,72,73,74,77,78,79,80,52,55,59,69,60,34,66,46,62,19,29,11,15,1,35,67,36,51,49,21,63,
4to 3:3,5,6,7,10,12,13,14,17,21,22,23,24,27,28,29,30,31,33,35,38,41,42,43,44,45,46,55,58,59,60,61,63,65,67,68,70,71,72,77,78,80,75,53,52,64,69,56,34,66,79,18,40,26,74,19,11,15,37,47,1,25,57,2,4,16,8,9,36,51,48,49,
4to 4:
4to 5:1,2,3,4,5,6,7,8,9,10,11,13,14,20,21,23,24,25,28,30,31,33,35,39,40,41,42,43,44,46,54,58,60,61,64,65,68,70,71,72,74,76,78,79,80,75,53,52,12,55,59,69,56,34,66,38,26,62,19,29,15,37,47,27,57,16,67,45,36,51,48,49,63,
4to 6:1,2,4,7,8,10,12,13,14,22,24,25,27,28,29,30,31,32,33,34,36,38,39,40,41,42,43,44,46,49,52,54,56,58,59,61,63,65,70,72,73,76,75,53,6,55,69,60,79,23,77,18,26,74,62,3,5,19,11,15,17,47,78,57,35,16,67,9,45,51,48,21,
4to 7:3,4,5,7,9,11,14,15,20,22,23,24,25,27,29,30,31,32,33,34,39,40,41,42,43,44,45,46,48,49,51,54,58,59,60,61,64,65,68,70,71,73,78,50,75,53,6,12,55,56,66,79,77,38,26,74,62,19,37,47,1,57,35,2,16,67,8,10,36,72,21,63,
5to 1:1,2,3,4,5,6,8,11,14,15,16,17,18,19,21,23,24,25,26,28,29,30,31,34,38,39,42,43,44,45,46,48,54,55,57,59,61,62,63,65,66,68,70,71,73,75,76,79,80,58,13,64,56,20,74,33,41,37,47,27,22,78,67,9,10,36,51,72,
5to 2:1,2,3,4,8,11,14,15,17,18,21,23,25,28,29,31,33,34,39,43,44,48,49,52,53,54,55,56,57,59,61,62,63,65,66,67,69,70,71,72,76,78,58,13,60,20,30,79,7,38,74,5,19,41,47,27,22,35,16,9,45,10,36,51,68,
5to 3:1,3,4,5,6,7,8,11,14,15,17,18,19,20,21,23,25,28,29,30,34,35,36,37,38,40,41,44,46,48,49,52,53,54,55,57,58,59,61,62,65,66,67,69,70,71,73,75,79,31,13,76,60,43,74,33,39,47,27,22,78,2,16,9,45,10,51,68,72,63,
5to 4:2,4,6,7,8,9,11,13,14,15,17,18,19,20,21,23,25,28,29,30,34,38,39,40,42,43,44,46,48,50,51,52,54,55,56,59,60,61,62,65,66,67,68,69,71,73,75,76,78,31,53,58,64,79,26,74,33,41,37,47,1,27,22,57,35,16,10,36,49,72,63,
5to 5:
5to 6:1,2,3,4,5,6,7,8,9,11,14,15,17,18,19,20,21,25,29,34,35,37,39,43,44,46,48,49,53,54,55,59,61,64,65,66,72,73,75,76,77,80,31,58,13,12,56,60,30,79,23,38,26,74,62,33,41,70,47,27,22,78,57,16,67,45,10,36,51,68,63,
5to 7:1,2,4,6,7,8,10,11,14,15,16,17,18,19,21,22,23,25,27,28,29,30,33,34,36,37,39,43,44,45,46,47,48,50,51,55,59,61,63,65,66,67,69,72,73,74,75,76,77,78,79,31,58,12,64,20,38,54,62,5,41,70,57,35,9,68,49,
6to 1:1,2,3,5,7,8,10,11,15,16,19,20,22,27,29,32,33,34,35,36,38,40,41,43,45,47,48,52,54,55,57,58,60,63,67,68,69,70,72,73,75,77,78,79,80,64,66,23,42,18,65,61,74,14,39,17,37,25,44,4,9,51,49,21,
6to 2:1,2,3,4,7,8,9,11,12,13,14,15,16,18,19,20,21,22,24,25,27,29,30,31,33,34,35,38,41,44,45,47,51,52,54,55,56,57,58,60,63,65,67,68,69,70,72,77,78,80,66,23,40,61,26,74,62,5,39,17,32,10,36,48,49,
6to 3:1,2,3,5,6,7,8,10,11,12,13,15,16,17,19,20,21,22,24,25,27,29,30,31,33,34,38,41,45,46,47,48,49,52,55,56,57,58,61,62,63,64,65,66,67,68,69,70,72,74,75,76,77,78,79,71,23,42,73,18,40,26,14,37,32,44,35,4,9,36,51,
6to 4:1,2,3,6,7,8,9,11,12,13,15,16,17,18,20,22,24,26,27,29,30,31,32,33,35,36,38,40,41,43,44,45,47,48,52,53,54,55,56,58,59,60,61,62,63,64,65,66,68,69,70,72,73,75,76,77,78,79,80,23,42,74,5,19,14,39,37,25,57,4,67,10,51,49,21,
6to 5:1,2,4,6,7,8,11,12,14,15,16,17,19,20,24,27,29,31,33,34,36,38,39,40,41,43,44,46,47,48,52,56,58,63,68,70,72,73,75,76,78,79,80,13,64,66,23,18,65,61,26,74,54,62,5,37,25,22,57,35,67,9,10,51,49,21,
6to 6:
6to 7:1,2,4,5,7,8,9,11,12,14,15,16,17,18,19,20,21,22,24,27,31,32,33,34,38,41,42,43,44,45,46,47,48,51,52,55,56,57,58,62,63,65,66,67,68,69,70,73,77,64,23,40,61,26,54,37,25,78,35,10,36,49,
7to 1:1,2,3,4,8,9,10,15,16,17,18,20,21,24,25,26,27,28,29,30,31,32,33,35,39,43,44,45,47,49,50,51,55,56,58,59,61,63,65,66,67,68,69,74,75,64,46,79,42,77,7,73,38,54,62,5,19,14,41,70,37,22,78,36,48,
7to 2:1,3,4,8,13,15,17,21,25,27,29,31,32,33,35,36,38,39,40,44,49,50,51,54,55,58,59,60,65,66,67,69,73,74,78,80,53,12,71,56,20,28,34,23,77,7,61,62,19,14,41,70,37,47,22,57,2,16,9,45,10,48,63,
7to 3:1,2,3,4,6,7,11,12,15,16,17,18,20,21,22,23,25,27,30,31,33,34,35,42,43,45,46,47,48,49,50,55,58,59,60,61,62,64,65,66,67,69,73,74,75,76,79,80,28,77,38,40,54,5,19,14,29,41,70,37,32,78,44,57,8,9,10,36,68,63,
7to 4:1,2,3,4,6,8,9,12,13,16,18,19,21,22,25,26,27,28,30,31,35,39,40,41,42,43,44,45,46,47,49,50,51,55,56,57,58,59,60,62,63,64,65,67,72,73,74,75,80,52,69,34,77,7,38,61,54,33,14,29,11,15,70,37,78,10,36,68,48,
7to 5:1,2,3,4,6,8,9,10,11,13,15,16,17,18,20,21,22,26,27,30,31,35,43,44,46,47,48,49,50,51,54,55,57,58,60,63,65,66,67,73,74,75,78,79,80,64,71,34,23,7,38,61,62,19,33,14,29,41,70,37,36,68,72,
7to 6:1,2,3,4,7,11,12,13,14,15,17,19,20,21,27,30,31,33,34,35,36,37,40,41,43,44,45,46,47,48,50,51,55,56,58,59,60,61,63,65,67,70,74,75,78,52,69,23,77,73,38,54,62,5,29,25,32,22,57,16,8,9,10,68,49,
7to 7:

cell1:6,3,5,7,4,2,
cell2:1,4,3,7,6,5,
cell3:4,5,6,7,1,2,
cell4:5,7,1,6,3,2,
cell5:7,6,2,1,4,3,
cell6:3,5,1,2,7,4,
cell7:1,5,2,4,6,3,
