machine1:0,74,30,15,29,44,17,70,73,8,10,41,65,51,2,32,21,63,4,79,37,48,34,39,49,16,28,72,77,43,6,68,36,54,47,45,42,14,59,3,64,78,26,5,80,23,62,20,
machine2:0,30,15,61,44,17,70,73,11,10,41,27,65,51,9,2,32,21,63,22,19,37,25,69,33,34,39,49,16,28,1,66,72,77,71,35,6,68,56,57,54,47,45,58,40,42,14,46,50,59,3,64,5,13,75,12,20,
machine3:0,15,31,18,61,29,44,70,73,11,8,41,27,60,65,51,9,2,32,63,4,22,37,25,67,38,48,33,39,16,55,28,66,72,77,35,36,45,58,42,14,46,50,52,7,64,26,5,76,62,
machine4:0,74,31,18,61,29,17,70,73,8,10,41,27,60,65,51,9,2,32,4,22,79,37,69,67,38,48,33,34,28,1,66,72,71,35,68,36,54,47,45,40,50,59,64,26,5,62,
machine5:0,74,30,15,18,61,29,44,17,70,73,11,8,41,27,24,60,51,2,32,21,63,4,22,79,19,25,69,67,38,48,34,39,16,55,1,66,72,71,43,68,36,54,45,58,14,46,59,52,3,7,64,5,80,13,23,76,75,
machine6:0,15,18,61,29,44,17,70,73,8,10,41,60,51,9,2,32,21,63,22,25,67,38,48,39,16,28,1,72,77,71,56,36,57,47,45,58,40,50,59,52,3,7,78,80,13,23,76,75,12,53,
machine7:0,74,30,15,61,29,44,17,10,41,27,24,60,65,51,21,63,4,22,79,19,25,67,48,34,49,16,55,28,1,72,77,71,43,35,36,57,54,47,45,14,50,59,78,26,80,13,23,76,62,
machine8:0,30,18,29,17,70,73,8,10,41,27,65,51,9,2,32,21,79,25,69,67,38,48,34,49,16,66,77,35,6,68,36,54,47,45,42,3,7,78,53,
machine9:0,74,29,44,17,8,10,27,24,60,51,9,2,32,21,63,4,22,19,37,25,67,38,48,33,34,49,16,55,66,35,56,36,54,45,40,14,46,50,59,52,7,5,13,23,62,
machine10:0,74,30,15,31,18,44,11,8,10,41,65,51,9,2,32,21,63,4,19,25,67,48,33,39,49,16,55,1,77,71,35,68,56,57,47,45,40,52,3,7,80,13,23,76,62,20,
machine11:0,74,30,15,61,70,73,11,8,10,27,60,51,9,2,21,63,4,22,79,19,37,69,67,48,34,39,55,28,1,66,72,77,35,68,54,47,45,58,40,14,52,3,26,5,23,62,12,20,
machine12:0,74,30,15,31,18,61,29,44,17,70,73,11,8,10,27,24,60,65,51,9,2,32,21,63,4,22,79,19,37,25,69,67,38,48,33,34,49,16,55,28,66,72,77,71,43,35,6,68,56,36,57,54,47,45,42,14,46,50,59,52,3,7,78,26,5,80,23,76,75,62,12,
machine13:0,74,30,15,31,18,61,29,44,17,70,73,11,8,10,41,27,65,51,9,2,32,21,63,4,22,79,19,37,25,69,67,38,48,33,34,39,49,16,55,28,1,66,72,77,43,35,6,68,56,36,57,54,47,45,58,40,42,14,46,59,3,7,64,78,26,5,80,13,23,76,75,12,53,20,
machine14:0,74,30,15,31,18,61,29,44,17,11,8,10,41,27,24,60,65,51,9,2,32,21,4,22,79,19,37,25,69,67,38,48,33,39,49,16,55,28,1,66,72,77,71,43,35,6,68,56,36,57,47,45,58,40,42,14,46,50,59,52,3,7,64,78,26,5,80,13,23,76,75,62,12,
machine15:0,74,30,15,31,18,61,29,44,70,73,11,8,10,41,27,24,60,65,51,9,2,32,21,63,4,22,79,19,37,25,69,67,38,48,33,34,39,49,16,55,28,1,66,72,77,71,43,35,6,68,56,36,57,54,47,45,58,40,42,14,46,50,59,52,3,7,64,78,26,5,80,23,76,62,12,53,20,
machine16:0,74,30,31,18,61,29,44,17,70,73,11,8,10,41,27,24,65,51,9,63,4,22,79,19,37,25,69,67,38,48,33,34,39,49,16,55,28,1,66,72,71,43,35,6,68,57,54,47,45,40,50,52,3,7,64,78,26,5,23,75,62,12,20,
machine17:0,30,15,31,18,29,44,17,70,73,11,8,10,27,60,65,51,9,2,21,63,4,22,79,19,37,25,69,67,38,48,33,34,39,49,16,28,1,66,72,77,71,43,35,6,68,56,36,57,54,45,58,42,14,46,59,7,64,78,26,5,80,13,23,76,62,12,53,20,
machine18:0,74,15,18,61,29,44,17,11,8,10,41,27,51,9,2,21,63,4,22,79,19,37,25,67,38,48,33,34,39,49,16,55,28,1,66,72,43,35,6,56,36,57,54,47,45,58,40,42,14,46,50,59,52,3,78,26,5,80,13,23,76,75,62,53,20,
machine19:0,74,30,15,31,18,61,29,44,17,70,73,11,8,10,41,27,24,60,65,51,9,2,32,21,63,4,22,79,19,37,25,67,38,48,33,34,39,49,16,55,28,1,66,72,77,43,35,68,56,36,57,54,47,45,58,40,42,14,50,59,52,3,7,64,78,26,5,80,13,23,76,62,
machine20:0,74,30,15,31,18,61,29,44,17,70,73,11,8,10,41,27,24,65,51,9,2,32,21,63,4,22,79,19,37,25,69,67,38,48,33,34,39,49,16,55,1,66,72,77,71,35,6,68,56,36,57,54,47,45,58,40,42,14,46,59,52,3,7,64,78,26,5,80,13,23,76,75,62,12,53,20,
machine21:0,74,30,15,31,18,61,29,44,17,70,73,11,8,10,41,27,24,60,65,51,9,2,32,21,63,4,22,79,19,37,25,69,67,38,48,33,34,39,49,16,55,28,1,66,72,77,71,43,35,6,68,56,36,57,54,47,45,58,40,42,14,46,50,59,52,3,7,64,78,26,5,80,13,23,76,75,62,12,53,20,

1to 1:
1to 2:1,3,4,8,11,13,14,19,21,22,23,27,33,34,37,38,40,47,49,50,51,52,55,58,60,62,66,68,70,73,74,77,61,72,10,67,54,41,45,17,5,32,28,15,44,48,69,18,63,59,2,9,16,29,30,39,78,
1to 3:1,2,3,4,7,8,9,14,16,18,19,21,22,23,25,27,28,30,31,33,34,36,38,42,44,46,47,49,50,52,54,55,58,61,62,63,65,71,73,74,75,76,77,78,70,5,29,24,10,51,15,32,45,64,67,59,60,6,39,69,17,48,37,79,11,72,35,66,20,68,
1to 4:1,3,4,5,7,8,11,13,14,15,19,22,26,29,30,31,32,34,35,36,38,40,42,43,44,46,47,49,54,55,58,63,64,65,66,67,73,74,75,76,77,78,79,12,50,61,18,45,20,68,37,60,2,10,48,9,39,62,71,6,41,59,51,25,21,28,27,57,16,69,72,
1to 5:1,3,4,5,8,9,13,14,15,16,18,19,22,26,27,29,30,34,35,36,38,40,43,44,45,46,49,52,55,57,58,59,64,65,69,70,74,75,76,37,6,41,66,61,56,17,33,50,63,42,60,68,78,39,72,2,79,28,62,51,11,48,54,20,67,10,21,
1to 6:1,3,4,5,7,8,9,13,14,16,17,19,20,22,23,27,28,29,30,31,32,34,36,38,40,41,45,47,49,51,55,58,60,62,63,64,65,66,67,68,69,70,72,75,76,77,79,80,15,54,78,56,44,48,10,46,11,12,42,25,2,33,37,18,61,73,39,21,24,
1to 7:1,2,3,4,5,7,8,10,13,14,16,19,22,25,26,29,30,31,34,35,36,38,43,45,46,47,49,50,51,54,55,58,64,65,67,70,77,78,79,59,9,57,73,69,41,61,62,52,42,28,33,44,48,37,21,11,15,17,56,18,32,63,66,68,
2to 1:1,5,7,8,11,14,18,19,20,21,24,25,26,28,31,33,34,36,37,39,41,42,44,47,48,50,51,55,57,58,59,60,61,63,65,66,68,69,70,72,74,76,77,78,79,80,12,73,17,23,32,54,71,10,22,45,27,4,16,62,30,67,35,15,2,9,46,29,3,
2to 2:
2to 3:1,2,9,10,11,13,18,20,21,24,25,29,33,34,36,37,38,39,40,42,43,44,47,49,50,51,52,53,54,55,58,59,60,61,62,66,67,69,70,74,75,77,79,80,65,3,72,22,32,68,16,5,8,76,14,28,30,7,41,78,19,15,12,45,48,17,73,27,4,23,35,63,71,
2to 4:6,7,8,10,11,13,15,18,19,21,24,25,26,27,29,33,34,37,38,40,42,44,48,50,51,52,55,56,57,58,59,60,61,65,66,67,69,70,71,72,74,77,79,80,9,28,17,30,45,68,73,5,16,63,36,23,2,3,47,62,14,54,22,41,35,46,49,4,12,
2to 5:2,5,7,10,11,13,18,19,21,22,24,25,26,27,28,29,33,34,36,37,38,39,40,44,47,48,49,50,51,52,53,55,57,59,60,61,62,63,65,66,67,68,69,72,73,74,75,76,79,80,23,8,15,30,41,46,45,14,3,4,35,20,9,16,70,54,78,1,17,
2to 6:2,7,8,10,11,13,15,16,18,20,23,24,25,30,31,33,34,35,36,37,38,40,42,44,48,49,51,53,55,57,58,59,60,61,63,66,68,69,72,73,74,76,77,78,79,80,5,27,45,17,65,21,41,22,3,32,19,29,46,62,9,70,4,14,47,56,12,54,67,
2to 7:2,7,8,10,13,18,19,21,22,24,26,27,29,31,32,33,35,37,38,42,44,50,51,52,54,55,57,59,61,63,66,67,68,69,74,75,77,79,80,17,70,9,5,23,46,14,73,3,45,47,25,41,48,49,30,40,65,4,1,62,28,16,15,
3to 1:5,7,9,10,14,17,18,19,20,23,24,25,26,30,34,36,37,38,42,43,46,48,49,51,55,56,58,59,61,64,65,66,69,71,74,75,77,78,40,47,15,54,73,60,1,41,80,44,22,45,76,63,16,8,28,4,68,21,27,32,33,2,11,72,70,3,39,
3to 2:5,9,10,11,12,17,18,20,21,23,26,28,30,31,34,36,37,39,40,43,44,48,54,55,57,58,59,61,63,66,67,69,73,74,76,77,80,15,32,8,65,70,4,47,19,78,2,72,7,27,22,41,52,35,14,60,16,51,79,33,68,1,25,13,45,49,3,29,
3to 3:
3to 4:3,5,9,10,12,14,16,17,18,23,30,31,32,34,35,36,37,38,40,41,49,50,54,55,57,63,67,68,69,74,76,78,80,20,25,46,13,29,11,43,39,60,6,7,47,48,19,44,70,8,26,59,51,33,2,21,53,79,27,65,73,22,42,52,72,28,75,1,45,4,58,71,15,
3to 5:1,2,3,10,11,12,14,17,18,21,23,26,28,29,30,31,37,38,42,45,46,48,50,53,54,55,57,59,64,66,67,69,73,75,78,79,80,15,41,34,35,60,47,5,58,44,9,4,51,7,13,74,33,16,39,49,63,70,22,76,36,43,8,19,20,25,65,72,
3to 6:3,6,9,10,11,12,14,17,18,19,23,25,30,31,36,37,38,42,43,46,47,48,53,55,56,57,58,60,61,63,67,69,73,74,75,77,72,76,80,2,49,13,33,34,44,65,79,35,66,39,40,22,16,8,78,21,51,70,4,7,15,27,5,64,41,45,59,1,32,
3to 7:3,4,5,6,7,9,10,11,12,17,18,23,25,26,31,36,37,38,40,45,46,52,54,57,58,59,61,62,63,64,66,67,69,74,75,77,80,39,60,34,44,16,32,33,21,73,42,2,22,8,29,41,15,20,27,78,35,70,68,49,14,71,19,43,47,65,48,
4to 1:2,3,4,7,9,14,17,18,21,22,23,25,26,28,29,30,32,33,34,35,37,38,41,42,43,44,45,49,52,54,55,57,58,61,63,64,65,67,68,70,71,72,73,76,8,75,39,77,6,27,60,78,5,48,66,79,10,62,16,19,69,51,47,59,1,11,15,24,74,
4to 2:2,3,4,5,7,9,12,13,14,16,17,22,23,24,25,26,28,29,30,31,32,34,38,39,40,41,45,47,48,52,53,54,57,58,61,63,65,68,70,71,72,73,74,78,79,80,21,33,67,1,8,66,10,27,60,11,35,59,19,46,51,55,69,62,36,77,49,15,
4to 3:2,3,5,6,7,9,10,12,13,14,17,18,21,22,23,24,25,28,29,30,31,35,37,38,41,42,43,44,45,46,52,55,57,58,59,60,61,63,64,65,67,68,70,71,72,78,80,69,33,27,8,4,36,74,15,26,16,1,77,49,34,19,47,48,56,79,11,75,51,40,53,66,
4to 4:
4to 5:1,2,3,4,6,7,9,13,14,20,21,23,24,25,28,29,30,31,34,35,37,39,40,41,42,43,44,46,51,52,54,58,60,61,64,65,68,70,71,72,74,76,78,79,80,15,55,49,8,36,11,48,19,53,45,16,75,67,27,59,57,38,62,5,12,56,10,33,26,47,66,69,63,
4to 6:1,2,4,7,8,9,10,12,13,14,17,18,19,22,24,25,28,29,30,31,32,34,36,38,39,40,41,42,43,44,46,52,54,56,57,58,59,61,63,65,70,72,73,76,55,3,79,49,48,15,75,21,35,51,11,23,33,67,45,53,60,62,69,74,16,26,27,5,6,78,47,77,
4to 7:2,3,4,5,7,9,11,14,15,20,22,23,24,25,27,29,30,31,32,33,34,39,40,41,42,43,44,45,46,48,49,54,57,58,59,60,61,64,65,68,70,71,73,78,37,50,21,38,6,10,66,75,47,1,35,19,55,77,36,62,72,74,8,16,56,12,51,53,26,67,79,63,
5to 1:1,2,3,4,5,6,8,10,11,15,16,17,18,19,23,24,25,26,28,30,31,34,38,39,41,42,43,44,45,46,47,48,51,54,56,62,67,73,75,76,78,79,80,71,33,70,29,58,66,72,59,55,63,61,64,20,36,9,74,21,22,27,37,13,14,57,65,68,
5to 2:1,2,4,5,7,8,10,11,14,15,17,18,19,23,25,28,29,31,33,34,38,39,41,43,44,47,48,49,51,52,54,55,56,57,59,60,62,65,66,67,69,70,72,76,78,79,13,30,16,21,45,63,9,36,27,61,3,74,71,68,53,20,35,58,22,
5to 3:1,5,6,8,10,11,13,14,15,17,18,19,20,23,25,28,29,30,33,34,35,37,40,41,44,46,47,48,49,51,52,53,54,58,60,62,65,66,67,69,70,73,75,78,79,31,7,9,72,59,61,16,38,71,4,22,45,57,3,63,39,27,2,36,43,74,21,68,76,55,
5to 4:2,4,6,8,9,10,11,13,15,17,18,19,20,23,25,26,28,30,34,37,39,40,41,42,43,44,46,47,48,49,50,51,52,53,54,56,59,60,62,63,65,66,67,68,69,73,75,76,78,79,58,35,1,33,71,36,55,72,21,38,64,14,29,57,7,31,16,22,27,61,74,
5to 5:
5to 6:1,2,5,6,8,9,10,11,12,13,15,17,18,19,20,25,29,33,34,35,37,39,41,43,44,46,47,48,49,51,53,54,56,59,60,62,64,66,67,70,72,73,75,76,77,78,79,80,63,58,31,74,4,14,36,57,27,68,38,45,26,16,55,7,30,61,65,21,23,3,22,
5to 7:2,4,5,6,8,10,11,12,15,16,17,18,19,21,22,23,25,27,28,30,33,34,37,38,39,41,43,44,45,46,47,48,50,51,61,65,67,69,70,72,73,74,75,76,77,78,79,20,49,54,66,36,64,59,63,14,55,35,57,9,29,58,62,31,1,7,68,
6to 1:1,2,3,5,11,15,16,19,20,27,29,33,34,35,36,38,40,41,43,45,52,54,55,57,58,60,63,67,68,69,70,73,75,77,79,80,47,37,74,22,10,49,44,61,32,4,7,18,66,39,21,72,42,9,23,51,14,48,25,65,17,8,64,78,
6to 2:1,3,8,9,11,12,13,15,16,18,19,20,24,25,27,30,33,34,35,38,41,44,54,55,57,58,60,65,67,68,69,70,77,78,80,23,62,36,32,10,40,22,61,51,66,72,74,49,29,39,63,5,26,31,14,56,21,47,7,4,2,17,45,52,48,
6to 3:1,3,5,6,11,12,13,15,16,17,19,20,21,23,24,27,29,30,31,33,34,46,48,49,51,55,56,57,58,61,62,63,64,65,66,67,68,69,70,74,75,76,77,78,79,52,10,37,7,14,9,35,44,36,4,32,47,38,25,8,26,71,72,2,42,45,18,73,22,40,41,
6to 4:1,2,3,6,7,8,9,12,13,16,17,18,20,22,24,26,27,29,30,31,35,36,38,41,43,44,45,47,52,53,54,55,56,58,60,61,62,63,64,65,66,68,69,70,72,73,75,76,78,80,19,40,59,74,11,21,33,5,48,49,4,10,25,37,23,14,39,57,67,42,77,32,51,79,15,
6to 5:2,6,8,11,12,15,16,17,19,20,24,27,34,36,38,39,41,43,44,46,47,48,51,56,58,63,68,70,72,73,75,78,79,80,4,57,62,21,54,5,9,40,65,7,14,22,29,76,10,26,35,52,74,25,31,37,18,23,33,64,49,66,67,13,1,61,
6to 6:
6to 7:4,9,11,12,14,15,16,17,18,19,20,24,27,32,33,34,38,41,42,43,44,45,46,48,52,55,56,58,61,62,63,65,66,67,68,69,70,73,77,47,35,49,8,78,57,5,7,23,21,51,22,26,31,1,36,37,64,10,2,54,25,40,
7to 1:2,3,4,8,9,10,14,15,16,18,21,22,24,25,26,27,28,29,30,31,32,33,35,39,43,44,45,47,50,51,58,59,61,63,65,66,69,74,78,17,55,67,56,1,20,48,5,75,19,62,49,37,54,64,36,42,73,79,70,7,77,38,41,68,46,
7to 2:1,2,3,4,8,9,13,14,15,16,21,22,25,27,28,29,31,32,33,35,38,39,40,44,47,49,50,51,53,54,56,58,59,60,63,65,66,67,69,73,74,78,80,17,34,55,20,45,37,62,19,71,12,10,57,36,61,48,7,41,77,23,70,
7to 3:2,3,4,6,7,8,11,12,14,15,16,17,18,22,23,25,27,28,30,31,33,34,35,41,42,43,45,46,48,50,55,58,59,60,61,64,65,66,67,68,69,74,76,80,44,37,20,40,10,38,57,54,79,36,62,21,29,73,70,9,78,1,75,47,19,77,32,49,5,63,
7to 4:2,3,4,6,8,9,11,12,13,14,15,16,18,19,21,22,25,26,27,28,30,31,33,39,40,41,42,43,44,45,46,47,48,49,50,51,56,57,58,59,60,62,64,65,67,72,73,74,80,77,75,29,55,69,37,52,36,68,35,61,63,70,10,34,7,54,78,38,1,
7to 5:2,3,4,6,8,9,10,11,13,14,15,16,17,18,21,22,26,27,30,31,33,35,43,44,46,47,48,49,50,51,54,57,58,60,63,65,66,67,73,74,78,80,38,79,75,34,55,61,71,64,19,36,68,1,41,62,7,23,29,20,37,72,70,
7to 6:2,3,4,7,8,11,12,13,14,15,19,21,22,27,30,31,33,34,35,40,41,43,44,45,46,47,48,50,51,58,59,60,61,65,70,74,78,37,49,69,77,38,9,25,55,29,32,75,5,36,56,17,54,63,52,67,73,10,57,16,20,1,23,62,68,
7to 7:

cell1:6,2,7,3,5,4,
cell2:1,3,7,6,5,4,
cell3:6,2,7,4,5,1,
cell4:3,7,5,2,1,6,
cell5:2,1,6,7,3,4,
cell6:4,3,1,2,5,7,
cell7:5,6,1,2,4,3,
