machine1:0,20,6,77,42,62,47,74,73,59,64,68,15,79,8,36,29,65,48,72,80,63,51,16,41,26,49,34,30,45,70,44,54,2,43,28,39,21,17,37,23,78,10,5,14,32,4,3,
machine2:0,50,75,69,20,6,13,77,58,12,42,11,71,47,1,73,33,59,64,68,15,9,27,65,35,72,63,51,19,56,16,41,49,57,34,30,66,46,45,70,25,40,22,44,54,2,28,39,21,17,37,10,5,14,32,61,3,
machine3:0,31,50,52,55,60,77,58,42,62,11,73,76,33,64,15,8,7,9,18,36,29,27,65,35,48,72,63,51,16,38,41,26,66,67,46,45,70,25,22,44,2,28,39,37,5,14,32,4,61,
machine4:0,31,50,69,60,62,71,47,1,74,73,33,59,64,68,79,8,9,18,36,29,27,65,35,48,72,51,38,41,26,34,66,67,45,70,40,22,54,2,28,17,37,10,5,32,4,61,
machine5:0,24,75,52,69,55,60,13,58,11,71,1,74,73,76,59,64,68,15,79,8,7,18,36,29,27,48,72,80,63,51,19,16,38,41,34,30,66,67,46,45,70,25,22,44,54,2,43,39,21,17,23,5,14,32,4,61,3,
machine6:0,50,75,52,60,13,77,58,12,71,47,1,73,76,59,15,8,7,9,18,36,29,48,72,80,63,51,56,16,38,41,53,57,67,45,70,25,40,22,44,2,28,39,21,17,23,78,10,32,61,3,
machine7:0,24,50,55,60,13,77,62,71,47,1,74,76,59,15,79,36,29,27,65,35,48,72,80,63,51,19,16,41,26,49,57,34,30,67,45,25,22,44,54,43,28,21,17,23,78,10,14,4,61,
machine8:0,69,6,77,42,47,73,68,79,8,7,9,18,36,29,27,65,35,48,51,16,38,41,53,49,34,30,66,67,45,70,25,54,2,21,17,78,10,32,3,
machine9:0,24,50,52,55,60,13,62,74,33,59,8,7,9,36,29,27,35,48,63,51,19,56,16,38,49,34,66,67,46,45,25,40,22,44,54,2,21,17,37,23,10,5,14,32,4,
machine10:0,31,52,55,20,13,77,62,11,71,47,1,74,76,33,68,15,8,7,9,18,65,35,48,80,63,51,19,56,16,41,49,57,30,67,45,25,40,44,2,39,21,23,10,32,4,3,
machine11:0,52,69,55,60,20,77,58,12,62,11,47,1,74,73,68,15,79,8,9,27,35,48,72,63,51,19,26,34,30,66,67,45,70,40,22,54,2,28,39,21,37,23,10,5,14,4,61,3,
machine12:0,31,24,50,75,52,69,55,60,6,77,12,42,62,11,71,47,74,73,76,33,59,68,15,79,8,7,9,18,36,29,27,65,35,48,72,80,63,51,19,56,16,38,26,49,57,34,30,66,67,46,45,70,25,22,44,54,2,43,28,21,17,37,23,78,10,5,14,32,4,61,3,
machine13:0,31,75,69,55,20,6,13,77,58,12,42,11,47,1,74,73,76,33,59,64,68,15,79,8,7,9,18,36,29,27,65,35,48,72,80,63,51,19,56,16,38,41,26,53,49,57,34,30,66,67,46,45,70,25,40,22,44,54,2,43,28,39,21,17,37,23,78,10,5,14,32,4,61,3,
machine14:0,31,24,50,75,52,69,55,60,6,13,77,58,12,42,62,11,71,47,1,74,76,33,59,64,68,15,79,8,7,9,18,36,29,27,65,35,48,72,80,51,19,56,16,38,41,26,49,57,30,66,67,46,45,25,40,22,44,2,43,28,39,21,17,37,23,78,10,5,14,32,4,61,3,
machine15:0,31,24,50,52,69,55,60,20,6,77,58,12,42,62,11,71,47,1,74,73,76,33,59,64,68,15,79,8,7,9,18,36,29,27,65,35,48,72,80,63,51,19,56,16,38,41,26,53,49,57,34,30,66,67,46,45,70,25,40,22,44,54,2,43,28,39,21,37,23,78,10,5,14,32,4,61,3,
machine16:0,31,24,50,75,52,69,55,20,6,12,62,11,71,47,1,74,73,33,64,68,79,8,7,9,18,29,27,65,35,48,72,63,51,19,16,38,41,26,49,57,34,30,66,67,45,70,25,40,22,44,54,43,28,39,17,37,23,78,10,5,4,61,3,
machine17:0,31,69,60,20,6,13,77,58,12,42,62,11,71,1,73,76,33,59,64,68,15,79,8,7,9,18,36,29,27,65,35,48,72,80,63,51,19,56,16,38,26,53,49,57,34,30,66,67,46,45,70,25,22,44,54,2,43,28,39,21,17,37,23,78,10,5,14,4,
machine18:0,50,75,52,55,20,6,13,58,42,62,11,47,1,74,76,33,59,15,79,8,9,18,36,29,27,35,48,72,80,63,51,19,56,16,38,41,26,53,49,57,34,66,67,46,45,25,40,22,44,54,2,43,28,39,21,17,37,23,78,10,5,14,4,61,3,
machine19:0,31,24,50,52,55,60,13,77,58,42,62,11,47,1,74,73,76,33,59,64,68,15,79,8,7,9,18,36,29,27,65,35,48,72,80,63,51,19,56,16,38,41,26,49,57,34,30,66,67,45,70,25,40,22,44,54,2,43,28,39,21,17,37,23,78,10,5,14,32,4,61,3,
machine20:0,31,24,75,52,69,55,20,6,13,77,58,12,42,62,11,71,47,1,74,73,76,33,59,64,68,15,79,8,7,9,18,36,29,27,65,35,48,72,80,63,51,19,56,16,38,41,26,53,49,57,34,30,66,67,46,45,70,25,40,22,44,54,2,39,21,17,37,23,78,10,5,14,32,4,61,3,
machine21:0,31,24,50,75,52,69,55,60,20,6,13,77,58,12,42,62,11,71,47,1,74,73,76,33,59,64,68,15,79,8,7,9,18,36,29,27,65,35,48,72,80,63,51,19,56,16,38,41,26,53,49,57,34,30,66,67,46,45,70,25,40,22,44,54,2,43,28,39,21,17,37,23,78,10,5,14,32,4,61,3,

1to 1:
1to 2:1,3,5,11,13,19,27,33,34,37,38,40,47,49,50,52,55,58,62,66,68,69,70,72,73,77,2,4,8,9,10,14,15,16,17,18,21,22,23,28,29,30,32,39,41,44,45,48,51,54,60,61,63,67,74,78,59,
1to 3:1,3,5,6,9,14,18,19,21,25,28,30,31,33,34,37,38,42,44,50,52,54,55,58,61,63,65,69,71,72,74,75,76,77,78,2,4,7,8,10,11,15,16,17,22,23,27,29,32,35,36,39,45,46,47,48,49,51,60,62,66,67,68,70,73,79,64,59,20,24,
1to 4:1,3,5,6,8,11,13,14,19,22,26,29,30,31,32,34,35,36,38,40,42,43,44,46,47,54,55,58,63,64,66,67,69,73,75,76,77,78,79,2,4,7,9,10,12,15,16,18,20,21,25,27,28,37,39,41,45,48,49,51,57,60,61,62,65,68,71,72,74,59,50,
1to 5:3,5,6,9,13,14,15,16,19,26,27,29,30,34,35,36,38,40,43,44,45,49,52,55,57,58,59,64,65,69,70,75,76,1,2,4,8,10,11,17,18,21,22,28,33,37,39,41,42,46,48,51,54,56,60,61,62,63,66,67,68,72,74,78,79,20,50,
1to 6:1,3,4,5,9,13,14,17,19,20,28,29,30,31,34,38,40,41,45,47,54,55,58,62,63,64,66,67,68,69,70,72,75,76,77,79,80,2,7,8,10,11,15,16,18,21,22,23,25,27,32,33,36,37,39,42,44,46,48,49,51,56,60,61,65,73,78,12,24,
1to 7:3,4,5,10,13,16,17,19,25,26,29,30,31,34,35,38,43,45,47,50,51,54,55,58,61,64,65,67,69,70,77,78,79,1,2,7,8,9,11,14,15,18,21,22,28,32,33,36,37,41,42,44,46,48,49,57,59,62,63,66,68,73,56,52,
2to 1:1,3,5,7,8,11,14,15,16,18,19,20,21,22,24,25,26,28,31,33,34,36,37,39,41,42,47,48,50,54,55,57,58,60,61,62,63,65,66,68,69,70,71,72,74,76,77,79,80,2,4,9,10,12,17,23,27,29,30,32,35,44,45,46,51,59,67,73,78,
2to 2:
2to 3:1,2,9,10,13,15,16,18,20,22,24,25,27,29,33,36,37,39,40,42,43,49,50,51,52,53,54,55,58,60,61,62,65,66,67,69,70,71,74,75,77,79,80,3,4,5,7,8,11,14,17,19,21,23,28,30,32,34,35,38,41,44,45,47,48,59,63,68,72,73,78,76,12,
2to 4:6,7,8,13,14,15,17,18,21,22,24,25,26,27,33,34,37,38,40,42,44,48,50,51,52,54,55,56,58,60,61,65,66,67,69,70,71,72,74,77,79,80,2,3,4,5,9,10,11,16,19,23,28,29,30,35,36,41,45,46,47,49,57,62,63,68,73,59,12,
2to 5:1,2,5,7,13,15,16,18,19,21,22,24,25,26,27,28,29,33,36,37,38,39,40,44,47,48,49,50,51,52,53,54,55,59,60,61,62,63,65,66,67,68,69,70,72,73,74,75,76,79,80,3,4,8,9,10,11,14,17,20,23,30,34,35,41,45,46,57,78,
2to 6:2,7,8,13,14,15,16,18,20,22,24,25,27,30,31,32,33,35,36,37,38,40,42,44,48,51,53,54,55,58,60,61,63,65,68,69,70,72,73,74,76,77,78,79,80,3,4,5,9,10,11,17,19,21,23,29,34,41,45,46,47,49,57,62,66,67,56,59,12,
2to 7:1,2,7,8,10,13,15,16,18,21,22,24,26,27,31,32,33,35,37,38,40,42,44,50,52,54,55,57,61,63,65,66,67,68,69,70,74,75,77,79,80,3,4,5,9,14,17,19,23,25,29,30,41,45,46,47,48,49,51,59,62,73,28,
3to 1:5,7,9,10,16,19,20,23,24,25,26,30,34,37,38,41,42,43,46,48,49,51,55,56,58,59,61,64,65,66,71,74,75,77,1,2,3,4,8,11,14,15,17,18,21,22,27,28,32,33,36,39,40,44,45,47,54,60,63,68,69,70,72,73,78,76,80,
3to 2:5,9,10,11,12,18,20,21,23,26,28,29,30,34,37,39,41,43,44,48,51,52,54,55,57,58,59,61,63,66,67,68,73,74,76,77,79,80,1,2,3,4,7,8,14,15,16,17,19,22,25,27,32,33,35,36,40,45,47,49,60,65,69,70,72,78,13,31,
3to 3:
3to 4:3,5,6,8,10,12,16,17,18,20,23,27,29,30,31,34,35,38,41,49,50,51,52,54,55,57,63,65,67,68,74,76,79,80,1,2,4,7,9,11,13,14,15,19,21,22,25,26,28,32,33,36,37,39,40,42,43,44,45,46,47,48,60,70,72,73,78,59,69,71,53,58,75,
3to 5:1,2,3,8,10,11,12,15,16,17,18,20,21,23,26,28,29,30,37,38,42,45,46,48,50,51,53,54,55,57,59,64,66,67,69,73,74,75,79,80,4,5,7,9,14,19,22,25,33,34,35,36,39,41,44,47,49,60,63,65,70,72,78,58,43,76,13,31,
3to 6:3,6,10,11,12,14,19,23,25,27,30,31,37,38,42,43,46,47,49,51,53,55,56,57,58,61,63,66,67,69,73,74,75,77,79,1,2,4,5,7,8,9,13,15,16,17,18,21,22,32,33,34,35,36,39,40,41,44,45,48,60,65,70,72,76,78,64,80,59,
3to 7:3,4,5,6,7,10,11,12,14,15,16,17,18,20,23,25,26,27,29,36,38,45,46,52,54,58,59,61,63,64,66,67,68,74,75,77,80,2,8,9,19,21,22,32,33,34,35,37,39,40,41,42,44,47,48,49,57,60,62,65,69,70,73,78,43,71,31,
4to 1:3,4,7,9,14,17,18,21,22,23,25,26,29,30,32,33,34,35,37,38,39,41,43,44,45,49,52,54,55,58,60,61,63,64,67,70,71,72,73,76,77,78,1,2,5,6,8,10,11,15,16,19,27,42,47,48,51,57,62,65,66,68,74,79,28,69,75,59,24,
4to 2:3,4,5,8,12,13,14,16,17,22,23,24,25,26,27,30,31,32,33,34,39,40,41,53,54,57,58,60,61,65,69,70,71,73,74,77,78,79,80,1,2,7,9,10,11,15,19,21,28,29,35,36,38,45,46,47,48,49,51,62,63,66,67,68,72,59,55,52,
4to 3:2,3,5,6,7,10,12,14,17,21,22,23,24,27,28,29,30,31,35,38,40,41,42,43,44,45,46,49,55,58,59,60,61,63,64,67,69,70,71,77,78,80,1,4,8,9,11,13,15,16,18,19,25,26,33,34,36,37,47,48,51,57,65,66,68,72,74,79,56,52,53,75,
4to 4:
4to 5:1,2,3,4,6,7,8,9,11,13,14,20,21,23,24,25,30,31,34,35,39,40,41,42,43,44,46,54,58,60,61,64,68,70,71,74,76,78,79,80,5,10,15,16,19,26,27,28,29,33,36,37,38,45,47,48,49,51,55,57,62,63,65,66,67,72,56,59,69,53,12,52,75,
4to 6:1,4,7,8,10,12,14,17,22,24,25,27,29,30,31,32,34,36,39,40,41,42,43,44,46,49,52,54,56,57,58,59,60,61,63,70,72,73,76,78,2,3,5,9,11,15,16,18,19,21,23,26,33,35,38,45,47,48,51,55,62,65,67,74,77,79,69,28,13,53,75,6,
4to 7:3,4,5,7,9,11,14,15,20,22,23,24,25,27,29,30,31,32,34,39,41,42,43,44,45,46,49,51,54,58,59,60,61,64,68,70,71,73,78,1,2,6,8,10,16,19,21,26,33,35,36,37,38,40,47,48,56,57,62,63,65,66,67,72,74,77,79,55,12,50,75,53,
5to 1:1,2,3,4,5,6,8,10,11,14,15,16,17,19,21,23,24,25,26,28,29,30,34,36,38,39,42,43,44,45,47,48,51,54,57,59,63,64,65,67,68,70,73,75,76,79,80,9,18,20,22,27,33,37,41,46,55,56,61,62,66,71,72,74,78,58,31,13,
5to 2:1,2,3,4,7,8,11,14,15,17,18,19,21,23,25,28,29,33,34,36,38,39,41,43,44,45,47,48,49,51,54,56,57,59,60,62,63,65,66,67,69,70,76,78,5,9,10,13,16,22,27,30,35,61,68,72,74,79,55,71,20,52,53,58,31,
5to 3:1,3,4,7,8,11,13,14,15,16,17,19,20,21,23,25,28,29,30,34,35,36,37,41,44,45,46,47,48,49,51,52,53,54,57,58,59,61,62,63,65,66,67,69,70,73,75,78,79,2,5,9,10,18,22,27,33,38,39,40,60,68,71,72,74,43,31,6,76,55,
5to 4:2,4,7,8,9,11,13,14,15,18,19,20,21,23,25,28,29,30,34,36,37,39,40,42,43,44,46,47,48,49,50,51,53,54,56,59,61,63,64,65,66,67,68,69,73,75,76,78,1,10,16,17,22,26,27,33,35,38,41,57,62,71,72,74,79,55,58,60,52,6,31,
5to 5:
5to 6:1,2,3,4,5,7,8,9,11,12,13,14,15,18,19,20,21,23,25,29,34,35,36,37,39,43,44,45,46,47,48,49,51,53,59,60,63,64,65,66,67,70,72,73,75,76,77,80,10,16,17,22,26,27,30,33,38,41,54,56,57,58,61,62,68,74,78,79,6,55,31,
5to 7:4,7,8,11,12,14,15,16,17,18,19,21,22,23,25,27,28,29,30,33,34,36,37,38,39,43,44,45,46,47,48,50,51,59,63,64,65,67,69,70,72,73,74,75,76,77,78,79,1,2,5,9,10,20,35,41,49,54,57,61,62,66,68,55,6,58,31,
6to 1:1,2,3,4,5,7,8,9,10,11,16,18,19,20,22,32,33,34,35,36,38,40,41,43,44,45,47,48,49,51,52,54,55,57,58,60,63,67,68,72,73,75,77,78,79,80,14,15,17,21,23,25,27,29,37,39,42,61,65,66,70,74,69,64,
6to 2:1,3,4,7,8,9,10,11,12,13,14,15,16,18,20,21,22,24,25,29,31,33,35,36,38,39,41,44,45,47,48,51,52,54,55,57,58,60,61,62,63,67,68,72,77,78,80,2,5,17,19,23,26,27,30,32,34,40,49,65,66,70,74,69,56,
6to 3:1,2,3,4,5,6,7,8,9,10,11,12,13,15,16,17,18,19,20,21,22,24,25,27,29,30,31,33,34,36,38,41,44,46,47,48,49,51,52,55,56,57,58,61,62,63,64,66,67,68,72,73,74,75,76,77,78,79,14,23,26,32,35,37,40,42,45,65,69,70,71,
6to 4:1,2,3,4,7,8,9,10,11,12,13,16,17,18,19,20,22,24,26,31,32,33,35,38,39,41,43,44,45,47,48,51,52,53,54,55,56,58,60,61,62,63,64,65,66,68,72,73,75,76,78,80,5,14,15,21,23,25,27,29,30,36,37,40,42,49,57,59,67,70,74,77,79,6,69,
6to 5:1,4,6,7,8,9,10,11,12,13,14,16,17,18,19,20,22,24,27,31,33,36,38,39,41,43,44,46,47,48,51,52,56,58,62,63,68,72,73,75,78,79,80,2,5,15,21,23,25,26,29,34,35,37,40,49,54,57,61,65,66,67,70,74,76,64,
6to 6:
6to 7:1,2,4,5,7,8,9,10,11,12,14,16,17,18,19,20,21,22,24,27,31,32,33,36,38,41,42,43,44,45,46,47,48,51,52,55,56,57,58,62,63,66,67,68,70,73,77,15,23,25,26,34,35,37,40,49,54,61,65,69,78,64,
7to 1:2,3,9,10,15,16,17,18,19,20,22,24,25,26,27,28,29,30,31,32,33,35,39,42,43,44,45,46,50,51,56,58,59,61,62,63,66,67,68,69,70,78,1,4,5,7,8,14,21,36,37,38,41,47,48,49,54,55,65,73,74,77,79,64,75,
7to 2:2,3,4,8,9,13,15,16,17,19,22,25,27,29,31,32,33,34,35,38,39,40,44,49,50,51,53,54,56,58,59,60,61,63,67,69,70,73,74,78,80,1,7,10,14,20,21,23,28,36,37,41,45,47,48,55,57,62,65,66,71,77,12,
7to 3:1,2,3,8,11,12,15,16,17,18,19,20,22,23,25,27,30,31,33,34,35,42,43,45,46,48,50,55,58,59,60,61,62,64,67,68,69,70,73,76,80,4,5,7,9,10,14,21,29,32,36,37,38,40,41,44,47,49,54,57,63,65,66,74,77,78,79,28,6,75,
7to 4:1,2,3,9,12,13,15,16,18,19,22,25,26,27,28,30,31,33,34,37,39,40,41,42,43,44,45,46,49,50,56,57,58,59,60,61,62,64,67,70,72,73,74,80,4,7,8,10,11,14,21,29,35,36,38,47,48,51,54,55,63,65,68,69,77,78,6,52,75,
7to 5:2,3,4,9,10,11,13,15,16,17,18,19,20,21,22,26,27,30,31,33,34,35,37,43,44,46,47,48,49,50,51,54,58,60,61,62,63,67,70,73,78,80,1,6,7,8,14,23,29,36,38,41,55,57,65,66,68,71,72,74,79,64,75,
7to 6:1,2,3,4,7,8,11,12,13,14,15,16,17,19,20,22,27,30,31,33,34,35,37,40,41,43,44,45,46,48,50,51,56,58,59,60,61,62,65,67,70,74,78,5,9,10,21,23,25,29,32,36,38,47,49,54,57,63,68,69,73,77,55,52,75,
7to 7:

cell1:2,5,7,4,3,6,
cell2:5,1,7,3,4,6,
cell3:1,2,6,7,4,5,
cell4:2,3,7,1,6,5,
cell5:6,1,7,4,3,2,
cell6:3,2,4,5,7,1,
cell7:2,5,1,3,4,6,
