machine1:0,12,2,13,28,29,8,4,16,11,15,18,1,9,7,21,27,30,3,25,24,5,26,6,17,19,10,20,
machine2:0,12,2,13,28,29,8,23,4,16,11,15,18,1,9,14,7,21,27,3,25,24,5,26,6,17,22,19,10,20,
machine3:0,12,2,13,28,29,8,23,4,16,11,15,18,1,9,14,7,21,27,30,3,25,24,5,26,17,22,19,
machine4:0,12,2,13,28,29,8,23,4,16,11,15,18,1,9,14,7,21,27,30,3,25,24,5,26,6,17,22,19,10,20,
machine5:0,12,2,13,28,29,8,23,4,16,11,15,18,1,9,14,7,21,27,30,3,25,24,5,26,6,17,19,10,20,
machine6:0,12,2,28,29,8,23,4,16,11,15,18,1,9,14,7,21,27,30,3,25,24,5,26,6,17,22,19,10,20,
machine7:0,12,2,13,28,29,8,23,4,16,11,15,18,1,9,14,7,21,27,30,3,25,24,5,26,17,22,19,10,20,
machine8:0,12,13,28,29,8,23,4,16,11,15,18,1,9,14,7,30,3,25,24,5,26,6,17,22,19,10,20,
machine9:0,12,13,28,29,8,23,4,16,11,15,18,1,9,14,7,21,27,30,3,25,24,5,26,22,19,20,
machine10:0,12,13,28,29,8,4,16,11,15,18,1,9,14,21,27,30,3,5,26,6,17,19,10,20,
machine11:0,12,2,13,28,29,8,23,4,16,15,18,1,9,14,21,27,30,3,25,24,5,26,6,17,22,19,10,20,

1to 1:
1to 2:1,6,7,10,11,15,16,20,21,24,30,14,23,18,3,13,27,29,19,2,25,4,9,8,17,28,5,12,
1to 3:1,2,7,8,10,11,12,15,16,20,21,27,28,30,26,22,6,9,18,3,19,29,25,23,24,4,13,17,5,
1to 4:1,2,7,10,11,15,17,19,20,21,23,24,25,27,30,22,8,29,16,12,6,4,18,26,3,5,9,13,28,
2to 1:1,4,5,6,9,10,11,12,14,15,19,20,24,26,27,30,22,18,2,23,7,29,13,17,21,25,3,28,8,16,
2to 2:
2to 3:3,4,5,6,8,14,17,19,24,27,7,2,28,15,22,9,10,21,30,20,23,29,11,25,1,18,13,12,16,
2to 4:3,4,5,6,7,12,15,17,18,19,24,25,26,27,8,10,9,14,30,21,1,20,29,2,16,23,13,11,28,
3to 1:1,2,3,5,7,8,9,10,16,17,18,19,21,22,23,25,26,27,29,30,20,12,6,11,13,24,15,28,4,
3to 2:2,4,5,7,8,9,10,12,14,15,17,18,19,21,25,26,27,29,30,13,1,3,22,6,20,23,11,16,24,28,
3to 3:
3to 4:1,2,4,7,8,10,14,16,17,21,23,27,29,30,20,5,24,18,22,28,11,9,6,3,15,19,26,25,13,12,
4to 1:2,3,4,6,7,12,13,17,18,20,21,23,25,27,28,29,30,8,10,14,24,19,26,11,16,15,9,5,1,
4to 2:1,2,3,4,5,7,10,12,13,17,20,21,23,24,25,26,27,28,19,15,9,11,18,14,6,30,29,8,16,
4to 3:1,2,3,4,7,10,11,12,13,15,17,18,21,23,24,25,27,28,29,6,20,22,19,26,14,30,5,16,8,9,
4to 4:

cell1:4,3,2,
cell2:4,1,3,
cell3:4,1,2,
cell4:1,3,2,
