6 5 3 3 3

1 1 2 2 3 3 

0 15 18 
27 0 18 
9 9 0 

0 1 1 
1 0 1 
1 1 0 

9 6 8 8 9 8 
7 8 7 9 7 7 
6 9 6 7 5 9 

5    2    323    0.8
0 54 0 0 0 0 
0 0 0 0 38 0 
0 0 0 0 0 3 
0 0 6 0 0 0 
0 0 0 55 0 0 
5    1    606    0.6
56 0 0 0 0 0 
0 90 0 0 0 0 
0 0 0 21 0 0 
0 0 0 0 76 0 
0 0 0 0 0 35 
5    2    692    0.8
0 0 38 0 0 0 
0 0 0 78 0 0 
93 0 0 0 0 0 
0 21 0 0 0 0 
0 0 0 0 0 89 
5    2    460    0.2
0 0 0 0 0 34 
0 0 77 0 0 0 
0 0 0 56 0 0 
37 0 0 0 0 0 
0 46 0 0 0 0 
5    1    550    0.3
0 0 0 85 0 0 
0 0 0 0 1 0 
0 0 0 0 0 52 
87 0 0 0 0 0 
0 84 0 0 0 0 
