machine1:0,5,8,3,11,1,16,12,14,2,15,6,13,7,18,10,9,20,19,17,4,
machine2:0,5,8,3,11,16,12,2,15,13,18,9,20,19,17,4,
machine3:0,5,8,11,16,2,15,13,18,9,19,17,4,
machine4:0,5,8,3,1,16,12,14,2,15,6,13,7,18,10,9,20,19,17,4,
machine5:0,3,1,16,12,14,2,15,6,13,7,10,9,20,19,17,
machine6:0,1,12,14,13,7,9,19,
machine7:0,5,8,3,11,1,16,12,14,2,6,13,7,18,10,20,19,17,4,
machine8:0,8,11,12,6,10,20,17,
machine9:0,8,11,12,20,

1to 1:
1to 2:9,10,14,5,13,
1to 3:8,1,3,2,7,19,6,12,17,
2to 1:6,12,16,1,2,8,15,20,
2to 2:
2to 3:4,10,18,14,
3to 1:4,13,11,5,18,
3to 2:7,17,16,3,20,19,
3to 3:

cell1:2,3,
cell2:1,3,
cell3:2,1,
