machine1:0,16,25,35,26,34,6,11,23,10,21,9,17,4,20,32,15,3,
machine2:0,16,7,25,35,26,34,6,11,27,23,10,21,9,17,4,8,20,1,32,30,13,18,15,3,2,28,19,
machine3:0,16,25,35,26,34,6,11,27,23,10,21,9,17,4,8,20,1,32,13,15,3,28,
machine4:0,16,29,7,25,35,26,24,5,34,6,11,27,22,31,23,10,33,21,9,12,17,4,8,14,20,1,32,30,13,18,15,3,2,28,19,
machine5:0,16,29,7,25,35,26,5,34,6,11,27,23,10,33,21,9,17,4,8,14,20,1,32,30,13,18,15,3,2,28,19,
machine6:0,25,26,6,11,23,10,9,17,20,
machine7:0,29,25,26,5,6,11,27,23,21,4,20,18,15,3,2,
machine8:0,16,29,25,35,26,24,5,34,6,11,27,23,10,21,4,8,20,30,13,18,15,3,2,28,19,
machine9:0,16,29,25,35,26,5,34,6,11,27,23,10,21,4,20,30,13,18,15,3,2,28,19,
machine10:0,16,29,25,35,26,24,5,34,6,11,27,22,31,23,10,33,21,9,12,17,4,8,20,1,32,30,13,18,15,3,2,28,19,
machine11:0,16,29,25,35,26,24,5,34,6,11,27,22,23,10,21,12,17,4,8,20,32,30,13,18,15,3,2,28,19,
machine12:0,29,26,6,27,23,21,4,20,15,3,2,
machine13:0,25,35,26,22,23,10,21,9,17,20,13,
machine14:0,16,29,7,25,35,26,24,5,27,22,23,10,33,21,9,17,8,20,30,13,28,
machine15:0,16,29,7,25,35,26,5,22,23,10,21,9,17,8,20,13,
machine16:0,16,29,7,25,35,26,24,5,34,6,11,27,22,31,23,10,33,21,9,17,4,8,14,20,30,13,18,15,2,28,
machine17:0,16,29,7,25,35,26,24,5,11,27,22,23,10,33,21,9,17,8,14,20,30,13,18,15,2,28,
machine18:0,35,23,10,21,20,
machine19:0,16,29,7,25,35,26,6,11,27,10,21,17,4,20,15,2,28,
machine20:0,16,29,7,25,35,26,24,5,6,11,27,23,10,21,17,4,20,32,15,2,28,
machine21:0,16,29,7,25,35,26,24,5,6,11,27,23,10,21,17,4,20,15,2,28,
machine22:0,16,29,7,25,35,26,24,5,34,6,11,27,23,10,21,9,12,17,4,8,14,20,1,32,30,18,15,3,2,28,
machine23:0,16,29,7,25,35,26,24,5,34,6,11,27,23,10,21,17,4,8,20,32,15,2,28,
machine24:0,16,7,21,4,15,2,
machine25:0,16,29,7,25,35,11,27,23,10,33,21,9,8,20,3,19,
machine26:0,16,29,7,25,35,26,6,11,27,23,10,33,21,9,8,20,18,15,3,2,19,
machine27:0,16,29,7,25,35,6,11,27,23,10,33,21,9,8,20,15,3,19,
machine28:0,16,29,7,25,35,26,5,6,11,27,31,23,10,33,21,9,12,17,4,8,20,1,32,30,13,18,15,3,2,28,19,
machine29:0,16,29,7,25,35,26,5,6,11,27,31,23,10,33,21,9,4,8,20,18,15,3,2,28,19,
machine30:0,16,29,7,25,35,10,21,9,20,3,19,

1to 1:
1to 2:12,34,33,5,10,21,26,35,
1to 3:6,8,
1to 4:1,9,2,11,4,17,16,
1to 5:19,3,13,7,29,28,25,27,23,20,
2to 1:31,32,18,6,29,11,16,
2to 2:
2to 3:22,33,24,13,15,28,17,27,
2to 4:30,8,10,21,23,
2to 5:9,4,26,
3to 1:14,22,13,5,7,
3to 2:30,18,29,4,20,
3to 3:
3to 4:34,24,6,28,25,26,35,
3to 5:31,15,2,17,16,
4to 1:12,34,30,24,3,8,15,25,27,26,23,
4to 2:32,1,9,17,
4to 3:14,18,5,29,2,4,16,20,
4to 4:
4to 5:6,11,10,21,35,
5to 1:1,33,35,
5to 2:31,19,3,8,28,2,25,27,
5to 3:30,9,11,10,21,23,
5to 4:12,32,18,5,7,15,20,
5to 5:

cell1:3,2,4,5,
cell2:1,3,4,5,
cell3:1,5,2,4,
cell4:2,1,3,5,
cell5:4,2,1,3,
