machine1:0,34,30,31,50,10,42,45,24,46,9,55,47,5,38,6,20,39,22,59,60,52,13,54,32,49,29,11,43,57,16,25,40,1,33,44,18,48,36,19,12,17,35,27,15,3,53,2,58,23,51,4,28,41,7,26,
machine2:0,30,21,31,50,10,42,45,24,46,9,55,47,5,38,6,20,22,59,60,52,13,54,32,49,29,11,14,43,16,25,40,37,1,33,44,56,18,48,19,17,35,27,3,53,58,8,23,51,4,28,41,26,
machine3:0,34,30,21,31,50,10,42,45,24,46,9,55,47,5,38,6,20,39,22,59,60,13,54,32,49,29,11,14,57,16,25,40,37,1,56,18,48,36,12,27,15,3,2,58,8,23,51,4,28,41,7,26,
machine4:0,30,21,31,42,24,46,9,55,5,38,20,39,59,60,52,13,54,32,49,11,14,43,16,25,40,33,44,56,18,48,36,12,15,58,8,23,51,4,28,41,26,
machine5:0,34,30,31,42,24,46,9,55,47,5,38,6,20,39,22,59,60,52,13,49,29,11,14,43,57,16,25,40,37,1,33,56,18,48,36,19,12,17,27,15,3,58,23,51,4,28,41,26,
machine6:0,34,30,21,31,50,10,42,45,46,9,47,38,6,20,39,22,59,60,52,54,32,29,43,16,37,44,56,48,36,19,12,17,35,27,15,3,53,2,58,23,41,26,
machine7:0,34,30,21,31,50,10,42,45,9,55,47,5,38,6,20,39,22,59,60,52,13,54,32,49,14,43,16,40,1,33,56,18,48,36,35,15,3,53,2,58,23,51,41,26,
machine8:0,30,50,10,42,45,24,46,9,47,5,20,39,22,59,52,13,54,32,49,11,14,43,57,37,1,48,36,19,17,27,3,8,23,51,4,41,7,26,
machine9:0,21,31,50,10,42,45,24,46,9,47,5,38,6,20,22,59,52,13,49,29,14,57,25,40,37,33,18,48,27,15,3,53,2,23,51,4,41,7,
machine10:0,34,30,21,31,50,10,42,24,46,9,55,47,5,38,20,39,22,59,52,13,54,32,49,29,11,43,57,16,25,40,37,1,44,56,18,48,36,19,12,17,35,27,15,3,53,23,51,4,28,41,26,
machine11:0,34,30,21,50,10,42,45,24,9,55,47,38,6,20,39,22,59,60,52,13,54,32,49,29,11,14,43,16,25,37,1,33,56,18,48,12,27,15,3,2,58,23,4,28,41,7,26,
machine12:0,30,21,31,50,10,42,45,24,9,47,5,38,6,20,39,22,59,60,52,13,54,32,49,29,43,57,16,40,1,33,56,48,36,12,17,35,27,15,3,53,2,58,23,51,4,28,26,
machine13:0,34,30,21,31,50,10,42,45,24,46,9,55,47,5,38,6,20,39,22,59,60,52,13,54,32,49,29,14,43,57,25,40,1,33,44,56,18,36,19,12,17,27,15,3,53,58,23,51,41,26,
machine14:0,34,30,21,31,50,10,42,45,24,46,9,55,47,5,38,6,20,39,22,59,60,52,13,54,32,49,29,11,14,43,57,16,25,40,37,1,33,44,56,18,48,36,19,12,17,35,27,15,3,53,2,58,8,23,51,4,28,41,7,26,
machine15:0,34,30,21,31,50,10,42,45,24,46,9,55,47,5,38,6,20,39,22,59,60,52,13,54,32,49,29,11,14,43,57,16,25,40,37,1,33,44,56,18,48,36,19,12,17,35,27,15,3,53,2,58,8,23,51,4,41,26,
machine16:0,34,30,21,31,50,10,42,45,24,46,9,55,47,5,38,6,20,39,22,59,60,52,13,54,32,49,29,11,14,43,57,16,25,40,37,1,33,44,56,18,48,36,19,12,17,35,27,15,3,53,2,58,8,23,51,4,28,41,7,26,

1to 1:
1to 2:2,4,6,7,8,9,10,11,12,13,14,15,16,17,19,20,21,22,24,27,28,29,31,32,33,34,36,38,40,42,43,44,45,46,47,49,50,53,55,56,57,58,60,26,51,59,41,18,23,3,39,52,48,1,25,30,54,5,37,
1to 3:1,2,4,5,6,9,10,11,12,14,15,16,18,19,20,21,22,26,27,29,30,31,32,33,34,36,37,38,41,42,44,45,46,47,48,49,50,53,55,56,57,58,59,60,13,25,28,3,40,43,52,23,51,54,39,24,
1to 4:2,6,8,9,12,13,14,15,16,17,18,19,20,21,24,26,28,29,30,31,32,33,34,35,36,37,38,41,43,44,45,46,47,48,49,50,53,56,58,59,60,10,57,25,52,23,42,40,5,39,3,4,27,55,1,51,54,
1to 5:1,2,4,5,6,7,8,9,10,11,12,14,15,16,17,18,20,21,22,26,27,28,29,30,31,32,33,34,35,36,37,38,41,44,45,46,47,48,49,50,52,53,55,56,57,58,59,60,42,13,3,19,54,24,43,23,39,25,40,51,
2to 1:1,2,6,7,9,11,12,13,14,16,18,19,20,21,22,24,26,29,31,32,33,34,36,37,38,40,41,44,45,46,47,48,50,51,53,54,57,58,60,15,30,3,42,52,56,17,55,10,59,8,25,23,27,43,4,5,49,39,28,
2to 2:
2to 3:1,2,3,6,7,12,14,15,16,17,18,20,21,24,26,27,29,30,31,33,36,37,40,41,43,44,45,47,48,49,53,54,55,58,60,13,23,9,46,10,5,56,4,28,22,38,52,59,32,57,25,34,42,51,39,11,50,
2to 4:1,2,6,7,8,9,11,13,14,15,16,17,18,20,21,23,24,26,27,29,30,31,33,35,36,37,38,39,40,41,42,43,44,45,46,47,48,52,53,54,55,58,60,22,50,56,57,28,34,49,3,59,25,12,5,32,4,51,10,
2to 5:1,2,5,6,7,8,9,14,15,16,17,18,19,20,21,24,25,26,28,29,30,31,32,35,36,39,40,41,44,45,46,47,51,52,53,58,60,37,59,22,33,50,4,3,34,13,49,42,12,57,11,27,48,56,38,55,54,10,23,43,
3to 1:2,3,4,5,6,7,11,14,15,16,17,18,19,21,22,23,25,26,27,28,29,30,33,36,37,40,48,49,50,51,52,53,54,55,56,57,58,59,39,42,60,20,10,1,31,46,12,47,38,41,43,9,24,13,32,45,
3to 2:1,2,3,4,5,6,7,10,11,14,15,16,18,20,21,22,23,24,25,26,27,28,29,30,31,34,36,37,39,41,44,47,48,49,50,51,52,53,54,55,56,57,58,59,60,42,9,33,38,12,46,40,13,17,32,43,45,
3to 3:
3to 4:2,3,4,5,6,7,11,12,14,15,16,18,21,23,24,25,26,27,28,29,30,34,36,37,39,41,42,44,47,48,50,51,52,53,54,55,56,57,58,59,1,33,46,38,43,40,17,10,22,31,49,13,35,45,32,60,20,9,
3to 5:1,3,4,5,6,7,10,11,12,14,15,16,18,19,21,22,23,24,25,26,27,28,29,30,33,34,36,37,39,41,42,44,45,48,49,50,51,52,53,54,55,56,57,58,59,31,35,46,20,17,38,9,43,32,40,13,47,60,
4to 1:1,2,6,9,11,14,15,16,17,18,19,20,21,25,27,29,30,31,33,36,37,39,40,41,43,45,46,47,48,49,50,53,56,58,59,60,8,28,24,38,13,54,5,7,26,32,42,57,3,23,52,12,35,10,51,4,22,55,
4to 2:1,2,9,10,12,14,15,16,20,21,23,24,26,27,28,29,30,31,33,34,36,37,39,40,41,42,45,46,47,48,50,53,54,59,60,51,49,58,8,52,17,5,22,25,38,11,44,56,6,13,4,32,57,3,7,43,55,
4to 3:2,6,7,9,14,15,16,17,18,23,25,26,27,28,30,33,34,36,37,39,40,41,42,46,47,48,50,53,54,55,57,59,60,11,24,21,56,22,45,10,12,29,1,35,52,43,49,20,38,31,13,32,51,5,44,3,58,4,
4to 4:
4to 5:3,4,9,11,12,14,15,16,18,19,21,23,26,27,28,30,32,33,34,35,37,38,39,40,41,42,43,45,46,47,49,50,55,58,60,5,7,20,57,22,36,31,6,1,52,10,24,17,59,56,29,8,25,2,48,51,44,54,13,
5to 1:2,4,6,7,8,9,10,11,12,14,15,16,17,19,20,21,22,23,24,25,26,27,28,29,31,32,33,35,36,37,38,41,42,43,44,45,47,49,50,51,52,55,58,59,60,3,40,53,13,56,46,48,18,54,39,1,30,57,5,
5to 2:2,3,4,5,8,9,11,12,13,14,15,16,17,18,19,20,21,22,24,25,26,27,28,29,30,31,32,34,35,37,39,41,42,45,47,48,49,51,52,53,54,55,57,58,36,23,38,10,33,50,59,40,7,1,46,56,43,44,6,60,
5to 3:2,3,4,5,7,11,12,13,14,15,16,17,19,20,21,22,25,26,27,28,30,32,33,34,35,36,39,41,42,43,44,45,49,51,52,54,55,56,57,58,50,46,23,10,48,1,9,31,47,24,38,40,29,60,6,53,18,59,
5to 4:2,3,4,5,8,9,11,12,14,15,16,17,18,19,21,22,24,26,27,28,29,31,32,33,34,35,37,39,41,43,45,47,48,49,50,51,52,53,55,56,57,58,38,44,30,36,25,42,46,7,13,60,1,6,40,10,59,20,23,54,
5to 5:

cell1:2,3,5,4,
cell2:1,4,5,3,
cell3:4,5,2,1,
cell4:2,3,5,1,
cell5:1,2,4,3,
