machine1:0,50,27,40,20,38,4,16,32,45,22,34,49,10,12,57,1,17,58,11,42,51,55,2,36,5,7,26,31,3,35,33,52,25,41,24,6,59,43,39,23,19,13,9,29,48,30,60,44,46,54,53,47,28,15,18,
machine2:0,50,27,40,20,38,4,16,32,45,22,49,10,1,17,58,11,42,51,55,5,21,8,26,31,3,35,33,56,52,25,41,24,6,59,43,23,19,13,9,29,48,30,60,44,46,54,53,47,28,18,37,14,
machine3:0,50,27,40,20,38,4,16,32,45,22,34,49,10,12,57,1,58,11,42,51,55,2,36,5,21,8,7,26,31,3,56,25,41,24,6,59,39,23,13,9,29,48,30,60,46,54,47,28,15,18,37,14,
machine4:0,40,20,38,4,16,32,49,12,58,11,42,51,55,36,5,21,8,26,31,33,56,52,25,41,24,59,43,39,23,13,9,48,30,60,44,46,54,28,15,18,14,
machine5:0,27,40,20,38,4,16,22,34,49,12,57,1,17,58,11,42,51,55,36,5,26,31,3,33,56,52,25,41,24,6,59,43,39,23,19,13,9,29,48,30,60,46,47,28,15,18,37,14,
machine6:0,50,27,20,38,16,32,45,22,34,10,12,17,58,42,2,36,21,26,31,3,35,56,52,41,6,59,43,39,23,19,9,29,48,30,60,44,46,54,53,47,15,37,
machine7:0,50,40,20,38,16,32,45,22,34,49,10,1,58,42,51,55,2,36,5,21,26,31,3,35,33,56,52,41,6,59,43,39,23,13,9,48,30,60,54,53,47,15,18,14,
machine8:0,50,27,20,4,32,45,22,49,10,57,1,17,11,42,51,36,5,8,7,26,3,52,41,24,59,43,39,23,19,13,9,48,30,46,54,47,37,14,
machine9:0,50,27,40,20,38,4,45,22,49,10,57,42,51,2,5,21,7,31,3,33,52,25,41,24,6,59,23,13,9,29,48,46,53,47,15,18,37,14,
machine10:0,50,27,40,20,38,4,16,32,22,34,49,10,12,57,1,17,11,42,51,55,36,5,21,26,31,3,35,56,52,25,41,24,59,43,39,23,19,13,9,29,48,30,44,46,54,53,47,28,15,18,37,
machine11:0,50,27,20,38,4,16,32,45,22,34,49,10,12,1,58,11,42,55,2,21,7,26,3,33,56,52,25,41,24,6,59,43,39,23,13,9,29,48,30,60,54,47,28,15,18,37,14,
machine12:0,50,27,40,20,38,4,16,32,45,22,49,10,12,57,1,17,58,42,51,2,36,5,21,26,31,3,35,33,56,52,24,6,59,43,39,23,13,9,29,48,30,60,54,53,47,28,15,
machine13:0,50,27,40,20,38,32,45,22,34,49,10,12,57,1,17,58,42,51,55,36,5,21,26,31,3,33,56,52,25,41,24,6,59,43,39,23,19,13,9,29,30,60,44,46,54,53,47,15,18,14,
machine14:0,50,27,40,20,38,4,16,32,45,22,34,49,10,12,57,1,17,58,11,42,51,55,2,36,5,21,8,7,26,31,3,35,33,56,52,25,41,24,6,59,43,39,23,19,13,9,29,48,30,60,44,46,54,53,47,28,15,18,37,14,
machine15:0,50,27,40,20,38,4,16,32,45,22,34,49,10,12,57,1,17,58,11,42,51,55,2,36,5,21,8,26,31,3,35,33,56,52,25,41,24,6,59,43,39,23,19,13,9,29,48,30,60,44,46,54,53,47,15,18,37,14,
machine16:0,50,27,40,20,38,4,16,32,45,22,34,49,10,12,57,1,17,58,11,42,51,55,2,36,5,21,8,7,26,31,3,35,33,56,52,25,41,24,6,59,43,39,23,19,13,9,29,48,30,60,44,46,54,53,47,28,15,18,37,14,

1to 1:
1to 2:2,4,6,7,8,9,10,11,12,13,14,15,16,17,19,20,21,22,24,27,28,29,31,32,33,34,36,38,40,42,43,44,45,46,47,49,50,51,53,55,56,57,58,60,1,3,5,18,23,25,26,30,37,39,41,48,52,54,59,
1to 3:1,2,4,5,6,10,11,12,14,15,16,18,19,20,21,22,26,27,29,30,31,32,33,34,36,37,41,42,44,45,46,47,48,49,50,51,53,54,55,57,58,59,60,3,9,13,23,24,25,28,38,39,40,43,52,56,
1to 4:2,6,8,9,10,12,13,14,15,16,17,18,19,20,21,24,26,28,29,30,31,32,33,34,35,36,37,38,41,43,44,45,46,47,48,49,50,51,53,56,58,59,60,1,3,4,5,23,25,27,39,40,42,52,54,55,57,
1to 5:1,2,4,5,6,7,8,9,10,11,12,14,15,16,17,18,20,21,22,26,27,28,29,30,31,32,33,34,35,36,37,38,41,44,45,46,47,48,49,50,51,52,53,55,57,58,59,60,3,13,19,23,24,25,39,40,42,43,54,56,
2to 1:1,2,6,7,10,11,12,14,16,18,19,20,21,22,24,26,29,31,32,33,34,36,37,40,41,44,45,46,47,48,50,51,53,54,57,58,3,4,5,8,9,13,15,17,23,25,27,28,30,38,39,42,43,49,52,55,56,59,60,
2to 2:
2to 3:2,3,6,7,10,12,14,15,16,17,18,20,21,24,26,27,29,30,31,33,36,37,40,41,43,44,45,47,48,49,53,54,55,58,60,1,4,5,9,11,13,22,23,25,28,32,34,38,39,42,46,50,51,52,56,57,59,
2to 4:1,2,6,7,8,11,14,15,16,17,18,20,21,23,24,26,27,29,30,31,33,35,36,37,38,40,41,42,43,44,45,46,47,48,52,53,54,55,58,3,4,5,9,10,12,13,22,25,28,32,34,39,49,50,51,56,57,59,60,
2to 5:1,2,5,6,8,10,14,15,16,17,18,19,20,21,24,25,26,28,29,30,31,32,33,35,36,40,41,44,45,46,47,51,52,53,58,3,4,7,9,11,12,13,22,23,27,34,37,38,39,42,43,48,49,50,54,55,56,57,59,60,
3to 1:2,3,4,5,6,7,11,14,15,16,17,18,19,21,23,25,26,27,28,29,30,33,36,37,39,40,48,49,50,52,53,54,55,57,58,59,60,1,9,10,12,13,20,22,24,31,32,38,41,42,43,45,46,47,51,56,
3to 2:1,2,3,4,5,7,11,14,15,16,18,21,22,23,24,25,26,27,28,29,30,31,34,36,37,39,41,44,47,48,49,50,52,53,54,55,57,58,59,60,6,9,10,12,13,17,20,32,33,38,40,42,43,45,46,51,56,
3to 3:
3to 4:2,3,4,5,6,7,11,12,14,15,16,18,21,23,24,25,26,27,28,29,30,34,36,37,39,41,42,44,47,48,50,51,52,53,54,55,56,57,58,59,60,1,9,10,13,17,20,22,31,32,33,35,38,40,43,45,46,49,
3to 5:1,3,4,5,7,10,11,12,14,15,16,18,19,21,23,24,25,26,27,28,30,33,34,36,37,39,41,42,44,45,48,49,50,52,53,54,55,56,57,58,59,60,6,9,13,17,20,22,29,31,32,35,38,40,43,46,47,51,
4to 1:1,2,6,9,11,13,14,15,16,17,18,19,20,21,25,27,28,29,30,31,33,36,37,39,40,41,43,45,46,47,48,49,50,53,56,58,59,60,3,4,5,7,8,10,12,22,23,24,26,32,35,38,42,51,52,54,55,57,
4to 2:1,2,6,9,10,12,13,14,15,16,20,21,23,24,26,27,28,29,30,31,33,34,36,37,39,40,41,42,44,45,46,47,48,50,53,54,59,60,3,4,5,7,8,11,17,22,25,32,38,43,49,51,52,55,56,57,58,
4to 3:1,2,6,7,9,13,14,15,16,17,18,23,25,26,27,28,30,33,34,36,37,39,40,41,42,44,46,47,48,50,53,54,55,56,57,59,60,3,4,5,10,11,12,20,21,22,24,29,31,32,35,38,43,45,49,51,52,58,
4to 4:
4to 5:3,4,9,11,12,13,14,15,16,18,19,21,23,26,27,28,30,32,34,35,37,38,39,40,41,42,43,44,45,46,47,49,50,55,56,58,60,1,2,5,6,7,8,10,17,20,22,24,25,29,31,33,36,48,51,52,54,57,59,
5to 1:2,4,6,7,8,9,10,11,12,14,15,16,17,19,20,21,22,23,24,25,26,27,28,29,31,32,33,35,36,37,38,41,42,43,44,45,47,49,50,52,55,56,58,59,60,1,3,5,13,18,30,39,40,46,48,51,53,54,57,
5to 2:2,3,4,5,8,9,10,11,12,13,14,15,16,17,18,19,20,21,22,24,25,26,27,28,29,30,31,32,34,35,37,39,41,42,45,47,48,49,52,53,54,55,56,57,58,1,6,7,23,33,36,38,40,43,44,46,50,51,59,60,
5to 3:2,3,4,5,7,10,11,12,13,14,15,16,17,19,20,21,22,24,25,26,27,28,30,31,32,33,34,35,36,39,40,41,42,43,44,45,49,52,54,55,56,57,58,1,6,9,18,23,29,38,46,47,48,50,51,53,59,60,
5to 4:2,3,4,5,8,9,10,11,12,14,15,16,17,18,19,21,22,24,26,27,28,29,31,32,33,34,35,37,39,41,43,45,47,48,49,50,52,53,55,56,57,58,1,6,7,13,20,23,25,30,36,38,40,42,44,46,51,54,59,60,
5to 5:

cell1:2,3,5,4,
cell2:1,4,5,3,
cell3:5,4,2,1,
cell4:2,3,5,1,
cell5:1,2,3,4,
