machine1:0,20,48,38,3,4,30,25,49,22,29,16,54,23,32,35,9,45,12,1,10,57,52,6,31,36,26,41,5,59,40,55,43,47,42,13,46,39,11,33,28,19,58,7,17,34,44,2,53,15,51,24,60,18,27,50,
machine2:0,20,48,38,3,4,30,25,49,22,29,16,54,56,23,32,35,9,45,1,10,52,6,31,26,41,5,59,40,55,43,47,42,13,46,11,33,28,19,58,17,8,44,37,53,14,51,24,60,21,18,27,50,
machine3:0,20,48,38,3,4,30,25,49,22,29,16,54,56,23,32,9,45,12,1,10,57,6,31,36,26,41,5,59,40,55,47,42,13,46,39,11,28,58,7,34,8,2,37,14,15,51,24,60,21,18,27,50,
machine4:0,20,48,38,4,30,25,49,16,54,56,23,32,9,12,52,31,36,26,41,5,59,40,55,43,42,13,46,39,11,33,28,58,8,44,14,15,51,24,60,21,18,
machine5:0,20,48,38,3,4,30,25,49,22,29,16,56,23,9,12,1,57,52,6,31,36,26,41,5,59,40,55,43,47,42,13,46,39,11,33,28,19,58,17,34,37,14,15,51,24,60,18,27,
machine6:0,20,48,38,3,30,22,29,16,54,56,23,32,35,9,45,12,10,52,6,31,36,26,41,59,43,47,42,46,39,19,58,17,34,44,2,37,53,15,60,21,27,50,
machine7:0,20,48,38,3,30,49,22,16,54,56,23,32,35,9,45,1,10,52,6,31,36,26,41,5,59,40,55,43,47,42,13,39,33,58,34,2,53,14,15,51,60,21,18,50,
machine8:0,20,48,3,4,30,49,22,54,23,32,9,45,1,10,57,52,36,26,41,5,59,43,47,42,13,46,39,11,19,7,17,8,37,14,51,24,27,50,
machine9:0,20,48,38,3,4,25,49,22,29,23,9,45,10,57,52,6,31,41,5,59,40,47,42,13,46,33,7,2,37,53,14,15,51,24,21,18,27,50,
machine10:0,20,48,38,3,4,30,25,49,22,29,16,54,56,23,32,35,9,12,1,10,57,52,31,36,26,41,5,59,40,55,43,47,42,13,46,39,11,28,19,17,34,44,37,53,15,51,24,21,18,27,50,
machine11:0,20,48,38,3,4,30,25,49,22,29,16,54,56,23,32,9,45,12,1,10,52,6,26,41,59,55,43,47,42,13,39,11,33,28,58,7,34,2,37,14,15,24,60,21,18,27,50,
machine12:0,20,48,38,3,4,30,49,22,29,16,54,56,23,32,35,9,45,12,1,10,57,52,6,31,36,26,5,59,40,43,47,42,13,39,33,28,58,17,2,53,15,51,24,60,21,27,50,
machine13:0,20,38,3,30,25,49,22,29,54,56,23,32,9,45,12,1,10,57,52,6,31,36,26,41,5,59,40,55,43,47,42,13,46,39,33,19,58,17,34,44,53,14,15,51,24,60,21,18,27,50,
machine14:0,20,48,38,3,4,30,25,49,22,29,16,54,56,23,32,35,9,45,12,1,10,57,52,6,31,36,26,41,5,59,40,55,43,47,42,13,46,39,11,33,28,19,58,7,17,34,8,44,2,37,53,14,15,51,24,60,21,18,27,50,
machine15:0,20,48,38,3,4,30,25,49,22,29,16,54,56,23,32,35,9,45,12,1,10,57,52,6,31,36,26,41,5,59,40,55,43,47,42,13,46,39,11,33,19,58,17,34,8,44,2,37,53,14,15,51,24,60,21,18,27,50,
machine16:0,20,48,38,3,4,30,25,49,22,29,16,54,56,23,32,35,9,45,12,1,10,57,52,6,31,36,26,41,5,59,40,55,43,47,42,13,46,39,11,33,28,19,58,7,17,34,8,44,2,37,53,14,15,51,24,60,21,18,27,50,

1to 1:
1to 2:2,4,6,7,8,9,10,11,12,13,14,15,16,17,19,20,21,22,24,27,28,29,31,32,33,34,36,38,40,42,43,44,45,46,47,49,50,51,53,55,56,57,58,60,1,3,5,18,23,25,26,30,37,39,41,48,52,54,59,
1to 3:1,2,4,5,6,9,10,11,12,14,15,16,18,19,20,21,22,26,27,29,30,31,32,33,34,36,37,41,42,44,45,46,47,48,49,50,51,53,54,55,56,57,58,59,60,3,13,23,24,25,28,38,39,40,43,52,
1to 4:2,5,6,8,9,10,12,13,14,15,16,17,18,19,20,21,24,26,28,29,30,31,32,33,34,35,36,37,38,41,43,44,45,46,47,48,49,50,51,53,56,58,59,60,1,3,4,23,25,27,39,40,42,52,54,55,57,
1to 5:1,2,4,5,6,7,8,9,10,11,12,14,15,16,17,18,20,21,22,26,27,28,29,30,31,32,33,34,35,36,37,38,41,44,45,46,47,48,49,50,51,52,53,55,56,57,58,59,60,3,13,19,23,24,25,39,40,42,43,54,
2to 1:1,2,6,7,9,10,11,12,13,14,16,17,18,19,20,21,22,24,26,29,31,32,33,34,36,37,40,41,44,45,46,47,48,50,51,53,54,57,58,3,4,5,8,15,23,25,27,28,30,38,39,42,43,49,52,55,56,59,60,
2to 2:
2to 3:2,3,6,7,10,12,14,15,16,17,18,20,21,24,26,27,29,30,31,33,36,37,40,41,43,44,45,47,48,49,53,54,55,58,60,1,4,5,9,11,13,22,23,25,28,32,34,38,39,42,46,50,51,52,56,57,59,
2to 4:1,2,6,7,8,9,11,13,14,15,16,17,18,20,21,23,24,26,27,29,30,31,33,35,36,37,38,40,41,42,43,44,45,46,47,48,52,53,54,55,58,3,4,5,10,12,22,25,28,32,34,39,49,50,51,56,57,59,60,
2to 5:1,2,5,6,8,9,10,14,15,16,17,18,19,20,21,24,25,26,28,29,30,31,32,33,35,36,40,41,44,45,46,47,51,52,53,58,3,4,7,11,12,13,22,23,27,34,37,38,39,42,43,48,49,50,54,55,56,57,59,60,
3to 1:2,3,4,5,6,7,11,14,15,16,17,18,19,21,23,25,26,27,28,29,30,33,36,37,39,40,48,49,50,52,53,54,55,57,58,59,60,1,9,10,12,13,20,22,24,31,32,38,41,42,43,45,46,47,51,56,
3to 2:1,2,3,4,5,6,7,11,14,15,16,18,21,22,23,24,25,26,27,28,29,30,31,34,36,37,39,41,44,47,48,49,50,52,53,54,55,57,58,59,60,9,10,12,13,17,20,32,33,38,40,42,43,45,46,51,56,
3to 3:
3to 4:2,3,4,5,6,7,11,12,14,15,16,18,21,23,24,25,26,27,28,29,30,34,36,37,39,41,42,44,47,48,50,51,52,53,54,55,56,57,58,59,60,1,9,10,13,17,20,22,31,32,33,35,38,40,43,45,46,49,
3to 5:1,3,4,5,6,7,10,11,12,14,15,16,18,19,21,23,24,25,26,27,28,30,33,34,36,37,39,41,42,44,45,48,49,50,52,53,54,55,56,57,58,59,60,9,13,17,20,22,29,31,32,35,38,40,43,46,47,51,
4to 1:1,2,6,11,14,15,16,17,18,19,20,21,25,27,29,30,31,33,36,37,39,40,41,43,45,47,48,49,50,53,56,58,59,60,3,4,5,7,8,9,10,12,13,22,23,24,26,28,32,35,38,42,46,51,52,54,55,57,
4to 2:1,2,6,9,10,12,14,15,16,17,20,21,23,24,26,27,28,29,30,31,33,34,36,37,39,40,41,42,44,45,47,48,50,53,54,59,60,3,4,5,7,8,11,13,22,25,32,38,43,46,49,51,52,55,56,57,58,
4to 3:1,2,6,7,14,15,16,17,18,23,25,26,27,28,30,33,34,36,37,39,40,41,42,44,46,47,48,50,53,54,55,57,59,60,3,4,5,9,10,11,12,13,20,21,22,24,29,31,32,35,38,43,45,49,51,52,56,58,
4to 4:
4to 5:3,4,11,12,14,15,16,17,18,19,21,23,26,27,28,30,32,34,35,37,38,39,40,41,42,43,44,45,47,49,50,55,58,60,1,2,5,6,7,8,9,10,13,20,22,24,25,29,31,33,36,46,48,51,52,54,56,57,59,
5to 1:2,4,6,7,8,9,10,11,12,14,15,16,19,20,21,22,23,24,25,26,27,28,29,31,32,33,35,36,37,38,41,42,43,44,45,46,47,49,50,51,52,55,56,58,59,60,1,3,5,13,17,18,30,39,40,48,53,54,57,
5to 2:2,3,4,5,8,9,10,11,12,13,14,15,16,17,18,19,20,21,22,24,25,26,27,28,29,30,31,32,34,35,37,39,41,42,45,47,48,49,51,52,53,54,55,56,57,58,1,6,7,23,33,36,38,40,43,44,46,50,59,60,
5to 3:2,3,4,5,7,10,11,12,13,14,15,16,17,19,20,21,22,24,25,26,27,28,30,31,32,33,34,35,36,39,40,41,42,43,44,45,49,51,52,54,55,56,57,58,1,6,9,18,23,29,38,46,47,48,50,53,59,60,
5to 4:2,3,4,5,8,9,10,11,12,14,15,16,17,18,19,20,21,22,24,26,27,28,29,31,32,33,34,35,37,39,41,43,45,47,48,49,50,51,52,53,55,56,57,58,1,6,7,13,23,25,30,36,38,40,42,44,46,54,59,60,
5to 5:

cell1:2,3,5,4,
cell2:1,4,5,3,
cell3:5,4,2,1,
cell4:2,3,5,1,
cell5:1,2,3,4,
