machine1:0,37,88,44,46,10,68,53,3,25,74,50,76,1,2,29,12,36,71,40,7,58,22,31,13,15,82,66,55,32,61,27,62,90,39,89,60,87,24,52,63,43,69,56,30,70,85,64,23,73,59,83,81,80,8,4,19,77,21,84,14,
machine2:0,86,37,88,6,44,46,9,35,10,68,53,3,25,74,50,76,1,2,29,12,36,71,40,45,42,7,58,22,72,51,65,31,13,57,15,20,67,5,75,82,66,48,79,55,32,61,18,27,62,90,47,39,89,34,60,28,87,24,52,63,38,43,69,56,17,30,70,85,64,23,41,73,59,83,81,78,26,33,80,16,8,54,4,11,19,77,49,21,84,14,
machine3:0,37,6,46,9,35,74,29,12,36,71,45,42,58,72,51,65,31,13,57,5,79,32,61,27,62,90,47,39,34,60,28,87,24,63,38,69,56,30,64,23,73,59,81,26,16,4,19,77,84,
machine4:0,86,37,88,6,44,46,9,35,10,68,53,3,25,74,50,76,1,2,29,12,36,71,40,45,42,7,58,22,72,51,65,31,13,57,20,5,75,82,66,48,79,55,32,61,18,27,62,90,47,39,89,34,60,28,87,24,52,63,38,43,69,56,17,30,85,64,23,41,73,59,83,81,78,26,33,80,16,54,4,19,77,49,84,14,
machine5:0,37,88,44,9,35,10,68,53,25,74,50,76,1,2,40,42,7,58,22,51,65,13,15,20,67,5,66,48,55,32,39,89,24,52,38,30,70,85,23,41,83,78,80,8,11,49,14,
machine6:0,86,37,88,6,44,46,9,35,10,68,53,3,25,74,50,76,1,2,29,12,36,71,40,45,42,7,58,22,72,51,65,31,13,57,15,20,67,5,75,66,48,79,55,32,18,27,62,47,39,89,34,24,52,63,38,17,30,70,85,23,41,73,59,83,81,78,26,33,80,8,54,4,11,49,21,84,14,
machine7:0,86,46,9,3,2,29,36,71,7,72,51,65,31,15,67,5,75,82,66,48,55,61,18,27,62,90,89,28,87,63,43,69,56,17,64,41,59,83,81,33,16,54,11,77,21,84,14,
machine8:0,86,6,46,9,3,2,29,36,71,45,7,22,72,51,65,31,13,57,15,20,67,5,75,82,66,48,79,55,32,61,18,27,62,90,47,39,89,34,60,28,87,24,52,63,38,43,69,56,17,30,70,85,64,23,41,73,59,83,81,78,26,33,80,16,8,54,4,11,19,77,49,21,84,14,

1to 1:
1to 2:19,72,68,86,88,26,82,71,45,2,32,75,77,65,29,20,
1to 3:6,47,74,27,79,42,78,83,50,84,66,34,9,22,73,4,49,46,89,36,23,14,80,
1to 4:28,43,16,54,33,11,87,18,21,81,70,30,38,8,17,41,63,64,59,56,52,
2to 1:48,28,43,16,74,54,27,40,90,31,58,87,35,42,30,78,83,60,84,41,64,55,4,49,51,7,5,
2to 2:
2to 3:10,53,25,76,37,1,44,88,85,57,39,3,45,24,63,2,59,12,13,29,
2to 4:47,19,26,61,66,34,69,62,77,89,14,80,
3to 1:10,53,25,76,37,72,1,33,44,11,68,18,21,86,26,81,70,57,8,67,71,3,17,15,59,12,13,52,
3to 2:6,54,40,58,35,38,50,41,9,22,62,46,51,36,7,5,14,80,
3to 3:
3to 4:48,31,79,85,78,83,39,84,24,73,32,55,75,4,49,65,20,23,
4to 1:20,22,24,29,32,36,39,45,61,62,65,66,69,75,89,46,2,85,34,6,47,82,9,
4to 2:18,23,52,55,57,60,63,90,81,73,33,56,3,79,17,48,13,31,27,
4to 3:5,7,15,38,51,30,71,86,72,67,
4to 4:

cell1:4,2,3,
cell2:3,1,4,
cell3:1,4,2,
cell4:3,1,2,
