machine1:0,28,4,36,26,18,23,34,7,24,39,21,37,33,22,32,11,20,1,25,9,8,30,40,10,3,17,16,
machine2:0,28,4,36,26,23,34,7,24,39,21,37,33,22,11,20,1,9,8,40,3,
machine3:0,28,31,4,19,12,36,26,18,23,34,38,7,24,39,21,37,33,22,32,11,2,20,13,6,35,1,25,9,8,29,30,40,10,3,27,5,14,15,17,16,
machine4:0,28,34,24,39,21,37,33,22,11,1,9,40,3,
machine5:0,28,31,12,26,23,34,38,7,39,21,37,33,22,11,2,20,6,35,9,8,30,40,3,27,5,14,17,16,
machine6:0,31,26,39,21,33,6,35,8,30,3,27,14,
machine7:0,28,31,12,26,23,34,38,7,24,39,21,37,33,22,11,2,20,13,6,35,1,9,8,30,40,3,27,5,14,15,17,16,
machine8:0,39,33,6,35,8,14,
machine9:0,31,4,19,12,26,34,38,7,39,21,37,33,22,11,20,13,6,1,9,8,30,40,10,27,14,16,
machine10:0,31,4,12,26,34,38,7,37,33,22,11,13,1,9,8,30,40,10,14,16,
machine11:0,31,4,19,12,36,26,34,38,7,39,21,37,33,22,11,20,13,6,1,25,9,8,30,40,10,3,27,5,14,15,17,16,
machine12:0,4,12,34,7,37,22,9,40,10,14,16,
machine13:0,31,4,19,36,34,7,24,39,21,37,33,22,32,11,13,6,35,1,25,9,8,30,10,3,5,14,15,17,16,
machine14:0,31,4,19,34,7,24,21,37,22,11,6,1,9,10,3,5,14,15,17,
machine15:0,31,4,19,36,18,23,34,7,24,39,21,37,33,22,32,11,2,20,13,6,35,1,25,9,8,30,10,3,5,14,15,17,16,
machine16:0,31,34,7,21,11,6,1,9,3,17,
machine17:0,28,4,12,26,38,7,39,21,37,33,22,11,2,20,35,9,8,29,30,40,3,27,15,
machine18:0,28,4,12,26,7,39,21,37,33,22,11,9,29,30,3,27,15,
machine19:0,28,31,4,12,26,23,38,7,24,39,21,37,33,22,32,11,2,20,35,9,8,29,30,40,10,3,27,15,17,
machine20:0,28,26,7,21,37,33,22,9,29,27,
machine21:0,31,26,18,23,34,7,39,21,37,22,20,6,1,25,9,29,40,10,3,14,15,17,16,
machine22:0,26,18,34,39,21,37,22,20,6,1,25,40,10,3,14,17,16,
machine23:0,28,31,4,12,36,26,18,23,34,38,7,39,21,37,33,22,32,20,13,6,35,1,25,9,29,30,40,10,3,14,15,17,16,
machine24:0,26,18,34,39,21,6,1,3,
machine25:0,31,4,34,7,24,39,21,37,33,22,11,2,13,25,29,30,40,10,3,15,17,
machine26:0,4,34,7,21,37,33,22,11,13,30,10,3,15,
machine27:0,31,4,12,26,34,7,24,39,21,37,33,22,11,2,13,6,1,25,9,29,30,40,10,3,27,5,14,15,17,
machine28:0,34,7,37,22,11,

1to 1:
1to 2:38,8,14,15,39,
1to 3:5,16,27,13,26,20,4,10,
1to 4:32,36,2,22,
1to 5:31,
1to 6:18,29,28,6,40,33,
1to 7:25,17,3,9,11,30,34,37,
2to 1:37,33,35,16,28,11,27,
2to 2:
2to 3:7,39,9,14,31,17,
2to 4:3,1,23,34,13,6,
2to 5:30,8,12,
2to 6:21,15,26,38,
2to 7:40,24,
3to 1:12,40,17,30,31,7,
3to 2:6,1,
3to 3:
3to 4:19,8,9,37,
3to 5:38,26,20,21,
3to 6:16,14,10,34,
3to 7:5,27,15,22,
4to 1:5,6,8,13,18,19,21,25,
4to 2:7,20,31,
4to 3:22,30,33,34,36,
4to 4:
4to 5:2,11,24,35,37,39,
4to 6:3,9,17,23,32,
4to 7:1,4,
5to 1:24,4,38,9,
5to 2:23,22,28,40,27,2,26,
5to 3:15,11,3,12,
5to 4:7,21,10,17,33,
5to 5:
5to 6:37,20,35,31,
5to 7:29,39,
6to 1:36,23,3,
6to 2:35,13,17,30,
6to 3:1,21,
6to 4:25,16,20,4,14,15,39,
6to 5:32,10,9,33,22,
6to 6:
6to 7:12,7,
7to 1:14,10,15,2,29,1,26,39,
7to 2:33,12,34,5,21,
7to 3:6,25,37,40,
7to 4:11,24,31,
7to 5:7,4,3,
7to 6:13,22,30,
7to 7:

cell1:4,6,3,2,7,5,
cell2:3,5,6,1,4,7,
cell3:5,7,2,6,4,1,
cell4:7,5,3,2,1,6,
cell5:1,6,7,4,3,2,
cell6:1,4,2,5,7,3,
cell7:5,1,6,3,2,4,
