machine1:0,22,7,4,11,46,66,19,51,23,5,63,68,20,69,33,40,52,10,67,25,55,2,18,45,30,53,17,9,34,38,49,1,13,15,48,58,47,32,43,27,41,24,36,
machine2:0,54,21,7,62,4,46,19,51,23,37,63,68,20,69,31,39,10,67,25,55,2,18,60,45,53,8,26,61,9,34,38,70,50,49,29,44,13,15,48,58,32,43,16,41,24,36,65,14,
machine3:0,35,54,56,59,64,21,7,62,11,46,66,19,12,37,68,69,33,31,40,39,52,67,25,55,42,18,45,30,8,26,17,70,50,49,29,48,32,43,16,41,24,36,65,14,
machine4:0,35,54,64,7,11,66,12,3,51,5,37,63,68,20,69,33,31,40,39,52,10,55,2,42,18,45,30,8,26,9,38,70,49,44,1,15,58,32,27,41,6,36,65,
machine5:0,28,56,59,64,21,7,62,4,19,12,3,5,63,68,20,33,31,40,52,67,25,55,2,42,45,8,17,34,38,70,50,49,29,13,48,58,47,43,27,16,6,36,65,14,
machine6:0,54,56,64,21,7,62,19,51,63,33,40,52,10,67,25,55,2,42,18,60,45,8,57,26,61,49,29,44,1,13,15,48,32,43,27,16,36,65,14,
machine7:0,28,54,59,64,21,7,11,66,19,12,51,63,20,69,33,31,40,39,52,67,55,2,18,45,30,53,8,26,61,17,9,34,38,49,29,15,48,58,47,32,27,16,65,
machine8:0,21,4,46,51,23,5,20,69,33,31,40,39,52,25,55,2,42,45,53,57,17,9,34,38,70,49,29,1,13,58,27,16,36,
machine9:0,28,54,56,59,64,21,7,11,66,19,12,3,23,37,63,20,33,31,40,39,52,10,67,25,55,2,42,60,53,8,26,38,70,50,49,29,44,1,15,48,58,41,24,6,36,
machine10:0,35,56,59,22,4,11,66,12,51,37,69,39,52,67,25,55,2,60,45,53,61,9,34,49,29,44,13,48,43,27,24,6,36,14,
machine11:0,56,59,64,22,21,7,62,4,11,66,51,5,31,39,52,10,67,25,55,18,30,8,26,17,9,34,38,70,49,44,13,58,32,43,27,16,41,65,14,
machine12:0,35,28,54,56,59,64,22,21,7,4,46,66,19,12,3,51,23,5,37,63,20,69,33,31,40,39,52,10,67,25,55,2,42,18,60,30,53,8,26,61,17,9,34,38,70,50,49,29,13,48,58,47,32,27,16,41,24,6,36,65,14,
machine13:0,35,59,21,62,11,46,19,12,3,51,23,5,37,63,68,20,69,33,31,40,39,52,10,67,25,55,2,42,18,60,45,30,53,8,57,26,61,17,9,34,38,70,50,49,29,44,1,13,15,48,58,47,32,43,27,16,41,24,6,36,65,14,
machine14:0,35,28,54,56,59,64,22,21,7,62,4,11,46,66,19,12,3,51,5,37,63,68,20,69,33,31,40,39,52,25,55,2,42,18,60,45,30,53,8,26,61,17,9,34,70,50,49,29,44,1,13,15,48,47,32,43,27,16,41,24,6,36,65,14,
machine15:0,35,28,54,56,59,64,7,62,4,46,66,19,12,3,51,23,5,37,63,68,20,69,33,31,40,39,52,10,67,25,55,2,42,60,45,30,53,8,57,26,61,17,9,34,38,70,50,49,29,44,1,13,48,58,47,32,43,27,16,41,24,6,36,65,14,
machine16:0,35,28,54,56,59,22,21,7,4,11,66,19,12,51,23,37,68,20,69,33,31,39,52,10,67,55,2,42,18,45,30,53,8,26,61,17,9,34,38,70,49,29,44,1,15,48,58,47,32,43,27,16,41,24,65,
machine17:0,35,64,21,7,62,11,46,66,19,12,3,23,5,37,63,68,20,69,33,31,40,39,52,10,67,25,55,2,42,18,60,30,53,8,57,26,61,17,9,34,38,70,50,49,29,1,13,15,48,58,47,32,43,27,16,41,24,6,14,
machine18:0,54,56,59,22,21,62,4,46,66,19,12,3,51,23,5,37,63,20,33,31,40,39,52,10,67,25,55,2,42,18,60,45,30,53,8,57,61,17,38,70,50,49,29,44,1,13,48,58,47,32,43,27,16,41,24,6,65,14,
machine19:0,35,28,54,56,59,64,22,21,7,62,4,11,46,66,19,12,3,51,23,5,37,63,68,20,69,33,31,40,39,52,10,67,25,55,2,42,18,60,45,30,53,8,57,26,61,17,9,34,38,70,50,49,29,44,1,13,15,48,58,47,32,43,27,16,41,24,6,36,65,14,
machine20:0,35,28,54,56,59,64,22,21,7,62,4,11,46,66,19,12,3,51,23,5,37,63,68,20,69,33,31,40,39,52,10,67,25,55,2,42,18,60,45,30,53,8,57,26,61,17,9,34,38,70,50,49,29,44,1,13,15,48,58,47,32,43,27,16,41,24,6,36,65,14,

1to 1:
1to 2:1,4,10,15,17,18,23,24,37,38,41,42,44,51,53,54,56,59,62,66,2,5,6,7,11,12,13,14,16,19,20,21,22,25,26,27,31,32,33,34,36,43,45,48,49,52,55,58,63,64,65,67,70,
1to 3:1,3,4,5,6,7,10,16,22,29,32,34,38,41,46,48,54,56,58,59,62,67,69,2,11,12,14,15,18,19,20,21,23,24,25,26,27,28,31,33,35,36,37,39,40,42,43,49,50,51,52,53,55,63,64,65,66,68,70,
1to 4:1,2,4,5,6,7,12,13,17,18,20,22,25,30,33,34,36,38,39,46,47,50,58,62,67,68,69,70,8,9,11,14,15,16,19,21,23,24,27,29,31,32,35,40,41,42,43,44,45,48,49,51,52,53,54,55,59,61,63,64,65,66,
1to 5:1,4,5,7,8,9,10,13,17,18,30,33,34,38,39,40,42,47,49,53,56,59,61,62,63,68,69,2,3,6,11,12,14,16,19,20,21,22,23,24,25,27,31,32,37,41,43,44,45,46,48,50,52,54,55,58,60,64,65,66,67,70,
1to 6:1,4,5,8,13,15,17,21,25,32,33,34,38,44,49,62,67,68,69,70,2,7,9,11,14,16,18,19,20,22,23,24,26,27,28,29,31,35,36,37,40,41,42,43,45,46,48,50,51,52,53,55,58,59,60,64,65,66,
1to 7:4,5,7,8,12,15,18,19,29,30,33,34,38,39,42,47,49,54,55,58,59,62,68,69,1,2,9,11,13,14,16,17,20,21,22,23,24,25,26,27,32,35,36,37,40,41,45,46,48,50,51,52,53,56,60,61,63,65,66,67,70,
2to 1:1,3,4,5,6,8,9,10,13,14,17,18,20,23,24,25,28,29,30,32,35,37,38,40,41,43,45,46,51,54,61,62,64,67,69,70,2,7,11,12,15,16,19,21,26,27,31,33,34,36,39,48,49,50,52,55,58,59,63,65,66,
2to 2:
2to 3:5,6,9,10,11,12,13,18,19,20,23,24,25,28,29,31,33,37,38,40,41,43,44,46,47,53,54,56,57,58,62,64,65,66,70,1,2,4,7,14,15,16,17,21,26,27,32,34,36,39,42,45,48,49,51,52,55,59,63,67,69,
2to 4:2,3,6,7,8,9,11,12,14,17,18,19,20,21,23,24,25,28,29,31,37,38,41,42,44,46,48,54,56,59,60,62,64,65,69,70,4,13,15,16,22,26,27,30,32,33,34,39,40,45,49,50,51,52,53,55,58,61,63,66,67,
2to 5:3,6,8,9,18,23,24,25,26,28,29,30,31,32,33,37,38,40,41,42,43,44,48,51,52,53,54,56,57,63,64,65,66,67,69,70,1,2,4,5,7,10,11,13,14,15,16,17,19,20,21,27,34,39,45,49,50,55,58,59,61,
2to 6:1,2,9,10,11,14,18,19,23,24,27,28,29,31,34,35,37,38,40,41,42,44,46,48,51,52,55,57,59,62,64,67,4,5,7,13,15,16,17,20,21,22,25,26,33,36,39,45,49,50,53,58,60,61,63,65,66,69,70,
2to 7:6,8,9,10,13,15,16,18,19,20,23,24,25,28,30,31,35,36,37,39,41,42,46,48,54,56,58,61,67,70,1,2,4,5,7,11,12,17,21,26,27,29,32,33,34,44,45,49,50,51,52,53,55,59,63,65,66,69,
3to 1:4,5,6,7,10,11,12,16,20,22,24,28,29,30,34,38,41,42,46,47,52,53,55,59,62,63,68,69,1,2,3,13,14,17,18,19,21,25,26,27,31,32,36,37,40,43,44,45,48,49,50,51,58,60,64,65,67,70,
3to 2:1,4,5,7,9,10,12,13,16,18,20,24,25,30,32,34,38,41,43,44,47,48,52,56,58,59,61,62,63,70,2,14,15,17,19,21,26,27,29,31,33,35,36,37,39,40,45,49,51,53,55,64,65,67,69,
3to 3:
3to 4:1,4,5,6,7,9,12,13,15,16,19,20,23,24,25,33,34,35,36,38,39,44,45,53,54,56,58,59,61,67,2,3,8,14,17,18,26,27,29,30,31,32,37,40,41,42,43,46,47,48,49,50,51,52,55,57,62,63,64,69,
3to 5:1,4,6,7,9,10,11,12,13,16,20,21,23,24,25,30,32,34,41,46,49,50,52,54,57,58,59,61,63,68,70,2,3,8,14,15,17,18,19,26,27,29,33,35,37,38,39,40,42,43,45,47,48,51,53,55,62,64,67,69,
3to 6:1,2,4,5,6,7,10,12,13,16,18,20,22,24,26,27,29,34,35,41,46,47,50,51,53,57,59,61,62,64,67,70,9,14,15,19,21,23,25,31,36,37,38,39,40,42,43,44,45,48,49,52,55,60,63,65,68,69,
3to 7:3,4,5,6,7,9,10,12,16,20,21,23,24,29,30,33,40,41,42,44,49,50,56,58,62,63,67,68,2,8,14,15,17,18,19,25,26,27,31,35,36,37,38,39,43,45,46,47,48,51,52,53,61,64,65,66,69,70,
4to 1:1,2,3,7,8,9,11,12,15,16,17,19,21,22,27,29,30,32,33,34,36,37,38,39,41,42,43,45,47,48,49,56,58,59,62,65,67,68,5,6,13,14,18,20,23,24,25,26,28,31,46,51,52,53,55,61,63,64,66,69,70,
4to 2:1,2,4,8,10,12,14,15,17,18,19,21,24,25,26,27,28,29,30,31,32,33,34,35,36,37,38,43,44,45,49,55,57,58,61,62,65,67,69,5,7,9,13,16,20,23,39,40,42,50,51,52,53,56,59,63,64,66,70,
4to 3:2,3,4,6,8,9,10,12,13,15,16,18,19,20,21,22,23,24,27,28,31,32,33,34,35,37,39,42,45,46,47,48,49,50,52,62,63,64,65,67,68,69,5,7,14,25,26,29,30,38,40,41,44,51,53,55,56,57,59,60,61,70,
4to 4:
4to 5:1,2,3,4,5,6,7,9,10,11,12,15,16,17,19,21,22,24,27,28,29,32,33,34,35,37,38,39,43,44,45,46,47,48,50,55,58,62,64,65,68,8,13,14,18,20,23,25,26,30,31,40,41,42,49,51,52,53,56,57,59,60,61,63,66,67,69,70,
4to 6:1,2,4,8,12,13,15,17,18,19,21,24,27,28,29,31,32,33,34,35,36,37,38,40,43,44,45,46,47,48,50,53,56,58,60,62,63,65,67,69,5,6,7,9,14,16,20,23,25,26,30,39,42,49,51,52,55,57,59,61,64,66,
4to 7:1,2,4,5,6,7,9,11,12,15,17,19,20,21,24,27,28,29,31,33,34,35,36,37,38,43,44,45,46,47,48,49,50,53,55,58,62,63,64,65,68,69,8,14,16,22,23,25,30,39,40,41,42,51,52,54,57,59,60,61,66,67,70,
5to 1:1,3,6,7,11,13,14,15,17,19,21,22,23,25,26,28,29,30,32,33,34,35,38,40,42,43,47,48,49,50,51,52,55,58,59,60,61,62,63,66,67,68,69,70,2,5,8,9,10,12,16,18,20,24,27,31,37,41,45,46,65,
5to 2:1,3,4,5,7,11,13,14,15,17,19,21,23,24,25,26,29,32,33,35,37,38,40,42,43,45,47,48,51,52,53,55,56,58,59,61,62,63,64,66,67,69,70,2,10,12,16,18,20,27,31,34,39,49,57,60,65,
5to 3:1,2,4,6,7,8,11,12,14,15,16,19,21,22,23,25,26,27,29,32,33,34,35,38,39,40,41,42,44,45,48,50,51,52,53,55,56,57,58,59,61,62,63,64,65,66,69,70,3,5,9,10,17,18,20,24,31,37,43,47,49,67,
5to 4:1,2,3,6,7,8,9,10,11,14,15,17,19,20,21,22,23,24,25,26,27,29,30,32,33,34,35,38,40,42,43,44,47,48,50,51,52,53,54,55,56,57,58,59,60,62,63,64,65,66,68,69,70,5,12,16,18,31,37,39,41,45,46,61,67,
5to 5:
5to 6:1,2,3,4,5,6,7,8,9,11,14,15,17,19,21,23,25,26,29,33,35,38,39,40,41,42,43,47,48,50,51,52,53,55,57,58,59,60,62,63,64,66,68,69,70,10,12,16,18,20,22,24,27,30,31,34,37,45,49,61,65,67,
5to 7:1,5,7,9,11,12,14,15,19,21,22,23,24,25,26,29,31,32,33,34,35,37,38,40,43,47,48,49,50,51,52,53,54,55,59,62,63,66,67,68,69,70,2,8,10,16,17,18,20,27,39,41,42,45,58,61,65,
6to 1:1,2,3,4,5,7,8,10,11,12,13,14,15,16,18,19,20,21,23,26,27,31,33,37,38,39,40,41,42,44,45,47,48,49,51,52,55,56,58,59,61,62,64,65,67,69,9,22,24,25,29,36,43,46,53,68,70,
6to 2:1,2,4,5,6,7,8,10,13,14,15,16,17,18,19,20,23,24,25,26,27,28,29,31,33,34,35,36,37,38,39,40,42,43,45,48,49,51,52,55,56,58,59,60,61,62,64,65,66,67,69,9,21,30,44,53,70,
6to 3:1,2,4,5,7,9,10,12,13,14,15,16,17,18,19,20,21,23,24,25,26,27,28,29,31,33,34,35,36,37,38,40,41,42,45,48,49,50,51,52,53,55,56,59,60,61,62,65,66,67,68,69,70,22,30,39,44,46,
6to 4:2,3,4,5,12,13,15,16,18,19,20,21,23,24,26,27,28,30,31,33,34,35,37,39,40,41,42,43,44,45,47,48,49,51,52,55,56,57,58,59,60,62,63,64,65,66,67,68,69,70,7,9,14,22,25,29,36,46,53,61,
6to 5:1,2,3,5,6,7,8,9,10,11,12,13,15,16,18,19,20,23,24,26,27,28,31,33,35,37,38,40,41,42,43,44,45,47,48,50,51,52,55,56,60,62,65,66,67,69,14,21,22,25,29,30,39,53,58,61,68,70,
6to 6:
6to 7:1,2,5,7,8,10,12,14,15,16,17,18,19,20,21,23,24,25,26,27,28,31,35,36,37,38,40,41,42,45,46,47,48,49,50,51,52,55,56,59,60,61,62,65,66,67,69,70,9,22,29,30,39,44,53,58,68,
7to 1:1,2,3,4,5,6,7,8,9,11,12,14,15,16,17,18,19,20,21,22,23,24,25,26,28,29,30,31,32,33,34,36,37,39,43,45,46,47,48,49,50,51,52,53,54,55,59,60,62,63,65,66,67,69,70,27,35,40,41,42,58,68,
7to 2:2,5,7,9,12,13,14,15,16,17,18,19,20,21,23,24,25,26,29,31,32,33,35,36,37,38,39,40,42,43,44,45,48,51,52,54,55,57,58,59,60,62,63,64,65,67,69,70,1,4,8,11,27,41,49,53,61,66,
7to 3:1,2,4,5,6,7,8,13,14,15,16,17,18,19,20,21,22,23,24,25,26,27,29,31,32,34,36,37,38,39,45,46,47,49,50,51,52,54,59,62,63,64,65,66,67,68,69,70,33,35,40,41,42,44,48,53,58,61,
7to 4:1,2,3,4,5,6,7,9,12,13,14,15,16,17,18,19,20,22,23,24,25,26,27,29,30,31,32,34,37,38,39,41,43,44,45,46,47,48,49,50,51,52,54,55,59,60,61,62,63,64,65,66,67,68,69,8,11,33,35,40,42,53,56,58,
7to 5:2,3,4,5,6,8,10,12,14,15,16,17,19,20,21,22,23,24,25,26,30,31,34,37,38,39,41,45,47,48,50,51,52,54,55,58,59,61,62,64,65,66,67,69,70,1,9,18,27,33,35,40,42,53,68,
7to 6:2,4,5,12,13,14,15,16,17,18,19,20,21,22,23,24,25,26,31,34,36,37,38,39,40,41,44,45,47,48,49,50,51,52,54,55,59,60,62,63,64,65,66,67,69,1,7,8,9,27,29,33,35,42,53,56,58,61,
7to 7:

cell1:7,6,5,4,3,2,
cell2:7,6,5,4,3,1,
cell3:7,6,5,4,2,1,
cell4:7,6,5,3,2,1,
cell5:7,6,4,3,2,1,
cell6:7,5,4,3,2,1,
cell7:6,5,4,3,2,1,
