machine1:0,22,7,4,11,46,66,19,51,23,5,63,68,20,69,33,40,52,10,67,25,55,2,18,45,30,53,17,9,34,38,49,1,13,15,48,58,47,32,43,27,41,24,36,
machine2:0,54,21,7,62,4,46,19,51,23,37,63,68,20,69,31,39,10,67,25,55,2,18,60,45,53,8,26,61,9,34,38,70,50,49,29,44,13,15,48,58,32,43,16,41,24,36,65,14,
machine3:0,35,54,56,59,64,21,7,62,11,46,66,19,12,37,68,69,33,31,40,39,52,67,25,55,42,18,45,30,8,26,17,70,50,49,29,48,32,43,16,41,24,36,65,14,
machine4:0,35,54,64,7,11,66,12,3,51,5,37,63,68,20,69,33,31,40,39,52,10,55,2,42,18,45,30,8,26,9,38,70,49,44,1,15,58,32,27,41,6,36,65,
machine5:0,28,56,59,64,21,7,62,4,19,12,3,5,63,68,20,33,31,40,52,67,25,55,2,42,45,8,17,34,38,70,50,49,29,13,48,58,47,43,27,16,6,36,65,14,
machine6:0,54,56,64,21,7,62,19,51,63,33,40,52,10,67,25,55,2,42,18,60,45,8,57,26,61,49,29,44,1,13,15,48,32,43,27,16,36,65,14,
machine7:0,28,54,59,64,21,7,11,66,19,12,51,63,20,69,33,31,40,39,52,67,55,2,18,45,30,53,8,26,61,17,9,34,38,49,29,15,48,58,47,32,27,16,65,
machine8:0,21,4,46,51,23,5,20,69,33,31,40,39,52,25,55,2,42,45,53,57,17,9,34,38,70,49,29,1,13,58,27,16,36,
machine9:0,28,54,56,59,64,21,7,11,66,19,12,3,23,37,63,20,33,31,40,39,52,10,67,25,55,2,42,60,53,8,26,38,70,50,49,29,44,1,15,48,58,41,24,6,36,
machine10:0,35,56,59,22,4,11,66,12,51,37,69,39,52,67,25,55,2,60,45,53,61,9,34,49,29,44,13,48,43,27,24,6,36,14,
machine11:0,56,59,64,22,21,7,62,4,11,66,51,5,31,39,52,10,67,25,55,18,30,8,26,17,9,34,38,70,49,44,13,58,32,43,27,16,41,65,14,
machine12:0,35,28,54,56,59,64,22,21,7,4,46,66,19,12,3,51,23,5,37,63,20,69,33,31,40,39,52,10,67,25,55,2,42,18,60,30,53,8,26,61,17,9,34,38,70,50,49,29,13,48,58,47,32,27,16,41,24,6,36,65,14,
machine13:0,35,59,21,62,11,46,19,12,3,51,23,5,37,63,68,20,69,33,31,40,39,52,10,67,25,55,2,42,18,60,45,30,53,8,57,26,61,17,9,34,38,70,50,49,29,44,1,13,15,48,58,47,32,43,27,16,41,24,6,36,65,14,
machine14:0,35,28,54,56,59,64,22,21,7,62,4,11,46,66,19,12,3,51,5,37,63,68,20,69,33,31,40,39,52,25,55,2,42,18,60,45,30,53,8,26,61,17,9,34,70,50,49,29,44,1,13,15,48,47,32,43,27,16,41,24,6,36,65,14,
machine15:0,35,28,54,56,59,64,7,62,4,46,66,19,12,3,51,23,5,37,63,68,20,69,33,31,40,39,52,10,67,25,55,2,42,60,45,30,53,8,57,26,61,17,9,34,38,70,50,49,29,44,1,13,48,58,47,32,43,27,16,41,24,6,36,65,14,
machine16:0,35,28,54,56,59,22,21,7,4,11,66,19,12,51,23,37,68,20,69,33,31,39,52,10,67,55,2,42,18,45,30,53,8,26,61,17,9,34,38,70,49,29,44,1,15,48,58,47,32,43,27,16,41,24,65,
machine17:0,35,64,21,7,62,11,46,66,19,12,3,23,5,37,63,68,20,69,33,31,40,39,52,10,67,25,55,2,42,18,60,30,53,8,57,26,61,17,9,34,38,70,50,49,29,1,13,15,48,58,47,32,43,27,16,41,24,6,14,
machine18:0,54,56,59,22,21,62,4,46,66,19,12,3,51,23,5,37,63,20,33,31,40,39,52,10,67,25,55,2,42,18,60,45,30,53,8,57,61,17,38,70,50,49,29,44,1,13,48,58,47,32,43,27,16,41,24,6,65,14,
machine19:0,35,28,54,56,59,64,22,21,7,62,4,11,46,66,19,12,3,51,23,5,37,63,68,20,69,33,31,40,39,52,10,67,25,55,2,42,18,60,45,30,53,8,57,26,61,17,9,34,38,70,50,49,29,44,1,13,15,48,58,47,32,43,27,16,41,24,6,36,65,14,
machine20:0,35,28,54,56,59,64,22,21,7,62,4,11,46,66,19,12,3,51,23,5,37,63,68,20,69,33,31,40,39,52,10,67,25,55,2,42,18,60,45,30,53,8,57,26,61,17,9,34,38,70,50,49,29,44,1,13,15,48,58,47,32,43,27,16,41,24,6,36,65,14,

1to 1:
1to 2:1,4,5,6,7,10,14,15,16,17,18,20,23,24,25,26,27,31,37,38,41,42,44,51,53,54,55,56,59,62,63,64,66,70,21,65,58,36,45,49,13,22,12,32,2,48,11,52,67,19,33,34,43,
1to 3:1,3,4,5,6,7,10,14,16,20,22,23,25,26,29,31,32,34,37,38,39,40,42,46,48,50,51,54,56,58,59,62,63,64,65,66,67,69,33,28,35,49,36,53,21,27,12,68,11,24,18,43,19,15,52,41,70,2,55,
1to 4:1,2,4,5,6,7,8,9,12,13,14,17,18,20,22,23,25,30,33,34,36,38,39,40,42,44,46,47,48,50,51,58,59,61,62,63,66,67,68,69,70,53,16,41,54,65,49,55,64,43,11,24,45,15,21,29,52,32,31,27,35,19,
1to 5:1,4,5,6,7,8,9,10,13,14,16,17,18,21,23,25,27,30,31,33,34,37,38,39,40,42,44,47,48,49,50,53,55,56,59,60,61,62,63,66,68,69,20,45,70,41,54,67,24,65,46,64,19,3,2,43,32,12,11,52,58,22,
1to 6:1,4,5,7,8,9,13,14,15,17,19,20,21,23,25,26,27,31,32,33,34,36,37,38,40,42,44,45,49,51,55,59,60,62,64,66,67,68,69,70,53,58,35,48,52,50,16,24,46,11,29,2,22,65,18,41,43,28,
1to 7:4,5,7,8,12,14,15,16,17,18,19,21,23,25,26,27,29,30,33,34,37,38,39,40,42,47,49,50,51,54,55,58,59,60,61,62,63,65,66,68,69,9,24,13,1,45,56,20,46,53,32,52,48,22,2,41,36,67,70,11,35,
2to 1:1,3,4,5,6,7,8,9,10,13,14,16,17,18,19,23,24,25,28,29,30,32,35,37,38,39,40,41,43,45,46,48,51,52,54,59,61,62,64,65,66,67,69,70,20,27,55,58,63,49,31,11,36,26,34,12,15,2,21,50,33,
2to 2:
2to 3:1,5,6,7,9,10,11,12,13,15,16,19,20,23,24,25,28,29,33,37,38,39,40,41,42,43,44,46,47,48,51,53,54,55,56,57,58,59,62,65,66,69,70,21,14,26,36,18,63,17,32,34,64,49,52,45,27,31,4,2,67,
2to 4:2,3,6,7,8,9,11,13,16,17,18,19,20,21,22,23,24,25,28,29,30,31,33,37,38,39,42,44,46,48,51,52,53,54,55,56,59,60,62,63,65,69,70,4,61,32,26,34,49,14,67,15,40,64,27,41,66,12,58,45,50,
2to 5:1,3,6,7,8,9,11,13,18,19,20,23,24,25,26,28,29,30,31,32,33,37,38,40,41,42,43,44,48,51,52,53,54,55,56,57,59,63,64,65,66,67,69,70,14,34,45,50,49,17,27,4,16,61,2,10,21,39,58,15,5,
2to 6:1,2,7,9,10,11,13,18,19,20,22,23,24,27,28,29,34,35,37,38,40,42,44,46,48,51,52,53,55,57,59,62,63,64,65,67,69,70,14,31,49,61,25,45,17,66,4,16,36,33,50,41,39,5,26,15,60,58,21,
2to 7:1,6,7,8,9,10,13,15,16,18,19,23,24,25,28,30,31,33,35,36,37,39,42,44,46,48,53,54,56,58,59,61,65,67,69,70,27,50,26,11,4,49,51,17,29,45,52,34,63,20,55,12,2,41,21,5,32,66,
3to 1:1,4,5,6,7,10,11,12,16,18,20,24,28,29,30,31,32,34,38,41,42,46,47,50,52,53,55,59,62,63,65,68,70,44,51,58,64,21,45,60,48,27,49,69,67,19,2,25,40,17,26,14,37,22,13,36,3,43,
3to 2:1,4,9,10,12,13,16,18,20,24,25,30,31,32,34,35,38,41,43,47,48,52,58,59,61,62,63,65,70,21,36,2,51,69,27,5,15,26,40,55,45,56,14,39,7,64,67,17,37,29,44,49,19,53,33,
3to 3:
3to 4:1,4,5,6,7,9,12,13,15,16,18,19,20,23,24,25,31,32,34,35,36,38,39,41,42,45,53,54,58,59,61,67,44,29,50,33,47,8,43,52,64,51,48,30,40,63,55,37,17,27,57,69,3,14,26,46,56,2,49,62,
3to 5:1,4,6,9,10,11,12,13,14,16,20,23,24,25,30,32,33,34,35,41,42,46,49,50,52,54,57,58,59,61,63,68,70,37,18,45,38,39,64,8,51,62,48,17,19,43,53,15,67,26,69,21,55,2,7,27,40,47,3,29,
3to 6:1,2,4,5,6,10,12,13,16,18,20,22,23,24,27,29,31,34,35,41,42,46,47,50,51,57,59,61,62,64,65,67,7,52,53,37,9,21,38,48,69,39,70,44,43,15,60,40,25,14,45,19,68,55,26,49,63,36,
3to 7:3,4,5,6,7,9,10,12,16,18,20,23,24,29,30,31,35,37,40,41,42,49,50,56,58,61,62,63,65,66,67,68,70,43,64,38,48,19,36,25,46,17,26,27,33,45,14,21,39,44,53,52,47,51,69,2,8,15,
4to 1:1,2,3,7,8,9,11,12,14,15,16,17,19,21,22,27,29,30,33,34,37,38,39,41,42,45,46,47,48,49,53,56,58,59,61,62,65,67,68,69,43,31,25,64,52,6,66,18,24,70,13,23,36,26,51,63,32,28,5,55,20,
4to 2:1,2,4,8,10,12,14,15,17,18,19,21,24,25,27,28,29,30,33,34,35,36,37,38,42,43,44,45,49,55,56,57,58,61,62,65,67,69,66,20,26,70,13,64,32,39,31,63,7,50,59,52,16,53,23,40,5,9,51,
4to 3:2,3,4,6,8,9,10,12,13,16,18,19,20,21,22,23,24,27,28,29,31,32,33,34,35,39,41,42,45,46,47,48,49,50,56,59,61,62,63,64,65,67,68,69,25,40,7,30,15,5,26,53,38,51,52,60,14,55,44,37,57,70,
4to 4:
4to 5:1,2,3,4,5,6,7,8,9,10,11,12,15,17,19,21,22,24,27,28,29,33,34,35,38,39,41,43,44,45,46,47,48,50,55,56,58,62,64,65,68,69,14,59,40,31,52,32,53,57,37,49,23,63,61,18,25,42,60,66,13,30,26,51,70,16,20,67,
4to 6:1,2,4,8,12,13,17,18,19,21,24,27,28,29,31,33,34,35,36,38,40,42,43,44,45,46,47,48,50,56,58,60,61,62,63,65,67,69,23,59,53,16,5,25,52,9,20,37,7,39,55,49,57,64,14,6,30,32,66,26,51,15,
4to 7:1,2,4,5,6,7,9,11,12,15,19,20,21,22,24,27,28,29,31,33,34,35,36,38,43,44,45,46,47,48,49,50,52,53,55,58,61,62,63,64,65,68,69,41,54,17,25,42,23,70,14,39,51,59,40,8,66,37,60,57,30,16,67,
5to 1:3,5,6,7,11,13,15,17,19,20,22,23,26,28,29,30,32,34,35,38,40,42,43,46,47,48,49,50,51,52,55,58,59,60,63,68,10,37,21,8,33,62,70,18,24,67,66,2,12,1,65,9,45,25,16,14,31,27,41,61,69,
5to 2:1,3,4,5,7,11,13,15,17,19,20,23,24,26,29,32,33,35,37,38,40,42,43,45,47,48,49,51,52,53,56,57,58,59,60,61,63,64,66,69,70,16,21,34,10,25,27,14,67,2,31,65,18,55,12,39,62,
5to 3:1,2,4,5,6,7,11,12,15,16,17,19,20,21,22,23,26,27,29,32,33,34,35,38,41,44,45,48,49,50,51,52,53,56,57,58,59,62,63,64,66,69,70,8,9,18,65,10,42,24,61,67,14,43,31,3,39,40,47,25,37,55,
5to 4:1,2,3,5,6,7,9,10,11,15,16,17,19,20,21,22,23,24,26,27,29,30,32,34,35,38,40,41,43,44,46,47,48,50,51,52,54,55,56,57,58,59,60,63,64,67,68,69,70,18,62,12,39,37,25,14,42,8,66,33,61,45,31,65,53,
5to 5:
5to 6:1,2,3,4,5,6,7,9,11,15,16,17,19,20,23,26,29,33,35,38,39,41,43,47,48,49,50,51,52,53,57,58,59,60,63,64,68,70,24,67,62,40,55,22,61,14,8,12,31,37,42,30,18,21,27,34,45,10,66,65,69,25,
5to 7:1,5,7,9,11,12,15,16,17,19,20,21,22,23,24,25,26,29,31,32,34,35,37,38,41,42,43,47,48,49,50,51,52,54,55,59,63,68,69,58,53,65,70,40,18,67,8,10,27,39,45,61,66,33,62,2,14,
6to 1:1,2,3,4,7,8,10,12,14,20,21,23,26,27,33,38,39,40,42,44,47,49,51,56,58,59,61,62,64,67,11,18,9,41,69,37,19,13,53,48,65,36,5,70,25,46,22,31,16,24,52,43,55,29,15,45,68,
6to 2:1,2,4,5,7,8,10,14,16,17,18,19,20,23,26,27,28,29,33,34,36,37,39,42,48,51,55,58,59,61,62,64,66,67,13,40,24,15,31,69,44,65,70,53,30,35,43,9,21,60,25,6,38,49,45,56,52,
6to 3:1,2,4,7,9,10,12,14,15,18,19,20,21,23,25,26,27,28,31,33,34,35,36,38,45,50,51,52,59,60,61,62,65,66,67,68,70,56,13,69,16,41,24,39,48,55,22,40,5,42,29,53,30,17,46,49,37,44,
6to 4:2,3,4,12,19,20,21,23,26,27,28,30,33,34,35,39,40,42,45,47,48,49,51,56,57,58,59,60,62,63,64,65,67,68,70,44,9,25,14,37,16,52,53,69,5,7,13,15,22,29,66,41,43,31,46,36,24,61,18,55,
6to 5:1,3,5,7,8,9,10,12,13,20,23,26,27,28,31,33,40,42,47,48,50,51,52,60,62,67,61,18,22,6,24,21,38,2,25,43,58,37,55,44,30,16,39,45,69,66,11,56,14,29,35,41,15,19,68,53,70,65,
6to 6:
6to 7:1,2,5,7,8,10,12,14,19,20,21,23,26,27,28,31,36,42,45,46,47,48,49,50,51,52,55,56,59,60,62,65,67,69,70,39,53,61,22,66,25,30,38,16,24,35,18,9,37,40,41,44,68,17,58,29,15,
7to 1:1,3,4,5,6,7,8,9,11,12,15,18,19,20,21,22,24,25,26,28,29,30,31,32,33,34,36,37,43,45,47,48,49,51,52,54,55,60,62,63,65,66,67,69,70,16,35,59,27,53,58,68,41,40,46,17,2,14,39,42,23,50,
7to 2:2,5,7,9,12,14,15,16,18,19,21,23,24,25,26,29,31,33,35,36,37,38,39,40,42,43,44,45,48,52,54,55,58,60,62,63,67,69,70,59,49,51,1,41,20,17,27,4,32,13,8,66,64,65,61,53,57,11,
7to 3:1,2,4,5,6,7,8,15,18,19,21,22,23,24,25,26,27,29,31,34,37,38,45,46,47,49,50,51,52,54,59,62,63,65,68,69,70,48,14,40,17,44,13,42,61,58,41,66,33,64,16,20,32,53,35,36,39,67,
7to 4:1,2,3,4,5,6,7,9,12,14,15,17,18,19,20,23,24,25,26,27,29,30,31,32,34,38,43,44,45,46,47,48,49,50,51,52,54,55,60,61,62,63,64,66,68,69,37,33,8,59,41,56,11,40,53,65,67,13,22,35,39,58,42,16,
7to 5:2,3,4,5,6,10,12,15,16,19,20,21,22,23,24,25,26,30,31,34,38,45,47,48,50,51,52,54,55,58,61,62,64,67,69,70,42,53,9,18,40,14,66,59,65,68,8,1,27,35,33,41,37,39,17,
7to 6:2,4,5,12,15,18,19,21,24,25,26,31,34,37,38,39,40,44,45,47,48,49,50,51,52,54,55,60,62,63,65,66,69,41,53,23,1,42,27,29,59,33,36,9,35,61,58,67,64,14,22,56,13,7,8,20,16,17,
7to 7:

cell1:6,2,7,3,5,4,
cell2:1,3,6,7,5,4,
cell3:6,2,7,4,5,1,
cell4:7,3,5,2,1,6,
cell5:2,1,6,7,3,4,
cell6:4,3,1,5,2,7,
cell7:5,6,2,1,4,3,
