machine1:0,52,49,48,17,46,58,25,7,9,43,67,66,30,69,24,47,53,38,41,55,5,20,45,51,13,11,36,32,40,33,68,19,1,22,34,23,15,10,2,18,27,63,4,
machine2:0,49,61,29,37,48,65,46,31,58,25,7,9,43,67,14,60,8,69,24,53,39,38,70,54,41,55,20,45,26,21,51,13,44,16,36,50,32,68,19,34,23,15,10,2,18,62,63,4,
machine3:0,52,49,29,37,48,17,65,46,31,25,7,43,67,14,66,30,8,69,24,39,70,54,41,55,64,45,26,21,11,42,16,36,50,32,40,12,33,68,19,35,56,18,62,59,
machine4:0,52,49,37,65,31,58,7,9,66,30,8,69,39,38,70,54,41,55,5,20,64,45,26,51,44,11,42,36,32,40,12,33,68,35,1,15,3,10,6,2,18,27,63,
machine5:0,52,49,29,48,17,65,31,58,25,7,43,67,14,8,47,38,70,55,5,20,64,45,21,13,28,42,16,36,50,40,12,33,68,19,34,56,3,6,2,62,27,63,4,59,
machine6:0,52,49,61,29,48,65,25,7,43,67,14,60,8,54,55,64,45,26,21,51,13,44,42,16,36,32,40,33,19,1,57,15,56,10,2,18,62,27,63,
machine7:0,52,49,61,29,48,17,65,31,58,7,9,67,66,30,8,69,47,53,39,38,54,55,20,64,45,26,21,51,28,11,16,32,40,12,33,19,34,15,2,18,27,63,59,
machine8:0,52,49,29,17,46,31,58,25,9,69,53,39,38,70,55,5,20,45,21,51,13,42,16,36,40,33,1,34,23,57,2,27,4,
machine9:0,52,49,29,37,48,31,58,25,7,67,66,60,8,24,53,39,38,70,54,41,55,20,64,26,21,44,28,11,42,36,50,40,12,33,19,1,23,15,56,3,10,6,2,63,59,
machine10:0,52,49,61,29,37,48,25,9,43,67,14,66,60,69,24,53,39,55,45,51,13,44,11,36,12,35,22,34,56,6,2,27,4,59,
machine11:0,52,49,17,65,31,58,25,7,9,43,67,14,66,30,8,39,38,70,41,55,5,64,26,21,51,13,44,11,16,32,22,34,56,10,18,62,27,4,59,
machine12:0,52,49,61,29,37,48,17,65,46,31,58,25,7,9,67,14,66,30,60,8,69,24,47,53,39,38,70,54,41,55,5,20,64,26,21,51,13,28,42,16,36,50,32,40,12,33,19,35,22,34,23,56,3,10,6,2,18,27,63,4,59,
machine13:0,52,49,61,29,37,48,17,65,46,31,58,25,9,43,67,14,30,60,8,69,24,47,53,39,38,70,41,55,5,20,45,26,21,51,13,44,11,42,16,36,50,32,40,12,33,68,19,35,1,34,23,57,15,3,10,6,2,18,62,27,63,59,
machine14:0,52,49,61,29,37,48,17,65,46,31,25,7,9,43,14,66,30,60,8,69,24,47,53,39,70,54,41,55,5,20,64,45,26,21,51,13,44,28,11,42,16,36,50,32,40,12,33,68,19,35,1,22,34,15,56,3,6,2,18,62,27,63,4,59,
machine15:0,52,49,61,29,37,48,17,65,46,31,58,25,7,9,43,67,14,66,30,60,8,69,24,47,53,39,38,70,54,41,55,5,20,64,45,26,51,13,44,28,42,16,36,50,32,40,12,33,68,19,35,1,34,23,57,56,3,10,6,2,62,27,63,4,59,
machine16:0,52,49,61,29,37,48,17,65,31,58,7,9,43,67,66,30,8,69,24,47,53,39,38,70,54,41,55,20,45,26,21,51,44,28,11,42,16,32,12,33,68,19,35,1,22,34,23,15,56,10,2,18,27,4,59,
machine17:0,52,49,61,29,37,48,17,46,31,58,25,7,9,43,67,14,66,30,60,8,69,24,47,53,39,38,70,41,55,5,20,64,26,21,13,11,42,16,50,32,40,12,33,68,19,35,1,34,23,57,15,3,10,6,2,18,62,27,63,
machine18:0,52,49,61,29,37,48,17,65,46,31,58,25,43,67,14,66,30,60,8,24,47,53,39,38,70,54,41,55,5,20,45,21,51,13,44,42,16,50,32,40,12,33,19,1,22,23,57,56,3,10,6,2,18,62,27,63,4,59,
machine19:0,52,49,61,29,37,48,17,65,46,31,58,25,7,9,43,67,14,66,30,60,8,69,24,47,53,39,38,70,54,41,55,5,20,64,45,26,21,51,13,44,28,11,42,16,36,50,32,40,12,33,68,19,35,1,22,34,23,57,15,56,3,10,6,2,18,62,27,63,4,59,
machine20:0,52,49,61,29,37,48,17,65,46,31,58,25,7,9,43,67,14,66,30,60,8,69,24,47,53,39,38,70,54,41,55,5,20,64,45,26,21,51,13,44,28,11,42,16,36,50,32,40,12,33,68,19,35,1,22,34,23,57,15,56,3,10,6,2,18,62,27,63,4,59,

1to 1:
1to 2:1,4,5,10,14,15,17,18,20,23,24,25,37,38,41,42,44,51,53,54,56,59,62,66,70,2,7,12,13,16,21,22,26,27,31,32,33,36,43,45,48,49,52,55,58,64,65,67,34,11,19,63,6,
1to 3:1,3,4,5,6,7,10,14,15,16,20,22,25,26,29,34,35,37,38,39,41,42,46,48,54,56,58,59,62,65,67,69,2,12,18,19,21,24,27,31,32,33,36,40,43,49,50,51,52,53,55,64,66,70,68,63,11,23,28,
1to 4:1,2,4,5,6,7,12,13,15,16,17,18,20,22,25,30,33,34,35,36,38,39,40,42,46,47,50,58,62,67,68,70,8,9,14,21,24,27,29,31,32,41,43,44,45,48,49,51,52,53,55,59,61,64,65,66,69,19,63,23,54,11,
1to 5:1,4,5,7,8,9,10,11,13,14,17,18,20,25,30,31,33,34,38,39,40,42,47,49,53,56,59,61,62,63,68,69,2,3,12,16,19,21,24,27,32,37,41,43,44,45,46,48,50,52,55,58,60,64,65,66,67,70,6,22,54,23,
1to 6:1,4,5,8,13,15,17,20,21,25,32,33,34,35,38,42,44,49,51,62,67,68,70,2,7,9,14,16,18,19,24,27,29,31,36,37,40,41,43,45,46,48,50,52,53,55,58,59,60,64,65,66,69,26,23,22,11,28,
1to 7:4,5,7,8,12,14,15,18,19,20,25,27,29,30,33,34,35,38,39,42,47,49,54,55,58,59,62,65,68,69,1,2,9,13,16,17,21,22,24,26,36,37,40,41,45,46,48,50,51,52,53,61,63,66,67,70,23,32,60,56,11,
2to 1:1,3,5,6,8,9,10,13,14,18,19,20,23,24,25,28,29,30,32,35,37,38,39,40,41,43,45,46,51,52,54,61,62,64,65,67,69,70,2,7,12,16,17,21,26,27,31,33,34,36,48,49,50,55,58,59,63,66,15,11,4,
2to 2:
2to 3:1,5,6,9,10,11,12,13,14,18,19,20,23,24,25,28,29,31,32,33,37,38,39,40,41,42,43,44,46,47,51,53,54,55,56,57,58,62,64,65,66,70,2,7,15,16,17,21,26,27,34,36,45,48,49,52,63,67,69,4,59,
2to 4:2,3,6,7,8,9,11,12,14,18,19,20,21,22,23,24,25,28,29,31,32,33,37,38,41,42,44,46,48,52,54,55,56,60,61,62,63,64,65,69,70,15,16,17,26,27,30,34,39,40,45,49,50,51,53,58,59,66,67,13,4,
2to 5:1,3,6,8,9,14,18,19,23,24,25,26,28,29,30,31,32,33,37,38,40,41,42,43,44,48,51,52,53,54,55,56,57,59,61,63,64,65,66,67,69,70,2,5,7,13,16,17,20,21,27,34,39,45,49,50,58,4,15,10,11,
2to 6:1,2,9,10,11,14,18,19,22,23,24,27,28,29,31,34,35,36,37,38,40,41,42,44,46,48,52,55,57,61,62,63,64,65,67,5,7,16,17,20,21,25,26,33,39,45,49,50,51,53,58,66,69,70,59,60,4,15,13,
2to 7:1,6,8,9,10,13,15,16,18,19,20,23,24,25,28,30,31,32,33,35,36,37,39,41,42,46,48,54,56,58,61,65,67,70,2,5,7,12,17,21,26,27,29,34,44,45,49,50,51,52,53,55,66,69,11,63,4,59,
3to 1:1,4,5,6,7,10,11,12,16,17,19,20,24,28,29,30,34,38,41,46,47,50,52,53,55,59,60,62,63,65,68,69,2,14,18,21,25,26,27,31,32,36,37,40,42,43,44,45,48,49,51,58,64,67,70,22,13,3,
3to 2:1,4,7,9,10,12,13,15,16,18,19,20,24,25,30,33,34,35,38,41,44,47,48,52,55,58,59,61,62,63,65,70,2,5,14,17,21,26,27,29,31,36,37,39,40,43,45,49,51,53,64,67,69,32,56,
3to 3:
3to 4:1,4,5,6,7,9,12,13,15,16,19,20,23,24,25,33,34,35,38,39,44,45,53,54,55,58,59,61,67,69,2,8,14,17,18,26,27,29,30,31,32,36,37,40,41,42,43,46,47,48,49,50,51,52,64,63,3,57,56,62,
3to 5:1,4,6,7,9,10,11,12,13,15,16,19,20,23,24,25,30,33,34,35,41,46,49,50,52,54,55,57,58,59,61,63,68,70,2,8,14,17,18,21,26,27,29,32,37,38,39,40,42,43,45,48,51,53,64,67,69,47,62,3,
3to 6:1,2,4,5,6,7,10,12,13,15,16,18,19,20,22,24,26,27,29,34,35,41,46,47,50,51,52,53,55,57,59,60,62,64,65,67,70,9,14,21,25,31,36,37,38,39,40,42,43,44,45,48,49,61,69,23,68,63,
3to 7:3,4,5,6,7,9,10,12,15,16,19,20,23,24,29,30,33,35,40,41,44,49,50,56,58,62,63,65,66,67,68,2,8,14,17,18,21,25,26,27,31,36,37,38,39,42,43,45,46,48,51,52,53,61,64,69,70,47,
4to 1:1,2,3,7,8,9,11,12,13,15,16,17,21,22,29,30,32,33,34,37,38,39,41,42,47,48,49,56,58,59,62,67,68,69,5,14,18,19,20,24,25,26,27,31,36,43,45,46,51,52,53,55,61,64,65,66,70,63,23,6,28,
4to 2:1,2,8,9,10,12,13,14,17,18,19,21,24,25,26,28,29,30,31,32,33,34,35,36,37,38,42,43,44,49,51,56,57,58,61,62,67,69,5,7,15,16,20,27,39,40,45,50,52,53,55,64,65,66,70,63,59,4,23,
4to 3:2,3,6,8,9,10,12,13,15,16,18,20,21,22,23,27,28,31,32,33,34,35,37,39,42,45,46,47,48,49,50,56,59,62,63,64,65,67,68,69,5,7,14,19,24,25,26,29,30,38,40,41,44,51,52,53,55,61,70,60,4,57,
4to 4:
4to 5:1,2,3,4,5,6,7,9,10,11,12,13,16,17,21,22,28,29,32,33,34,35,37,38,39,43,44,46,47,48,50,56,58,62,64,68,69,8,14,18,19,20,24,25,26,27,30,31,40,41,42,45,49,51,52,53,55,59,61,65,66,67,70,60,15,63,57,23,
4to 6:1,2,8,9,12,13,17,18,21,27,28,29,31,32,33,34,35,36,37,38,40,42,43,44,45,46,47,48,50,53,56,58,60,62,63,65,67,69,5,7,14,15,16,20,23,24,25,30,39,49,51,52,55,59,61,64,66,26,19,57,4,6,
4to 7:1,2,4,5,6,7,9,11,12,17,20,21,22,27,28,29,31,33,34,35,36,37,38,43,44,45,46,47,48,49,50,55,58,62,63,64,65,68,69,8,14,16,19,24,25,30,39,40,41,42,51,52,53,60,61,66,67,70,59,23,54,15,57,
5to 1:3,5,6,7,11,13,14,15,17,19,22,23,25,26,28,29,30,32,34,35,38,40,42,43,46,47,48,49,50,51,52,58,59,61,63,66,67,69,70,2,8,9,10,12,16,18,20,21,24,27,31,33,37,41,45,55,60,65,1,62,68,
5to 2:1,3,4,5,7,11,13,14,15,17,19,20,23,24,25,26,29,32,33,35,37,38,40,42,43,45,47,48,51,53,56,58,59,61,63,64,65,66,67,69,70,2,10,12,16,18,21,27,31,34,39,49,52,55,60,57,62,
5to 3:1,2,4,5,6,7,8,11,12,14,15,16,17,19,20,21,22,23,27,29,32,33,34,35,38,40,41,42,44,45,48,50,51,52,53,55,56,57,58,59,61,62,63,64,65,66,69,70,9,18,24,25,26,31,37,39,43,49,67,10,47,3,
5to 4:1,2,3,5,6,7,8,9,10,11,14,15,17,19,20,21,23,24,25,26,27,29,30,32,34,35,38,40,42,43,44,46,47,48,50,51,53,54,56,57,58,59,60,63,64,65,66,69,70,12,16,18,31,33,37,39,41,45,52,55,61,67,62,22,68,
5to 5:
5to 6:1,2,3,4,5,6,7,8,9,11,15,17,19,20,23,25,26,29,33,35,38,39,40,41,42,43,47,48,50,51,53,57,58,59,63,64,66,68,69,70,12,14,16,18,21,24,27,30,31,34,37,45,49,52,55,60,61,65,67,22,62,10,
5to 7:1,5,7,9,11,12,14,15,17,19,21,22,23,24,25,26,29,31,32,34,35,37,38,40,43,47,48,49,50,51,53,54,59,63,67,69,70,2,8,16,18,20,27,33,39,41,42,45,52,55,58,61,65,66,68,10,62,
6to 1:1,2,3,4,7,8,10,11,12,18,20,21,23,26,27,33,36,37,38,40,41,42,44,45,47,48,49,55,56,58,59,61,62,64,65,67,5,9,14,16,19,24,25,29,31,39,43,46,51,52,53,69,70,22,13,15,68,
6to 2:1,2,4,5,6,7,8,10,16,17,18,19,20,23,24,27,28,29,34,36,37,38,40,42,43,45,48,52,55,58,60,61,62,64,65,66,67,9,13,14,15,21,25,26,30,31,33,39,44,49,51,53,69,70,59,35,56,
6to 3:2,4,7,9,10,12,13,15,18,19,20,21,23,24,25,26,27,28,29,31,33,34,35,36,37,38,40,41,45,48,50,52,53,55,59,60,61,62,65,66,67,68,70,5,14,16,17,22,30,39,42,44,46,49,51,69,56,1,
6to 4:2,3,4,12,13,18,19,20,21,23,24,26,27,28,30,33,34,35,36,37,39,40,41,42,43,44,45,47,48,49,51,55,56,57,58,59,60,62,63,64,65,66,67,68,69,70,5,7,9,14,15,16,22,25,29,31,46,52,53,61,
6to 5:2,3,5,6,7,8,9,10,11,12,18,20,23,24,26,27,28,31,38,40,41,42,43,44,45,47,48,50,51,52,55,60,62,65,66,67,1,14,16,19,21,22,25,29,30,33,37,39,53,58,61,69,70,13,15,68,56,35,
6to 6:
6to 7:2,5,7,8,10,12,14,18,19,20,21,23,24,26,27,28,31,36,37,38,40,41,42,45,46,47,48,49,50,52,55,56,60,61,62,65,66,67,70,1,9,16,17,25,29,30,39,44,51,53,58,59,69,22,68,15,35,
7to 1:1,2,3,4,5,6,7,8,9,12,14,15,16,17,18,19,20,21,22,23,24,25,26,28,29,30,31,32,33,34,36,37,43,45,46,47,48,49,51,52,53,54,55,60,62,63,65,67,69,70,27,39,40,41,42,50,58,59,66,68,11,35,
7to 2:2,5,7,12,13,14,15,16,18,19,21,23,24,25,26,29,31,33,35,36,37,38,39,40,42,43,44,45,48,51,52,54,55,57,58,60,62,63,64,69,70,1,8,9,17,20,27,32,41,49,53,59,61,65,66,67,4,11,
7to 3:1,2,4,5,6,7,8,13,14,15,16,18,19,21,22,23,24,25,26,27,29,31,34,37,38,45,46,47,49,50,51,52,54,59,62,63,64,65,66,68,69,70,17,20,33,36,39,40,41,42,44,48,53,58,61,67,32,35,
7to 4:1,2,3,4,5,6,7,9,12,13,14,15,16,18,19,20,22,23,24,25,26,27,29,30,31,32,34,37,38,43,44,45,46,47,48,49,50,51,52,54,55,60,61,62,63,64,66,67,68,69,8,17,33,39,40,41,42,53,58,59,65,11,56,35,
7to 5:2,3,4,5,6,8,10,12,14,15,16,19,20,21,22,23,24,25,26,30,31,34,37,38,45,47,48,50,51,52,54,55,58,61,62,64,67,69,70,9,17,18,27,33,39,40,41,42,53,59,65,66,68,1,35,
7to 6:2,4,5,12,13,14,15,16,17,18,19,21,22,23,24,25,26,31,34,37,38,39,40,41,44,45,47,48,49,50,51,52,54,55,60,62,63,64,65,67,69,1,7,8,9,20,27,29,33,36,42,53,58,59,61,66,56,35,
7to 7:

cell1:7,6,2,3,5,4,
cell2:4,7,1,3,6,5,
cell3:7,2,5,1,6,4,
cell4:5,3,7,2,6,1,
cell5:1,6,4,3,7,2,
cell6:4,3,1,2,7,5,
cell7:2,3,5,6,1,4,
