machine1:0,51,66,4,36,41,2,32,52,20,5,7,48,49,23,9,11,45,17,40,55,58,38,63,67,69,30,53,22,33,18,27,34,68,43,46,47,25,1,15,19,24,13,10,
machine2:0,51,61,26,4,36,41,2,32,65,20,7,31,48,29,8,16,49,23,39,9,45,14,55,58,70,38,37,63,67,69,53,60,18,34,68,43,46,21,25,62,15,19,44,50,24,13,10,54,
machine3:0,26,42,66,36,41,35,32,65,52,59,7,31,48,29,8,16,49,39,11,45,14,17,40,55,70,37,67,69,30,33,18,68,43,46,64,21,25,62,12,19,50,24,56,54,
machine4:0,51,26,42,66,36,41,35,2,32,65,52,20,5,7,31,8,49,39,9,11,45,40,55,58,70,38,37,63,69,30,33,18,27,68,64,6,1,12,15,44,3,10,54,
machine5:0,42,4,36,2,65,52,20,59,5,7,31,48,29,8,16,49,45,14,17,40,55,58,70,38,63,67,33,27,34,68,43,47,64,6,21,25,62,12,19,50,56,3,13,28,
machine6:0,51,61,26,42,36,2,32,65,52,7,48,29,8,16,49,57,45,14,40,55,63,67,33,60,18,27,43,64,21,25,62,1,15,19,44,56,13,10,54,
machine7:0,51,61,26,66,2,32,65,52,20,59,7,31,48,29,8,16,49,39,9,11,45,17,40,55,58,38,63,67,69,30,53,33,18,27,34,47,64,21,12,15,19,28,54,
machine8:0,51,42,4,36,2,52,20,5,31,29,16,49,57,23,39,9,45,17,40,55,58,70,38,69,53,33,27,34,46,21,25,1,13,
machine9:0,26,42,66,36,41,2,52,20,59,7,31,48,29,8,49,23,39,11,40,55,58,70,38,37,63,67,53,33,60,64,6,21,25,1,12,15,19,44,50,24,56,3,28,10,54,
machine10:0,51,61,66,4,36,35,2,52,59,48,29,49,39,9,11,45,14,55,37,67,69,53,22,60,27,34,43,6,25,12,44,24,56,13,
machine11:0,51,26,66,4,41,32,65,52,59,5,7,31,8,16,49,39,9,11,14,17,55,58,70,38,67,30,22,18,27,34,43,64,21,25,62,44,56,13,10,
machine12:0,51,61,26,42,66,4,36,41,35,2,32,65,52,20,59,5,7,31,48,29,8,16,49,23,39,9,14,17,40,55,58,70,38,37,63,67,69,30,53,22,33,60,18,27,34,46,47,64,6,21,25,12,19,50,24,56,3,13,28,10,54,
machine13:0,51,61,26,42,36,41,35,2,32,65,52,20,59,5,31,48,29,8,16,49,57,23,39,9,11,45,14,17,40,55,58,70,38,37,63,67,69,30,53,33,60,18,27,34,68,43,46,47,6,21,25,62,1,12,15,19,44,50,24,3,13,10,
machine14:0,51,61,26,42,66,4,36,41,35,2,32,65,52,20,59,5,7,31,48,29,8,16,49,39,9,11,45,14,17,40,55,70,37,63,69,30,53,22,33,60,18,27,34,68,43,46,47,64,6,21,25,62,1,12,15,19,44,50,24,56,3,13,28,54,
machine15:0,51,61,26,42,66,4,36,41,35,2,32,65,52,20,59,5,7,31,48,29,8,16,49,57,23,39,9,45,14,17,40,55,58,70,38,37,63,67,69,30,53,33,60,27,34,68,43,46,47,64,6,25,62,1,12,19,44,50,24,56,3,13,28,10,54,
machine16:0,51,61,26,42,66,4,41,35,2,32,65,52,20,59,7,31,48,29,8,16,49,23,39,9,11,45,17,55,58,70,38,37,67,69,30,53,22,33,18,27,34,68,43,47,21,1,12,15,19,44,24,56,28,10,54,
machine17:0,61,26,42,66,41,35,2,32,52,20,5,7,31,48,29,8,16,49,57,23,39,9,11,14,17,40,55,58,70,38,37,63,67,69,30,53,33,60,18,27,34,68,43,46,47,64,6,21,25,62,1,12,15,19,50,24,3,13,10,
machine18:0,51,61,42,66,4,41,2,32,65,52,20,59,5,31,48,29,8,16,49,57,23,39,45,14,17,40,55,58,70,38,37,63,67,30,53,22,33,60,18,27,43,46,47,6,21,25,62,1,12,19,44,50,24,56,3,13,10,54,
machine19:0,51,61,26,42,66,4,36,41,35,2,32,65,52,20,59,5,7,31,48,29,8,16,49,57,23,39,9,11,45,14,17,40,55,58,70,38,37,63,67,69,30,53,22,33,60,18,27,34,68,43,46,47,64,6,21,25,62,1,12,15,19,44,50,24,56,3,13,28,10,54,
machine20:0,51,61,26,42,66,4,36,41,35,2,32,65,52,20,59,5,7,31,48,29,8,16,49,57,23,39,9,11,45,14,17,40,55,58,70,38,37,63,67,69,30,53,22,33,60,18,27,34,68,43,46,47,64,6,21,25,62,1,12,15,19,44,50,24,56,3,13,28,10,54,

1to 1:
1to 2:1,4,5,7,10,14,15,16,17,18,21,23,24,25,26,27,31,34,37,38,41,42,44,51,53,54,55,56,59,62,63,64,66,70,2,67,52,48,49,36,45,58,65,33,20,43,12,32,22,13,19,11,6,
1to 3:1,3,4,5,6,7,10,14,15,16,21,22,23,25,26,29,31,32,34,35,37,38,39,40,41,42,46,48,49,50,51,53,54,56,58,59,62,63,65,66,67,69,70,27,52,2,55,36,33,18,43,12,24,20,19,64,68,11,28,
1to 4:1,2,4,5,6,7,8,9,12,13,14,15,16,17,18,20,21,22,23,25,30,33,34,35,36,38,39,41,42,46,47,48,49,50,51,53,58,59,61,62,63,67,68,69,70,55,40,52,27,31,29,45,43,65,44,66,24,64,11,32,19,54,
1to 5:1,4,5,7,8,9,10,12,13,14,16,17,18,21,23,25,30,31,33,34,38,39,40,42,47,48,49,50,53,55,56,59,61,62,63,68,69,70,67,2,27,52,45,41,37,43,65,44,20,66,58,24,46,60,19,64,32,3,6,22,54,11,
1to 6:1,4,5,7,8,9,13,14,15,16,17,19,21,23,25,26,27,31,32,33,34,35,36,38,40,42,44,45,49,51,53,55,58,59,62,64,66,67,68,69,70,52,2,48,29,41,37,18,43,50,65,24,46,20,60,11,22,28,
1to 7:4,5,7,8,11,12,14,15,16,17,18,19,21,23,25,26,29,30,33,34,35,38,39,40,41,42,47,48,49,50,51,53,54,55,58,59,61,62,63,65,68,69,70,52,27,67,2,9,45,36,37,66,24,20,46,32,13,1,22,60,56,
2to 1:1,3,5,6,8,9,10,11,13,14,16,17,18,19,20,23,24,25,26,28,29,30,32,33,34,35,37,38,39,40,41,43,45,46,51,52,54,58,61,62,64,65,67,69,27,49,2,55,31,48,36,7,66,12,21,50,63,59,70,15,4,
2to 2:
2to 3:5,6,9,10,11,12,13,16,18,19,20,23,24,25,28,29,33,38,39,40,41,42,43,44,46,47,51,53,54,56,57,58,62,64,65,70,14,55,52,67,2,48,49,27,36,31,45,37,17,69,21,66,34,7,32,26,63,15,1,4,59,
2to 4:2,3,6,8,9,11,12,14,16,17,18,19,20,21,22,23,24,25,26,28,29,30,31,33,34,37,38,39,41,42,44,46,48,52,54,56,58,60,61,62,63,64,65,69,67,40,49,27,53,55,51,45,7,66,32,70,50,15,59,4,13,
2to 5:3,6,8,9,11,18,19,20,23,24,25,26,28,29,30,31,32,33,34,38,40,41,42,43,44,48,51,52,53,54,56,57,58,59,61,63,64,65,67,69,70,27,2,14,16,55,49,39,45,17,66,7,37,50,21,5,13,1,4,15,10,
2to 6:1,2,9,10,11,14,17,18,19,20,22,23,24,25,26,27,28,29,33,34,35,36,38,39,40,41,42,44,46,48,52,53,55,57,58,62,63,64,65,67,16,49,31,61,45,51,69,37,66,5,50,7,21,70,59,60,4,13,15,
2to 7:6,8,9,10,11,13,15,16,18,19,20,23,24,25,28,30,31,33,34,35,36,39,41,42,46,48,54,55,56,58,61,65,67,70,27,52,53,2,49,29,51,45,17,37,44,50,7,69,26,66,5,12,21,1,4,63,32,59,
3to 1:1,4,5,6,7,10,12,16,19,20,22,24,26,28,29,30,31,32,34,38,41,42,45,46,47,50,52,53,55,59,60,62,63,65,68,69,70,67,14,2,49,27,40,48,51,18,58,36,44,21,25,37,17,43,64,11,13,3,
3to 2:1,4,5,7,9,10,12,13,14,15,18,19,20,24,25,26,30,31,32,35,38,39,41,43,44,45,47,48,52,56,58,59,61,62,63,65,67,70,2,27,16,40,53,55,36,49,51,29,69,21,17,37,33,64,34,
3to 3:
3to 4:1,4,5,6,7,9,12,13,15,16,19,20,23,24,25,26,30,31,32,34,35,36,38,39,42,44,45,52,53,54,55,56,58,59,67,69,40,14,27,2,48,8,29,49,51,33,43,61,41,17,37,18,50,47,64,46,63,3,57,62,
3to 5:1,4,6,7,9,10,12,13,15,16,19,23,24,25,26,30,32,33,34,35,39,41,42,46,49,50,52,54,57,58,59,61,63,68,70,67,55,14,53,2,27,48,40,8,45,51,18,37,17,43,29,38,21,64,69,20,62,47,11,3,
3to 6:1,2,4,5,6,7,10,12,13,15,16,18,19,22,23,24,26,27,29,31,34,35,42,46,47,50,51,52,53,57,59,60,61,62,64,65,67,70,55,40,14,48,9,49,39,41,37,36,43,45,25,44,21,20,38,69,68,63,
3to 7:3,4,5,6,7,9,10,12,14,15,16,19,20,23,24,26,29,30,31,35,37,39,40,42,44,49,50,52,56,58,62,63,65,66,67,68,70,27,2,53,61,48,36,43,45,8,18,33,41,25,17,51,38,46,21,64,69,47,
4to 1:1,2,3,7,8,9,12,14,15,16,17,21,22,24,29,30,32,36,37,38,39,41,42,45,46,47,48,49,53,56,58,59,61,62,65,67,68,69,27,52,31,55,43,18,51,25,33,66,34,70,5,64,20,26,19,13,11,63,23,6,28,
4to 2:1,2,10,12,14,17,18,19,21,24,26,28,30,31,32,33,34,35,36,37,38,42,44,45,49,51,52,57,58,61,62,65,69,67,27,55,16,40,53,39,8,9,29,43,25,20,66,70,7,5,50,13,64,15,63,59,4,23,56,
4to 3:2,3,6,8,9,10,12,13,15,16,18,20,21,22,23,24,27,28,31,32,33,35,42,44,45,46,47,48,49,50,53,59,61,62,63,65,67,68,69,40,52,55,14,39,29,25,51,41,30,7,5,37,38,26,19,70,64,34,56,60,4,57,
4to 4:
4to 5:1,2,3,4,5,6,7,8,9,10,11,12,17,21,22,24,28,29,32,33,34,35,38,39,44,45,46,47,48,50,58,62,64,65,68,69,40,53,52,55,14,67,49,16,31,27,61,41,43,18,51,25,37,66,30,42,19,70,20,59,26,15,60,63,13,57,23,56,
4to 6:1,2,8,12,13,17,18,21,24,27,28,29,31,32,34,35,36,38,40,42,43,44,45,46,47,48,50,53,56,58,60,61,62,63,65,67,69,16,52,55,14,49,9,39,37,25,33,5,51,66,20,7,30,59,64,15,23,26,19,57,4,6,
4to 7:1,2,4,5,6,7,9,12,20,21,22,24,27,28,29,31,33,34,35,36,38,43,44,45,46,47,48,49,50,52,53,55,58,61,62,63,64,65,68,69,40,14,67,16,39,8,51,41,17,25,37,42,66,30,70,19,60,59,23,11,54,15,57,
5to 1:1,3,5,6,7,11,13,15,17,19,25,26,28,29,30,32,34,35,38,40,42,43,47,48,50,51,52,58,59,63,66,67,2,49,16,55,27,14,8,9,33,18,31,37,45,61,21,41,70,20,65,12,24,60,69,46,10,62,68,22,23,
5to 2:1,3,4,5,7,13,15,19,23,24,25,26,29,33,35,37,38,40,42,43,47,48,51,52,53,56,58,61,63,64,66,67,69,70,2,16,27,14,55,49,31,39,45,18,17,21,65,20,34,12,32,10,59,11,60,57,62,
5to 3:1,2,4,5,6,7,12,15,16,19,22,23,25,26,27,29,33,34,38,39,41,42,45,48,50,51,52,53,56,57,58,59,62,63,64,66,69,70,49,67,14,9,40,8,55,61,31,18,43,65,20,17,21,37,24,44,10,32,47,11,3,35,
5to 4:1,2,3,5,6,7,9,10,14,15,16,17,19,20,23,24,25,26,27,29,32,34,38,40,42,43,44,47,48,50,51,53,54,56,57,58,59,60,63,64,66,69,70,52,67,39,55,41,8,18,61,31,37,45,33,30,12,21,65,46,62,22,68,11,35,
5to 5:
5to 6:1,2,3,4,5,6,7,9,14,15,16,17,19,26,29,33,38,39,41,42,43,47,48,50,51,53,57,59,63,64,66,68,52,40,67,55,27,49,61,31,8,45,58,25,18,37,20,30,12,24,21,70,65,69,34,60,62,22,23,10,35,11,
5to 7:1,5,7,9,12,15,16,19,21,22,23,24,25,26,29,31,32,34,37,38,42,43,47,48,50,51,54,63,67,69,53,40,49,55,27,2,52,8,14,39,61,18,58,45,33,41,65,20,17,70,66,59,68,10,11,62,35,
6to 1:2,3,4,5,7,8,10,11,12,13,15,18,20,21,23,26,27,38,39,40,41,42,44,47,48,49,51,52,55,56,58,59,61,62,64,65,67,53,16,9,14,31,36,33,37,29,45,25,43,46,70,69,19,24,22,1,68,
6to 2:1,2,4,5,6,7,8,10,13,14,15,16,17,18,19,20,23,25,27,28,29,35,37,39,42,43,48,51,55,56,58,59,60,61,62,64,65,67,69,40,53,49,31,52,36,9,33,66,45,44,24,30,70,26,21,38,34,
6to 3:1,2,4,5,7,9,10,12,13,15,17,19,20,21,23,26,27,28,29,31,33,34,35,38,41,45,48,50,52,53,56,59,60,61,62,65,66,67,68,69,16,55,14,40,49,39,36,18,51,25,37,30,24,42,70,44,46,22,
6to 4:2,3,4,5,12,13,15,18,19,20,21,23,26,27,28,30,35,39,40,41,42,43,44,45,47,48,51,52,56,57,58,59,60,62,63,64,65,66,67,68,69,16,53,14,49,55,9,31,61,29,37,25,36,33,7,70,34,46,24,22,
6to 5:1,2,3,5,6,7,9,10,11,12,13,15,18,20,23,26,27,28,31,35,37,40,41,42,43,44,47,48,50,51,52,56,60,62,65,67,16,14,55,53,39,61,8,29,45,25,58,33,66,21,30,69,24,38,70,22,19,68,
6to 6:
6to 7:1,2,5,7,8,10,12,14,15,17,18,19,20,21,23,25,26,27,28,31,35,36,41,42,45,46,47,48,49,50,51,52,55,56,59,60,62,65,66,67,69,70,53,16,40,39,61,9,29,37,30,58,24,38,44,22,68,
7to 1:1,2,3,4,6,8,9,11,12,14,15,16,18,19,20,21,22,23,24,26,28,29,30,31,33,34,36,37,39,43,45,47,48,49,51,54,55,60,62,63,65,67,69,70,27,53,52,40,41,66,58,17,25,5,46,42,7,32,59,50,68,35,
7to 2:5,9,12,13,15,16,18,19,20,21,23,24,26,29,31,32,33,35,36,37,38,39,40,42,43,44,45,48,54,55,57,58,60,62,63,64,67,69,70,27,49,14,52,53,2,8,51,41,61,25,17,66,7,65,59,1,4,11,
7to 3:2,4,6,8,13,14,15,16,18,19,20,21,22,23,24,27,29,31,32,34,37,38,39,46,47,49,50,51,52,54,59,62,63,64,65,66,67,68,69,70,40,53,48,61,41,17,33,36,58,44,45,42,5,25,26,7,1,35,
7to 4:1,2,3,4,6,9,12,13,15,16,17,18,19,20,22,23,24,26,27,29,31,34,37,38,43,44,45,46,47,49,50,51,54,60,61,62,63,64,66,67,68,52,40,55,53,14,48,8,39,41,33,25,30,5,65,58,69,7,42,59,32,11,56,35,
7to 5:2,3,4,5,6,8,10,14,15,16,19,20,21,22,23,24,25,26,30,31,34,38,45,47,50,51,52,54,55,58,61,62,64,67,69,70,40,53,27,48,9,39,18,37,41,33,42,65,17,66,12,1,59,68,35,
7to 6:2,4,5,12,13,15,16,18,19,20,21,22,23,24,26,31,34,37,38,40,41,44,45,47,49,50,51,52,54,55,60,62,63,64,65,67,53,27,14,48,9,39,61,29,36,8,33,69,58,42,7,17,25,66,59,1,56,35,
7to 7:

cell1:4,7,2,3,5,6,
cell2:5,4,3,1,7,6,
cell3:2,1,5,4,6,7,
cell4:5,2,6,7,3,1,
cell5:7,2,6,3,4,1,
cell6:4,3,2,7,5,1,
cell7:2,6,5,4,3,1,
