machine1:0,36,24,40,51,55,67,7,63,46,53,5,69,11,18,25,27,20,45,30,38,58,48,17,2,52,23,43,49,41,9,13,66,33,47,15,68,4,19,34,22,10,1,32,
machine2:0,36,24,51,37,31,55,39,21,67,7,63,46,53,69,18,25,20,45,29,70,38,58,48,2,23,43,49,41,16,9,13,60,26,44,50,61,8,15,68,65,4,19,34,14,10,62,54,32,
machine3:0,36,24,40,37,31,55,39,21,67,7,46,69,11,18,25,45,30,29,70,48,17,52,43,49,42,41,16,26,66,33,50,8,64,56,68,65,19,35,14,59,12,62,54,32,
machine4:0,36,40,51,37,31,55,39,7,63,5,69,11,18,27,20,45,30,70,38,58,2,52,49,42,41,9,26,66,44,33,8,15,64,68,65,35,6,12,10,54,3,1,32,
machine5:0,36,40,31,55,21,67,7,63,5,25,27,20,45,29,70,38,58,48,17,2,52,43,49,42,16,13,33,47,50,8,64,56,68,65,4,19,34,14,59,6,12,28,62,3,
machine6:0,36,40,51,55,21,67,7,63,18,25,27,45,29,48,2,52,43,49,42,16,13,60,26,44,33,61,8,15,64,56,65,19,14,10,62,54,1,57,32,
machine7:0,40,51,31,55,39,21,67,7,63,53,69,11,18,27,20,45,30,29,38,58,48,17,2,52,49,16,9,26,66,33,47,61,8,15,64,65,19,34,59,12,28,54,32,
machine8:0,36,40,51,31,55,39,21,46,53,5,69,25,27,20,45,29,70,38,58,17,2,52,23,49,42,16,9,13,33,4,34,1,57,
machine9:0,36,24,40,37,31,55,39,21,67,7,63,53,11,25,20,29,70,38,58,48,2,52,23,49,42,41,60,26,66,44,33,50,8,15,64,56,19,59,6,12,28,10,54,3,1,
machine10:0,36,24,51,37,55,39,67,53,69,11,25,27,45,29,48,2,52,43,49,9,13,60,66,44,61,56,4,34,35,14,22,59,6,12,
machine11:0,51,31,55,39,21,67,7,5,11,18,25,27,30,70,38,58,17,52,43,49,41,16,9,13,26,66,44,8,64,56,65,4,34,14,22,59,10,62,32,
machine12:0,36,24,40,51,37,31,55,39,21,67,7,63,46,53,5,69,18,25,27,20,30,29,70,38,58,48,17,2,52,23,49,42,41,16,9,13,60,26,66,33,47,50,61,8,64,56,65,4,19,34,35,14,22,59,6,12,28,10,54,3,32,
machine13:0,36,24,40,51,37,31,55,39,21,67,63,46,53,5,69,11,18,25,27,20,45,30,29,70,38,58,48,17,2,52,23,43,49,42,41,16,9,13,60,26,44,33,47,50,61,8,15,68,65,19,34,35,14,59,6,12,10,62,3,1,57,32,
machine14:0,36,24,40,51,37,31,55,39,21,7,63,46,53,5,69,11,18,25,27,20,45,30,29,70,48,17,2,52,43,49,42,41,16,9,13,60,26,66,44,33,47,50,61,8,15,64,56,68,65,4,19,34,35,14,22,59,6,12,28,62,54,3,1,32,
machine15:0,36,24,40,51,37,31,55,39,67,7,63,46,53,5,69,25,27,20,45,30,29,70,38,58,48,17,2,52,23,43,49,42,41,16,9,13,60,26,66,44,33,47,50,61,8,64,56,68,65,4,19,34,35,14,59,6,12,28,10,62,54,3,1,57,32,
machine16:0,24,51,37,31,55,39,21,67,7,53,69,11,18,27,20,45,30,29,70,38,58,48,17,2,52,23,43,49,42,41,16,9,26,66,44,33,47,61,8,15,56,68,65,4,19,34,35,22,59,12,28,10,54,1,32,
machine17:0,24,40,37,31,55,39,21,67,7,63,46,53,5,69,11,18,25,27,20,30,29,70,38,58,48,17,2,52,23,43,49,42,41,16,9,13,60,26,66,33,47,50,61,8,15,64,68,19,34,35,14,6,12,10,62,3,1,57,32,
machine18:0,24,40,51,37,31,55,39,21,67,63,46,53,5,18,25,27,20,45,30,29,70,38,58,48,17,2,52,23,43,49,42,41,16,13,60,66,44,33,47,50,61,8,56,65,4,19,14,22,59,6,12,10,62,54,3,1,57,32,
machine19:0,36,24,40,51,37,31,55,39,21,67,7,63,46,53,5,69,11,18,25,27,20,45,30,29,70,38,58,48,17,2,52,23,43,49,42,41,16,9,13,60,26,66,44,33,47,50,61,8,15,64,56,68,65,4,19,34,35,14,22,59,6,12,28,10,62,54,3,1,57,32,
machine20:0,36,24,40,51,37,31,55,39,21,67,7,63,46,53,5,69,11,18,25,27,20,45,30,29,70,38,58,48,17,2,52,23,43,49,42,41,16,9,13,60,26,66,44,33,47,50,61,8,15,64,56,68,65,4,19,34,35,14,22,59,6,12,28,10,62,54,3,1,57,32,

1to 1:
1to 2:1,4,5,6,7,10,14,15,16,17,18,20,21,23,24,25,26,27,31,33,37,38,41,42,44,51,53,54,55,56,59,62,63,64,66,70,2,11,12,13,19,22,32,34,36,43,45,48,49,52,58,65,67,
1to 3:1,3,4,5,6,7,10,14,16,18,20,22,23,25,26,29,31,32,33,34,35,37,38,40,41,42,46,48,51,54,56,58,59,62,63,64,65,66,67,68,69,2,11,12,15,19,21,24,27,28,36,39,43,49,50,52,53,55,70,
1to 4:1,2,4,5,6,7,9,12,13,14,16,17,18,20,21,22,23,25,30,33,34,35,36,38,39,40,42,44,46,47,48,50,51,58,61,62,63,67,68,69,70,8,11,15,19,24,27,29,31,32,41,43,45,49,52,53,54,55,59,64,65,66,
1to 5:1,4,5,6,7,8,9,10,13,14,16,17,18,23,25,27,30,31,33,34,38,39,40,42,44,46,47,48,49,53,55,56,59,60,61,62,63,68,69,2,3,11,12,19,20,21,22,24,32,37,41,43,45,50,52,54,58,64,65,66,67,70,
1to 6:1,4,5,7,8,9,13,14,15,16,17,18,19,20,21,23,25,26,27,31,32,33,34,35,36,38,40,42,44,45,49,51,55,60,62,64,66,67,68,69,70,2,11,22,24,28,29,37,41,43,46,48,50,52,53,58,59,65,
1to 7:4,5,7,8,12,14,15,16,17,18,19,23,25,26,27,29,30,33,34,35,38,39,40,42,46,47,49,51,54,55,58,59,60,61,62,63,68,69,1,2,9,11,13,20,21,22,24,32,36,37,41,45,48,50,52,53,56,65,66,67,70,
2to 1:1,3,4,5,6,7,8,9,10,11,13,14,16,17,18,19,23,24,25,26,27,28,29,30,32,35,36,37,38,40,41,43,45,46,48,51,52,54,55,59,61,62,63,64,65,67,69,70,2,12,15,20,21,31,33,34,39,49,50,58,66,
2to 2:
2to 3:1,5,6,7,9,10,11,12,13,14,15,16,19,20,23,24,25,28,29,33,37,40,41,42,43,44,46,47,48,51,53,54,55,56,57,58,59,62,63,65,66,70,2,4,17,18,21,26,27,31,32,34,36,38,39,45,49,52,64,67,69,
2to 4:2,3,6,7,8,9,11,14,16,17,18,19,20,21,22,23,24,25,26,27,28,29,30,31,33,37,38,41,42,44,46,48,52,53,54,55,56,59,60,61,62,63,65,69,70,4,12,13,15,32,34,39,40,45,49,50,51,58,64,66,67,
2to 5:1,3,6,7,8,9,11,14,18,19,20,23,24,25,26,28,29,30,31,32,33,37,40,41,42,43,44,48,51,52,53,54,55,56,57,59,61,63,64,65,66,67,69,70,2,4,5,10,13,15,16,17,21,27,34,38,39,45,49,50,58,
2to 6:1,2,7,9,10,11,14,19,20,22,23,24,26,27,28,29,34,35,36,37,39,40,41,42,44,46,48,52,53,55,57,59,61,62,63,64,65,67,70,4,5,13,15,16,17,18,21,25,31,33,38,45,49,50,51,58,60,66,69,
2to 7:1,6,7,8,9,10,11,13,15,16,18,19,23,24,25,28,30,31,33,35,36,37,39,41,42,44,46,48,53,54,55,56,58,59,61,63,65,67,70,2,4,5,12,17,20,21,26,27,29,32,34,45,49,50,51,52,66,69,
3to 1:1,4,5,6,7,10,11,12,16,20,28,29,30,34,38,41,42,46,47,50,52,53,55,59,62,63,65,68,69,70,2,3,13,14,17,18,19,21,22,24,25,26,27,31,32,36,37,40,43,44,45,48,49,51,58,60,64,67,
3to 2:1,4,9,10,12,13,18,20,24,25,30,32,34,35,38,41,43,47,48,52,58,59,61,62,63,65,67,70,2,5,7,14,15,16,17,19,21,26,27,29,31,33,36,37,39,40,44,45,49,51,53,55,56,64,69,
3to 3:
3to 4:1,4,5,6,7,9,12,13,15,16,19,20,23,24,25,27,34,35,38,39,42,45,53,54,58,59,67,2,3,8,14,17,18,26,29,30,31,32,33,36,37,40,41,43,44,46,47,48,49,50,51,52,55,56,57,61,62,63,64,69,
3to 5:1,4,6,9,10,11,12,13,16,20,23,24,25,30,32,33,34,35,40,41,42,49,50,52,54,57,58,59,61,63,68,70,2,3,7,8,14,15,17,18,19,21,26,27,29,37,38,39,43,45,46,47,48,51,53,55,62,64,67,69,
3to 6:1,2,4,5,6,10,12,13,16,18,20,22,23,24,27,29,34,35,41,42,47,50,51,57,59,61,62,64,65,67,7,9,14,15,19,21,25,26,31,36,37,38,39,40,43,44,45,46,48,49,52,53,55,60,63,68,69,70,
3to 7:3,4,5,6,7,9,10,12,16,20,23,24,27,29,30,35,40,42,49,50,56,58,62,63,65,66,67,68,70,2,8,14,15,17,18,19,21,25,26,31,33,36,37,38,39,41,43,44,45,46,47,48,51,52,53,61,64,69,
4to 1:1,2,3,7,8,9,12,13,14,15,16,17,19,21,22,24,27,29,30,33,34,37,38,39,41,42,45,46,47,48,49,53,56,58,59,62,65,67,68,69,5,6,11,18,20,23,25,26,28,31,32,36,43,51,52,55,61,63,64,66,70,
4to 2:1,2,4,8,10,12,13,14,15,17,18,19,21,24,25,26,27,28,29,30,33,34,35,36,38,42,43,44,45,49,51,52,55,57,58,61,62,65,67,69,5,7,9,16,20,23,31,32,37,39,40,50,53,56,59,63,64,66,70,
4to 3:2,3,4,6,8,9,10,12,13,16,18,19,20,21,22,23,24,27,28,29,31,32,33,34,35,39,41,42,45,46,47,48,49,50,59,62,63,64,65,67,68,69,5,7,14,15,25,26,30,37,38,40,44,51,52,53,55,56,57,60,61,70,
4to 4:
4to 5:1,2,3,4,5,6,7,8,9,10,11,12,13,15,17,19,21,22,24,27,28,29,33,34,35,38,39,41,43,44,45,46,47,48,50,55,58,62,64,65,68,69,14,16,18,20,23,25,26,30,31,32,37,40,42,49,51,52,53,56,57,59,60,61,63,66,67,70,
4to 6:1,2,4,8,12,13,17,18,19,21,24,27,28,29,31,33,34,35,36,38,40,42,43,44,45,46,47,48,50,56,58,60,61,62,63,65,67,69,5,6,7,9,14,15,16,20,23,25,26,30,32,37,39,49,51,52,53,55,57,59,64,66,
4to 7:1,2,4,5,6,7,9,12,15,19,20,21,22,24,27,28,29,31,33,34,35,36,37,38,43,44,45,46,47,48,49,50,52,53,58,62,63,64,65,68,69,8,11,14,16,17,23,25,30,39,40,41,42,51,54,55,57,59,60,61,66,67,70,
5to 1:3,5,6,7,11,13,14,15,17,19,20,21,22,23,25,26,28,29,30,32,34,35,38,40,42,43,45,46,47,48,49,50,51,52,55,58,60,61,62,65,66,69,70,1,2,8,9,10,12,16,18,24,27,31,33,37,41,59,63,67,68,
5to 2:1,3,4,5,7,11,13,14,15,17,19,20,21,23,24,25,26,29,32,33,35,37,38,40,42,43,45,47,48,51,52,53,55,56,57,58,59,60,61,62,63,64,65,66,69,70,2,10,12,16,18,27,31,34,39,49,67,
5to 3:1,2,4,5,6,7,8,11,12,14,15,16,17,19,20,21,22,23,25,26,29,32,33,34,37,38,39,41,44,45,48,50,51,52,53,55,56,57,58,61,62,64,65,66,69,70,3,9,10,18,24,27,31,35,40,42,43,47,49,59,63,67,
5to 4:1,2,3,5,6,7,8,9,10,11,14,15,16,17,19,20,21,22,23,24,25,26,29,30,32,34,38,40,43,44,45,46,47,48,50,51,52,54,55,56,57,58,60,62,63,64,65,66,67,69,70,12,18,27,31,33,35,37,39,41,42,53,59,61,68,
5to 5:
5to 6:1,2,3,4,5,6,7,8,9,11,14,15,16,17,19,20,21,23,25,26,29,33,37,38,39,41,43,45,47,48,50,51,52,53,55,57,58,60,62,63,64,65,68,69,70,10,12,18,22,24,27,30,31,34,35,40,42,49,59,61,66,67,
5to 7:1,5,7,9,11,12,14,15,16,17,19,20,21,22,23,24,25,26,29,31,32,34,37,38,41,42,43,45,47,48,49,50,51,52,54,55,62,65,69,70,2,8,10,18,27,33,35,39,40,53,58,59,61,63,66,67,68,
6to 1:1,2,3,4,7,8,10,12,18,20,21,23,26,27,36,37,38,39,40,42,44,47,49,56,58,59,61,62,64,67,5,9,11,13,14,15,16,19,22,24,25,29,31,33,41,43,45,46,48,51,52,53,55,65,68,69,70,
6to 2:1,4,5,7,10,16,17,18,19,20,23,28,29,33,34,35,37,39,40,42,48,49,56,58,59,61,62,64,2,6,8,9,13,14,15,21,24,25,26,27,30,31,36,38,43,44,45,51,52,53,55,60,65,66,67,69,70,
6to 3:1,2,4,7,9,10,12,13,15,18,19,20,23,25,26,28,31,34,35,37,38,40,49,50,52,56,59,60,61,62,65,66,67,68,70,5,14,16,17,21,22,24,27,29,30,33,36,39,41,42,44,45,46,48,51,53,55,69,
6to 4:2,3,4,12,13,18,19,20,23,26,28,30,34,35,36,39,42,45,47,48,49,51,56,57,58,59,60,62,64,65,66,67,68,69,70,5,7,9,14,15,16,21,22,24,25,27,29,31,33,37,40,41,43,44,46,52,53,55,61,63,
6to 5:1,2,3,5,7,8,9,10,12,18,20,23,26,28,31,33,35,40,42,47,48,50,51,52,56,60,62,67,6,11,13,14,15,16,19,21,22,24,25,27,29,30,37,38,39,41,43,44,45,53,55,58,61,65,66,68,69,70,
6to 6:
6to 7:1,2,5,7,8,10,12,14,18,19,20,21,23,26,27,28,31,35,36,37,40,42,45,46,47,48,49,50,52,56,59,60,61,62,65,66,67,70,9,15,16,17,22,24,25,29,30,38,39,41,44,51,53,55,58,68,69,
7to 1:1,3,4,5,6,7,8,9,12,14,15,17,18,19,20,22,24,25,26,28,29,30,31,32,34,36,37,39,43,45,47,48,49,51,54,55,60,62,63,65,67,69,70,2,11,16,21,23,27,33,35,40,41,42,46,50,52,53,58,59,66,68,
7to 2:2,5,7,9,12,13,14,15,16,17,18,19,23,24,25,26,29,31,32,35,36,37,38,39,40,42,43,44,45,48,51,54,55,58,60,62,63,64,67,69,70,1,4,8,11,20,21,27,33,41,49,52,53,57,59,61,65,66,
7to 3:1,2,4,5,6,7,8,13,14,15,17,18,19,21,22,23,24,25,26,29,31,32,34,37,38,39,45,46,47,49,50,51,52,54,59,62,63,64,65,69,70,16,20,27,33,35,36,40,41,42,44,48,53,58,61,66,67,68,
7to 4:1,2,3,4,5,6,7,9,12,13,14,15,17,18,19,20,22,23,24,25,26,27,29,30,31,32,34,37,38,43,44,45,46,47,48,49,50,51,52,54,60,61,62,63,64,66,68,69,8,11,16,33,35,39,40,41,42,53,55,56,58,59,65,67,
7to 5:2,3,4,5,6,10,12,14,15,16,17,19,20,21,22,23,24,25,26,30,31,34,37,38,39,45,47,48,50,51,52,54,55,58,62,64,67,69,70,1,8,9,18,27,33,35,40,41,42,53,59,61,65,66,68,
7to 6:2,4,5,12,13,14,15,17,18,19,22,24,25,26,31,34,37,38,39,40,41,44,45,47,48,49,50,51,52,54,55,60,62,63,64,65,69,1,7,8,9,16,20,21,23,27,29,33,35,36,42,53,56,58,59,61,66,67,
7to 7:

cell1:6,2,7,3,5,4,
cell2:1,3,7,6,5,4,
cell3:6,2,7,4,5,1,
cell4:3,7,5,1,2,6,
cell5:2,1,7,6,3,4,
cell6:4,3,1,2,5,7,
cell7:5,6,1,2,4,3,
