machine1:0,55,129,39,162,70,133,158,109,54,148,45,154,92,15,166,125,170,68,24,18,114,75,74,89,40,134,51,80,27,141,73,2,90,35,4,180,178,139,20,127,87,96,61,131,94,49,72,164,28,102,107,37,14,98,21,62,155,101,110,67,149,150,137,103,179,108,144,167,169,82,147,64,86,36,46,79,88,157,8,176,135,116,6,91,59,32,7,65,132,10,50,9,56,138,118,29,34,30,13,163,1,53,100,104,156,140,83,123,171,81,69,112,22,128,63,
machine2:0,55,129,145,39,159,31,162,71,124,47,70,133,177,158,109,43,54,42,97,148,33,160,143,130,45,154,92,15,41,113,122,166,175,105,44,48,66,58,125,117,57,170,172,26,68,121,17,3,12,24,120,18,114,52,75,74,142,106,25,85,89,40,134,111,51,115,151,80,78,136,93,60,11,27,141,73,2,90,35,5,4,180,178,95,76,139,23,165,119,20,99,152,127,146,174,77,161,87,96,61,131,94,49,72,16,168,38,164,28,102,107,19,37,126,14,98,21,84,62,155,173,153,101,110,67,149,150,137,103,179,108,144,167,169,82,147,64,86,36,46,79,88,157,8,176,135,116,6,91,59,32,7,65,132,10,50,9,56,138,118,29,34,30,13,163,1,53,100,104,156,140,83,123,171,81,69,112,22,128,63,
machine3:0,39,159,31,162,71,133,177,109,54,148,160,143,130,41,122,105,48,66,170,26,68,121,17,3,24,120,114,52,74,142,25,85,89,40,134,51,115,151,80,78,93,60,27,141,2,90,5,4,180,178,95,76,139,23,99,152,146,77,161,87,61,49,72,16,38,164,102,98,84,155,101,149,179,108,167,169,79,157,116,6,59,32,65,10,9,138,118,29,163,1,53,156,140,83,123,171,81,128,
machine4:0,55,39,159,31,162,71,124,133,177,158,109,54,97,148,160,143,130,45,154,41,122,166,105,44,48,66,58,117,57,170,172,26,68,121,17,3,12,24,120,18,114,52,75,74,142,106,25,85,89,40,134,111,51,115,151,80,78,136,93,60,27,141,2,90,35,5,4,180,178,95,76,139,23,119,20,99,152,127,146,174,77,161,87,61,131,94,49,72,16,168,38,164,102,107,19,126,14,98,21,84,62,155,173,153,101,67,149,150,179,108,144,167,169,147,64,36,46,79,157,8,176,135,116,6,91,59,32,7,65,132,10,50,9,56,138,118,29,34,30,13,163,1,53,100,104,156,140,83,123,171,81,69,112,22,128,63,
machine5:0,55,129,145,159,31,162,71,47,70,177,109,43,42,97,148,33,130,154,92,15,41,113,122,175,105,44,48,66,58,125,117,57,172,26,121,17,3,12,120,114,52,142,25,111,115,136,11,27,73,2,5,180,95,76,23,165,127,87,61,16,28,102,37,126,14,84,62,153,110,67,149,150,137,103,147,36,46,88,8,176,135,91,59,32,7,118,29,30,13,163,104,81,112,63,
machine6:0,55,129,145,39,159,31,162,71,124,47,70,133,177,109,43,54,42,97,148,33,160,130,45,154,92,15,41,113,122,166,175,105,44,48,66,58,125,117,57,170,172,26,121,17,3,12,24,120,18,114,52,74,142,106,25,85,89,40,134,111,51,115,78,136,11,27,73,2,90,35,5,180,178,95,76,23,165,119,152,127,174,77,87,96,61,131,16,168,38,28,102,19,37,126,14,84,62,173,153,110,67,149,150,137,103,179,144,167,169,82,147,64,86,36,46,79,88,157,8,176,135,116,91,59,32,7,65,132,50,9,56,138,118,29,30,13,163,53,100,104,156,83,171,81,69,112,22,128,63,
machine7:0,55,129,145,39,159,31,71,124,47,177,158,43,42,97,33,143,130,154,15,113,175,105,66,58,125,117,121,24,75,142,106,85,89,51,115,151,80,93,60,11,73,5,4,178,95,139,23,165,119,20,99,152,127,146,174,77,161,96,131,94,72,168,38,164,107,19,37,126,14,21,84,62,155,173,153,101,108,169,82,147,64,86,36,46,176,116,91,7,65,132,9,56,34,30,13,100,104,83,69,22,128,63,
machine8:0,55,129,145,39,159,31,162,71,124,47,70,133,177,158,43,42,97,33,160,143,130,45,154,92,15,41,113,166,175,105,44,48,66,58,125,117,57,170,172,68,121,3,12,24,120,18,114,52,75,74,142,106,85,89,111,51,115,151,80,78,136,93,60,11,27,141,73,2,90,35,5,4,180,178,95,139,23,165,119,20,99,152,127,146,174,77,161,96,131,94,49,72,168,38,164,28,107,19,37,126,14,98,21,84,62,155,173,153,101,110,149,137,103,108,144,167,169,82,147,64,86,36,46,88,157,176,135,116,6,91,59,32,7,65,132,10,50,9,56,118,29,34,30,13,1,100,104,156,140,83,123,171,81,69,22,128,63,

1to 1:
1to 2:144,155,72,98,161,79,150,76,158,151,40,68,34,67,93,101,157,118,3,21,173,39,24,61,55,167,104,108,169,139,153,20,51,65,69,89,106,
1to 3:111,27,172,28,19,26,179,162,148,87,8,42,134,70,109,17,92,84,168,82,90,44,116,131,18,71,102,180,127,2,166,15,97,32,135,136,5,170,62,77,36,23,12,7,
1to 4:174,145,6,137,110,86,96,146,113,142,11,165,103,117,141,38,99,88,31,74,85,133,73,4,35,45,75,164,49,176,64,95,129,41,94,91,177,154,46,80,59,119,114,29,178,120,
2to 1:174,6,48,27,122,146,148,16,25,8,109,30,17,140,31,138,149,81,78,112,90,44,133,123,35,45,2,22,66,135,41,152,177,46,59,13,114,36,52,120,
2to 2:
2to 3:54,53,100,142,132,124,117,67,126,163,74,58,85,83,147,24,55,128,169,153,64,95,159,154,51,119,65,29,106,115,
2to 4:155,10,111,72,98,143,172,107,1,158,151,162,68,57,156,63,50,131,18,71,39,127,60,171,139,166,97,32,9,136,160,170,130,14,56,77,105,12,89,121,
3to 1:145,144,54,37,53,79,33,150,76,40,142,11,124,117,43,57,38,63,163,157,50,118,3,173,61,128,104,176,64,9,129,91,160,154,14,29,178,105,
3to 2:174,111,172,19,26,122,179,87,16,25,134,156,84,31,138,149,112,116,131,18,102,45,180,171,166,41,136,177,46,59,130,56,77,23,12,120,7,121,
3to 3:
3to 4:47,48,175,28,125,100,132,70,30,168,81,126,78,58,83,147,24,2,55,22,167,66,135,159,152,5,51,13,62,52,69,115,
4to 1:47,10,175,143,107,161,1,19,125,100,162,132,42,34,92,156,84,126,93,82,58,101,116,21,71,83,180,147,127,60,167,108,169,171,15,97,32,153,159,20,170,130,56,65,69,23,7,106,121,115,
4to 2:48,27,124,141,38,30,140,99,168,81,78,74,90,85,44,123,4,75,164,22,49,128,66,176,95,94,91,152,5,80,13,119,62,36,52,178,
4to 3:144,137,110,86,37,33,96,113,165,103,43,57,88,63,149,157,133,73,50,118,35,3,173,39,104,9,160,14,114,105,89,
4to 4:

cell1:2,4,3,
cell2:1,4,3,
cell3:1,4,2,
cell4:3,1,2,
