machine1:0,11,89,52,28,85,46,26,43,56,2,23,76,32,38,91,95,7,20,87,60,25,81,94,18,33,98,90,36,92,97,79,53,86,70,49,4,29,35,44,68,72,59,65,34,62,74,84,88,9,69,48,37,13,31,47,3,14,100,63,61,21,30,82,27,15,78,6,99,42,19,8,83,
machine2:0,11,89,52,28,85,46,77,26,43,56,2,23,76,32,38,91,95,7,20,87,60,25,81,94,12,18,33,98,90,57,36,92,97,79,53,86,70,49,4,29,35,44,68,72,59,65,34,62,74,41,84,88,9,51,69,48,37,17,13,64,31,5,73,22,39,58,47,24,16,1,3,54,93,71,14,55,100,63,61,21,30,82,50,67,40,80,27,15,45,10,66,78,75,6,99,96,42,19,8,83,
machine3:0,46,23,32,20,94,12,18,33,98,57,36,92,86,70,49,4,29,35,44,68,72,62,74,41,9,51,69,48,37,64,31,5,22,58,47,16,1,54,71,14,55,63,61,21,82,67,40,15,45,66,78,6,42,19,8,
machine4:0,11,89,52,46,77,26,43,23,76,32,91,7,20,87,60,81,94,12,18,33,98,90,57,36,92,97,79,53,86,70,49,4,29,35,44,68,72,34,62,74,41,84,88,9,51,69,48,37,13,64,31,5,73,22,39,58,47,24,16,1,3,54,71,14,55,100,63,61,21,82,67,40,80,27,15,45,66,78,75,6,42,19,8,83,
machine5:0,11,89,28,85,46,77,26,43,56,2,23,76,32,38,91,95,20,87,60,81,94,12,18,33,98,57,36,92,53,86,4,29,35,68,62,74,41,84,37,13,39,58,47,24,16,1,93,71,55,21,40,80,15,45,10,66,78,6,99,96,8,83,
machine6:0,11,89,52,28,85,46,77,26,43,56,2,23,76,32,38,91,95,7,20,87,60,25,81,94,12,18,33,98,90,57,36,92,97,53,86,70,4,29,35,44,68,59,34,62,74,41,84,88,9,51,69,48,37,17,13,64,31,5,73,39,58,47,24,16,1,3,93,71,14,55,100,63,61,21,30,82,67,40,80,27,15,45,10,66,78,75,6,99,96,42,19,8,83,
machine7:0,89,52,26,43,56,38,60,25,18,98,90,36,92,70,4,29,35,68,72,59,65,34,62,41,88,9,51,69,37,17,13,22,58,47,24,16,1,93,71,14,55,100,63,82,50,67,80,45,99,19,83,
machine8:0,89,52,28,85,46,26,43,56,23,38,95,60,25,81,94,18,33,98,90,36,92,97,79,86,70,49,4,29,35,44,68,72,59,65,34,62,74,41,84,88,9,51,69,48,37,17,13,64,5,73,22,58,47,24,16,1,54,93,71,14,55,100,63,30,82,50,67,80,27,15,45,10,66,75,99,96,19,83,
machine9:0,11,89,52,28,85,46,77,26,56,2,23,91,95,33,90,97,79,86,74,41,17,24,16,1,3,93,71,14,55,100,63,61,21,30,82,50,67,40,80,27,15,45,10,66,78,75,6,99,96,42,19,8,83,
machine10:0,11,89,52,28,85,46,77,26,56,2,23,32,38,91,95,7,20,60,25,18,33,98,90,57,36,92,97,79,53,86,70,4,35,68,72,65,34,62,74,41,84,88,69,48,17,31,5,73,22,39,58,47,24,16,1,3,54,93,71,14,55,100,63,61,21,30,82,50,67,40,80,27,15,45,10,66,78,75,6,99,96,42,19,8,83,

1to 1:
1to 2:15,94,58,55,49,75,43,22,86,63,82,98,6,97,54,41,
1to 3:80,57,8,28,73,29,25,34,87,42,40,14,13,64,81,4,76,62,18,44,59,
1to 4:23,89,83,93,33,19,92,9,90,16,51,48,65,85,66,99,24,
1to 5:2,88,69,10,96,78,77,30,5,45,61,84,50,68,27,31,60,70,67,17,100,72,21,95,
2to 1:26,61,16,1,90,31,18,60,19,46,76,27,66,
2to 2:
2to 3:7,39,83,12,77,37,5,15,35,88,20,9,89,94,91,70,92,51,43,24,36,78,
2to 4:47,79,62,64,80,54,68,67,49,71,14,97,73,
2to 5:42,32,82,52,63,11,8,98,74,4,22,75,6,57,3,34,23,53,
3to 1:3,20,12,7,30,21,24,56,75,70,92,10,99,82,6,37,78,84,100,86,98,36,
3to 2:87,61,13,32,53,69,57,81,11,42,33,26,4,19,8,16,62,80,
3to 3:
3to 4:59,44,27,5,96,29,46,94,88,18,63,41,52,74,1,45,
3to 5:38,91,39,73,40,14,66,55,97,48,93,47,71,90,35,58,83,15,
4to 1:38,50,25,13,64,95,43,81,96,71,41,35,67,58,74,45,
4to 2:51,44,72,27,9,60,37,29,48,34,23,84,100,36,52,1,83,89,
4to 3:85,17,30,75,69,10,66,55,33,47,86,98,68,
4to 4:
4to 5:54,79,56,92,99,46,28,26,19,62,80,
5to 1:11,28,32,33,34,39,47,48,52,53,55,65,79,85,89,91,93,97,
5to 2:5,7,14,18,20,21,24,40,45,46,68,71,73,77,88,90,
5to 3:1,2,3,16,23,26,31,41,56,60,63,67,74,95,
5to 4:4,15,17,22,25,35,36,38,58,69,70,72,82,84,86,100,
5to 5:

cell1:4,5,2,3,
cell2:1,3,4,5,
cell3:1,2,5,4,
cell4:3,1,5,2,
cell5:4,3,2,1,
