machine1:0,25,7,34,56,3,79,13,53,31,84,47,36,97,38,81,35,91,62,61,92,11,74,27,90,26,70,59,87,30,72,65,52,20,63,100,99,88,78,33,19,32,14,44,85,82,42,8,2,37,15,18,76,43,83,86,49,6,4,46,94,95,60,98,28,69,23,9,68,48,89,29,21,
machine2:0,25,7,34,64,17,56,3,79,13,39,73,53,31,84,47,36,97,38,81,35,91,24,62,61,92,11,71,74,67,27,41,90,16,26,70,59,75,10,87,30,72,96,65,50,52,20,63,100,5,99,80,66,88,78,93,33,51,54,19,32,12,14,44,55,85,82,42,22,1,8,2,37,15,57,18,76,43,83,86,49,6,45,4,46,94,77,95,60,98,28,69,23,9,68,48,89,40,58,29,21,
machine3:0,64,31,47,36,35,62,61,92,71,74,67,41,16,70,72,20,63,5,66,78,33,51,54,19,32,12,14,44,55,82,42,22,1,8,37,15,57,18,86,49,6,45,4,46,94,98,69,23,9,68,48,40,58,29,21,
machine4:0,7,34,64,3,79,13,39,73,53,31,84,47,36,97,81,35,91,24,62,61,92,11,71,74,67,27,41,90,16,26,70,75,87,72,52,20,63,100,5,80,66,88,78,33,51,54,19,32,12,14,44,55,82,42,22,1,8,37,15,57,18,76,43,83,86,49,6,45,4,46,94,77,60,98,69,23,9,68,48,89,40,58,29,21,
machine5:0,56,13,39,53,84,47,36,38,81,35,91,24,62,92,11,71,74,41,16,26,10,87,96,20,99,80,66,78,93,33,32,12,55,85,1,8,2,37,15,57,18,76,43,83,86,6,45,4,46,94,77,95,60,98,28,23,68,89,40,58,29,21,
machine6:0,25,7,34,64,17,56,3,13,39,73,53,31,84,47,36,97,38,81,35,91,24,62,61,92,11,71,74,67,27,41,90,16,26,70,59,75,10,87,30,96,52,20,63,100,5,99,80,66,88,78,93,33,51,19,32,12,14,44,55,85,82,42,1,8,2,37,15,57,18,76,43,83,86,6,45,4,46,94,77,95,60,98,28,69,23,9,68,48,89,40,58,29,21,
machine7:0,25,34,17,56,13,47,36,38,35,24,62,92,71,67,41,90,16,26,70,59,72,65,50,52,63,100,99,80,88,93,51,19,14,55,82,22,1,37,18,43,83,45,4,60,98,69,9,68,89,58,29,
machine8:0,25,34,64,17,56,79,13,73,84,47,36,97,38,81,35,24,62,92,71,74,67,27,41,90,16,26,70,59,75,10,30,72,96,65,50,52,63,100,5,99,80,66,88,93,33,51,54,19,14,44,55,85,82,22,1,37,15,18,43,83,86,49,45,4,46,94,95,60,98,28,69,23,9,68,48,89,58,29,
machine9:0,17,56,3,79,97,91,24,61,11,71,74,67,27,41,90,16,26,75,10,30,96,50,52,63,100,99,80,66,78,93,33,19,14,55,85,82,42,1,8,2,15,83,86,6,45,46,77,95,28,23,89,40,21,
machine10:0,25,7,34,17,56,3,79,39,73,53,31,84,47,36,97,38,35,91,24,62,61,92,11,71,74,67,27,41,90,16,26,70,75,10,30,72,96,65,50,52,20,63,100,5,99,80,66,88,78,93,33,54,19,32,14,55,85,82,42,22,1,8,2,15,57,18,83,86,6,45,4,46,77,95,60,98,28,69,23,68,48,89,40,58,21,

1to 1:
1to 2:49,22,54,75,82,43,6,55,97,94,63,41,86,98,58,15,
1to 3:59,76,44,25,87,13,73,64,40,57,14,81,29,42,28,34,18,4,8,62,80,
1to 4:65,85,51,24,9,92,99,66,48,93,33,23,90,19,16,83,89,
1to 5:17,30,72,21,50,61,27,2,31,77,69,70,95,10,60,5,78,96,88,84,100,67,68,45,
2to 1:76,61,27,31,60,66,46,18,26,90,19,16,1,
2to 2:
2to 3:20,12,91,51,7,24,39,77,9,70,92,43,37,5,78,94,88,35,36,83,15,89,
2to 4:49,54,79,73,64,14,97,47,71,67,62,80,68,
2to 5:3,22,32,53,75,82,57,6,11,42,34,23,63,4,98,8,52,74,
3to 1:37,99,12,56,20,7,98,6,30,70,3,75,10,84,100,86,78,24,21,82,36,92,
3to 2:33,13,26,19,69,42,4,53,57,16,32,11,61,80,87,81,8,62,
3to 3:
3to 4:29,5,63,1,74,46,44,52,94,59,27,45,41,88,96,18,
3to 5:15,14,48,91,58,97,90,71,38,73,39,40,55,83,47,93,35,66,
4to 1:38,50,25,13,64,95,43,81,96,71,41,35,67,58,74,45,
4to 2:51,44,72,27,9,60,37,29,48,34,23,84,100,36,52,1,83,89,
4to 3:85,17,30,75,69,10,66,55,33,47,86,98,68,
4to 4:
4to 5:54,79,56,92,99,46,28,26,19,62,80,
5to 1:65,85,91,39,79,32,53,11,55,97,48,93,33,47,28,34,52,89,
5to 2:20,7,21,24,77,73,40,14,5,46,88,71,18,90,68,45,
5to 3:3,2,31,56,95,60,23,26,63,41,67,16,74,1,
5to 4:38,22,17,72,25,69,70,82,84,4,100,35,86,36,58,15,
5to 5:

cell1:5,3,2,4,
cell2:3,4,5,1,
cell3:1,4,5,2,
cell4:3,1,5,2,
cell5:1,2,4,3,
