machine1:0,76,31,47,60,2,37,61,15,43,84,42,49,72,87,30,79,23,53,74,13,3,48,69,35,25,38,21,20,9,85,94,95,28,7,59,97,6,44,65,81,33,27,82,91,99,98,56,29,8,92,32,78,46,14,83,36,34,70,11,63,88,26,89,100,19,62,90,4,86,52,18,68,
machine2:0,12,73,76,64,31,39,47,5,60,2,67,37,50,61,10,66,96,75,15,54,43,84,42,49,77,72,45,57,17,40,87,30,79,23,53,74,13,3,48,41,69,35,25,55,38,21,20,51,9,85,94,95,28,7,59,97,6,44,65,24,81,33,27,82,91,99,98,22,56,29,8,1,92,32,78,46,14,83,36,34,71,70,11,58,63,88,26,16,89,100,19,62,80,93,90,4,86,52,18,68,
machine3:0,12,64,31,47,5,67,37,61,66,15,54,42,49,72,45,57,40,23,74,48,41,69,35,55,21,20,51,9,94,6,44,33,82,98,22,29,8,1,92,32,78,46,14,36,71,70,58,63,16,19,62,4,86,18,68,
machine4:0,12,73,76,64,31,39,47,5,60,67,37,61,66,75,15,54,43,84,42,49,77,72,45,57,40,87,79,23,53,74,13,3,48,41,69,35,55,21,20,51,9,94,7,97,6,44,24,81,33,27,82,91,98,22,29,8,1,92,32,78,46,14,83,36,34,71,70,11,58,63,88,26,16,89,100,19,62,80,90,4,86,52,18,68,
machine5:0,12,76,39,47,60,2,37,10,66,96,15,43,84,77,45,57,40,87,23,53,74,13,41,35,55,38,21,20,85,94,95,28,6,24,81,33,91,99,98,56,29,8,1,92,32,78,46,83,36,71,11,58,26,16,89,62,80,93,4,86,18,68,
machine6:0,12,73,76,64,31,39,47,5,60,2,67,37,61,10,66,96,75,15,43,84,42,77,45,57,17,40,87,30,23,53,74,13,3,48,41,69,35,25,55,38,21,20,51,9,85,94,95,28,7,59,97,6,44,24,81,33,27,82,91,99,98,56,29,8,1,92,32,78,46,14,83,36,34,71,70,11,58,63,88,26,16,89,100,19,62,80,93,90,4,86,52,18,68,
machine7:0,47,60,67,37,50,43,72,45,17,13,41,69,35,25,55,38,51,9,59,65,24,82,99,98,22,56,29,1,92,14,83,36,34,71,70,58,63,88,26,16,89,100,19,62,80,93,90,4,52,18,68,
machine8:0,73,64,47,5,60,67,37,50,10,66,96,75,15,54,43,84,49,72,45,17,30,79,23,74,13,48,41,69,35,25,55,38,51,9,85,94,95,28,59,97,44,65,24,81,33,27,82,99,98,22,56,29,1,92,46,14,83,36,34,71,70,58,63,88,26,16,89,100,19,62,80,93,90,4,86,52,18,68,
machine9:0,2,67,50,61,10,66,96,75,15,42,77,45,17,40,30,79,23,74,3,41,55,21,85,95,28,97,6,24,33,27,82,91,99,56,8,1,78,46,14,83,71,11,63,26,16,89,100,19,80,93,90,86,52,
machine10:0,73,31,39,47,5,60,2,67,50,61,10,66,96,75,15,54,84,42,77,72,45,57,17,40,30,79,23,53,74,3,48,41,69,35,25,55,38,21,20,85,95,28,7,97,6,65,24,33,27,82,91,99,98,22,56,8,1,92,32,78,46,14,83,36,34,71,70,11,58,63,88,26,16,89,100,19,62,80,93,90,4,86,52,18,68,

1to 1:
1to 2:15,94,58,55,49,75,43,22,86,63,82,98,6,97,54,41,
1to 3:80,57,8,28,73,29,25,34,87,42,40,14,13,64,81,4,76,62,18,44,59,
1to 4:23,89,83,93,33,19,92,9,90,16,51,48,65,85,66,99,24,
1to 5:2,88,69,10,96,78,77,30,5,45,61,84,50,68,27,31,60,70,67,17,100,72,21,95,
2to 1:66,27,46,76,19,60,18,31,90,1,16,61,26,
2to 2:
2to 3:78,24,36,43,51,92,70,91,94,89,9,20,35,88,15,5,37,77,12,83,39,7,
2to 4:73,97,14,71,49,67,68,54,80,64,62,79,47,
2to 5:53,23,34,3,57,6,75,22,4,74,98,8,11,63,52,82,32,42,
3to 1:3,6,7,10,12,20,21,24,30,36,37,56,70,75,78,82,84,86,92,98,99,100,
3to 2:4,8,11,13,16,19,26,32,33,42,53,57,61,62,69,80,81,87,
3to 3:
3to 4:1,5,18,27,29,41,44,45,46,52,59,63,74,88,94,96,
3to 5:14,15,35,38,39,40,47,48,55,58,66,71,73,83,90,91,93,97,
4to 1:38,50,25,13,64,95,43,81,96,71,41,35,67,58,74,45,
4to 2:51,44,72,27,9,60,37,29,48,34,23,84,100,36,52,1,83,89,
4to 3:85,17,30,75,69,10,66,55,33,47,86,98,68,
4to 4:
4to 5:54,79,56,92,99,46,28,26,19,62,80,
5to 1:11,28,32,33,34,39,47,48,52,53,55,65,79,85,89,91,93,97,
5to 2:5,7,14,18,20,21,24,40,45,46,68,71,73,77,88,90,
5to 3:1,2,3,16,23,26,31,41,56,60,63,67,74,95,
5to 4:4,15,17,22,25,35,36,38,58,69,70,72,82,84,86,100,
5to 5:

cell1:4,5,2,3,
cell2:1,5,3,4,
cell3:5,4,2,1,
cell4:3,1,5,2,
cell5:4,3,2,1,
