machine1:0,32,30,109,101,60,2,100,31,37,75,28,107,89,102,57,20,3,104,36,12,44,88,6,4,42,84,16,59,69,71,77,52,53,25,92,11,106,54,94,24,62,38,29,18,5,14,46,74,66,83,91,26,8,82,86,1,15,80,21,51,99,61,56,27,65,7,
machine2:0,50,95,39,90,32,30,68,70,109,101,48,9,60,13,2,40,58,100,31,37,10,73,19,64,75,76,28,107,89,102,108,57,20,3,93,104,105,49,43,36,45,96,12,23,44,88,17,103,6,34,4,42,84,110,16,59,69,71,77,52,67,63,53,25,72,92,11,97,98,55,106,54,94,24,79,62,41,38,29,18,5,33,14,46,74,22,47,66,83,85,91,26,8,82,86,1,15,87,80,35,21,81,51,99,61,56,27,78,65,7,
machine3:0,39,32,70,101,58,37,19,28,89,93,49,36,45,96,23,44,6,4,110,16,69,77,52,63,97,98,106,54,24,41,38,29,18,5,33,14,46,66,83,85,26,8,82,87,21,81,99,61,27,78,65,
machine4:0,50,39,32,30,70,101,9,2,58,100,37,73,19,64,28,89,102,108,3,93,104,49,36,45,96,23,44,17,6,34,4,84,110,16,59,69,77,52,67,63,25,72,92,11,97,98,106,54,94,24,41,38,29,18,5,33,14,46,22,47,66,83,85,91,26,8,82,15,87,80,35,21,81,51,99,61,56,27,78,65,7,
machine5:0,50,95,90,32,68,70,109,101,48,9,60,13,2,40,100,31,37,10,73,19,64,76,107,89,102,108,57,20,3,93,105,49,43,36,45,96,12,23,44,88,17,103,6,4,42,84,110,16,59,69,71,67,63,53,72,92,11,97,98,55,106,54,94,24,79,62,41,38,29,18,5,33,46,74,22,47,66,83,85,91,26,8,82,86,1,15,87,80,35,21,81,51,99,61,56,27,78,65,7,
machine6:0,50,32,68,70,48,9,60,13,2,100,37,10,19,76,107,89,102,108,20,93,105,43,45,96,88,17,6,42,84,16,69,71,67,63,53,72,92,11,97,98,55,54,24,79,41,29,18,5,46,74,22,47,66,83,85,91,26,8,82,1,15,87,80,35,21,81,51,99,61,56,27,78,65,7,
machine7:0,32,68,48,9,13,2,100,10,19,89,102,108,45,88,17,71,67,63,53,11,97,98,24,79,41,5,22,85,91,26,1,87,80,81,51,56,27,78,7,
machine8:0,30,68,101,2,40,58,37,10,73,19,75,28,107,89,108,57,93,104,105,43,36,45,96,12,23,44,103,42,84,110,67,63,72,11,55,54,79,62,41,29,5,33,14,46,74,22,85,26,8,1,87,80,35,21,81,51,99,61,78,65,
machine9:0,50,95,90,32,30,68,101,2,40,58,31,37,10,73,19,75,76,28,107,89,108,57,3,93,104,105,49,43,36,45,96,12,23,44,88,17,103,34,4,42,84,110,59,69,71,67,63,53,25,72,11,97,98,55,54,94,24,79,62,41,29,18,5,33,14,46,74,22,47,66,83,85,26,8,82,86,1,15,87,80,35,21,81,51,99,61,56,27,78,65,7,
machine10:0,50,95,39,90,30,68,109,101,60,2,40,31,37,64,107,108,57,104,49,17,34,4,42,84,69,63,53,25,72,92,11,97,98,55,24,79,41,33,14,46,74,22,83,85,91,8,82,15,87,80,35,21,81,51,99,56,78,7,
machine11:0,50,95,39,90,30,68,70,109,101,48,60,13,2,40,58,100,31,37,73,64,75,76,28,107,89,102,108,57,20,104,49,23,88,17,103,6,34,4,42,84,110,16,59,69,71,77,52,67,63,53,25,72,92,11,97,98,55,106,94,24,79,62,41,38,29,33,14,46,74,22,47,66,83,85,91,26,8,82,86,1,15,87,80,35,21,81,51,99,56,27,78,65,7,

1to 1:
1to 2:9,39,101,104,3,72,93,47,54,4,67,5,35,80,87,78,7,
1to 3:109,13,20,12,105,40,64,32,43,37,103,23,92,59,110,83,108,89,84,17,22,26,8,
1to 4:90,95,10,30,28,88,45,36,2,71,19,96,97,44,74,1,14,65,
1to 5:70,31,60,73,100,50,102,75,25,62,68,38,107,55,53,94,86,33,69,46,91,85,15,82,24,29,51,99,
2to 1:64,100,37,16,23,102,25,92,45,36,6,38,49,66,110,83,46,84,91,22,85,14,15,8,56,82,63,65,81,
2to 2:
2to 3:70,9,2,96,94,97,54,33,21,24,78,29,51,41,
2to 4:73,101,50,18,59,3,72,69,61,108,
2to 5:39,58,34,77,52,104,106,4,67,11,26,98,87,27,
3to 1:95,60,57,18,42,106,79,55,94,44,69,4,1,35,80,87,
3to 2:32,73,6,19,61,91,
3to 3:
3to 4:31,12,76,40,103,62,68,107,66,53,110,93,83,54,33,17,5,21,11,15,98,82,27,78,29,63,51,99,81,
3to 5:90,13,64,48,101,37,16,2,59,49,47,108,89,22,8,56,41,7,
4to 1:5,11,93,68,104,32,89,107,73,26,29,75,31,86,50,61,59,43,105,34,
4to 2:82,99,44,2,27,96,8,24,98,41,58,56,81,97,
4to 3:85,7,47,46,3,19,79,36,35,10,45,65,67,49,88,74,90,18,4,
4to 4:
4to 5:17,63,66,71,14,80,40,57,23,110,21,1,72,28,42,84,76,30,95,
5to 1:77,103,76,101,7,74,109,47,58,78,21,98,20,52,48,88,27,41,97,
5to 2:17,65,63,16,51,83,28,49,23,84,33,108,92,70,69,66,30,89,
5to 3:6,71,81,86,62,38,15,106,72,53,102,50,42,80,57,99,11,100,
5to 4:25,67,26,35,56,79,55,85,87,46,37,22,94,34,24,
5to 5:

cell1:3,4,5,2,
cell2:4,5,1,3,
cell3:2,1,5,4,
cell4:3,2,5,1,
cell5:2,3,4,1,
