machine1:0,15,128,121,8,160,86,42,83,4,80,1,23,146,152,154,126,141,158,87,111,92,54,33,135,114,30,140,77,66,112,74,52,108,127,48,31,56,11,62,19,147,73,59,79,144,150,93,107,58,149,32,53,101,29,24,116,120,36,99,82,63,27,
machine2:0,119,15,65,121,70,8,64,160,86,42,83,60,145,134,3,87,111,118,10,113,35,143,33,68,139,22,103,114,47,69,115,142,151,44,108,48,56,78,19,147,41,9,137,131,43,156,59,14,144,150,107,106,58,37,149,132,159,102,51,81,16,39,95,101,67,29,116,120,36,82,63,96,
machine3:0,136,119,128,70,49,157,8,64,160,86,42,4,25,129,152,134,3,158,10,113,5,35,33,68,22,103,30,17,140,142,151,133,112,74,52,108,12,31,56,11,62,19,34,137,73,40,90,156,138,106,58,28,32,45,51,16,67,18,29,85,116,155,99,63,123,6,27,
machine4:0,136,119,65,125,157,72,64,105,83,124,80,104,60,23,146,152,154,158,50,10,7,35,20,143,46,68,103,17,69,115,140,52,108,91,127,2,117,56,78,88,130,147,26,122,137,73,90,156,59,14,55,138,93,110,106,21,58,28,37,149,32,45,102,53,95,101,67,29,24,85,155,36,57,82,6,96,
machine5:0,119,15,65,128,100,49,157,8,64,160,86,42,83,124,97,80,1,148,152,154,3,50,10,113,92,20,143,46,68,135,103,47,140,66,133,74,44,108,91,12,48,31,117,62,19,130,41,40,43,156,59,79,14,144,38,150,138,58,32,45,95,18,29,24,85,120,36,57,82,63,98,6,
machine6:0,15,128,125,100,49,157,86,97,76,129,71,154,126,134,3,87,50,118,10,35,20,143,139,22,135,89,47,17,69,115,66,112,94,91,12,56,88,62,41,137,156,79,144,55,138,93,21,58,37,149,32,132,45,102,53,16,67,13,155,120,36,82,96,
machine7:0,119,128,125,100,49,86,80,1,25,148,60,3,158,87,118,113,92,143,33,139,22,89,47,115,66,133,112,74,108,48,31,56,78,11,62,19,130,147,34,9,73,75,79,14,107,106,21,32,45,51,16,24,116,155,36,96,
machine8:0,125,49,157,8,72,64,86,4,124,97,80,1,25,129,60,152,154,141,134,50,118,7,35,84,68,89,69,115,140,142,66,112,44,108,91,12,48,117,61,19,147,9,131,156,59,14,144,55,150,93,110,106,149,132,109,39,95,24,85,116,155,120,82,63,123,27,
machine9:0,15,128,125,157,72,64,86,42,83,4,97,1,154,126,141,87,10,92,35,143,68,89,30,69,115,140,112,2,31,61,11,147,73,40,90,14,38,150,106,58,28,149,81,13,36,57,99,82,98,27,96,
machine10:0,15,100,70,64,105,42,4,124,80,1,104,71,60,126,134,20,143,33,46,22,103,47,30,17,77,133,94,52,108,48,61,11,19,147,122,137,131,43,75,59,14,106,21,37,53,51,39,18,29,85,99,63,123,98,
machine11:0,15,65,125,100,70,160,105,97,80,25,71,23,146,152,3,158,111,10,113,20,143,22,135,89,30,17,77,66,133,74,12,31,62,26,122,137,156,59,144,150,138,93,106,21,37,149,32,45,95,67,85,96,
machine12:0,136,119,15,125,70,157,64,160,4,97,80,25,104,76,129,71,148,145,146,152,126,134,3,50,153,10,35,33,68,135,89,114,47,17,115,140,77,66,112,74,52,44,91,127,12,31,117,61,62,147,122,34,9,137,73,156,79,14,144,107,110,106,21,58,28,149,32,132,45,102,51,16,95,101,18,29,13,85,116,99,98,27,96,
machine13:0,136,119,15,128,125,121,157,72,64,160,86,105,42,83,124,97,80,1,25,71,60,23,145,146,152,154,126,87,111,50,10,92,7,35,20,54,143,46,22,114,47,30,115,140,77,142,151,66,52,44,2,56,78,62,130,26,41,34,40,90,43,156,14,55,38,93,107,21,58,37,149,45,159,81,101,29,85,116,155,120,57,82,63,98,27,
machine14:0,119,15,128,100,49,157,8,64,86,105,42,83,124,80,1,23,146,154,126,134,3,87,111,50,118,113,35,143,33,46,22,135,103,89,30,69,142,151,66,133,108,91,12,62,19,130,147,131,40,75,38,138,93,107,110,21,58,28,37,149,132,45,102,51,16,29,13,155,57,99,82,63,96,
machine15:0,136,15,65,100,121,157,160,86,124,97,1,60,23,146,134,50,118,7,35,20,84,54,143,33,46,68,139,22,135,89,114,47,140,77,142,151,133,112,94,44,108,31,117,78,11,62,19,130,147,9,73,75,59,14,144,107,21,58,37,32,45,39,18,29,24,120,57,99,123,98,
machine16:0,15,128,125,100,121,49,157,160,86,83,4,124,80,104,60,146,141,134,87,50,118,7,143,68,135,115,142,133,52,44,91,127,31,78,88,11,62,26,122,137,73,40,90,59,14,93,107,106,21,58,37,132,51,16,39,101,13,85,99,82,123,
machine17:0,119,65,121,70,157,64,86,105,83,124,80,1,25,129,60,23,146,134,3,118,92,54,143,33,46,22,135,89,114,47,17,69,140,77,151,66,133,74,94,52,108,78,61,11,19,147,26,122,34,137,73,40,156,59,14,144,38,138,107,110,21,58,28,37,149,32,132,45,159,101,67,13,120,99,82,63,98,27,96,
machine18:0,119,125,121,157,72,83,4,124,1,25,76,129,71,23,145,146,154,126,141,134,3,50,118,153,10,35,20,54,22,103,114,17,69,115,140,66,112,74,52,44,108,48,31,117,78,88,11,19,147,122,131,40,59,79,14,38,150,107,106,37,32,45,39,95,101,29,120,36,63,98,27,96,
machine19:0,119,128,100,49,157,72,64,86,105,42,83,4,124,80,1,25,104,129,148,23,145,146,152,154,126,134,158,87,153,10,7,5,35,84,54,143,33,22,135,103,89,17,69,115,140,142,66,112,94,52,44,91,12,2,31,56,78,61,88,11,62,147,122,131,73,40,90,59,14,144,138,93,21,28,37,32,53,39,95,101,18,29,24,85,116,120,82,63,6,27,
machine20:0,119,15,125,100,121,70,8,72,64,160,86,42,124,97,1,25,104,76,71,145,152,154,3,50,118,92,35,20,84,54,143,135,89,47,66,112,44,108,31,117,78,61,62,19,137,90,43,59,144,138,93,107,106,21,58,28,132,45,51,16,39,101,29,13,24,116,155,99,82,98,27,
machine21:0,15,125,70,72,64,86,105,42,124,97,80,146,152,3,158,50,153,10,35,33,46,135,103,89,114,47,17,69,115,151,66,133,52,44,108,12,2,48,31,117,56,61,62,19,147,26,41,122,34,73,90,14,144,93,21,28,37,149,45,51,95,101,13,24,85,116,155,82,98,27,
machine22:0,119,128,157,8,86,105,42,80,104,129,60,23,146,152,126,134,158,111,118,7,5,35,54,143,135,114,30,115,140,77,151,94,52,78,61,19,130,131,73,75,59,79,14,55,38,138,93,110,106,37,45,102,95,67,29,24,155,120,36,57,82,27,96,
machine23:0,100,121,70,49,157,8,64,42,4,80,1,25,129,148,23,146,152,141,134,87,50,118,113,92,35,84,54,143,33,68,22,135,114,17,115,77,133,74,52,44,108,2,56,78,9,137,40,156,75,79,144,138,93,107,106,21,58,28,32,102,39,101,85,155,120,123,27,96,
machine24:0,119,128,100,49,157,64,160,42,83,4,1,148,60,146,154,158,118,10,20,114,47,17,69,115,77,142,66,133,44,108,127,31,56,61,11,62,19,147,26,40,90,156,59,79,14,144,38,150,138,93,107,110,106,58,28,132,45,159,53,81,16,101,18,29,24,116,155,36,99,82,63,98,
machine25:0,15,65,125,70,157,8,72,160,86,42,4,124,80,71,148,60,23,145,146,152,126,141,3,158,111,50,118,10,113,5,35,20,84,143,33,46,68,22,135,103,89,114,47,30,17,115,77,151,66,133,74,44,108,91,127,12,2,31,117,56,61,11,19,147,41,122,9,137,131,73,40,90,43,75,59,79,14,144,38,138,93,107,106,21,58,37,32,45,159,53,51,16,39,101,29,13,85,116,120,99,63,123,98,
machine26:0,119,65,125,100,121,49,72,64,160,105,42,83,4,124,80,1,71,60,23,146,152,126,141,134,3,158,50,118,10,113,7,35,54,46,22,135,103,114,30,69,142,151,66,133,74,44,127,12,48,31,56,78,61,11,62,147,26,122,34,137,131,73,90,43,59,79,55,138,93,107,110,106,21,58,37,149,32,45,159,53,51,81,16,39,101,67,18,29,13,24,85,155,120,36,63,98,96,
machine27:0,136,119,128,125,100,70,49,157,8,64,42,4,124,97,80,1,25,104,129,71,148,23,145,152,154,126,158,153,113,92,35,20,54,143,68,139,22,135,103,89,114,47,30,17,69,115,140,77,142,66,112,74,94,52,108,91,48,31,117,56,61,11,130,147,26,122,9,137,131,40,75,59,79,14,150,107,106,21,37,32,132,45,159,102,53,51,16,39,101,67,29,13,24,116,155,120,57,99,63,98,27,96,
machine28:0,136,15,65,128,125,100,49,157,72,64,160,86,105,42,83,4,97,80,1,76,129,71,60,23,145,146,152,154,126,141,134,3,158,50,113,92,5,35,54,139,22,103,89,114,47,17,69,140,77,142,151,66,133,74,94,44,108,91,127,31,117,56,78,61,88,11,62,19,147,122,34,9,137,131,73,40,90,43,156,75,59,79,14,144,38,93,107,106,21,58,28,37,32,132,45,159,102,51,81,16,39,95,67,18,29,13,24,85,116,155,120,57,99,63,123,98,27,96,
machine29:0,15,128,125,100,70,157,8,72,86,42,4,124,80,1,25,104,76,129,71,148,60,23,146,126,141,134,3,158,111,50,118,10,35,20,54,143,46,139,22,135,103,89,114,47,30,17,69,115,140,77,66,133,112,74,94,52,44,108,91,127,12,48,31,117,56,78,61,88,11,62,19,26,9,137,73,40,90,43,156,59,14,55,93,110,21,58,37,149,32,159,102,53,109,51,81,16,39,95,101,18,29,13,24,85,155,120,36,57,82,63,98,27,96,
machine30:0,136,15,128,70,49,157,72,160,86,42,83,4,97,1,104,129,148,60,23,146,154,126,141,87,111,50,118,35,20,54,143,68,135,103,89,114,47,30,17,69,115,140,77,66,112,74,94,52,108,91,127,31,117,78,61,88,19,130,41,122,34,137,90,79,144,38,150,107,110,106,21,58,32,102,51,81,16,39,95,101,29,24,85,116,155,120,57,82,98,6,27,
machine31:0,136,119,15,65,128,100,70,8,72,64,160,86,42,4,80,104,129,71,23,145,146,152,154,126,134,158,87,50,10,7,35,84,143,33,68,139,22,103,114,47,30,69,115,151,66,133,112,74,44,108,91,127,12,2,48,31,117,56,78,61,11,130,147,41,34,9,137,40,156,59,79,14,144,150,138,107,110,106,21,58,28,37,32,132,45,102,109,81,16,95,101,13,24,85,116,155,120,57,63,98,
machine32:0,15,65,125,157,64,160,86,105,42,4,124,80,1,25,129,60,23,145,126,134,3,158,87,118,10,113,92,5,35,20,84,143,33,46,68,22,135,89,114,47,30,115,140,77,142,151,66,133,74,94,44,91,127,2,48,31,56,78,61,62,19,130,137,131,73,40,156,79,38,150,138,107,106,21,58,28,32,102,16,39,95,101,67,29,24,85,116,120,36,99,63,123,98,96,
machine33:0,136,119,15,128,125,100,121,70,157,8,160,86,42,83,4,124,1,25,76,148,23,146,154,126,134,3,158,87,118,10,113,92,5,35,84,33,46,68,22,135,89,114,47,17,115,140,77,142,66,133,112,74,52,108,91,12,2,31,56,61,88,62,19,130,147,41,34,137,40,156,59,79,55,150,93,107,106,45,102,53,16,39,101,67,29,24,85,120,57,63,123,98,6,27,96,
machine34:0,128,125,100,121,70,157,8,72,64,160,86,105,42,83,4,124,80,1,104,129,71,148,60,146,152,141,3,50,118,10,113,92,7,35,20,143,33,46,139,22,135,89,114,47,17,69,115,140,77,151,133,74,52,44,108,91,127,12,31,11,62,19,147,122,34,9,73,40,90,43,156,59,79,14,144,55,107,110,106,21,58,28,149,32,45,159,102,51,16,39,101,29,13,24,85,155,99,82,63,98,27,96,
machine35:0,119,15,65,128,70,8,64,4,124,80,1,129,71,148,23,145,152,154,126,134,118,153,10,7,35,54,46,139,135,103,89,114,47,17,69,140,151,66,133,94,52,44,108,12,48,56,78,61,11,41,122,137,73,40,90,156,59,79,14,144,38,150,93,21,58,32,132,159,102,53,81,16,39,95,101,18,24,85,116,155,36,57,82,63,6,27,96,
machine36:0,136,119,15,65,128,125,100,121,70,49,157,72,64,160,86,105,42,83,124,97,80,1,25,76,129,148,60,23,146,152,154,126,141,134,3,158,87,50,118,10,113,5,35,20,84,54,143,33,46,68,139,22,135,103,89,114,47,30,17,69,115,140,77,142,151,66,133,112,74,94,52,44,108,91,127,12,2,48,31,117,56,78,61,88,11,62,19,130,147,26,41,122,34,9,137,131,73,40,90,43,156,75,59,79,14,144,55,150,138,93,107,110,106,21,58,28,37,149,32,132,45,159,102,53,51,81,16,39,95,101,67,18,29,13,24,85,116,155,120,36,99,82,63,123,98,6,96,
machine37:0,119,15,65,125,100,70,49,157,8,72,64,160,86,105,42,83,4,97,80,1,76,60,145,152,154,126,141,3,158,87,111,50,118,10,113,7,35,20,84,54,143,46,68,22,135,89,114,47,17,115,140,77,142,151,133,74,94,52,44,91,127,2,31,56,78,61,88,11,62,130,147,41,122,9,40,90,156,75,59,79,14,144,150,138,93,107,106,21,58,149,32,132,45,159,102,109,81,16,95,101,13,24,120,57,99,63,123,98,27,
machine38:0,119,65,128,125,100,157,8,72,160,86,42,83,4,124,97,80,1,25,104,76,129,71,148,60,23,146,152,154,126,141,134,3,158,87,111,50,10,113,92,20,54,143,46,22,135,103,89,114,47,30,17,69,115,140,66,133,112,74,52,44,91,127,12,2,48,31,117,56,78,61,11,62,19,130,147,34,9,137,131,73,40,90,156,59,79,14,38,150,138,93,107,21,58,37,149,32,132,45,159,102,53,81,16,39,95,101,67,18,29,24,116,120,99,82,98,6,27,96,
machine39:0,136,119,15,128,125,100,121,70,157,8,72,64,160,86,42,4,124,97,80,25,129,71,148,60,145,146,152,154,134,111,50,118,153,10,113,92,7,35,84,54,143,33,46,68,22,135,103,89,114,47,30,17,69,115,140,77,142,151,66,133,112,74,94,52,108,91,12,2,48,31,117,56,78,61,11,19,130,147,26,41,122,34,9,137,73,40,75,79,14,144,38,150,138,107,106,21,58,28,37,149,32,132,159,102,53,109,51,16,101,29,13,24,116,155,120,36,57,99,82,63,6,27,96,
machine40:0,15,65,128,125,100,70,49,157,72,64,160,105,42,83,4,124,97,80,1,25,129,71,148,23,146,152,154,126,134,3,158,87,111,118,153,113,7,5,20,54,143,33,139,22,135,103,89,47,17,69,115,140,77,142,151,66,112,52,44,108,91,2,31,117,56,78,88,11,62,19,130,147,122,34,131,73,40,90,156,75,59,79,14,144,38,138,93,21,58,28,37,149,32,132,45,102,81,16,39,101,18,29,24,85,155,120,36,99,82,63,123,98,27,

1to 1:
1to 2:2,10,11,12,29,31,33,35,36,39,42,43,44,45,46,48,49,50,52,53,56,58,60,64,68,70,73,78,81,82,88,93,96,97,99,103,110,115,116,131,133,140,147,149,150,152,155,156,158,32,139,95,143,111,67,105,134,119,83,87,22,8,86,128,144,154,40,14,106,74,108,85,59,98,120,66,
1to 3:3,7,10,12,14,16,21,23,29,30,32,33,42,44,45,46,50,51,52,57,62,64,68,73,74,83,86,90,92,96,97,101,104,105,106,107,110,113,116,117,119,120,121,123,130,133,134,137,140,142,143,147,152,155,157,108,56,111,151,136,35,156,112,146,95,58,66,87,126,37,128,91,144,24,160,135,
1to 4:6,10,11,14,16,21,28,29,31,33,44,46,48,50,52,53,54,58,59,60,62,63,64,73,74,78,86,90,92,99,101,104,117,118,120,124,128,133,134,135,137,141,142,146,149,152,156,160,36,116,103,108,67,88,138,83,105,126,159,49,82,132,119,40,37,80,143,85,147,144,106,23,
1to 5:3,8,10,11,16,19,21,28,32,33,36,39,42,43,44,45,47,50,51,52,53,54,59,62,63,64,69,81,83,85,92,93,99,101,104,113,117,119,120,121,130,133,134,135,137,138,141,142,143,147,149,151,152,158,160,105,49,90,155,82,146,56,67,68,66,29,79,128,118,144,40,116,86,23,103,35,108,73,106,154,15,58,
1to 6:1,10,11,18,19,27,29,30,31,33,35,39,41,42,43,46,48,49,50,51,52,53,62,64,80,85,86,99,101,104,106,108,113,114,117,120,121,124,133,134,135,137,140,150,152,32,12,8,131,68,100,116,56,160,65,90,23,119,4,128,103,132,59,15,157,66,
1to 7:3,4,14,18,23,28,29,30,39,42,43,46,47,50,54,58,59,60,62,70,78,82,88,91,102,103,107,110,113,115,118,120,127,128,137,149,152,156,157,158,160,136,15,95,57,111,11,65,10,85,134,147,74,37,79,90,114,108,125,100,106,19,86,126,146,144,66,1,
1to 8:10,16,17,19,30,33,36,41,44,46,47,48,49,50,51,52,56,62,63,64,68,78,79,81,82,96,99,101,103,104,105,108,110,113,115,116,117,127,129,130,133,135,136,137,140,141,143,147,150,152,156,139,157,83,145,126,70,4,128,23,112,144,65,160,74,95,14,91,154,86,119,58,155,151,29,120,32,106,42,114,118,15,24,
1to 9:3,6,10,12,16,19,31,33,34,36,41,42,47,48,50,52,53,56,58,60,62,67,68,73,88,92,93,101,102,106,107,108,113,124,127,133,135,140,141,142,143,144,150,151,152,158,160,82,57,85,105,14,126,98,59,103,128,155,91,118,32,134,156,64,100,63,74,29,22,114,24,
1to 10:3,10,11,12,14,15,16,24,28,30,32,35,39,41,42,43,45,46,50,54,56,58,60,67,68,74,78,85,86,88,95,96,97,99,103,108,113,115,121,123,124,127,131,132,133,137,142,144,149,151,152,160,128,79,136,118,25,6,139,83,49,82,23,143,87,64,146,73,29,156,140,120,80,59,
1to 11:3,8,10,12,14,16,23,24,30,31,42,44,45,46,48,50,52,56,58,59,62,63,64,67,73,81,82,86,92,93,97,99,101,106,107,113,114,118,119,123,124,127,131,133,134,137,140,143,146,147,149,150,158,160,88,111,37,49,83,105,80,95,156,87,103,132,128,91,151,40,27,138,74,32,19,
1to 12:7,10,11,12,14,15,23,30,33,38,41,42,44,45,46,47,49,54,56,59,63,64,68,74,81,82,83,86,99,101,102,103,105,113,114,118,123,135,138,140,143,151,152,156,158,159,36,148,87,6,119,79,132,106,32,112,160,48,37,91,58,120,154,157,144,100,146,73,108,40,31,29,
2to 1:3,4,7,14,18,21,25,29,32,33,35,36,37,39,41,42,44,45,49,50,51,53,56,57,58,59,60,62,67,70,73,83,86,92,95,96,97,98,99,102,103,105,106,111,112,113,116,119,120,128,134,135,141,142,147,149,155,20,108,48,122,64,30,72,87,46,63,152,1,74,15,131,10,132,24,12,143,150,157,31,154,
2to 2:
2to 3:3,4,8,9,12,14,15,16,21,23,31,33,37,45,47,49,51,52,55,58,60,61,63,64,66,71,73,80,83,86,91,92,95,96,99,105,106,112,123,125,128,130,133,142,143,144,149,154,156,140,98,97,152,46,81,118,147,28,134,124,35,135,50,108,146,89,1,
2to 4:3,7,10,11,13,14,15,17,20,21,23,25,32,36,39,45,49,50,51,58,60,61,62,64,66,71,74,80,82,84,86,88,95,99,105,106,116,119,123,125,126,134,137,141,142,144,160,94,87,12,63,72,122,48,135,150,40,147,124,118,146,140,59,157,31,115,143,
2to 5:3,8,9,10,11,13,14,15,16,20,21,23,25,27,36,38,42,50,51,55,56,59,61,62,66,68,69,75,79,82,86,87,89,90,93,95,98,99,103,106,108,112,116,130,134,138,141,142,144,155,125,97,72,76,132,131,49,26,52,19,1,129,71,118,28,158,152,135,17,31,147,64,154,24,22,45,115,85,143,
2to 6:3,8,11,14,18,21,22,23,27,35,39,40,41,42,45,49,51,52,53,55,59,60,61,62,66,67,68,74,75,79,94,99,100,103,105,113,115,116,123,124,125,128,130,133,134,137,139,147,148,155,157,20,19,122,46,80,143,108,9,71,152,17,30,12,135,131,31,64,16,106,107,89,118,24,120,
2to 7:1,4,9,10,11,12,13,14,18,21,23,24,25,31,32,37,39,43,47,51,56,59,62,64,65,66,71,73,75,79,86,89,94,95,96,97,102,103,113,115,118,123,125,126,128,129,133,141,149,155,137,157,81,106,122,158,50,154,134,100,17,108,140,63,74,146,22,40,143,
2to 8:1,4,7,14,21,27,30,31,38,39,41,42,44,49,50,51,52,57,58,60,61,65,66,67,80,86,91,94,95,96,98,99,102,103,112,115,116,119,122,125,126,128,129,130,133,135,138,141,143,148,155,158,71,154,19,40,47,81,104,106,87,89,72,2,120,131,28,15,150,74,63,16,
2to 9:1,4,9,12,13,14,20,24,32,33,36,39,41,44,45,47,53,55,57,59,61,70,73,74,79,80,85,86,87,91,93,96,98,99,100,103,112,113,118,122,126,128,132,133,134,139,141,142,148,149,155,156,157,17,63,150,46,64,71,76,10,106,129,124,144,140,48,35,16,115,19,82,62,
2to 10:1,3,10,11,15,25,30,31,35,42,50,51,55,56,60,61,62,65,73,74,77,79,80,82,83,84,86,89,94,95,96,97,98,99,103,105,106,108,112,115,118,119,122,123,124,126,128,131,137,139,140,141,147,149,152,154,155,156,26,22,64,81,16,72,46,67,59,144,129,63,48,52,28,150,85,100,93,45,24,
2to 11:1,7,8,12,14,16,23,24,25,27,30,31,37,39,44,45,50,52,56,57,58,60,61,62,65,69,74,75,77,79,80,84,86,87,88,89,91,95,96,98,100,103,111,112,113,123,124,125,130,133,135,137,147,149,156,157,73,97,134,72,152,63,150,131,48,59,154,146,118,143,
2to 12:1,7,12,13,14,15,21,23,30,36,37,42,44,45,49,57,60,62,64,65,66,68,75,78,79,80,84,89,91,92,98,99,105,106,111,112,123,128,138,139,140,149,150,152,155,156,71,143,96,134,72,97,125,87,109,131,118,70,16,73,82,24,100,59,31,115,135,
3to 1:1,3,4,8,10,11,15,16,19,20,27,29,33,34,35,44,45,46,57,58,63,64,69,78,85,87,90,91,92,93,95,97,99,102,105,111,118,119,121,124,128,130,136,142,143,147,151,155,157,160,112,100,32,14,41,120,127,73,2,149,133,146,140,114,22,134,54,50,101,108,156,47,66,
3to 2:8,10,11,15,19,20,21,22,25,27,29,31,33,35,39,43,46,47,49,50,57,58,59,60,61,63,69,75,77,85,86,91,95,97,99,106,108,120,123,124,131,133,139,142,143,149,154,155,156,157,160,132,98,73,12,94,14,66,146,126,134,64,147,125,24,100,45,89,
3to 3:
3to 4:7,10,11,13,19,22,23,25,26,27,28,31,33,35,44,45,50,60,61,63,64,66,71,73,76,77,78,80,83,85,86,87,89,91,92,99,100,107,108,112,114,119,126,128,129,135,138,140,142,143,146,151,153,160,157,32,101,54,98,124,132,84,120,21,134,58,147,62,14,17,47,
3to 5:1,3,13,14,15,22,23,25,27,28,31,32,33,38,39,42,43,44,50,58,59,60,64,66,73,77,78,79,85,86,87,90,92,97,98,99,105,106,107,108,113,121,128,130,135,137,142,143,144,145,147,151,152,154,155,157,160,133,21,134,117,94,2,138,119,35,110,127,82,45,93,146,101,120,24,
3to 6:1,3,4,7,15,16,21,23,26,27,29,31,33,35,37,39,42,43,44,46,49,50,52,54,57,58,59,62,63,64,66,71,72,73,74,75,77,79,80,85,86,89,91,97,99,107,111,112,113,118,119,121,128,130,132,135,136,148,149,151,152,155,160,94,117,157,45,41,101,116,122,127,138,93,147,146,124,98,12,20,78,14,114,24,120,
3to 7:4,10,11,13,18,22,23,27,28,29,37,43,44,45,46,50,55,57,58,59,60,61,63,65,71,73,74,77,85,86,89,93,97,98,102,106,107,120,123,126,136,140,143,151,152,154,156,157,54,40,14,94,147,125,134,3,62,149,35,12,114,66,100,146,
3to 8:4,7,10,15,16,19,21,23,27,28,29,33,34,37,38,39,42,47,49,52,57,58,60,65,68,73,77,78,81,86,87,89,91,100,101,102,105,106,111,113,114,124,129,130,134,136,137,138,139,140,143,145,148,151,152,154,155,156,160,41,20,132,127,126,50,56,94,117,35,98,120,108,122,116,133,66,63,157,144,3,146,107,
3to 9:8,13,14,15,16,21,23,27,29,31,32,33,35,44,45,46,54,57,58,68,69,71,74,80,86,87,89,91,92,98,102,108,115,118,119,124,125,128,136,140,142,145,148,149,154,155,156,157,160,34,40,41,100,122,127,62,2,116,126,73,134,147,135,144,47,
3to 10:1,12,14,15,16,19,21,23,24,25,26,28,29,30,34,35,37,43,45,46,50,51,54,55,58,65,68,69,77,79,80,82,86,89,97,98,99,101,115,118,121,123,129,134,135,136,139,140,144,146,147,149,151,152,160,2,124,116,40,94,62,142,122,3,125,100,120,114,157,
3to 11:1,9,14,16,20,22,23,27,35,39,44,45,46,57,58,59,60,63,65,72,76,79,80,83,87,89,91,92,97,99,100,101,102,105,111,116,119,123,128,129,130,137,140,146,147,156,157,160,149,126,52,142,54,41,124,84,18,114,2,127,138,98,133,56,93,125,62,50,21,24,
3to 12:8,11,13,14,15,16,22,23,25,27,29,31,33,34,37,44,45,46,49,57,58,61,64,65,69,71,75,77,78,80,87,91,93,96,97,99,100,102,103,105,106,107,108,111,113,123,124,128,129,130,135,142,143,146,149,151,152,155,157,160,136,119,35,140,3,117,126,54,38,101,63,66,120,50,89,132,21,73,40,82,62,138,114,47,24,
4to 1:3,4,6,7,10,25,26,32,34,35,38,40,45,49,52,54,56,58,64,67,72,80,82,86,87,88,91,95,96,100,101,108,112,117,118,119,128,131,132,135,143,144,146,150,156,157,37,73,60,69,110,114,106,103,121,53,90,83,134,141,28,15,31,23,66,154,44,140,62,147,17,14,19,85,
4to 2:7,10,13,20,21,22,25,31,33,40,45,46,52,59,62,64,67,70,74,83,84,89,91,92,100,103,104,112,117,118,122,126,132,134,137,143,144,156,157,147,49,124,69,87,35,53,154,63,141,37,23,39,131,66,106,28,50,125,86,82,17,138,14,58,1,
4to 3:3,4,13,14,18,21,22,24,25,34,37,38,39,44,45,46,49,64,68,69,77,82,86,89,91,94,96,101,104,105,114,122,125,126,134,145,146,153,157,159,121,60,15,17,52,78,87,119,120,83,28,7,103,40,140,154,138,27,32,147,50,58,98,115,107,143,66,
4to 4:
4to 5:3,7,10,11,13,14,16,22,23,25,31,33,35,38,39,42,44,52,54,56,59,64,69,72,73,79,80,85,86,92,95,99,100,101,103,104,106,112,115,116,117,118,121,123,124,129,132,133,134,135,137,143,146,150,153,157,158,154,21,17,98,90,29,36,82,78,138,50,58,28,93,114,62,32,126,48,15,63,
4to 6:3,4,5,11,13,16,19,20,22,26,27,31,35,37,40,42,46,59,63,66,67,69,72,77,78,84,89,91,93,100,101,103,104,107,114,115,117,118,122,127,129,132,134,135,137,143,144,146,147,152,153,159,58,80,49,36,53,125,71,138,39,50,154,110,133,60,51,126,1,131,52,116,54,140,157,85,120,62,21,32,23,
4to 7:4,11,13,14,15,16,21,25,26,27,35,38,39,40,51,56,59,64,72,74,76,79,82,83,89,91,92,93,95,96,100,103,122,123,125,127,129,131,143,146,149,158,66,141,23,65,54,147,29,50,37,126,133,114,134,157,120,154,63,107,31,17,47,62,86,1,
4to 8:5,7,10,11,13,16,21,22,23,27,28,29,31,32,34,35,37,38,42,58,61,66,67,68,72,74,77,80,82,83,84,87,88,91,92,95,101,104,107,108,114,115,117,119,123,126,127,129,131,132,135,137,140,145,146,150,49,60,69,65,44,52,160,48,103,143,124,134,39,1,78,157,120,40,
4to 9:3,4,6,7,10,15,16,20,22,23,24,31,40,52,58,59,64,68,74,83,85,86,89,91,92,93,100,101,106,112,118,126,128,129,143,145,147,156,157,12,51,53,27,54,121,44,119,133,29,71,28,17,96,32,151,140,69,62,134,82,154,115,1,103,14,120,135,47,
4to 10:3,6,10,13,15,23,25,26,32,33,34,39,40,51,54,56,59,61,62,63,68,72,73,74,77,79,80,85,86,91,93,95,96,99,100,101,106,107,112,114,115,117,119,120,129,135,137,142,144,146,150,152,159,121,50,65,69,60,110,48,31,66,36,141,131,12,124,83,14,103,151,78,21,82,98,
4to 11:7,14,22,25,27,37,38,40,45,54,56,58,59,62,63,66,69,72,74,76,78,80,83,95,99,100,101,115,122,126,128,129,134,135,137,142,146,150,156,159,60,12,65,157,32,119,93,131,52,96,143,138,39,31,120,154,44,98,125,50,29,
4to 12:5,13,14,16,21,22,27,28,31,34,38,40,54,59,62,64,72,73,74,77,78,79,84,88,89,100,101,107,112,118,122,129,132,135,144,146,148,149,152,156,160,71,98,69,65,60,140,134,44,120,51,49,58,151,7,124,37,103,157,154,23,50,147,138,115,66,
5to 1:7,8,10,14,16,17,18,28,29,30,32,36,41,42,44,45,47,53,58,59,62,69,72,73,78,79,80,90,93,95,101,102,103,105,108,114,116,124,128,130,133,138,140,143,146,150,152,156,160,155,64,49,33,106,145,19,144,158,35,86,25,67,82,50,27,52,31,4,98,147,118,1,107,
5to 2:2,3,4,8,10,12,13,17,20,21,24,26,27,30,31,33,36,39,42,45,50,52,53,56,58,59,60,66,70,71,73,75,79,80,87,92,93,99,104,105,111,112,116,118,119,120,124,125,128,129,133,134,135,143,147,150,152,154,157,144,82,14,155,97,67,96,64,69,25,61,122,19,86,62,100,106,63,
5to 3:1,3,13,14,17,18,21,26,28,29,31,34,35,39,42,45,46,47,50,54,55,60,61,62,66,74,75,76,77,78,80,81,86,87,89,98,99,102,103,104,108,111,112,114,116,124,130,143,151,152,154,157,82,33,155,128,101,105,52,97,73,90,119,27,146,64,44,160,107,23,
5to 4:2,7,10,11,13,20,29,32,34,37,39,40,42,44,51,54,56,58,60,62,66,76,80,82,84,85,93,94,100,104,106,107,108,119,121,129,132,133,134,135,143,146,147,152,156,158,159,19,153,69,35,145,110,31,105,90,124,25,28,89,52,157,21,3,125,64,101,
5to 5:
5to 6:8,11,12,13,14,16,17,18,20,24,26,30,31,35,37,39,41,42,45,47,51,52,53,54,56,58,59,62,64,66,69,71,75,78,79,86,90,92,97,98,102,104,105,107,114,115,116,117,119,120,131,133,135,141,143,146,147,148,150,157,106,49,155,128,137,27,40,67,72,158,101,152,125,132,144,80,118,19,61,138,3,23,63,1,
5to 7:3,4,13,16,18,21,23,31,35,36,37,40,42,43,47,48,51,57,58,60,62,66,70,71,75,76,81,85,86,92,93,95,98,102,103,108,111,114,115,117,118,120,126,127,134,141,146,147,149,152,154,155,157,160,64,5,25,50,82,90,73,72,14,144,15,45,61,44,
5to 8:2,3,7,8,10,11,13,16,19,21,23,24,28,30,31,33,40,41,42,46,47,48,50,52,56,58,59,62,64,66,69,77,78,79,81,82,86,92,95,98,100,101,102,103,104,107,108,112,114,115,116,117,119,120,127,128,129,130,134,141,143,146,148,150,151,152,156,160,4,97,67,72,35,44,106,61,17,138,
5to 9:1,8,13,14,15,20,21,23,32,35,36,39,40,41,42,53,54,57,58,59,62,69,76,77,79,80,85,92,93,98,103,105,106,108,115,116,121,126,127,129,134,143,147,148,151,152,156,157,33,160,31,137,45,90,107,119,155,52,86,73,101,128,19,133,154,63,144,118,
5to 10:1,13,15,17,21,24,28,29,30,33,35,40,45,46,50,51,54,55,56,58,59,61,66,70,78,79,81,87,89,93,95,97,98,99,103,105,112,114,117,118,120,125,127,128,129,133,142,146,151,154,156,158,160,152,155,73,132,77,69,144,68,138,90,82,23,52,86,14,3,135,42,
5to 11:1,2,4,7,8,9,21,22,24,27,29,39,42,44,45,46,47,52,56,58,59,60,64,74,76,77,79,80,83,84,86,89,90,92,93,95,103,105,111,114,115,120,126,130,132,133,141,143,146,150,151,157,160,119,73,14,144,145,25,72,97,62,158,107,61,106,31,101,19,138,23,135,
5to 12:2,3,4,7,8,12,13,16,21,26,28,31,33,36,37,40,42,45,46,47,56,58,64,66,69,73,78,93,100,102,103,105,107,112,114,116,117,118,119,120,125,129,130,132,134,135,143,146,148,149,151,155,157,159,160,158,72,54,152,49,128,145,133,15,124,101,44,80,138,89,62,115,
6to 1:14,19,23,24,26,30,31,32,33,39,44,45,48,49,50,51,53,54,56,57,59,64,67,68,69,72,74,79,83,90,92,93,96,101,102,103,105,108,112,113,114,119,120,124,126,128,131,133,137,148,152,157,158,159,160,11,80,139,36,63,106,8,35,143,116,58,37,42,12,151,132,46,118,40,29,
6to 2:1,4,10,11,12,13,15,16,23,27,30,31,32,35,37,39,42,43,44,45,46,48,49,51,53,60,61,62,64,66,68,69,70,71,72,77,97,99,103,108,115,120,124,128,131,132,135,137,139,140,141,144,147,152,154,158,160,8,52,157,80,112,81,26,22,75,116,36,125,65,106,20,14,21,100,118,143,107,58,
6to 3:4,8,9,13,15,16,23,30,31,32,33,34,37,39,45,46,49,54,55,56,58,60,61,62,63,64,71,72,86,89,91,92,96,97,98,101,103,105,106,107,113,114,115,116,124,126,128,131,135,137,138,140,144,145,146,147,152,155,136,25,14,139,12,130,75,41,108,11,77,20,21,65,40,125,27,29,19,143,74,22,157,120,42,80,47,
6to 4:4,10,11,15,23,26,31,34,35,39,42,44,46,49,50,51,54,59,60,61,62,64,66,71,72,74,83,91,93,99,101,114,116,119,120,124,135,141,144,145,146,148,152,158,159,160,86,22,38,65,118,7,153,104,107,80,13,108,122,78,14,157,40,21,20,58,63,89,16,143,
6to 5:2,3,5,8,9,10,16,27,31,32,35,39,42,43,45,49,50,54,56,58,60,62,66,71,72,75,77,79,89,98,99,100,101,103,108,114,116,117,119,122,123,124,125,126,128,129,133,135,137,144,146,148,154,155,159,160,13,81,104,112,19,46,4,37,52,96,152,106,24,73,132,20,21,61,78,151,86,143,157,118,
6to 6:
6to 7:1,3,10,11,14,24,26,30,39,43,45,51,53,54,56,59,60,61,62,63,64,65,66,70,71,77,83,86,91,93,96,107,108,113,115,118,123,127,133,137,141,144,148,149,158,4,106,152,22,117,136,37,32,89,139,36,9,13,102,75,46,19,12,40,120,103,21,116,38,73,125,132,23,126,85,80,27,157,
6to 8:2,11,15,20,29,30,31,32,33,35,37,39,41,42,48,50,54,56,57,60,62,64,66,67,69,79,91,97,99,100,101,102,114,115,117,119,120,122,123,124,127,128,131,133,137,138,141,142,144,145,147,154,155,136,125,146,94,103,23,104,110,81,130,22,40,116,152,108,106,85,77,16,61,7,52,160,24,157,89,27,80,143,74,107,118,86,4,1,
6to 9:3,4,9,25,31,33,39,42,45,51,53,56,57,59,66,71,79,83,85,90,91,96,99,107,113,114,115,119,124,127,128,129,133,135,139,145,146,150,151,152,155,158,160,153,103,58,21,12,94,16,77,80,116,40,8,36,13,108,65,112,126,101,48,74,61,32,46,106,23,118,157,143,
6to 10:3,12,14,15,17,23,24,26,31,32,35,39,41,43,46,49,50,51,54,55,56,59,62,63,66,67,68,69,70,72,79,84,90,96,98,99,108,113,114,119,120,127,128,129,135,137,138,140,143,160,80,115,47,139,157,136,21,61,118,58,103,9,74,117,112,152,30,25,37,45,78,40,19,151,101,42,48,107,89,16,85,
6to 11:1,2,8,13,16,23,24,30,31,37,39,44,45,48,49,50,54,56,57,58,59,61,62,63,64,71,75,79,83,89,90,91,93,97,98,99,100,101,113,114,118,131,133,137,138,140,141,145,146,147,152,158,160,86,46,143,122,125,126,104,78,81,130,102,38,21,12,9,65,52,14,22,69,27,157,103,4,11,80,74,42,135,
6to 12:2,14,15,20,23,24,30,31,32,33,41,45,46,50,51,53,54,56,57,59,62,63,66,69,71,72,74,78,80,84,91,92,93,98,99,101,103,107,108,113,114,115,119,120,122,125,128,131,132,137,140,144,148,158,159,160,61,139,22,153,81,25,130,112,94,36,13,89,116,11,8,38,40,117,37,151,152,157,19,12,4,48,106,118,143,42,
7to 1:1,8,10,12,15,23,31,35,36,38,42,47,48,53,55,56,58,60,63,64,65,74,80,82,83,85,90,95,96,108,117,120,124,127,128,129,131,133,134,140,142,144,146,148,154,156,5,102,37,70,159,57,67,113,59,43,111,136,3,152,28,105,50,137,86,11,91,4,14,106,126,73,29,101,157,40,
7to 2:1,13,20,22,24,27,31,32,36,39,43,45,47,50,53,55,56,57,59,62,65,66,70,79,80,85,86,93,95,96,97,102,107,108,112,113,117,118,120,124,126,128,131,134,139,142,143,144,146,149,155,156,147,141,9,49,75,3,4,73,25,10,99,133,137,37,11,91,21,74,125,42,
7to 3:1,3,13,16,19,23,25,27,37,38,44,46,57,60,62,63,64,65,69,72,74,75,77,80,86,91,94,96,97,99,100,108,118,120,124,125,128,134,135,137,140,142,143,144,145,146,147,149,155,160,117,89,113,107,101,34,136,73,133,157,32,45,114,127,4,102,50,14,58,126,47,29,24,66,
7to 4:13,14,20,21,23,27,28,31,35,53,60,64,65,66,69,72,73,76,78,80,82,83,93,103,104,106,108,114,115,118,120,123,128,131,132,134,135,144,145,148,157,50,37,49,17,141,88,34,74,146,100,54,137,117,3,125,25,40,101,10,107,62,86,11,154,22,59,
7to 5:1,8,13,15,19,20,23,27,31,35,36,39,42,43,47,50,52,53,55,56,58,61,62,69,72,79,80,82,85,90,93,96,100,102,104,108,112,114,118,120,123,125,129,133,134,135,144,147,148,155,158,14,141,101,28,106,152,107,54,86,159,157,146,4,117,25,137,59,17,73,
7to 6:3,5,8,11,12,13,14,22,23,24,27,29,31,39,43,48,51,52,53,54,55,56,57,60,61,62,65,66,69,71,73,80,85,90,93,100,102,113,118,122,123,126,128,132,135,137,139,140,141,144,145,160,74,99,37,136,146,125,107,49,157,152,9,105,114,106,59,159,75,10,79,91,32,45,50,117,40,47,42,15,63,19,4,1,
7to 7:
7to 8:1,5,8,13,16,23,27,28,29,31,35,38,40,45,46,47,56,60,62,63,66,69,72,73,74,77,80,81,82,91,94,96,103,104,108,120,122,123,126,127,129,134,139,140,143,145,146,155,160,117,100,57,136,4,95,67,102,58,54,141,158,133,32,99,137,15,61,86,106,19,21,24,101,89,59,114,
7to 9:3,8,10,13,14,16,21,24,27,32,36,40,44,45,47,48,51,52,55,56,61,63,64,65,69,71,74,77,82,83,90,94,96,100,103,106,108,112,113,114,115,118,122,126,128,133,134,139,140,143,149,151,154,155,156,160,88,1,11,136,54,141,57,59,50,79,86,70,102,101,93,85,42,157,146,4,125,147,89,
7to 10:10,13,16,17,23,32,39,45,46,47,51,54,55,56,58,60,72,74,78,80,82,85,86,89,90,96,97,98,102,103,108,112,117,118,120,122,123,125,128,129,134,139,144,151,157,160,137,79,43,114,25,113,105,66,88,5,93,158,15,99,3,22,146,14,61,73,42,106,29,63,24,
7to 11:3,9,14,18,21,23,24,27,40,42,46,47,50,56,60,61,62,65,66,72,74,76,80,82,83,86,88,89,90,93,97,98,100,102,103,104,114,117,118,123,126,128,132,134,141,143,145,149,156,157,160,77,59,10,146,109,133,113,57,111,137,29,125,79,11,17,58,22,4,1,63,
7to 12:3,5,12,13,23,27,28,29,31,35,36,37,45,46,47,51,54,56,60,61,62,63,64,71,78,80,89,91,94,98,108,112,114,118,120,125,129,132,133,134,135,136,139,140,142,146,148,149,151,155,156,102,99,79,111,152,101,57,105,159,113,157,75,32,40,42,66,21,15,100,147,59,4,17,14,
8to 1:6,10,14,15,17,21,24,29,30,31,32,35,39,42,45,46,47,50,56,58,59,64,67,68,69,80,82,83,86,88,96,98,106,114,116,119,126,127,128,129,130,131,132,143,146,150,151,152,156,138,108,95,79,104,85,3,23,65,110,117,144,158,101,103,137,48,115,160,16,120,
8to 2:1,10,11,12,16,21,22,28,30,31,32,35,42,47,48,50,57,62,64,68,69,74,77,78,80,82,86,87,88,89,91,96,100,102,104,105,106,115,116,118,122,126,128,133,134,141,143,150,154,156,160,33,131,61,7,108,60,95,71,117,158,15,103,27,140,79,4,138,17,23,19,157,
8to 3:1,7,11,14,15,16,27,28,32,34,39,41,42,47,50,58,60,61,63,68,72,78,80,81,83,85,86,87,91,94,95,96,97,98,102,106,107,114,119,120,124,127,128,130,133,135,136,143,145,146,112,3,57,151,140,71,115,129,44,20,157,126,101,21,132,35,23,24,89,66,4,
8to 4:2,10,22,31,32,33,34,35,36,39,58,62,66,77,80,82,84,86,87,91,94,95,105,114,116,119,122,124,126,128,131,133,134,137,141,143,145,146,156,160,61,21,104,60,129,7,50,79,28,112,158,103,127,74,115,132,19,4,78,101,16,17,157,23,40,1,120,
8to 5:3,4,8,13,14,15,22,24,27,29,31,32,35,38,44,45,49,50,52,58,64,66,69,70,72,77,78,80,82,86,90,98,99,102,105,106,108,110,114,115,116,117,118,122,125,129,130,134,135,143,150,151,152,155,145,147,7,104,25,144,39,2,5,95,33,100,79,132,16,28,21,157,107,56,61,47,160,101,40,42,85,
8to 6:3,4,5,9,11,12,17,23,27,29,30,31,32,41,46,47,50,57,58,63,64,66,70,72,74,78,80,98,102,106,108,114,116,128,129,131,133,135,145,150,152,157,112,42,61,139,158,117,2,137,56,101,71,39,127,15,79,85,103,19,115,107,35,48,16,118,
8to 7:11,15,16,22,29,32,39,48,56,57,58,59,62,72,77,78,82,86,88,89,91,94,96,98,102,103,106,107,108,114,115,117,118,128,129,134,136,143,145,156,81,101,61,65,28,25,60,137,4,47,95,27,74,146,23,64,19,1,
8to 8:
8to 9:16,27,29,31,32,34,40,45,46,57,58,59,60,62,63,67,68,69,80,82,85,86,91,94,96,99,102,103,105,106,115,124,126,128,133,135,145,150,151,156,157,160,104,3,140,139,81,56,101,47,79,137,7,39,44,108,48,89,4,24,74,61,64,146,15,23,
8to 10:1,6,10,14,16,29,30,41,52,58,60,61,62,63,64,67,68,69,72,77,80,81,82,83,84,86,88,89,95,96,97,98,103,114,118,119,120,126,128,133,136,137,143,146,150,154,155,156,3,33,74,129,108,79,37,56,101,110,117,20,160,24,115,70,151,42,23,78,17,157,50,35,140,15,66,
8to 11:1,4,8,16,22,27,32,40,42,44,45,46,48,50,58,59,60,61,62,63,66,67,70,72,73,74,80,84,86,89,91,94,95,97,98,101,102,105,106,115,119,126,127,130,133,137,143,145,146,150,156,157,158,160,2,39,17,71,81,24,79,56,30,132,3,20,147,138,47,
8to 12:1,3,4,5,7,12,13,14,16,20,21,22,29,30,31,32,36,38,40,41,42,44,47,54,58,62,66,69,72,73,80,84,85,91,94,96,98,99,102,106,108,109,112,114,115,117,118,120,122,124,125,128,129,130,134,136,143,146,150,152,156,158,160,2,100,151,27,101,56,81,71,78,61,79,138,103,17,15,89,
9to 1:4,6,12,17,29,31,36,45,57,59,69,70,74,83,90,95,101,103,106,113,120,121,133,134,137,139,144,149,154,156,157,116,148,129,8,151,128,53,33,63,18,27,3,51,152,88,42,127,44,143,91,85,7,119,150,32,48,10,64,15,58,47,108,62,19,135,1,86,
9to 2:1,2,14,20,22,24,32,33,36,39,42,43,46,50,52,55,61,62,66,67,69,74,82,83,84,93,96,98,100,102,106,112,113,126,129,140,143,144,149,156,116,108,31,147,13,12,135,19,48,85,47,71,16,150,92,56,79,70,51,137,124,21,40,122,87,118,155,63,89,128,15,10,45,86,125,115,59,
9to 3:1,4,16,24,25,27,29,32,35,39,46,50,52,57,58,60,71,73,76,77,86,96,98,101,102,103,105,108,113,119,121,125,126,136,137,139,140,143,144,145,146,149,151,154,156,157,21,64,153,134,13,23,87,55,47,104,33,59,45,107,130,123,127,124,132,78,12,128,7,114,135,15,147,14,63,
9to 4:21,33,36,39,46,58,64,67,73,74,78,82,83,86,91,93,96,98,101,103,105,106,120,126,129,133,143,144,145,146,157,160,27,62,148,15,32,19,76,56,140,118,104,40,115,94,122,128,7,116,28,85,77,132,29,134,59,44,31,147,156,135,
9to 5:1,12,13,22,24,29,32,35,36,38,39,42,43,44,45,50,52,55,58,61,67,70,73,76,79,84,85,86,90,92,93,100,101,102,106,108,110,114,116,121,128,134,144,145,146,151,154,156,157,153,104,33,115,122,130,11,155,148,8,129,40,125,23,62,78,27,119,28,150,118,31,80,133,56,64,89,21,47,135,143,
9to 6:4,5,8,12,13,16,17,24,32,35,39,43,45,52,54,55,58,59,60,61,62,64,66,70,73,74,79,80,85,96,98,100,101,102,106,107,108,113,114,119,120,121,128,133,134,142,144,145,148,154,130,118,41,135,91,92,40,153,7,116,21,86,151,33,104,46,124,71,18,48,10,146,125,122,137,11,126,63,56,27,42,89,23,31,143,47,
9to 7:4,10,13,16,17,22,32,35,39,43,46,54,57,62,65,73,74,76,83,89,92,93,95,96,98,100,101,102,106,108,113,114,125,127,133,136,139,144,156,157,71,85,47,79,129,27,148,154,28,53,94,159,103,18,140,137,91,134,90,15,146,21,59,118,128,70,31,3,135,126,107,
9to 8:1,4,5,8,12,14,23,32,33,35,38,39,40,45,46,52,57,58,59,61,62,65,66,69,70,73,74,77,83,84,91,92,95,96,98,100,101,102,106,108,114,120,129,136,140,142,145,146,148,156,158,3,94,56,13,41,7,47,150,42,116,104,130,88,143,124,118,128,155,151,79,127,122,137,48,103,21,44,126,115,15,85,86,19,31,80,64,16,
9to 9:
9to 10:6,22,23,24,25,29,32,39,42,43,46,47,48,50,59,62,64,65,69,73,74,78,82,83,89,93,95,96,99,101,102,103,108,112,113,121,124,125,126,127,136,139,142,144,149,122,55,123,13,45,41,17,1,134,151,12,87,10,28,77,15,79,16,150,128,91,129,114,72,143,63,31,3,140,66,156,118,19,85,
9to 11:9,16,21,22,24,27,29,31,35,39,42,46,48,50,52,57,58,61,62,63,65,70,71,73,83,91,93,95,100,101,102,113,114,125,126,128,133,134,135,140,145,149,156,157,159,94,123,76,90,79,1,130,115,64,92,10,44,8,147,150,40,3,7,59,118,86,45,23,80,47,
9to 12:5,6,16,22,24,25,27,31,32,36,57,58,59,60,62,65,66,69,71,73,79,80,82,89,91,100,102,103,106,113,128,133,139,143,152,154,156,157,159,33,13,123,34,41,46,151,122,53,148,137,150,56,135,44,47,129,7,45,119,42,134,90,155,124,78,40,63,115,146,140,21,48,118,85,
10to 1:1,3,6,10,12,14,15,18,19,25,26,30,33,35,36,40,41,42,43,44,46,50,52,53,54,63,64,66,67,68,73,79,87,88,95,106,107,108,120,121,124,127,128,134,136,138,139,140,143,146,148,150,151,154,144,24,112,55,105,97,99,152,20,56,83,59,74,155,58,118,160,82,29,16,
10to 2:1,2,9,10,12,14,16,17,19,23,24,25,29,31,35,36,48,50,55,56,60,61,63,68,70,73,75,79,80,82,83,84,85,95,98,99,100,106,108,115,118,123,124,128,137,139,144,146,150,155,156,157,72,30,134,15,110,97,112,46,74,93,3,129,51,20,62,77,58,140,120,66,47,
10to 3:1,10,14,15,16,21,23,24,29,33,35,40,41,42,45,50,52,55,56,60,62,63,64,66,77,78,80,83,89,91,97,98,101,107,108,115,119,120,121,124,126,127,128,130,136,139,140,146,151,157,160,110,105,26,70,46,3,82,149,155,37,99,138,22,93,86,47,100,
10to 4:6,10,14,15,17,19,21,23,25,26,28,29,32,35,37,40,42,48,50,52,54,59,60,61,62,77,78,84,87,88,89,91,101,103,108,115,118,120,121,125,129,131,134,137,140,141,143,144,148,151,156,157,51,73,85,99,114,117,3,24,63,83,124,160,66,86,122,72,82,74,45,
10to 5:1,3,12,14,15,21,23,24,25,29,31,35,42,47,50,55,56,61,62,64,66,69,76,78,79,82,84,86,87,95,97,98,99,114,115,118,120,121,122,123,126,130,137,141,144,148,150,151,152,154,156,70,113,155,116,51,45,135,112,160,13,17,158,129,77,124,134,37,101,16,93,73,157,
10to 6:1,3,9,12,14,16,18,19,21,22,23,24,30,31,32,35,39,40,41,42,44,45,46,50,55,56,58,60,64,72,74,75,78,79,80,86,98,100,105,106,114,118,120,121,125,126,128,130,131,133,136,137,139,140,143,150,151,77,26,61,51,116,113,37,122,142,25,129,101,152,99,158,144,155,85,73,93,160,15,66,63,
10to 7:1,3,10,12,14,15,16,18,23,25,26,29,36,37,43,47,50,53,54,55,60,66,80,89,90,91,95,98,99,100,102,103,107,114,120,123,126,128,129,131,133,136,139,140,144,148,149,151,154,156,160,65,77,132,72,42,110,86,85,155,93,97,117,11,46,134,56,73,83,58,59,101,48,74,24,61,62,115,21,63,
10to 8:1,12,14,16,19,22,23,24,28,32,35,41,42,45,47,50,56,62,64,65,67,72,77,79,80,83,84,86,87,88,89,91,94,95,97,98,101,102,106,108,110,115,118,120,122,123,127,128,130,131,136,137,139,141,143,144,146,147,150,151,154,156,157,160,134,117,158,15,129,113,66,81,30,112,17,48,124,70,3,74,73,61,140,63,114,
10to 9:1,6,10,14,15,16,22,23,29,32,33,34,36,41,46,48,51,52,54,55,60,61,63,64,73,76,82,84,87,89,91,94,99,100,101,102,103,107,108,114,118,121,124,126,128,129,133,134,136,139,140,141,144,151,155,156,152,83,79,142,85,58,135,17,77,74,3,93,115,59,24,
10to 10:
10to 11:3,14,16,17,21,24,25,30,44,47,48,50,52,54,59,62,63,64,68,72,73,78,79,80,84,87,88,89,90,91,97,99,102,107,118,119,120,123,125,129,130,131,137,138,143,150,151,152,154,156,160,83,22,61,117,69,77,112,132,56,20,46,158,86,93,58,74,157,42,
10to 12:6,10,14,21,23,24,28,29,30,32,36,40,42,48,50,51,53,54,58,60,61,62,72,73,77,78,79,82,86,87,89,90,91,94,96,100,102,103,105,115,120,122,131,136,139,140,143,148,151,152,160,134,45,97,46,68,144,26,158,99,113,13,118,66,129,25,135,157,149,17,3,16,59,74,15,31,
11to 1:3,9,11,14,16,17,19,20,24,27,29,31,35,39,42,44,45,46,53,56,58,59,62,63,67,82,83,86,87,90,95,100,101,103,107,111,113,115,117,118,120,128,131,133,135,138,140,143,146,147,149,150,152,154,156,157,158,160,79,6,12,119,18,38,52,92,130,8,32,30,102,77,93,64,
11to 2:3,4,8,11,13,14,16,19,20,21,24,27,29,35,45,47,48,50,56,58,61,63,66,67,70,73,74,75,82,83,86,87,91,95,97,99,100,102,105,111,117,118,119,123,125,128,131,132,137,140,141,147,150,156,158,72,39,2,104,143,60,84,38,122,46,18,30,10,32,12,93,98,149,80,62,89,44,133,1,17,115,64,31,59,22,
11to 3:3,7,9,12,13,16,18,21,22,23,27,29,37,42,44,45,46,50,54,57,58,61,63,72,73,75,77,78,80,81,83,86,87,91,97,98,99,101,103,105,107,111,112,113,120,123,125,128,130,131,133,138,140,143,145,147,149,154,156,157,160,126,32,146,119,94,38,142,30,92,122,24,62,71,39,102,90,69,89,114,14,
11to 4:2,3,14,19,21,22,23,27,40,42,45,50,54,56,58,61,64,67,73,74,76,78,80,86,88,89,91,95,101,103,105,115,120,123,124,126,127,135,141,149,157,158,69,92,71,39,133,144,60,38,96,37,98,83,119,146,52,138,114,90,10,11,72,46,31,143,93,1,32,154,44,62,
11to 5:2,4,8,11,13,14,16,17,21,24,27,31,35,39,40,42,44,48,52,54,56,58,59,61,62,63,64,67,73,78,79,86,87,90,95,97,98,101,102,105,113,115,118,124,125,126,128,129,133,134,137,141,143,149,150,152,154,156,157,160,84,144,92,123,72,130,69,18,10,1,114,12,80,146,47,135,
11to 6:8,13,14,16,19,21,23,27,29,31,37,40,42,44,47,50,54,56,59,61,62,63,64,71,73,90,97,99,101,106,113,115,116,117,120,123,126,127,128,129,130,131,132,137,141,143,147,150,152,158,160,80,30,12,102,39,83,46,148,22,84,98,133,135,119,96,74,72,79,24,11,89,114,32,
11to 7:4,11,13,14,15,21,27,29,32,35,39,40,42,45,50,53,54,56,58,61,65,66,70,72,73,75,76,81,82,93,100,103,106,107,111,113,120,125,126,127,141,146,152,156,157,158,159,160,96,115,10,123,83,71,142,102,144,47,60,149,89,77,44,122,69,59,98,74,24,22,80,62,1,
11to 8:1,2,4,8,16,19,21,30,31,35,37,39,40,42,44,46,48,50,56,58,61,65,67,71,72,73,77,81,82,83,86,89,91,95,97,99,101,103,106,112,113,114,116,119,120,124,125,126,127,128,129,130,131,134,135,137,138,141,145,150,151,152,156,158,160,123,84,69,47,148,102,96,79,62,12,38,147,115,143,59,98,80,22,146,64,
11to 9:3,15,21,32,40,42,46,48,58,59,61,62,71,73,77,80,86,87,90,91,98,100,101,102,103,105,106,107,113,115,116,119,127,128,137,143,145,149,152,156,157,158,79,92,1,56,148,150,39,93,18,133,60,8,135,83,74,14,38,89,69,114,22,31,64,125,144,
11to 10:3,9,12,15,16,19,22,23,25,29,30,31,35,42,45,46,48,50,52,54,56,58,61,62,65,70,72,73,74,79,81,87,95,97,98,99,100,103,113,116,117,118,120,123,125,126,127,134,135,137,138,143,147,150,152,156,157,160,11,133,83,93,6,60,18,59,80,149,115,144,64,24,14,1,
11to 11:
11to 12:2,7,8,11,14,21,24,27,29,31,35,40,42,44,45,46,53,54,56,58,59,61,64,65,68,69,78,79,88,89,91,93,97,99,100,101,103,111,112,113,115,123,125,128,129,131,132,133,135,140,150,152,156,157,158,160,72,84,119,38,92,130,71,143,80,77,142,52,102,122,149,114,4,23,47,62,1,
12to 1:1,11,12,14,29,31,32,33,36,37,38,40,42,46,47,51,62,63,64,72,74,82,85,91,100,101,103,105,106,107,108,114,116,118,119,124,128,132,134,139,140,142,143,146,148,152,157,158,160,149,68,130,53,131,117,92,48,87,3,154,17,151,52,56,58,78,59,120,21,15,
12to 2:3,11,13,14,15,17,22,28,31,36,51,56,57,60,62,64,66,68,77,79,91,93,102,103,105,106,108,111,112,116,118,122,123,125,128,132,133,134,139,142,146,147,150,152,154,155,157,158,160,71,100,149,45,48,33,34,96,53,73,148,131,70,32,52,97,78,89,98,143,61,140,59,4,24,
12to 3:1,3,7,12,13,14,15,20,23,27,28,33,38,39,41,42,50,56,57,60,62,64,66,69,71,73,77,78,81,86,91,100,101,102,105,107,112,115,119,124,133,135,138,139,142,146,147,151,152,153,156,111,54,148,108,92,58,21,18,32,34,149,130,131,159,97,52,68,25,89,72,37,29,44,45,31,134,157,140,143,120,
12to 4:3,7,11,14,15,22,26,28,37,39,40,49,56,58,62,63,64,69,71,74,80,87,88,91,94,99,101,105,112,116,117,118,119,121,122,124,135,142,143,144,146,147,148,152,157,158,159,33,52,53,27,96,68,50,2,54,21,23,45,154,151,66,103,106,160,126,73,31,82,134,59,
12to 5:1,5,13,14,17,22,28,29,31,36,37,46,47,49,60,62,77,78,79,85,86,97,99,102,103,105,106,113,115,118,119,121,125,128,129,132,133,135,142,146,147,152,153,154,157,33,148,50,100,151,3,53,73,98,90,56,130,19,2,134,58,72,143,87,4,38,27,138,114,69,42,52,54,101,160,108,44,21,66,
12to 6:9,12,15,26,32,36,40,45,46,50,56,57,58,61,62,66,77,80,85,89,90,91,97,102,103,112,113,114,115,116,118,120,122,124,128,129,135,139,140,146,149,152,158,160,100,24,52,13,126,25,53,71,63,37,151,153,34,101,159,108,42,3,48,31,7,27,143,44,17,
12to 7:4,10,11,14,23,27,28,32,40,46,47,52,53,57,58,60,61,62,64,65,71,74,77,79,80,81,82,89,91,94,100,101,102,103,106,111,118,120,123,129,137,139,144,148,149,157,158,159,133,117,109,15,56,78,108,54,29,37,66,151,42,59,
12to 8:4,7,13,19,39,40,42,47,50,54,56,58,59,60,61,62,66,69,74,77,81,87,91,94,106,107,113,116,117,118,119,120,122,128,129,133,139,144,145,146,150,151,154,37,21,68,130,78,131,2,33,100,38,32,158,27,15,101,16,73,138,29,103,89,31,134,115,98,143,24,
12to 9:1,12,14,27,29,33,36,40,42,44,46,47,54,57,58,59,62,64,69,71,73,80,85,88,90,91,93,99,101,105,107,108,114,115,118,122,128,129,134,139,140,142,144,146,151,155,156,157,158,160,87,132,25,124,102,84,148,149,34,52,66,32,70,143,106,100,78,48,89,154,31,
12to 10:13,14,16,20,21,26,29,31,36,40,42,49,54,59,61,62,64,73,74,75,77,78,79,81,86,88,89,101,106,112,118,119,121,122,124,125,128,135,138,139,140,143,149,151,152,155,156,157,58,56,3,84,72,108,102,15,159,97,103,48,66,44,120,32,99,126,37,134,100,23,
12to 11:4,12,14,20,21,22,23,30,39,46,49,61,62,66,71,73,79,83,89,90,91,94,99,105,107,111,115,117,119,120,123,133,135,138,140,146,147,151,152,156,157,158,148,84,102,149,2,92,159,38,97,34,44,48,87,50,126,45,42,58,100,56,27,160,114,29,143,59,101,31,
12to 12:

cell1:5,8,4,7,10,3,11,6,2,12,9,
cell2:8,12,9,6,10,7,1,5,4,3,11,
cell3:12,6,1,7,11,5,4,10,9,8,2,
cell4:3,1,2,6,5,10,12,9,11,8,7,
cell5:1,10,9,8,4,3,11,12,2,7,6,
cell6:9,3,1,2,10,11,4,12,7,8,5,
cell7:5,12,3,10,4,6,11,1,8,9,2,
cell8:12,3,6,1,11,9,7,10,5,2,4,
cell9:5,11,2,3,10,7,6,1,8,12,4,
cell10:6,8,5,12,1,7,2,4,11,3,9,
cell11:3,5,6,4,2,12,1,7,10,8,9,
cell12:11,4,9,6,2,10,5,7,3,1,8,
