machine1:0,17,220,55,160,218,58,105,174,113,145,128,75,34,170,100,209,146,134,61,41,112,46,208,199,48,24,108,83,177,161,196,131,7,219,76,97,148,162,216,68,116,119,20,178,66,152,205,121,132,147,176,56,14,187,126,37,127,80,94,204,141,106,74,163,22,27,171,87,69,111,72,197,16,51,35,214,120,185,114,15,109,125,159,138,32,164,107,99,77,93,67,40,65,73,133,184,142,166,101,207,29,192,12,149,23,155,206,44,202,213,86,135,130,203,129,89,123,167,122,9,6,165,201,215,45,90,115,118,19,2,96,1,110,57,53,88,193,42,198,50,182,189,195,186,84,217,200,43,91,191,52,95,64,140,136,28,158,139,82,151,70,54,144,4,154,188,36,157,179,10,8,211,85,78,210,62,181,98,117,11,25,18,63,47,81,143,71,60,150,175,31,102,38,168,180,103,13,92,172,59,156,173,79,169,5,21,49,3,124,30,26,104,39,212,33,153,183,194,137,190,
machine2:0,17,55,160,218,58,105,174,113,145,128,75,34,170,100,209,146,134,61,41,46,208,199,48,24,108,83,177,161,196,131,7,76,97,148,162,216,68,116,119,20,178,66,152,205,121,132,147,176,14,187,126,37,80,94,204,141,74,163,22,171,69,111,72,16,35,214,120,15,109,125,159,32,164,107,99,77,67,40,65,73,133,184,166,101,207,29,192,23,155,206,44,202,213,135,130,203,129,123,167,122,6,201,45,90,115,118,19,2,96,1,57,53,88,193,198,50,182,189,195,186,84,217,200,43,91,191,64,140,136,28,158,139,82,151,70,54,144,154,36,157,10,8,211,85,78,210,62,181,117,11,25,18,63,47,81,143,71,60,175,31,102,38,168,180,103,92,172,59,156,173,169,21,49,3,124,30,26,104,39,33,153,183,137,190,
machine3:0,160,218,58,174,113,145,128,170,100,209,41,46,208,48,24,108,83,161,131,7,76,97,148,162,68,119,178,152,205,121,132,147,176,187,126,37,80,94,204,141,163,22,171,111,72,214,120,109,125,32,99,67,65,73,184,166,101,23,155,213,135,203,123,122,6,201,45,115,118,19,2,1,57,53,88,193,189,195,84,217,200,43,91,191,64,28,158,139,151,154,157,10,8,78,210,181,117,25,18,63,47,81,143,71,60,31,38,168,92,172,156,21,49,3,124,26,104,39,153,183,
machine4:0,17,220,160,218,58,105,174,145,128,34,170,100,209,61,112,208,48,24,108,161,219,76,148,162,216,68,116,119,20,178,66,152,205,121,132,147,176,14,187,126,37,127,80,94,204,141,106,74,163,22,27,171,87,69,111,72,197,16,51,35,214,120,185,114,15,109,125,159,138,32,164,107,99,77,93,67,40,65,73,133,184,142,166,101,207,29,192,12,149,23,155,206,44,202,213,86,135,130,203,129,89,123,167,122,9,6,165,201,215,45,90,115,118,19,2,96,1,110,57,53,88,193,42,198,50,182,189,195,186,84,217,200,43,91,191,52,95,64,140,136,28,158,139,82,151,70,54,144,4,154,188,36,157,179,10,8,211,85,78,210,62,181,98,117,11,25,18,63,47,81,143,71,60,150,175,31,102,38,168,180,103,13,92,172,59,156,173,79,169,5,21,49,3,124,30,26,104,39,212,33,153,183,194,137,190,
machine5:0,17,220,160,218,58,105,170,100,209,61,112,48,24,108,161,219,76,148,162,216,68,116,119,20,178,205,121,132,176,126,37,127,80,94,204,141,106,74,163,27,87,69,111,72,197,16,51,35,214,120,185,114,15,109,125,159,138,164,107,99,77,93,67,40,65,73,133,184,166,101,29,192,12,149,23,155,206,44,202,213,86,135,203,129,89,123,167,122,9,6,165,201,215,45,90,115,118,2,96,110,57,53,88,193,42,198,50,182,189,195,186,84,217,200,43,91,191,95,64,140,136,28,158,139,82,151,70,54,4,154,188,36,157,179,10,8,211,85,210,62,181,117,25,18,47,81,143,71,60,150,31,102,38,180,13,172,59,169,21,49,3,124,30,26,104,39,212,183,194,137,190,
machine6:0,17,218,58,105,170,48,108,219,76,162,68,119,20,178,121,132,176,127,80,94,204,141,74,163,27,87,72,197,16,51,35,214,185,125,138,107,99,40,65,133,166,149,23,206,44,202,213,86,135,203,129,89,167,6,165,201,215,90,115,96,110,57,53,88,193,198,50,182,189,195,186,200,43,91,191,95,64,136,28,139,151,70,54,154,188,157,179,10,8,211,85,62,181,117,25,143,71,60,150,31,180,13,169,49,3,124,30,212,183,190,
machine7:0,17,55,160,218,58,105,113,34,170,100,209,146,134,112,46,199,83,177,196,7,219,76,97,148,162,216,68,116,20,152,205,121,147,56,14,126,37,127,94,74,87,69,16,35,185,114,15,125,93,65,73,133,184,142,166,12,149,135,130,122,9,201,96,88,42,186,84,140,82,70,4,10,85,181,98,11,25,18,47,143,71,60,175,102,38,168,103,92,172,156,173,79,5,21,49,39,153,194,
machine8:0,17,220,55,160,218,58,105,113,145,128,75,34,170,100,209,146,134,112,46,208,199,48,24,108,83,177,161,196,131,7,219,76,97,148,162,216,68,116,119,20,178,66,152,205,121,132,147,56,14,187,126,37,127,94,204,141,74,163,22,171,87,69,197,16,35,185,114,15,109,125,159,32,164,77,93,40,65,73,133,184,142,166,101,207,29,192,12,149,155,213,86,135,130,129,123,167,122,9,6,201,90,96,110,57,88,42,189,195,186,84,43,91,191,52,95,64,140,136,28,158,82,151,70,54,144,4,188,36,157,10,8,211,85,210,62,181,98,11,25,18,63,47,143,71,60,150,175,31,102,38,168,103,13,92,172,156,173,79,169,5,21,49,3,124,30,26,39,33,153,183,194,137,
machine9:0,17,220,55,160,113,128,75,34,100,209,41,112,208,48,108,161,196,131,219,97,148,116,119,20,152,205,132,56,126,37,127,80,141,106,163,22,27,69,72,16,35,214,120,109,164,107,93,73,142,101,29,23,44,202,86,6,45,19,1,110,57,42,50,186,84,43,91,191,52,95,64,136,28,82,151,70,54,154,36,157,211,85,62,98,117,11,18,63,47,150,175,102,38,168,180,103,13,92,172,59,156,173,79,5,21,3,124,26,104,33,183,194,137,
machine10:0,17,220,55,160,105,174,113,128,75,34,170,100,209,146,134,61,41,112,46,208,199,48,108,83,177,161,196,131,7,219,76,97,148,162,116,119,20,178,66,152,205,132,147,56,187,126,37,127,80,94,204,141,106,163,22,27,87,69,111,72,16,51,35,214,120,185,15,109,138,32,164,107,99,77,93,40,65,73,133,184,142,166,101,207,29,12,149,23,155,206,44,202,86,135,130,89,123,167,6,165,201,215,45,90,115,118,19,2,1,110,57,88,42,198,50,182,189,195,186,84,200,43,91,191,52,95,64,136,28,139,82,151,70,54,144,4,154,188,36,157,179,8,211,85,78,210,62,181,98,117,11,25,18,63,47,81,143,150,175,31,102,38,168,180,103,13,92,172,59,156,173,79,5,21,49,3,124,30,26,104,39,212,33,153,183,194,137,190,

1to 1:
1to 2:192,53,165,40,67,107,193,171,212,153,122,158,19,71,203,217,87,207,26,93,169,197,15,202,109,129,57,33,62,94,16,52,155,190,86,154,188,180,117,79,42,63,213,189,13,167,60,98,156,8,102,88,39,31,21,3,157,168,143,17,
1to 3:114,134,159,56,187,46,14,131,74,196,11,83,147,218,66,58,130,7,216,181,136,185,4,194,148,12,28,36,186,161,73,65,43,116,10,20,191,119,95,184,103,219,92,201,47,205,54,91,
1to 4:174,215,206,61,78,27,177,138,115,118,22,99,128,179,55,139,34,150,199,2,220,214,182,59,29,183,132,32,126,164,200,49,152,25,162,105,137,160,108,170,172,70,30,64,85,76,166,
2to 1:145,106,174,114,159,176,61,78,1,144,138,72,74,89,198,68,128,179,124,147,218,66,58,50,220,211,59,216,112,80,210,136,142,90,185,132,121,44,200,148,151,209,161,65,152,163,37,69,116,162,105,20,160,108,133,175,119,219,30,76,205,54,166,91,
2to 2:
2to 3:192,40,5,24,122,125,149,9,208,87,207,169,197,140,34,150,109,29,16,84,204,183,48,79,126,96,63,35,213,189,98,141,6,102,100,135,39,137,170,3,64,85,143,
2to 4:187,111,212,153,51,19,23,178,120,11,15,195,45,81,77,123,104,62,101,130,94,127,190,86,154,188,117,4,42,173,194,12,28,167,156,8,110,18,31,38,95,157,201,82,
3to 1:5,24,171,125,158,149,71,9,208,26,140,195,34,97,129,199,57,33,62,94,127,155,86,204,48,126,96,173,35,13,60,141,6,100,88,135,18,21,170,172,82,17,
3to 2:145,14,178,22,68,128,124,77,123,101,112,181,210,142,132,32,121,4,194,164,28,49,186,163,37,25,43,110,162,10,38,191,70,92,30,201,47,166,
3to 3:
3to 4:113,56,40,146,75,144,87,196,93,211,7,16,52,84,136,90,185,148,189,151,36,209,73,102,69,116,39,20,133,175,119,184,103,219,3,168,143,205,54,91,
4to 1:113,134,187,165,41,146,107,111,46,75,51,23,131,178,120,207,93,11,45,202,83,81,109,77,123,104,101,130,181,52,84,180,79,63,12,186,98,43,110,38,191,95,92,168,47,
4to 2:106,215,206,5,27,1,144,149,72,115,208,118,89,198,99,139,147,150,66,2,50,211,214,182,29,80,204,183,90,48,44,35,151,36,209,161,73,65,141,6,100,135,69,137,133,175,172,184,103,64,85,
4to 3:153,177,22,26,15,195,55,124,97,57,33,220,112,127,210,155,142,188,32,42,173,164,49,13,167,152,163,156,37,8,25,88,18,105,160,31,108,21,70,157,76,82,17,
4to 4:

cell1:2,4,3,
cell2:4,3,1,
cell3:1,2,4,
cell4:1,2,3,
