10 100 5 5 5

1 1 2 2 3 3 4 4 5 5 

0 15 18 27 18 
9 0 9 14 11 
8 28 0 24 28 
22 18 17 0 14 
22 17 26 19 0 

0 1 1 1 1 
1 0 1 1 1 
1 1 0 1 1 
1 1 1 0 1 
1 1 1 1 0 

6 7 5 9 9 9 8 8 7 7 
5 9 5 6 8 5 9 5 5 9 
5 5 7 7 7 7 5 8 5 7 
7 8 6 5 6 5 8 9 9 9 
5 6 6 8 8 6 8 9 5 8 

9    1    4932    0.2    9864
0 0 59 0 0 0 0 0 0 0 
0 0 0 23 0 0 0 0 0 0 
0 0 0 0 0 0 0 0 88 0 
0 0 0 0 0 0 0 0 0 93 
32 0 0 0 0 0 0 0 0 0 
0 2 0 0 0 0 0 0 0 0 
0 0 0 0 0 0 0 98 0 0 
0 0 0 0 89 0 0 0 0 0 
0 0 0 0 0 63 0 0 0 0 
6    3    3522    0.4    7044
0 0 0 0 0 70 0 0 0 0 
0 0 0 80 0 0 0 0 0 0 
0 0 0 0 0 0 0 96 0 0 
0 0 0 0 0 0 0 0 60 0 
0 0 0 0 0 0 0 0 0 11 
0 18 0 0 0 0 0 0 0 0 
6    4    1188    0.2    2376
0 0 0 0 0 0 0 0 54 0 
0 0 0 0 0 0 0 0 0 26 
2 0 0 0 0 0 0 0 0 0 
0 2 0 0 0 0 0 0 0 0 
0 0 37 0 0 0 0 0 0 0 
0 0 0 51 0 0 0 0 0 0 
9    2    3993    0.1    7986
0 0 0 76 0 0 0 0 0 0 
0 0 0 0 95 0 0 0 0 0 
0 0 0 0 0 25 0 0 0 0 
0 0 0 0 0 0 0 0 9 0 
0 0 0 0 0 0 0 0 0 44 
4 0 0 0 0 0 0 0 0 0 
0 48 0 0 0 0 0 0 0 0 
0 0 0 0 0 0 68 0 0 0 
0 0 0 0 0 0 0 81 0 0 
6    3    3102    0.4    6204
0 0 0 0 0 0 0 0 0 67 
0 0 0 0 0 78 0 0 0 0 
0 0 0 0 0 0 0 46 0 0 
0 0 0 51 0 0 0 0 0 0 
70 0 0 0 0 0 0 0 0 0 
0 9 0 0 0 0 0 0 0 0 
8    0    3318    0.5    6636
0 17 0 0 0 0 0 0 0 0 
0 0 0 0 0 0 0 97 0 0 
0 0 22 0 0 0 0 0 0 0 
0 0 0 100 0 0 0 0 0 0 
0 0 0 0 0 0 0 0 35 0 
0 0 0 0 0 0 0 0 0 20 
0 0 0 0 29 0 0 0 0 0 
0 0 0 0 0 72 0 0 0 0 
5    0    1980    0.7    3960
0 0 0 0 0 0 57 0 0 0 
0 0 0 0 0 0 0 65 0 0 
0 92 0 0 0 0 0 0 0 0 
0 0 17 0 0 0 0 0 0 0 
0 0 0 37 0 0 0 0 0 0 
8    3    4812    0.7    9624
63 0 0 0 0 0 0 0 0 0 
0 64 0 0 0 0 0 0 0 0 
0 0 0 0 0 0 0 0 91 0 
0 0 0 0 0 0 0 0 0 80 
0 0 0 0 0 0 96 0 0 0 
0 0 0 0 0 0 0 93 0 0 
0 0 0 0 64 0 0 0 0 0 
0 0 0 0 0 95 0 0 0 0 
7    3    2997    0.3    5994
0 0 0 0 2 0 0 0 0 0 
0 0 0 0 0 76 0 0 0 0 
0 0 0 58 0 0 0 0 0 0 
0 0 0 0 0 0 0 0 0 65 
0 0 0 0 0 0 0 8 0 0 
58 0 0 0 0 0 0 0 0 0 
0 50 0 0 0 0 0 0 0 0 
6    2    2844    0.8    5688
0 0 0 0 0 0 0 0 0 84 
0 0 0 0 0 47 0 0 0 0 
0 0 92 0 0 0 0 0 0 0 
0 0 0 47 0 0 0 0 0 0 
89 0 0 0 0 0 0 0 0 0 
0 36 0 0 0 0 0 0 0 0 
7    3    3081    0.2    6162
0 36 0 0 0 0 0 0 0 0 
0 0 0 0 0 0 97 0 0 0 
0 0 0 0 0 0 0 71 0 0 
0 0 0 0 0 0 0 0 71 0 
0 0 0 0 0 0 0 0 0 30 
0 0 96 0 0 0 0 0 0 0 
0 0 0 9 0 0 0 0 0 0 
5    0    1437    0.9    2874
0 0 0 0 0 7 0 0 0 0 
99 0 0 0 0 0 0 0 0 0 
0 88 0 0 0 0 0 0 0 0 
0 0 0 0 0 0 0 0 29 0 
0 0 0 0 0 0 0 0 0 10 
7    4    2481    0.5    4962
0 61 0 0 0 0 0 0 0 0 
0 0 39 0 0 0 0 0 0 0 
0 0 0 34 0 0 0 0 0 0 
0 0 0 0 0 6 0 0 0 0 
0 0 0 0 0 0 0 33 0 0 
0 0 0 0 0 0 0 0 82 0 
0 0 0 0 0 0 0 0 0 16 
9    1    3249    0.7    6498
0 0 0 0 8 0 0 0 0 0 
0 0 0 0 0 84 0 0 0 0 
0 0 0 0 0 0 39 0 0 0 
0 0 0 0 0 0 0 3 0 0 
0 0 68 0 0 0 0 0 0 0 
0 0 0 33 0 0 0 0 0 0 
0 18 0 0 0 0 0 0 0 0 
0 0 0 0 0 0 0 0 19 0 
0 0 0 0 0 0 0 0 0 46 
9    1    6303    0.1    12606
80 0 0 0 0 0 0 0 0 0 
0 69 0 0 0 0 0 0 0 0 
0 0 0 0 99 0 0 0 0 0 
0 0 0 0 0 84 0 0 0 0 
0 0 64 0 0 0 0 0 0 0 
0 0 0 75 0 0 0 0 0 0 
0 0 0 0 0 0 0 1 0 0 
0 0 0 0 0 0 0 0 55 0 
0 0 0 0 0 0 0 0 0 90 
9    2    5172    0.2    10344
0 0 0 0 0 0 59 0 0 0 
0 0 0 0 0 0 0 51 0 0 
0 0 77 0 0 0 0 0 0 0 
0 0 0 32 0 0 0 0 0 0 
0 0 0 0 0 0 0 0 69 0 
0 0 0 0 0 0 0 0 0 67 
0 0 0 0 76 0 0 0 0 0 
0 0 0 0 0 51 0 0 0 0 
0 21 0 0 0 0 0 0 0 0 
6    4    2004    0.6    4008
0 0 0 0 0 0 0 0 9 0 
0 0 0 0 0 0 0 0 0 25 
0 0 0 0 0 87 0 0 0 0 
0 0 0 42 0 0 0 0 0 0 
40 0 0 0 0 0 0 0 0 0 
0 79 0 0 0 0 0 0 0 0 
9    2    4446    0.3    8892
59 0 0 0 0 0 0 0 0 0 
0 63 0 0 0 0 0 0 0 0 
0 0 77 0 0 0 0 0 0 0 
0 0 0 48 0 0 0 0 0 0 
0 0 0 0 40 0 0 0 0 0 
0 0 0 0 0 12 0 0 0 0 
0 0 0 0 0 0 0 10 0 0 
0 0 0 0 0 0 0 0 99 0 
0 0 0 0 0 0 0 0 0 49 
9    1    5253    0.2    10506
0 0 0 0 0 0 0 0 100 0 
0 0 0 0 0 0 0 0 0 26 
0 0 0 0 66 0 0 0 0 0 
0 0 0 0 0 35 0 0 0 0 
0 0 67 0 0 0 0 0 0 0 
0 0 0 71 0 0 0 0 0 0 
0 0 0 0 0 0 52 0 0 0 
0 0 0 0 0 0 0 16 0 0 
0 99 0 0 0 0 0 0 0 0 
7    1    1503    0.7    3006
0 0 0 0 0 0 0 4 0 0 
43 0 0 0 0 0 0 0 0 0 
0 21 0 0 0 0 0 0 0 0 
0 0 0 0 0 0 0 0 52 0 
0 0 0 0 0 0 0 0 0 54 
0 0 11 0 0 0 0 0 0 0 
0 0 0 6 0 0 0 0 0 0 
8    2    2193    0.1    4386
0 0 0 0 0 0 0 0 7 0 
0 0 0 0 0 0 0 0 0 54 
0 0 0 0 69 0 0 0 0 0 
0 0 0 0 0 22 0 0 0 0 
9 0 0 0 0 0 0 0 0 0 
0 4 0 0 0 0 0 0 0 0 
0 0 86 0 0 0 0 0 0 0 
0 0 0 30 0 0 0 0 0 0 
6    3    2451    0.9    4902
0 0 0 0 0 9 0 0 0 0 
0 0 0 0 0 0 65 0 0 0 
0 0 0 0 0 0 0 29 0 0 
0 37 0 0 0 0 0 0 0 0 
0 0 0 0 0 0 0 0 0 72 
0 0 0 77 0 0 0 0 0 0 
9    3    4083    0.3    8166
0 0 0 0 0 0 0 0 95 0 
0 0 0 0 0 0 0 0 0 11 
0 0 0 0 0 0 0 96 0 0 
5 0 0 0 0 0 0 0 0 0 
0 68 0 0 0 0 0 0 0 0 
0 0 6 0 0 0 0 0 0 0 
0 0 0 22 0 0 0 0 0 0 
0 0 0 0 71 0 0 0 0 0 
0 0 0 0 0 45 0 0 0 0 
8    0    2154    0.1    4308
0 0 0 0 0 30 0 0 0 0 
0 34 0 0 0 0 0 0 0 0 
0 0 64 0 0 0 0 0 0 0 
0 0 0 9 0 0 0 0 0 0 
0 0 0 0 0 0 0 0 7 0 
0 0 0 0 0 0 0 0 0 67 
0 0 0 0 0 0 24 0 0 0 
0 0 0 0 0 0 0 7 0 0 
6    3    2544    0.8    5088
0 0 0 0 32 0 0 0 0 0 
0 0 0 0 0 64 0 0 0 0 
0 0 0 0 0 0 0 4 0 0 
70 0 0 0 0 0 0 0 0 0 
0 90 0 0 0 0 0 0 0 0 
0 0 0 60 0 0 0 0 0 0 
9    2    4089    0.5    8178
0 0 0 0 0 0 64 0 0 0 
0 0 0 0 0 0 0 20 0 0 
0 0 0 0 0 0 0 0 10 0 
0 0 0 0 0 0 0 0 0 90 
0 0 67 0 0 0 0 0 0 0 
0 0 0 53 0 0 0 0 0 0 
0 0 0 0 0 21 0 0 0 0 
95 0 0 0 0 0 0 0 0 0 
0 6 0 0 0 0 0 0 0 0 
7    3    2457    0.8    4914
0 11 0 0 0 0 0 0 0 0 
0 0 0 0 0 0 0 0 0 50 
0 0 0 0 0 87 0 0 0 0 
0 0 0 0 0 0 15 0 0 0 
0 0 0 0 0 0 0 69 0 0 
0 0 63 0 0 0 0 0 0 0 
0 0 0 4 0 0 0 0 0 0 
7    3    3843    0.2    7686
0 0 0 100 0 0 0 0 0 0 
100 0 0 0 0 0 0 0 0 0 
0 56 0 0 0 0 0 0 0 0 
0 0 0 0 0 0 0 0 98 0 
0 0 0 0 0 0 0 0 0 10 
0 0 0 0 85 0 0 0 0 0 
0 0 0 0 0 66 0 0 0 0 
8    2    3615    0.2    7230
0 0 0 63 0 0 0 0 0 0 
0 0 0 0 0 0 0 83 0 0 
0 0 0 0 0 0 0 0 69 0 
0 0 0 0 0 0 0 0 0 26 
6 0 0 0 0 0 0 0 0 0 
0 70 0 0 0 0 0 0 0 0 
0 0 0 0 70 0 0 0 0 0 
0 0 0 0 0 1 0 0 0 0 
6    0    2163    0.7    4326
0 73 0 0 0 0 0 0 0 0 
0 0 0 16 0 0 0 0 0 0 
0 0 0 0 0 0 0 0 28 0 
0 0 0 0 0 0 0 0 0 88 
0 0 0 0 0 0 82 0 0 0 
0 0 0 0 0 0 0 22 0 0 
6    3    2103    0.1    4206
0 0 0 0 0 0 0 80 0 0 
0 7 0 0 0 0 0 0 0 0 
0 0 0 0 0 0 0 0 50 0 
0 0 0 0 0 0 0 0 0 69 
0 0 0 0 48 0 0 0 0 0 
0 0 0 0 0 29 0 0 0 0 
7    3    2856    0.4    5712
0 0 0 8 0 0 0 0 0 0 
0 0 0 0 0 75 0 0 0 0 
0 0 0 0 0 0 70 0 0 0 
0 0 0 0 0 0 0 11 0 0 
90 0 0 0 0 0 0 0 0 0 
0 55 0 0 0 0 0 0 0 0 
0 0 0 0 0 0 0 0 0 24 
9    1    3837    0.8    7674
0 0 0 0 74 0 0 0 0 0 
0 0 0 0 0 30 0 0 0 0 
0 0 0 0 0 0 0 0 41 0 
0 0 0 0 0 0 0 0 0 62 
0 0 74 0 0 0 0 0 0 0 
0 0 0 9 0 0 0 0 0 0 
0 5 0 0 0 0 0 0 0 0 
0 0 0 0 0 0 9 0 0 0 
0 0 0 0 0 0 0 25 0 0 
7    0    3231    0.5    6462
41 0 0 0 0 0 0 0 0 0 
0 74 0 0 0 0 0 0 0 0 
0 0 0 90 0 0 0 0 0 0 
0 0 0 0 0 0 12 0 0 0 
0 0 0 0 0 0 0 84 0 0 
0 0 0 0 52 0 0 0 0 0 
0 0 0 0 0 60 0 0 0 0 
9    3    4776    0.3    9552
0 0 0 0 62 0 0 0 0 0 
0 0 0 0 0 41 0 0 0 0 
55 0 0 0 0 0 0 0 0 0 
0 57 0 0 0 0 0 0 0 0 
0 0 0 0 0 0 95 0 0 0 
0 0 0 0 0 0 0 13 0 0 
0 0 0 0 0 0 0 0 24 0 
0 0 0 0 0 0 0 0 0 79 
0 0 0 50 0 0 0 0 0 0 
9    4    5169    0.1    10338
56 0 0 0 0 0 0 0 0 0 
0 76 0 0 0 0 0 0 0 0 
0 0 0 79 0 0 0 0 0 0 
0 0 0 0 0 0 0 0 44 0 
0 0 0 0 0 0 0 0 0 85 
0 0 0 0 9 0 0 0 0 0 
0 0 0 0 0 64 0 0 0 0 
0 0 0 0 0 0 74 0 0 0 
0 0 0 0 0 0 0 88 0 0 
8    3    3831    0.1    7662
0 98 0 0 0 0 0 0 0 0 
0 0 54 0 0 0 0 0 0 0 
0 0 0 47 0 0 0 0 0 0 
0 0 0 0 0 37 0 0 0 0 
0 0 0 0 0 0 0 0 76 0 
0 0 0 0 0 0 0 0 0 21 
0 0 0 0 0 0 1 0 0 0 
0 0 0 0 0 0 0 25 0 0 
7    2    1428    0.5    2856
0 0 0 0 0 0 0 0 32 0 
0 0 0 0 0 0 0 0 0 13 
0 0 0 0 0 0 42 0 0 0 
0 0 0 0 0 0 0 15 0 0 
0 0 18 0 0 0 0 0 0 0 
0 0 0 1 0 0 0 0 0 0 
0 23 0 0 0 0 0 0 0 0 
5    4    2796    0.2    5592
0 0 0 0 0 0 10 0 0 0 
0 0 0 0 0 0 0 91 0 0 
0 0 0 96 0 0 0 0 0 0 
0 0 0 0 0 52 0 0 0 0 
0 81 0 0 0 0 0 0 0 0 
7    1    4623    0.4    9246
70 0 0 0 0 0 0 0 0 0 
0 41 0 0 0 0 0 0 0 0 
0 0 0 0 0 0 84 0 0 0 
0 0 0 0 0 0 0 69 0 0 
0 0 0 0 0 44 0 0 0 0 
0 0 0 0 0 0 0 0 0 72 
0 0 0 26 0 0 0 0 0 0 
9    4    4023    0.5    8046
0 0 51 0 0 0 0 0 0 0 
0 0 0 64 0 0 0 0 0 0 
0 0 0 0 0 0 0 29 0 0 
0 0 0 0 0 0 0 0 29 0 
0 0 0 0 0 0 0 0 0 72 
85 0 0 0 0 0 0 0 0 0 
0 19 0 0 0 0 0 0 0 0 
0 0 0 0 5 0 0 0 0 0 
0 0 0 0 0 84 0 0 0 0 
7    2    4794    0.2    9588
0 0 0 0 0 0 90 0 0 0 
0 0 0 0 0 0 0 88 0 0 
0 45 0 0 0 0 0 0 0 0 
0 0 0 39 0 0 0 0 0 0 
0 0 0 0 76 0 0 0 0 0 
0 0 0 0 0 93 0 0 0 0 
0 0 0 0 0 0 0 0 0 27 
7    2    3255    0.1    6510
0 42 0 0 0 0 0 0 0 0 
0 0 0 0 0 81 0 0 0 0 
0 0 0 88 0 0 0 0 0 0 
0 0 0 0 0 0 0 0 19 0 
0 0 0 0 0 0 0 0 0 66 
0 0 0 0 0 0 25 0 0 0 
0 0 0 0 0 0 0 35 0 0 
6    2    1764    0.9    3528
0 0 0 0 0 0 31 0 0 0 
0 0 0 0 0 0 0 60 0 0 
10 0 0 0 0 0 0 0 0 0 
0 39 0 0 0 0 0 0 0 0 
0 0 0 0 0 0 0 0 78 0 
0 0 0 0 0 0 0 0 0 82 
9    0    5826    0.3    11652
91 0 0 0 0 0 0 0 0 0 
0 20 0 0 0 0 0 0 0 0 
0 0 0 0 0 0 0 0 50 0 
0 0 0 0 0 0 0 0 0 85 
0 0 0 0 94 0 0 0 0 0 
0 0 0 0 0 77 0 0 0 0 
0 0 0 0 0 0 90 0 0 0 
0 0 0 0 0 0 0 10 0 0 
0 0 0 66 0 0 0 0 0 0 
9    3    3927    0.2    7854
0 0 0 0 0 0 51 0 0 0 
0 0 0 0 0 0 0 64 0 0 
34 0 0 0 0 0 0 0 0 0 
0 46 0 0 0 0 0 0 0 0 
0 0 0 0 10 0 0 0 0 0 
0 0 0 0 0 33 0 0 0 0 
0 0 0 0 0 0 0 0 0 84 
0 0 17 0 0 0 0 0 0 0 
0 0 0 32 0 0 0 0 0 0 
9    4    3705    0.2    7410
0 0 0 0 0 0 22 0 0 0 
0 0 0 0 0 0 0 29 0 0 
0 0 0 0 0 0 0 0 100 0 
0 0 0 0 0 0 0 0 0 57 
0 0 0 4 0 0 0 0 0 0 
0 0 0 0 28 0 0 0 0 0 
0 0 0 0 0 76 0 0 0 0 
29 0 0 0 0 0 0 0 0 0 
0 63 0 0 0 0 0 0 0 0 
7    4    3243    0.6    6486
0 0 0 0 0 0 78 0 0 0 
0 0 0 0 0 0 0 10 0 0 
53 0 0 0 0 0 0 0 0 0 
0 96 0 0 0 0 0 0 0 0 
0 0 0 0 0 0 0 0 0 45 
0 0 77 0 0 0 0 0 0 0 
0 0 0 47 0 0 0 0 0 0 
5    3    1602    0.8    3204
19 0 0 0 0 0 0 0 0 0 
0 54 0 0 0 0 0 0 0 0 
0 0 0 0 0 0 0 0 88 0 
0 0 0 0 0 0 0 0 0 19 
0 0 0 0 0 47 0 0 0 0 
5    3    2814    0.6    5628
0 0 0 52 0 0 0 0 0 0 
85 0 0 0 0 0 0 0 0 0 
0 75 0 0 0 0 0 0 0 0 
0 0 0 0 0 0 0 68 0 0 
0 0 0 0 0 0 0 0 0 50 
6    0    1869    0.5    3738
0 0 0 0 0 49 0 0 0 0 
0 0 0 0 0 0 0 0 0 51 
17 0 0 0 0 0 0 0 0 0 
0 58 0 0 0 0 0 0 0 0 
0 0 0 0 0 0 34 0 0 0 
0 0 0 0 0 0 0 31 0 0 
8    1    4665    0.3    9330
0 92 0 0 0 0 0 0 0 0 
0 0 0 42 0 0 0 0 0 0 
0 0 0 0 89 0 0 0 0 0 
0 0 0 0 0 58 0 0 0 0 
0 0 0 0 0 0 0 0 76 0 
0 0 0 0 0 0 0 0 0 86 
0 0 0 0 0 0 85 0 0 0 
0 0 0 0 0 0 0 25 0 0 
6    0    2895    0.2    5790
0 0 0 64 0 0 0 0 0 0 
0 0 0 0 0 0 0 55 0 0 
0 0 0 0 0 0 0 0 0 61 
0 3 0 0 0 0 0 0 0 0 
0 0 0 0 92 0 0 0 0 0 
0 0 0 0 0 94 0 0 0 0 
5    4    1461    0.1    2922
0 0 0 0 0 0 0 0 0 24 
0 0 0 0 0 27 0 0 0 0 
0 56 0 0 0 0 0 0 0 0 
0 0 81 0 0 0 0 0 0 0 
0 0 0 73 0 0 0 0 0 0 
9    1    3138    0.7    6276
0 0 0 0 0 0 0 0 0 17 
9 0 0 0 0 0 0 0 0 0 
0 48 0 0 0 0 0 0 0 0 
0 0 0 0 26 0 0 0 0 0 
0 0 0 0 0 72 0 0 0 0 
0 0 71 0 0 0 0 0 0 0 
0 0 0 60 0 0 0 0 0 0 
0 0 0 0 0 0 89 0 0 0 
0 0 0 0 0 0 0 20 0 0 
8    3    2625    0.4    5250
23 0 0 0 0 0 0 0 0 0 
0 40 0 0 0 0 0 0 0 0 
0 0 49 0 0 0 0 0 0 0 
0 0 0 13 0 0 0 0 0 0 
0 0 0 0 74 0 0 0 0 0 
0 0 0 0 0 90 0 0 0 0 
0 0 0 0 0 0 0 0 10 0 
0 0 0 0 0 0 0 0 0 53 
6    0    2799    0.2    5598
0 0 0 61 0 0 0 0 0 0 
0 0 0 0 0 0 0 95 0 0 
69 0 0 0 0 0 0 0 0 0 
0 68 0 0 0 0 0 0 0 0 
0 0 0 0 51 0 0 0 0 0 
0 0 0 0 0 27 0 0 0 0 
8    3    4170    0.3    8340
0 0 0 0 0 0 0 0 82 0 
0 0 0 0 0 0 0 0 0 87 
0 0 15 0 0 0 0 0 0 0 
0 0 0 75 0 0 0 0 0 0 
77 0 0 0 0 0 0 0 0 0 
0 34 0 0 0 0 0 0 0 0 
0 0 0 0 0 0 90 0 0 0 
0 0 0 0 0 0 0 88 0 0 
5    0    1380    0.3    2760
0 0 0 0 0 0 0 0 0 27 
0 65 0 0 0 0 0 0 0 0 
0 0 0 2 0 0 0 0 0 0 
0 0 0 0 0 0 48 0 0 0 
0 0 0 0 0 0 0 40 0 0 
8    3    3294    0.3    6588
48 0 0 0 0 0 0 0 0 0 
0 46 0 0 0 0 0 0 0 0 
0 0 0 0 0 0 0 58 0 0 
0 0 0 39 0 0 0 0 0 0 
0 0 0 0 0 0 0 0 26 0 
0 0 0 0 0 0 0 0 0 40 
0 0 0 0 44 0 0 0 0 0 
0 0 0 0 0 47 0 0 0 0 
7    1    3255    0.3    6510
0 0 24 0 0 0 0 0 0 0 
0 0 0 71 0 0 0 0 0 0 
0 0 0 0 0 0 0 0 0 54 
0 0 0 0 0 0 0 80 0 0 
0 0 0 0 0 14 0 0 0 0 
72 0 0 0 0 0 0 0 0 0 
0 7 0 0 0 0 0 0 0 0 
9    3    5097    0.6    10194
0 0 0 0 47 0 0 0 0 0 
0 0 0 0 0 66 0 0 0 0 
0 0 15 0 0 0 0 0 0 0 
0 0 0 78 0 0 0 0 0 0 
96 0 0 0 0 0 0 0 0 0 
0 39 0 0 0 0 0 0 0 0 
0 0 0 0 0 0 87 0 0 0 
0 0 0 0 0 0 0 47 0 0 
0 0 0 0 0 0 0 0 0 25 
9    0    4068    0.4    8136
0 0 0 0 48 0 0 0 0 0 
0 0 0 0 0 39 0 0 0 0 
0 0 0 51 0 0 0 0 0 0 
0 0 0 0 0 0 0 0 24 0 
0 0 0 0 0 0 0 0 0 74 
41 0 0 0 0 0 0 0 0 0 
0 77 0 0 0 0 0 0 0 0 
0 0 0 0 0 0 31 0 0 0 
0 0 0 0 0 0 0 95 0 0 
5    1    2184    0.2    4368
71 0 0 0 0 0 0 0 0 0 
0 76 0 0 0 0 0 0 0 0 
0 0 0 0 0 86 0 0 0 0 
0 0 13 0 0 0 0 0 0 0 
0 0 0 30 0 0 0 0 0 0 
5    1    2415    0.8    4830
69 0 0 0 0 0 0 0 0 0 
0 21 0 0 0 0 0 0 0 0 
0 0 0 0 0 79 0 0 0 0 
0 0 0 30 0 0 0 0 0 0 
0 0 0 0 0 0 0 85 0 0 
8    0    3387    0.1    6774
14 0 0 0 0 0 0 0 0 0 
0 100 0 0 0 0 0 0 0 0 
0 0 0 0 0 13 0 0 0 0 
0 0 26 0 0 0 0 0 0 0 
0 0 0 4 0 0 0 0 0 0 
0 0 0 0 0 0 0 0 0 93 
0 0 0 0 0 0 97 0 0 0 
0 0 0 0 0 0 0 77 0 0 
8    2    4053    0.5    8106
0 93 0 0 0 0 0 0 0 0 
0 0 77 0 0 0 0 0 0 0 
0 0 0 56 0 0 0 0 0 0 
0 0 0 0 0 0 0 28 0 0 
0 0 0 0 0 0 0 0 33 0 
0 0 0 0 0 0 0 0 0 31 
0 0 0 0 85 0 0 0 0 0 
0 0 0 0 0 14 0 0 0 0 
9    4    5340    0.7    10680
0 0 0 0 0 0 0 0 55 0 
0 0 0 0 0 0 0 0 0 93 
0 0 0 0 0 0 67 0 0 0 
0 0 0 0 0 0 0 50 0 0 
0 9 0 0 0 0 0 0 0 0 
0 0 0 0 71 0 0 0 0 0 
0 0 0 0 0 100 0 0 0 0 
0 0 74 0 0 0 0 0 0 0 
0 0 0 70 0 0 0 0 0 0 
8    4    2826    0.2    5652
0 0 0 7 0 0 0 0 0 0 
0 0 0 0 17 0 0 0 0 0 
0 0 0 0 0 92 0 0 0 0 
0 0 0 0 0 0 51 0 0 0 
0 0 0 0 0 0 0 39 0 0 
0 0 0 0 0 0 0 0 0 19 
27 0 0 0 0 0 0 0 0 0 
0 89 0 0 0 0 0 0 0 0 
8    0    3231    0.7    6462
0 0 0 0 0 0 0 0 93 0 
0 0 0 0 0 0 0 0 0 5 
0 0 0 0 39 0 0 0 0 0 
0 0 0 0 0 34 0 0 0 0 
0 0 0 0 0 0 0 9 0 0 
39 0 0 0 0 0 0 0 0 0 
0 28 0 0 0 0 0 0 0 0 
0 0 0 62 0 0 0 0 0 0 
9    0    4047    0.9    8094
0 0 0 0 0 0 20 0 0 0 
0 0 0 0 0 0 0 64 0 0 
0 0 0 0 32 0 0 0 0 0 
0 0 0 0 0 60 0 0 0 0 
0 0 53 0 0 0 0 0 0 0 
0 0 0 58 0 0 0 0 0 0 
30 0 0 0 0 0 0 0 0 0 
0 45 0 0 0 0 0 0 0 0 
0 0 0 0 0 0 0 0 0 24 
7    3    1995    0.9    3990
0 15 0 0 0 0 0 0 0 0 
0 0 0 0 71 0 0 0 0 0 
0 0 0 0 0 15 0 0 0 0 
0 0 20 0 0 0 0 0 0 0 
0 0 0 85 0 0 0 0 0 0 
0 0 0 0 0 0 50 0 0 0 
0 0 0 0 0 0 0 19 0 0 
5    4    1620    0.9    3240
0 0 0 0 0 0 0 0 0 48 
0 0 0 0 0 0 84 0 0 0 
0 0 0 0 0 0 0 51 0 0 
71 0 0 0 0 0 0 0 0 0 
0 5 0 0 0 0 0 0 0 0 
9    4    4845    0.5    9690
92 0 0 0 0 0 0 0 0 0 
0 59 0 0 0 0 0 0 0 0 
0 0 0 57 0 0 0 0 0 0 
0 0 0 0 40 0 0 0 0 0 
0 0 0 0 0 93 0 0 0 0 
0 0 0 0 0 0 34 0 0 0 
0 0 0 0 0 0 0 32 0 0 
0 0 0 0 0 0 0 0 3 0 
0 0 0 0 0 0 0 0 0 50 
6    4    2877    0.8    5754
0 0 0 0 0 72 0 0 0 0 
0 0 0 33 0 0 0 0 0 0 
0 40 0 0 0 0 0 0 0 0 
0 0 0 0 0 0 0 0 83 0 
0 0 0 0 0 0 0 0 0 32 
0 0 0 0 0 0 0 62 0 0 
5    0    1533    0.1    3066
0 0 0 0 65 0 0 0 0 0 
0 0 0 0 0 17 0 0 0 0 
0 91 0 0 0 0 0 0 0 0 
0 0 0 0 0 0 21 0 0 0 
0 0 0 0 0 0 0 3 0 0 
6    0    2988    0.2    5976
0 74 0 0 0 0 0 0 0 0 
0 0 0 0 83 0 0 0 0 0 
0 0 0 0 0 13 0 0 0 0 
0 0 73 0 0 0 0 0 0 0 
0 0 0 86 0 0 0 0 0 0 
0 0 0 0 0 0 0 37 0 0 
8    0    3471    0.6    6942
0 0 0 0 0 0 0 0 77 0 
0 0 0 0 0 0 0 0 0 47 
0 0 0 0 0 0 6 0 0 0 
0 0 0 0 0 0 0 73 0 0 
64 0 0 0 0 0 0 0 0 0 
0 22 0 0 0 0 0 0 0 0 
0 0 86 0 0 0 0 0 0 0 
0 0 0 97 0 0 0 0 0 0 
6    0    3297    0.2    6594
47 0 0 0 0 0 0 0 0 0 
0 99 0 0 0 0 0 0 0 0 
0 0 0 0 0 82 0 0 0 0 
0 0 38 0 0 0 0 0 0 0 
0 0 0 33 0 0 0 0 0 0 
0 0 0 0 0 0 0 0 0 55 
8    0    5415    0.5    10830
0 0 100 0 0 0 0 0 0 0 
0 0 0 99 0 0 0 0 0 0 
0 50 0 0 0 0 0 0 0 0 
0 0 0 0 0 84 0 0 0 0 
0 0 0 0 0 0 0 0 82 0 
0 0 0 0 0 0 0 0 0 24 
0 0 0 0 0 0 13 0 0 0 
0 0 0 0 0 0 0 78 0 0 
6    3    3402    0.8    6804
0 83 0 0 0 0 0 0 0 0 
0 0 0 0 0 0 0 0 0 64 
0 0 0 0 0 0 0 64 0 0 
0 0 0 0 0 30 0 0 0 0 
0 0 67 0 0 0 0 0 0 0 
0 0 0 90 0 0 0 0 0 0 
9    2    3447    0.1    6894
0 0 0 0 28 0 0 0 0 0 
0 0 0 0 0 73 0 0 0 0 
0 0 0 0 0 0 0 0 0 14 
0 0 38 0 0 0 0 0 0 0 
0 0 0 17 0 0 0 0 0 0 
0 0 0 0 0 0 82 0 0 0 
0 0 0 0 0 0 0 54 0 0 
60 0 0 0 0 0 0 0 0 0 
0 32 0 0 0 0 0 0 0 0 
9    2    5487    0.5    10974
0 0 80 0 0 0 0 0 0 0 
0 0 0 72 0 0 0 0 0 0 
0 0 0 0 78 0 0 0 0 0 
0 0 0 0 0 34 0 0 0 0 
0 98 0 0 0 0 0 0 0 0 
0 0 0 0 0 0 0 0 89 0 
0 0 0 0 0 0 0 0 0 17 
0 0 0 0 0 0 73 0 0 0 
0 0 0 0 0 0 0 7 0 0 
7    0    3072    0.6    6144
0 0 0 0 0 0 97 0 0 0 
0 0 0 0 0 0 0 27 0 0 
0 0 0 50 0 0 0 0 0 0 
66 0 0 0 0 0 0 0 0 0 
0 69 0 0 0 0 0 0 0 0 
0 0 0 0 29 0 0 0 0 0 
0 0 0 0 0 34 0 0 0 0 
7    2    2187    0.8    4374
0 0 0 0 0 2 0 0 0 0 
0 0 0 0 0 0 3 0 0 0 
0 0 0 0 0 0 0 85 0 0 
0 27 0 0 0 0 0 0 0 0 
0 0 0 0 0 0 0 0 0 30 
0 0 73 0 0 0 0 0 0 0 
0 0 0 89 0 0 0 0 0 0 
9    2    5019    0.8    10038
0 0 0 0 0 0 71 0 0 0 
0 0 0 0 0 0 0 75 0 0 
0 0 38 0 0 0 0 0 0 0 
0 0 0 16 0 0 0 0 0 0 
84 0 0 0 0 0 0 0 0 0 
0 62 0 0 0 0 0 0 0 0 
0 0 0 0 0 59 0 0 0 0 
0 0 0 0 0 0 0 0 52 0 
0 0 0 0 0 0 0 0 0 74 
5    4    2964    0.9    5928
0 0 0 0 64 0 0 0 0 0 
0 0 0 0 0 99 0 0 0 0 
0 0 0 0 0 0 0 55 0 0 
0 0 0 0 0 0 0 0 0 18 
0 88 0 0 0 0 0 0 0 0 
7    0    3789    0.6    7578
0 0 0 0 48 0 0 0 0 0 
0 0 0 0 0 23 0 0 0 0 
0 0 96 0 0 0 0 0 0 0 
0 0 0 85 0 0 0 0 0 0 
0 0 0 0 0 0 55 0 0 0 
0 0 0 0 0 0 0 82 0 0 
0 98 0 0 0 0 0 0 0 0 
9    4    6261    0.3    12522
0 85 0 0 0 0 0 0 0 0 
0 0 0 0 0 0 0 0 81 0 
0 0 0 0 0 0 0 0 0 96 
0 0 0 0 85 0 0 0 0 0 
0 0 0 0 0 91 0 0 0 0 
0 0 96 0 0 0 0 0 0 0 
0 0 0 42 0 0 0 0 0 0 
0 0 0 0 0 0 49 0 0 0 
0 0 0 0 0 0 0 29 0 0 
8    1    4257    0.2    8514
0 0 0 87 0 0 0 0 0 0 
0 30 0 0 0 0 0 0 0 0 
0 0 0 0 0 0 0 0 80 0 
0 0 0 0 0 0 0 0 0 83 
0 0 0 0 55 0 0 0 0 0 
0 0 0 0 0 71 0 0 0 0 
0 0 0 0 0 0 56 0 0 0 
0 0 0 0 0 0 0 14 0 0 
7    1    2166    0.8    4332
0 0 0 0 0 0 11 0 0 0 
0 0 0 0 0 0 0 46 0 0 
70 0 0 0 0 0 0 0 0 0 
0 10 0 0 0 0 0 0 0 0 
0 0 0 62 0 0 0 0 0 0 
0 0 0 0 0 0 0 0 38 0 
0 0 0 0 0 0 0 0 0 31 
9    0    2994    0.9    5988
0 0 0 0 0 0 32 0 0 0 
0 0 0 0 0 0 0 43 0 0 
0 0 0 0 0 37 0 0 0 0 
0 0 5 0 0 0 0 0 0 0 
0 0 0 85 0 0 0 0 0 0 
0 0 0 0 0 0 0 0 9 0 
0 0 0 0 0 0 0 0 0 59 
10 0 0 0 0 0 0 0 0 0 
0 3 0 0 0 0 0 0 0 0 
7    0    4602    0.6    9204
91 0 0 0 0 0 0 0 0 0 
0 26 0 0 0 0 0 0 0 0 
0 0 0 0 0 86 0 0 0 0 
0 0 0 0 0 0 64 0 0 0 
0 0 0 0 0 0 0 37 0 0 
0 0 0 0 0 0 0 0 0 76 
0 0 0 94 0 0 0 0 0 0 
7    1    3627    0.7    7254
0 0 0 0 0 0 0 0 100 0 
0 0 0 0 0 0 0 0 0 70 
0 93 0 0 0 0 0 0 0 0 
0 0 0 0 6 0 0 0 0 0 
0 0 0 0 0 47 0 0 0 0 
0 0 33 0 0 0 0 0 0 0 
0 0 0 47 0 0 0 0 0 0 
7    1    3210    0.7    6420
0 0 0 0 0 0 0 0 86 0 
0 0 0 0 0 0 0 0 0 57 
0 0 0 0 35 0 0 0 0 0 
0 0 0 0 0 7 0 0 0 0 
0 81 0 0 0 0 0 0 0 0 
0 0 93 0 0 0 0 0 0 0 
0 0 0 56 0 0 0 0 0 0 
6    2    3114    0.5    6228
0 0 0 39 0 0 0 0 0 0 
0 0 0 0 0 0 94 0 0 0 
0 0 0 0 0 0 0 84 0 0 
0 91 0 0 0 0 0 0 0 0 
0 0 0 0 89 0 0 0 0 0 
0 0 0 0 0 25 0 0 0 0 
7    2    3231    0.8    6462
0 95 0 0 0 0 0 0 0 0 
0 0 0 0 0 0 17 0 0 0 
0 0 0 0 0 0 0 9 0 0 
0 0 0 0 0 94 0 0 0 0 
0 0 0 0 0 0 0 0 0 51 
0 0 30 0 0 0 0 0 0 0 
0 0 0 12 0 0 0 0 0 0 
9    3    4908    0.4    9816
0 0 0 0 0 0 0 0 93 0 
0 0 0 0 0 0 0 0 0 25 
16 0 0 0 0 0 0 0 0 0 
0 91 0 0 0 0 0 0 0 0 
0 0 0 0 17 0 0 0 0 0 
0 0 0 0 0 55 0 0 0 0 
0 0 0 0 0 0 38 0 0 0 
0 0 0 0 0 0 0 100 0 0 
0 0 0 62 0 0 0 0 0 0 
8    2    3174    0.7    6348
0 0 0 0 0 0 0 0 69 0 
0 0 0 0 0 0 0 0 0 97 
0 0 1 0 0 0 0 0 0 0 
0 0 0 2 0 0 0 0 0 0 
25 0 0 0 0 0 0 0 0 0 
0 92 0 0 0 0 0 0 0 0 
0 0 0 0 62 0 0 0 0 0 
0 0 0 0 0 36 0 0 0 0 
8    3    4221    0.2    8442
0 0 0 0 0 0 0 99 0 0 
0 0 0 0 54 0 0 0 0 0 
0 0 0 0 0 28 0 0 0 0 
0 0 18 0 0 0 0 0 0 0 
0 0 0 81 0 0 0 0 0 0 
0 0 0 0 0 0 0 0 0 43 
70 0 0 0 0 0 0 0 0 0 
0 75 0 0 0 0 0 0 0 0 
