machine1:0,109,159,61,25,92,160,165,113,179,68,74,117,4,36,185,46,141,181,15,102,167,42,54,77,96,169,171,58,93,131,195,132,128,31,3,140,43,175,130,156,89,188,62,155,174,9,197,123,85,44,23,114,163,17,190,34,177,184,78,22,21,30,120,8,65,126,28,135,80,103,173,81,142,70,7,189,59,122,180,192,200,176,147,33,166,63,98,60,196,112,170,115,150,198,154,186,104,149,69,49,106,86,97,193,38,136,10,90,172,20,82,187,16,116,1,118,146,2,162,168,133,145,101,100,148,39,110,183,29,19,71,27,125,108,138,158,64,88,13,32,73,182,199,18,127,67,57,26,161,14,66,87,91,76,107,152,56,6,41,105,5,178,45,75,50,51,111,55,83,121,151,24,153,164,94,79,35,72,37,84,47,129,143,48,99,157,139,11,144,191,124,53,52,119,95,134,137,194,12,40,
machine2:0,109,159,61,25,92,160,165,113,179,68,74,117,4,36,185,46,141,181,15,102,167,42,54,77,96,169,171,58,93,131,195,132,128,31,3,140,43,175,130,156,89,62,155,9,197,123,85,44,163,177,78,22,21,8,126,28,103,173,70,7,59,180,112,115,150,198,104,149,69,49,106,86,97,38,136,10,172,20,82,116,1,146,2,133,145,101,148,183,29,19,71,125,138,158,64,88,13,73,18,66,91,6,41,105,5,75,51,111,121,151,24,164,79,35,72,37,84,47,129,143,48,99,157,139,191,124,53,119,95,12,40,
machine3:0,109,159,61,25,92,160,165,113,179,68,74,117,4,36,185,46,141,181,15,102,167,42,54,77,96,171,58,93,195,132,31,175,130,156,89,62,85,44,163,22,21,8,103,7,10,2,145,148,71,125,158,64,88,73,18,66,41,105,5,51,111,151,164,79,35,72,84,47,129,143,48,99,157,191,53,
machine4:0,159,61,92,68,36,185,141,15,167,171,93,140,43,130,156,89,155,17,177,126,80,173,142,7,59,33,166,170,115,149,69,106,10,20,2,168,133,110,29,138,158,64,13,32,67,57,66,91,41,5,45,75,50,83,121,151,24,164,35,37,84,47,143,99,139,11,124,53,52,119,137,194,12,40,
machine5:0,109,159,61,92,160,179,68,74,117,4,36,185,46,141,181,15,102,167,77,171,58,93,128,31,140,43,175,130,156,89,62,155,44,114,163,17,34,177,78,22,21,126,135,80,173,142,7,59,122,192,33,166,170,115,149,69,106,86,10,20,16,116,1,2,162,168,133,145,100,148,110,183,29,71,27,125,108,138,158,64,88,13,32,73,182,127,67,57,26,14,66,87,91,76,107,56,6,41,105,5,45,75,50,51,111,83,121,151,24,153,164,94,79,35,72,37,84,47,129,143,99,157,139,11,144,191,124,53,52,119,137,194,12,40,
machine6:0,109,159,61,25,92,165,113,179,68,74,117,4,36,185,141,181,15,102,167,42,77,96,58,93,131,132,31,140,43,175,130,156,89,188,62,155,174,9,85,44,23,114,163,17,190,34,177,78,22,21,120,8,65,126,28,135,80,173,142,70,7,189,59,180,192,200,176,147,33,166,63,98,60,196,112,170,150,186,104,149,49,106,86,193,38,136,10,90,172,20,82,187,1,118,2,162,168,145,100,148,39,29,19,27,125,108,138,158,64,88,13,73,182,199,18,127,67,57,26,66,87,91,76,107,56,41,105,5,45,75,50,51,111,55,121,151,24,164,79,72,37,84,47,129,48,99,157,139,11,144,191,124,53,52,119,95,134,137,194,12,40,
machine7:0,109,25,92,113,179,68,4,36,185,141,181,15,167,42,77,96,58,131,132,140,175,130,156,89,62,155,174,9,85,44,114,17,190,34,177,78,22,21,8,65,126,28,135,80,173,142,70,7,189,59,180,200,176,147,33,196,112,186,104,49,86,193,136,10,172,20,1,118,168,145,148,39,29,19,125,108,138,158,64,88,13,73,199,18,57,66,87,91,76,107,105,5,75,51,111,121,164,79,72,37,84,47,129,48,99,139,11,144,191,124,53,52,119,95,134,137,194,
machine8:0,109,25,113,179,68,4,185,167,42,77,96,58,132,175,156,89,62,155,174,85,17,22,21,8,126,28,80,7,189,200,10,145,29,125,64,88,73,18,57,87,91,76,107,75,51,111,121,37,47,99,144,191,124,52,119,95,134,137,
machine9:0,109,159,61,92,160,165,113,179,68,74,4,36,185,46,141,181,15,42,54,77,96,58,93,131,132,3,140,43,175,130,156,188,62,155,174,9,85,114,163,17,78,22,21,30,120,8,126,28,135,80,103,173,81,142,7,189,59,122,180,192,200,33,166,98,196,112,170,115,150,198,186,104,149,69,49,106,193,38,10,20,16,116,1,118,146,168,133,145,101,100,148,39,110,29,19,27,125,158,64,88,13,32,73,199,18,127,67,57,26,161,14,66,91,76,152,6,41,105,5,178,75,50,51,111,83,121,151,24,153,164,94,79,35,72,37,84,47,129,143,48,99,157,139,11,144,191,124,53,119,95,134,137,40,
machine10:0,109,159,92,165,113,179,68,74,4,36,185,46,141,181,15,42,77,96,93,132,3,140,175,156,188,62,155,174,85,114,163,78,22,21,30,120,8,28,135,80,142,7,189,59,33,166,112,170,115,198,69,106,10,16,116,118,146,168,133,145,101,39,110,29,19,125,158,64,88,13,32,73,199,127,67,57,161,66,91,152,6,105,5,178,51,83,121,151,24,153,164,94,79,35,72,37,84,47,129,143,48,99,157,11,144,191,124,53,95,137,
machine11:0,109,92,165,68,74,4,36,185,46,141,181,15,42,77,96,3,140,175,156,62,155,85,78,21,30,120,8,28,135,80,142,7,189,59,166,170,10,16,146,39,29,125,158,88,13,32,73,67,57,161,66,91,6,105,5,83,121,151,24,164,94,79,35,72,37,84,47,129,143,48,157,11,144,191,53,95,137,
machine12:0,109,159,61,92,179,68,36,141,181,15,42,54,77,58,93,195,132,175,89,62,174,114,177,78,120,126,28,135,80,142,7,59,33,63,98,60,115,106,97,193,136,20,16,1,146,2,168,133,71,138,158,88,13,32,73,182,67,57,161,66,76,105,5,178,75,111,121,24,164,94,35,72,37,47,129,143,99,11,144,95,137,40,
machine13:0,109,159,61,92,179,68,117,4,36,185,46,141,181,15,102,167,42,54,77,96,169,58,93,131,195,132,128,3,175,130,156,89,62,155,174,197,44,114,17,190,34,177,184,78,22,120,126,28,135,80,173,81,142,7,189,59,192,176,33,63,98,60,196,115,150,154,186,104,106,97,193,136,90,172,20,187,16,116,1,146,2,168,133,145,110,29,19,71,125,138,158,64,88,13,32,73,182,199,127,67,57,26,161,66,87,76,56,6,105,5,178,75,111,55,121,24,164,94,79,35,72,37,84,47,129,143,99,139,11,144,191,124,119,95,137,194,12,40,
machine14:0,109,159,61,25,92,165,113,179,68,74,117,4,36,185,46,141,181,15,102,167,42,77,96,171,58,131,195,140,43,175,130,156,62,155,174,9,123,85,114,17,34,177,184,78,22,21,120,8,126,28,135,103,173,70,7,189,59,122,180,192,200,147,166,63,112,170,115,150,198,154,149,69,106,97,193,38,136,10,90,20,82,187,16,1,2,162,133,145,101,148,183,29,19,27,125,108,138,158,64,88,13,32,73,182,199,18,57,14,66,87,91,76,107,152,56,41,105,5,75,50,51,111,55,83,121,151,24,153,164,94,79,72,37,84,47,129,143,48,99,157,139,11,144,191,124,53,119,95,134,137,194,12,
machine15:0,159,25,92,113,68,74,117,4,36,185,46,141,181,15,102,167,77,96,58,140,43,130,156,62,155,85,17,78,22,21,126,28,135,173,70,7,189,59,147,112,150,198,69,97,136,90,20,82,187,1,2,162,133,145,148,183,29,19,125,108,158,64,88,32,73,199,18,14,66,87,91,107,152,56,41,105,5,75,51,111,55,83,121,151,164,94,79,72,37,84,47,129,143,48,99,157,139,11,144,191,124,53,119,95,137,12,
machine16:0,25,36,185,141,15,102,77,96,58,140,43,62,85,78,21,126,135,173,70,7,189,59,112,136,20,187,1,2,133,148,29,125,158,64,88,32,73,18,66,87,91,107,41,105,5,75,51,111,83,121,151,164,79,72,84,129,143,48,99,139,11,191,53,95,137,
machine17:0,179,74,4,185,141,15,167,42,77,96,58,131,195,3,140,175,62,174,85,44,17,190,78,22,120,65,126,28,173,142,70,189,59,122,112,170,20,1,118,2,133,100,125,158,64,73,199,18,127,67,57,66,41,105,111,55,151,164,79,72,129,143,48,99,157,139,11,144,191,124,53,52,95,134,137,
machine18:0,159,92,113,179,68,74,4,36,185,141,181,15,167,42,54,77,96,169,58,93,131,195,128,3,140,175,130,156,188,62,155,174,9,197,123,85,44,23,163,17,190,78,22,30,120,65,126,28,135,80,103,173,81,142,70,189,59,122,180,192,176,147,166,112,170,150,198,104,106,38,136,10,20,1,118,2,168,133,100,148,39,110,29,71,125,158,64,88,73,199,18,127,67,57,161,66,87,91,6,41,105,5,45,75,51,111,55,121,151,24,153,164,79,35,72,37,84,47,129,143,48,99,157,139,11,144,191,124,53,52,119,95,134,137,
machine19:0,61,92,160,179,68,36,46,141,181,15,102,167,54,93,132,43,175,130,156,89,155,197,85,44,23,114,17,34,177,184,78,22,126,28,135,173,142,7,189,59,122,115,154,38,90,116,2,148,183,29,125,158,64,88,13,32,18,127,57,66,91,56,6,105,5,50,111,121,151,164,79,35,72,84,47,129,99,139,11,144,124,53,119,95,137,194,
machine20:0,61,25,92,160,165,113,179,68,4,36,46,141,181,15,102,167,42,54,77,169,58,93,195,132,128,3,140,43,175,130,156,89,188,62,155,174,9,197,123,85,44,23,114,17,34,177,184,78,22,21,30,8,126,28,135,103,173,81,142,70,7,189,59,122,200,147,63,60,196,112,170,115,198,154,106,38,90,20,16,116,2,162,100,148,39,183,29,125,158,64,88,13,32,73,199,18,127,67,57,66,87,91,76,107,152,56,6,105,5,75,50,51,111,83,121,151,24,164,94,79,35,72,84,47,129,143,99,139,11,144,191,124,53,52,119,95,134,137,194,12,40,

1to 1:
1to 2:108,45,163,27,122,83,52,138,114,87,32,46,177,21,2,141,4,151,130,88,144,59,158,36,
1to 3:31,172,49,196,186,39,193,34,117,107,192,168,41,131,43,140,174,135,175,28,137,105,29,
1to 4:153,50,16,30,116,54,19,132,157,67,80,10,42,37,24,185,64,121,173,57,124,78,155,58,62,
1to 5:178,98,190,26,182,184,187,90,161,94,150,120,3,136,89,133,102,189,93,96,13,139,47,84,
1to 6:63,14,152,55,103,165,76,145,48,166,77,91,95,75,22,51,5,11,85,179,181,156,15,129,191,53,
1to 7:123,65,71,118,197,100,81,128,195,180,9,127,148,44,199,164,167,79,73,66,111,
1to 8:23,162,154,60,188,56,200,169,12,40,6,8,142,18,35,7,125,99,72,
2to 1:31,171,162,86,100,69,128,33,106,170,10,140,102,93,139,7,167,179,84,181,99,72,156,15,
2to 2:
2to 3:182,56,67,194,80,109,148,177,92,21,185,151,121,57,78,155,129,62,
2to 4:192,40,61,166,13,1,22,11,105,
2to 5:71,16,110,117,168,32,127,119,24,88,79,66,17,126,191,
2to 6:108,50,149,27,34,107,83,12,41,157,138,74,68,37,158,58,111,
2to 7:153,163,159,122,142,143,20,135,91,130,173,5,47,59,
2to 8:160,183,116,94,114,76,87,43,115,44,77,2,175,64,75,51,164,137,124,73,
3to 1:9,19,20,24,26,37,45,47,52,56,59,60,75,78,85,89,104,144,149,191,200,82,50,
3to 2:29,51,53,58,64,93,99,106,107,125,142,145,156,157,166,170,175,179,127,162,86,
3to 3:
3to 4:15,36,48,72,73,74,76,84,88,91,96,109,118,130,139,141,148,150,158,159,165,196,49,114,188,163,
3to 5:1,33,57,61,77,80,111,132,172,173,181,185,186,193,
3to 6:7,13,21,42,43,79,87,92,105,112,119,121,124,134,135,137,151,164,167,180,187,25,147,
3to 7:2,4,18,22,41,55,62,131,140,155,176,38,190,
3to 8:5,17,28,34,66,68,70,90,100,113,126,174,177,194,199,63,
4to 1:135,96,145,142,21,28,175,92,120,6,137,161,193,101,76,112,134,114,40,95,94,41,163,174,109,166,127,150,
4to 2:111,129,35,43,69,149,16,168,20,7,80,14,185,115,160,
4to 3:156,22,59,68,119,27,26,33,113,93,191,100,104,98,180,200,
4to 4:
4to 5:73,4,99,155,116,146,75,196,
4to 6:36,84,173,139,130,144,141,29,66,126,18,62,189,47,159,8,199,131,
4to 7:11,179,17,37,125,77,1,181,133,67,106,64,78,85,39,30,51,110,192,10,188,74,
4to 8:158,140,57,32,15,132,143,46,53,58,170,38,3,83,105,198,152,165,61,13,50,
5to 1:146,97,176,154,110,197,55,169,192,168,132,138,131,143,177,35,64,164,5,124,105,36,29,
5to 2:26,116,33,159,6,61,44,92,13,68,173,167,155,62,
5to 3:190,12,40,136,76,142,145,102,20,42,37,4,72,126,15,
5to 4:178,98,186,115,133,46,77,125,144,66,17,
5to 5:
5to 6:182,56,193,94,117,19,120,114,194,109,174,1,24,88,
5to 7:104,54,3,87,80,119,189,175,185,75,121,57,158,156,58,
5to 8:196,184,81,128,195,106,67,89,93,135,141,95,79,11,179,59,84,181,78,129,111,
6to 1:46,117,133,155,198,194,130,58,34,32,153,147,122,87,13,12,195,189,157,74,119,185,187,121,
6to 2:10,73,109,78,182,76,1,148,183,171,57,135,22,
6to 3:9,114,48,173,53,144,108,138,63,11,5,47,90,150,149,17,70,158,61,8,82,19,
6to 4:79,101,4,129,164,14,27,134,43,51,106,38,143,69,75,140,99,
6to 5:29,145,177,2,131,124,192,59,175,115,167,95,97,137,159,7,125,199,
6to 6:
6to 7:72,42,174,24,113,126,96,68,136,170,105,84,103,141,36,28,112,120,88,151,
6to 8:20,85,102,191,156,25,139,16,123,92,21,91,62,
7to 1:23,39,159,136,70,48,113,42,68,1,4,57,158,17,
7to 2:71,110,41,74,133,77,37,75,121,164,79,105,181,126,15,
7to 3:65,45,118,147,120,157,87,10,127,166,199,96,139,24,64,125,91,51,88,124,179,73,99,66,111,
7to 4:81,161,104,6,112,168,180,9,142,170,18,175,95,5,137,29,191,53,
7to 5:176,55,106,67,44,92,35,135,141,28,130,11,72,78,129,
7to 6:153,38,198,192,150,148,143,20,2,59,
7to 7:
7to 8:197,103,122,54,52,134,119,189,151,173,22,144,167,47,36,
8to 1:126,53,11,88,141,73,3,77,129,83,16,38,81,152,54,148,115,90,183,160,123,61,107,165,30,25,
8to 2:66,139,102,140,17,191,128,67,5,50,100,91,24,89,
8to 3:84,95,79,189,164,7,23,170,52,134,2,112,44,130,188,18,106,
8to 4:85,111,35,181,119,47,151,92,127,39,103,94,199,179,122,8,
8to 5:62,156,58,121,68,22,174,144,194,40,42,6,20,34,56,143,63,36,12,60,
8to 6:155,99,64,125,72,28,32,184,46,200,162,113,154,4,195,9,
8to 7:15,124,137,169,29,93,70,147,198,
8to 8:

cell1:5,8,3,7,2,4,6,
cell2:6,1,8,7,5,4,3,
cell3:5,6,8,7,2,1,4,
cell4:7,5,6,2,1,8,3,
cell5:6,1,4,2,3,7,8,
cell6:3,2,7,8,1,4,5,
cell7:6,1,4,8,3,5,2,
cell8:4,5,7,2,1,6,3,
