machine1:0,21,57,13,105,177,142,109,167,158,159,87,61,197,175,25,114,43,75,165,92,160,78,132,76,184,173,135,169,23,59,122,68,34,196,113,93,22,51,126,60,116,200,74,44,89,117,4,156,36,162,179,67,185,141,46,63,15,103,181,96,151,6,189,102,188,64,54,56,123,77,183,58,70,90,171,85,195,111,42,130,131,199,152,174,28,163,128,3,31,100,140,17,8,62,155,50,7,81,9,190,20,65,80,120,30,145,16,39,180,192,38,33,98,198,112,170,115,150,154,186,104,149,69,49,106,86,193,97,136,166,176,147,172,10,82,146,118,187,83,73,148,168,2,110,133,29,1,19,125,71,27,101,138,88,32,108,18,127,35,5,66,91,26,161,14,107,41,178,45,79,94,182,55,121,24,153,164,72,37,84,47,143,129,48,99,157,11,191,139,124,53,144,52,119,95,134,137,194,12,40,
machine2:0,21,13,105,177,109,167,158,159,61,197,175,25,43,75,165,92,160,78,132,173,169,59,68,113,93,22,51,126,116,74,44,89,117,4,156,36,179,185,141,46,15,103,181,96,151,6,102,64,54,123,77,183,58,70,171,85,195,111,42,130,131,28,163,128,3,31,140,8,62,155,7,9,20,145,180,38,198,112,115,150,104,149,69,49,106,86,97,136,172,10,82,146,73,148,2,133,29,1,19,125,71,101,138,88,18,35,5,66,91,41,79,121,24,164,72,37,84,47,143,129,48,99,157,191,139,124,53,119,95,12,40,
machine3:0,21,105,109,167,158,159,61,175,25,165,92,160,132,68,113,93,22,51,74,44,89,117,4,156,36,179,185,141,46,15,103,181,96,151,102,64,54,77,58,171,85,195,111,42,130,163,31,8,62,7,145,10,73,148,2,125,71,88,18,35,5,66,41,79,164,72,84,47,143,129,48,99,157,191,53,
machine4:0,57,13,177,142,167,158,159,61,43,75,92,173,59,68,93,126,89,156,36,67,185,141,15,151,64,171,130,140,17,155,50,7,20,80,33,170,115,149,69,106,166,10,83,168,2,110,133,29,138,32,35,5,66,91,41,45,121,24,164,37,84,47,143,99,11,139,124,53,52,119,137,194,12,40,
machine5:0,21,57,13,105,177,142,109,167,158,159,87,61,175,114,43,75,92,160,78,76,173,135,59,122,68,34,93,22,51,126,116,74,44,89,117,4,156,36,162,179,67,185,141,46,15,181,151,6,102,64,56,77,183,58,171,111,130,163,128,31,100,140,17,62,155,50,7,20,80,145,16,192,33,170,115,149,69,106,86,166,10,83,73,148,168,2,110,133,29,1,125,71,27,138,88,32,108,127,35,5,66,91,26,14,107,41,45,79,94,182,121,24,153,164,72,37,84,47,143,129,99,157,11,191,139,124,53,144,52,119,137,194,12,40,
machine6:0,21,57,13,105,177,142,109,167,158,159,87,61,175,25,114,43,75,165,92,78,132,76,173,135,23,59,68,34,196,113,93,22,51,126,60,200,74,44,89,117,4,156,36,162,179,67,185,141,63,15,181,96,151,189,102,188,64,56,77,58,70,90,85,111,42,130,131,199,174,28,163,31,100,140,17,8,62,155,50,7,9,190,20,65,80,120,145,39,180,192,38,33,98,112,170,150,186,104,149,49,106,86,193,136,166,176,147,172,10,82,118,187,73,148,168,2,29,1,19,125,27,138,88,108,18,127,5,66,91,26,107,41,45,79,182,55,121,24,164,72,37,84,47,129,48,99,157,11,191,139,124,53,144,52,119,95,134,137,194,12,40,
machine7:0,21,57,13,105,177,142,109,167,158,87,175,25,114,75,92,78,132,76,173,135,59,68,34,196,113,22,51,126,200,44,89,4,156,36,179,185,141,15,181,96,189,64,77,58,70,85,111,42,130,131,199,174,28,140,17,8,62,155,7,9,190,20,65,80,145,39,180,33,112,186,104,49,86,193,136,176,147,172,10,118,73,148,168,29,1,19,125,138,88,108,18,5,66,91,107,79,121,164,72,37,84,47,129,48,99,11,191,139,124,53,144,52,119,95,134,137,194,
machine8:0,21,57,109,167,87,175,25,75,132,76,68,113,22,51,126,200,89,4,156,179,185,96,189,64,77,58,85,111,42,174,28,17,8,62,155,7,80,145,10,73,29,125,88,18,91,107,121,37,47,99,191,124,144,52,119,95,134,137,
machine9:0,21,57,13,105,142,109,158,159,61,175,114,43,75,165,92,160,78,132,76,173,135,59,122,68,196,113,93,22,51,126,116,200,74,4,156,36,179,67,185,141,46,15,103,181,96,151,6,189,188,64,54,77,58,85,111,42,130,131,199,152,174,28,163,3,100,140,17,8,62,155,50,7,81,9,20,80,120,30,145,16,39,180,192,38,33,98,198,112,170,115,150,186,104,149,69,49,106,193,166,10,146,118,83,73,148,168,110,133,29,1,19,125,27,101,88,32,18,127,35,5,66,91,26,161,14,41,178,79,94,121,24,153,164,72,37,84,47,143,129,48,99,157,11,191,139,124,53,144,119,95,134,137,40,
machine10:0,21,57,13,105,142,109,158,159,175,114,165,92,78,132,135,59,68,113,93,22,51,116,74,4,156,36,179,67,185,141,46,15,181,96,151,6,189,188,64,77,85,42,199,152,174,28,163,3,140,8,62,155,7,80,120,30,145,16,39,33,198,112,170,115,69,106,166,10,146,118,83,73,168,110,133,29,19,125,101,88,32,127,35,5,66,91,161,178,79,94,121,24,153,164,72,37,84,47,143,129,48,99,157,11,191,124,53,144,95,137,
machine11:0,21,57,13,105,142,109,158,175,165,92,78,135,59,68,74,4,156,36,67,185,141,46,15,181,96,151,6,189,77,85,42,28,3,140,8,62,155,7,80,120,30,16,39,170,166,10,146,83,73,29,125,88,32,35,5,66,91,161,79,94,121,24,164,72,37,84,47,143,129,48,157,11,191,53,144,95,137,
machine12:0,57,13,105,177,142,109,158,159,61,175,114,75,92,78,132,76,135,59,68,93,126,60,89,36,179,67,141,63,15,181,54,77,58,195,111,42,174,28,62,7,20,80,120,16,33,98,115,106,193,97,136,146,73,168,2,133,1,71,138,88,32,35,5,66,161,178,94,182,121,24,164,72,37,47,143,129,99,11,144,95,137,40,
machine13:0,57,13,105,177,142,109,167,158,159,87,61,197,175,114,75,92,78,132,76,184,173,135,169,59,68,34,196,93,22,126,60,116,44,89,117,4,156,36,179,67,185,141,46,63,15,181,96,6,189,102,64,54,56,77,58,90,195,111,42,130,131,199,174,28,128,3,17,62,155,7,81,190,20,80,120,145,16,192,33,98,115,150,154,186,104,106,193,97,136,176,172,146,187,73,168,2,110,133,29,1,19,125,71,138,88,32,127,35,5,66,26,161,178,79,94,182,55,121,24,164,72,37,84,47,143,129,99,11,191,139,124,144,119,95,137,194,12,40,
machine14:0,21,57,13,105,177,109,167,158,159,87,61,175,25,114,43,75,165,92,78,76,184,173,135,59,122,68,34,113,22,51,126,200,74,117,4,156,36,162,179,185,141,46,63,15,103,181,96,151,189,102,64,56,123,77,183,58,70,90,171,85,195,111,42,130,131,199,152,174,28,140,17,8,62,155,50,7,9,20,120,145,16,180,192,38,198,112,170,115,150,154,149,69,106,193,97,136,166,147,10,82,187,83,73,148,2,133,29,1,19,125,27,101,138,88,32,108,18,5,66,91,14,107,41,79,94,182,55,121,24,153,164,72,37,84,47,143,129,48,99,157,11,191,139,124,53,144,119,95,134,137,194,12,
machine15:0,21,105,167,158,159,87,25,43,75,92,78,173,135,59,68,113,22,51,126,74,117,4,156,36,162,185,141,46,15,181,96,151,189,102,64,56,77,183,58,70,90,85,111,130,199,152,28,140,17,62,155,7,20,145,198,112,150,69,97,136,147,82,187,83,73,148,2,133,29,1,19,125,88,32,108,18,5,66,91,14,107,41,79,94,55,121,164,72,37,84,47,143,129,48,99,157,11,191,139,124,53,144,119,95,137,12,
machine16:0,21,105,158,87,25,43,75,78,173,135,59,51,126,36,185,141,15,96,151,189,102,64,77,58,70,85,111,140,62,7,20,112,136,187,83,73,148,2,133,29,1,125,88,32,18,5,66,91,107,41,79,121,164,72,84,143,129,48,99,11,191,139,53,95,137,
machine17:0,57,105,142,167,158,175,78,173,59,122,22,126,74,44,4,179,67,185,141,15,96,151,189,64,77,58,70,85,195,111,42,131,199,174,28,3,100,140,17,62,190,20,65,120,112,170,118,73,2,133,1,125,18,127,66,41,79,55,164,72,143,129,48,99,157,11,191,139,124,53,144,52,95,134,137,
machine18:0,57,105,142,167,158,159,87,197,175,75,92,78,173,135,169,23,59,122,68,113,93,22,51,126,74,44,4,156,36,179,67,185,141,15,103,181,96,151,6,189,188,64,54,123,77,58,70,85,195,111,42,130,131,199,174,28,163,128,3,100,140,17,62,155,81,9,190,20,65,80,120,30,39,180,192,38,198,112,170,150,104,106,136,166,176,147,10,118,73,148,168,2,110,133,29,1,125,71,88,18,127,35,5,66,91,161,41,45,79,55,121,24,153,164,72,37,84,47,143,129,48,99,157,11,191,139,124,53,144,52,119,95,134,137,
machine19:0,57,13,105,177,142,167,158,61,197,175,114,43,92,160,78,132,184,173,135,23,59,122,68,34,93,22,126,116,44,89,156,36,179,141,46,15,181,151,6,189,102,64,54,56,183,90,85,111,130,28,17,155,50,7,38,115,154,148,2,29,125,88,32,18,127,35,5,66,91,79,121,164,72,84,47,129,99,11,139,124,53,144,119,95,137,194,
machine20:0,21,57,13,105,177,142,167,158,87,61,197,175,25,114,43,75,165,92,160,78,132,76,184,173,135,169,23,59,122,68,34,196,113,93,22,51,126,60,116,200,44,89,4,156,36,162,179,67,141,46,63,15,103,181,151,6,189,102,188,64,54,56,123,77,183,58,70,90,85,195,111,42,130,199,152,174,28,128,3,100,140,17,8,62,155,50,7,81,9,20,30,16,39,38,198,112,170,115,154,106,147,83,73,148,2,29,125,88,32,18,127,35,5,66,91,107,79,94,121,24,164,72,84,47,143,129,99,11,191,139,124,53,144,52,119,95,134,137,194,12,40,

1to 1:
1to 2:108,45,163,27,122,83,52,138,114,87,32,46,177,21,2,141,4,151,130,88,144,59,158,36,
1to 3:31,172,49,196,186,39,193,34,117,107,192,168,41,131,43,140,174,135,175,28,137,105,29,
1to 4:153,50,16,30,116,54,19,132,157,67,80,10,42,37,24,185,64,121,173,57,124,78,155,58,62,
1to 5:178,98,190,26,182,184,187,90,161,94,150,120,3,136,89,133,102,189,93,96,13,139,47,84,
1to 6:63,14,152,55,103,165,76,145,48,166,77,91,95,75,22,51,5,11,85,179,181,156,15,129,191,53,
1to 7:123,65,71,118,197,100,81,128,195,180,9,127,148,44,199,164,167,79,73,66,111,
1to 8:23,162,154,60,188,56,200,169,12,40,6,8,142,18,35,7,125,99,72,
2to 1:31,171,162,86,100,69,128,33,106,170,10,140,102,93,139,7,167,179,84,181,99,72,156,15,
2to 2:
2to 3:182,56,67,194,80,109,148,177,92,21,185,151,121,57,78,155,129,62,
2to 4:192,40,61,166,13,1,22,11,105,
2to 5:71,16,110,117,168,32,127,119,24,88,79,66,17,126,191,
2to 6:108,50,149,27,34,107,83,12,41,157,138,74,68,37,158,58,111,
2to 7:153,163,159,122,142,143,20,135,91,130,173,5,47,59,
2to 8:160,183,116,94,114,76,87,43,115,44,77,2,175,64,75,51,164,137,124,73,
3to 1:9,19,20,24,26,37,45,47,52,56,59,60,75,78,85,89,104,144,149,191,200,82,50,
3to 2:29,51,53,58,64,93,99,106,107,125,142,145,156,157,166,170,175,179,127,162,86,
3to 3:
3to 4:15,36,48,72,73,74,76,84,88,91,96,109,118,130,139,141,148,150,158,159,165,196,49,114,188,163,
3to 5:1,33,57,61,77,80,111,132,172,173,181,185,186,193,
3to 6:7,13,21,42,43,79,87,92,105,112,119,121,124,134,135,137,151,164,167,180,187,25,147,
3to 7:2,4,18,22,41,55,62,131,140,155,176,38,190,
3to 8:5,17,28,34,66,68,70,90,100,113,126,174,177,194,199,63,
4to 1:135,96,145,142,21,28,175,92,120,6,137,161,193,101,76,112,134,114,40,95,94,41,163,174,109,166,127,150,
4to 2:111,129,35,43,69,149,16,168,20,7,80,14,185,115,160,
4to 3:156,22,59,68,119,27,26,33,113,93,191,100,104,98,180,200,
4to 4:
4to 5:73,4,99,155,116,146,75,196,
4to 6:36,84,173,139,130,144,141,29,66,126,18,62,189,47,159,8,199,131,
4to 7:11,179,17,37,125,77,1,181,133,67,106,64,78,85,39,30,51,110,192,10,188,74,
4to 8:158,140,57,32,15,132,143,46,53,58,170,38,3,83,105,198,152,165,61,13,50,
5to 1:146,97,176,154,110,197,55,169,192,168,132,138,131,143,177,35,64,164,5,124,105,36,29,
5to 2:26,116,33,159,6,61,44,92,13,68,173,167,155,62,
5to 3:190,12,40,136,76,142,145,102,20,42,37,4,72,126,15,
5to 4:178,98,186,115,133,46,77,125,144,66,17,
5to 5:
5to 6:182,56,193,94,117,19,120,114,194,109,174,1,24,88,
5to 7:104,54,3,87,80,119,189,175,185,75,121,57,158,156,58,
5to 8:196,184,81,128,195,106,67,89,93,135,141,95,79,11,179,59,84,181,78,129,111,
6to 1:121,185,119,189,13,74,157,87,12,187,195,58,122,155,147,32,130,153,34,46,194,133,117,198,
6to 2:22,57,135,78,1,148,73,76,183,171,109,10,182,
6to 3:158,17,61,47,8,19,5,11,70,53,144,82,150,173,149,90,138,48,63,108,9,114,
6to 4:99,75,140,51,143,129,106,69,43,164,38,79,4,134,27,14,101,
6to 5:137,125,7,167,95,59,199,175,115,124,159,97,2,192,29,131,177,145,
6to 6:
6to 7:36,88,84,151,105,28,126,141,120,68,112,96,170,136,103,113,24,72,42,174,
6to 8:62,191,156,91,21,92,139,85,102,25,16,123,20,
7to 1:1,17,42,48,57,68,113,136,158,159,39,23,70,4,
7to 2:15,37,41,74,77,79,105,121,126,133,164,181,71,110,75,
7to 3:10,24,45,51,64,66,73,87,88,91,96,99,111,120,124,127,139,147,166,179,199,157,125,65,118,
7to 4:5,6,9,18,29,53,81,95,104,112,137,142,161,168,170,175,180,191,
7to 5:11,28,35,44,67,72,78,92,106,129,130,135,141,55,176,
7to 6:2,20,38,59,143,148,150,192,153,198,
7to 7:
7to 8:22,36,47,52,54,103,119,122,134,144,151,167,173,189,197,
8to 1:11,25,30,38,53,54,61,73,77,81,83,88,90,107,115,126,129,141,148,160,165,183,152,3,16,123,
8to 2:5,17,24,66,67,89,91,100,102,139,140,191,50,128,
8to 3:2,7,18,44,52,79,84,95,106,112,130,134,164,170,188,189,23,
8to 4:8,35,47,85,92,94,103,111,119,122,127,151,179,181,199,39,
8to 5:6,12,20,22,34,36,40,42,56,58,60,62,121,143,144,156,174,194,68,63,
8to 6:4,9,28,32,46,64,72,99,113,125,154,155,195,200,162,184,
8to 7:15,29,70,93,124,137,147,169,198,
8to 8:

cell1:5,8,3,7,2,4,6,
cell2:6,1,8,7,5,4,3,
cell3:5,6,8,7,2,1,4,
cell4:7,5,6,2,1,8,3,
cell5:6,1,4,2,3,7,8,
cell6:8,7,5,2,3,4,1,
cell7:8,4,1,5,3,6,2,
cell8:7,2,3,4,5,1,6,
