machine1:0,99,72,22,36,18,11,55,104,46,37,61,40,67,23,82,60,102,58,107,68,42,74,80,43,78,94,109,116,112,12,81,97,89,21,25,45,59,62,19,86,1,63,73,14,10,85,108,44,28,9,5,48,117,20,96,103,50,15,47,38,8,110,91,113,105,31,16,111,30,120,90,83,33,54,100,
machine2:0,99,72,22,34,36,18,39,11,55,104,106,46,37,61,40,67,23,82,60,32,53,102,58,52,107,68,42,74,4,80,49,29,43,65,3,78,94,64,109,114,116,112,12,76,81,97,69,66,89,27,21,115,118,25,7,26,45,57,59,71,62,87,19,86,79,70,6,101,75,1,88,63,73,41,14,10,85,108,44,17,13,98,28,35,9,5,48,117,51,20,24,96,103,50,15,47,38,95,8,2,110,93,91,113,105,31,16,77,111,92,30,120,56,84,90,83,119,33,54,100,
machine3:0,34,39,55,106,61,23,32,53,102,42,74,4,43,65,78,94,64,109,114,12,97,69,89,27,118,45,62,87,79,70,6,1,63,73,41,108,44,13,5,20,24,103,50,15,47,38,95,31,77,92,30,84,90,54,100,
machine4:0,72,34,36,18,39,55,104,106,46,37,61,23,82,60,32,53,102,52,107,68,42,74,4,80,49,29,43,65,3,78,94,64,109,114,112,12,76,97,69,89,27,21,115,118,25,26,45,71,62,87,19,86,79,70,6,75,1,88,63,73,41,10,85,108,44,13,98,35,9,5,48,20,24,103,50,15,47,38,95,8,2,93,91,113,31,77,111,92,30,120,56,84,90,54,100,
machine5:0,99,36,39,11,104,106,46,61,40,67,82,60,32,102,58,107,74,4,80,49,29,43,65,3,78,94,64,109,116,112,76,97,66,89,21,115,118,25,7,26,45,57,71,62,87,19,86,79,70,6,101,75,1,88,73,41,14,10,85,44,17,13,98,28,35,9,5,48,117,51,20,24,103,50,47,38,95,2,110,93,91,113,31,16,111,92,30,84,90,83,119,54,100,
machine6:0,99,11,104,106,46,61,40,67,74,4,80,29,43,65,3,78,94,109,116,112,76,89,21,115,118,7,26,45,57,71,87,19,86,79,70,6,101,75,1,88,73,41,14,10,85,44,17,13,98,28,9,5,48,117,51,20,24,103,47,38,95,2,110,93,91,31,16,92,84,90,119,54,100,
machine7:0,106,67,74,4,29,78,109,116,112,76,89,118,26,45,87,86,88,73,41,85,17,13,28,5,48,117,51,24,103,47,95,91,31,16,92,84,90,54,100,
machine8:0,99,39,11,55,104,106,37,61,40,82,60,32,52,42,4,80,43,65,78,94,109,112,12,81,66,21,118,25,7,45,57,71,62,86,70,101,1,73,14,85,13,48,24,96,50,15,38,95,2,93,113,16,111,92,120,83,
machine9:0,99,72,22,36,18,39,11,55,104,106,37,61,40,82,60,32,53,102,58,52,107,42,74,4,80,43,65,3,78,94,64,109,114,116,112,12,81,97,69,66,89,27,21,115,118,25,7,45,57,59,71,62,87,86,70,101,75,1,88,63,73,14,10,85,108,13,28,35,5,48,20,24,96,103,50,15,38,95,8,2,93,91,113,31,16,77,111,92,120,84,83,119,33,
machine10:0,99,72,22,34,36,18,39,11,55,104,46,67,23,82,60,32,53,58,52,68,42,74,4,80,49,43,65,3,78,94,64,109,114,116,112,12,81,97,69,66,89,27,21,115,118,25,7,26,45,57,59,71,62,87,19,86,79,70,101,75,1,88,63,73,41,14,10,85,108,44,17,13,98,35,9,5,48,51,20,24,96,103,15,47,38,95,8,2,110,93,91,113,105,31,16,77,111,92,30,120,56,84,90,83,119,33,54,100,
machine11:0,99,72,22,34,36,18,39,11,55,104,53,58,68,74,4,80,49,43,65,3,78,64,112,12,81,97,69,66,89,27,118,25,7,26,57,59,71,62,87,19,86,79,70,101,1,88,63,73,41,14,10,85,108,44,17,13,98,35,9,5,48,51,24,103,47,38,95,8,2,110,93,91,113,105,31,16,111,92,30,120,56,84,90,83,119,33,54,100,
machine12:0,99,53,68,80,43,3,112,81,97,69,66,118,57,62,87,19,86,70,1,41,85,108,44,13,35,9,48,51,24,103,47,38,8,2,110,93,91,113,105,31,16,111,92,30,120,56,84,90,83,119,33,54,100,

1to 1:
1to 2:9,13,24,32,36,39,41,45,50,53,61,76,79,89,23,107,34,68,49,82,30,37,69,
1to 3:2,5,6,40,43,62,65,80,84,87,88,90,92,111,19,99,48,7,75,104,116,29,10,110,112,58,11,100,98,66,
1to 4:1,4,8,25,72,73,91,102,103,120,28,83,57,106,74,108,97,114,
1to 5:15,21,26,31,35,54,60,70,86,94,101,113,119,46,118,27,55,105,44,18,22,56,
2to 1:54,55,60,63,102,108,44,93,18,120,86,43,94,3,111,85,78,115,4,
2to 2:
2to 3:103,113,38,89,50,36,32,70,45,31,61,41,47,
2to 4:42,39,112,88,71,118,104,15,37,53,95,27,82,64,12,21,
2to 5:109,87,9,52,79,69,97,30,23,65,25,13,72,20,2,91,75,77,100,8,90,34,84,98,
3to 1:31,113,16,64,83,28,1,101,24,117,26,70,79,76,103,
3to 2:73,80,78,19,94,115,118,104,46,3,29,54,88,6,25,97,74,20,4,106,
3to 3:
3to 4:109,92,61,93,50,111,87,36,84,35,60,40,14,38,7,99,119,89,10,11,107,
3to 5:85,71,48,39,5,95,47,58,67,62,41,82,51,57,49,110,17,
4to 1:5,12,13,15,38,59,62,65,80,20,112,107,33,58,35,22,116,96,
4to 2:2,8,43,48,52,55,60,63,75,84,109,113,72,77,87,18,
4to 3:3,16,39,71,74,85,86,91,95,102,21,57,106,97,
4to 4:
4to 5:10,11,24,32,42,73,78,88,92,93,115,120,45,99,1,83,104,14,66,64,36,108,114,81,
5to 1:81,67,98,68,14,77,7,51,42,19,49,17,52,53,66,82,100,25,75,45,71,2,32,90,47,74,91,89,109,95,
5to 2:56,114,27,35,112,12,21,26,93,10,5,62,103,111,92,1,38,85,
5to 3:115,44,46,64,119,30,118,9,4,73,13,24,78,
5to 4:69,96,33,116,59,101,31,63,48,86,16,3,65,94,80,70,20,43,
5to 5:

cell1:2,5,4,3,
cell2:1,3,4,5,
cell3:4,2,1,5,
cell4:3,2,5,1,
cell5:1,3,2,4,
