machine1:0,4,8,14,12,3,11,7,15,1,13,9,2,5,10,6,
machine2:0,4,8,14,12,11,1,13,9,2,5,10,6,
machine3:0,8,12,11,1,13,9,5,
machine4:0,8,14,12,3,11,7,15,13,9,2,5,10,6,
machine5:0,8,14,3,11,7,15,13,9,2,5,6,
machine6:0,8,14,11,13,5,6,
machine7:0,4,8,12,3,1,13,9,2,5,10,6,
machine8:0,4,8,12,3,1,13,10,6,
machine9:0,4,8,13,6,
machine10:0,4,8,14,12,3,11,7,15,1,13,9,5,10,6,
machine11:0,4,3,11,7,15,9,5,10,6,
machine12:0,4,3,11,15,5,6,

1to 1:
1to 2:15,14,
1to 3:12,8,2,
1to 4:1,4,11,
2to 1:7,6,2,8,11,13,
2to 2:
2to 3:9,5,3,
2to 4:10,14,12,
3to 1:10,
3to 2:12,6,13,
3to 3:
3to 4:5,8,3,9,
4to 1:15,9,3,5,
4to 2:7,
4to 3:4,13,1,10,6,
4to 4:

cell1:2,4,3,
cell2:3,1,4,
cell3:2,4,1,
cell4:2,3,1,
