machine1:0,7,17,20,2,25,28,27,3,19,18,1,4,9,6,15,24,26,13,23,22,21,10,16,8,
machine2:0,7,20,2,25,28,27,18,1,4,9,13,23,22,10,16,8,
machine3:0,7,17,20,2,11,12,25,28,27,5,3,19,18,1,4,9,6,14,15,24,26,13,23,22,21,10,16,8,
machine4:0,2,25,27,18,1,9,23,22,10,
machine5:0,7,17,2,12,25,5,3,19,18,1,4,9,6,14,15,24,26,13,23,21,10,16,8,
machine6:0,2,12,14,24,10,8,
machine7:0,7,2,12,3,18,1,4,9,14,15,24,26,13,23,10,16,8,
machine8:0,7,17,2,12,25,3,18,1,4,9,14,15,24,26,13,23,21,10,16,8,
machine9:0,7,2,12,3,18,1,4,9,14,24,26,23,10,16,8,
machine10:0,7,17,2,11,25,28,5,1,4,14,24,26,13,23,21,10,16,8,
machine11:0,7,17,2,25,1,24,26,23,21,10,8,
machine12:0,7,17,2,11,25,28,5,19,18,1,4,6,14,15,24,26,13,23,22,21,10,16,8,
machine13:0,7,17,1,24,26,23,8,
machine14:0,7,17,2,12,25,5,3,18,9,14,24,26,13,23,22,21,10,16,8,
machine15:0,17,2,12,5,18,9,14,24,26,13,23,21,10,16,8,
machine16:0,18,14,13,23,10,16,8,
machine17:0,7,17,20,2,11,12,25,28,27,3,19,4,9,6,14,15,24,26,23,22,21,10,16,8,
machine18:0,25,6,24,23,22,21,16,
machine19:0,17,20,25,3,19,4,9,6,14,24,26,23,22,21,10,16,8,
machine20:0,7,17,20,2,11,12,25,3,19,4,9,6,14,24,26,23,22,21,10,16,8,
machine21:0,17,25,19,4,9,6,14,24,26,23,22,21,10,16,8,

1to 1:
1to 2:13,1,18,12,16,
1to 3:26,17,7,
1to 4:3,21,23,14,24,
1to 5:28,22,15,6,9,4,10,8,
2to 1:5,19,3,4,17,14,10,2,
2to 2:
2to 3:18,21,25,8,16,
2to 4:12,
2to 5:7,24,
3to 1:13,6,1,23,8,24,
3to 2:19,15,7,
3to 3:
3to 4:5,22,10,25,2,
3to 5:11,21,26,16,
4to 1:18,16,22,
4to 2:26,5,9,8,10,17,21,
4to 3:13,
4to 4:
4to 5:23,14,12,25,2,
5to 1:11,27,25,20,
5to 2:6,3,2,23,
5to 3:19,14,4,28,24,15,
5to 4:9,26,17,7,
5to 5:

cell1:5,2,4,3,
cell2:4,1,3,5,
cell3:2,4,5,1,
cell4:5,1,2,3,
cell5:4,3,2,1,
