machine1:0,144,173,125,104,45,44,33,211,175,113,66,145,135,48,140,75,146,127,198,42,79,98,219,12,185,4,142,83,207,197,74,177,122,46,187,134,159,114,9,14,149,93,106,95,22,5,192,138,27,40,51,214,89,165,86,110,191,52,112,87,215,29,150,19,13,188,220,179,11,212,109,194,73,56,201,115,69,206,139,7,35,32,161,167,118,133,16,50,111,94,178,96,105,99,53,129,108,77,174,117,61,171,67,155,88,121,36,186,57,157,72,196,123,204,184,107,164,170,218,2,101,120,18,62,15,8,162,63,82,202,28,128,148,116,90,199,213,76,97,1,70,65,203,43,24,81,205,181,208,84,151,25,210,193,176,216,64,126,195,80,6,34,160,143,26,182,20,71,154,189,153,141,85,158,58,37,163,78,23,119,59,31,200,103,166,180,41,10,147,217,172,100,3,131,124,156,39,49,183,209,91,47,54,130,30,132,102,152,55,168,169,21,92,60,136,17,68,38,137,190,
machine2:0,144,173,125,104,45,44,33,211,175,113,66,145,135,48,140,75,146,198,83,207,74,177,122,46,187,134,159,14,22,192,40,214,191,29,19,11,109,73,201,115,69,206,139,7,35,32,161,167,118,133,16,50,111,94,178,96,105,99,53,129,108,77,174,117,61,171,67,155,88,121,36,186,57,157,72,196,123,204,184,107,164,170,218,2,101,120,18,62,15,8,162,63,82,202,28,128,148,116,90,199,213,76,97,1,70,65,203,43,24,81,205,181,208,84,151,25,210,193,176,216,64,126,195,80,6,34,160,143,26,182,20,71,154,189,153,141,85,158,58,37,163,78,23,119,59,31,200,103,166,180,41,10,147,217,172,100,3,131,124,156,39,49,183,209,91,47,54,130,30,132,102,152,55,168,169,21,92,60,136,17,68,38,137,190,
machine3:0,125,104,45,113,145,135,48,83,122,46,187,22,214,191,19,109,73,201,115,139,7,32,161,118,111,94,178,99,53,108,174,117,171,67,155,88,121,57,157,72,123,204,184,170,218,2,101,120,18,8,162,63,28,128,148,213,76,97,1,65,203,43,24,81,205,181,208,84,151,25,210,193,176,64,126,195,80,6,160,143,26,71,154,189,153,141,158,58,37,163,78,23,119,31,200,166,41,10,147,217,172,100,3,131,124,156,39,49,183,209,91,47,132,152,168,21,92,60,68,38,
machine4:0,144,173,125,104,45,44,33,211,175,66,145,135,48,140,127,198,42,79,98,219,12,185,4,142,207,197,74,122,187,159,114,9,14,149,93,106,95,22,5,192,138,27,40,51,214,89,165,86,110,191,52,112,87,215,29,150,19,13,188,220,179,11,212,109,194,73,201,115,69,206,139,35,32,161,167,118,133,16,50,111,94,178,96,105,99,53,129,108,77,174,117,61,171,67,155,88,121,36,186,57,157,72,123,204,184,107,164,170,218,2,101,120,18,62,15,8,162,63,82,202,28,128,148,116,90,213,76,1,70,65,203,43,24,81,205,181,208,84,151,25,210,193,176,216,64,126,195,80,6,34,160,143,26,182,20,71,154,189,153,141,85,158,58,37,163,78,23,119,59,31,200,103,166,180,10,147,217,172,100,3,124,156,39,49,183,209,91,47,54,130,30,132,102,152,168,169,21,92,60,136,17,68,38,137,190,
machine5:0,125,104,45,44,211,135,48,140,127,198,42,219,12,185,4,197,74,122,159,114,9,149,93,106,95,192,138,27,40,51,214,89,165,86,110,191,112,87,215,29,150,13,188,220,179,212,109,194,73,201,115,69,206,139,35,161,167,118,133,16,50,111,94,178,96,105,99,53,129,108,77,117,61,67,155,88,121,36,186,57,157,72,123,204,184,107,164,170,218,2,101,120,18,62,15,8,162,82,202,28,148,116,90,213,76,70,65,203,43,24,81,205,181,84,151,25,210,193,176,216,64,126,195,80,6,160,143,26,182,20,71,154,189,141,85,158,58,37,163,23,119,59,31,200,166,180,10,217,172,100,3,124,39,49,183,209,91,47,54,30,132,102,169,21,60,136,17,68,38,137,190,
machine6:0,125,44,211,135,48,127,198,219,185,197,74,149,95,138,27,40,51,214,89,165,86,110,191,87,215,150,13,188,179,212,201,115,206,139,35,167,133,16,50,94,178,96,105,99,53,129,108,117,88,121,186,57,157,72,204,107,170,218,62,8,162,202,28,90,213,76,70,65,203,43,181,151,25,193,176,64,195,80,6,143,182,20,71,154,189,141,85,58,163,23,119,31,200,166,180,10,3,124,49,183,91,54,30,132,169,60,136,17,68,190,
machine7:0,173,125,175,113,135,140,146,127,42,79,98,219,12,185,4,142,83,74,177,122,46,134,114,9,14,149,93,5,112,87,11,194,73,56,201,69,7,35,133,16,94,96,105,88,121,186,196,184,170,218,18,15,162,82,148,116,199,76,97,70,65,205,181,84,25,216,126,34,160,143,20,71,153,85,58,37,103,166,10,147,172,100,156,39,49,209,47,130,102,152,55,168,21,92,60,17,68,38,
machine8:0,144,173,125,33,211,175,113,66,145,135,48,140,75,146,127,42,79,98,219,12,185,4,142,83,207,197,74,177,122,46,187,134,159,114,9,14,149,93,95,22,5,192,40,86,110,191,52,112,87,29,150,13,188,220,11,109,194,73,56,201,69,7,35,32,161,167,133,16,94,178,96,105,129,108,77,171,155,88,121,36,186,57,157,196,123,204,184,164,170,218,101,18,62,15,8,162,63,82,28,128,148,116,90,199,213,76,97,70,65,43,24,205,181,208,84,151,25,210,216,64,126,195,6,34,160,143,26,20,71,189,153,141,85,158,58,37,163,119,31,103,166,10,147,172,100,3,131,124,156,39,49,183,209,91,47,54,130,30,132,102,152,55,168,169,21,92,60,136,17,68,38,137,
machine9:0,173,104,45,44,33,211,175,113,48,75,127,42,79,98,219,142,93,106,95,22,5,27,214,86,110,191,52,112,29,150,19,13,220,11,109,194,73,56,69,35,161,16,50,108,117,36,186,57,157,72,196,107,164,101,120,18,62,63,82,202,28,128,148,116,97,1,70,43,205,208,84,151,64,126,80,6,34,160,26,20,154,141,85,37,163,23,119,59,103,180,41,172,100,3,131,124,156,183,209,91,47,54,132,102,152,55,168,21,92,136,17,38,137,
machine10:0,144,173,104,45,44,33,211,175,113,66,135,48,75,146,127,198,42,79,98,219,12,185,4,142,83,207,177,46,187,134,149,93,106,95,22,5,138,27,40,51,214,89,165,86,110,191,52,112,87,215,29,150,19,13,188,220,179,11,212,109,194,73,56,201,115,69,206,139,7,35,32,161,167,118,133,16,50,111,94,178,105,99,108,77,174,117,61,155,88,36,186,57,157,72,196,123,204,184,107,164,170,2,101,120,18,62,15,8,162,63,82,202,28,128,148,116,90,199,76,97,1,70,65,43,81,205,181,208,84,151,25,210,64,126,195,80,6,34,160,143,26,182,20,154,189,153,141,85,37,163,78,23,119,59,31,200,103,166,180,41,147,172,100,3,131,124,156,39,49,183,209,91,47,54,130,30,132,102,152,55,168,21,92,136,17,38,137,190,

1to 1:
1to 2:17,87,143,190,153,212,94,171,180,202,109,21,71,197,26,31,102,189,33,13,67,193,192,155,15,60,213,39,93,16,62,107,42,19,40,203,117,52,86,157,122,53,88,57,207,217,156,168,63,79,165,129,167,169,98,3,154,158,188,8,
1to 3:191,58,20,194,56,219,66,187,65,185,218,91,130,114,116,74,7,136,184,181,131,11,73,147,186,83,148,103,134,92,196,47,46,161,159,4,10,216,201,43,54,14,12,28,36,205,95,119,
1to 4:78,25,206,215,2,170,174,138,132,76,150,162,105,61,160,59,22,34,108,182,128,49,183,55,177,200,27,118,30,70,172,164,179,115,64,85,139,220,214,29,152,32,126,166,99,199,137,
2to 1:145,106,174,114,159,176,61,78,1,144,138,72,74,89,198,68,128,179,124,147,218,66,58,50,220,211,59,216,112,80,210,136,142,90,185,132,121,44,200,148,151,209,161,65,152,163,37,69,116,162,105,20,160,108,133,175,119,219,30,76,205,54,166,91,
2to 2:
2to 3:192,40,5,24,122,125,149,9,208,87,207,169,197,140,34,150,109,29,16,84,204,183,48,79,126,96,63,35,213,189,98,141,6,102,100,135,39,137,170,3,64,85,143,
2to 4:187,111,212,153,51,19,23,178,120,11,15,195,45,81,77,123,104,62,101,130,94,127,190,86,154,188,117,4,42,173,194,12,28,167,156,8,110,18,31,38,95,157,201,82,
3to 1:5,24,171,125,158,149,71,9,208,26,140,195,34,97,129,199,57,33,62,94,127,155,86,204,48,126,96,173,35,13,60,141,6,100,88,135,18,21,170,172,82,17,
3to 2:145,14,178,22,68,128,124,77,123,101,112,181,210,142,132,32,121,4,194,164,28,49,186,163,37,25,43,110,162,10,38,191,70,92,30,201,47,166,
3to 3:
3to 4:113,56,40,146,75,144,87,196,93,211,7,16,52,84,136,90,185,148,189,151,36,209,73,102,69,116,39,20,133,175,119,184,103,219,3,168,143,205,54,91,
4to 1:113,134,187,165,41,146,107,111,46,75,51,23,131,178,120,207,93,11,45,202,83,81,109,77,123,104,101,130,181,52,84,180,79,63,12,186,98,43,110,38,191,95,92,168,47,
4to 2:106,215,206,5,27,1,144,149,72,115,208,118,89,198,99,139,147,150,66,2,50,211,214,182,29,80,204,183,90,48,44,35,151,36,209,161,73,65,141,6,100,135,69,137,133,175,172,184,103,64,85,
4to 3:153,177,22,26,15,195,55,124,97,57,33,220,112,127,210,155,142,188,32,42,173,164,49,13,167,152,163,156,37,8,25,88,18,105,160,31,108,21,70,157,76,82,17,
4to 4:

cell1:2,3,4,
cell2:4,3,1,
cell3:1,2,4,
cell4:1,2,3,
