machine1:0,173,144,125,104,45,33,44,211,175,198,145,113,66,96,135,48,75,146,127,12,42,219,98,14,79,142,214,22,93,149,52,106,83,207,197,74,177,122,192,46,187,159,134,114,185,188,5,95,40,112,4,51,150,87,215,148,86,165,138,9,19,179,220,29,110,13,131,167,89,206,115,191,27,212,194,56,109,73,99,88,69,129,35,105,94,201,32,133,178,16,50,174,111,186,184,140,157,77,67,171,154,199,218,213,61,107,121,43,143,8,155,57,18,28,176,90,181,118,204,2,116,72,1,120,162,10,151,182,101,128,34,202,76,53,15,164,97,161,70,123,82,25,200,24,62,203,196,208,169,55,189,63,85,158,3,81,84,11,170,36,64,7,183,210,166,217,160,139,20,26,119,108,37,117,153,195,126,100,141,193,216,80,41,156,78,163,59,124,31,30,209,205,58,172,21,71,102,65,49,39,180,47,147,91,60,130,23,92,132,152,168,54,103,6,136,17,68,38,137,190,
machine2:0,173,144,125,104,45,33,44,211,175,198,145,113,66,96,135,48,75,146,14,214,22,83,207,74,177,122,192,46,187,159,134,40,148,19,29,131,167,206,115,191,109,73,99,88,69,129,35,105,94,201,32,133,178,16,50,174,111,186,184,140,157,77,67,171,154,199,218,213,61,107,121,43,143,8,155,57,18,28,176,90,181,118,204,2,116,72,1,120,162,10,151,182,101,128,34,202,76,53,15,164,97,161,70,123,82,25,200,24,62,203,196,208,169,55,189,63,85,158,3,81,84,11,170,36,64,7,183,210,166,217,160,139,20,26,119,108,37,117,153,195,126,100,141,193,216,80,41,156,78,163,59,124,31,30,209,205,58,172,21,71,102,65,49,39,180,47,147,91,60,130,23,92,132,152,168,54,103,6,136,17,68,38,137,190,
machine3:0,125,104,45,145,113,135,48,214,22,83,122,46,187,148,19,131,115,191,109,73,99,88,94,201,32,178,174,111,184,157,67,171,154,218,213,121,43,143,8,155,57,18,28,176,181,118,204,2,72,1,120,162,10,151,101,128,76,53,97,161,123,25,200,24,203,208,189,63,158,3,81,84,170,64,7,183,210,166,217,160,139,26,119,108,37,117,153,195,126,100,141,193,80,41,156,78,163,124,31,209,205,58,172,21,71,65,49,39,47,147,91,60,23,92,132,152,168,6,68,38,
machine4:0,173,144,125,104,45,33,44,211,175,198,145,66,96,135,48,127,12,42,219,98,14,79,142,214,22,93,149,52,106,207,197,74,122,192,187,159,114,185,188,5,95,40,112,4,51,150,87,215,148,86,165,138,9,19,179,220,29,110,13,167,89,206,115,191,27,212,194,109,73,99,88,69,129,35,105,94,201,32,133,178,16,50,174,111,186,184,140,157,77,67,171,154,218,213,61,107,121,43,143,8,155,57,18,28,176,90,181,118,204,2,116,72,1,120,162,10,151,182,101,128,34,202,76,53,15,164,161,70,123,82,25,200,24,62,203,208,169,189,63,85,158,3,81,84,11,170,36,64,183,210,166,217,160,139,20,26,119,108,37,117,153,195,126,100,141,193,216,80,156,78,163,59,124,31,30,209,205,58,172,21,71,102,65,49,39,180,47,147,91,60,130,23,92,132,152,168,54,103,6,136,17,68,38,137,190,
machine5:0,125,104,45,44,211,198,96,135,48,127,12,42,219,214,93,149,106,197,74,122,192,159,114,185,188,95,40,112,4,51,150,87,215,148,86,165,138,9,179,220,29,110,13,167,89,206,115,191,27,212,194,109,73,99,88,69,129,35,105,94,201,133,178,16,50,111,186,184,140,157,77,67,154,218,213,61,107,121,43,143,8,155,57,18,28,176,90,181,118,204,2,116,72,120,162,10,151,182,101,202,76,53,15,164,161,70,123,82,25,200,24,62,203,169,189,85,158,3,81,84,170,36,64,183,210,166,217,160,139,20,26,119,108,37,117,195,126,100,141,193,216,80,163,59,124,31,30,209,205,58,172,21,71,102,65,49,39,180,47,91,60,23,132,54,6,136,17,68,38,137,190,
machine6:0,125,44,211,198,96,135,48,127,219,214,149,197,74,185,188,95,40,51,150,87,215,86,165,138,179,110,13,167,89,206,115,191,27,212,99,88,129,35,105,94,201,133,178,16,50,186,157,154,218,213,107,121,43,143,8,57,28,176,90,181,204,72,162,10,151,182,202,76,53,70,25,200,62,203,169,189,85,3,170,64,183,166,139,20,119,108,117,195,141,193,80,163,124,31,30,58,71,65,49,180,91,60,23,132,54,6,136,17,68,190,
machine7:0,173,125,175,113,96,135,146,127,12,42,219,98,14,79,142,93,149,83,74,177,122,46,134,114,185,5,112,4,87,148,9,194,56,73,88,69,35,105,94,201,133,16,186,184,140,199,218,121,143,18,181,116,162,10,34,76,15,97,70,82,25,196,55,85,84,11,170,7,166,160,20,37,153,126,100,216,156,209,205,58,172,21,71,102,65,49,39,47,147,60,130,92,152,168,103,17,68,38,
machine8:0,173,144,125,33,211,175,145,113,66,96,135,48,75,146,127,12,42,219,98,14,79,142,22,93,149,52,83,207,197,74,177,122,192,46,187,159,134,114,185,188,5,95,40,112,4,150,87,148,86,9,220,29,110,13,131,167,191,194,56,109,73,88,69,129,35,105,94,201,32,133,178,16,186,184,140,157,77,171,199,218,213,121,43,143,8,155,57,18,28,90,181,204,116,162,10,151,101,128,34,76,15,164,97,161,70,123,82,25,24,62,196,208,169,55,189,63,85,158,3,84,11,170,36,64,7,183,210,166,160,20,26,119,108,37,153,195,126,100,141,216,156,163,124,31,30,209,205,58,172,21,71,102,65,49,39,47,147,91,60,130,92,132,152,168,54,103,6,136,17,68,38,137,
machine9:0,173,104,45,33,44,211,175,113,48,75,127,42,219,98,79,142,214,22,93,52,106,5,95,112,150,148,86,19,220,29,110,13,131,191,27,194,56,109,73,69,35,16,50,186,157,154,107,43,57,18,28,116,72,1,120,151,101,128,34,202,164,97,161,70,82,62,196,208,55,63,85,3,84,11,36,64,183,160,20,26,119,108,37,117,126,100,141,80,41,156,163,59,124,209,205,172,21,102,180,47,91,23,92,132,152,168,54,103,6,136,17,38,137,
machine10:0,173,144,104,45,33,44,211,175,198,113,66,135,48,75,146,127,12,42,219,98,79,142,214,22,93,149,52,106,83,207,177,46,187,134,185,188,5,95,40,112,4,51,150,87,215,148,86,165,138,19,179,220,29,110,13,131,167,89,206,115,191,27,212,194,56,109,73,99,88,69,35,105,94,201,32,133,178,16,50,174,111,186,184,157,77,154,199,61,107,43,143,8,155,57,18,28,90,181,118,204,2,116,72,1,120,162,151,182,101,128,34,202,76,15,164,97,161,70,123,82,25,200,62,196,208,55,189,63,85,3,81,84,11,170,36,64,7,183,210,166,160,139,20,26,119,108,37,117,153,195,126,100,141,80,41,156,78,163,59,124,31,30,209,205,172,21,102,65,49,39,180,47,147,91,130,23,92,132,152,168,54,103,6,136,17,38,137,190,

1to 1:
1to 2:17,87,143,190,153,212,94,171,180,202,109,21,71,197,26,31,102,189,33,13,67,193,192,155,15,60,213,39,93,16,62,107,42,19,40,203,117,52,86,157,122,53,88,57,207,217,156,168,63,79,165,129,167,169,98,3,154,158,188,8,
1to 3:191,58,20,194,56,219,66,187,65,185,218,91,130,114,116,74,7,136,184,181,131,11,73,147,186,83,148,103,134,92,196,47,46,161,159,4,10,216,201,43,54,14,12,28,36,205,95,119,
1to 4:78,25,206,215,2,170,174,138,132,76,150,162,105,61,160,59,22,34,108,182,128,49,183,55,177,200,27,118,30,70,172,164,179,115,64,85,139,220,214,29,152,32,126,166,99,199,137,
2to 1:112,145,61,148,1,151,30,121,58,116,209,78,138,159,74,185,80,142,37,163,136,174,152,166,176,144,72,76,108,147,106,20,211,105,160,114,220,54,124,119,210,205,59,161,65,133,219,50,128,179,218,216,90,162,175,69,91,198,200,66,89,44,68,132,
2to 2:
2to 3:40,5,150,6,29,96,63,35,192,170,84,135,100,207,39,64,169,204,24,87,16,48,122,149,137,208,126,85,34,213,102,189,79,143,183,98,125,109,140,9,197,3,141,
2to 4:101,94,157,153,178,173,154,4,123,51,23,212,127,195,8,86,15,167,19,62,156,187,82,111,95,201,194,42,130,31,117,120,190,11,18,81,77,38,45,110,12,188,104,28,
3to 1:5,24,171,125,158,149,71,9,208,26,140,195,34,97,129,199,57,33,62,94,127,155,86,204,48,126,96,173,35,13,60,141,6,100,88,135,18,21,170,172,82,17,
3to 2:145,14,178,22,68,128,124,77,123,101,112,181,210,142,132,32,121,4,194,164,28,49,186,163,37,25,43,110,162,10,38,191,70,92,30,201,47,166,
3to 3:
3to 4:113,56,40,146,75,144,87,196,93,211,7,16,52,84,136,90,185,148,189,151,36,209,73,102,69,116,39,20,133,175,119,184,103,219,3,168,143,205,54,91,
4to 1:23,107,123,79,178,186,120,134,109,187,43,77,165,113,180,81,131,12,51,191,47,146,63,84,181,46,104,93,130,38,83,111,11,45,52,168,75,95,92,202,110,98,207,101,41,
4to 2:5,150,215,80,144,209,183,204,106,100,214,208,6,182,184,1,69,48,64,65,72,35,44,73,133,211,147,99,36,151,50,161,2,137,29,135,175,27,66,172,103,139,198,141,206,149,118,115,90,85,89,
4to 3:31,127,76,220,49,177,70,157,22,160,153,164,105,156,97,188,195,124,167,57,33,142,163,155,37,108,210,26,21,25,18,13,8,42,88,15,32,82,152,173,55,112,17,
4to 4:

cell1:2,3,4,
cell2:3,4,1,
cell3:1,2,4,
cell4:2,3,1,
