27 110 9 9 9

1 1 1 1 1 2 2 2 2 2 2 3 3 3 3 4 4 5 5 5 6 6 7 8 9 9 9 

0 11 30 51 41 6 22 10 18 
50 0 42 33 33 47 9 26 32 
6 22 0 24 25 6 20 36 9 
16 7 42 0 45 21 20 15 20 
8 8 21 45 0 25 26 41 38 
13 18 21 41 21 0 24 36 26 
12 7 50 49 22 51 0 8 15 
40 19 44 22 34 31 22 0 31 
34 24 24 20 23 20 23 42 0 

0 1 1 1 1 1 1 1 1 
1 0 1 1 1 1 1 1 1 
1 1 0 1 1 1 1 1 1 
1 1 1 0 1 1 1 1 1 
1 1 1 1 0 1 1 1 1 
1 1 1 1 1 0 1 1 1 
1 1 1 1 1 1 0 1 1 
1 1 1 1 1 1 1 0 1 
1 1 1 1 1 1 1 1 0 

5 8 7 7 7 6 6 7 8 7 6 8 5 9 9 5 9 5 7 6 9 5 8 5 6 6 6 
5 9 7 9 5 9 9 8 8 8 7 7 5 6 8 7 6 7 5 5 9 8 8 5 6 6 6 
6 9 9 9 8 6 5 5 5 6 9 6 6 6 8 8 6 7 8 5 9 5 7 8 9 7 8 
7 6 5 7 9 7 7 9 6 7 9 8 6 6 6 8 5 7 8 7 5 6 5 5 9 5 8 
5 5 5 6 8 7 8 9 7 9 6 5 8 8 5 7 6 5 9 6 6 7 8 8 7 7 7 
7 8 5 9 6 6 9 8 8 8 8 9 5 9 9 9 7 5 8 5 6 6 8 6 5 5 5 
6 9 9 8 9 6 6 9 8 9 7 8 8 7 6 7 9 6 9 8 8 9 6 7 9 5 5 
9 6 5 6 5 8 7 6 9 8 7 5 6 8 5 5 8 7 9 6 8 8 6 8 8 5 9 
6 8 6 8 9 8 6 6 6 9 8 6 9 5 5 9 7 5 6 5 9 8 5 9 9 8 8 

11    0    505    0.1
0 0 0 12 0 0 0 0 0 0 0 0 0 0 0 0 0 0 0 0 24 0 0 0 0 0 30 
0 0 0 0 0 0 10 0 0 0 0 0 0 0 0 0 0 0 0 7 0 0 1 6 0 0 0 
0 0 0 0 0 0 0 0 0 0 0 0 0 0 0 0 0 0 0 0 0 0 0 0 0 21 0 
0 0 0 0 0 0 0 0 0 0 0 0 0 0 0 0 18 0 0 0 11 0 30 0 0 18 0 
0 0 0 0 0 0 0 29 0 0 0 0 0 0 0 0 6 30 0 0 0 0 0 0 27 0 0 
0 0 0 0 0 0 28 0 0 0 0 0 0 0 0 0 0 0 0 0 0 0 12 0 0 0 0 
0 0 0 8 0 0 0 0 0 0 0 0 25 0 0 0 0 25 0 0 11 0 0 0 0 15 0 
0 0 0 14 0 0 0 0 0 0 0 0 0 0 0 0 0 0 0 11 0 0 0 0 0 0 0 
0 0 0 0 0 0 0 28 0 0 0 0 0 0 0 0 0 0 0 0 0 0 26 4 0 0 0 
0 0 0 0 7 23 0 0 0 0 0 0 9 0 0 0 0 0 0 0 0 0 15 16 0 0 0 
0 0 0 0 0 0 0 0 0 0 0 0 0 0 0 0 0 0 0 0 0 0 0 24 0 0 0 
9    0    405    0.9
0 0 0 0 0 0 0 0 0 0 0 0 0 0 0 0 0 0 0 0 0 0 9 0 0 0 0 
0 0 0 0 0 0 0 0 0 0 18 22 0 0 0 0 0 22 0 0 0 0 28 13 0 0 0 
0 0 0 0 0 0 1 0 0 0 0 0 0 0 0 0 22 0 0 0 0 0 0 0 0 0 0 
0 0 0 0 0 22 0 0 0 0 0 0 0 0 0 0 0 0 0 0 0 0 0 0 0 0 0 
0 0 0 0 0 5 0 0 0 0 0 0 0 11 0 0 29 0 0 0 0 0 0 2 0 0 0 
0 0 26 0 0 0 0 0 0 0 18 0 0 0 0 0 0 0 19 0 0 0 0 0 0 0 23 
0 0 0 0 15 0 0 0 0 0 0 0 0 28 0 0 0 0 0 1 0 0 10 0 8 0 0 
0 0 0 0 0 0 0 0 0 20 0 25 0 0 0 0 0 27 0 0 0 0 0 0 0 0 0 
0 0 0 24 0 0 0 0 30 0 0 0 0 0 0 0 14 0 0 12 0 0 0 30 0 0 0 
7    6    327    0.8
0 0 0 0 0 0 0 0 0 0 0 0 0 0 0 23 0 0 10 0 0 0 28 13 0 0 0 
0 0 0 0 0 0 0 0 0 0 0 0 0 0 11 0 0 0 2 0 0 0 0 0 0 0 0 
0 0 0 0 0 0 0 0 0 0 0 12 0 0 0 15 0 0 0 0 0 0 20 21 0 29 0 
0 0 0 0 0 0 0 0 0 0 0 0 0 0 0 0 0 0 0 0 0 0 24 0 0 0 0 
0 0 0 0 0 0 0 0 0 0 0 0 0 0 0 0 0 0 0 0 0 0 0 24 0 0 0 
0 0 0 0 0 0 0 0 0 0 0 0 0 0 0 0 25 0 0 0 0 0 0 16 0 24 0 
0 0 0 0 19 0 0 0 0 0 0 0 27 0 0 0 0 0 0 1 0 0 15 0 0 0 0 
11    6    525    0.4
0 0 0 0 0 0 0 0 0 0 0 0 0 0 0 0 0 0 0 0 0 0 2 0 0 0 0 
0 0 0 0 0 0 0 0 0 0 0 0 0 0 0 19 0 0 0 0 0 28 0 0 0 0 0 
0 0 0 0 0 0 0 0 0 0 0 0 0 0 0 0 0 0 0 0 0 0 0 0 0 0 3 
0 0 0 0 0 0 0 0 0 0 0 0 0 0 0 0 0 0 0 0 0 23 0 0 0 0 0 
0 0 0 0 0 0 0 0 1 0 0 0 0 0 0 0 0 0 0 0 4 0 18 27 0 0 0 
0 0 0 0 0 0 0 0 0 0 0 0 0 0 0 0 0 0 1 0 17 0 2 10 0 0 0 
0 0 0 0 0 0 0 0 0 26 0 14 0 0 0 0 18 0 0 0 21 0 11 0 0 0 0 
0 0 0 0 0 0 0 0 0 0 0 0 0 0 0 27 0 0 0 0 0 0 0 29 0 0 0 
0 0 0 0 0 0 0 0 0 0 0 0 0 0 0 0 0 0 0 19 0 0 7 0 0 0 10 
0 0 0 0 0 0 0 0 0 0 0 0 0 0 0 0 9 0 0 0 0 0 0 0 0 0 0 
0 0 0 0 0 0 0 0 0 0 0 0 0 0 7 0 0 0 0 0 0 0 5 0 0 0 0 
10    3    453    0.2
0 0 0 0 0 0 0 0 0 0 0 0 0 0 0 0 0 0 0 0 0 13 0 0 0 0 0 
0 0 0 20 0 19 0 0 0 0 0 0 0 0 0 0 0 0 0 0 22 0 0 20 0 0 0 
0 0 0 0 0 0 0 17 0 0 0 0 0 0 0 0 0 0 0 0 0 8 0 0 0 3 0 
0 0 0 0 0 0 0 20 0 0 0 25 0 0 0 0 0 0 0 0 0 0 7 19 0 10 0 
0 0 0 0 0 0 0 0 0 0 0 0 0 0 0 25 0 0 0 0 0 0 0 0 0 0 0 
0 0 0 0 0 0 0 7 0 0 0 0 0 0 4 16 0 0 0 15 0 4 0 0 0 0 0 
0 0 0 0 0 0 0 0 0 0 0 0 0 0 0 0 0 0 0 0 0 16 30 22 0 0 0 
0 0 0 0 0 0 0 0 0 0 8 0 0 0 0 0 0 0 30 0 0 0 11 0 0 30 0 
25 0 0 0 0 0 0 0 0 0 20 0 0 0 0 0 0 0 0 0 0 0 12 7 0 3 0 
0 0 0 0 0 0 0 0 0 0 0 0 0 0 0 0 0 0 0 0 0 0 0 0 0 20 0 
10    6    433    0.8
0 0 15 0 0 0 0 0 0 0 0 0 0 0 0 0 0 1 0 0 0 23 0 6 0 14 0 
0 0 0 0 0 0 18 0 0 0 0 7 0 0 0 0 13 0 0 0 0 0 22 0 0 7 0 
0 0 0 0 0 0 0 12 0 0 0 0 0 0 0 0 0 0 0 3 29 0 0 0 0 0 0 
0 0 0 0 0 0 0 0 0 0 0 0 0 0 0 0 0 0 19 0 0 0 0 0 0 0 0 
0 0 0 0 0 0 0 28 0 0 0 0 0 0 0 0 0 0 0 0 0 19 0 0 0 3 0 
0 0 0 0 0 0 0 0 0 0 0 20 0 0 0 0 0 0 0 0 0 0 4 0 23 0 0 
0 24 0 0 0 0 0 0 0 0 0 0 0 0 0 0 0 2 0 0 0 0 0 0 0 0 0 
0 0 0 0 0 0 8 0 0 0 0 0 0 7 0 0 0 0 7 0 0 0 16 0 0 0 17 
0 0 14 0 0 0 0 0 0 0 0 0 0 0 3 17 0 3 0 0 0 0 0 0 0 0 0 
0 0 0 0 0 0 0 0 0 0 0 0 0 0 0 0 0 0 0 0 0 0 6 22 0 0 22 
6    2    286    0.2
0 0 0 0 0 0 0 0 0 0 0 0 0 0 0 0 0 0 28 0 0 0 0 3 0 0 0 
0 0 0 0 0 0 0 0 0 0 0 0 0 0 0 0 0 0 25 0 22 0 0 0 0 0 0 
0 0 0 0 0 0 0 0 0 0 0 0 0 0 0 0 0 0 0 0 15 0 6 0 0 0 0 
0 0 0 29 0 0 0 0 0 0 0 0 0 0 0 0 17 0 10 0 0 0 0 0 3 0 0 
0 0 0 0 0 0 0 0 0 0 0 0 0 0 30 0 22 0 0 1 0 0 6 22 0 0 0 
0 0 0 0 0 0 0 0 0 0 0 0 0 0 0 19 0 0 0 0 20 0 0 0 0 0 0 
15    1    618    0.4
4 0 0 0 0 0 0 0 0 0 0 0 0 0 17 0 0 10 0 0 0 3 0 0 0 0 0 
0 0 0 0 0 0 0 0 0 0 0 0 0 0 0 0 0 0 18 0 0 0 0 19 0 0 0 
0 0 0 0 0 0 0 0 0 0 0 0 0 1 0 0 0 0 0 0 0 0 26 0 0 0 0 
0 0 0 0 0 0 0 0 0 0 0 1 0 0 0 25 0 0 18 0 0 5 0 0 0 0 0 
0 0 0 0 2 0 0 0 0 0 0 0 0 0 0 14 0 0 0 0 0 0 0 3 0 0 0 
0 0 0 0 12 0 0 0 0 0 0 0 0 0 0 23 0 0 0 0 0 19 0 0 0 1 0 
0 0 0 0 0 0 0 0 0 0 0 0 0 0 0 23 0 14 0 0 0 0 28 23 0 0 0 
0 0 0 0 0 0 0 0 0 0 14 0 5 0 0 0 0 0 0 0 23 0 0 0 0 0 25 
0 0 0 0 0 0 0 1 0 0 0 0 0 0 13 0 0 0 6 0 17 0 0 0 1 0 0 
0 0 0 0 0 0 0 0 0 0 0 0 0 0 27 9 0 8 0 0 0 0 0 14 20 0 0 
0 0 0 0 19 0 0 0 0 0 0 0 0 0 0 0 0 0 0 0 0 0 0 0 0 0 0 
0 0 0 0 0 0 0 0 0 0 0 0 0 0 0 0 0 0 0 0 7 0 0 0 0 0 0 
0 0 0 0 0 0 0 0 0 0 0 0 0 0 0 0 0 0 0 0 0 25 0 0 0 0 0 
0 15 0 0 0 0 0 0 0 0 0 6 0 0 0 0 0 0 0 0 0 0 0 2 11 0 0 
0 0 0 0 0 0 0 0 0 0 0 0 0 0 0 0 0 0 0 0 0 0 0 0 0 8 0 
8    4    332    0.7
0 0 0 0 0 0 0 0 0 0 0 0 6 0 0 3 0 0 23 0 0 0 2 0 0 11 0 
0 0 0 0 0 13 0 0 0 0 0 0 0 0 0 0 0 5 0 0 0 3 5 3 0 0 0 
0 0 0 0 0 0 0 0 0 13 0 22 0 0 0 27 0 0 0 0 0 0 0 0 0 0 0 
0 0 0 0 0 0 0 0 15 0 0 0 0 0 10 0 0 0 0 0 0 0 20 18 0 0 0 
0 0 0 8 0 0 0 0 0 0 0 0 0 0 0 0 0 0 0 0 0 0 0 0 0 0 0 
0 0 0 0 0 0 0 0 0 0 0 0 0 0 0 0 0 0 0 0 19 0 0 0 0 0 0 
0 0 0 0 0 0 0 0 0 0 0 0 0 20 0 10 0 0 0 0 0 0 0 0 6 0 0 
0 0 0 0 30 0 0 0 0 0 0 0 0 0 0 0 0 0 0 0 0 0 0 0 0 0 0 
10    4    461    0.1
0 0 0 0 0 0 27 0 0 0 0 0 0 0 0 0 0 0 0 0 0 0 0 0 0 0 0 
0 0 6 0 0 0 0 0 0 0 0 0 0 0 0 0 0 0 19 0 0 0 5 0 0 0 0 
0 0 0 24 0 0 0 0 0 0 0 0 0 0 0 0 0 0 28 0 0 0 24 0 0 0 0 
0 0 0 6 0 0 0 0 0 0 0 0 0 0 4 0 0 23 0 0 0 0 0 14 0 0 8 
0 0 0 0 24 0 0 0 0 0 0 0 0 0 0 0 25 0 0 0 0 23 29 0 0 0 0 
0 0 0 0 0 0 0 0 0 0 0 0 0 0 0 0 13 0 0 0 0 14 0 0 13 0 0 
0 0 0 0 0 0 0 0 0 0 20 0 0 26 0 0 0 0 0 0 3 0 0 0 0 0 0 
0 0 0 0 0 0 0 0 5 0 0 0 0 0 0 0 11 0 0 0 0 24 0 1 0 0 0 
0 0 0 0 0 0 0 0 0 0 0 0 0 0 0 14 0 3 0 0 3 0 30 0 0 0 0 
0 0 0 0 27 0 0 0 0 5 0 0 0 0 0 0 0 0 0 0 2 0 0 24 16 0 0 
5    4    244    0.5
0 0 0 0 0 0 0 0 0 3 0 0 0 19 0 0 0 0 0 0 0 0 30 19 0 0 0 
0 0 0 7 0 0 0 0 0 0 0 0 0 0 0 0 0 0 0 5 6 0 0 8 0 0 25 
0 0 0 0 0 0 0 0 0 0 0 0 0 0 0 0 0 0 0 0 0 0 0 16 0 0 0 
0 0 0 0 0 0 0 0 0 0 0 0 0 0 16 0 0 29 0 0 0 0 27 0 0 0 0 
0 0 0 0 0 0 0 0 0 0 0 0 0 0 10 0 0 0 0 0 27 0 26 20 0 0 0 
9    4    404    0.6
0 0 17 0 0 0 0 0 0 0 0 0 0 0 0 10 0 0 0 0 0 0 0 0 0 0 6 
0 0 0 0 0 0 0 13 0 0 0 0 27 0 0 0 22 0 0 0 19 0 0 0 0 0 11 
0 0 0 0 0 0 0 0 0 0 0 0 0 0 0 0 11 0 0 0 5 0 25 16 0 0 0 
0 0 0 0 0 0 0 0 8 0 0 0 0 0 0 22 0 0 0 0 0 0 22 0 0 0 0 
0 0 0 0 0 0 0 0 0 0 0 0 0 0 0 0 0 0 22 0 0 23 0 0 21 0 0 
0 0 0 0 0 0 0 0 0 0 0 0 19 0 0 0 0 0 0 0 0 26 0 29 0 0 0 
0 0 6 0 0 0 0 0 0 0 0 0 0 0 0 0 0 0 0 0 0 0 0 3 0 0 0 
0 0 0 0 0 0 0 0 0 0 23 0 0 0 0 0 0 0 5 0 0 0 0 0 0 0 0 
7 0 0 0 0 0 0 0 0 0 0 0 0 0 0 0 0 0 0 0 0 0 0 0 0 0 0 
11    5    474    0.4
0 0 0 0 0 0 0 0 0 0 19 0 0 0 0 0 0 7 0 0 0 0 0 0 0 0 1 
0 0 0 0 0 0 0 0 0 0 0 0 0 0 0 0 9 0 0 0 0 0 0 0 0 0 0 
0 0 0 0 0 0 0 0 0 25 0 0 0 0 0 2 0 0 0 0 0 3 0 0 1 0 0 
0 0 0 0 0 0 0 0 30 0 0 0 0 0 0 0 0 0 0 10 0 17 0 0 0 0 0 
0 0 13 0 0 0 0 0 0 0 0 9 0 0 0 13 0 0 0 0 0 0 0 6 0 0 0 
0 0 0 0 0 0 0 0 0 0 0 0 0 0 3 0 0 0 0 0 0 0 0 0 0 0 0 
0 0 0 0 0 0 0 0 0 0 0 0 0 0 0 0 0 0 0 17 27 0 0 18 0 0 0 
26 0 0 0 0 0 0 0 0 0 0 0 0 0 0 0 0 0 0 0 8 0 14 0 0 0 0 
0 0 0 4 0 0 0 0 0 0 1 0 0 0 0 20 0 0 0 0 0 0 0 0 0 27 0 
0 0 0 0 0 0 0 0 0 0 0 0 0 0 0 0 22 0 0 0 0 19 0 0 0 0 0 
0 0 0 0 0 0 18 0 0 0 0 0 0 0 0 0 0 0 0 0 0 0 0 0 0 0 0 
15    3    656    0.5
0 0 0 0 0 0 0 0 0 0 0 0 0 0 0 0 0 0 0 0 0 0 0 7 2 0 0 
0 0 0 0 0 0 0 0 0 0 0 25 0 0 0 0 13 0 8 0 0 10 11 0 0 0 0 
0 0 0 0 0 0 0 0 0 0 0 0 0 0 0 30 0 0 0 0 0 0 0 3 30 0 0 
0 0 0 0 0 0 0 0 0 0 0 0 0 0 0 0 0 0 0 0 0 4 0 18 0 0 0 
0 0 0 0 0 0 0 0 0 0 0 0 0 0 29 21 0 0 0 0 0 0 0 2 0 0 0 
0 0 0 0 0 0 0 0 0 0 0 0 0 0 0 0 0 0 11 0 0 0 0 0 0 5 0 
0 0 0 0 30 0 0 0 0 0 0 0 0 0 0 0 5 0 0 22 29 0 0 8 0 0 0 
0 0 0 0 0 0 0 0 0 0 0 0 0 0 0 30 0 0 3 0 0 0 0 0 0 0 0 
0 0 0 0 0 0 0 0 0 0 0 0 0 6 0 0 0 0 0 0 0 0 0 24 22 0 0 
0 0 0 0 0 0 0 0 0 0 0 0 0 0 0 0 5 0 0 0 0 0 0 0 0 0 0 
0 0 0 0 0 0 0 0 4 0 0 0 0 0 0 0 0 0 0 0 22 0 3 0 19 0 0 
0 0 0 0 0 5 0 0 0 0 0 0 0 7 0 0 0 0 0 0 0 0 0 0 0 0 0 
0 0 0 0 0 0 0 0 0 0 0 0 0 0 2 19 0 0 6 0 0 0 0 0 0 0 0 
0 0 0 20 0 0 0 0 0 0 25 0 0 0 0 0 0 0 0 0 0 25 0 3 0 0 0 
3 0 0 0 0 0 15 0 0 0 0 0 0 0 0 0 0 0 0 0 0 0 0 4 0 0 17 
10    1    488    0.8
0 0 0 9 0 0 0 0 0 0 0 25 0 0 0 0 0 0 0 0 0 0 0 29 0 0 0 
0 0 19 0 0 0 0 0 0 0 0 0 0 0 0 0 0 0 0 0 0 20 30 0 0 0 0 
0 0 0 0 0 0 0 0 0 0 0 0 6 0 0 0 0 0 0 0 0 0 0 0 0 0 0 
0 17 0 0 0 0 0 0 0 28 0 23 0 0 0 0 0 0 0 0 0 0 0 0 0 0 0 
0 0 0 0 0 0 0 0 0 0 0 0 0 0 0 0 0 0 0 0 0 0 19 0 0 0 22 
0 0 0 0 0 0 0 11 0 0 0 0 0 0 0 0 0 0 0 0 0 20 19 28 0 0 0 
0 0 0 0 0 0 0 0 0 0 0 0 0 0 0 0 0 0 0 0 27 0 0 0 0 0 0 
0 0 0 0 0 0 0 0 0 0 0 0 0 27 0 0 0 0 0 0 0 0 0 0 0 0 0 
0 0 0 0 0 0 0 0 0 0 0 0 0 3 0 0 0 27 0 0 0 0 6 0 0 0 0 
0 0 0 0 0 0 0 14 0 0 0 0 30 0 0 0 22 0 0 0 0 8 0 7 0 0 0 
11    3    487    0.9
0 0 0 0 0 0 0 15 0 0 0 0 0 0 0 26 0 0 30 0 0 4 0 0 0 15 0 
2 0 0 0 0 0 19 0 0 0 0 0 0 0 0 0 0 0 0 0 17 0 0 0 0 0 0 
0 0 0 0 0 0 0 0 0 0 0 0 0 0 0 0 0 12 0 0 0 0 0 0 0 0 0 
0 0 0 0 0 0 0 0 0 0 0 0 0 0 0 0 9 0 0 0 0 0 0 0 0 0 0 
0 0 0 0 0 0 0 0 0 0 0 0 0 0 0 0 0 0 0 0 0 20 30 0 0 25 0 
0 25 0 0 0 0 2 0 0 0 0 0 5 0 0 0 6 0 0 0 0 0 19 0 0 0 0 
0 0 0 0 0 0 0 0 0 0 0 0 0 0 0 0 0 0 0 0 0 1 0 0 0 0 0 
0 0 0 0 0 15 0 0 0 0 0 0 0 0 0 0 1 0 0 0 0 0 0 0 0 0 0 
0 0 0 11 0 12 0 0 0 0 0 19 0 0 0 0 0 0 0 5 0 0 16 0 0 0 0 
0 0 0 0 0 0 0 0 0 0 0 0 0 14 0 8 0 0 0 0 0 0 13 0 0 0 0 
0 0 0 0 0 0 0 0 0 0 0 0 0 0 0 0 0 10 0 0 0 0 27 26 0 12 0 
14    4    639    0.8
0 0 0 0 0 0 0 0 0 0 0 0 0 0 0 0 11 0 0 0 27 0 0 0 0 0 0 
0 0 0 0 0 0 0 0 0 0 0 0 0 0 0 0 0 0 30 0 0 0 1 0 0 26 0 
26 0 0 0 0 0 0 0 0 0 0 0 0 0 0 0 0 0 0 0 0 0 0 5 0 0 0 
0 0 0 0 0 0 0 0 0 0 0 0 0 0 0 0 0 0 0 0 0 0 0 0 0 0 23 
0 0 13 0 0 0 0 0 3 0 0 0 0 0 0 0 0 0 0 0 14 0 0 0 17 0 0 
0 0 0 0 0 0 0 0 0 0 0 27 0 0 0 0 0 0 0 0 0 0 20 0 0 0 0 
0 0 0 0 0 0 0 0 0 0 0 0 0 0 17 0 0 0 0 0 0 0 0 0 0 0 0 
0 0 0 0 0 0 0 0 0 0 0 0 0 0 8 0 0 0 0 0 0 0 0 0 1 0 0 
0 0 0 0 22 0 0 0 0 0 0 0 0 0 0 0 0 0 0 0 0 0 2 0 0 0 0 
0 0 0 0 0 0 0 0 0 29 0 0 0 0 0 0 0 0 0 0 0 0 0 18 0 20 0 
0 0 0 0 0 0 0 0 0 0 0 0 0 0 0 0 17 15 0 0 0 0 11 10 0 0 19 
0 0 0 0 0 0 0 0 0 0 0 0 8 0 0 0 0 0 25 0 0 0 13 25 1 0 0 
0 0 0 0 0 0 16 0 0 0 0 12 0 0 0 0 0 0 0 19 0 0 0 16 0 0 12 
0 28 0 0 0 0 0 0 0 0 0 0 0 0 0 5 0 0 0 0 0 0 10 6 0 0 0 
11    6    490    0.6
0 0 0 0 0 0 0 0 0 0 0 0 0 0 0 0 8 11 0 0 0 0 0 0 0 0 0 
0 0 0 0 0 7 0 0 0 0 0 25 0 0 0 0 0 0 0 0 14 0 0 23 0 0 0 
0 3 0 0 0 0 0 0 0 0 11 0 24 0 0 0 0 0 0 0 0 0 0 0 0 0 0 
0 0 0 0 0 0 0 0 0 0 0 0 0 0 0 0 0 0 9 0 0 0 0 0 0 0 0 
0 0 0 13 0 0 0 0 0 0 0 0 0 0 0 0 0 20 0 0 0 0 0 0 0 0 0 
0 0 0 0 0 0 0 0 0 0 6 0 0 0 0 0 0 0 0 0 0 0 22 0 0 0 0 
0 0 0 0 0 0 0 0 0 0 0 0 27 0 0 0 0 0 0 0 0 0 2 0 0 0 0 
0 0 0 0 0 0 0 0 0 0 20 0 16 0 0 6 0 0 0 21 0 0 0 0 0 0 0 
0 0 0 0 0 0 0 0 0 0 0 15 0 0 0 0 0 0 0 0 0 30 0 0 0 0 0 
0 0 0 0 0 0 0 0 0 0 0 20 0 0 0 0 0 0 0 0 0 0 0 0 0 0 0 
0 26 0 0 0 0 0 0 0 0 0 0 0 0 0 0 0 0 0 0 0 25 16 16 0 0 0 
11    1    485    0.2
0 0 0 0 0 0 0 0 0 0 21 0 0 19 0 10 0 0 0 0 1 0 0 0 0 0 0 
0 0 0 0 0 0 0 0 0 0 30 0 0 0 0 0 0 0 0 7 0 0 0 0 0 0 0 
9 0 0 0 0 24 0 0 0 0 0 0 0 0 27 0 0 0 26 0 0 0 0 0 0 0 0 
0 0 0 0 0 0 0 0 0 0 0 0 0 0 0 0 0 0 10 0 0 0 0 0 0 12 0 
0 0 0 0 7 0 0 0 10 0 0 30 0 0 0 9 0 0 0 0 0 0 0 4 0 0 0 
0 0 0 0 0 0 0 0 0 0 0 0 10 0 0 0 0 0 0 0 4 0 0 0 0 0 0 
0 0 0 0 0 0 0 0 0 0 30 0 0 0 0 0 2 0 0 0 28 0 0 0 0 8 0 
0 0 0 0 0 0 0 0 0 0 0 0 0 0 0 0 5 0 9 0 18 0 0 3 0 0 0 
0 0 0 0 0 0 0 0 0 0 0 0 17 0 0 0 0 0 0 0 0 0 0 7 0 0 0 
0 6 0 0 0 0 0 0 0 0 0 0 25 0 0 0 0 0 0 9 0 9 0 14 0 0 0 
0 0 0 0 0 0 0 0 0 0 0 0 0 18 0 0 0 0 0 0 10 0 0 18 0 0 0 
12    2    497    0.1
0 0 0 0 0 4 0 0 0 0 0 0 0 0 0 0 0 0 0 0 0 21 7 0 0 0 0 
0 0 13 0 0 0 0 0 0 0 17 0 0 0 28 0 19 0 0 0 0 0 13 0 0 0 0 
0 0 0 0 0 0 0 0 0 0 0 0 0 0 0 0 0 0 15 0 0 0 0 0 0 0 0 
22 0 0 0 0 0 0 0 0 0 0 0 0 0 0 0 0 0 11 0 0 0 0 0 0 0 0 
0 0 0 0 0 0 15 0 0 0 0 0 0 0 0 13 0 0 0 0 0 26 0 3 0 0 0 
0 0 0 0 0 0 0 0 0 0 0 0 0 0 0 0 0 0 0 0 0 0 3 0 0 0 0 
0 0 0 0 2 0 0 0 0 0 0 0 0 0 0 0 0 0 0 0 0 0 0 17 0 0 0 
0 0 0 0 0 0 0 0 0 0 0 0 0 0 0 0 0 0 0 27 0 0 0 0 4 0 0 
0 0 0 26 0 0 0 0 0 0 0 0 0 0 0 0 0 0 0 0 0 0 0 0 0 0 0 
0 0 27 0 0 0 0 0 0 0 0 0 0 0 0 0 0 0 0 0 0 0 0 0 0 0 8 
0 0 10 0 0 0 0 0 0 0 0 0 0 0 0 0 0 0 0 0 0 0 22 0 0 0 0 
0 0 0 0 0 0 0 0 0 0 5 20 0 0 0 0 0 0 0 0 0 0 0 9 0 0 6 
16    8    743    0.6
0 0 24 0 0 0 0 0 0 0 0 0 0 0 0 0 0 3 0 0 0 0 0 0 0 0 0 
0 0 0 0 0 0 0 0 0 0 0 0 0 0 0 0 0 26 0 0 0 0 0 0 0 0 0 
0 0 0 29 0 0 0 0 0 10 0 0 0 0 0 0 0 0 0 0 24 0 19 11 0 0 0 
0 0 0 3 0 0 0 0 0 0 2 3 0 0 0 0 0 0 0 7 0 0 0 20 0 0 0 
0 0 5 0 0 0 0 0 0 0 0 0 0 0 0 17 0 0 0 0 0 0 0 0 0 0 0 
0 0 0 0 0 0 0 10 0 0 0 0 0 0 0 0 0 0 0 0 9 0 0 0 0 0 0 
0 0 0 14 0 0 0 0 0 0 0 0 0 0 0 0 0 0 0 0 0 0 0 0 0 0 0 
0 0 0 0 0 0 0 0 0 0 0 0 0 0 13 30 0 0 0 0 0 0 0 0 0 0 0 
0 0 0 0 0 0 0 0 12 0 0 0 0 0 0 5 0 0 0 0 0 0 0 4 0 0 0 
0 0 0 0 0 0 0 0 0 0 0 0 0 0 0 0 3 0 0 0 28 0 12 0 0 0 0 
0 0 0 0 0 0 0 0 0 0 0 4 0 0 0 0 0 0 24 0 0 0 14 20 0 22 0 
0 0 0 5 0 0 14 0 0 0 0 0 0 0 0 0 0 0 0 0 0 28 0 0 0 0 0 
0 0 0 25 0 0 0 0 0 0 0 0 0 0 24 0 0 0 0 0 0 0 5 0 0 0 11 
0 0 0 0 15 0 0 0 0 0 0 11 0 0 0 0 8 0 0 0 0 0 19 26 0 0 0 
0 0 0 0 0 0 0 0 0 0 0 0 0 0 0 0 0 0 0 0 0 0 0 0 20 0 0 
0 0 0 0 2 0 0 0 0 0 0 0 0 0 0 0 21 0 0 0 0 0 0 0 0 0 0 
12    4    508    0.4
0 0 0 0 0 0 0 0 0 0 0 0 22 0 0 0 23 0 0 0 20 0 21 0 0 0 0 
0 0 6 0 0 0 0 0 0 0 0 0 27 0 0 0 0 0 0 0 0 0 3 0 1 0 0 
0 0 0 0 24 18 0 0 0 0 0 0 0 26 0 0 0 0 0 0 0 0 0 1 0 0 0 
0 0 0 0 0 0 0 0 0 0 0 0 0 0 0 0 0 0 0 0 0 0 21 0 0 0 13 
0 0 0 0 0 0 0 0 0 0 0 0 0 0 0 0 0 0 0 15 0 0 0 0 0 0 0 
0 0 24 0 0 0 0 24 0 0 0 10 0 0 0 0 23 0 0 0 0 0 4 0 0 0 0 
0 28 0 0 0 0 0 0 0 0 0 0 0 0 0 0 0 0 0 0 0 0 0 0 0 17 0 
0 0 0 0 10 0 0 2 0 0 0 0 0 17 0 0 9 0 0 0 18 0 0 0 0 0 0 
0 0 0 0 0 0 0 0 0 0 0 0 0 0 0 0 0 0 0 21 0 9 7 24 0 8 0 
14 0 0 0 0 0 0 0 0 0 0 0 0 0 0 0 0 0 0 0 0 0 0 0 0 0 0 
0 0 5 0 0 0 0 0 0 0 0 0 0 0 29 0 27 0 0 0 11 0 2 0 0 0 0 
0 0 0 0 0 0 20 0 0 0 0 0 8 0 0 0 0 0 0 0 0 21 18 0 1 0 0 
11    5    478    0.5
0 0 0 0 0 0 0 0 0 0 0 0 0 6 0 0 0 26 0 0 0 18 0 29 0 0 0 
0 18 0 0 0 0 0 0 0 0 0 0 0 0 0 0 27 0 17 0 23 0 0 19 0 0 0 
0 0 0 0 0 0 0 0 0 0 0 0 0 0 0 0 0 0 0 0 0 0 0 0 9 0 0 
26 0 0 0 0 0 0 0 0 0 0 0 0 0 30 4 0 11 0 0 0 0 9 0 0 0 0 
0 0 0 0 0 0 0 0 0 0 0 0 0 0 0 0 0 0 0 0 0 0 0 29 0 0 0 
0 0 0 0 0 0 0 0 14 0 0 0 18 0 0 0 0 0 0 0 0 0 0 23 0 16 0 
28 0 0 0 0 0 0 0 0 0 0 0 0 7 0 0 0 0 16 0 0 0 7 0 17 0 0 
0 0 0 0 4 0 0 0 0 0 0 0 0 0 0 0 0 0 11 0 0 0 0 0 0 0 0 
0 0 0 0 0 0 15 0 0 0 0 0 1 0 0 0 0 0 22 0 0 0 21 0 0 0 0 
0 0 17 0 0 0 0 0 0 0 0 0 0 0 0 0 0 0 0 0 0 0 0 0 0 0 0 
0 0 0 0 0 0 0 0 0 2 0 0 0 0 0 0 0 0 0 0 26 0 0 0 0 0 0 
15    7    711    0.4
0 0 0 0 0 9 0 0 0 0 0 0 0 0 0 0 0 0 0 0 0 8 0 0 0 0 0 
0 13 0 0 0 0 0 0 0 0 0 0 0 0 0 0 0 0 0 0 0 0 0 0 0 0 0 
0 0 0 0 0 0 0 0 0 0 0 0 0 0 12 0 0 0 0 0 0 0 0 0 0 0 0 
0 0 0 0 29 0 0 0 0 0 2 0 0 0 0 0 0 0 0 14 3 0 0 0 0 0 0 
0 0 0 0 0 0 0 0 0 18 0 0 29 0 0 0 17 20 0 0 0 0 0 0 0 12 0 
0 0 0 0 0 0 0 0 0 0 0 0 0 0 0 0 0 0 0 14 0 0 0 0 0 0 0 
0 0 0 0 0 0 0 0 0 0 0 0 0 0 0 0 0 0 0 0 0 0 0 0 0 0 5 
23 0 0 0 0 0 0 0 0 0 0 0 0 0 0 0 0 14 0 0 0 0 0 0 0 0 0 
0 0 0 0 0 0 0 0 0 0 0 0 0 0 0 0 0 0 0 0 0 0 4 0 0 0 0 
0 0 0 0 0 0 0 0 0 0 0 0 0 0 3 0 0 15 0 0 0 16 0 0 0 0 0 
0 0 0 0 0 0 0 0 0 0 0 0 0 0 0 0 0 0 4 0 0 0 0 11 0 0 0 
21 0 0 0 0 9 0 0 0 0 0 0 0 0 0 0 7 0 0 0 0 0 22 22 0 0 0 
0 0 0 0 0 0 0 0 0 0 0 0 0 0 0 14 0 0 0 0 0 0 0 0 0 0 0 
0 0 0 0 0 0 0 0 0 0 0 0 0 0 0 0 0 0 9 0 0 0 0 0 0 23 0 
0 0 0 0 0 0 0 0 0 0 0 0 0 0 0 0 0 0 0 0 0 0 22 1 0 0 0 
18    7    823    0.5
0 0 0 0 0 0 0 0 0 0 0 0 0 0 0 0 0 16 0 0 0 0 0 0 0 0 0 
0 0 0 0 0 0 0 0 0 0 0 0 0 0 0 0 0 0 0 8 0 0 0 0 0 0 0 
0 0 0 0 0 0 0 6 0 0 0 0 0 0 0 0 0 0 0 0 0 4 22 0 20 0 0 
0 0 0 0 0 0 0 0 0 0 0 0 0 8 0 0 26 0 0 0 0 0 3 3 0 0 0 
0 11 0 0 0 0 0 0 0 0 0 0 0 0 0 0 3 11 0 0 0 3 20 0 0 0 0 
0 0 0 0 0 0 0 0 0 0 0 0 0 0 0 0 0 0 0 0 0 11 0 0 0 0 14 
0 25 0 0 0 0 0 0 0 0 0 0 0 0 0 0 11 0 0 0 0 6 13 29 0 0 0 
0 0 0 0 0 0 0 0 0 0 0 0 1 0 0 0 0 0 0 0 0 22 0 27 0 0 16 
0 0 0 0 0 0 0 0 0 0 0 0 0 0 0 0 0 0 0 0 0 0 0 0 0 2 0 
0 0 0 0 0 0 0 0 11 0 0 0 0 0 0 0 24 0 0 0 1 0 0 28 0 0 0 
0 0 0 0 0 0 0 0 21 0 0 0 0 0 0 15 0 29 0 0 0 0 22 0 0 21 0 
0 0 0 0 0 0 0 0 0 0 0 0 0 0 8 0 0 20 0 0 0 22 0 0 0 0 0 
0 0 0 0 0 0 0 0 12 0 0 0 0 29 0 0 13 0 23 0 0 0 0 7 0 0 0 
0 0 0 0 0 0 0 0 0 0 0 0 0 0 0 0 0 25 0 0 17 0 0 15 0 0 17 
0 0 0 0 0 0 0 0 0 0 0 0 0 0 0 0 0 0 0 0 0 0 0 0 0 0 7 
0 0 0 0 0 0 0 0 0 0 0 0 0 0 0 0 0 0 0 0 15 0 0 15 0 0 0 
0 0 0 0 0 0 0 0 0 0 0 0 0 0 0 0 0 0 0 29 0 0 0 0 0 0 0 
0 0 0 0 0 0 0 0 0 0 0 0 0 0 0 0 0 0 0 0 0 0 7 0 0 16 0 
10    4    428    0.8
0 0 0 0 0 0 0 0 0 0 0 0 0 0 0 11 0 0 0 0 0 0 0 0 0 0 0 
14 0 0 0 0 0 0 0 0 0 0 0 0 0 0 0 0 0 0 0 0 9 7 22 0 0 0 
17 0 0 0 0 0 0 0 0 0 0 0 0 7 0 2 0 0 0 0 0 0 0 10 0 0 23 
0 0 0 0 0 0 0 0 0 0 0 0 0 0 0 0 9 0 0 0 0 0 27 0 0 0 0 
0 0 0 0 0 0 0 0 0 0 0 0 0 0 0 0 0 0 0 0 0 30 0 0 0 0 0 
0 0 0 0 0 0 0 0 0 0 0 0 0 0 0 0 0 4 0 0 0 0 0 0 0 0 0 
0 0 0 0 0 0 0 0 0 21 0 1 0 0 0 14 0 0 0 0 0 0 0 0 0 0 0 
0 0 0 0 0 0 0 0 6 0 0 15 0 0 0 0 1 0 0 0 0 0 8 0 0 0 0 
0 0 0 0 0 0 0 0 0 22 0 0 0 0 0 0 0 0 0 0 0 0 0 0 0 25 0 
0 0 0 0 0 0 0 0 0 0 0 0 6 0 0 12 0 0 0 0 0 0 0 0 0 0 0 
13    6    606    0.1
0 0 0 0 0 0 0 0 0 0 0 0 20 0 0 0 0 0 0 0 21 0 0 0 0 0 0 
0 0 0 0 0 0 0 1 0 0 0 0 0 0 0 0 0 0 0 0 0 30 0 5 0 0 0 
0 8 0 0 0 0 0 0 0 0 0 0 0 0 0 25 0 0 0 0 0 0 0 25 13 0 0 
0 15 0 0 0 0 0 0 0 0 0 0 0 0 0 0 0 0 0 26 3 0 20 0 0 0 0 
0 0 0 0 0 0 0 0 0 0 0 0 0 11 0 0 0 0 0 0 0 15 25 4 0 0 0 
0 0 0 0 9 0 0 0 0 0 0 0 0 0 0 0 0 0 0 0 0 0 0 0 0 0 0 
0 0 21 0 0 0 0 0 0 0 0 0 0 0 0 0 0 0 29 0 0 0 6 0 0 0 0 
0 0 0 10 0 0 0 0 0 0 0 0 0 0 0 0 0 0 0 0 0 0 0 0 0 0 0 
0 0 0 0 0 0 0 0 0 0 16 0 0 0 0 0 11 0 0 24 0 0 19 1 0 0 0 
0 0 16 0 0 0 0 0 0 0 0 1 0 0 0 0 0 0 0 0 0 2 29 0 9 0 0 
0 0 0 0 0 0 0 0 0 0 0 0 0 0 0 0 0 0 0 0 0 0 0 0 29 0 0 
0 0 0 0 0 0 0 0 0 0 0 0 0 0 0 0 0 0 0 0 20 0 0 0 0 0 0 
0 0 0 0 30 0 0 0 0 0 0 0 0 0 0 21 0 0 0 0 0 0 0 0 0 0 0 
10    8    460    0.3
0 0 0 0 0 0 0 0 0 0 0 0 0 0 0 0 0 0 0 23 0 0 0 0 0 15 0 
0 0 0 28 0 0 0 0 0 0 0 0 0 0 0 0 0 0 0 0 0 0 0 21 0 0 0 
0 0 0 0 0 27 0 0 0 0 0 0 0 0 0 6 0 0 0 0 0 0 0 0 0 0 5 
0 0 0 0 0 0 0 0 0 0 0 0 0 0 0 0 0 0 0 0 0 0 0 0 23 0 0 
0 0 0 0 0 0 0 0 0 0 0 0 0 0 0 0 0 0 0 0 0 0 19 0 0 0 0 
0 24 0 0 0 0 0 0 0 0 0 0 0 0 0 0 0 0 14 0 0 0 0 0 0 0 20 
0 0 0 0 0 0 0 0 0 0 0 0 0 0 0 0 8 0 0 25 4 0 0 9 0 0 0 
8 0 0 0 0 13 0 0 0 0 0 0 0 0 0 0 0 0 0 0 0 0 0 0 0 0 0 
0 0 0 0 0 0 0 0 0 0 0 0 0 0 0 0 4 0 0 0 0 0 23 0 0 0 0 
0 0 0 0 0 0 0 0 0 0 0 0 0 0 6 0 2 0 0 0 1 0 5 0 0 0 0 
16    3    777    0.1
0 28 0 0 0 23 0 0 0 0 0 0 23 0 0 0 0 0 0 0 0 0 25 16 0 0 0 
0 0 0 0 0 0 10 0 0 0 0 0 0 0 0 0 16 0 0 0 16 0 0 0 0 0 0 
0 0 0 0 0 0 0 0 0 0 0 0 30 0 0 0 0 0 0 0 8 0 0 12 0 0 0 
0 0 0 0 0 0 0 0 0 0 0 0 0 0 20 0 0 0 0 0 27 0 0 0 0 0 0 
0 0 0 0 0 0 0 0 0 0 0 0 0 0 0 0 0 0 0 0 0 0 30 10 2 0 0 
0 0 0 0 0 0 0 0 0 30 0 0 0 0 0 0 0 0 17 0 0 0 0 0 0 0 0 
0 0 0 0 0 0 0 0 0 0 0 0 0 0 0 0 0 0 14 0 0 16 0 0 0 0 0 
0 0 0 0 0 0 0 0 0 0 18 0 0 0 0 0 0 0 0 0 0 0 0 0 0 0 0 
0 0 0 0 0 0 0 0 0 0 0 0 0 0 0 24 0 0 0 0 0 0 0 2 0 0 0 
0 0 0 0 0 0 0 0 0 0 0 0 19 0 0 0 0 0 0 0 2 0 0 0 15 0 0 
0 0 0 0 0 0 0 0 0 0 0 0 0 0 0 7 0 0 0 0 0 0 3 0 21 0 0 
0 0 0 0 25 0 0 0 0 0 4 0 0 0 0 0 10 0 0 0 7 0 22 0 0 0 0 
0 0 0 0 0 0 0 0 0 0 0 0 21 0 0 0 28 0 0 0 0 24 0 11 0 0 30 
0 4 0 0 0 0 0 0 0 0 0 0 0 9 0 0 0 29 0 0 0 1 14 0 0 0 0 
0 0 0 0 0 0 0 0 0 0 0 0 0 0 24 0 14 0 0 0 22 0 0 0 0 29 0 
0 0 0 0 0 0 0 0 0 0 0 0 0 0 0 25 0 0 0 0 0 0 0 0 0 0 0 
14    0    663    0.6
0 0 29 0 0 0 0 0 0 0 0 0 0 0 0 0 0 0 0 0 16 0 27 0 0 18 0 
0 0 0 5 0 0 0 0 0 0 0 0 0 8 0 0 2 0 0 0 0 0 9 0 0 0 0 
0 0 0 0 0 0 0 0 16 0 0 0 0 0 0 0 0 0 0 0 0 0 21 0 0 0 0 
0 0 0 0 0 15 0 0 0 0 0 0 0 0 0 0 0 0 12 0 0 0 0 28 0 0 0 
0 0 0 0 0 0 0 0 0 0 0 0 0 0 0 0 0 0 0 0 8 0 19 0 0 0 0 
2 0 0 0 0 0 0 0 0 8 0 0 0 0 0 0 11 0 0 0 0 0 0 26 0 0 0 
0 0 0 25 0 0 0 0 0 0 0 0 0 0 23 0 0 0 0 0 0 2 12 0 0 0 0 
0 0 0 0 24 0 0 0 0 16 0 0 0 0 0 0 0 0 0 0 0 23 0 23 0 0 0 
0 0 0 2 0 0 0 0 0 0 0 0 0 0 0 0 11 0 4 0 0 11 0 21 0 0 0 
0 0 0 0 0 0 7 0 0 0 0 0 0 0 0 0 0 0 0 0 0 0 0 0 23 0 0 
0 0 0 15 0 0 0 0 0 0 23 0 0 0 0 10 0 0 0 0 0 0 0 0 0 0 0 
0 0 0 13 0 0 0 0 0 0 0 0 0 0 0 0 0 0 0 3 0 0 0 0 0 0 0 
0 0 0 0 0 0 0 0 0 0 0 0 0 0 0 0 15 0 0 0 0 0 0 0 0 0 0 
0 0 0 0 0 0 0 0 0 0 0 0 16 0 0 28 0 0 0 0 0 12 0 0 0 0 0 
16    3    775    0.1
0 0 0 0 9 13 0 0 0 0 0 0 0 0 0 0 0 0 18 0 0 0 26 0 0 0 0 
0 0 0 0 0 0 0 0 0 0 0 0 0 0 22 0 0 0 0 0 0 0 0 0 0 0 0 
0 11 0 0 0 0 0 0 0 0 0 0 0 0 0 0 0 0 0 0 0 0 0 0 0 0 0 
0 0 0 0 0 0 28 0 0 0 0 0 0 0 0 0 0 0 0 27 0 0 30 0 0 0 0 
0 0 0 0 16 0 0 0 0 0 0 0 0 0 0 0 0 30 0 0 0 0 0 12 0 0 0 
0 0 0 0 0 0 0 0 0 0 0 1 0 0 0 6 0 9 0 0 0 14 0 0 0 0 16 
0 0 0 0 0 0 0 0 0 0 0 0 0 0 0 0 0 0 0 0 7 0 3 0 0 0 0 
0 0 0 0 2 0 0 0 0 0 0 0 0 19 0 7 0 0 0 0 0 18 0 0 0 0 0 
0 0 0 0 0 0 0 0 0 0 0 0 0 0 0 10 0 0 29 0 0 0 0 0 0 0 0 
0 0 0 0 0 0 0 0 0 0 0 0 0 0 0 0 0 0 0 0 0 0 22 4 23 0 0 
0 0 0 0 0 0 0 0 0 0 0 0 26 0 0 0 0 0 0 0 0 0 0 0 0 0 15 
0 21 0 0 0 0 0 0 0 0 0 0 0 0 0 0 0 0 0 0 0 0 0 6 0 0 0 
0 6 0 0 0 0 0 0 0 0 0 0 0 0 0 0 0 0 0 0 0 0 0 0 0 0 0 
0 0 0 0 0 0 0 0 0 0 0 0 0 0 0 0 0 28 0 0 0 0 23 0 0 0 0 
0 0 0 0 24 0 0 0 0 0 0 0 0 0 25 0 0 0 0 0 0 18 1 0 0 0 0 
0 27 0 0 0 0 0 0 26 0 0 0 0 0 0 0 0 0 0 1 0 26 0 0 12 0 0 
5    8    217    0.5
0 0 0 0 21 0 0 17 0 0 0 0 0 0 0 0 0 0 0 14 0 0 18 0 0 0 0 
0 0 0 0 0 0 0 0 0 0 0 0 0 0 0 0 7 0 0 0 0 0 0 0 0 0 0 
7 0 0 0 0 0 0 0 0 0 0 28 0 0 0 13 0 0 0 0 0 0 0 23 0 0 1 
0 0 0 0 0 0 0 0 0 0 0 0 0 0 7 0 0 0 0 0 29 0 0 0 0 13 0 
0 0 0 0 0 0 0 0 0 0 0 22 0 0 0 0 2 0 0 19 0 0 0 0 0 0 0 
9    1    402    0.9
0 0 30 0 0 15 0 0 0 0 0 0 0 0 0 0 0 0 0 20 16 0 0 4 0 0 0 
5 0 0 0 0 0 0 0 0 21 0 0 0 0 0 0 0 0 0 0 0 12 2 2 0 0 0 
5 0 0 0 0 0 0 0 0 0 21 0 0 0 0 0 0 0 0 24 0 0 11 0 0 0 19 
0 0 0 0 0 0 0 0 0 0 0 0 0 0 0 0 0 0 0 0 0 0 0 22 0 0 0 
0 0 0 0 0 0 0 0 0 0 0 0 0 0 0 0 28 20 0 0 26 0 19 0 25 0 0 
0 0 22 0 0 0 0 0 0 0 0 0 0 0 0 0 0 0 0 0 6 0 0 18 0 0 0 
0 0 0 0 0 0 0 0 0 0 0 0 21 0 0 0 1 0 0 0 0 0 0 29 0 0 0 
0 0 0 0 0 0 0 0 0 0 0 0 0 0 4 0 0 0 0 0 0 28 4 0 0 0 0 
0 0 0 0 0 0 0 0 0 0 0 0 0 0 0 0 0 4 0 0 0 0 17 0 0 0 0 
15    6    700    0.1
0 0 0 0 0 0 0 0 0 0 0 0 0 0 0 0 26 12 0 0 0 0 23 0 18 0 0 
0 18 0 0 0 0 0 0 0 0 0 0 0 0 0 0 0 0 0 0 0 0 0 0 0 0 22 
0 0 0 0 0 0 0 0 0 0 0 0 0 0 0 0 0 0 0 0 0 0 18 0 0 0 0 
0 0 0 0 0 0 0 0 0 0 0 0 0 0 0 0 0 0 0 0 24 0 0 18 0 24 0 
0 0 0 0 0 0 0 0 0 9 0 0 13 0 0 0 0 0 0 0 0 0 26 0 0 0 0 
0 0 0 0 0 0 0 0 0 0 0 0 0 0 0 0 0 0 0 0 0 10 0 0 0 0 0 
0 0 0 0 20 0 27 0 0 0 0 0 0 0 0 0 0 0 0 0 0 27 13 0 20 0 0 
0 0 0 0 0 0 0 21 0 0 0 0 0 0 0 0 0 0 0 0 6 0 15 6 0 0 0 
0 0 20 0 0 0 0 27 0 0 0 0 0 0 0 0 0 0 0 0 0 0 0 0 0 0 0 
0 10 0 0 0 0 0 0 0 0 15 0 0 0 0 0 0 7 0 0 0 0 0 6 0 0 0 
0 0 0 0 0 0 0 0 0 0 0 0 0 0 0 0 0 4 0 0 0 0 0 0 0 0 0 
0 16 0 0 0 0 0 0 0 0 0 0 0 0 0 0 12 0 0 18 0 0 0 0 0 0 0 
0 0 0 0 0 0 0 0 0 0 0 0 0 0 0 0 0 0 0 0 0 0 0 0 0 16 0 
0 0 0 0 0 0 0 0 0 12 0 0 0 0 0 0 12 0 0 0 22 0 5 0 0 0 0 
0 0 0 0 0 0 0 0 0 0 0 0 0 0 0 0 0 0 0 0 0 5 0 0 0 0 0 
6    7    290    0.4
0 0 0 0 0 0 0 0 0 0 0 0 0 0 0 0 30 0 0 20 0 28 0 4 0 0 28 
0 0 0 0 0 0 0 0 0 0 0 0 0 0 0 0 24 0 0 0 0 0 0 8 0 0 0 
0 0 0 0 18 0 0 28 0 0 0 0 0 0 0 0 21 0 17 0 0 0 0 0 0 0 0 
19 0 0 0 0 0 0 0 0 0 0 0 0 0 0 30 0 0 0 0 0 0 0 10 0 0 0 
0 0 0 0 0 0 0 0 10 0 0 9 0 0 0 0 5 0 0 0 0 0 0 9 0 0 0 
0 0 0 0 0 15 0 0 0 0 0 0 0 0 0 0 0 0 0 27 0 0 0 0 0 0 0 
15    5    709    0.1
0 0 0 0 0 0 0 0 0 0 0 0 26 0 0 0 0 0 0 0 16 0 0 0 0 0 0 
0 2 0 0 0 0 0 0 0 0 0 0 0 0 0 25 0 0 0 14 0 0 26 0 0 0 16 
0 0 26 0 0 0 0 0 0 0 0 0 0 27 0 0 0 0 0 0 0 0 0 0 0 0 0 
0 0 0 0 0 0 0 0 0 0 0 0 0 0 0 13 0 0 0 0 0 0 0 0 0 0 0 
0 0 0 0 1 0 0 0 0 22 0 0 0 28 0 0 0 0 0 0 0 0 0 0 0 0 0 
0 0 0 0 0 7 0 0 0 0 0 5 0 0 0 9 0 0 0 0 0 0 0 10 0 0 16 
0 0 0 0 0 0 0 0 0 0 0 0 0 0 0 0 2 0 0 0 0 0 0 0 0 0 0 
0 0 0 0 0 0 0 0 0 0 0 0 0 0 0 0 0 9 0 0 0 0 0 0 0 0 0 
0 0 0 0 0 0 0 0 0 0 0 0 0 0 0 7 0 0 0 0 0 11 1 24 0 0 30 
0 0 0 1 0 0 0 0 0 0 0 0 0 0 0 0 0 0 0 0 0 0 0 0 0 0 0 
0 0 0 0 0 0 0 0 17 0 0 0 0 0 0 0 0 0 0 0 0 0 28 0 0 0 0 
0 0 0 0 0 0 0 0 0 0 0 0 1 0 0 0 0 0 0 25 27 0 0 0 0 0 0 
0 0 0 0 0 0 0 0 0 0 0 0 0 0 0 0 0 0 0 0 12 0 0 0 0 0 0 
0 0 0 0 10 0 0 0 0 0 0 0 11 0 0 9 0 0 30 0 0 24 0 0 0 0 0 
0 0 0 0 0 0 0 0 0 0 0 0 0 0 0 0 14 0 0 0 0 0 0 0 0 0 0 
8    1    365    0.1
0 0 0 0 0 0 0 0 0 0 0 0 0 0 2 0 8 0 0 0 0 0 24 0 0 0 0 
0 0 0 0 0 0 0 1 0 0 0 0 0 0 0 0 0 0 0 7 0 0 0 0 27 0 0 
0 0 0 0 0 0 0 30 0 0 0 0 0 0 0 6 0 0 0 7 0 0 0 0 0 20 0 
0 0 0 2 0 0 0 0 0 0 0 0 0 0 0 0 19 0 0 0 0 0 0 0 14 0 0 
0 0 0 0 0 0 0 0 0 0 0 18 0 0 0 0 0 0 0 0 0 0 0 0 1 0 0 
0 0 0 0 0 0 0 0 0 0 0 0 0 0 0 0 0 0 0 0 0 0 0 27 0 0 0 
0 0 0 0 0 0 0 0 0 0 0 0 0 0 0 0 0 0 8 0 0 0 0 0 8 0 0 
0 0 0 23 0 0 14 0 0 0 0 0 0 0 0 0 0 0 0 27 0 0 23 20 0 0 0 
10    5    482    0.8
0 0 0 9 0 0 0 0 0 28 0 0 0 0 0 0 0 0 0 0 0 0 0 0 0 0 0 
0 0 0 0 0 0 0 0 0 0 0 0 0 0 0 14 0 0 20 0 0 0 0 0 0 0 0 
0 28 0 0 0 0 0 0 0 0 0 0 0 21 0 0 0 0 0 0 0 0 2 0 0 0 0 
0 0 0 0 0 0 9 0 0 0 0 0 0 0 0 0 0 0 0 0 0 0 0 10 0 19 0 
0 0 0 0 0 9 0 0 0 0 0 0 0 8 0 0 0 0 0 0 0 0 0 0 0 0 0 
0 0 0 0 0 0 0 0 0 0 0 0 14 0 0 0 0 0 0 0 14 0 26 26 0 5 0 
0 0 0 0 0 0 14 0 0 0 0 0 30 0 0 0 9 0 0 0 0 0 14 18 0 0 0 
0 0 0 0 0 0 0 0 0 0 0 0 0 0 0 0 13 0 22 0 0 0 0 26 0 0 0 
0 26 0 0 0 0 0 0 0 0 0 0 0 0 0 0 0 0 0 0 0 0 0 0 0 0 0 
0 0 0 0 0 0 0 0 0 0 0 0 12 0 0 0 3 0 0 0 0 0 0 0 0 0 0 
16    0    684    0.4
0 14 0 0 0 0 0 0 0 0 0 0 0 0 0 0 1 0 0 0 0 0 0 9 0 0 0 
0 9 0 0 0 0 0 0 0 0 0 0 0 0 0 0 0 0 0 0 11 0 23 7 0 0 0 
0 0 0 0 0 0 0 0 0 0 0 0 0 0 0 9 0 0 22 0 0 0 0 0 0 0 0 
0 1 0 0 0 0 11 0 0 0 0 0 0 0 0 0 4 0 0 0 13 0 0 4 0 0 0 
0 0 0 0 0 0 0 0 0 0 0 1 0 0 0 0 0 0 0 0 0 0 0 0 14 0 0 
0 0 0 0 0 0 0 0 0 0 0 0 0 0 0 26 0 0 0 0 9 0 2 9 0 0 0 
0 0 0 21 0 0 0 0 0 0 0 0 0 0 0 0 0 0 0 0 0 0 30 0 0 0 0 
0 0 0 0 0 0 0 0 0 0 0 0 18 0 0 0 0 0 0 0 19 0 0 0 0 0 0 
0 0 0 0 0 0 0 0 0 0 0 0 0 0 0 0 0 0 0 8 0 0 27 0 0 11 0 
0 0 0 0 0 0 0 0 0 0 0 0 0 0 0 0 0 2 0 0 0 26 0 27 5 0 0 
0 0 0 21 0 0 0 0 0 0 0 0 0 0 0 0 0 1 0 0 0 0 0 0 0 0 0 
0 0 0 0 0 0 0 0 0 0 0 0 0 0 0 0 0 0 0 0 2 0 0 0 0 0 0 
0 0 0 0 0 0 0 0 0 0 0 0 0 0 0 0 0 0 0 6 0 0 0 0 0 0 0 
0 0 0 0 0 0 0 0 18 0 0 11 0 0 0 0 0 0 0 0 0 30 19 0 29 0 0 
0 0 0 0 0 0 0 0 0 0 0 0 0 0 0 0 0 0 0 0 8 0 0 0 0 0 0 
0 9 0 0 0 0 0 0 0 0 0 0 0 0 0 0 0 0 0 0 0 24 0 27 0 0 0 
12    0    485    0.5
0 0 0 26 0 0 0 0 0 0 0 0 0 0 0 0 0 0 0 0 0 0 0 0 26 0 0 
0 0 0 0 0 0 0 0 0 0 0 0 0 0 0 0 0 15 0 0 0 9 8 14 0 0 0 
5 0 0 0 0 0 0 0 0 0 0 0 0 0 4 0 0 0 0 0 18 0 0 0 0 0 0 
0 0 0 0 0 0 0 0 0 0 0 0 0 0 0 0 0 0 0 20 6 0 16 4 0 3 0 
0 0 0 0 0 0 0 0 0 0 0 0 0 0 0 0 10 0 0 0 0 0 0 0 0 0 0 
0 0 0 0 0 0 0 0 18 0 0 22 0 0 0 0 0 0 0 0 7 0 0 0 0 0 0 
0 0 0 0 0 0 0 0 0 0 0 0 0 12 0 0 29 0 0 0 0 0 0 0 0 0 0 
11 0 0 0 0 0 0 0 0 0 0 0 0 0 0 2 0 0 0 0 0 0 0 0 0 0 0 
0 0 0 0 0 0 0 0 0 0 1 0 0 0 0 0 0 0 0 0 0 0 0 0 0 0 0 
21 0 0 0 0 0 0 0 0 0 0 0 0 0 0 0 0 1 0 0 0 0 0 0 0 18 0 
0 2 0 0 0 0 0 0 0 0 0 0 0 0 0 0 6 0 0 0 0 0 0 3 0 0 0 
0 0 0 0 0 0 0 0 0 0 2 0 0 0 0 0 0 0 0 0 0 0 0 0 5 0 0 
6    4    248    0.5
0 0 0 0 0 0 0 0 0 0 0 8 0 0 0 5 0 0 0 0 0 0 3 0 0 0 27 
0 0 0 0 0 0 0 0 0 0 1 0 0 0 0 11 0 0 0 0 0 21 17 0 0 0 0 
0 0 0 0 0 0 0 0 0 0 0 0 0 0 0 0 0 0 0 0 0 17 0 0 0 0 14 
22 0 0 0 0 0 0 0 0 0 0 0 0 11 0 0 0 0 0 0 0 0 24 0 26 0 0 
0 0 0 0 0 0 0 10 0 0 0 18 0 0 0 0 0 0 0 0 0 0 0 0 0 0 0 
0 0 0 0 0 0 0 0 0 0 0 0 0 0 0 0 7 0 0 0 0 0 0 0 0 0 0 
5    6    199    0.6
0 0 0 0 0 0 21 0 0 0 0 0 11 0 0 0 0 0 4 0 0 0 25 0 12 0 0 
0 0 0 2 0 0 0 0 0 0 0 0 0 0 0 0 0 0 0 27 0 0 4 0 0 29 0 
0 0 0 0 0 0 0 0 0 0 0 0 0 0 6 0 0 0 0 0 0 11 13 0 6 0 0 
0 0 1 0 0 0 0 0 0 0 0 0 0 0 0 0 0 0 0 17 0 14 0 0 0 0 0 
0 0 0 0 0 0 0 0 0 0 19 0 0 0 11 0 0 0 26 0 0 27 28 0 0 0 0 
15    5    684    0.3
0 0 0 0 0 0 0 0 0 0 0 0 0 24 0 0 22 0 22 0 18 0 0 17 0 0 0 
0 0 0 0 0 0 0 0 0 0 0 0 0 0 20 0 0 0 0 0 14 0 0 0 0 0 0 
0 0 0 0 0 0 0 0 0 0 0 0 0 0 0 0 0 0 0 0 0 0 0 10 0 0 0 
0 0 0 0 0 0 0 0 0 0 0 3 0 0 0 0 0 0 0 0 0 5 9 14 0 20 0 
0 0 0 0 0 0 0 0 0 0 0 0 0 0 0 0 0 26 0 0 0 0 0 0 0 19 0 
0 0 0 0 0 12 0 0 0 0 0 0 0 0 0 0 0 7 0 0 0 0 12 0 0 0 0 
0 0 0 0 0 0 0 0 0 0 0 0 0 0 0 0 0 0 8 0 0 0 29 18 0 0 0 
0 0 0 0 0 0 0 0 0 0 0 0 0 0 0 0 0 28 0 0 0 15 0 0 0 0 0 
0 0 27 0 0 0 0 0 0 0 0 18 0 0 0 0 0 0 0 0 0 0 30 19 0 0 0 
0 0 22 0 0 0 0 0 0 0 0 0 0 0 5 0 0 0 0 0 0 0 0 0 0 0 0 
0 0 0 0 0 0 0 0 0 9 0 0 0 9 0 0 0 0 19 0 0 0 0 0 0 0 0 
0 0 11 0 0 0 19 0 0 0 0 0 5 0 0 0 0 0 0 3 0 0 0 0 0 0 10 
0 0 0 0 0 0 0 0 7 0 0 0 0 0 0 0 0 0 0 0 0 0 0 1 0 0 0 
0 0 0 0 0 0 0 0 0 0 0 0 0 0 0 0 0 0 0 0 0 0 0 3 0 0 0 
0 0 0 0 0 0 0 0 14 0 0 0 0 0 0 0 0 0 0 0 0 27 0 0 0 0 0 
11    4    453    0.6
0 0 0 0 0 0 0 0 0 0 0 0 0 0 0 0 0 0 0 0 0 0 9 0 0 17 0 
0 0 0 0 0 0 0 0 0 0 0 0 0 0 0 0 0 10 0 0 0 0 6 11 0 0 0 
0 0 0 0 10 0 0 0 0 0 0 0 0 0 0 0 0 0 0 0 0 0 26 2 0 0 0 
0 0 0 0 0 0 0 0 0 0 0 0 0 5 0 0 0 5 0 0 0 25 20 0 0 22 0 
0 0 0 0 0 0 0 0 0 0 0 0 0 0 0 0 0 0 25 0 0 0 22 0 0 0 0 
0 0 0 0 3 0 0 0 0 0 0 0 0 0 0 0 0 0 0 0 0 16 0 14 0 0 0 
0 0 0 0 7 0 0 18 0 0 0 0 0 0 0 0 1 0 0 0 4 0 0 0 3 0 0 
0 0 0 0 0 0 0 0 0 0 0 0 0 0 0 0 0 0 0 0 0 0 12 0 0 0 0 
0 0 0 0 14 0 0 0 0 0 0 0 0 0 0 8 0 0 0 4 0 0 0 0 0 0 0 
0 0 8 0 0 0 0 0 0 0 0 0 0 0 0 17 0 0 0 0 16 0 13 0 0 0 0 
0 0 0 0 0 0 0 0 0 2 0 0 0 0 0 0 0 0 0 11 0 0 14 0 0 0 0 
7    5    320    0.5
0 8 0 0 0 0 0 0 0 0 0 0 0 0 0 0 0 0 0 0 0 0 0 0 0 0 0 
0 0 0 0 0 0 0 0 0 0 0 27 0 0 0 28 0 0 0 0 3 0 0 0 0 0 0 
0 0 0 0 0 0 0 0 0 0 0 0 0 0 0 0 0 0 18 0 0 0 0 0 0 0 0 
0 0 0 0 0 0 0 0 0 0 0 0 0 0 0 0 0 0 17 0 0 0 17 0 0 0 4 
0 0 0 0 0 0 0 0 0 0 0 0 0 0 0 8 0 0 0 11 0 0 8 5 0 0 0 
0 0 0 0 0 17 0 0 0 0 0 0 7 0 0 0 0 0 0 0 23 0 0 0 0 13 0 
0 0 0 0 0 0 0 0 0 0 0 0 0 0 0 0 0 0 0 0 0 20 0 0 0 0 0 
12    5    568    0.4
0 0 0 0 0 20 0 0 0 0 0 0 0 0 0 21 0 0 0 0 0 0 0 0 0 0 0 
0 0 0 0 0 0 0 0 0 0 0 0 0 0 0 0 0 0 0 0 17 0 0 0 0 0 0 
0 0 0 0 0 0 0 0 0 0 0 0 0 0 0 0 0 0 0 30 16 0 0 0 0 0 0 
0 0 0 0 0 0 0 0 0 0 0 0 0 0 0 0 0 0 0 30 0 0 0 17 0 0 0 
0 0 0 0 0 0 0 0 0 0 0 0 0 27 0 0 7 0 0 0 0 0 0 1 0 0 0 
0 0 0 0 0 18 0 0 0 0 0 0 0 0 0 0 0 0 0 0 0 2 0 0 0 0 0 
0 0 0 0 0 0 0 0 0 0 0 29 0 0 0 0 0 0 0 17 0 0 9 0 0 0 0 
0 0 0 0 0 0 0 0 0 0 0 0 0 0 0 0 0 0 17 0 0 11 4 0 22 0 0 
0 0 0 0 0 0 0 0 0 0 0 0 0 15 0 4 0 0 0 0 24 0 0 16 0 26 0 
0 0 0 0 0 0 0 0 0 0 0 0 0 0 24 12 0 4 0 0 0 0 0 0 0 0 0 
0 0 0 4 0 0 0 27 0 0 0 0 0 0 0 30 0 0 25 0 0 0 0 0 0 0 0 
0 0 0 0 0 0 0 0 0 0 0 0 0 0 0 0 0 0 0 0 0 0 11 0 0 0 0 
7    4    293    0.1
0 0 0 0 0 0 0 0 0 17 0 28 0 0 0 30 0 0 0 0 0 14 0 0 0 0 0 
1 0 0 0 0 0 0 0 0 0 0 15 0 0 0 0 19 0 0 9 0 0 0 0 16 0 0 
0 0 0 5 0 0 0 0 0 0 0 0 14 0 0 2 0 0 0 0 30 0 0 18 0 0 0 
0 0 0 0 0 0 0 17 0 0 0 0 0 0 0 0 0 0 0 0 0 0 0 5 0 0 0 
0 0 0 0 0 0 0 0 18 0 0 0 0 0 0 0 17 0 0 0 0 0 0 0 0 13 0 
0 0 0 0 0 3 0 0 0 0 0 0 0 0 0 0 0 0 0 0 0 0 0 0 0 0 0 
0 0 0 0 0 0 0 0 0 0 0 14 0 0 0 0 0 0 0 0 0 0 0 0 0 0 0 
10    8    428    0.1
0 0 0 0 0 0 0 21 0 0 0 0 0 0 0 0 0 0 0 0 0 0 0 0 0 0 0 
0 0 0 0 0 0 0 0 0 0 0 0 0 0 0 0 0 0 0 8 0 0 7 13 0 0 0 
0 0 0 0 0 0 0 0 0 0 0 0 0 0 0 0 27 2 0 0 0 14 0 0 0 0 0 
0 0 3 0 0 0 0 0 0 0 0 0 0 0 0 7 0 0 0 0 0 0 0 0 0 16 0 
0 0 0 20 0 0 0 0 0 0 0 0 0 0 0 0 0 0 0 0 17 0 0 0 0 0 0 
0 0 0 0 0 0 0 0 0 0 0 0 0 0 0 0 0 0 0 0 0 0 8 1 0 0 0 
0 0 0 0 10 0 0 0 0 0 0 0 0 0 3 0 0 25 0 0 13 0 0 0 0 0 0 
0 0 3 0 0 6 0 0 0 0 0 0 0 0 0 0 19 25 0 0 0 0 7 0 0 0 0 
0 0 0 0 0 0 0 0 0 0 0 0 3 0 0 0 0 0 0 0 0 0 3 0 0 0 0 
0 0 0 0 0 0 0 0 0 0 0 0 0 0 0 7 0 0 22 0 0 0 0 0 0 0 0 
16    6    772    0.5
0 0 0 0 0 0 0 0 0 0 0 0 0 23 0 10 0 0 0 0 0 25 0 26 0 25 0 
0 0 0 0 0 0 0 0 0 0 0 0 0 0 0 2 0 0 16 0 0 0 22 13 0 0 0 
0 0 0 0 0 0 0 0 0 0 0 0 0 0 0 0 0 0 0 0 0 0 0 16 0 0 0 
0 0 0 0 0 0 0 0 0 0 0 0 18 0 0 0 0 0 0 0 0 0 0 0 0 0 0 
0 0 0 0 0 0 0 0 0 20 0 0 0 0 0 0 11 0 0 0 0 0 0 6 0 0 0 
23 0 0 0 0 0 0 0 0 0 0 0 0 0 4 0 0 0 0 0 0 0 25 0 0 0 0 
0 0 0 0 0 0 0 0 0 0 0 0 12 0 0 0 0 0 0 0 25 0 0 27 0 0 0 
0 0 0 0 0 0 0 0 0 0 0 0 0 0 0 0 0 0 0 0 0 0 0 22 0 0 0 
0 0 0 0 0 26 0 0 0 0 0 0 0 0 0 0 0 0 0 0 2 0 0 0 0 0 0 
0 0 0 0 0 0 0 0 0 0 0 0 0 0 25 0 0 0 0 0 0 0 0 0 0 0 0 
0 0 0 0 20 0 0 0 0 0 0 0 0 0 0 0 0 0 0 0 0 0 0 0 0 0 0 
0 26 0 0 0 0 0 0 23 0 0 0 0 0 0 14 0 0 0 0 0 0 24 19 0 0 0 
0 0 0 0 0 0 0 0 0 0 0 0 0 0 0 0 0 0 0 0 0 0 0 0 0 0 9 
0 0 0 0 0 0 0 0 0 0 0 0 0 0 7 0 0 0 11 0 0 5 0 0 0 0 0 
0 0 0 0 0 0 0 0 0 0 0 0 11 0 0 0 0 0 0 0 0 0 0 0 0 0 2 
0 0 0 0 0 0 0 0 0 0 0 0 0 0 0 0 0 0 0 0 26 0 21 30 0 0 0 
15    4    657    0.4
0 0 0 0 0 0 0 0 0 0 0 22 0 0 0 0 0 0 0 0 0 4 0 30 0 0 0 
0 0 0 0 0 0 0 0 0 0 0 0 0 0 0 0 0 22 0 0 0 0 10 6 0 0 0 
0 0 0 0 0 0 0 0 0 0 0 0 0 17 0 25 0 0 0 20 3 0 13 0 0 0 0 
0 0 0 0 0 0 0 0 0 0 0 0 0 0 0 0 0 0 0 0 0 0 1 0 0 22 0 
0 0 0 0 0 0 0 0 0 0 0 20 0 0 0 5 0 0 0 22 0 0 13 11 0 0 0 
0 0 0 0 0 0 0 3 0 0 0 0 0 0 0 0 0 0 0 0 0 0 0 0 0 0 0 
0 0 0 0 0 0 0 0 0 0 0 0 0 0 0 20 0 0 0 0 4 0 0 0 0 0 0 
0 0 0 0 0 0 0 0 0 0 0 0 10 0 0 0 0 0 0 17 11 0 0 5 0 11 0 
0 0 0 0 0 0 0 21 0 0 0 0 15 0 0 0 0 0 0 0 0 0 11 17 0 0 0 
12 0 0 0 0 0 0 0 30 0 0 13 0 0 0 0 0 0 0 0 0 0 0 0 0 0 0 
0 0 0 0 0 0 0 0 0 0 0 0 0 0 0 0 0 0 0 0 0 1 0 16 0 29 0 
0 13 0 0 0 0 0 0 0 0 0 0 0 0 0 0 4 0 0 0 0 9 0 2 0 0 7 
0 0 0 0 0 0 0 0 0 0 0 0 0 0 0 0 0 0 0 0 0 0 0 0 3 0 0 
0 4 0 0 0 0 0 0 0 0 26 0 28 0 0 0 13 0 0 0 0 0 0 0 0 29 0 
0 0 0 0 0 0 0 0 0 0 0 0 0 0 0 0 0 0 0 0 11 0 0 0 0 0 0 
8    1    390    0.9
0 0 0 0 0 0 5 0 0 0 0 0 0 0 19 15 0 24 0 0 0 0 0 7 0 0 0 
0 0 0 0 0 0 0 0 0 2 0 0 0 0 0 0 0 29 0 0 0 23 0 0 0 16 0 
0 0 0 0 0 0 0 0 0 0 0 0 0 0 0 0 0 0 0 0 0 0 0 0 27 0 0 
0 0 0 0 0 0 0 0 0 0 0 18 0 0 0 0 0 0 0 0 0 0 0 21 0 0 0 
0 0 0 0 16 13 0 0 0 0 0 14 0 0 0 0 0 0 0 0 0 0 0 28 0 0 0 
0 0 0 0 0 0 0 0 0 15 0 0 29 0 0 0 0 0 0 0 0 0 7 0 0 0 0 
0 0 0 0 0 0 0 0 0 15 0 0 0 0 0 0 0 23 0 0 12 0 0 0 0 0 0 
0 0 10 0 0 0 0 0 0 0 0 0 0 0 0 4 0 0 0 0 3 0 12 0 18 0 0 
6    6    252    0.3
0 0 0 0 0 0 0 0 0 0 0 0 0 0 0 0 0 11 0 0 0 0 0 0 0 0 0 
0 0 0 0 0 0 0 0 0 0 0 0 0 0 0 0 0 0 0 0 0 0 0 0 0 1 0 
0 0 0 0 0 0 0 0 0 0 0 0 10 0 0 0 0 0 29 0 0 0 0 5 0 0 0 
0 0 0 0 0 0 0 0 0 13 0 0 15 0 0 0 0 0 11 0 0 0 0 0 0 5 0 
0 0 0 0 0 0 0 0 0 5 0 0 0 0 0 0 0 0 0 0 0 0 24 15 0 0 0 
0 0 0 0 0 19 0 0 0 0 0 0 0 0 27 0 0 0 0 0 0 0 0 16 0 0 3 
15    6    686    0.3
0 0 0 0 0 0 0 0 0 0 0 0 0 0 0 0 0 0 0 0 0 0 3 10 0 0 0 
0 0 0 0 0 0 0 0 0 0 0 0 0 0 0 27 0 0 0 0 27 0 25 0 0 0 0 
0 27 0 0 0 0 0 0 0 0 0 0 0 0 0 0 0 0 0 0 17 0 0 0 0 7 0 
0 7 0 0 0 0 0 2 0 0 0 0 0 0 0 0 23 0 0 0 0 0 0 0 0 23 0 
0 0 0 0 0 3 0 0 0 0 0 0 0 0 0 0 0 0 0 0 0 30 18 0 0 0 0 
0 0 0 0 0 0 0 0 0 0 0 26 0 0 0 0 1 0 2 0 0 0 0 0 0 0 8 
0 0 0 0 0 0 0 0 0 0 0 0 0 0 0 0 0 0 0 2 0 29 23 0 0 26 0 
21 0 0 0 0 0 0 0 0 0 0 0 0 0 0 0 30 24 0 0 14 0 0 19 0 0 0 
0 0 0 0 0 0 0 0 0 0 5 0 8 0 0 0 10 0 0 27 0 0 0 11 0 0 0 
0 0 0 0 0 0 0 0 0 0 0 0 0 2 0 0 2 0 0 0 7 0 27 0 0 2 0 
0 0 0 0 0 0 0 0 0 0 0 0 0 11 0 15 0 0 0 0 0 0 4 0 0 0 0 
0 0 0 0 0 0 0 0 0 0 0 0 12 0 0 0 0 0 0 0 28 0 0 0 0 0 0 
3 0 0 0 0 0 0 0 0 0 0 22 0 0 0 0 0 0 0 3 0 0 0 0 12 0 0 
0 0 0 0 0 0 0 0 0 0 0 0 0 0 0 0 0 0 0 0 0 0 0 0 0 12 0 
0 0 0 0 0 0 0 0 0 4 0 0 0 0 0 0 13 0 0 0 0 0 0 10 0 0 0 
5    8    232    0.9
0 0 0 0 0 0 0 0 0 0 0 0 0 0 30 0 13 0 0 7 0 0 14 24 0 0 0 
0 0 0 0 13 0 0 0 0 0 0 0 17 0 0 0 0 0 0 0 27 0 0 0 0 0 17 
0 0 0 0 0 0 18 0 0 0 0 0 0 0 12 15 0 0 0 0 0 0 0 0 0 0 28 
0 0 0 0 0 0 0 0 0 0 0 0 0 0 0 0 0 0 0 3 16 0 0 25 0 0 9 
19 0 0 0 0 0 0 0 0 0 0 0 0 0 0 0 0 0 0 25 0 0 0 29 0 0 0 
12    5    579    0.3
0 0 0 0 0 0 0 0 0 0 0 0 0 0 0 0 13 0 0 0 5 0 22 0 0 0 0 
0 12 0 0 0 0 0 0 0 0 0 0 1 0 0 0 0 0 0 0 0 9 0 25 0 0 0 
0 0 0 0 0 0 0 0 0 0 0 0 0 0 0 0 1 18 0 0 0 30 0 0 0 14 0 
0 0 0 0 0 0 0 0 0 0 0 1 0 0 0 0 0 0 0 0 0 0 0 23 0 0 0 
0 0 0 0 0 0 0 0 0 0 0 0 0 0 0 29 0 0 0 30 0 13 0 0 0 0 0 
0 0 0 0 0 0 0 0 0 0 0 0 29 0 0 0 0 15 0 0 0 0 30 9 0 0 15 
0 0 0 0 0 0 0 0 0 0 0 0 0 0 24 0 0 0 0 0 0 0 7 0 0 0 0 
0 0 0 0 0 0 0 0 0 0 0 0 0 0 0 0 19 0 0 0 0 30 26 0 0 0 0 
0 0 0 0 0 0 0 0 1 0 0 0 0 0 0 20 0 0 0 0 26 0 20 0 0 23 0 
0 0 0 0 15 0 29 0 0 0 0 0 0 0 0 0 0 0 0 0 0 0 0 0 0 17 0 
1 0 0 0 0 0 0 0 0 0 0 0 0 0 0 0 15 0 0 0 20 0 6 0 0 0 0 
0 0 0 0 0 0 0 0 0 0 0 0 0 0 19 0 0 0 0 0 0 0 29 22 0 0 0 
13    6    623    0.5
0 0 0 0 0 0 0 0 0 0 0 0 0 25 0 0 20 0 0 7 29 0 0 30 0 0 0 
0 0 0 0 0 0 0 0 0 0 0 0 0 22 0 0 0 0 0 0 0 0 30 0 0 0 0 
0 0 0 0 0 0 0 0 0 0 0 0 13 0 0 0 0 0 0 4 0 0 0 0 0 0 0 
0 0 0 0 0 0 27 0 0 0 0 0 0 0 23 0 30 0 22 0 0 0 0 8 0 0 0 
0 0 0 15 0 13 0 0 0 0 0 0 0 0 0 0 0 0 0 0 0 0 0 0 0 0 0 
0 0 0 0 0 0 0 0 0 0 0 0 0 12 0 0 0 0 0 0 0 0 0 0 0 0 0 
0 0 0 0 20 0 0 0 0 0 0 0 0 0 0 0 0 0 0 0 0 0 0 0 0 0 0 
0 0 0 0 0 0 0 0 0 7 0 0 0 0 0 0 0 17 0 0 0 0 22 13 17 0 0 
0 0 0 0 0 0 0 0 0 0 0 0 0 0 0 7 0 0 0 0 0 14 8 0 0 0 0 
0 0 0 0 0 0 0 0 0 0 0 0 0 0 0 0 12 0 0 0 0 0 0 0 0 0 0 
0 0 0 0 0 0 0 0 0 23 0 2 0 0 0 0 0 0 0 6 0 0 2 0 0 0 0 
0 7 0 0 0 0 0 0 0 0 0 0 0 0 0 0 29 0 0 0 0 0 28 0 0 0 15 
0 0 0 0 0 0 0 0 0 0 0 0 0 17 0 0 0 0 0 0 5 0 0 0 0 0 21 
10    3    474    0.5
0 0 0 0 0 0 0 0 0 27 0 0 8 0 0 9 0 0 0 0 0 0 0 20 0 0 0 
0 0 0 0 29 1 0 0 0 0 0 0 0 0 0 0 0 0 0 6 0 27 0 0 0 0 0 
0 0 0 0 0 0 0 17 0 0 0 0 0 0 2 0 24 0 0 0 0 0 30 23 0 0 0 
0 0 2 0 0 0 0 0 0 0 0 0 0 0 0 0 0 0 0 0 0 11 17 22 10 0 0 
0 0 0 0 0 0 0 0 0 0 0 0 0 0 16 0 0 0 0 0 0 0 0 0 0 0 0 
0 0 0 0 0 0 0 0 0 0 0 0 0 0 0 0 21 0 0 0 0 16 0 22 0 0 0 
0 0 0 0 0 0 0 0 0 0 0 0 0 0 0 0 0 0 0 0 0 18 12 0 26 0 0 
0 0 0 0 0 0 0 0 0 0 0 0 0 0 0 0 0 0 0 0 0 25 0 0 0 0 0 
0 0 0 0 0 0 0 0 0 3 0 0 0 0 0 0 0 0 0 0 0 0 0 0 0 0 0 
0 0 0 0 0 0 0 0 0 0 0 18 0 0 0 0 16 0 0 0 19 0 0 0 0 0 0 
8    2    350    0.9
0 0 0 0 0 0 0 0 0 0 0 0 0 0 0 0 0 0 0 0 0 0 0 5 0 0 0 
0 0 0 0 0 0 0 0 0 0 0 0 0 0 0 0 0 0 0 0 15 0 0 0 0 0 0 
0 0 0 0 0 0 0 7 0 0 0 0 0 0 0 0 0 0 0 0 0 0 0 0 0 0 0 
0 0 0 0 0 0 0 0 0 0 0 0 0 0 6 0 0 1 0 0 0 0 0 12 0 0 0 
16 0 0 0 0 0 0 0 0 0 28 0 0 0 0 0 25 0 0 27 0 0 0 0 0 0 5 
0 0 0 0 0 0 0 0 0 29 0 0 0 0 0 0 13 0 0 0 0 0 0 0 18 0 0 
0 0 0 0 0 0 0 0 0 0 0 0 0 0 28 0 23 0 0 0 0 0 0 0 0 0 0 
20 0 0 0 0 18 0 0 0 0 0 0 0 0 0 0 0 2 0 0 0 21 11 0 0 0 0 
14    1    686    0.9
0 0 0 0 0 0 0 0 0 0 0 0 0 0 0 0 29 0 0 0 0 23 0 0 0 0 0 
0 0 0 0 0 0 0 0 0 0 0 0 0 27 0 0 0 0 0 0 0 0 18 0 0 0 0 
0 0 0 0 0 0 0 0 0 0 0 0 0 0 0 27 0 0 0 0 0 0 0 0 0 0 0 
0 0 0 0 28 0 0 0 0 0 0 0 0 0 0 0 0 5 0 0 0 0 3 12 24 0 0 
0 0 0 0 0 0 0 0 0 3 0 0 0 0 0 0 0 0 0 0 0 0 5 0 0 0 7 
0 7 0 0 0 0 0 0 0 0 0 0 0 0 0 11 0 0 0 0 2 0 0 0 0 0 0 
0 19 0 0 0 0 0 0 0 0 0 0 0 0 0 0 0 0 0 0 0 23 0 28 18 0 0 
0 9 0 0 0 0 0 0 0 0 0 0 0 0 0 0 0 0 0 0 0 0 0 4 0 0 0 
0 0 0 0 0 0 0 0 0 0 0 0 0 0 0 0 0 0 0 7 0 0 0 0 0 0 0 
0 0 0 0 0 0 0 0 0 0 0 0 0 0 0 24 0 0 0 0 0 13 0 0 0 0 0 
0 0 0 0 0 0 0 0 0 0 0 0 0 0 25 0 0 0 0 0 0 0 27 0 0 0 12 
0 0 0 0 0 0 0 0 0 25 0 0 0 0 0 0 0 0 0 0 0 0 0 21 0 0 0 
0 0 0 0 0 0 0 0 0 0 0 0 0 0 0 0 30 0 29 0 0 8 14 0 0 0 9 
0 14 0 0 0 0 0 0 0 0 0 0 0 14 0 0 2 0 0 0 0 0 0 3 0 0 0 
15    7    717    0.2
0 0 0 0 29 0 0 0 24 0 0 0 0 0 0 0 0 0 0 0 0 0 0 0 0 0 0 
0 0 0 0 0 0 25 0 0 0 0 0 0 0 0 0 24 0 0 0 0 0 15 18 0 0 5 
6 0 0 0 0 0 0 0 0 0 0 0 0 0 0 15 0 0 0 0 0 0 0 0 0 0 0 
0 0 0 0 0 0 0 0 0 0 0 0 0 0 0 12 0 0 0 0 0 0 0 0 0 0 0 
0 0 0 0 0 0 0 0 0 0 0 0 0 0 0 1 0 0 0 0 0 30 1 0 0 0 0 
0 27 0 0 0 0 0 0 0 0 0 0 0 0 0 0 0 0 0 0 0 0 28 23 0 0 12 
0 0 0 0 0 0 0 0 0 0 0 0 0 0 0 0 0 14 0 0 7 0 0 0 0 0 0 
11 0 0 0 0 0 0 0 0 7 0 0 0 27 0 0 0 0 2 0 0 0 11 0 0 0 0 
0 0 0 9 0 0 9 0 0 0 0 0 0 0 0 0 2 0 0 0 0 25 0 4 0 0 0 
0 0 0 0 0 0 23 0 0 0 0 0 0 0 0 0 0 0 0 0 0 0 0 0 0 0 0 
0 23 0 0 0 0 18 0 0 0 0 0 0 0 0 0 0 0 19 0 0 0 0 7 0 0 0 
0 0 0 0 0 0 0 0 0 0 0 0 0 0 0 0 0 16 0 0 0 0 0 0 0 0 0 
19 0 0 0 0 0 0 0 0 0 0 0 0 0 19 0 0 0 0 0 0 0 0 0 0 17 0 
0 0 0 0 0 0 0 0 0 0 0 0 0 28 0 0 0 0 0 24 0 0 0 0 0 0 0 
0 0 0 0 0 0 0 0 0 0 0 0 0 0 0 0 0 0 7 0 0 0 0 0 0 0 0 
10    1    439    0.5
0 0 0 0 0 0 0 0 0 0 0 0 0 0 0 0 0 0 0 0 0 0 0 27 4 0 0 
0 0 0 0 0 0 0 0 0 0 19 0 0 0 0 0 0 0 0 16 0 11 12 8 0 0 0 
0 0 0 0 0 0 0 0 0 0 19 0 0 0 0 0 0 0 0 0 0 0 0 2 0 0 0 
0 0 0 0 0 0 0 0 11 0 0 0 0 0 0 0 0 0 0 0 0 0 0 0 0 0 0 
0 0 0 0 0 0 0 0 0 0 0 0 0 0 0 10 0 0 0 0 12 0 0 0 0 0 0 
0 0 0 0 0 0 0 0 0 0 14 0 0 0 0 29 0 0 0 0 3 0 0 0 20 0 0 
0 0 0 0 0 0 0 0 0 0 0 0 0 17 0 26 0 0 0 0 0 30 22 21 0 0 0 
8 0 0 0 0 0 0 0 0 0 0 0 23 0 0 17 0 0 10 0 27 0 0 0 0 0 0 
0 20 0 0 0 0 20 0 0 0 0 0 0 0 0 6 0 0 0 0 30 0 0 21 0 0 0 
0 0 0 0 0 0 0 0 8 0 0 0 0 0 0 0 0 0 0 0 0 0 0 0 0 0 10 
13    6    596    0.7
0 0 0 0 0 0 0 0 0 0 0 0 0 11 0 15 0 0 0 0 0 7 0 0 0 0 0 
8 0 0 0 0 0 0 0 0 0 0 0 0 4 0 11 0 0 0 11 0 0 0 0 0 0 0 
0 0 0 0 0 0 0 0 0 0 0 0 0 0 5 0 0 0 0 0 0 0 22 0 0 0 24 
0 0 0 0 0 0 0 0 0 0 0 0 0 0 0 0 0 0 0 0 19 0 20 0 25 0 0 
0 0 0 0 0 0 0 0 0 0 24 0 0 0 0 0 0 0 0 25 0 0 0 0 0 0 0 
0 0 0 0 0 0 0 0 0 0 0 0 0 0 0 0 7 3 0 0 0 0 0 0 0 0 0 
0 0 7 0 0 0 0 0 0 0 0 1 0 0 0 0 20 0 0 0 0 0 0 26 0 6 0 
0 0 0 0 0 0 0 0 0 0 0 0 0 0 0 0 4 0 0 0 0 0 0 0 0 0 0 
0 0 0 0 0 0 0 0 0 0 0 0 0 0 0 0 0 0 0 0 0 0 0 30 0 0 0 
0 0 0 0 25 0 0 0 0 0 13 0 0 0 0 0 0 0 25 0 0 0 0 0 0 0 12 
0 10 0 0 0 0 0 0 0 0 0 0 0 0 0 0 0 0 8 0 0 0 20 0 0 0 0 
0 0 0 0 0 0 0 0 0 0 0 0 5 0 0 0 22 0 0 4 9 0 1 0 0 0 0 
0 0 0 0 0 27 0 0 0 0 0 0 0 0 0 0 0 0 0 18 0 0 17 14 0 0 0 
11    4    478    0.2
0 0 0 0 0 0 0 0 0 0 0 0 0 0 0 0 0 16 0 0 20 0 0 9 0 7 0 
0 0 0 0 16 0 0 0 0 0 0 0 10 0 0 0 10 0 0 0 0 0 14 0 15 0 0 
0 0 17 0 0 0 0 0 0 0 0 0 0 0 0 0 18 0 0 0 0 0 12 0 0 0 0 
0 0 0 0 28 10 0 0 0 0 0 0 0 0 0 0 0 28 0 0 26 0 0 0 0 0 9 
6 0 0 0 0 0 0 0 0 0 0 6 0 0 0 1 0 0 0 0 0 0 7 0 10 0 0 
0 0 0 0 0 0 0 0 15 0 0 0 0 0 0 0 7 0 0 0 0 0 0 0 0 0 0 
0 0 0 0 0 0 0 0 0 0 0 0 0 0 8 0 0 0 0 0 0 0 0 25 0 0 0 
0 0 0 0 0 0 18 0 0 0 0 0 0 0 0 0 19 0 0 0 0 0 29 5 0 0 0 
0 0 0 0 14 0 0 0 0 0 0 0 0 0 0 0 0 0 0 0 0 0 0 0 0 0 0 
0 0 0 2 0 0 0 0 0 0 27 0 0 0 0 0 0 0 0 0 0 0 23 0 0 0 0 
0 0 0 0 12 0 0 0 0 0 0 0 0 0 5 0 0 0 0 0 0 0 22 11 0 0 0 
6    3    257    0.9
0 0 0 0 0 0 0 0 0 0 0 0 0 0 0 0 28 2 0 0 29 0 3 0 0 0 0 
0 0 0 0 0 0 0 0 0 0 0 0 0 0 0 19 0 20 0 0 0 20 0 0 0 17 0 
15 0 0 0 0 0 0 0 0 0 0 0 0 0 0 0 0 0 0 0 0 0 22 0 0 0 7 
0 0 0 0 0 11 0 0 0 0 0 0 0 0 0 0 0 0 0 0 7 0 0 0 0 0 1 
0 0 0 20 0 0 0 0 0 0 0 0 0 0 0 0 0 0 0 0 0 0 0 0 0 0 0 
0 0 0 0 16 0 0 0 0 0 0 0 0 0 0 0 11 0 0 0 19 0 0 19 0 0 0 
15    4    746    0.7
27 0 0 0 0 0 0 0 0 0 0 0 0 0 0 0 0 0 0 30 0 0 0 0 0 0 11 
0 0 0 0 0 0 0 0 0 0 0 0 0 0 0 0 0 0 0 13 0 0 0 0 0 0 0 
0 0 0 0 0 0 0 0 0 0 0 0 0 0 0 0 0 0 0 0 28 0 0 0 0 0 0 
0 0 0 0 0 0 0 0 0 0 0 0 0 0 0 0 0 0 0 20 0 0 0 16 8 0 0 
0 0 0 0 0 0 0 0 0 0 0 0 0 25 0 0 0 0 0 4 19 0 0 0 0 0 0 
0 0 0 0 0 18 0 0 0 0 0 0 5 0 0 0 0 19 0 0 0 0 0 0 16 0 0 
0 0 0 0 0 0 0 0 0 0 0 0 0 0 0 0 0 0 0 0 0 0 9 0 0 0 0 
0 0 0 0 0 0 0 0 0 0 22 0 0 0 0 23 0 0 0 6 0 0 0 0 0 0 0 
0 0 0 20 0 0 0 0 0 0 0 0 0 0 0 27 0 0 0 17 0 29 0 0 0 8 0 
0 0 0 0 0 0 0 0 0 0 0 0 0 0 0 0 0 0 0 25 11 0 22 0 28 0 0 
0 0 0 0 25 0 0 0 0 0 0 0 0 0 0 0 0 0 0 0 0 0 11 23 0 0 0 
0 0 0 25 0 0 0 0 0 0 0 0 0 0 0 0 0 0 0 9 0 0 0 0 0 0 0 
0 0 0 0 0 0 0 0 0 0 0 0 0 0 0 0 0 0 19 0 0 0 0 0 0 0 0 
0 0 0 0 0 0 0 0 0 0 0 0 14 0 0 22 0 0 0 0 0 0 0 0 0 0 0 
0 0 0 3 0 0 0 0 0 0 0 0 0 0 0 0 0 0 23 0 0 3 0 22 0 0 0 
7    5    348    0.7
0 0 0 0 0 0 18 0 0 0 0 0 0 0 0 0 0 0 0 0 0 0 0 0 0 0 0 
0 0 0 0 0 0 0 0 27 0 0 0 0 0 0 0 0 0 28 0 0 0 0 0 0 0 0 
0 0 0 0 0 0 0 0 0 0 0 0 0 0 0 0 0 0 0 0 0 0 20 0 0 0 0 
0 0 0 0 0 0 0 0 24 0 0 0 0 0 0 0 14 0 0 0 15 0 0 0 0 0 0 
0 0 0 0 0 0 0 0 0 0 21 0 0 0 0 0 0 0 30 0 0 0 0 28 0 0 0 
0 0 0 0 4 0 0 0 0 0 0 0 0 0 0 0 0 0 0 0 0 0 0 0 0 0 0 
20 0 0 0 0 0 0 0 10 0 0 0 0 0 0 18 0 0 0 0 0 0 17 21 0 0 0 
14    7    684    0.7
0 0 0 0 0 0 0 0 0 0 0 0 0 0 0 0 0 0 0 0 0 0 29 0 0 0 0 
0 0 0 0 0 0 0 0 0 0 0 0 0 0 0 0 0 0 0 0 0 29 15 0 0 0 0 
0 0 0 0 0 0 0 0 0 0 0 0 0 0 0 0 26 0 0 15 0 0 0 0 0 0 0 
0 0 0 0 0 0 1 0 0 0 0 0 0 0 27 3 0 0 0 0 30 0 29 0 0 0 0 
0 26 0 0 0 0 0 0 0 0 16 0 4 0 0 0 0 0 0 0 1 0 0 7 0 0 0 
0 0 0 0 0 0 0 0 0 0 0 0 0 0 0 0 0 0 0 14 0 0 0 6 0 0 26 
0 0 0 6 0 0 0 0 0 0 0 0 0 21 0 0 0 0 0 0 20 0 22 0 0 0 8 
24 0 0 0 0 0 0 0 0 0 0 0 0 0 0 0 0 0 13 0 0 0 7 0 0 0 0 
0 0 0 0 14 0 0 0 0 0 0 0 0 0 30 0 0 0 0 0 22 0 12 0 0 0 8 
0 0 0 0 0 0 0 0 0 0 0 0 0 0 0 0 0 0 0 17 2 0 0 0 0 0 0 
0 23 0 0 0 0 0 0 0 11 0 0 0 0 0 0 0 0 0 0 0 13 14 0 0 0 0 
0 0 0 0 0 0 0 0 0 0 0 0 0 0 0 10 0 0 0 0 0 0 0 0 0 0 0 
0 0 0 0 26 0 0 0 0 0 0 0 0 0 0 0 0 0 0 0 0 0 0 20 8 0 0 
0 0 0 0 0 0 0 0 21 0 0 0 0 0 0 0 0 0 0 0 0 0 0 0 0 0 0 
15    6    619    0.6
0 0 0 0 0 0 0 0 0 0 0 0 0 0 0 20 0 0 25 0 0 12 1 0 0 0 0 
0 0 0 0 0 0 0 12 0 0 0 0 0 0 0 0 0 0 0 0 0 0 0 0 0 0 0 
0 0 0 0 0 0 0 0 0 0 0 0 0 0 0 0 2 0 0 0 0 0 0 0 3 0 0 
0 0 0 0 0 0 0 0 0 0 0 0 0 0 0 27 0 0 0 0 0 0 0 0 0 0 0 
0 0 0 0 0 0 0 0 0 0 8 0 0 0 0 0 0 0 0 0 0 0 0 0 0 0 0 
0 0 0 0 0 0 0 0 27 0 0 0 0 0 29 0 0 0 13 0 20 0 0 0 25 0 0 
0 0 0 0 0 0 0 0 0 0 0 0 0 0 13 0 0 0 0 0 0 0 0 0 0 0 0 
0 0 0 0 0 0 0 0 0 2 0 0 0 0 0 0 20 21 0 0 0 0 13 0 0 0 0 
0 15 0 0 0 0 0 0 0 0 4 0 0 0 0 0 0 0 0 0 0 0 11 0 0 0 0 
0 0 0 28 0 0 0 0 0 0 0 0 0 0 25 16 0 18 0 0 0 0 0 27 0 0 0 
0 0 0 0 0 0 0 0 0 0 0 0 1 0 0 0 0 0 0 0 0 0 0 0 0 0 0 
0 6 0 0 0 0 0 0 0 0 0 0 0 0 0 0 0 0 0 0 0 0 0 0 0 0 0 
0 0 0 0 0 0 24 0 0 0 0 0 0 0 0 13 0 0 0 13 30 0 0 4 0 0 0 
0 10 0 0 0 0 0 0 0 0 0 0 8 0 0 7 0 0 0 0 0 0 4 0 0 0 0 
0 0 0 0 20 0 0 0 0 0 0 0 0 0 0 0 0 0 0 8 12 0 0 0 0 0 11 
5    8    183    0.8
0 0 0 0 0 0 0 0 0 0 0 0 0 1 0 0 0 0 0 0 0 0 0 9 0 0 0 
0 0 0 0 0 0 0 0 0 0 0 0 0 0 0 0 0 0 0 0 25 0 28 8 0 6 0 
0 0 15 0 0 0 0 15 0 0 0 0 0 18 0 19 0 10 0 0 0 0 0 0 0 0 0 
0 0 0 0 3 0 0 0 0 0 0 0 0 0 0 0 0 0 0 0 8 0 0 27 0 0 8 
0 0 5 0 0 0 0 0 0 3 0 0 0 0 0 0 0 0 0 0 0 0 10 0 0 0 0 
13    7    635    0.9
0 0 0 0 0 0 0 11 0 0 0 0 0 0 0 0 0 0 0 0 0 0 0 14 0 1 0 
0 0 0 0 0 0 0 0 0 0 0 0 20 0 0 0 0 0 0 0 0 17 0 0 0 0 0 
14 0 0 0 0 0 0 0 0 0 0 0 0 0 0 9 0 0 0 0 29 0 0 0 0 25 0 
0 0 0 0 0 0 0 0 0 0 0 0 0 0 0 0 16 0 0 0 0 0 0 0 0 0 0 
0 0 0 0 0 0 0 0 0 0 28 0 29 0 0 7 0 0 0 0 0 24 2 0 0 0 0 
0 0 14 0 0 0 0 19 0 0 0 0 0 0 0 0 0 0 24 0 21 0 22 0 0 0 0 
0 0 0 3 0 0 0 0 0 0 0 0 5 0 0 0 19 0 0 26 0 0 0 0 5 0 0 
0 0 0 0 0 0 0 0 0 2 0 0 0 0 0 26 0 0 0 0 0 0 0 0 0 0 0 
0 0 0 0 0 0 0 0 0 0 0 0 0 1 0 0 0 0 0 6 0 0 3 25 27 0 0 
0 0 0 0 1 0 0 9 0 0 0 0 0 22 0 22 0 0 0 0 0 0 4 0 0 0 0 
0 0 0 0 0 0 0 0 0 0 0 0 0 0 0 0 0 0 0 0 23 0 14 0 0 0 0 
0 0 0 0 0 0 0 0 0 0 0 0 0 0 0 19 0 0 0 0 0 13 0 0 0 0 0 
0 0 0 0 0 0 0 0 0 0 0 0 0 0 0 0 0 25 0 0 0 0 0 30 0 0 0 
9    0    398    0.8
0 29 0 0 0 0 0 0 0 0 0 0 0 0 0 0 5 0 0 5 0 0 0 0 0 0 0 
0 22 0 0 0 0 0 0 0 0 0 0 0 0 17 0 0 0 0 0 0 0 0 0 0 0 0 
0 0 0 0 0 0 0 0 0 0 0 0 0 0 0 0 0 0 0 9 0 0 14 0 24 0 0 
0 0 0 0 17 2 0 0 0 0 0 0 0 0 0 0 0 0 0 28 6 0 0 14 0 0 0 
0 1 0 0 0 0 0 0 0 0 0 0 0 0 0 0 0 8 0 0 0 0 5 10 7 0 0 
0 0 0 0 0 0 19 0 0 0 0 0 0 0 0 0 1 5 0 0 0 0 0 21 26 0 0 
0 0 0 0 0 0 0 11 0 0 0 0 0 0 0 0 25 0 0 0 25 0 0 0 0 0 17 
0 0 0 0 0 0 0 0 0 0 24 0 0 0 0 0 22 0 0 0 6 0 0 18 0 26 0 
13 0 0 0 0 0 0 0 0 0 0 0 0 0 0 0 10 0 18 0 0 0 0 19 0 4 0 
5    1    218    0.5
15 0 0 0 0 0 0 0 0 30 0 0 0 0 0 0 17 0 0 0 0 0 16 0 0 0 0 
0 0 0 0 10 0 0 0 0 0 0 0 0 0 0 18 0 0 0 0 0 0 0 28 0 0 0 
0 24 0 0 0 22 0 0 0 0 0 0 0 0 0 0 1 0 0 0 0 0 0 4 0 0 0 
0 0 0 15 0 0 0 0 13 0 0 0 0 0 30 0 0 28 0 0 0 0 16 0 0 0 0 
0 0 0 0 0 0 0 0 0 0 0 0 0 0 0 0 3 0 0 0 0 6 0 11 0 0 0 
8    6    365    0.1
0 0 0 0 0 3 0 0 0 0 0 0 0 0 0 0 11 0 0 0 0 0 12 8 0 0 0 
0 0 0 0 0 0 0 0 0 0 0 0 0 0 0 0 0 0 0 0 0 0 0 0 0 0 19 
0 0 0 0 0 0 0 0 0 0 0 0 20 0 0 0 21 0 7 0 22 0 12 0 0 0 0 
0 10 0 0 0 0 0 0 0 0 0 0 0 0 0 0 0 0 0 0 0 0 0 0 0 0 0 
0 0 0 0 0 0 0 0 0 0 0 0 0 0 0 0 0 3 0 0 0 0 0 0 0 0 0 
0 0 0 0 0 0 0 0 0 0 0 0 0 0 0 0 0 0 0 0 30 0 4 0 0 0 0 
0 0 0 0 0 0 0 0 0 0 0 0 0 0 0 0 0 0 0 0 28 0 0 15 0 0 0 
0 0 0 0 0 0 0 0 0 0 0 0 0 0 0 0 0 0 0 0 28 0 0 0 0 0 0 
9    3    421    0.9
0 0 0 0 0 0 0 0 0 2 0 0 12 0 0 0 0 0 0 0 24 0 0 0 0 0 0 
0 0 0 0 0 0 0 0 0 0 20 0 0 0 0 0 0 0 0 29 3 0 0 24 26 0 0 
0 0 0 0 0 0 0 0 0 0 0 0 0 0 0 0 0 0 0 0 0 1 0 0 0 0 13 
0 0 0 0 0 0 0 0 0 0 0 0 0 0 0 0 0 0 29 0 0 0 11 18 0 12 0 
0 0 0 0 10 0 0 0 0 0 0 0 0 0 0 0 0 0 0 0 0 0 24 13 0 0 0 
0 0 0 0 27 0 0 0 0 0 0 0 0 22 0 0 0 0 0 0 0 0 0 0 0 0 0 
0 0 0 0 0 0 0 0 0 0 0 0 7 0 0 0 0 0 0 0 0 0 0 0 0 0 0 
5 0 0 0 0 0 0 0 0 0 0 0 0 0 0 4 0 13 0 0 0 22 0 0 0 0 0 
0 0 0 0 0 0 0 0 0 0 0 0 0 0 0 0 0 23 0 0 0 0 0 0 0 0 0 
6    0    261    0.4
0 30 0 0 0 0 0 18 0 0 0 0 21 0 0 19 0 12 0 0 0 0 0 0 0 0 0 
0 0 0 0 0 0 0 0 0 0 1 0 0 0 0 0 20 0 9 0 17 0 0 0 0 0 6 
21 0 0 0 0 0 0 0 0 0 0 0 0 0 17 0 0 0 0 9 0 0 16 0 0 0 0 
0 0 0 0 0 0 0 0 21 0 0 0 0 0 0 0 0 0 0 0 0 0 0 0 0 0 0 
0 0 0 0 0 0 0 0 0 0 0 0 0 0 0 0 0 0 5 0 0 0 0 0 26 0 0 
0 0 0 0 10 0 17 0 0 0 0 0 0 0 0 22 0 0 0 0 0 0 0 16 0 0 0 
6    7    238    0.8
0 0 0 5 0 29 0 0 0 0 0 5 0 0 0 0 7 0 0 0 0 0 0 0 0 0 0 
0 0 0 0 0 0 0 0 0 0 0 0 0 0 0 0 0 1 0 0 0 10 6 0 7 0 0 
0 0 0 0 0 0 0 0 28 0 0 0 0 0 0 0 0 0 0 0 0 8 0 0 0 0 0 
0 0 0 0 0 16 0 0 0 0 0 0 0 0 0 0 25 0 24 0 2 0 0 8 0 0 0 
0 0 0 0 0 0 0 0 0 0 0 0 0 0 0 2 0 0 0 0 0 21 2 29 0 0 0 
0 0 0 0 0 0 0 0 0 0 0 0 0 0 0 0 0 0 0 0 0 0 0 8 3 0 0 
9    2    382    0.2
0 0 0 0 0 0 0 0 0 0 0 0 0 0 0 0 0 0 0 0 0 29 0 0 0 0 0 
0 0 0 0 0 0 0 0 0 2 0 0 0 0 0 0 0 2 0 0 0 0 22 0 0 0 0 
0 0 11 0 0 0 0 6 0 0 0 0 0 19 0 24 0 0 0 0 0 0 0 0 0 0 0 
0 0 0 0 0 0 0 0 0 0 0 0 0 0 0 0 0 0 0 0 0 0 0 0 0 0 12 
0 0 0 0 0 0 0 0 0 0 0 0 0 0 0 0 0 0 0 0 0 10 0 0 0 0 0 
0 0 0 0 0 0 0 26 0 0 0 18 0 0 0 7 0 0 0 14 0 0 0 0 0 0 0 
0 0 0 0 0 0 0 0 0 0 19 0 9 0 0 3 0 0 0 0 0 0 0 0 0 0 0 
0 0 0 0 0 0 0 0 0 0 0 0 0 0 0 0 0 0 3 0 0 0 11 0 0 0 30 
0 0 0 0 0 0 0 0 0 0 0 0 0 0 0 0 0 0 0 0 0 0 19 0 0 0 0 
6    8    268    0.5
0 0 0 0 0 0 0 0 0 0 0 0 0 0 0 0 15 4 0 0 0 0 0 0 0 18 0 
0 0 0 0 0 0 0 0 0 0 0 0 0 0 0 0 0 30 0 0 0 0 0 0 0 22 0 
0 0 0 0 0 0 0 0 0 0 0 0 18 0 0 0 0 0 0 0 0 0 0 0 0 0 0 
0 0 0 0 0 0 15 0 0 0 0 0 28 0 0 0 14 0 0 0 13 0 1 0 0 0 0 
0 0 0 0 27 0 0 0 0 0 0 0 0 0 0 0 0 0 0 0 0 0 0 0 19 0 0 
0 0 0 4 0 0 0 0 0 0 17 0 0 0 0 0 0 0 23 0 24 0 0 0 0 0 0 
11    0    462    0.3
0 0 16 0 0 0 0 0 0 0 0 0 0 0 0 0 0 0 0 0 0 0 14 0 0 0 4 
0 0 0 0 0 0 0 0 0 0 0 0 0 0 0 17 0 20 0 0 0 0 0 2 0 0 0 
0 0 0 0 0 0 0 0 0 0 0 0 6 0 0 10 0 0 0 0 0 0 0 27 0 0 0 
0 0 0 0 0 0 0 0 0 0 0 0 0 0 0 0 0 0 0 0 0 24 0 0 0 0 0 
0 0 0 0 0 0 0 0 0 0 0 0 0 0 0 0 0 0 0 0 17 0 0 0 0 0 0 
19 0 0 0 0 0 0 0 0 0 0 0 0 0 0 0 0 0 24 0 0 0 0 0 0 0 12 
0 0 0 0 0 0 0 0 0 14 0 0 0 0 12 0 0 0 0 0 0 0 9 22 0 0 0 
0 0 15 0 0 0 0 0 0 0 0 0 0 0 7 0 0 0 0 0 0 7 9 0 0 0 3 
0 0 12 0 0 0 0 0 0 0 0 0 0 0 0 0 0 0 1 0 0 9 0 0 29 0 0 
0 0 0 0 0 0 0 0 0 0 0 2 0 0 0 0 0 0 0 0 0 0 0 29 0 0 0 
0 0 0 0 30 0 0 0 0 15 0 0 0 0 0 0 0 0 0 0 0 0 0 0 0 0 0 
11    1    516    0.6
0 20 0 0 0 0 0 0 0 0 0 0 28 0 0 0 0 0 0 0 0 0 0 16 10 0 0 
0 2 0 0 0 0 0 0 0 0 0 0 0 29 0 0 0 0 6 0 0 0 10 0 0 0 0 
0 0 0 0 0 0 0 0 0 0 0 0 0 0 0 0 0 0 0 0 0 0 0 5 0 0 0 
0 0 0 0 0 0 0 0 0 26 0 0 0 0 0 0 0 0 0 0 0 0 0 0 0 0 0 
0 0 0 0 0 0 0 0 23 0 0 0 0 0 0 0 0 0 26 0 0 0 0 19 0 0 5 
0 0 0 0 0 0 0 0 0 0 0 0 0 0 0 16 0 0 0 0 0 0 0 0 0 0 0 
0 0 0 0 0 0 0 0 0 0 0 17 0 0 0 0 0 0 0 0 0 0 21 24 0 0 0 
0 0 0 0 0 0 0 0 0 0 0 0 0 0 0 11 0 0 0 0 29 0 0 0 18 0 0 
0 0 0 0 18 0 0 0 0 0 0 0 0 22 0 0 0 0 0 0 0 20 0 16 22 0 0 
0 0 0 0 0 0 25 0 0 0 0 0 0 0 0 0 0 0 0 0 0 0 0 0 0 0 0 
0 0 0 0 0 0 0 0 0 0 0 0 0 0 0 7 0 0 0 0 0 0 0 0 0 0 6 
15    8    677    0.1
0 7 0 0 0 0 0 0 0 0 0 0 0 0 0 0 0 0 0 0 0 0 23 0 0 0 0 
0 0 0 0 0 0 0 0 0 0 0 0 0 0 0 0 17 0 0 0 0 0 0 0 0 0 0 
0 0 2 0 0 0 0 0 13 0 0 0 0 0 0 0 0 0 0 0 0 0 0 28 0 29 0 
0 0 0 0 0 0 0 0 0 0 0 0 0 30 0 0 0 21 0 0 0 0 10 6 0 0 0 
0 0 0 14 0 0 0 0 0 0 0 0 0 0 2 0 0 19 0 0 0 0 0 17 0 14 0 
0 0 0 0 0 0 0 0 0 0 0 0 0 0 0 0 0 0 6 0 0 0 0 0 0 0 18 
0 0 0 0 0 0 0 0 0 0 0 0 0 0 0 0 0 0 0 0 0 0 0 4 17 0 0 
0 0 0 0 0 0 0 0 0 0 0 0 0 0 0 24 0 0 0 0 0 0 0 0 0 0 0 
0 0 0 0 0 0 0 0 0 0 0 0 0 0 0 0 1 0 0 0 0 0 0 0 0 0 0 
16 0 0 0 0 0 0 0 0 0 0 0 0 0 0 2 0 0 0 20 0 0 0 0 0 0 4 
0 0 0 0 0 0 0 0 0 0 0 0 0 0 0 0 0 0 0 0 0 12 0 0 0 0 6 
0 0 0 0 0 0 0 0 0 5 0 0 0 0 0 0 0 0 0 0 0 28 0 0 0 0 11 
0 0 0 0 0 0 0 0 0 0 0 0 27 0 0 0 25 0 0 12 0 0 13 13 0 0 0 
0 0 0 16 0 0 0 0 0 0 0 0 0 0 2 0 0 25 0 0 0 0 27 0 13 0 0 
0 0 0 0 0 0 0 0 0 0 0 0 0 0 0 0 0 17 0 0 0 19 0 0 29 0 0 
18    8    867    0.2
0 0 0 0 0 21 0 0 0 0 0 0 28 0 0 0 0 0 0 19 0 0 6 0 0 0 8 
0 0 0 0 0 0 0 0 0 0 0 0 0 0 0 0 28 0 0 0 0 0 0 0 0 0 0 
0 0 6 0 0 0 0 0 0 0 0 0 0 0 0 28 0 0 0 0 0 0 15 28 0 0 0 
0 0 0 0 0 0 0 0 0 0 0 0 0 0 0 0 0 0 0 0 0 0 0 0 8 0 0 
0 0 0 0 0 0 0 0 0 0 0 0 0 0 0 0 0 0 0 0 0 0 0 0 0 0 24 
0 0 0 21 0 0 26 0 0 0 0 0 0 6 0 0 0 28 0 0 0 13 0 0 0 0 0 
0 0 0 0 0 0 0 0 0 0 0 0 0 2 0 0 0 0 0 0 0 24 0 2 0 0 28 
0 0 0 0 0 7 0 0 0 0 0 0 0 0 0 0 0 0 9 0 0 23 0 0 18 0 0 
0 0 0 0 0 0 7 0 0 0 0 0 0 0 0 0 0 0 21 0 0 10 0 11 0 26 0 
0 0 0 0 0 0 0 0 0 0 26 0 0 13 0 0 0 0 0 0 0 0 27 0 25 0 0 
0 0 0 0 0 0 0 0 0 0 0 0 0 0 0 0 0 0 0 0 0 0 0 14 0 0 0 
0 0 0 0 0 0 0 0 0 0 0 0 0 0 0 0 0 0 0 30 0 10 0 0 0 0 0 
0 0 0 0 0 0 0 0 0 0 0 0 0 0 0 0 0 0 0 0 0 29 18 1 0 0 0 
0 0 0 0 0 0 8 0 0 0 0 0 0 0 0 0 0 0 0 0 0 0 0 0 0 0 0 
0 0 0 0 0 0 0 0 0 0 0 0 0 0 0 0 21 0 0 0 0 0 28 8 24 0 0 
0 0 0 0 0 0 0 0 0 0 0 0 0 0 0 0 0 0 16 0 0 28 0 0 0 0 0 
0 0 0 0 0 0 0 0 0 0 0 0 0 1 0 0 19 13 0 0 0 0 0 8 0 0 0 
0 0 0 0 0 0 0 0 0 0 0 0 0 0 0 0 0 0 0 0 0 0 0 25 0 0 0 
9    6    384    0.3
0 0 0 0 0 0 0 0 0 0 0 0 4 0 0 0 29 0 0 0 4 0 0 18 0 0 0 
0 0 0 0 0 0 11 0 0 0 0 0 0 0 0 0 0 0 0 0 0 0 6 0 0 0 0 
0 0 0 0 7 0 0 0 0 0 0 0 0 0 0 0 0 2 0 0 0 0 0 0 0 0 0 
0 0 0 0 0 0 0 0 0 0 0 0 0 0 0 0 0 11 0 0 25 0 0 0 0 0 0 
26 0 0 0 0 0 23 0 0 0 0 0 0 0 0 0 0 10 0 0 0 0 0 0 29 0 0 
0 0 0 0 0 0 0 0 0 0 15 0 0 0 0 0 0 0 20 0 0 0 0 0 0 0 0 
0 0 0 0 0 0 0 0 0 0 0 0 0 0 0 0 0 0 0 0 0 0 23 0 0 0 0 
0 0 0 0 0 0 0 0 0 0 0 0 0 0 0 12 0 0 0 0 11 0 3 24 0 0 18 
0 0 0 0 0 0 24 0 0 0 0 0 0 0 0 0 0 11 0 0 0 14 0 0 0 0 0 
15    1    740    0.6
0 0 0 0 0 0 0 0 0 0 0 0 0 0 0 15 0 0 0 0 0 0 0 0 0 0 0 
0 0 0 0 0 0 0 0 0 0 0 0 0 0 0 0 0 0 0 0 11 0 22 0 0 0 0 
0 0 0 0 0 0 0 0 0 0 0 0 0 0 0 0 0 0 0 0 10 0 0 18 8 0 0 
0 0 0 0 0 0 0 0 0 0 0 0 0 16 0 0 0 0 0 0 0 0 15 0 0 0 0 
0 0 0 0 0 0 0 0 0 0 0 0 0 0 0 0 0 0 0 0 28 0 0 0 0 0 0 
0 0 0 0 0 0 0 0 0 0 0 0 0 0 0 21 0 0 0 0 0 0 0 0 0 0 0 
0 0 0 0 0 0 0 0 0 0 0 0 0 0 0 0 0 0 0 0 7 0 26 0 0 0 0 
0 0 0 0 0 0 0 0 0 0 0 0 0 0 0 0 0 0 0 0 18 0 0 0 0 0 0 
0 0 0 0 0 0 0 0 0 0 0 0 0 0 0 0 0 0 0 4 25 0 0 0 0 10 0 
0 0 0 0 0 0 0 0 0 0 0 0 0 0 0 20 0 0 0 0 0 0 0 0 0 0 0 
0 0 0 0 0 0 0 29 0 0 0 0 0 0 11 0 0 0 15 0 0 0 12 0 0 0 0 
0 0 0 0 0 0 3 0 0 0 0 0 0 0 0 0 0 0 0 0 0 0 0 0 0 0 0 
0 0 7 0 0 0 0 23 0 0 0 0 0 0 0 0 0 0 0 0 23 0 9 0 0 0 0 
0 0 0 0 0 0 0 0 12 0 0 0 0 0 1 0 0 0 0 0 25 0 7 0 0 8 0 
13 0 0 0 0 0 0 0 0 0 0 0 0 0 0 0 0 8 0 0 0 0 0 5 0 0 0 
18    5    848    0.5
0 0 0 0 0 0 0 0 0 0 0 0 0 0 0 0 0 0 0 0 0 20 7 0 0 0 0 
0 0 0 0 13 0 0 0 0 0 0 0 0 0 0 0 0 0 0 0 0 0 0 0 0 0 0 
0 0 0 0 26 0 0 0 0 0 0 0 17 0 0 0 0 0 0 0 0 12 0 12 16 0 0 
0 0 26 0 0 0 0 0 0 0 0 0 0 0 0 0 0 0 0 0 0 0 14 0 5 0 0 
0 0 0 0 0 0 0 23 0 0 0 0 0 9 0 0 20 0 0 0 0 0 4 0 0 15 0 
0 0 0 0 0 0 0 27 0 0 0 0 0 0 0 0 0 0 12 0 25 0 17 0 0 0 0 
0 0 0 0 0 0 0 0 0 0 0 0 0 0 0 0 10 0 0 0 0 0 0 0 0 0 0 
0 0 0 0 0 24 0 0 0 0 0 0 0 0 4 0 0 0 0 18 0 2 27 0 0 0 0 
0 0 0 29 0 0 0 0 0 0 0 0 0 0 0 3 0 0 29 0 6 0 0 0 0 0 0 
0 0 0 0 0 0 0 0 0 0 0 0 0 0 0 0 0 0 0 0 0 0 0 15 0 0 0 
0 0 0 0 0 0 0 0 0 0 0 0 0 0 0 0 0 0 13 0 0 0 19 27 0 0 0 
0 0 0 0 0 0 0 0 0 0 0 0 0 0 0 20 0 0 0 0 0 0 0 24 0 0 0 
0 0 0 0 0 0 0 0 20 0 0 0 0 0 0 0 0 0 0 0 0 0 0 16 0 0 0 
0 0 0 0 0 0 0 0 0 0 0 0 0 0 0 0 0 0 0 0 0 0 0 12 0 0 0 
0 0 0 0 0 14 0 0 0 0 0 0 0 0 0 0 15 25 0 0 0 0 0 0 0 11 0 
0 0 0 0 0 0 0 0 0 0 0 0 20 0 0 0 6 0 0 0 0 0 0 0 3 0 0 
0 0 0 0 20 0 0 0 0 0 0 0 0 0 0 0 0 0 25 0 0 0 0 28 0 0 0 
0 0 0 0 0 0 0 0 0 0 0 0 0 0 0 0 0 0 0 0 0 0 0 29 0 0 0 
13    3    594    0.3
0 0 0 0 0 0 0 0 23 0 0 0 0 20 0 0 0 0 0 0 0 14 0 0 0 0 0 
0 0 0 0 0 0 0 0 0 0 0 0 0 0 0 24 0 0 0 0 0 0 0 0 0 0 0 
4 0 0 0 0 0 0 0 0 0 0 0 0 0 0 0 0 0 0 0 0 0 0 0 0 0 0 
0 0 0 0 0 0 0 0 0 0 0 0 0 0 0 15 0 0 0 29 0 4 0 11 0 0 1 
0 0 0 0 26 0 0 0 28 0 0 0 0 0 0 0 0 20 0 0 0 17 0 0 0 0 0 
0 0 0 0 0 0 0 0 26 0 0 0 0 0 0 0 3 0 0 0 0 22 0 0 0 0 0 
0 0 0 0 0 0 0 0 22 0 0 19 0 0 0 0 0 0 0 0 0 0 6 0 0 0 4 
0 0 0 0 0 0 0 0 0 0 0 0 0 0 0 0 0 0 0 0 0 0 24 0 0 0 27 
0 0 0 0 0 0 0 0 0 0 0 0 0 0 0 0 0 0 0 0 0 15 0 0 0 0 0 
0 0 0 0 0 10 0 0 0 0 0 0 0 6 0 5 0 0 10 0 0 0 0 23 0 0 0 
0 0 0 0 0 17 0 0 0 0 0 0 0 0 0 0 26 0 0 15 0 0 0 0 0 0 1 
0 0 0 0 0 0 0 0 0 0 0 0 0 0 0 0 0 1 0 0 0 0 12 15 0 0 20 
4 0 0 0 0 0 0 0 0 0 0 0 0 15 0 0 0 0 0 0 0 0 0 0 0 0 0 
5    3    183    0.6
0 0 0 0 1 0 3 0 0 0 0 0 0 0 0 0 0 0 0 0 0 0 26 0 0 0 0 
0 0 0 0 0 0 0 0 0 0 0 0 0 0 0 0 0 0 0 0 0 0 0 0 0 0 1 
0 0 0 0 0 0 25 0 0 0 0 0 0 0 0 3 0 0 0 0 0 0 0 0 0 0 0 
0 0 0 0 0 0 12 0 0 0 0 0 0 0 0 0 26 0 0 0 0 0 18 0 0 0 0 
0 0 0 0 0 0 27 0 0 0 0 0 0 21 0 0 11 0 0 0 0 0 0 11 0 0 25 
5    8    213    0.5
0 0 16 0 0 0 0 0 0 0 0 0 0 0 0 18 0 0 0 0 0 0 0 8 5 0 0 
0 0 0 0 1 0 20 0 0 0 0 0 0 0 0 0 0 0 0 0 0 0 0 0 0 0 0 
0 0 0 0 0 0 0 0 0 0 0 0 0 0 0 11 0 0 0 0 0 0 0 16 0 0 0 
0 0 0 0 0 0 0 0 0 0 0 0 0 27 0 0 0 0 0 0 0 0 27 0 0 0 0 
0 0 5 0 0 0 0 29 0 0 0 0 0 0 0 0 0 0 5 0 0 0 0 23 0 15 0 
14    5    676    0.7
0 0 0 0 0 0 0 0 0 0 0 0 0 0 0 0 0 16 0 0 0 0 21 13 10 0 0 
0 0 0 0 0 0 0 24 0 0 0 0 9 0 0 0 29 0 0 0 0 0 19 4 0 0 0 
0 0 0 0 0 0 0 0 0 0 0 0 0 0 0 25 0 30 0 0 0 0 0 7 0 0 0 
0 0 0 0 0 0 0 0 0 0 0 0 0 0 0 0 16 0 0 0 0 0 0 0 0 0 0 
0 0 0 13 0 0 0 15 0 0 0 0 0 0 0 0 0 0 0 25 0 16 29 0 0 0 0 
0 0 0 0 0 0 0 0 0 0 0 0 0 0 0 0 6 0 30 0 14 0 0 0 0 0 0 
0 0 0 0 5 0 0 0 0 0 0 0 0 0 0 0 12 0 0 0 0 0 0 0 4 0 0 
0 0 0 0 0 0 0 0 0 0 0 0 8 0 0 30 0 6 0 0 0 0 20 26 0 0 0 
0 0 0 0 0 22 0 0 0 0 0 0 0 0 0 0 0 0 0 0 0 0 0 0 0 0 0 
9 0 0 0 0 0 0 0 0 0 0 0 0 0 11 1 0 0 0 0 0 0 0 0 0 2 0 
0 0 14 0 0 0 0 0 0 0 27 0 0 0 0 0 0 0 0 0 0 0 28 14 28 0 0 
0 0 0 18 0 0 0 0 0 0 0 0 0 0 0 18 0 0 0 19 0 0 30 0 22 0 0 
0 0 0 0 29 0 0 0 0 0 0 0 0 15 0 24 0 0 0 0 25 0 17 0 0 0 0 
0 0 0 0 0 0 0 0 2 0 0 0 0 0 0 0 16 0 0 21 0 0 15 0 1 0 0 
8    0    353    0.6
0 0 0 0 0 0 0 0 0 0 0 0 0 0 0 0 0 22 0 0 0 0 0 29 0 0 0 
0 18 0 0 0 0 0 0 0 0 0 0 0 0 0 4 0 0 0 0 0 9 18 27 0 0 0 
0 0 0 2 0 0 0 0 0 0 0 0 0 0 0 29 0 0 0 0 0 8 0 0 0 0 0 
0 0 0 0 0 0 0 0 0 6 0 9 0 0 0 21 0 0 0 0 0 0 7 0 0 0 1 
0 0 0 0 0 0 0 0 0 22 0 0 27 0 0 0 13 0 0 0 2 0 0 0 0 0 0 
0 0 0 0 0 0 0 0 23 0 0 0 0 0 2 0 0 0 0 0 0 2 9 6 0 0 0 
0 0 0 0 0 29 0 0 0 0 0 0 0 0 0 0 0 3 0 0 0 0 15 0 0 0 0 
0 0 0 0 0 0 0 0 0 0 0 0 26 0 0 0 0 0 0 0 0 0 0 3 0 0 19 
17    8    871    0.5
0 0 0 0 0 0 0 0 0 0 0 0 0 0 0 0 0 0 0 0 0 0 24 0 0 0 0 
0 0 0 0 16 0 0 0 0 0 0 0 0 0 0 0 0 0 0 0 0 0 0 0 0 0 0 
0 0 0 0 0 0 0 0 0 0 0 0 0 0 0 0 19 0 0 11 0 0 0 0 0 0 0 
0 0 0 0 0 0 0 0 0 0 0 0 0 0 0 0 0 28 0 0 0 0 0 0 0 0 0 
0 0 0 0 0 0 0 22 0 0 0 0 0 0 0 0 0 0 0 0 0 0 0 2 0 0 0 
0 21 0 0 0 0 0 0 0 0 0 0 21 0 0 28 0 0 0 0 15 0 0 0 10 0 0 
0 0 19 0 0 0 0 0 0 0 0 0 0 0 0 0 0 0 18 0 0 0 7 0 0 0 0 
0 0 0 24 0 0 0 0 0 0 0 0 0 0 0 0 0 0 0 17 0 0 0 0 0 0 0 
2 0 0 0 0 0 0 0 0 0 0 0 0 0 0 0 5 0 0 0 0 0 0 0 0 0 0 
0 0 0 0 0 0 0 0 0 0 0 0 23 0 0 0 0 0 0 0 0 0 19 0 0 0 0 
0 0 0 0 0 0 0 0 0 0 0 0 0 0 0 0 23 0 0 0 0 0 30 0 0 0 0 
0 0 0 0 0 0 0 0 0 0 0 0 0 0 0 0 0 0 0 0 0 0 0 0 0 0 9 
25 0 0 0 0 0 0 0 0 0 0 0 0 0 0 0 0 18 0 0 8 0 19 9 0 0 0 
0 0 0 0 0 0 0 0 0 0 0 23 0 0 0 0 0 0 0 0 0 0 0 0 0 0 0 
0 0 0 0 0 16 0 0 0 0 0 0 0 0 0 26 0 0 0 0 24 0 0 18 0 0 14 
0 0 0 0 0 0 0 4 0 0 0 0 0 11 0 0 1 0 0 0 0 0 0 22 0 19 0 
0 0 0 0 0 0 0 0 0 0 0 0 0 0 0 0 0 0 24 0 0 0 0 18 0 0 0 
18    4    751    0.9
0 0 0 0 0 0 0 0 0 0 0 0 0 0 0 0 4 0 0 0 8 0 0 25 0 0 0 
0 0 0 0 0 0 0 0 0 0 0 0 0 0 0 0 0 0 16 0 0 2 0 25 0 0 0 
0 0 14 0 0 0 0 0 0 0 0 0 0 0 0 0 0 0 0 0 0 0 0 0 0 0 0 
29 0 0 0 0 0 0 0 0 0 0 0 0 0 0 0 0 0 0 0 0 0 0 0 0 0 0 
0 0 0 0 0 0 30 0 0 0 0 0 0 0 0 0 0 0 0 0 0 0 2 0 0 7 0 
0 0 0 0 18 0 0 0 7 0 0 0 0 0 0 0 0 6 0 0 0 14 0 0 0 0 0 
27 0 0 0 0 0 0 0 0 0 0 0 0 0 0 13 0 0 0 20 0 0 0 1 0 0 0 
0 0 0 0 0 0 0 0 0 0 0 0 0 0 0 0 0 0 0 0 9 0 0 0 0 0 0 
0 0 0 0 0 0 0 0 0 12 0 0 0 0 0 0 0 0 0 0 4 0 13 3 0 0 0 
0 0 0 0 0 0 0 0 0 0 0 0 20 0 0 0 0 0 0 0 0 0 9 0 0 0 0 
4 0 0 0 0 0 11 0 0 0 0 0 0 0 0 16 0 25 0 0 0 0 0 0 0 0 8 
8 0 0 0 0 0 0 0 0 0 0 0 0 0 0 0 0 0 0 0 0 0 0 28 0 12 0 
0 0 0 0 0 0 0 0 0 24 0 0 0 0 0 0 0 0 0 0 0 0 0 26 0 0 0 
0 0 0 0 0 0 0 0 0 0 13 0 0 0 0 0 2 0 19 0 0 20 0 0 13 0 0 
0 0 0 20 0 0 0 0 0 0 0 0 0 0 0 0 0 0 0 0 0 0 0 0 0 0 0 
0 0 17 0 0 0 0 0 0 0 0 0 0 0 0 0 0 0 0 0 0 0 0 0 0 0 0 
0 0 3 0 0 0 0 0 22 0 0 0 0 0 0 0 5 0 0 0 0 0 0 0 0 0 0 
0 0 0 0 0 0 0 0 0 0 0 0 0 0 0 0 0 0 0 0 0 0 0 4 0 0 0 
14    8    548    0.6
0 0 0 0 0 0 0 0 0 0 0 0 0 0 0 0 0 0 0 0 0 0 11 0 0 0 0 
0 0 0 0 0 0 0 13 0 0 0 0 0 2 0 21 0 0 0 0 0 0 0 0 0 0 0 
5 0 0 0 0 0 0 0 0 21 0 0 0 0 0 0 0 0 0 0 0 18 17 8 0 0 0 
0 0 0 0 0 0 0 0 0 0 0 0 0 0 0 0 0 0 0 0 0 0 6 0 0 0 0 
0 0 0 0 0 0 0 0 0 0 0 0 0 0 0 0 0 0 0 0 0 0 0 0 18 0 0 
0 0 0 0 0 0 0 0 0 0 0 0 0 0 0 0 0 0 0 0 0 0 0 0 0 0 8 
0 0 0 0 0 0 11 0 0 0 0 0 0 0 0 0 3 0 0 0 0 0 0 0 0 0 0 
0 0 0 0 0 0 0 0 0 0 0 0 0 0 0 8 0 0 0 0 0 0 0 0 0 0 0 
0 0 0 0 0 0 0 0 8 0 0 0 0 0 0 0 0 0 0 10 0 12 0 8 0 0 24 
0 0 0 24 0 0 0 0 1 0 0 0 0 0 0 0 19 0 2 0 0 0 0 0 10 0 0 
0 0 0 0 0 0 0 0 0 0 0 0 0 0 0 0 0 0 0 0 0 0 10 0 0 0 0 
0 0 0 0 0 0 0 0 0 0 28 0 0 0 0 0 0 6 0 0 0 0 0 0 0 24 0 
0 0 0 0 26 0 0 0 0 0 0 0 0 0 7 0 0 19 0 0 0 0 14 0 22 0 0 
0 0 0 0 0 0 0 0 0 0 0 0 0 0 0 0 13 0 0 0 0 0 24 2 0 25 0 
13    4    571    0.3
0 0 0 0 0 0 0 0 0 0 0 0 0 0 0 0 12 0 0 0 0 0 0 0 0 0 0 
0 0 0 0 0 0 0 0 0 0 0 0 0 0 0 0 0 0 0 0 0 14 0 0 0 0 0 
0 0 0 30 0 0 0 0 26 0 0 0 0 0 0 0 0 0 0 0 0 0 0 0 0 0 0 
0 0 0 0 0 13 0 0 0 0 0 0 0 0 0 13 0 0 0 0 13 0 3 0 0 0 0 
0 0 0 0 0 0 0 18 0 0 0 0 0 0 0 0 0 0 0 0 0 0 0 0 0 0 0 
0 0 0 0 0 0 0 0 0 0 0 0 0 0 0 0 28 0 0 0 12 0 20 0 0 0 0 
0 0 0 0 0 0 0 0 0 0 0 0 0 0 0 0 0 30 0 0 0 0 6 29 7 0 0 
0 0 0 0 0 0 0 0 0 0 0 0 12 0 0 0 0 0 0 0 0 0 18 0 0 0 19 
0 0 0 0 0 0 0 0 0 0 0 0 0 0 0 0 0 0 0 8 0 0 0 0 16 0 0 
0 0 0 22 0 0 0 0 12 0 0 0 0 0 0 12 0 0 0 0 16 0 0 0 0 0 0 
0 0 25 0 0 0 0 0 0 0 0 0 0 0 0 0 0 0 1 0 0 0 16 0 0 0 0 
0 0 0 25 0 0 0 0 0 0 0 0 0 0 0 0 14 0 0 0 0 0 30 2 0 0 27 
0 0 0 6 0 0 0 0 0 0 0 0 0 0 0 2 0 0 0 0 0 0 0 0 0 27 0 
9    5    375    0.3
0 0 0 6 0 0 0 0 0 0 0 0 22 0 0 12 0 0 0 0 0 0 0 0 0 0 7 
0 0 0 0 0 0 0 0 0 0 0 0 0 0 0 0 0 0 0 0 0 9 0 0 30 0 0 
0 0 0 0 0 0 0 14 0 0 0 0 0 15 0 0 0 0 0 0 0 0 0 11 0 0 0 
0 0 0 0 0 0 0 0 0 0 24 30 0 0 0 0 6 0 0 21 8 0 0 0 0 0 0 
0 0 0 0 0 5 0 0 0 0 0 0 0 0 0 0 0 0 0 0 0 0 0 0 0 0 0 
0 0 0 0 0 0 0 0 0 0 0 0 16 0 0 0 0 0 0 0 0 0 0 0 0 0 0 
0 0 0 0 0 14 0 0 0 0 0 0 0 0 0 0 0 19 0 0 20 0 0 0 0 0 0 
0 0 0 0 16 0 0 0 0 0 28 0 0 0 0 0 0 0 0 0 0 0 9 0 0 11 0 
0 0 0 0 0 0 0 0 0 0 0 10 0 0 0 0 0 0 0 2 0 0 20 7 0 0 17 
8    5    349    0.7
5 0 0 0 0 0 0 0 0 0 0 0 9 0 0 0 0 0 0 3 0 0 0 13 0 0 0 
0 0 17 0 0 0 0 0 0 0 0 0 0 0 0 0 0 0 0 0 0 1 0 4 0 0 0 
0 0 0 0 0 0 0 0 0 6 0 0 13 0 0 0 0 0 0 0 0 0 0 1 0 0 0 
0 0 0 0 0 0 0 0 0 0 0 0 0 0 24 0 0 0 0 0 0 0 0 0 0 0 0 
0 0 0 0 0 0 0 0 0 0 0 0 0 0 0 0 0 0 0 0 0 27 0 0 22 0 0 
0 0 0 0 0 0 0 0 0 0 0 0 0 0 0 0 0 0 17 0 0 3 28 30 0 0 0 
0 0 0 0 0 0 0 0 0 0 0 0 17 0 0 0 0 8 0 0 0 0 0 12 0 0 0 
0 0 0 0 0 0 0 27 0 0 0 0 0 25 0 21 0 16 0 0 21 0 0 0 0 0 0 
9    3    389    0.3
0 0 0 0 30 0 0 0 0 0 0 6 0 0 0 0 0 0 0 0 0 5 0 5 0 15 0 
0 0 0 0 0 0 0 0 0 0 3 0 0 0 0 0 0 0 0 0 0 0 0 0 0 0 0 
0 0 0 0 0 0 28 0 0 0 0 0 0 22 0 0 0 0 0 0 0 0 3 6 18 0 0 
0 0 0 0 0 0 0 0 0 0 0 0 0 0 0 0 19 0 0 0 0 0 22 29 0 0 0 
0 0 0 0 0 0 0 16 0 0 0 0 0 19 0 0 0 0 0 0 0 0 25 0 0 12 0 
0 0 0 0 15 26 0 0 0 0 0 6 0 0 0 0 0 0 0 0 0 0 0 0 0 0 0 
0 0 0 0 0 0 0 23 0 0 0 0 0 29 0 0 0 0 0 30 0 0 0 20 0 0 0 
0 0 0 0 0 0 0 0 0 0 0 0 0 3 0 0 0 3 0 0 0 0 0 0 0 0 0 
0 1 0 0 0 0 5 0 0 0 0 0 0 0 0 0 0 0 0 19 0 0 11 15 0 0 0 
5    8    220    0.6
0 0 0 0 0 0 0 0 0 0 0 0 0 0 0 0 0 24 0 0 0 0 0 0 0 0 0 
0 0 0 0 0 0 4 0 0 0 0 0 0 0 0 0 0 0 0 29 0 0 0 0 0 0 0 
0 0 0 0 0 0 0 0 0 0 0 0 0 0 0 0 0 0 14 0 0 29 0 0 0 0 0 
0 0 0 0 0 0 0 0 25 0 0 0 0 9 0 0 0 24 0 0 0 0 0 0 0 0 0 
0 0 0 0 0 0 0 0 0 0 0 0 0 0 0 19 0 0 0 0 26 0 0 0 0 0 13 
5    7    217    0.6
0 0 0 0 0 0 0 0 0 0 0 0 0 0 0 0 21 0 0 0 0 22 23 6 0 0 0 
0 0 0 18 0 0 0 0 0 0 0 0 0 0 0 0 0 0 0 0 0 0 0 0 0 0 0 
0 0 0 0 0 8 0 0 0 0 0 0 0 0 5 0 0 0 6 0 0 0 0 0 0 0 0 
0 0 0 0 0 0 0 0 0 0 0 2 0 0 0 0 0 0 0 0 0 0 0 25 0 0 0 
0 0 0 0 0 0 0 0 0 0 0 0 0 0 0 0 0 0 0 0 0 0 22 20 0 0 0 
8    1    350    0.6
0 0 0 0 0 26 0 0 0 0 0 0 0 0 0 10 0 0 0 0 0 0 0 19 7 0 0 
0 0 0 0 0 0 0 0 0 0 0 0 0 0 0 0 0 0 0 0 0 0 10 0 0 0 0 
0 0 0 0 0 0 0 0 0 0 0 0 0 0 0 0 0 0 17 0 0 0 0 0 0 0 0 
0 0 0 0 2 25 0 0 0 0 0 0 25 0 0 0 21 0 0 20 0 0 0 0 0 0 0 
0 0 0 0 0 0 0 0 0 0 0 0 0 0 0 0 0 0 0 0 0 27 0 0 0 0 0 
0 0 0 0 0 0 0 0 0 0 0 0 0 0 0 0 20 0 0 24 0 0 18 16 0 14 0 
12 0 0 0 0 0 0 0 0 0 0 0 0 22 0 0 0 0 0 0 0 0 0 0 0 0 0 
26 0 0 0 0 0 0 0 8 0 0 0 0 0 0 0 0 0 0 0 0 0 0 25 0 0 0 
6    2    243    0.7
0 0 0 0 0 0 0 0 0 0 0 0 10 0 0 0 0 3 0 0 0 0 0 19 0 0 25 
29 0 0 0 0 0 0 0 0 0 0 0 0 0 0 0 4 0 0 0 28 0 27 0 0 0 0 
0 0 0 0 0 0 0 27 0 0 0 0 0 0 0 0 0 22 0 0 0 0 0 0 0 0 0 
0 0 0 0 0 0 0 25 0 0 0 0 0 0 0 0 0 0 0 6 0 0 0 0 0 0 0 
0 0 0 0 0 0 15 0 0 0 0 0 0 0 0 0 0 0 0 0 0 0 0 0 0 0 0 
0 0 0 0 0 16 0 0 0 0 0 0 0 0 0 0 0 0 0 0 0 0 0 0 4 0 0 
7    6    299    0.9
0 0 0 0 0 0 0 0 0 0 0 0 0 0 0 0 0 19 0 0 28 0 11 0 3 0 0 
0 0 0 0 0 0 8 0 0 0 0 0 0 4 0 0 7 0 0 0 0 0 27 18 0 0 0 
0 0 0 0 0 0 0 0 0 11 0 8 0 0 0 0 0 0 0 0 0 0 1 0 2 0 0 
0 0 0 0 0 0 23 0 0 0 0 0 0 0 0 0 0 0 0 0 0 0 0 0 0 0 0 
0 0 0 12 0 0 0 0 0 0 0 0 0 0 4 2 0 0 11 0 0 0 0 5 0 0 0 
0 11 0 0 0 0 0 0 0 0 0 0 0 0 0 0 26 2 0 0 27 0 0 0 0 20 0 
14 0 0 0 0 0 0 0 0 0 0 0 0 0 22 0 0 0 0 0 0 0 0 0 0 0 0 
7    8    301    0.4
0 0 0 0 0 0 0 0 0 0 0 24 0 0 0 0 0 0 0 0 0 0 0 2 0 0 0 
0 0 0 0 0 0 0 12 0 0 0 0 0 0 0 14 0 0 0 0 0 0 26 30 0 0 0 
0 0 0 0 0 0 0 0 0 0 0 0 0 0 0 30 0 0 0 0 0 11 0 0 28 0 0 
0 0 0 0 0 0 2 0 0 0 0 0 0 0 0 0 0 0 0 0 0 0 9 0 0 0 26 
0 0 0 0 0 0 0 0 0 0 0 0 0 0 0 24 0 0 6 0 0 0 0 0 0 0 0 
0 24 0 0 0 0 0 0 0 0 0 0 0 0 0 0 0 0 0 0 0 0 9 0 0 0 0 
0 0 0 0 0 0 0 0 0 0 0 0 0 0 0 0 0 0 0 0 0 0 8 0 0 0 0 
11    8    476    0.2
0 0 0 0 0 0 0 0 0 0 0 0 0 0 0 0 0 0 0 0 0 0 0 11 0 0 0 
0 0 0 0 13 3 0 0 0 0 0 0 0 0 0 0 0 0 0 0 0 20 0 23 25 0 0 
0 0 0 0 0 0 0 0 0 0 0 12 0 0 0 0 0 0 0 0 0 0 0 0 22 0 0 
0 0 0 0 0 0 0 0 0 0 0 0 0 0 0 0 0 0 0 0 0 0 2 0 0 0 0 
0 0 0 0 0 0 0 17 0 0 0 0 0 0 0 0 0 0 0 0 7 0 0 6 0 0 0 
0 0 7 0 0 0 0 6 0 0 0 0 0 0 0 0 3 0 22 0 0 0 0 0 0 0 0 
0 0 0 0 0 0 0 0 0 0 0 0 0 0 0 0 0 0 0 0 0 0 19 0 0 0 28 
0 3 0 0 0 0 0 0 0 0 0 0 0 0 19 27 0 0 0 1 0 2 0 0 0 0 0 
0 0 0 0 0 0 0 0 3 0 0 0 0 0 0 0 0 0 0 10 0 0 0 16 0 0 0 
0 0 0 0 0 0 0 14 0 0 0 0 0 12 0 0 0 0 2 0 0 0 0 21 0 0 0 
0 0 0 0 11 0 0 0 0 0 0 9 0 0 0 0 0 0 0 23 0 0 8 0 0 0 0 
10    7    468    0.7
0 0 0 0 0 0 0 22 0 0 0 0 0 0 0 0 0 0 0 18 0 0 30 0 0 0 15 
0 0 0 0 10 0 0 0 0 0 11 0 0 0 0 0 0 0 12 0 23 0 0 0 0 0 0 
0 0 0 0 0 0 0 22 0 0 0 0 0 0 0 0 0 0 0 0 0 0 0 19 0 0 0 
0 0 0 0 0 15 0 0 0 0 0 0 0 0 0 0 0 0 8 0 0 0 0 0 0 0 0 
0 0 0 0 0 0 0 0 0 0 0 0 0 0 0 23 0 0 0 18 0 0 27 0 11 0 0 
0 0 0 0 0 0 0 0 0 0 0 0 0 0 0 17 0 0 0 22 0 0 0 0 0 0 0 
0 0 0 0 15 0 0 0 0 0 0 0 0 0 0 0 0 0 0 0 2 0 0 0 0 0 0 
0 0 0 0 0 0 0 0 0 0 0 0 0 0 26 17 0 0 13 0 0 0 4 0 0 0 0 
0 0 0 27 0 0 0 0 0 5 0 0 0 0 0 0 0 0 0 24 0 27 0 26 0 0 0 
0 0 0 0 3 0 0 0 0 0 0 0 0 27 0 0 0 0 0 0 0 11 27 0 6 0 0 
14    6    638    0.5
0 0 0 0 0 0 0 0 0 0 0 0 0 0 0 0 0 0 0 0 0 19 8 18 0 25 0 
0 0 3 0 0 0 0 22 0 0 0 0 0 9 0 0 0 0 0 22 0 0 0 0 0 0 0 
0 0 0 0 0 0 0 0 0 0 0 0 0 0 0 0 0 0 0 0 0 0 0 0 0 3 0 
2 0 0 0 0 0 0 0 0 0 23 0 0 0 0 0 0 0 0 0 15 0 0 0 0 0 0 
0 0 0 0 0 0 0 0 0 0 0 0 0 0 0 0 0 0 0 29 0 0 19 0 0 0 0 
0 0 18 0 0 0 0 0 0 0 0 0 0 0 0 0 0 0 0 0 9 0 16 0 0 0 0 
0 0 20 0 0 0 0 0 0 0 0 0 0 0 0 27 0 0 0 0 0 0 0 0 0 0 26 
0 0 0 0 26 0 0 0 0 0 0 0 12 0 0 0 0 0 0 0 0 0 0 17 0 0 0 
0 0 0 0 0 0 0 0 0 0 0 0 0 0 0 0 0 0 0 0 0 0 0 0 10 0 0 
9 0 0 0 0 0 0 0 27 0 0 0 0 0 0 0 0 0 0 0 0 12 1 16 0 0 0 
0 0 0 0 0 0 0 0 0 15 0 0 0 0 0 2 0 0 0 0 18 0 0 23 1 0 0 
0 0 0 0 0 0 0 0 0 0 0 0 0 0 0 0 7 0 0 0 0 0 0 10 0 0 28 
0 0 0 0 0 4 0 0 0 0 0 0 0 0 17 0 0 0 0 0 0 0 0 0 0 0 0 
0 0 0 0 0 0 22 0 0 0 0 0 0 0 0 0 0 0 0 0 0 0 0 0 0 0 0 
15    1    681    0.1
0 0 0 0 0 0 0 0 0 0 0 0 0 0 0 1 0 13 0 0 0 5 0 0 0 0 0 
0 0 0 0 0 0 22 0 0 0 0 0 0 0 0 0 0 12 0 0 0 0 0 0 0 0 0 
0 0 0 0 0 0 0 0 0 0 0 0 2 0 0 0 0 0 0 0 0 0 0 3 0 0 0 
0 0 0 0 0 0 0 0 0 0 0 0 0 0 0 16 0 0 0 0 21 0 0 0 0 0 14 
0 0 0 0 0 0 0 0 0 0 0 0 23 0 0 0 0 0 8 0 0 0 17 0 0 0 0 
0 0 0 0 0 0 0 0 0 0 0 0 0 0 0 11 0 0 0 0 0 0 29 0 0 0 0 
0 0 24 0 0 0 0 0 0 0 0 0 0 0 0 0 18 0 0 0 0 0 0 12 0 0 0 
0 0 0 0 0 0 0 0 0 0 0 0 0 0 0 0 0 0 18 0 0 0 14 27 0 0 0 
0 0 0 0 0 0 0 0 0 0 0 0 0 0 0 0 0 5 0 0 0 0 0 25 0 0 0 
0 0 0 0 0 0 0 0 0 0 0 0 0 0 0 20 0 0 0 0 0 0 0 0 20 0 0 
0 0 0 0 0 0 0 0 0 26 0 0 0 0 0 0 0 0 0 0 0 5 0 0 0 17 0 
0 0 0 15 0 0 0 0 0 0 0 0 0 0 0 0 0 0 0 26 0 14 15 0 0 0 0 
0 0 0 0 0 0 0 0 12 0 0 0 0 0 0 25 0 0 0 0 0 0 0 0 0 0 5 
0 0 0 3 0 0 0 0 0 0 0 0 14 0 0 4 0 0 0 0 0 0 0 0 0 0 0 
0 0 0 0 0 0 0 0 0 0 0 0 0 0 0 0 0 0 0 0 0 0 0 0 20 0 0 
8    8    360    0.5
0 25 0 0 0 0 0 0 0 0 0 0 0 0 0 0 0 0 0 30 0 0 0 6 0 0 0 
0 0 0 0 0 0 0 0 0 0 0 0 0 0 0 0 0 0 0 0 0 0 16 22 0 0 0 
0 0 0 0 0 0 0 15 0 0 0 0 0 0 0 0 0 0 26 0 0 0 0 6 0 0 26 
0 0 0 0 0 7 0 0 0 0 0 0 0 0 0 0 25 0 0 0 0 0 0 0 0 0 0 
0 0 0 0 0 0 0 0 0 0 0 6 0 0 0 0 0 0 0 0 0 22 20 0 0 0 0 
0 0 0 0 0 0 0 0 0 0 0 0 0 0 0 0 0 0 0 0 6 0 0 3 0 0 0 
0 0 0 0 23 0 0 0 0 18 0 0 30 0 0 0 0 0 0 2 0 0 27 0 0 0 0 
0 0 0 0 0 21 0 0 0 0 0 0 0 0 0 0 10 0 2 0 0 0 21 0 0 0 14 
11    3    485    0.3
0 0 0 0 0 0 0 0 4 0 0 0 0 9 0 25 0 25 0 0 0 15 0 0 0 0 0 
0 0 0 0 0 0 0 0 0 4 0 29 0 0 0 0 0 0 0 0 0 0 26 0 0 0 0 
0 3 0 0 0 0 0 27 0 0 0 12 0 0 0 0 0 0 0 0 0 0 0 21 0 0 0 
0 0 0 0 0 0 0 0 0 0 0 0 0 0 0 0 0 0 0 0 0 0 0 0 0 0 14 
0 0 0 0 5 0 0 0 0 0 0 0 0 0 0 0 0 0 0 0 22 0 15 0 0 0 19 
0 0 0 0 0 3 0 0 0 0 0 29 0 0 0 0 0 0 0 0 0 28 23 0 0 8 0 
0 0 0 0 0 0 0 0 0 0 0 0 0 0 0 0 0 0 1 0 0 0 16 0 0 0 0 
0 0 0 0 0 0 0 0 0 0 0 0 0 0 0 0 0 0 0 0 0 0 0 0 0 11 0 
5 0 0 0 0 0 0 0 0 0 0 0 0 0 0 0 0 0 0 0 0 0 0 29 0 0 0 
0 0 0 0 0 0 0 0 0 0 0 0 0 0 0 0 0 4 0 0 1 0 30 4 0 0 0 
0 0 0 0 0 0 22 0 0 0 0 0 0 20 0 0 0 0 0 0 0 19 22 22 0 0 0 
10    8    456    0.6
0 0 0 0 17 0 6 0 0 0 0 0 0 0 0 0 0 0 0 0 0 25 13 5 0 0 0 
0 0 0 0 0 0 0 0 0 0 0 0 0 0 0 0 0 0 7 0 0 0 0 28 0 8 0 
0 0 0 0 0 0 0 0 0 0 0 0 0 0 0 10 0 0 0 0 21 0 20 0 0 26 0 
0 0 0 0 0 0 0 0 0 0 0 0 0 0 0 0 0 0 0 0 19 0 0 0 0 0 0 
0 0 0 0 0 0 0 0 0 0 0 0 0 0 0 0 0 0 30 0 0 9 0 0 0 0 8 
0 16 0 0 0 0 0 0 0 0 0 0 0 0 0 0 0 0 0 0 0 0 18 0 0 0 0 
0 0 0 0 0 0 0 0 0 0 7 0 0 0 0 23 0 0 0 10 0 0 0 0 0 0 0 
0 0 0 16 0 0 0 0 0 4 0 7 0 0 0 0 0 0 0 0 0 0 0 0 0 0 1 
0 0 0 0 0 0 0 0 0 24 0 0 0 21 0 0 0 0 0 0 17 0 15 8 0 0 0 
0 0 0 12 0 0 0 0 0 0 0 0 0 0 10 9 0 0 0 0 0 0 19 0 0 0 0 
