machine1:0,54,34,38,2,60,25,33,58,49,18,29,53,56,55,51,10,13,19,6,21,22,14,45,37,43,28,24,9,15,7,17,44,11,31,40,1,8,36,52,35,
machine2:0,54,34,38,2,60,25,33,58,49,18,29,53,56,55,51,10,13,19,6,21,22,14,45,37,43,28,24,9,15,7,59,26,57,47,27,17,41,5,32,44,12,11,30,31,40,16,20,3,1,50,46,23,48,39,8,4,36,52,35,42,
machine3:0,54,34,38,2,60,25,33,58,49,18,29,53,56,55,51,10,13,19,6,21,22,14,45,43,28,24,59,26,57,47,27,41,5,32,12,30,16,20,3,50,46,23,48,39,4,42,
machine4:0,54,34,38,2,60,25,33,58,49,18,29,53,56,55,51,10,13,19,6,21,22,14,45,37,43,28,24,9,15,7,59,26,57,47,27,17,41,5,32,44,12,11,30,31,40,16,20,3,1,50,46,23,48,39,8,4,36,52,35,42,
machine5:0,37,9,15,7,59,26,57,47,27,17,41,5,32,44,12,11,30,31,40,16,20,3,1,50,46,23,48,39,8,4,36,52,35,42,
machine6:0,54,34,38,2,60,25,33,58,49,18,29,53,56,55,51,10,13,19,6,21,22,14,45,37,43,28,24,9,15,7,59,26,57,47,27,17,41,5,32,44,12,11,30,31,40,16,20,3,1,50,46,23,48,39,8,4,36,52,35,42,

1to 1:
1to 2:35,53,59,3,9,19,34,56,49,17,15,57,4,40,18,51,58,13,
1to 3:23,38,47,36,2,43,33,11,46,21,28,22,29,45,24,
2to 1:55,33,27,1,54,39,29,22,21,30,31,43,8,60,45,26,52,12,7,28,24,
2to 2:
2to 3:37,32,56,20,44,6,4,41,19,25,49,14,51,40,50,48,10,13,5,35,42,16,
3to 1:37,32,20,34,44,6,57,41,9,59,25,15,14,18,53,50,48,17,58,10,5,3,42,16,
3to 2:55,23,27,1,54,39,46,38,11,47,30,31,2,8,36,60,26,52,12,7,
3to 3:

cell1:3,2,
cell2:3,1,
cell3:2,1,
