machine1:0,4,82,14,31,107,104,8,91,2,60,69,15,25,7,37,30,53,46,109,42,57,16,1,61,21,75,59,86,18,77,36,3,52,66,94,38,101,12,62,84,32,74,89,24,5,11,51,44,54,29,106,56,80,27,28,92,83,6,99,88,65,20,102,71,26,100,
machine2:0,4,82,14,39,31,107,41,68,104,95,17,8,40,91,22,2,72,50,98,60,69,87,15,25,63,7,49,37,30,53,46,109,108,55,90,42,64,57,73,47,16,1,58,61,21,110,76,75,59,34,86,18,77,103,36,3,33,19,52,66,94,38,78,101,12,62,84,93,32,74,23,89,43,24,35,5,67,11,51,44,54,29,106,56,96,80,27,28,79,92,83,70,81,13,45,9,6,99,48,105,88,65,20,10,102,85,71,26,97,100,
machine3:0,4,82,14,39,41,8,98,69,87,63,49,37,46,16,58,61,21,110,18,77,36,33,19,52,66,38,78,101,93,32,23,89,24,5,44,54,29,106,96,27,28,83,70,81,45,6,99,65,85,26,97,
machine4:0,4,82,14,39,41,104,17,8,91,22,2,72,50,98,69,87,15,25,63,7,49,37,30,46,108,64,73,47,16,58,61,21,110,59,34,18,77,36,3,33,19,52,66,94,38,78,101,84,93,32,23,89,24,35,5,67,11,51,44,54,29,106,56,96,80,27,28,92,83,70,81,45,9,6,99,65,102,85,26,97,100,
machine5:0,4,82,31,107,41,68,95,17,8,40,91,22,2,72,50,98,60,69,87,15,63,7,49,37,53,46,109,108,55,90,42,64,57,73,47,16,1,61,21,110,76,59,86,18,103,36,3,33,19,66,94,38,78,101,12,62,84,93,32,74,23,89,43,24,35,5,67,11,51,44,54,29,106,56,96,80,27,79,92,83,70,81,13,45,9,6,99,48,105,88,65,20,10,102,85,71,26,97,100,
machine6:0,82,107,41,68,17,8,91,22,2,72,50,98,60,69,87,15,63,7,37,53,46,108,55,42,47,16,1,61,21,76,18,19,66,78,84,93,32,74,89,43,24,35,5,67,11,51,54,29,56,96,80,27,79,92,83,70,81,13,45,9,6,99,48,105,88,65,20,10,102,85,71,26,97,100,
machine7:0,41,68,17,91,22,2,98,87,63,7,53,108,1,19,78,32,89,24,5,67,11,51,56,80,27,79,81,13,45,9,48,88,10,102,85,71,26,97,100,
machine8:0,14,107,41,68,104,8,40,22,2,72,87,63,37,30,46,108,55,42,57,73,1,58,61,21,110,75,103,36,33,19,78,101,12,62,84,93,74,23,89,43,35,5,67,11,51,44,54,29,96,80,28,79,81,45,99,105,65,10,85,26,
machine9:0,4,82,14,31,107,41,68,104,95,17,8,40,22,2,72,50,98,69,87,15,25,63,7,49,37,30,53,46,108,55,90,42,57,73,47,1,58,61,21,110,76,75,59,34,86,18,103,36,3,33,19,66,94,78,101,12,62,84,93,32,74,23,89,43,24,35,5,67,11,51,44,54,29,56,96,80,27,28,79,83,81,45,99,105,88,65,10,85,71,26,97,
machine10:0,4,82,14,39,31,107,41,68,104,95,17,8,40,91,22,2,72,50,98,60,69,87,15,25,63,7,49,37,30,53,46,109,108,55,90,42,64,57,21,34,33,78,101,84,74,24,35,11,51,56,80,79,92,83,81,99,85,97,
machine11:0,4,82,14,39,31,107,41,68,104,95,17,8,40,91,22,2,72,50,98,60,69,87,15,25,63,7,49,37,30,53,46,109,108,55,90,42,64,57,73,47,16,1,58,21,110,76,75,59,34,86,77,103,33,52,66,94,38,78,101,62,84,74,23,89,24,35,67,11,51,29,106,56,80,27,28,79,92,83,70,81,13,6,99,48,88,65,20,102,85,71,26,97,100,

1to 1:
1to 2:3,104,80,47,67,39,87,4,7,93,9,5,101,78,54,35,72,
1to 3:12,83,92,32,89,110,103,23,17,43,8,20,105,40,84,59,108,13,37,64,22,26,109,
1to 4:19,44,14,88,28,74,71,90,45,65,30,10,95,2,97,36,96,1,
1to 5:91,94,68,86,75,55,51,99,33,46,25,29,107,70,62,50,15,24,31,82,60,73,85,38,69,53,102,100,
2to 1:64,100,37,16,23,102,25,92,45,36,6,38,49,66,110,83,46,84,91,22,85,14,15,8,56,82,63,65,81,
2to 2:
2to 3:70,9,2,96,94,97,54,33,21,24,78,29,51,41,
2to 4:73,101,50,18,59,3,72,69,61,108,
2to 5:39,58,34,77,52,104,106,4,67,11,26,98,87,27,
3to 1:95,60,57,18,42,106,79,55,94,44,69,4,1,35,80,87,
3to 2:32,73,6,19,61,91,
3to 3:
3to 4:31,12,76,40,103,62,68,107,66,53,110,93,83,54,33,17,5,21,11,15,98,82,27,78,29,63,51,99,81,
3to 5:90,13,64,48,101,37,16,2,59,49,47,108,89,22,8,56,41,7,
4to 1:34,105,43,61,29,59,86,26,50,89,107,75,11,31,73,5,32,104,68,93,
4to 2:81,97,41,56,24,98,27,8,99,58,96,82,2,44,
4to 3:4,65,18,74,7,35,67,49,88,45,90,46,36,85,79,47,3,10,19,
4to 4:
4to 5:84,95,30,1,76,42,21,72,80,63,28,14,110,23,57,66,40,71,17,
5to 1:77,103,76,101,7,74,109,47,58,78,21,98,20,52,48,88,27,41,97,
5to 2:17,65,63,16,51,83,28,49,23,84,33,108,92,70,69,66,30,89,
5to 3:6,71,81,86,62,38,15,106,72,53,102,50,42,80,57,99,11,100,
5to 4:25,67,26,35,56,79,55,85,87,46,37,22,94,34,24,
5to 5:

cell1:2,3,5,4,
cell2:4,5,1,3,
cell3:2,1,5,4,
cell4:2,5,3,1,
cell5:2,4,3,1,
