machine1:0,23,21,10,11,9,20,16,26,34,6,4,25,3,35,17,32,15,
machine2:0,23,21,10,19,11,2,9,20,16,26,27,34,6,4,25,3,28,35,30,17,32,7,13,8,18,1,15,
machine3:0,23,21,10,11,9,20,16,26,27,34,6,4,25,3,28,35,17,32,13,8,1,15,
machine4:0,23,21,24,10,22,19,31,33,11,2,9,20,16,12,26,5,27,34,6,4,14,25,3,28,35,30,17,32,7,29,13,8,18,1,15,
machine5:0,23,21,10,19,33,11,2,9,20,16,26,5,27,34,6,4,14,25,3,28,35,30,17,32,7,29,13,8,18,1,15,
machine6:0,23,10,11,9,20,26,6,25,17,
machine7:0,23,21,11,2,20,26,5,27,6,4,25,3,29,18,15,
machine8:0,23,21,24,10,19,11,2,20,16,26,5,27,34,6,4,25,3,28,35,30,29,13,8,18,15,
machine9:0,23,21,10,19,11,2,20,16,26,5,27,34,6,4,25,3,28,35,30,29,13,18,15,
machine10:0,23,21,24,10,22,19,31,33,11,2,9,20,16,12,26,5,27,34,6,4,25,3,28,35,30,17,32,29,13,8,18,1,15,
machine11:0,23,21,24,10,22,19,11,2,20,16,12,26,5,27,34,6,4,25,3,28,35,30,17,32,29,13,8,18,15,
machine12:0,23,21,2,20,26,27,6,4,3,29,15,
machine13:0,23,21,10,22,9,20,26,25,35,17,13,
machine14:0,23,21,24,10,22,33,9,20,16,26,5,27,25,28,35,30,17,7,29,13,8,
machine15:0,23,21,10,22,9,20,16,26,5,25,35,17,7,29,13,8,
machine16:0,23,21,24,10,22,31,33,11,2,9,20,16,26,5,27,34,6,4,14,25,28,35,30,17,7,29,13,8,18,15,
machine17:0,23,21,24,10,22,33,11,2,9,20,16,26,5,27,14,25,28,35,30,17,7,29,13,8,18,15,
machine18:0,23,21,10,20,35,
machine19:0,21,10,11,2,20,16,26,27,6,4,25,28,35,17,7,29,15,
machine20:0,23,21,24,10,11,2,20,16,26,5,27,6,4,25,28,35,17,32,7,29,15,
machine21:0,23,21,24,10,11,2,20,16,26,5,27,6,4,25,28,35,17,7,29,15,
machine22:0,23,21,24,10,11,2,9,20,16,12,26,5,27,34,6,4,14,25,3,28,35,30,17,32,7,29,8,18,1,15,
machine23:0,23,21,24,10,11,2,20,16,26,5,27,34,6,4,25,28,35,17,32,7,29,8,15,
machine24:0,21,2,16,4,7,15,
machine25:0,23,21,10,19,33,11,9,20,16,27,25,3,35,7,29,8,
machine26:0,23,21,10,19,33,11,2,9,20,16,26,27,6,25,3,35,7,29,8,18,15,
machine27:0,23,21,10,19,33,11,9,20,16,27,6,25,3,35,7,29,8,15,
machine28:0,23,21,10,19,31,33,11,2,9,20,16,12,26,5,27,6,4,25,3,28,35,30,17,32,7,29,13,8,18,1,15,
machine29:0,23,21,10,19,31,33,11,2,9,20,16,26,5,27,6,4,25,3,28,35,7,29,8,18,15,
machine30:0,21,10,19,9,20,16,25,3,35,7,29,

1to 1:
1to 2:12,34,33,5,10,21,26,35,
1to 3:6,8,
1to 4:1,9,2,11,4,17,16,
1to 5:19,3,13,7,29,28,25,27,23,20,
2to 1:16,6,18,32,11,29,31,
2to 2:
2to 3:27,17,15,13,28,22,24,33,
2to 4:21,8,23,10,30,
2to 5:26,4,9,
3to 1:7,14,5,13,22,
3to 2:4,30,20,18,29,
3to 3:
3to 4:35,26,25,34,24,6,28,
3to 5:17,31,15,16,2,
4to 1:12,34,30,24,3,8,15,25,27,26,23,
4to 2:32,1,9,17,
4to 3:14,18,5,29,2,4,16,20,
4to 4:
4to 5:6,11,10,21,35,
5to 1:1,33,35,
5to 2:2,3,8,19,25,27,28,31,
5to 3:9,10,11,21,23,30,
5to 4:5,7,12,15,18,20,32,
5to 5:

cell1:3,2,4,5,
cell2:4,5,1,3,
cell3:2,1,4,5,
cell4:2,1,3,5,
cell5:3,2,1,4,
