machine1:0,16,14,1,27,9,3,28,17,29,20,10,12,19,15,8,24,4,30,2,11,13,21,
machine2:0,16,14,1,27,9,3,28,17,10,12,19,24,4,2,11,13,21,
machine3:0,7,16,14,23,25,26,1,22,27,9,6,3,28,5,18,17,29,20,10,12,19,15,8,24,4,30,2,11,13,21,
machine4:0,16,9,3,28,17,19,24,4,11,13,21,
machine5:0,7,16,23,25,26,1,22,27,9,6,3,28,18,17,10,15,8,24,30,11,13,21,
machine6:0,7,16,23,25,26,1,27,9,3,28,17,10,15,8,30,11,13,21,
machine7:0,7,16,14,23,25,26,1,22,27,9,6,3,28,18,17,29,10,12,19,15,8,24,30,11,13,21,
machine8:0,7,26,1,3,28,15,8,30,11,13,21,
machine9:0,7,14,23,25,26,1,22,27,9,3,28,5,18,17,10,12,19,8,24,2,11,13,21,
machine10:0,25,26,1,27,9,3,28,5,18,17,10,19,11,13,21,
machine11:0,7,14,23,25,26,1,22,27,9,3,28,5,18,17,10,12,19,8,24,4,30,2,11,13,21,
machine12:0,26,1,9,3,28,18,17,10,19,13,21,
machine13:0,7,16,14,23,26,1,22,27,9,6,3,28,17,29,20,10,12,19,8,24,4,30,2,11,13,21,
machine14:0,7,16,14,23,26,1,27,9,3,17,10,19,8,24,30,2,11,21,
machine15:0,7,16,14,23,25,26,1,22,27,9,6,3,28,5,18,17,29,20,10,12,19,15,8,24,4,30,2,11,13,21,
machine16:0,16,14,23,27,17,10,8,30,2,11,
machine17:0,7,16,23,26,1,22,9,3,28,17,12,19,8,24,30,2,11,13,21,
machine18:0,7,23,26,1,9,3,8,24,2,11,13,21,
machine19:0,7,16,14,23,25,26,1,22,27,9,6,3,28,5,18,17,20,10,12,19,15,8,24,4,30,2,11,13,21,
machine20:0,23,1,9,3,2,13,21,

1to 1:
1to 2:26,27,28,23,1,3,
1to 3:22,12,24,2,17,
1to 4:20,18,16,14,19,7,8,30,
1to 5:6,25,10,9,
2to 1:22,12,10,17,11,30,
2to 2:
2to 3:18,27,9,1,
2to 4:29,6,26,28,13,3,
2to 5:15,24,19,8,21,
3to 1:4,26,18,7,
3to 2:13,19,21,
3to 3:
3to 4:25,5,12,11,
3to 5:23,2,14,
4to 1:5,27,1,21,29,13,23,9,24,25,
4to 2:22,16,11,17,15,
4to 3:10,8,30,28,3,14,
4to 4:
4to 5:12,20,7,26,4,
5to 1:15,16,28,19,8,3,
5to 2:6,18,25,14,7,30,9,
5to 3:5,4,11,13,
5to 4:22,27,10,24,2,17,23,1,21,
5to 5:

cell1:3,5,4,2,
cell2:1,4,3,5,
cell3:4,1,5,2,
cell4:2,3,1,5,
cell5:3,2,1,4,
