machine1:0,21,4,13,11,15,24,29,17,10,28,3,9,1,19,12,20,27,8,30,2,14,16,
machine2:0,21,4,13,11,24,17,10,28,3,9,1,19,12,27,2,14,16,
machine3:0,21,4,13,11,26,15,24,29,17,18,5,10,28,3,22,9,1,19,12,20,6,27,8,30,25,7,2,14,16,23,
machine4:0,21,4,13,11,24,17,28,3,9,19,16,
machine5:0,21,13,11,26,15,24,17,18,10,28,3,22,9,1,6,27,8,30,25,7,16,23,
machine6:0,21,13,11,26,15,17,10,28,3,9,1,27,8,30,25,7,16,23,
machine7:0,21,13,11,26,15,24,29,17,18,10,28,3,22,9,1,19,12,6,27,8,30,25,7,14,16,23,
machine8:0,21,13,11,26,15,28,3,1,8,30,7,
machine9:0,21,13,11,26,24,17,18,5,10,28,3,22,9,1,19,12,27,8,25,7,2,14,23,
machine10:0,21,13,11,26,17,18,5,10,28,3,9,1,19,27,25,
machine11:0,21,4,13,11,26,24,17,18,5,10,28,3,22,9,1,19,12,27,8,30,25,7,2,14,23,
machine12:0,21,13,26,17,18,10,28,3,9,1,19,
machine13:0,21,4,13,11,26,24,29,17,10,28,3,22,9,1,19,12,20,6,27,8,30,7,2,14,16,23,
machine14:0,21,11,26,24,17,10,3,9,1,19,27,8,30,7,2,14,16,23,
machine15:0,21,4,13,11,26,15,24,29,17,18,5,10,28,3,22,9,1,19,12,20,6,27,8,30,25,7,2,14,16,23,
machine16:0,11,17,10,27,8,30,2,14,16,23,
machine17:0,21,13,11,26,24,17,28,3,22,9,1,19,12,8,30,7,2,16,23,
machine18:0,21,13,11,26,24,3,9,1,8,7,2,23,
machine19:0,21,4,13,11,26,15,24,17,18,5,10,28,3,22,9,1,19,12,20,6,27,8,30,25,7,2,14,16,23,
machine20:0,21,13,3,9,1,2,23,

1to 1:
1to 2:26,27,28,23,1,3,
1to 3:22,12,24,2,17,
1to 4:20,18,16,14,19,7,8,30,
1to 5:6,25,10,9,
2to 1:22,12,10,17,11,30,
2to 2:
2to 3:18,27,9,1,
2to 4:29,6,26,28,13,3,
2to 5:15,24,19,8,21,
3to 1:4,18,26,7,
3to 2:19,13,21,
3to 3:
3to 4:5,12,25,11,
3to 5:14,2,23,
4to 1:29,5,25,27,24,13,23,9,1,21,
4to 2:22,15,16,17,11,
4to 3:28,10,14,8,30,3,
4to 4:
4to 5:20,4,12,26,7,
5to 1:28,8,16,3,19,15,
5to 2:6,18,7,9,14,25,30,
5to 3:5,11,4,13,
5to 4:27,23,22,10,17,24,2,21,1,
5to 5:

cell1:3,5,4,2,
cell2:1,4,3,5,
cell3:4,1,5,2,
cell4:5,2,1,3,
cell5:2,4,3,1,
