machine1:0,53,69,40,7,52,49,46,25,66,51,2,30,67,55,22,5,9,48,17,38,43,20,18,68,27,33,45,19,58,11,41,63,4,24,23,34,47,1,36,13,10,15,32,
machine2:0,39,53,69,7,49,46,25,51,2,26,37,67,55,61,8,31,21,9,48,38,70,43,16,20,18,68,60,45,19,58,44,41,54,63,29,4,50,62,24,23,34,36,13,10,15,32,65,14,
machine3:0,39,42,69,40,7,56,52,49,46,25,66,26,30,59,37,67,55,64,8,31,21,35,48,17,70,43,16,18,12,68,33,45,19,11,41,54,29,50,62,24,36,32,65,14,
machine4:0,39,42,69,40,7,52,49,66,51,2,26,30,37,55,5,64,8,31,9,35,38,70,20,18,12,68,27,33,45,58,44,11,41,54,63,3,1,36,10,15,32,6,65,
machine5:0,42,40,7,56,52,49,25,2,59,67,55,5,64,8,31,21,48,17,38,70,43,16,20,12,68,27,33,45,19,58,28,63,29,3,4,50,62,34,47,36,13,6,65,14,
machine6:0,42,40,7,56,52,49,25,51,2,26,67,55,61,64,8,21,48,43,16,18,27,60,33,45,19,44,54,63,29,62,57,1,36,13,10,15,32,65,14,
machine7:0,39,53,69,40,7,52,49,66,51,2,26,30,59,67,55,61,64,8,31,21,9,48,17,38,16,20,18,12,27,33,45,19,58,11,28,54,63,29,34,47,15,32,65,
machine8:0,39,42,53,69,40,52,49,46,25,51,2,55,5,31,21,9,17,38,70,16,20,27,33,45,58,29,4,57,23,34,1,36,13,
machine9:0,39,42,53,40,7,56,52,49,25,66,2,26,59,37,67,55,64,8,31,21,48,38,70,20,12,60,33,19,58,44,11,28,41,54,63,29,3,50,24,23,1,36,10,15,6,
machine10:0,39,53,69,56,52,49,25,66,51,2,59,37,67,55,22,61,9,35,48,43,12,27,60,45,44,11,29,4,24,34,36,13,6,14,
machine11:0,39,7,56,52,49,25,66,51,26,30,59,67,55,22,5,64,8,31,21,9,17,38,70,43,16,18,27,58,44,11,41,4,62,34,13,10,32,65,14,
machine12:0,39,42,53,69,40,7,56,52,49,46,25,66,51,2,26,30,59,37,67,55,22,5,61,64,8,31,21,9,35,48,17,38,70,16,20,18,12,27,60,33,19,58,28,41,54,63,29,3,4,50,24,23,34,47,36,13,10,32,6,65,14,
machine13:0,39,42,53,69,40,52,49,46,25,51,2,26,30,59,37,67,55,5,61,8,31,21,9,35,48,17,38,70,43,16,20,18,12,68,27,60,33,45,19,58,44,11,41,63,29,3,50,62,24,57,23,34,47,1,36,13,10,15,32,6,65,14,
machine14:0,39,42,53,69,40,7,56,52,49,46,25,66,51,2,26,30,59,37,55,22,5,61,64,8,31,21,9,35,48,17,70,43,16,20,18,12,68,27,60,33,45,19,44,11,28,41,54,63,29,3,4,50,62,24,34,47,1,36,13,15,32,6,65,14,
machine15:0,39,42,53,69,40,7,56,52,49,46,25,66,51,2,26,30,59,37,67,55,5,61,64,8,31,9,35,48,17,38,70,43,16,20,12,68,27,60,33,45,19,58,44,28,41,54,63,29,3,4,50,62,24,57,23,34,47,1,36,13,10,32,6,65,14,
machine16:0,39,42,53,69,7,56,52,49,66,51,2,26,30,59,37,67,55,22,61,8,31,21,9,35,48,17,38,70,43,16,20,18,12,68,27,33,45,19,58,44,11,28,41,54,29,4,24,23,34,47,1,10,15,32,65,
machine17:0,39,42,53,69,40,7,52,49,46,25,66,2,26,30,37,67,55,5,61,64,8,31,21,9,35,48,17,38,70,43,16,20,18,12,68,27,60,33,19,58,11,41,63,29,3,50,62,24,57,23,34,47,1,13,10,15,32,6,14,
machine18:0,39,42,53,40,56,52,49,46,25,66,51,2,30,59,37,67,55,22,5,61,8,31,21,48,17,38,70,43,16,20,18,12,27,60,33,45,19,58,44,41,54,63,29,3,4,50,62,24,57,23,47,1,13,10,32,6,65,14,
machine19:0,39,42,53,69,40,7,56,52,49,46,25,66,51,2,26,30,59,37,67,55,22,5,61,64,8,31,21,9,35,48,17,38,70,43,16,20,18,12,68,27,60,33,45,19,58,44,11,28,41,54,63,29,3,4,50,62,24,57,23,34,47,1,36,13,10,15,32,6,65,14,
machine20:0,39,42,53,69,40,7,56,52,49,46,25,66,51,2,26,30,59,37,67,55,22,5,61,64,8,31,21,9,35,48,17,38,70,43,16,20,18,12,68,27,60,33,45,19,58,44,11,28,41,54,63,29,3,4,50,62,24,57,23,34,47,1,36,13,10,15,32,6,65,14,

1to 1:
1to 2:1,4,10,14,15,18,20,23,24,27,31,34,37,38,41,42,44,51,53,54,56,59,62,64,66,70,2,5,7,12,13,16,17,21,22,25,26,32,33,36,43,45,48,49,52,55,58,65,67,19,11,63,6,
1to 3:1,3,4,5,6,7,10,14,15,16,20,22,23,26,29,32,34,37,38,39,46,48,50,51,54,56,58,59,62,65,66,67,68,2,12,18,19,21,24,25,27,31,33,36,40,41,42,43,49,52,53,55,64,69,70,63,11,28,35,
1to 4:1,2,4,5,6,7,12,13,15,17,18,20,22,23,25,30,33,34,36,38,39,40,46,47,50,58,59,61,62,67,68,69,70,8,9,14,16,21,24,27,29,31,32,41,42,43,44,45,48,49,51,52,53,55,64,65,66,19,63,54,11,35,
1to 5:1,4,5,7,8,9,10,11,13,14,17,18,21,23,30,31,33,34,38,39,40,42,47,49,50,53,55,56,59,61,62,63,68,69,2,3,12,16,19,20,24,25,27,32,37,41,43,44,45,46,48,52,58,60,64,65,66,67,70,6,22,54,
1to 6:1,4,5,8,13,15,17,20,21,23,25,27,32,33,34,38,44,45,49,58,59,62,64,67,68,70,2,7,9,14,16,18,19,24,29,31,36,37,40,41,42,43,46,48,50,51,52,53,55,60,65,66,69,26,22,35,11,28,
1to 7:4,5,7,8,12,14,15,18,19,21,23,29,30,33,34,38,39,42,47,49,50,54,55,58,59,61,62,68,1,2,9,13,16,17,20,22,24,25,26,27,32,36,37,40,41,45,46,48,51,52,53,63,65,66,67,69,70,60,56,11,35,
2to 1:1,3,5,6,8,9,10,13,14,17,18,23,24,25,26,28,29,30,32,35,37,38,40,41,43,45,46,51,54,58,61,62,63,64,66,67,69,2,7,11,12,16,19,20,21,27,31,33,34,36,39,48,49,50,52,55,59,65,70,15,4,
2to 2:
2to 3:1,5,6,9,10,11,12,13,18,19,20,23,24,25,28,29,31,33,37,40,41,43,44,45,46,47,53,54,55,56,57,58,62,63,64,65,66,69,70,2,7,14,15,16,17,21,26,27,32,34,36,38,39,42,48,49,51,52,67,4,59,
2to 4:2,3,6,7,8,9,11,12,14,17,18,19,20,21,22,23,24,25,26,28,29,30,31,33,37,38,41,42,44,45,46,48,54,55,56,58,60,61,62,63,64,65,69,15,16,27,32,34,39,40,49,50,51,52,53,59,66,67,70,13,4,
2to 5:1,3,6,8,9,18,23,24,25,26,28,29,30,31,32,33,37,40,41,42,43,44,45,48,51,52,53,54,55,56,57,58,59,61,63,64,65,66,67,69,70,2,5,7,13,14,16,17,19,20,21,27,34,38,39,49,50,4,15,10,11,
2to 6:1,2,9,10,11,14,17,18,19,22,23,24,26,27,28,29,31,34,35,37,40,41,42,44,45,46,48,51,52,55,57,58,61,62,63,64,67,69,5,7,16,20,21,25,33,36,38,39,49,50,53,65,66,70,59,60,4,15,13,
2to 7:1,6,8,9,10,11,13,15,16,18,19,23,24,25,28,30,31,33,35,36,37,39,41,42,45,46,48,54,56,58,61,63,67,69,70,2,5,7,12,17,20,21,26,27,29,34,44,49,50,51,52,53,55,65,66,32,4,59,
3to 1:1,4,5,6,7,10,11,12,16,19,20,21,28,29,30,34,38,41,45,46,47,50,52,53,55,59,60,62,63,65,68,69,2,14,17,18,24,25,26,27,31,32,36,37,40,42,43,44,48,49,51,58,64,67,70,22,13,3,
3to 2:1,4,5,9,10,12,13,15,16,18,19,20,21,24,25,30,32,33,35,38,41,43,44,45,47,48,52,56,58,59,61,62,63,65,70,2,7,14,17,26,27,29,31,36,37,39,40,49,51,53,55,64,67,69,34,
3to 3:
3to 4:1,4,5,6,7,9,12,13,15,16,19,20,23,24,25,33,34,35,38,39,44,45,53,54,56,57,58,59,67,2,8,14,17,18,26,27,29,30,31,32,36,37,40,41,42,43,46,47,48,49,50,51,52,55,61,64,69,63,3,62,
3to 5:1,4,6,9,10,11,12,13,15,16,19,20,21,23,24,25,30,32,33,34,35,41,46,49,50,52,54,57,58,59,61,63,68,70,2,7,8,14,17,18,26,27,29,37,38,39,40,42,43,45,48,51,53,55,64,67,69,47,62,3,
3to 6:1,2,4,5,6,10,12,13,15,16,18,19,20,21,22,23,24,26,27,29,34,35,41,46,47,50,51,52,53,57,59,60,61,62,64,65,67,70,7,9,14,25,31,36,37,38,39,40,42,43,44,45,48,49,55,69,68,63,
3to 7:3,4,5,6,7,9,10,12,15,16,19,20,21,23,24,29,30,33,35,40,44,50,56,58,62,63,65,67,68,2,8,14,17,18,25,26,27,31,36,37,38,39,41,42,43,45,46,48,49,51,52,53,61,64,66,69,70,47,
4to 1:1,2,3,7,8,9,12,13,15,16,17,22,24,29,30,32,33,36,37,38,39,41,43,47,48,56,58,59,62,65,67,68,5,14,18,19,20,21,25,26,27,31,34,42,45,46,49,51,52,53,55,61,64,66,69,70,11,63,23,6,28,
4to 2:1,2,8,10,12,13,14,17,18,19,24,25,26,28,29,30,32,33,34,36,38,43,44,57,58,61,62,65,67,69,5,7,9,15,16,20,21,27,31,37,39,40,42,45,49,50,51,52,53,55,64,66,70,59,63,4,23,35,56,
4to 3:2,3,6,8,9,10,12,13,15,16,18,20,21,22,23,24,27,28,32,33,35,39,41,45,46,47,48,62,63,65,67,68,69,5,7,14,19,25,26,29,30,31,34,37,38,40,42,44,49,50,51,52,53,55,61,64,70,60,56,4,59,57,
4to 4:
4to 5:1,2,3,4,5,6,7,9,10,11,12,13,16,17,22,24,28,29,32,33,34,38,39,41,43,44,46,47,48,52,58,62,64,65,68,8,14,18,19,20,21,25,26,27,30,31,37,40,42,45,49,50,51,53,55,59,61,66,67,69,70,60,15,63,57,23,56,35,
4to 6:1,2,8,12,13,17,18,24,27,28,29,32,33,34,35,36,38,40,43,44,45,46,47,48,50,53,56,58,60,61,62,63,65,67,69,5,7,9,14,15,16,20,21,23,25,30,31,37,39,42,49,51,52,55,64,66,26,19,59,57,4,6,
4to 7:1,2,4,5,6,7,9,12,17,20,22,24,27,28,29,31,33,34,36,38,43,44,45,46,47,48,52,53,54,55,58,62,63,64,65,68,69,8,14,16,19,21,25,30,37,39,40,41,42,49,50,51,60,61,66,67,70,59,11,23,15,57,35,
5to 1:3,6,7,11,13,14,15,17,19,20,22,23,25,26,28,29,30,32,34,35,38,40,42,43,46,47,48,49,51,52,58,59,61,63,65,69,70,2,5,8,9,10,12,16,18,21,24,27,31,33,37,41,45,50,55,60,66,67,1,62,68,
5to 2:1,3,4,5,7,11,13,14,15,17,19,20,23,24,25,26,29,32,33,35,37,38,40,43,47,48,51,52,53,56,58,60,61,63,64,65,66,69,70,2,10,12,16,18,21,27,31,34,39,42,45,49,55,67,59,57,62,
5to 3:1,2,4,6,7,8,11,12,14,15,16,19,20,21,22,23,25,26,29,32,33,34,35,38,40,41,42,44,45,48,50,51,52,53,55,56,57,58,59,61,62,63,64,65,66,69,70,5,9,17,18,24,27,31,37,39,43,49,67,10,47,3,
5to 4:1,2,3,6,7,8,9,10,11,14,15,17,19,20,21,22,23,24,25,26,27,29,30,32,34,35,38,40,41,42,43,44,46,47,48,50,51,52,53,54,56,58,59,60,63,64,65,69,70,5,12,16,18,31,33,37,39,45,55,61,66,67,62,68,57,
5to 5:
5to 6:1,2,3,4,5,6,7,8,9,11,14,15,17,19,20,23,25,26,29,33,35,38,39,40,41,43,47,48,50,51,52,53,57,59,63,64,65,68,69,70,12,16,18,21,22,24,27,30,31,34,37,42,45,49,55,58,60,61,66,67,62,10,
5to 7:1,5,7,9,11,12,14,15,19,20,21,22,23,24,25,26,29,31,32,34,35,37,38,40,41,43,47,48,49,50,51,52,53,63,65,69,70,2,8,16,17,18,27,33,39,42,45,55,58,59,61,66,67,68,10,54,62,
6to 1:1,2,3,4,5,7,8,10,11,12,13,15,16,18,19,20,21,23,26,27,31,33,36,37,38,39,40,42,44,45,47,48,49,51,52,55,56,58,59,61,62,64,65,67,69,9,14,24,25,29,41,43,46,53,70,22,68,
6to 2:1,4,5,6,7,8,10,13,15,16,17,18,19,20,23,25,27,28,29,31,33,34,35,36,37,39,40,42,43,45,48,49,51,55,56,58,59,61,62,64,65,66,67,69,2,9,14,21,24,26,30,38,44,52,53,70,60,
6to 3:2,4,5,7,9,10,12,13,15,16,17,18,19,20,21,23,25,26,27,28,29,31,33,34,35,36,37,38,40,42,45,48,49,50,52,53,56,59,60,61,62,65,67,68,69,14,22,24,30,39,41,44,46,51,55,66,70,1,
6to 4:2,3,4,5,12,13,15,18,19,20,21,23,26,27,28,30,31,33,34,35,36,37,39,42,43,44,45,47,48,49,51,52,56,57,58,59,60,62,63,64,65,66,67,68,69,7,9,14,16,22,24,25,29,40,41,46,53,55,61,70,
6to 5:2,3,5,6,7,8,10,11,12,13,15,18,19,20,23,26,27,28,31,33,35,37,40,42,43,44,45,47,48,50,51,52,56,60,62,65,67,69,1,9,14,16,21,22,24,25,29,30,38,39,41,53,55,58,61,66,70,68,
6to 6:
6to 7:2,5,7,8,10,12,14,15,17,18,19,20,21,23,25,26,27,28,31,35,36,37,40,42,45,46,47,48,49,50,51,52,55,56,59,60,62,65,66,67,69,70,1,9,16,24,29,30,38,39,41,44,53,58,61,22,68,
7to 1:1,3,4,5,6,7,8,9,12,14,15,16,18,19,20,21,22,23,24,25,26,28,29,30,31,32,34,36,37,39,45,46,47,48,49,50,51,52,53,54,60,62,63,65,66,67,70,2,17,27,33,40,41,42,43,55,58,59,69,68,11,35,
7to 2:2,5,7,9,12,13,15,16,18,19,21,23,24,25,26,29,31,32,35,36,37,38,39,40,42,44,45,48,51,52,54,57,58,60,62,63,64,67,70,1,8,14,17,20,27,33,41,43,49,53,55,59,61,65,66,69,4,11,
7to 3:1,2,4,5,6,7,8,13,14,15,16,18,19,21,22,23,24,25,26,27,29,31,32,34,37,38,39,46,47,49,50,51,52,54,59,62,63,64,65,66,67,70,17,20,33,36,40,41,42,44,45,48,53,58,61,69,68,35,
7to 4:1,2,3,4,5,6,7,9,12,13,15,16,17,18,19,20,22,23,24,25,26,27,29,30,31,32,34,38,44,45,46,47,48,49,50,51,52,54,60,61,62,63,64,66,67,68,8,14,33,37,39,40,41,42,43,53,55,58,59,65,69,11,56,35,
7to 5:2,3,4,5,6,8,10,12,14,15,16,19,20,21,22,23,24,25,26,30,31,34,38,39,45,47,48,50,51,52,54,55,58,61,62,64,66,67,70,9,17,18,27,33,37,40,41,42,53,59,65,68,69,1,35,
7to 6:2,4,5,12,13,15,16,18,19,21,22,23,24,25,26,31,34,37,38,39,40,41,44,45,47,48,49,50,51,52,54,60,62,63,64,65,66,67,69,1,7,8,9,14,17,20,27,29,33,36,42,53,55,58,59,61,56,35,
7to 7:

cell1:5,2,3,7,6,4,
cell2:4,7,1,3,6,5,
cell3:2,7,4,5,1,6,
cell4:3,7,5,6,1,2,
cell5:1,6,3,4,7,2,
cell6:4,2,5,3,7,1,
cell7:2,3,5,6,1,4,
