machine1:0,52,7,4,66,51,63,10,18,33,17,27,19,22,49,38,5,2,9,67,46,69,30,45,40,55,23,41,25,53,48,34,36,24,20,1,32,11,13,47,58,68,15,43,
machine2:0,7,4,54,62,51,31,39,63,10,18,19,49,38,2,9,67,21,46,70,8,69,45,55,23,41,25,26,37,53,44,48,34,36,61,16,50,24,20,60,29,32,13,58,68,15,14,43,65,
machine3:0,52,7,35,54,62,66,31,39,56,18,33,17,19,49,64,67,12,21,46,70,8,69,30,45,40,55,59,41,25,26,37,48,36,16,50,42,24,29,32,11,68,14,43,65,
machine4:0,52,7,35,54,66,51,31,39,63,10,18,33,27,49,38,5,64,2,9,12,70,8,69,30,45,40,55,41,26,37,44,36,3,42,20,6,1,32,11,58,68,15,65,
machine5:0,52,7,4,62,31,28,56,63,33,17,27,19,49,38,5,64,2,67,12,21,70,8,45,40,55,59,25,48,34,36,16,50,3,42,20,6,29,13,47,58,68,14,43,65,
machine6:0,52,7,54,62,51,56,63,10,18,33,27,19,49,64,2,67,21,8,45,40,55,25,26,44,48,36,61,16,42,1,60,29,32,13,15,14,43,57,65,
machine7:0,52,7,54,66,51,31,28,39,63,18,33,17,27,19,49,38,64,2,9,67,12,21,8,69,30,45,40,55,59,26,53,48,34,61,16,20,29,32,11,47,58,15,65,
machine8:0,52,4,51,31,39,33,17,27,49,38,5,2,9,21,46,70,69,45,40,55,23,25,53,34,36,16,42,20,1,29,13,58,57,
machine9:0,52,7,54,66,31,28,39,56,63,10,33,19,49,38,64,2,67,12,21,70,8,40,55,23,59,41,25,26,37,53,44,48,36,50,3,42,24,20,6,1,60,29,11,58,15,
machine10:0,52,35,4,66,51,39,56,27,22,49,2,9,67,12,69,45,55,59,25,37,53,44,48,34,36,61,24,6,60,29,11,13,14,43,
machine11:0,52,7,4,62,66,51,31,39,56,10,18,17,27,22,49,38,5,64,9,67,21,70,8,30,55,59,41,25,26,44,34,16,32,11,13,58,14,43,65,
machine12:0,52,7,35,4,54,66,51,31,28,39,56,63,10,18,33,17,27,19,22,49,38,5,64,2,9,67,12,21,46,70,8,69,30,40,55,23,59,41,25,26,37,53,48,34,36,61,16,50,3,42,24,20,6,60,29,32,13,47,58,14,65,
machine13:0,52,35,62,51,31,39,63,10,18,33,17,27,19,49,38,5,2,9,67,12,21,46,70,8,69,30,45,40,55,23,59,41,25,26,37,53,44,48,34,36,61,16,50,3,42,24,20,6,1,60,29,32,11,13,47,58,68,15,14,43,57,65,
machine14:0,52,7,35,4,54,62,66,51,31,28,39,56,63,18,33,17,27,19,22,49,5,64,2,9,12,21,46,70,8,69,30,45,40,55,59,41,25,26,37,53,44,48,34,36,61,16,50,3,42,24,20,6,1,60,29,32,11,13,47,68,15,14,43,65,
machine15:0,52,7,35,4,54,62,66,51,31,28,39,56,63,10,33,17,27,19,49,38,5,64,2,9,67,12,46,70,8,69,30,45,40,55,23,59,41,25,26,37,53,44,48,34,36,61,16,50,3,42,24,20,6,1,60,29,32,13,47,58,68,14,43,57,65,
machine16:0,52,7,35,4,54,66,51,31,28,39,56,10,18,33,17,27,19,22,49,38,2,9,67,12,21,70,8,69,30,45,55,23,59,41,26,37,53,44,48,34,61,16,42,24,20,1,29,32,11,47,58,68,15,43,65,
machine17:0,52,7,35,62,66,31,39,63,10,18,33,17,27,19,49,38,5,64,2,9,67,12,21,46,70,8,69,30,40,55,23,41,25,26,37,53,48,34,61,16,50,3,42,24,20,6,1,60,29,32,11,13,47,58,68,15,14,43,57,
machine18:0,52,4,54,62,66,51,31,39,56,63,10,18,33,17,27,19,22,49,38,5,2,67,12,21,46,70,8,30,45,40,55,23,59,41,25,37,53,44,48,61,16,50,3,42,24,20,6,1,60,29,32,13,47,58,14,43,57,65,
machine19:0,52,7,35,4,54,62,66,51,31,28,39,56,63,10,18,33,17,27,19,22,49,38,5,64,2,9,67,12,21,46,70,8,69,30,45,40,55,23,59,41,25,26,37,53,44,48,34,36,61,16,50,3,42,24,20,6,1,60,29,32,11,13,47,58,68,15,14,43,57,65,
machine20:0,52,7,35,4,54,62,66,51,31,28,39,56,63,10,18,33,17,27,19,22,49,38,5,64,2,9,67,12,21,46,70,8,69,30,45,40,55,23,59,41,25,26,37,53,44,48,34,36,61,16,50,3,42,24,20,6,1,60,29,32,11,13,47,58,68,15,14,43,57,65,

1to 1:
1to 2:1,4,10,15,18,20,23,24,37,38,41,42,44,51,53,54,56,59,62,64,66,2,5,7,12,13,14,16,17,21,22,25,26,27,31,32,33,36,43,45,48,49,52,55,58,65,67,70,34,19,11,63,6,
1to 3:1,3,4,5,6,7,10,15,16,20,22,25,26,29,32,34,35,37,38,39,40,41,46,48,53,54,56,58,59,62,65,66,67,68,2,12,14,18,19,21,24,27,31,33,36,42,43,49,50,51,52,55,64,69,70,63,11,23,28,
1to 4:1,2,4,5,6,7,8,12,13,15,16,17,18,20,22,25,30,33,34,35,36,38,39,40,46,47,50,58,62,67,68,69,70,9,14,21,24,27,29,31,32,41,42,43,44,45,48,49,51,52,53,55,59,61,64,65,66,19,63,11,23,54,
1to 5:1,4,5,7,9,10,12,13,17,18,27,30,33,34,37,38,39,40,42,47,49,53,56,59,61,62,63,68,69,2,3,8,14,16,19,20,21,24,25,31,32,41,43,44,45,46,48,50,52,55,58,60,64,65,66,67,70,6,22,11,54,23,
1to 6:1,4,5,8,13,15,17,19,20,21,25,32,33,34,35,37,38,40,44,45,49,53,58,62,64,68,70,2,7,9,14,16,18,24,27,29,31,36,41,42,43,46,48,50,51,52,55,59,60,65,66,67,69,26,23,22,11,28,
1to 7:4,5,7,8,12,15,18,19,27,29,30,33,34,35,37,38,39,40,42,47,49,53,54,55,58,59,62,68,1,2,9,13,14,16,17,20,21,22,24,25,26,32,36,41,45,46,48,50,51,52,61,63,65,66,67,69,70,23,60,56,11,
2to 1:1,3,4,5,6,8,9,10,13,14,16,17,18,19,20,23,24,25,28,29,30,32,35,37,38,39,40,41,43,45,46,51,52,54,55,58,59,61,62,64,67,69,70,2,7,11,12,21,26,27,31,33,34,36,48,49,50,63,65,66,15,
2to 2:
2to 3:1,5,6,9,10,11,12,13,14,16,18,19,20,23,24,25,28,29,33,37,38,39,40,41,43,44,45,46,47,51,53,54,56,57,58,59,62,64,65,66,69,70,2,7,15,17,21,26,27,31,32,34,36,42,48,49,52,55,63,67,4,
2to 4:2,3,6,7,8,9,11,14,16,17,18,19,20,21,23,24,25,28,29,31,33,37,38,39,41,42,44,45,46,48,51,52,54,55,56,58,59,60,61,62,63,64,65,69,70,4,12,15,26,27,30,32,34,40,49,50,53,66,67,13,22,
2to 5:1,2,3,6,8,9,10,14,18,19,23,24,25,26,28,29,30,31,32,33,37,38,39,40,41,42,43,44,45,48,51,52,53,54,55,56,57,58,59,61,63,64,65,66,67,69,70,5,7,13,16,17,20,21,27,34,49,50,4,15,11,
2to 6:1,2,9,10,11,14,17,18,19,23,24,25,27,28,29,34,35,37,38,39,40,41,42,44,45,46,48,51,52,53,57,58,59,61,62,63,64,67,69,5,7,16,20,21,26,31,33,36,49,50,55,65,66,70,22,60,4,15,13,
2to 7:1,6,8,9,10,11,13,15,16,18,19,20,23,24,25,28,30,31,33,35,36,37,39,41,42,45,46,48,54,55,56,58,59,61,67,69,70,2,5,7,12,17,21,26,27,29,34,44,49,50,51,52,53,65,66,63,32,4,
3to 1:1,4,5,6,7,10,11,16,18,19,20,24,28,29,30,32,34,38,41,42,45,46,47,50,52,53,55,59,60,62,63,65,68,69,2,12,14,17,21,25,26,27,31,36,37,40,43,44,48,49,51,58,64,67,70,22,13,3,
3to 2:1,4,5,7,9,10,12,13,15,16,18,19,20,24,25,30,32,34,35,38,41,43,44,45,47,48,52,55,58,59,61,62,63,65,70,2,14,17,21,26,27,29,31,33,36,37,39,40,49,51,53,64,67,69,56,
3to 3:
3to 4:1,4,5,6,7,9,12,13,15,18,19,20,23,24,25,32,33,34,35,38,39,44,45,53,54,55,57,58,59,61,67,2,8,14,16,17,26,27,29,30,31,36,37,40,41,42,43,46,47,48,49,50,51,52,64,69,63,3,56,62,
3to 5:1,4,6,7,9,11,12,13,15,16,19,20,23,24,25,30,32,34,35,41,46,49,50,52,54,55,57,58,59,61,63,68,70,2,8,14,17,18,21,26,27,29,33,37,38,39,40,42,43,45,48,51,53,64,67,69,47,62,10,3,
3to 6:1,2,4,5,6,7,10,12,13,15,18,19,20,22,23,24,26,27,29,34,35,41,46,47,50,51,52,53,55,57,59,60,62,64,65,67,70,9,14,16,21,25,31,36,37,38,39,40,42,43,44,45,48,49,61,69,68,63,
3to 7:3,4,5,6,7,9,10,15,16,18,19,20,23,24,29,30,33,35,40,41,42,44,49,50,56,58,61,62,63,65,66,67,68,2,8,12,14,17,21,25,26,27,31,36,37,38,39,43,45,46,48,51,52,53,64,69,70,47,
4to 1:1,2,3,7,8,9,12,13,15,16,17,21,22,27,29,30,33,34,36,37,38,39,41,42,45,47,48,56,58,59,62,65,67,68,5,14,18,19,20,24,25,26,31,43,46,49,51,52,53,55,61,64,66,69,70,32,11,63,23,6,28,
4to 2:1,2,8,10,12,13,14,17,18,19,21,24,25,27,28,29,30,31,33,34,35,36,37,38,43,44,45,51,57,58,61,62,65,67,69,5,7,9,15,16,20,26,32,39,40,42,49,50,52,53,55,64,66,70,63,59,4,23,56,
4to 3:2,3,6,8,9,10,12,13,15,16,18,20,21,22,23,24,27,28,31,32,33,34,35,42,44,45,46,47,48,50,52,59,62,63,64,65,67,68,69,5,7,14,19,25,26,29,30,37,38,39,40,41,49,51,53,55,61,70,60,56,4,57,
4to 4:
4to 5:1,2,3,4,5,6,7,8,9,10,11,12,13,16,17,21,22,24,27,28,29,33,34,35,38,39,43,44,45,46,47,48,50,52,58,62,64,65,68,14,18,19,20,25,26,30,31,32,37,40,41,42,49,51,53,55,59,61,66,67,69,70,60,15,63,57,23,56,
4to 6:1,2,8,12,13,17,18,21,24,27,28,29,31,33,34,35,36,38,40,43,44,45,46,47,48,50,52,53,56,58,60,61,62,63,65,67,69,5,7,9,14,15,16,20,25,30,37,39,42,49,51,55,59,64,66,26,19,32,23,57,4,6,
4to 7:1,2,4,5,6,7,9,12,17,20,21,22,24,27,28,29,31,33,34,35,36,38,43,44,45,46,47,48,50,52,53,54,55,58,62,63,64,65,68,69,8,14,16,19,25,30,37,39,40,41,42,49,51,60,61,66,67,70,59,11,23,15,57,
5to 1:3,5,6,7,11,13,14,15,17,19,20,22,26,28,29,30,32,34,35,38,40,42,43,46,47,48,49,58,59,60,61,63,66,69,70,2,8,9,10,12,16,18,21,24,25,27,31,33,37,41,45,50,51,52,55,65,67,1,62,68,23,
5to 2:1,3,4,5,7,11,13,14,15,17,19,20,23,24,26,29,32,33,35,37,38,40,42,43,47,48,52,53,56,57,58,60,61,63,64,66,69,70,2,10,12,16,18,21,25,27,31,34,39,45,49,51,55,65,67,59,62,
5to 3:1,2,4,5,6,7,11,12,14,15,16,19,20,21,22,23,27,29,32,33,34,35,38,39,40,41,42,45,48,50,52,53,55,56,57,58,59,61,62,63,64,65,66,69,70,8,9,17,18,24,25,26,31,37,43,44,49,51,67,10,47,3,
5to 4:1,2,3,5,6,7,9,10,11,14,15,17,19,20,21,22,23,24,26,27,29,30,32,34,35,38,40,42,43,44,46,47,48,50,53,54,56,58,59,60,63,64,65,66,69,70,8,12,16,18,25,31,33,37,39,41,45,51,52,55,61,67,62,68,57,
5to 5:
5to 6:1,2,3,4,5,6,7,9,11,14,15,17,19,20,26,29,33,35,38,39,40,41,42,43,47,48,50,52,57,59,60,63,64,66,68,69,70,8,12,16,18,21,22,24,25,27,30,31,34,37,45,49,51,53,55,58,61,65,67,62,23,10,
5to 7:1,5,7,9,11,12,14,15,19,20,21,22,23,24,25,26,29,31,32,34,35,37,38,40,43,47,48,49,50,51,52,63,69,70,2,8,16,17,18,27,33,39,41,42,45,53,55,58,59,61,65,66,67,68,10,54,62,
6to 1:1,2,3,4,7,8,10,11,12,14,16,19,21,23,26,27,31,33,36,37,38,39,40,41,42,44,45,47,48,49,51,52,53,56,58,59,61,62,64,67,69,5,9,18,20,24,25,29,43,46,55,65,70,22,13,15,68,
6to 2:1,2,4,5,6,7,8,10,14,16,17,19,20,23,24,25,26,27,28,29,31,33,34,36,37,38,39,40,42,43,45,48,49,51,56,58,59,61,62,64,65,66,67,69,9,13,15,18,21,30,44,52,53,55,70,60,35,
6to 3:1,2,4,7,9,10,12,13,15,16,17,19,20,21,23,24,25,26,27,28,29,31,33,34,35,36,37,38,40,41,42,45,48,50,51,52,53,55,56,59,60,61,62,65,66,67,68,69,70,5,14,18,22,30,39,44,46,49,
6to 4:2,3,4,12,13,16,19,20,21,23,24,26,27,28,30,31,33,34,35,36,37,39,41,42,43,44,45,47,48,49,51,52,56,57,58,59,60,62,64,65,66,67,68,69,70,5,7,9,14,15,18,22,25,29,40,46,53,55,61,63,
6to 5:1,3,5,6,7,8,9,10,11,12,16,19,20,23,24,26,27,28,31,33,38,40,41,42,43,44,45,47,48,50,51,52,55,56,60,62,65,66,67,69,2,14,18,21,22,25,29,30,37,39,53,58,61,70,13,15,68,35,
6to 6:
6to 7:1,2,5,7,8,10,12,14,16,17,19,21,23,24,25,26,27,28,31,36,37,38,40,41,42,45,46,47,48,49,50,51,52,56,59,60,62,66,67,69,70,9,18,20,29,30,39,44,53,55,58,61,65,22,68,15,35,
7to 1:1,2,3,4,5,6,7,8,9,11,12,14,15,18,19,20,21,22,23,24,25,26,28,29,30,31,32,33,34,36,37,39,43,45,46,47,48,49,50,51,52,54,62,63,65,66,67,70,16,17,27,40,41,42,53,55,58,59,60,69,68,35,
7to 2:5,7,9,12,13,14,15,16,18,21,23,24,25,26,29,31,32,33,35,36,37,38,39,40,42,43,44,45,48,52,54,58,60,62,63,65,67,70,1,2,8,17,19,20,27,41,49,51,53,55,59,61,64,66,69,4,11,57,
7to 3:1,2,4,5,6,7,8,13,14,15,18,21,22,23,24,26,29,31,32,34,37,38,39,46,47,49,50,51,52,54,59,62,63,65,66,67,70,16,17,19,20,25,27,33,36,40,41,42,44,45,48,53,58,61,64,69,68,35,
7to 4:1,2,3,4,5,6,7,9,12,13,14,15,17,18,20,22,23,24,25,26,27,29,30,31,32,34,37,38,41,43,44,45,46,47,48,49,50,51,52,54,60,61,62,63,64,65,66,67,68,8,16,33,39,40,42,53,55,58,59,69,19,11,56,35,
7to 5:2,3,4,5,6,8,10,14,15,16,19,20,21,22,23,24,25,26,30,31,34,37,38,39,41,45,47,48,50,51,52,54,55,58,61,62,64,65,66,67,70,9,12,17,18,27,33,40,42,53,59,68,69,1,35,
7to 6:2,4,5,12,13,14,15,18,21,22,23,24,25,26,31,34,37,38,39,40,41,44,45,47,48,50,51,52,54,62,63,65,66,67,69,1,7,8,9,16,17,19,20,27,29,33,36,42,49,53,55,58,59,60,61,64,56,35,
7to 7:

cell1:7,6,2,4,3,5,
cell2:1,4,7,3,6,5,
cell3:7,2,6,1,5,4,
cell4:3,7,5,1,6,2,
cell5:6,3,2,1,4,7,
cell6:4,3,2,1,5,7,
cell7:3,1,6,5,2,4,
