machine1:0,22,7,4,11,46,66,19,51,23,5,63,68,20,69,33,40,52,10,67,25,55,2,18,45,30,53,17,9,34,38,49,1,13,15,48,58,47,32,43,27,41,24,36,
machine2:0,54,21,7,62,4,46,19,51,23,37,63,68,20,69,31,39,10,67,25,55,2,18,60,45,53,8,26,61,9,34,38,70,50,49,29,44,13,15,48,58,32,43,16,41,24,36,65,14,
machine3:0,35,54,56,59,64,21,7,62,11,46,66,19,12,37,68,69,33,31,40,39,52,67,25,55,42,18,45,30,8,26,17,70,50,49,29,48,32,43,16,41,24,36,65,14,
machine4:0,35,54,64,7,11,66,12,3,51,5,37,63,68,20,69,33,31,40,39,52,10,55,2,42,18,45,30,8,26,9,38,70,49,44,1,15,58,32,27,41,6,36,65,
machine5:0,28,56,59,64,21,7,62,4,19,12,3,5,63,68,20,33,31,40,52,67,25,55,2,42,45,8,17,34,38,70,50,49,29,13,48,58,47,43,27,16,6,36,65,14,
machine6:0,54,56,64,21,7,62,19,51,63,33,40,52,10,67,25,55,2,42,18,60,45,8,57,26,61,49,29,44,1,13,15,48,32,43,27,16,36,65,14,
machine7:0,28,54,59,64,21,7,11,66,19,12,51,63,20,69,33,31,40,39,52,67,55,2,18,45,30,53,8,26,61,17,9,34,38,49,29,15,48,58,47,32,27,16,65,
machine8:0,21,4,46,51,23,5,20,69,33,31,40,39,52,25,55,2,42,45,53,57,17,9,34,38,70,49,29,1,13,58,27,16,36,
machine9:0,28,54,56,59,64,21,7,11,66,19,12,3,23,37,63,20,33,31,40,39,52,10,67,25,55,2,42,60,53,8,26,38,70,50,49,29,44,1,15,48,58,41,24,6,36,
machine10:0,35,56,59,22,4,11,66,12,51,37,69,39,52,67,25,55,2,60,45,53,61,9,34,49,29,44,13,48,43,27,24,6,36,14,
machine11:0,56,59,64,22,21,7,62,4,11,66,51,5,31,39,52,10,67,25,55,18,30,8,26,17,9,34,38,70,49,44,13,58,32,43,27,16,41,65,14,
machine12:0,35,28,54,56,59,64,22,21,7,4,46,66,19,12,3,51,23,5,37,63,20,69,33,31,40,39,52,10,67,25,55,2,42,18,60,30,53,8,26,61,17,9,34,38,70,50,49,29,13,48,58,47,32,27,16,41,24,6,36,65,14,
machine13:0,35,59,21,62,11,46,19,12,3,51,23,5,37,63,68,20,69,33,31,40,39,52,10,67,25,55,2,42,18,60,45,30,53,8,57,26,61,17,9,34,38,70,50,49,29,44,1,13,15,48,58,47,32,43,27,16,41,24,6,36,65,14,
machine14:0,35,28,54,56,59,64,22,21,7,62,4,11,46,66,19,12,3,51,5,37,63,68,20,69,33,31,40,39,52,25,55,2,42,18,60,45,30,53,8,26,61,17,9,34,70,50,49,29,44,1,13,15,48,47,32,43,27,16,41,24,6,36,65,14,
machine15:0,35,28,54,56,59,64,7,62,4,46,66,19,12,3,51,23,5,37,63,68,20,69,33,31,40,39,52,10,67,25,55,2,42,60,45,30,53,8,57,26,61,17,9,34,38,70,50,49,29,44,1,13,48,58,47,32,43,27,16,41,24,6,36,65,14,
machine16:0,35,28,54,56,59,22,21,7,4,11,66,19,12,51,23,37,68,20,69,33,31,39,52,10,67,55,2,42,18,45,30,53,8,26,61,17,9,34,38,70,49,29,44,1,15,48,58,47,32,43,27,16,41,24,65,
machine17:0,35,64,21,7,62,11,46,66,19,12,3,23,5,37,63,68,20,69,33,31,40,39,52,10,67,25,55,2,42,18,60,30,53,8,57,26,61,17,9,34,38,70,50,49,29,1,13,15,48,58,47,32,43,27,16,41,24,6,14,
machine18:0,54,56,59,22,21,62,4,46,66,19,12,3,51,23,5,37,63,20,33,31,40,39,52,10,67,25,55,2,42,18,60,45,30,53,8,57,61,17,38,70,50,49,29,44,1,13,48,58,47,32,43,27,16,41,24,6,65,14,
machine19:0,35,28,54,56,59,64,22,21,7,62,4,11,46,66,19,12,3,51,23,5,37,63,68,20,69,33,31,40,39,52,10,67,25,55,2,42,18,60,45,30,53,8,57,26,61,17,9,34,38,70,50,49,29,44,1,13,15,48,58,47,32,43,27,16,41,24,6,36,65,14,
machine20:0,35,28,54,56,59,64,22,21,7,62,4,11,46,66,19,12,3,51,23,5,37,63,68,20,69,33,31,40,39,52,10,67,25,55,2,42,18,60,45,30,53,8,57,26,61,17,9,34,38,70,50,49,29,44,1,13,15,48,58,47,32,43,27,16,41,24,6,36,65,14,

1to 1:
1to 2:1,4,7,10,14,15,18,21,23,24,25,26,37,38,41,42,44,51,53,54,56,59,62,64,66,70,2,5,12,13,16,17,20,22,27,31,32,33,36,43,45,48,49,52,55,58,65,67,34,11,19,63,6,
1to 3:1,3,4,5,6,7,10,15,16,21,22,23,25,29,32,34,38,41,42,46,48,50,54,56,58,59,62,64,65,66,67,68,69,2,12,14,18,19,20,24,26,27,31,33,36,37,39,40,43,49,51,52,53,55,70,63,11,28,35,
1to 4:1,2,4,5,6,7,12,13,15,17,18,20,21,22,23,25,30,33,34,36,38,40,42,46,47,50,58,59,62,66,67,68,70,8,9,14,16,24,27,29,31,32,39,41,43,44,45,48,49,51,52,53,55,61,64,65,69,19,63,54,11,35,
1to 5:1,4,5,7,8,9,10,11,13,17,18,21,23,25,30,31,33,34,38,39,40,42,47,49,50,53,56,59,61,62,63,66,68,69,2,3,12,14,16,19,20,24,27,32,37,41,43,44,45,46,48,52,55,58,60,64,65,67,70,6,22,54,
1to 6:1,4,5,7,8,13,15,17,19,21,23,25,26,32,33,34,38,42,44,45,49,59,62,64,67,68,70,2,9,14,16,18,20,24,27,29,31,36,37,40,41,43,46,48,50,51,52,53,55,58,60,65,66,69,22,35,11,28,
1to 7:4,5,7,8,12,15,18,19,21,23,25,26,29,30,33,34,38,39,42,47,48,49,50,54,55,58,59,62,68,69,1,2,9,13,14,16,17,20,22,24,27,32,36,37,40,41,45,46,51,52,53,61,63,65,66,67,70,60,56,11,35,
2to 1:1,3,5,6,7,8,9,10,13,14,17,18,20,23,24,25,26,28,29,30,32,35,36,37,38,40,41,43,45,46,48,51,52,54,61,62,64,65,67,69,70,2,11,12,16,19,21,27,31,33,34,39,49,50,55,58,63,66,15,59,4,
2to 2:
2to 3:1,5,6,7,9,10,11,12,13,18,19,20,23,24,25,28,29,31,33,37,38,40,41,42,43,44,45,46,47,48,51,53,54,56,57,58,62,65,66,69,70,2,14,15,16,17,21,26,27,32,34,36,39,49,52,55,63,64,67,4,59,
2to 4:2,3,6,7,8,9,11,12,14,17,18,19,20,21,23,24,25,26,28,29,31,37,38,41,42,44,45,46,48,51,52,54,56,59,60,62,63,65,69,70,15,16,27,30,32,33,34,39,40,49,50,53,55,58,61,64,66,67,13,4,22,
2to 5:1,2,3,6,7,8,9,18,20,23,24,25,26,28,29,30,31,32,33,37,38,41,42,43,44,45,48,51,52,53,54,56,57,63,64,65,66,67,69,70,5,13,14,16,17,19,21,27,34,39,40,49,50,55,58,59,61,4,15,10,11,
2to 6:1,2,7,9,10,11,14,18,19,20,23,24,26,27,28,29,31,34,35,36,37,38,39,40,41,42,44,45,46,48,51,52,55,57,59,62,63,64,65,67,69,70,5,16,17,21,25,33,49,50,53,58,61,66,22,60,4,15,13,
2to 7:1,6,7,8,9,10,11,13,15,16,18,19,20,23,24,25,28,30,31,35,36,37,39,41,42,44,45,46,48,54,56,58,61,65,67,69,70,2,5,12,17,21,26,27,29,33,34,49,50,51,52,53,55,66,63,32,4,59,
3to 1:4,5,6,7,10,11,12,16,20,21,24,28,29,30,31,34,38,41,45,46,47,50,53,55,59,60,62,63,65,68,69,70,2,14,17,18,19,25,26,27,32,36,37,40,42,43,44,48,49,51,52,58,64,67,1,22,13,3,
3to 2:1,4,5,7,9,10,12,13,14,15,16,18,20,21,24,25,30,31,32,34,35,38,39,41,43,44,45,47,48,52,55,58,59,61,62,63,65,70,2,17,26,27,29,33,36,37,40,49,51,53,64,67,69,19,56,
3to 3:
3to 4:1,4,5,6,7,9,12,13,14,15,16,19,20,23,24,25,31,34,35,38,39,41,44,45,53,54,55,57,58,59,61,64,67,69,2,8,17,18,26,27,29,30,32,33,36,37,40,42,43,46,47,48,49,50,51,52,63,3,56,62,
3to 5:1,4,6,7,9,10,11,12,13,15,16,20,21,23,24,25,30,32,33,34,35,39,40,41,46,49,50,52,54,55,57,58,59,61,63,64,68,70,2,8,14,17,18,19,26,27,29,37,38,42,43,45,48,51,53,67,69,47,62,3,
3to 6:1,2,4,5,6,7,10,12,13,15,16,18,20,21,22,23,24,26,27,29,31,34,35,41,46,47,50,51,53,55,57,59,60,61,62,65,9,14,19,25,36,37,38,39,40,42,43,44,45,48,49,52,64,67,69,70,68,63,
3to 7:3,4,5,6,7,9,10,12,14,15,16,20,21,23,24,29,30,31,35,37,39,40,41,44,50,56,58,61,62,63,64,65,68,70,2,8,17,18,19,25,26,27,33,36,38,42,43,45,46,48,49,51,52,53,66,67,69,47,
4to 1:1,2,3,7,8,9,12,15,16,17,19,21,22,24,29,30,32,33,34,36,37,38,39,41,42,45,46,47,48,49,56,58,59,62,64,65,67,68,69,5,14,18,20,25,26,27,31,43,51,52,53,55,61,66,70,13,11,63,23,6,28,
4to 2:1,2,8,9,10,12,14,17,18,19,21,24,25,26,28,29,30,31,34,36,37,38,42,43,44,45,49,51,56,57,58,61,62,65,67,69,5,7,13,15,16,20,27,32,33,39,40,50,52,53,55,64,66,70,59,63,4,23,35,
4to 3:2,3,6,8,9,10,12,13,15,16,18,19,20,21,22,23,24,27,28,31,33,34,35,39,42,45,46,47,48,49,50,52,56,62,63,65,67,68,69,5,7,14,25,26,29,30,37,38,40,41,44,51,53,55,61,64,70,60,32,4,59,57,
4to 4:
4to 5:1,2,3,4,5,6,7,9,10,11,12,16,17,19,21,22,24,28,29,32,34,38,39,43,44,45,46,47,48,50,52,56,58,62,64,65,68,69,8,14,18,20,25,26,27,30,31,33,37,40,41,42,49,51,53,55,59,61,66,67,70,60,15,63,13,57,23,35,
4to 6:1,2,8,9,12,13,17,18,19,21,24,27,28,29,31,32,33,34,35,36,38,40,42,43,44,45,46,47,48,50,52,53,56,58,60,61,62,63,65,67,69,5,7,14,15,16,20,23,25,30,37,39,49,51,55,64,66,26,59,57,4,6,
4to 7:1,2,4,5,6,7,9,12,17,19,20,21,24,27,28,29,31,33,34,36,38,43,44,45,46,47,48,49,50,52,54,55,58,62,63,64,65,68,69,8,14,16,22,25,30,37,39,40,41,42,51,53,60,61,66,67,70,59,11,23,15,57,35,
5to 1:1,3,6,7,11,13,14,15,17,19,22,23,25,26,27,28,29,30,32,33,34,35,38,40,42,43,47,48,49,51,52,55,58,60,61,63,65,66,69,70,2,5,8,9,10,12,16,18,20,21,24,31,37,41,45,46,50,59,67,62,68,
5to 2:1,3,4,5,7,11,13,14,15,17,19,23,24,25,27,29,32,33,35,37,38,40,42,43,47,48,51,52,53,55,56,58,61,63,64,65,66,69,70,2,10,12,16,18,20,21,26,31,34,39,45,49,67,59,60,57,62,
5to 3:1,2,4,6,7,8,11,12,15,16,17,19,21,22,23,25,26,27,29,32,33,34,35,38,39,40,41,42,44,45,48,50,51,52,53,55,56,57,58,61,62,63,65,66,70,5,9,14,18,20,24,31,37,43,49,64,67,69,10,47,3,59,
5to 4:1,2,3,6,7,8,9,10,11,14,15,17,19,20,21,22,23,24,25,26,27,29,30,32,33,34,35,38,40,42,43,44,47,48,50,51,52,54,55,56,58,60,63,65,66,69,70,5,12,16,18,31,37,39,41,45,46,53,59,61,67,62,64,68,57,
5to 5:
5to 6:1,2,3,4,5,6,7,8,9,11,14,15,17,19,23,25,27,29,33,35,38,39,40,41,42,43,47,48,50,51,52,53,55,57,58,60,63,64,65,66,68,70,12,16,18,20,21,22,24,30,31,34,37,45,49,61,67,69,62,26,59,10,
5to 7:1,5,7,9,11,12,15,17,19,21,22,23,24,25,29,31,32,33,34,35,37,38,40,43,47,48,49,50,51,52,53,55,63,65,66,70,2,8,14,16,18,20,26,27,39,41,42,45,58,61,67,69,68,59,10,54,62,
6to 1:1,2,3,4,7,8,10,11,12,13,15,16,18,19,21,23,26,27,33,36,38,40,41,42,44,47,49,52,55,56,58,59,61,62,64,67,5,9,14,20,24,25,29,31,37,39,43,45,46,48,51,53,65,69,70,22,68,
6to 2:1,2,4,6,7,8,10,13,15,16,17,18,19,20,23,24,27,28,29,33,34,35,36,37,42,43,48,49,55,58,59,60,61,62,64,67,5,9,14,21,25,26,30,31,38,39,40,44,45,51,52,53,65,66,69,70,56,
6to 3:2,4,7,9,10,12,13,15,16,19,20,23,24,26,27,28,29,31,33,34,35,36,38,41,45,50,52,53,55,59,60,61,62,65,67,68,70,5,14,17,18,21,22,25,30,37,39,40,42,44,46,48,49,51,66,69,56,1,
6to 4:2,3,4,5,12,13,15,16,18,19,20,23,24,26,27,28,30,33,34,35,36,39,42,43,44,45,47,48,49,51,52,55,56,57,58,59,60,62,63,64,65,66,67,68,69,70,7,9,14,21,22,25,29,31,37,40,41,46,53,61,
6to 5:3,5,6,7,8,10,11,12,13,15,18,19,20,23,24,26,27,28,31,33,35,37,40,41,42,43,44,47,48,50,51,52,55,60,62,67,1,2,9,14,16,21,22,25,29,30,38,39,45,53,58,61,65,66,69,70,68,56,
6to 6:
6to 7:2,7,8,10,12,14,15,16,18,19,21,23,24,26,27,28,31,35,36,41,42,45,46,47,48,49,50,52,55,56,59,60,62,65,66,67,70,1,5,9,17,20,25,29,30,37,38,39,40,44,51,53,58,61,69,22,68,
7to 1:1,2,3,4,5,6,7,8,9,12,14,15,16,18,19,20,21,22,23,24,25,26,28,30,31,32,33,34,37,39,43,45,47,48,49,50,51,52,53,54,55,59,62,63,65,66,67,70,17,27,29,36,40,41,42,46,58,60,69,68,11,35,
7to 2:2,5,7,12,13,15,16,18,20,21,23,24,25,26,29,31,32,33,35,36,37,38,39,40,42,43,44,45,48,51,52,54,55,57,58,59,60,62,63,64,67,1,8,9,14,17,19,27,41,49,53,61,65,66,69,70,4,11,
7to 3:1,2,4,5,6,7,8,13,14,15,16,18,20,21,22,23,24,25,26,29,31,32,34,37,38,39,46,47,49,50,51,52,54,59,62,63,64,65,66,67,17,19,27,33,36,40,41,42,44,45,48,53,58,61,69,70,68,35,
7to 4:1,2,3,4,5,6,7,9,12,13,15,16,17,18,20,22,23,24,25,26,27,30,31,32,34,37,38,39,41,43,44,45,46,47,48,49,50,51,52,54,55,60,61,62,63,64,66,67,68,8,14,29,33,40,42,53,58,59,65,69,19,11,56,35,
7to 5:2,3,4,5,6,8,10,12,14,15,19,20,21,22,23,24,25,26,30,31,34,38,39,45,47,48,50,51,52,54,55,58,59,61,62,64,66,67,9,16,17,18,27,33,37,40,41,42,53,65,68,69,70,1,35,
7to 6:2,4,5,12,13,15,16,18,20,21,22,23,24,25,26,31,34,37,38,39,40,44,45,47,48,49,50,51,52,54,55,62,63,64,65,66,67,69,1,7,8,9,14,17,19,27,29,33,36,41,42,53,58,59,60,61,56,35,
7to 7:

cell1:5,2,3,7,6,4,
cell2:4,3,7,1,5,6,
cell3:7,2,6,5,1,4,
cell4:3,5,7,2,6,1,
cell5:1,6,4,3,7,2,
cell6:4,3,1,7,2,5,
cell7:2,3,5,6,1,4,
