machine1:0,22,7,4,11,46,66,19,51,23,5,63,68,20,69,33,40,52,10,67,25,55,2,18,45,30,53,17,9,34,38,49,1,13,15,48,58,47,32,43,27,41,24,36,
machine2:0,54,21,7,62,4,46,19,51,23,37,63,68,20,69,31,39,10,67,25,55,2,18,60,45,53,8,26,61,9,34,38,70,50,49,29,44,13,15,48,58,32,43,16,41,24,36,65,14,
machine3:0,35,54,56,59,64,21,7,62,11,46,66,19,12,37,68,69,33,31,40,39,52,67,25,55,42,18,45,30,8,26,17,70,50,49,29,48,32,43,16,41,24,36,65,14,
machine4:0,35,54,64,7,11,66,12,3,51,5,37,63,68,20,69,33,31,40,39,52,10,55,2,42,18,45,30,8,26,9,38,70,49,44,1,15,58,32,27,41,6,36,65,
machine5:0,28,56,59,64,21,7,62,4,19,12,3,5,63,68,20,33,31,40,52,67,25,55,2,42,45,8,17,34,38,70,50,49,29,13,48,58,47,43,27,16,6,36,65,14,
machine6:0,54,56,64,21,7,62,19,51,63,33,40,52,10,67,25,55,2,42,18,60,45,8,57,26,61,49,29,44,1,13,15,48,32,43,27,16,36,65,14,
machine7:0,28,54,59,64,21,7,11,66,19,12,51,63,20,69,33,31,40,39,52,67,55,2,18,45,30,53,8,26,61,17,9,34,38,49,29,15,48,58,47,32,27,16,65,
machine8:0,21,4,46,51,23,5,20,69,33,31,40,39,52,25,55,2,42,45,53,57,17,9,34,38,70,49,29,1,13,58,27,16,36,
machine9:0,28,54,56,59,64,21,7,11,66,19,12,3,23,37,63,20,33,31,40,39,52,10,67,25,55,2,42,60,53,8,26,38,70,50,49,29,44,1,15,48,58,41,24,6,36,
machine10:0,35,56,59,22,4,11,66,12,51,37,69,39,52,67,25,55,2,60,45,53,61,9,34,49,29,44,13,48,43,27,24,6,36,14,
machine11:0,56,59,64,22,21,7,62,4,11,66,51,5,31,39,52,10,67,25,55,18,30,8,26,17,9,34,38,70,49,44,13,58,32,43,27,16,41,65,14,
machine12:0,35,28,54,56,59,64,22,21,7,4,46,66,19,12,3,51,23,5,37,63,20,69,33,31,40,39,52,10,67,25,55,2,42,18,60,30,53,8,26,61,17,9,34,38,70,50,49,29,13,48,58,47,32,27,16,41,24,6,36,65,14,
machine13:0,35,59,21,62,11,46,19,12,3,51,23,5,37,63,68,20,69,33,31,40,39,52,10,67,25,55,2,42,18,60,45,30,53,8,57,26,61,17,9,34,38,70,50,49,29,44,1,13,15,48,58,47,32,43,27,16,41,24,6,36,65,14,
machine14:0,35,28,54,56,59,64,22,21,7,62,4,11,46,66,19,12,3,51,5,37,63,68,20,69,33,31,40,39,52,25,55,2,42,18,60,45,30,53,8,26,61,17,9,34,70,50,49,29,44,1,13,15,48,47,32,43,27,16,41,24,6,36,65,14,
machine15:0,35,28,54,56,59,64,7,62,4,46,66,19,12,3,51,23,5,37,63,68,20,69,33,31,40,39,52,10,67,25,55,2,42,60,45,30,53,8,57,26,61,17,9,34,38,70,50,49,29,44,1,13,48,58,47,32,43,27,16,41,24,6,36,65,14,
machine16:0,35,28,54,56,59,22,21,7,4,11,66,19,12,51,23,37,68,20,69,33,31,39,52,10,67,55,2,42,18,45,30,53,8,26,61,17,9,34,38,70,49,29,44,1,15,48,58,47,32,43,27,16,41,24,65,
machine17:0,35,64,21,7,62,11,46,66,19,12,3,23,5,37,63,68,20,69,33,31,40,39,52,10,67,25,55,2,42,18,60,30,53,8,57,26,61,17,9,34,38,70,50,49,29,1,13,15,48,58,47,32,43,27,16,41,24,6,14,
machine18:0,54,56,59,22,21,62,4,46,66,19,12,3,51,23,5,37,63,20,33,31,40,39,52,10,67,25,55,2,42,18,60,45,30,53,8,57,61,17,38,70,50,49,29,44,1,13,48,58,47,32,43,27,16,41,24,6,65,14,
machine19:0,35,28,54,56,59,64,22,21,7,62,4,11,46,66,19,12,3,51,23,5,37,63,68,20,69,33,31,40,39,52,10,67,25,55,2,42,18,60,45,30,53,8,57,26,61,17,9,34,38,70,50,49,29,44,1,13,15,48,58,47,32,43,27,16,41,24,6,36,65,14,
machine20:0,35,28,54,56,59,64,22,21,7,62,4,11,46,66,19,12,3,51,23,5,37,63,68,20,69,33,31,40,39,52,10,67,25,55,2,42,18,60,45,30,53,8,57,26,61,17,9,34,38,70,50,49,29,44,1,13,15,48,58,47,32,43,27,16,41,24,6,36,65,14,

1to 1:
1to 2:1,4,7,10,11,12,14,15,16,18,20,21,23,24,25,26,27,31,33,37,38,41,42,44,49,51,53,54,56,59,62,63,64,66,70,67,52,2,55,48,36,45,58,65,17,5,43,32,22,13,34,19,6,
1to 3:1,3,4,5,6,7,10,11,12,15,16,20,21,22,23,25,26,29,31,33,34,37,38,40,41,42,46,48,49,50,51,53,54,56,58,59,62,63,64,65,66,67,69,27,52,2,14,55,36,39,18,43,24,32,70,19,68,28,35,
1to 4:1,2,4,5,6,7,8,9,11,12,13,15,16,17,18,20,21,22,23,25,30,33,34,36,38,39,41,42,44,46,47,48,49,50,51,53,58,59,61,62,63,66,67,68,69,70,55,40,14,52,27,31,45,29,43,65,24,32,64,19,54,35,
1to 5:1,4,5,7,8,9,10,11,12,13,16,17,18,21,23,25,30,31,33,34,38,39,40,42,44,47,48,49,50,53,55,56,59,61,62,63,66,68,69,67,2,27,52,14,41,45,37,43,65,20,58,24,46,70,60,19,64,32,3,6,22,54,
1to 6:1,4,5,7,8,9,11,13,15,16,17,18,19,20,21,23,25,26,27,31,32,33,34,36,38,40,42,44,49,51,53,58,59,62,64,66,67,68,69,70,55,52,48,14,2,29,45,41,37,43,46,50,65,24,60,22,35,28,
1to 7:4,5,7,8,11,12,15,16,17,18,19,21,23,25,26,29,30,33,34,38,39,40,41,42,47,48,49,50,51,53,54,55,58,59,61,62,63,66,68,69,14,52,67,2,27,9,45,36,37,65,24,20,46,13,1,70,32,22,60,56,35,
2to 1:3,5,6,8,9,10,13,14,17,18,20,23,24,25,26,28,29,30,32,35,37,38,39,40,41,43,45,46,51,52,54,58,61,62,64,65,66,67,69,27,16,2,49,55,31,48,36,33,7,12,34,21,19,50,11,63,70,1,15,59,4,
2to 2:
2to 3:1,5,6,9,10,11,12,13,19,20,23,24,25,28,29,32,37,38,39,40,41,42,43,44,46,47,51,53,54,56,57,58,62,65,66,69,70,14,16,55,52,67,27,2,48,49,36,31,33,45,18,17,21,34,7,26,64,63,15,4,59,
2to 4:3,6,8,9,11,12,17,18,19,20,21,23,24,25,26,28,29,30,31,32,37,38,39,41,42,44,46,48,51,52,54,56,58,59,60,61,62,63,65,69,67,40,14,49,27,2,16,53,55,45,7,33,66,34,64,70,50,15,4,13,22,
2to 5:1,3,6,8,9,18,23,24,25,26,28,29,30,31,32,33,37,38,40,41,42,43,44,48,51,52,53,54,56,57,58,61,63,64,65,66,67,69,70,14,16,55,27,2,49,39,45,17,7,50,34,21,5,20,13,59,19,4,15,10,11,
2to 6:1,9,10,11,19,23,24,25,26,27,28,29,33,34,35,37,38,39,40,41,42,44,46,48,51,52,53,55,57,58,59,61,62,63,64,65,67,69,2,16,49,14,31,36,45,17,18,66,5,20,50,7,21,70,22,60,4,13,15,
2to 7:1,6,8,9,10,11,13,15,16,18,19,20,23,24,25,28,30,31,32,35,36,37,39,41,42,44,46,48,53,54,55,56,58,61,65,67,69,70,27,2,52,49,29,51,45,17,33,50,7,26,66,5,12,21,34,4,63,59,
3to 1:1,4,5,6,7,10,11,12,16,19,20,22,24,26,28,29,30,31,34,38,41,42,46,47,50,52,53,55,59,60,62,63,64,65,68,69,70,67,14,27,49,2,40,48,51,45,18,58,36,44,25,37,17,43,21,32,13,3,
3to 2:1,4,5,7,9,10,12,13,14,15,16,18,19,20,24,25,26,30,31,34,35,38,39,41,43,44,47,48,52,55,58,59,61,62,63,64,65,67,70,2,27,40,53,36,49,51,45,29,17,69,21,37,33,32,56,
3to 3:
3to 4:1,4,5,6,7,9,12,13,14,15,16,19,20,23,24,25,26,30,31,32,34,35,36,38,39,44,45,52,53,54,55,57,58,64,67,40,27,2,48,8,29,49,51,33,43,61,41,37,17,18,50,69,47,46,42,59,63,3,56,62,
3to 5:1,4,6,7,9,10,11,12,13,15,16,19,20,23,24,25,26,30,33,34,35,39,40,41,46,49,50,52,54,55,57,58,59,61,63,64,68,70,67,14,53,2,48,27,8,45,51,18,37,17,43,29,42,38,21,32,69,62,47,3,
3to 6:1,4,5,6,7,10,12,13,15,16,18,19,20,22,23,24,26,27,29,31,34,35,46,47,50,51,52,53,55,57,60,62,64,65,67,70,2,40,14,48,61,9,49,39,41,37,43,36,45,25,44,69,42,21,38,59,68,63,
3to 7:3,4,5,6,7,9,10,12,14,15,16,19,20,23,24,26,29,30,31,35,37,39,40,42,44,49,50,52,56,58,62,63,64,65,67,68,70,27,53,2,61,48,36,43,45,8,18,33,41,25,51,17,38,46,66,21,69,47,
4to 1:1,2,3,7,8,9,12,13,15,16,17,21,22,24,27,29,30,34,36,37,38,39,41,42,45,47,48,53,56,58,59,61,62,65,67,68,69,52,49,55,31,14,43,18,51,25,33,66,46,70,5,64,20,26,19,32,11,63,23,6,28,
4to 2:1,2,4,8,9,10,12,13,14,17,18,19,21,24,25,26,27,28,29,30,31,34,36,38,42,44,45,52,57,58,61,62,65,67,69,16,55,53,40,39,49,33,37,51,43,66,20,70,7,5,50,32,64,15,63,59,23,56,35,
4to 3:2,3,4,6,8,9,10,12,13,15,16,18,20,21,22,23,24,27,28,31,32,33,34,35,39,42,46,47,48,50,59,61,62,63,65,67,68,69,40,49,53,52,55,14,29,25,51,41,37,30,45,7,5,44,38,26,19,70,64,56,60,57,
4to 4:
4to 5:1,2,3,4,5,6,7,8,9,10,11,12,13,16,17,21,22,24,27,28,29,34,38,39,44,45,46,47,48,50,58,61,62,64,65,68,69,40,52,55,53,14,67,49,31,41,43,18,51,33,66,37,25,30,42,19,32,20,59,70,26,15,60,63,57,23,56,35,
4to 6:1,2,4,8,9,12,13,17,18,21,24,27,28,29,31,34,35,36,38,40,42,43,44,45,46,47,48,50,56,58,60,61,62,63,65,67,69,16,53,52,55,14,49,39,25,37,33,5,51,66,20,7,30,59,64,15,23,26,19,32,57,6,
4to 7:1,2,4,5,6,7,9,12,20,21,24,27,28,29,31,34,36,38,43,44,45,46,47,48,50,52,53,55,58,61,62,63,64,65,68,69,40,49,14,67,16,39,8,41,51,17,25,33,37,42,66,70,30,19,22,60,59,23,11,54,15,57,35,
5to 1:1,3,5,6,7,11,13,15,17,19,20,23,26,28,29,30,32,33,35,38,40,42,43,47,48,49,50,51,52,58,60,63,67,2,16,8,27,14,55,9,18,31,37,61,45,21,41,66,25,70,34,12,65,24,69,46,10,59,62,68,22,
5to 2:1,3,4,5,13,15,17,19,20,23,24,33,35,37,38,40,43,45,47,48,51,52,53,56,57,58,61,63,64,66,67,69,70,16,27,2,49,14,55,31,39,25,18,29,7,65,21,34,26,12,32,42,10,59,11,60,62,
5to 3:1,2,4,5,6,7,8,12,15,16,19,20,22,23,26,27,29,33,35,38,39,41,44,45,48,50,51,52,53,56,57,58,62,63,64,65,66,70,14,67,49,9,40,55,61,31,18,43,69,17,42,21,25,37,24,34,10,32,47,11,3,59,
5to 4:1,2,3,5,6,7,8,9,10,14,15,16,17,19,20,22,23,24,26,27,29,32,33,34,35,38,40,43,44,47,48,50,51,52,54,55,56,58,60,63,64,65,69,70,67,39,53,41,18,61,31,37,45,30,25,12,66,42,21,46,59,62,68,57,11,
5to 5:
5to 6:1,2,3,4,5,6,8,9,15,16,17,19,20,23,29,33,35,38,39,41,43,47,48,50,51,52,53,57,60,63,64,68,40,67,55,14,27,49,61,31,45,58,18,37,25,7,30,12,24,69,65,42,21,66,70,34,22,62,26,59,10,11,
5to 7:1,5,7,9,12,15,16,19,20,21,22,23,24,25,29,31,32,33,34,35,37,38,43,47,48,49,50,51,52,54,55,63,67,40,53,27,2,14,39,8,61,18,45,58,41,65,42,17,66,70,69,26,59,68,10,11,62,
6to 1:1,2,3,4,5,7,8,10,11,13,14,15,16,18,19,20,21,23,26,27,38,39,40,41,42,44,47,48,49,51,52,56,58,59,61,62,64,67,53,55,9,36,31,33,37,29,45,25,43,69,46,70,65,24,12,22,68,
6to 2:1,2,4,5,6,7,8,10,13,14,15,16,17,18,19,20,23,27,28,29,33,34,35,36,37,38,39,40,42,43,48,51,56,58,59,60,61,62,64,65,66,69,67,53,55,49,52,31,9,45,44,25,24,30,26,21,70,
6to 3:2,4,5,7,9,10,12,13,14,15,16,17,18,19,20,21,23,25,26,27,28,29,31,33,34,35,36,38,40,41,45,48,50,51,52,53,56,59,60,61,62,65,66,67,68,70,55,39,49,69,37,30,24,42,44,46,22,1,
6to 4:2,3,4,5,13,15,18,19,20,21,23,26,27,28,34,35,39,40,41,42,43,45,47,48,49,51,52,56,57,58,59,60,62,63,64,65,67,68,69,70,16,53,14,9,55,31,61,29,37,25,36,44,33,30,66,7,12,46,24,22,
6to 5:3,5,6,7,8,10,11,12,13,15,18,19,20,23,26,27,28,31,35,38,40,41,42,43,47,48,50,51,52,56,60,62,65,67,2,16,55,53,14,9,39,61,29,45,25,58,33,21,44,30,69,37,24,66,22,1,70,68,
6to 6:
6to 7:2,5,7,8,10,14,15,17,18,19,20,21,23,26,27,28,31,35,36,38,40,41,42,45,46,47,48,49,50,51,52,56,59,60,62,67,69,70,16,53,55,39,61,9,29,25,66,37,30,65,58,24,12,44,1,22,68,
7to 1:1,3,4,6,8,9,15,16,18,19,20,21,22,23,24,25,26,28,30,31,32,33,34,36,37,45,46,47,48,49,54,55,59,62,63,65,67,69,70,27,53,2,52,40,14,39,41,43,29,66,58,17,51,12,5,42,7,60,50,68,11,35,
7to 2:2,5,15,16,18,21,23,24,25,26,29,31,32,33,35,36,37,38,39,40,42,44,45,48,54,55,59,60,62,63,64,67,69,70,27,49,14,52,53,8,41,61,51,9,43,17,66,7,12,20,65,58,19,1,13,11,4,57,
7to 3:2,6,8,15,16,18,21,22,23,24,27,29,31,32,34,37,38,45,46,47,49,50,52,54,59,62,63,64,65,67,68,69,70,40,14,53,48,61,41,51,39,17,33,36,58,25,44,66,42,5,26,20,7,19,13,1,4,35,
7to 4:1,2,3,4,6,9,15,16,17,18,20,22,23,24,25,26,27,30,31,32,34,37,38,41,44,45,46,47,49,50,54,55,59,60,61,62,63,64,66,67,68,69,52,40,53,14,48,8,51,33,39,29,43,58,5,65,7,12,42,19,11,56,13,35,
7to 5:2,3,4,5,6,10,15,19,20,21,22,23,24,25,26,30,31,34,37,38,41,45,47,50,51,52,54,55,59,61,62,64,67,69,70,53,14,40,27,16,48,9,8,18,39,58,33,42,65,66,17,12,1,68,35,
7to 6:2,5,12,15,16,18,21,22,23,24,25,26,31,34,37,38,40,41,44,45,47,49,50,52,54,55,59,62,63,64,65,67,69,53,27,14,48,9,29,39,61,36,51,8,33,58,42,17,7,66,20,19,60,1,13,56,4,35,
7to 7:

cell1:4,2,3,6,5,7,
cell2:3,4,5,7,6,1,
cell3:2,1,5,6,7,4,
cell4:3,6,5,7,2,1,
cell5:2,6,7,3,1,4,
cell6:2,4,5,7,1,3,
cell7:5,1,2,4,6,3,
