12 220 6 6 6

1 1 2 2 3 3 4 4 5 5 6 6 

0 15 18 27 18 9 
9 0 14 11 8 28 
24 28 0 22 18 17 
14 22 17 0 26 19 
6 12 15 29 0 29 
14 28 8 17 7 0 

0 1 1 1 1 1 
1 0 1 1 1 1 
1 1 0 1 1 1 
1 1 1 0 1 1 
1 1 1 1 0 1 
1 1 1 1 1 0 

5 9 5 6 8 5 9 5 5 9 5 5 
7 7 7 7 5 8 5 7 7 8 6 5 
6 5 8 9 9 9 5 6 6 8 8 6 
8 9 5 8 9 6 5 8 7 7 7 6 
6 7 8 7 6 8 5 9 9 5 9 5 
7 6 9 5 8 5 6 6 6 5 9 7 

8    1    2397    0.4    4794
25 0 0 0 0 0 0 0 0 0 0 0 
0 9 0 0 0 0 0 0 0 0 0 0 
0 0 0 0 0 44 0 0 0 0 0 0 
0 0 0 4 0 0 0 0 0 0 0 0 
0 0 0 0 0 0 48 0 0 0 0 0 
0 0 0 0 0 0 0 68 0 0 0 0 
0 0 0 0 0 0 0 0 81 0 0 0 
0 0 0 0 0 0 0 0 0 52 0 0 
9    3    5664    0.2    11328
0 0 0 0 0 0 0 0 0 0 78 0 
0 0 0 0 0 0 0 0 0 0 0 46 
0 0 0 0 51 0 0 0 0 0 0 0 
0 0 0 0 0 70 0 0 0 0 0 0 
0 0 0 0 0 0 0 0 0 9 0 0 
4 0 0 0 0 0 0 0 0 0 0 0 
0 91 0 0 0 0 0 0 0 0 0 0 
0 0 0 77 0 0 0 0 0 0 0 0 
0 0 0 0 0 0 0 17 0 0 0 0 
10    3    5058    0.5    10116
0 0 0 0 0 0 0 0 0 0 35 0 
0 0 0 0 0 0 0 0 0 0 0 20 
0 29 0 0 0 0 0 0 0 0 0 0 
0 0 0 0 0 0 72 0 0 0 0 0 
0 0 0 0 0 0 0 51 0 0 0 0 
0 0 6 0 0 0 0 0 0 0 0 0 
0 0 0 96 0 0 0 0 0 0 0 0 
0 0 0 0 57 0 0 0 0 0 0 0 
0 0 0 0 0 65 0 0 0 0 0 0 
0 0 0 0 0 0 0 0 0 92 0 0 
10    4    6273    0.5    12546
29 0 0 0 0 0 0 0 0 0 0 0 
0 12 0 0 0 0 0 0 0 0 0 0 
0 0 63 0 0 0 0 0 0 0 0 0 
0 0 0 64 0 0 0 0 0 0 0 0 
0 0 0 0 0 0 0 0 0 0 0 91 
0 0 0 0 0 80 0 0 0 0 0 0 
0 0 0 0 0 0 0 0 96 0 0 0 
0 0 0 0 0 0 0 0 0 93 0 0 
0 0 0 0 0 0 64 0 0 0 0 0 
0 0 0 0 0 0 0 95 0 0 0 0 
7    5    3408    0.3    6816
0 0 0 0 0 0 2 0 0 0 0 0 
0 0 0 0 0 0 0 76 0 0 0 0 
58 0 0 0 0 0 0 0 0 0 0 0 
0 65 0 0 0 0 0 0 0 0 0 0 
0 0 0 8 0 0 0 0 0 0 0 0 
0 0 0 0 0 0 0 0 0 0 0 58 
0 0 0 0 0 50 0 0 0 0 0 0 
7    3    3543    0.8    7086
0 0 0 0 0 0 0 0 0 84 0 0 
47 0 0 0 0 0 0 0 0 0 0 0 
0 92 0 0 0 0 0 0 0 0 0 0 
0 0 47 0 0 0 0 0 0 0 0 0 
0 0 0 89 0 0 0 0 0 0 0 0 
0 0 0 0 36 0 0 0 0 0 0 0 
0 0 0 0 0 78 0 0 0 0 0 0 
8    4    4047    0.5    8094
0 0 0 0 97 0 0 0 0 0 0 0 
0 0 0 0 0 71 0 0 0 0 0 0 
71 0 0 0 0 0 0 0 0 0 0 0 
0 30 0 0 0 0 0 0 0 0 0 0 
0 0 96 0 0 0 0 0 0 0 0 0 
0 0 0 9 0 0 0 0 0 0 0 0 
0 0 0 0 0 0 0 0 0 0 41 0 
0 0 0 0 0 0 0 0 0 0 0 41 
8    0    3435    0.2    6870
0 0 0 0 0 0 0 88 0 0 0 0 
0 0 0 0 0 0 0 0 0 0 0 29 
0 0 0 0 10 0 0 0 0 0 0 0 
0 0 0 0 0 3 0 0 0 0 0 0 
100 0 0 0 0 0 0 0 0 0 0 0 
0 92 0 0 0 0 0 0 0 0 0 0 
0 0 0 0 0 0 0 0 61 0 0 0 
0 0 0 0 0 0 0 0 0 39 0 0 
8    5    3912    0.7    7824
0 0 82 0 0 0 0 0 0 0 0 0 
0 0 0 16 0 0 0 0 0 0 0 0 
0 0 0 0 0 10 0 0 0 0 0 0 
0 0 0 0 0 0 67 0 0 0 0 0 
0 0 0 0 0 0 0 97 0 0 0 0 
8 0 0 0 0 0 0 0 0 0 0 0 
0 84 0 0 0 0 0 0 0 0 0 0 
0 0 0 0 0 0 0 0 0 0 0 39 
8    1    4320    0.5    8640
0 0 18 0 0 0 0 0 0 0 0 0 
0 0 0 19 0 0 0 0 0 0 0 0 
0 0 0 0 46 0 0 0 0 0 0 0 
0 0 0 0 0 95 0 0 0 0 0 0 
0 0 0 0 0 0 0 0 92 0 0 0 
0 0 0 0 0 0 0 0 0 37 0 0 
0 80 0 0 0 0 0 0 0 0 0 0 
0 0 0 0 0 0 0 69 0 0 0 0 
11    5    7218    0.9    14436
0 0 0 0 0 0 0 0 0 0 75 0 
0 0 0 0 0 0 0 0 0 0 0 1 
0 0 0 0 0 0 0 0 55 0 0 0 
0 0 0 0 0 0 0 0 0 90 0 0 
0 0 0 0 0 0 70 0 0 0 0 0 
0 0 0 0 0 0 0 73 0 0 0 0 
41 0 0 0 0 0 0 0 0 0 0 0 
0 59 0 0 0 0 0 0 0 0 0 0 
0 0 51 0 0 0 0 0 0 0 0 0 
0 0 0 77 0 0 0 0 0 0 0 0 
0 0 0 0 0 32 0 0 0 0 0 0 
8    4    2913    0.3    5826
0 0 51 0 0 0 0 0 0 0 0 0 
0 0 0 21 0 0 0 0 0 0 0 0 
0 0 0 0 0 0 0 0 47 0 0 0 
0 0 0 0 0 0 0 0 0 20 0 0 
0 0 0 0 40 0 0 0 0 0 0 0 
0 0 0 0 0 9 0 0 0 0 0 0 
0 0 0 0 0 0 0 25 0 0 0 0 
0 87 0 0 0 0 0 0 0 0 0 0 
7    5    3729    0.2    7458
70 0 0 0 0 0 0 0 0 0 0 0 
0 98 0 0 0 0 0 0 0 0 0 0 
0 0 0 0 0 0 0 0 0 49 0 0 
0 0 0 0 59 0 0 0 0 0 0 0 
0 0 0 0 0 63 0 0 0 0 0 0 
0 0 0 0 0 0 77 0 0 0 0 0 
0 0 0 0 0 0 0 48 0 0 0 0 
10    1    6732    0.3    13464
0 0 0 0 99 0 0 0 0 0 0 0 
0 0 0 0 0 49 0 0 0 0 0 0 
0 85 0 0 0 0 0 0 0 0 0 0 
0 0 0 0 0 0 0 0 0 62 0 0 
0 0 0 0 0 0 0 0 0 0 3 0 
0 0 0 0 0 0 0 0 0 0 0 100 
0 0 0 0 0 0 26 0 0 0 0 0 
0 0 0 0 0 0 0 66 0 0 0 0 
0 0 35 0 0 0 0 0 0 0 0 0 
0 0 0 67 0 0 0 0 0 0 0 0 
6    3    3501    0.2    7002
0 0 0 0 0 0 0 0 99 0 0 0 
0 0 0 0 0 0 0 0 0 18 0 0 
0 0 0 0 0 0 0 0 0 0 87 0 
0 0 0 0 0 0 0 0 0 0 0 100 
0 4 0 0 0 0 0 0 0 0 0 0 
0 0 0 43 0 0 0 0 0 0 0 0 
6    3    1161    0.5    2322
0 11 0 0 0 0 0 0 0 0 0 0 
0 0 6 0 0 0 0 0 0 0 0 0 
0 0 0 4 0 0 0 0 0 0 0 0 
0 0 0 0 93 0 0 0 0 0 0 0 
0 0 0 0 0 30 0 0 0 0 0 0 
0 0 0 0 0 0 0 7 0 0 0 0 
8    0    2088    0.9    4176
9 0 0 0 0 0 0 0 0 0 0 0 
0 4 0 0 0 0 0 0 0 0 0 0 
0 0 86 0 0 0 0 0 0 0 0 0 
0 0 0 30 0 0 0 0 0 0 0 0 
0 0 0 0 0 0 37 0 0 0 0 0 
0 0 0 0 0 0 0 59 0 0 0 0 
0 0 0 0 42 0 0 0 0 0 0 0 
0 0 0 0 0 9 0 0 0 0 0 0 
8    4    6021    0.3    12042
0 0 0 0 0 0 0 72 0 0 0 0 
0 0 0 0 0 0 0 0 0 77 0 0 
0 0 0 0 0 0 0 0 0 0 0 90 
64 0 0 0 0 0 0 0 0 0 0 0 
0 82 0 0 0 0 0 0 0 0 0 0 
0 0 95 0 0 0 0 0 0 0 0 0 
0 0 0 11 0 0 0 0 0 0 0 0 
0 0 0 0 0 96 0 0 0 0 0 0 
8    3    4401    0.3    8802
0 0 0 0 0 0 22 0 0 0 0 0 
0 0 0 0 0 0 0 71 0 0 0 0 
0 0 0 0 0 0 0 0 45 0 0 0 
0 0 0 0 0 0 0 0 0 14 0 0 
0 96 0 0 0 0 0 0 0 0 0 0 
0 0 0 25 0 0 0 0 0 0 0 0 
0 0 0 0 0 30 0 0 0 0 0 0 
0 0 0 0 0 0 0 0 0 0 0 34 
5    4    1689    0.1    3378
0 67 0 0 0 0 0 0 0 0 0 0 
0 0 0 0 24 0 0 0 0 0 0 0 
0 0 0 0 0 7 0 0 0 0 0 0 
0 0 0 17 0 0 0 0 0 0 0 0 
0 0 0 0 0 0 0 0 0 79 0 0 
5    5    1920    0.7    3840
0 0 0 0 0 4 0 0 0 0 0 0 
0 0 0 0 0 0 0 70 0 0 0 0 
0 0 0 0 0 0 0 0 0 0 90 0 
0 0 0 0 0 0 0 0 0 0 0 60 
0 50 0 0 0 0 0 0 0 0 0 0 
11    1    5685    0.2    11370
0 0 0 0 0 0 20 0 0 0 0 0 
0 0 0 0 0 0 0 10 0 0 0 0 
90 0 0 0 0 0 0 0 0 0 0 0 
0 67 0 0 0 0 0 0 0 0 0 0 
0 0 0 0 0 53 0 0 0 0 0 0 
0 0 0 0 0 0 0 0 21 0 0 0 
0 0 0 0 0 0 0 0 0 95 0 0 
0 0 0 0 0 0 0 0 0 0 6 0 
0 0 0 0 0 0 0 0 0 0 0 78 
0 0 24 0 0 0 0 0 0 0 0 0 
0 0 0 99 0 0 0 0 0 0 0 0 
8    5    3498    0.4    6996
0 0 0 0 0 0 0 0 15 0 0 0 
0 0 0 0 0 0 0 0 0 69 0 0 
0 63 0 0 0 0 0 0 0 0 0 0 
0 0 0 0 0 0 0 0 0 0 0 4 
0 0 0 0 0 0 68 0 0 0 0 0 
0 0 0 0 0 0 0 64 0 0 0 0 
0 0 0 0 71 0 0 0 0 0 0 0 
0 0 0 0 0 100 0 0 0 0 0 0 
7    1    3675    0.6    7350
0 0 0 0 0 10 0 0 0 0 0 0 
0 0 0 0 0 0 0 0 85 0 0 0 
0 0 0 0 0 0 0 0 0 66 0 0 
0 0 0 0 0 0 0 0 0 0 74 0 
0 0 0 0 0 0 0 0 0 0 0 58 
0 12 0 0 0 0 0 0 0 0 0 0 
0 0 0 0 0 0 0 63 0 0 0 0 
6    4    1971    0.8    3942
0 0 0 0 0 0 0 6 0 0 0 0 
70 0 0 0 0 0 0 0 0 0 0 0 
0 70 0 0 0 0 0 0 0 0 0 0 
0 0 0 0 0 0 0 0 0 0 0 1 
0 0 57 0 0 0 0 0 0 0 0 0 
0 0 0 76 0 0 0 0 0 0 0 0 
6    4    2523    0.2    5046
0 28 0 0 0 0 0 0 0 0 0 0 
0 0 0 0 0 0 0 0 0 0 88 0 
0 0 0 0 0 0 0 0 0 0 0 82 
0 0 0 0 0 0 0 22 0 0 0 0 
0 0 57 0 0 0 0 0 0 0 0 0 
0 0 0 54 0 0 0 0 0 0 0 0 
5    5    1878    0.3    3756
0 0 0 0 0 0 0 0 50 0 0 0 
0 0 0 0 0 0 0 0 0 69 0 0 
0 0 0 0 48 0 0 0 0 0 0 0 
0 0 0 0 0 29 0 0 0 0 0 0 
0 48 0 0 0 0 0 0 0 0 0 0 
8    0    3732    0.1    7464
0 0 0 0 0 75 0 0 0 0 0 0 
0 0 0 0 0 0 0 0 0 70 0 0 
0 0 0 0 0 0 0 0 0 0 11 0 
0 0 0 0 0 0 0 0 0 0 0 90 
0 0 55 0 0 0 0 0 0 0 0 0 
0 0 0 24 0 0 0 0 0 0 0 0 
5 0 0 0 0 0 0 0 0 0 0 0 
0 37 0 0 0 0 0 0 0 0 0 0 
11    1    4626    0.3    9252
0 0 0 0 0 0 41 0 0 0 0 0 
0 0 0 0 0 0 0 62 0 0 0 0 
0 0 0 0 0 0 0 0 0 0 74 0 
0 0 0 0 0 0 0 0 0 0 0 9 
0 5 0 0 0 0 0 0 0 0 0 0 
0 0 9 0 0 0 0 0 0 0 0 0 
0 0 0 25 0 0 0 0 0 0 0 0 
0 0 0 0 78 0 0 0 0 0 0 0 
0 0 0 0 0 51 0 0 0 0 0 0 
0 0 0 0 0 0 0 0 26 0 0 0 
0 0 0 0 0 0 0 0 0 41 0 0 
7    3    4158    0.2    8316
0 0 0 0 0 0 0 0 0 0 84 0 
0 0 0 0 0 0 0 0 0 0 0 52 
0 60 0 0 0 0 0 0 0 0 0 0 
0 0 5 0 0 0 0 0 0 0 0 0 
0 0 0 49 0 0 0 0 0 0 0 0 
0 0 0 0 0 0 0 0 0 94 0 0 
0 0 0 0 0 62 0 0 0 0 0 0 
6    4    2541    0.1    5082
0 0 95 0 0 0 0 0 0 0 0 0 
0 0 0 13 0 0 0 0 0 0 0 0 
0 0 0 0 0 0 0 0 0 24 0 0 
79 0 0 0 0 0 0 0 0 0 0 0 
0 50 0 0 0 0 0 0 0 0 0 0 
0 0 0 0 0 15 0 0 0 0 0 0 
5    3    2376    0.2    4752
0 76 0 0 0 0 0 0 0 0 0 0 
0 0 0 0 0 0 0 0 0 79 0 0 
0 0 0 0 0 0 0 0 0 0 0 44 
0 0 0 0 85 0 0 0 0 0 0 0 
0 0 0 0 0 9 0 0 0 0 0 0 
7    1    2370    0.7    4740
0 0 0 0 0 0 0 0 0 0 19 0 
0 0 0 0 0 0 0 0 0 0 0 29 
10 0 0 0 0 0 0 0 0 0 0 0 
0 98 0 0 0 0 0 0 0 0 0 0 
0 0 0 0 0 0 0 0 0 54 0 0 
0 0 0 0 47 0 0 0 0 0 0 0 
0 0 0 0 0 37 0 0 0 0 0 0 
7    0    2898    0.2    5796
0 0 25 0 0 0 0 0 0 0 0 0 
0 0 0 48 0 0 0 0 0 0 0 0 
0 0 0 0 0 0 0 0 0 0 0 68 
0 45 0 0 0 0 0 0 0 0 0 0 
0 0 0 0 0 32 0 0 0 0 0 0 
0 0 0 0 0 0 13 0 0 0 0 0 
0 0 0 0 0 0 0 42 0 0 0 0 
5    3    1062    0.5    2124
0 0 0 0 0 0 0 0 0 23 0 0 
0 0 0 0 0 0 6 0 0 0 0 0 
0 0 0 0 0 0 0 25 0 0 0 0 
0 37 0 0 0 0 0 0 0 0 0 0 
0 0 0 0 0 0 0 0 0 0 0 10 
11    5    6270    0.4    12540
0 0 0 0 0 0 0 0 81 0 0 0 
0 0 0 0 0 0 0 0 0 18 0 0 
0 0 0 0 0 0 0 0 0 0 0 77 
0 0 12 0 0 0 0 0 0 0 0 0 
0 0 0 70 0 0 0 0 0 0 0 0 
41 0 0 0 0 0 0 0 0 0 0 0 
0 84 0 0 0 0 0 0 0 0 0 0 
0 0 0 0 69 0 0 0 0 0 0 0 
0 0 0 0 0 44 0 0 0 0 0 0 
0 0 0 0 0 0 72 0 0 0 0 0 
0 0 0 0 0 0 0 26 0 0 0 0 
8    4    3870    0.5    7740
0 0 51 0 0 0 0 0 0 0 0 0 
0 0 0 64 0 0 0 0 0 0 0 0 
29 0 0 0 0 0 0 0 0 0 0 0 
0 29 0 0 0 0 0 0 0 0 0 0 
0 0 0 0 0 0 0 0 0 72 0 0 
0 0 0 0 0 0 0 0 0 0 0 85 
0 0 0 0 19 0 0 0 0 0 0 0 
0 0 0 0 0 5 0 0 0 0 0 0 
6    0    4056    0.7    8112
0 0 0 0 0 0 0 0 0 0 0 56 
0 0 90 0 0 0 0 0 0 0 0 0 
0 0 0 88 0 0 0 0 0 0 0 0 
0 0 0 0 0 0 0 45 0 0 0 0 
0 39 0 0 0 0 0 0 0 0 0 0 
0 0 0 0 0 0 0 0 0 76 0 0 
9    2    5277    0.7    10554
8 0 0 0 0 0 0 0 0 0 0 0 
0 92 0 0 0 0 0 0 0 0 0 0 
0 0 0 0 0 42 0 0 0 0 0 0 
0 0 0 0 0 0 0 81 0 0 0 0 
0 0 0 0 0 0 0 0 0 0 88 0 
0 0 0 0 0 0 0 0 0 0 0 19 
0 0 66 0 0 0 0 0 0 0 0 0 
0 0 0 25 0 0 0 0 0 0 0 0 
0 0 0 0 0 0 0 0 0 35 0 0 
7    3    2460    0.9    4920
0 0 0 0 31 0 0 0 0 0 0 0 
0 0 0 0 0 60 0 0 0 0 0 0 
0 10 0 0 0 0 0 0 0 0 0 0 
0 0 39 0 0 0 0 0 0 0 0 0 
0 0 0 78 0 0 0 0 0 0 0 0 
0 0 0 0 0 0 82 0 0 0 0 0 
0 0 0 0 0 0 0 60 0 0 0 0 
11    2    6966    0.5    13932
0 0 0 0 20 0 0 0 0 0 0 0 
0 0 0 0 0 50 0 0 0 0 0 0 
0 0 0 0 0 0 85 0 0 0 0 0 
0 0 0 0 0 0 0 94 0 0 0 0 
0 0 0 0 0 0 0 0 0 0 0 77 
0 0 90 0 0 0 0 0 0 0 0 0 
0 0 0 10 0 0 0 0 0 0 0 0 
0 0 0 0 0 0 0 0 66 0 0 0 
0 0 0 0 0 0 0 0 0 40 0 0 
84 0 0 0 0 0 0 0 0 0 0 0 
0 26 0 0 0 0 0 0 0 0 0 0 
9    1    3762    0.9    7524
0 0 46 0 0 0 0 0 0 0 0 0 
0 0 0 10 0 0 0 0 0 0 0 0 
0 0 0 0 0 0 0 0 33 0 0 0 
0 0 0 0 0 0 0 0 0 84 0 0 
0 0 0 0 0 0 0 0 0 0 17 0 
0 0 0 0 0 0 0 0 0 0 0 32 
0 0 0 0 0 0 60 0 0 0 0 0 
0 0 0 0 0 0 0 70 0 0 0 0 
0 31 0 0 0 0 0 0 0 0 0 0 
10    4    4284    0.3    8568
0 0 0 0 0 0 0 0 57 0 0 0 
0 0 0 0 0 0 0 0 0 4 0 0 
0 0 28 0 0 0 0 0 0 0 0 0 
0 0 0 76 0 0 0 0 0 0 0 0 
0 0 0 0 0 0 0 0 0 0 29 0 
0 0 0 0 0 0 0 0 0 0 0 63 
0 0 0 0 0 0 38 0 0 0 0 0 
0 0 0 0 0 0 0 70 0 0 0 0 
67 0 0 0 0 0 0 0 0 0 0 0 
0 78 0 0 0 0 0 0 0 0 0 0 
6    0    2319    0.7    4638
0 0 0 0 0 0 45 0 0 0 0 0 
0 0 0 0 0 0 0 77 0 0 0 0 
47 0 0 0 0 0 0 0 0 0 0 0 
0 91 0 0 0 0 0 0 0 0 0 0 
0 0 9 0 0 0 0 0 0 0 0 0 
0 0 0 52 0 0 0 0 0 0 0 0 
10    5    5592    0.8    11184
0 0 0 19 0 0 0 0 0 0 0 0 
47 0 0 0 0 0 0 0 0 0 0 0 
0 96 0 0 0 0 0 0 0 0 0 0 
0 0 0 0 0 84 0 0 0 0 0 0 
0 0 0 0 0 0 10 0 0 0 0 0 
0 0 0 0 0 0 0 52 0 0 0 0 
0 0 0 0 0 0 0 0 85 0 0 0 
0 0 0 0 0 0 0 0 0 75 0 0 
0 0 0 0 0 0 0 0 0 0 68 0 
0 0 0 0 0 0 0 0 0 0 0 50 
11    2    4671    0.5    9342
0 0 0 0 0 49 0 0 0 0 0 0 
0 0 51 0 0 0 0 0 0 0 0 0 
0 0 0 17 0 0 0 0 0 0 0 0 
0 0 0 0 0 0 58 0 0 0 0 0 
0 0 0 0 0 0 0 34 0 0 0 0 
0 0 0 0 0 0 0 0 31 0 0 0 
0 0 0 0 0 0 0 0 0 44 0 0 
0 0 0 0 0 0 0 0 0 0 7 0 
0 0 0 0 0 0 0 0 0 0 0 44 
92 0 0 0 0 0 0 0 0 0 0 0 
0 42 0 0 0 0 0 0 0 0 0 0 
5    1    2457    0.9    4914
0 0 86 0 0 0 0 0 0 0 0 0 
0 0 0 85 0 0 0 0 0 0 0 0 
25 0 0 0 0 0 0 0 0 0 0 0 
0 72 0 0 0 0 0 0 0 0 0 0 
0 0 0 0 0 26 0 0 0 0 0 0 
7    5    3885    0.1    7770
0 0 0 61 0 0 0 0 0 0 0 0 
3 0 0 0 0 0 0 0 0 0 0 0 
0 92 0 0 0 0 0 0 0 0 0 0 
0 0 0 0 0 0 94 0 0 0 0 0 
0 0 0 0 0 0 0 46 0 0 0 0 
0 0 0 0 0 0 0 0 0 25 0 0 
0 0 0 0 0 79 0 0 0 0 0 0 
7    2    3189    0.3    6378
0 0 0 0 0 0 0 0 0 0 81 0 
0 0 0 0 0 0 0 0 0 0 0 73 
5 0 0 0 0 0 0 0 0 0 0 0 
0 77 0 0 0 0 0 0 0 0 0 0 
0 0 0 0 0 53 0 0 0 0 0 0 
0 0 17 0 0 0 0 0 0 0 0 0 
0 0 0 9 0 0 0 0 0 0 0 0 
5    3    2199    0.8    4398
0 0 0 0 0 0 0 0 0 0 71 0 
0 0 0 0 0 0 0 0 0 0 0 60 
0 0 89 0 0 0 0 0 0 0 0 0 
0 0 0 20 0 0 0 0 0 0 0 0 
0 59 0 0 0 0 0 0 0 0 0 0 
7    3    3228    0.7    6456
0 40 0 0 0 0 0 0 0 0 0 0 
0 0 49 0 0 0 0 0 0 0 0 0 
0 0 0 13 0 0 0 0 0 0 0 0 
0 0 0 0 74 0 0 0 0 0 0 0 
0 0 0 0 0 90 0 0 0 0 0 0 
0 0 0 0 0 0 0 10 0 0 0 0 
0 0 0 0 0 0 0 0 0 53 0 0 
10    5    7731    0.2    15462
0 0 0 0 0 0 61 0 0 0 0 0 
0 0 0 0 0 0 0 95 0 0 0 0 
0 0 0 0 0 0 0 0 69 0 0 0 
0 0 0 0 0 0 0 0 0 68 0 0 
0 0 0 0 51 0 0 0 0 0 0 0 
0 0 0 0 0 27 0 0 0 0 0 0 
0 0 94 0 0 0 0 0 0 0 0 0 
0 0 0 49 0 0 0 0 0 0 0 0 
0 0 0 0 0 0 0 0 0 0 0 18 
0 82 0 0 0 0 0 0 0 0 0 0 
8    4    4890    0.7    9780
0 0 0 0 0 77 0 0 0 0 0 0 
0 34 0 0 0 0 0 0 0 0 0 0 
0 0 90 0 0 0 0 0 0 0 0 0 
0 0 0 88 0 0 0 0 0 0 0 0 
0 0 0 0 0 0 16 0 0 0 0 0 
0 0 0 0 0 0 0 31 0 0 0 0 
0 0 0 0 0 0 0 0 0 21 0 0 
0 0 0 0 0 0 0 0 0 0 0 27 
5    1    987    0.2    1974
40 0 0 0 0 0 0 0 0 0 0 0 
0 9 0 0 0 0 0 0 0 0 0 0 
0 0 4 0 0 0 0 0 0 0 0 0 
0 0 0 25 0 0 0 0 0 0 0 0 
0 0 0 0 0 0 0 48 0 0 0 0 
8    1    3297    0.8    6594
0 0 0 26 0 0 0 0 0 0 0 0 
40 0 0 0 0 0 0 0 0 0 0 0 
0 44 0 0 0 0 0 0 0 0 0 0 
0 0 0 0 47 0 0 0 0 0 0 0 
0 0 0 0 0 48 0 0 0 0 0 0 
0 0 0 0 0 0 77 0 0 0 0 0 
0 0 0 0 0 0 0 61 0 0 0 0 
0 0 0 0 0 0 0 0 0 24 0 0 
6    1    2340    0.8    4680
0 0 0 0 0 0 0 0 14 0 0 0 
0 0 0 0 0 0 0 0 0 72 0 0 
0 0 0 0 0 7 0 0 0 0 0 0 
0 0 0 40 0 0 0 0 0 0 0 0 
0 0 0 0 0 0 0 0 0 0 0 39 
0 27 0 0 0 0 0 0 0 0 0 0 
5    3    3300    0.9    6600
0 0 0 0 0 0 78 0 0 0 0 0 
0 0 0 0 0 0 0 96 0 0 0 0 
0 0 0 0 0 0 0 0 0 0 0 39 
0 87 0 0 0 0 0 0 0 0 0 0 
0 0 0 47 0 0 0 0 0 0 0 0 
7    3    3327    0.9    6654
0 0 0 0 0 0 100 0 0 0 0 0 
0 0 0 0 0 0 0 48 0 0 0 0 
0 0 0 0 0 0 0 0 0 0 39 0 
0 0 0 0 0 0 0 0 0 0 0 51 
0 24 0 0 0 0 0 0 0 0 0 0 
0 0 0 0 74 0 0 0 0 0 0 0 
0 0 0 0 0 41 0 0 0 0 0 0 
8    2    4962    0.5    9924
0 0 0 0 0 0 0 0 0 86 0 0 
0 0 0 0 57 0 0 0 0 0 0 0 
0 0 0 0 0 66 0 0 0 0 0 0 
0 0 0 0 0 0 0 0 0 0 71 0 
0 0 0 0 0 0 0 0 0 0 0 76 
0 0 0 0 0 0 86 0 0 0 0 0 
0 0 0 0 0 0 0 13 0 0 0 0 
0 30 0 0 0 0 0 0 0 0 0 0 
10    3    5925    0.8    11850
0 0 0 0 0 0 0 0 0 0 0 69 
0 0 21 0 0 0 0 0 0 0 0 0 
0 0 0 79 0 0 0 0 0 0 0 0 
0 0 0 0 30 0 0 0 0 0 0 0 
0 0 0 0 0 85 0 0 0 0 0 0 
0 0 0 0 0 0 0 0 69 0 0 0 
0 0 0 0 0 0 0 0 0 51 0 0 
0 0 0 0 0 0 12 0 0 0 0 0 
0 0 0 0 0 0 0 14 0 0 0 0 
0 100 0 0 0 0 0 0 0 0 0 0 
7    1    5178    0.9    10356
0 0 0 0 0 0 0 93 0 0 0 0 
0 0 0 0 0 0 0 0 0 0 97 0 
0 0 0 0 0 0 0 0 0 0 0 77 
0 54 0 0 0 0 0 0 0 0 0 0 
0 0 0 0 0 0 0 0 78 0 0 0 
0 0 0 0 0 0 0 0 0 36 0 0 
0 0 0 0 0 93 0 0 0 0 0 0 
7    1    2400    0.7    4800
0 33 0 0 0 0 0 0 0 0 0 0 
0 0 0 0 0 31 0 0 0 0 0 0 
0 0 0 0 0 0 0 85 0 0 0 0 
0 0 0 0 0 0 0 0 0 0 14 0 
0 0 0 0 0 0 0 0 0 0 0 45 
0 0 30 0 0 0 0 0 0 0 0 0 
0 0 0 13 0 0 0 0 0 0 0 0 
9    4    6156    0.7    12312
0 0 0 0 50 0 0 0 0 0 0 0 
0 0 0 0 0 9 0 0 0 0 0 0 
0 0 0 0 0 0 71 0 0 0 0 0 
0 0 0 0 0 0 0 100 0 0 0 0 
0 74 0 0 0 0 0 0 0 0 0 0 
0 0 0 0 0 0 0 0 0 0 0 70 
0 0 0 0 0 0 0 0 0 94 0 0 
0 0 35 0 0 0 0 0 0 0 0 0 
0 0 0 62 0 0 0 0 0 0 0 0 
7    4    2643    0.4    5286
0 0 0 0 0 0 0 51 0 0 0 0 
0 39 0 0 0 0 0 0 0 0 0 0 
0 0 0 0 19 0 0 0 0 0 0 0 
0 0 0 0 0 27 0 0 0 0 0 0 
0 0 0 0 0 0 0 0 0 89 0 0 
0 0 74 0 0 0 0 0 0 0 0 0 
0 0 0 1 0 0 0 0 0 0 0 0 
6    2    1830    0.9    3660
0 0 0 0 39 0 0 0 0 0 0 0 
0 0 0 0 0 34 0 0 0 0 0 0 
9 0 0 0 0 0 0 0 0 0 0 0 
0 39 0 0 0 0 0 0 0 0 0 0 
0 0 0 28 0 0 0 0 0 0 0 0 
0 0 0 0 0 0 0 0 0 0 0 62 
6    3    2169    0.9    4338
0 0 0 0 0 20 0 0 0 0 0 0 
0 0 0 0 0 0 0 0 0 0 64 0 
0 0 0 0 0 0 0 0 0 0 0 32 
60 0 0 0 0 0 0 0 0 0 0 0 
0 53 0 0 0 0 0 0 0 0 0 0 
0 0 0 0 0 0 0 0 0 58 0 0 
7    4    1572    0.6    3144
8 0 0 0 0 0 0 0 0 0 0 0 
0 4 0 0 0 0 0 0 0 0 0 0 
0 0 0 0 0 0 0 0 50 0 0 0 
0 0 0 0 0 0 0 0 0 15 0 0 
0 0 71 0 0 0 0 0 0 0 0 0 
0 0 0 15 0 0 0 0 0 0 0 0 
0 0 0 0 0 20 0 0 0 0 0 0 
10    5    7371    0.8    14742
0 0 0 0 96 0 0 0 0 0 0 0 
0 0 0 0 0 60 0 0 0 0 0 0 
0 0 0 0 0 0 71 0 0 0 0 0 
0 0 0 0 0 0 0 48 0 0 0 0 
0 0 84 0 0 0 0 0 0 0 0 0 
0 0 0 51 0 0 0 0 0 0 0 0 
0 0 0 0 0 0 0 0 71 0 0 0 
0 0 0 0 0 0 0 0 0 5 0 0 
0 20 0 0 0 0 0 0 0 0 0 0 
0 0 0 0 0 0 0 0 0 0 0 60 
8    5    3963    0.5    7926
0 0 0 0 0 0 0 0 57 0 0 0 
0 0 0 0 0 0 0 0 0 40 0 0 
0 0 93 0 0 0 0 0 0 0 0 0 
0 0 0 34 0 0 0 0 0 0 0 0 
0 0 0 0 0 0 32 0 0 0 0 0 
0 0 0 0 0 0 0 3 0 0 0 0 
0 50 0 0 0 0 0 0 0 0 0 0 
0 0 0 0 0 52 0 0 0 0 0 0 
6    4    2625    0.1    5250
0 0 0 0 0 0 0 0 0 0 33 0 
0 0 0 0 0 0 0 0 0 0 0 40 
0 0 0 83 0 0 0 0 0 0 0 0 
32 0 0 0 0 0 0 0 0 0 0 0 
0 62 0 0 0 0 0 0 0 0 0 0 
0 0 0 0 0 0 0 0 0 81 0 0 
11    0    6003    0.9    12006
17 0 0 0 0 0 0 0 0 0 0 0 
0 91 0 0 0 0 0 0 0 0 0 0 
0 0 0 0 0 0 0 0 21 0 0 0 
0 0 0 0 0 0 0 0 0 3 0 0 
0 0 42 0 0 0 0 0 0 0 0 0 
0 0 0 96 0 0 0 0 0 0 0 0 
0 0 0 0 0 0 0 0 0 0 47 0 
0 0 0 0 0 0 0 0 0 0 0 74 
0 0 0 0 0 83 0 0 0 0 0 0 
0 0 0 0 0 0 13 0 0 0 0 0 
0 0 0 0 0 0 0 73 0 0 0 0 
10    0    6483    0.9    12966
0 0 0 0 0 0 0 0 56 0 0 0 
0 0 0 0 0 0 0 0 0 68 0 0 
77 0 0 0 0 0 0 0 0 0 0 0 
0 47 0 0 0 0 0 0 0 0 0 0 
0 0 0 0 0 0 0 0 0 0 0 6 
0 0 0 0 0 0 73 0 0 0 0 0 
0 0 0 0 0 0 0 64 0 0 0 0 
0 0 0 0 22 0 0 0 0 0 0 0 
0 0 0 0 0 86 0 0 0 0 0 0 
0 0 0 97 0 0 0 0 0 0 0 0 
6    5    2568    0.2    5136
47 0 0 0 0 0 0 0 0 0 0 0 
0 99 0 0 0 0 0 0 0 0 0 0 
0 0 0 0 82 0 0 0 0 0 0 0 
0 0 0 0 0 38 0 0 0 0 0 0 
0 0 33 0 0 0 0 0 0 0 0 0 
0 0 0 55 0 0 0 0 0 0 0 0 
5    2    3813    0.5    7626
0 0 0 0 0 0 100 0 0 0 0 0 
0 0 0 0 0 0 0 99 0 0 0 0 
0 50 0 0 0 0 0 0 0 0 0 0 
0 0 0 0 0 0 0 0 0 84 0 0 
0 0 0 0 0 82 0 0 0 0 0 0 
5    2    2481    0.1    4962
92 0 0 0 0 0 0 0 0 0 0 0 
0 19 0 0 0 0 0 0 0 0 0 0 
0 0 0 0 0 0 0 24 0 0 0 0 
0 0 0 0 0 83 0 0 0 0 0 0 
0 0 0 0 0 0 0 0 0 64 0 0 
11    3    6549    0.9    13098
0 0 0 0 0 0 90 0 0 0 0 0 
0 0 0 0 0 0 0 30 0 0 0 0 
63 0 0 0 0 0 0 0 0 0 0 0 
0 54 0 0 0 0 0 0 0 0 0 0 
0 0 28 0 0 0 0 0 0 0 0 0 
0 0 0 73 0 0 0 0 0 0 0 0 
0 0 0 0 0 0 0 0 14 0 0 0 
0 0 0 0 0 0 0 0 0 38 0 0 
0 0 0 0 0 0 0 0 0 0 17 0 
0 0 0 0 0 0 0 0 0 0 0 82 
0 0 0 0 0 54 0 0 0 0 0 0 
7    1    3645    0.7    7290
23 0 0 0 0 0 0 0 0 0 0 0 
0 92 0 0 0 0 0 0 0 0 0 0 
0 0 0 0 0 80 0 0 0 0 0 0 
0 0 72 0 0 0 0 0 0 0 0 0 
0 0 0 78 0 0 0 0 0 0 0 0 
0 0 0 0 0 0 0 0 0 0 34 0 
0 0 0 0 0 0 0 0 0 0 0 98 
10    0    5211    0.5    10422
0 0 0 0 0 0 0 0 0 0 0 7 
0 0 0 0 0 0 33 0 0 0 0 0 
0 0 0 0 0 0 0 86 0 0 0 0 
0 0 62 0 0 0 0 0 0 0 0 0 
0 0 0 97 0 0 0 0 0 0 0 0 
0 0 0 0 0 0 0 0 0 27 0 0 
50 0 0 0 0 0 0 0 0 0 0 0 
0 66 0 0 0 0 0 0 0 0 0 0 
0 0 0 0 69 0 0 0 0 0 0 0 
0 0 0 0 0 29 0 0 0 0 0 0 
7    4    1620    0.4    3240
0 0 4 0 0 0 0 0 0 0 0 0 
0 0 0 2 0 0 0 0 0 0 0 0 
3 0 0 0 0 0 0 0 0 0 0 0 
0 85 0 0 0 0 0 0 0 0 0 0 
0 0 0 0 27 0 0 0 0 0 0 0 
0 0 0 0 0 30 0 0 0 0 0 0 
0 0 0 0 0 0 0 0 0 0 0 73 
7    3    2859    0.7    5718
0 0 0 0 0 0 0 0 0 0 25 0 
0 0 0 0 0 0 0 0 0 0 0 71 
0 0 0 75 0 0 0 0 0 0 0 0 
0 0 0 0 38 0 0 0 0 0 0 0 
0 0 0 0 0 16 0 0 0 0 0 0 
84 0 0 0 0 0 0 0 0 0 0 0 
0 62 0 0 0 0 0 0 0 0 0 0 
8    3    3516    0.4    7032
0 0 26 0 0 0 0 0 0 0 0 0 
0 0 0 10 0 0 0 0 0 0 0 0 
0 0 0 0 0 0 0 0 34 0 0 0 
0 0 0 0 0 0 0 0 0 64 0 0 
0 99 0 0 0 0 0 0 0 0 0 0 
0 0 0 0 55 0 0 0 0 0 0 0 
0 0 0 0 0 18 0 0 0 0 0 0 
0 0 0 0 0 0 0 0 0 0 0 88 
10    1    6351    0.6    12702
0 0 0 0 0 0 48 0 0 0 0 0 
0 0 0 0 0 0 0 23 0 0 0 0 
96 0 0 0 0 0 0 0 0 0 0 0 
0 85 0 0 0 0 0 0 0 0 0 0 
0 0 55 0 0 0 0 0 0 0 0 0 
0 0 0 82 0 0 0 0 0 0 0 0 
0 0 0 0 0 0 0 0 98 0 0 0 
0 0 0 0 0 0 0 0 0 100 0 0 
0 0 0 0 0 0 0 0 0 0 70 0 
0 0 0 0 0 0 0 0 0 0 0 97 
11    0    7785    0.6    15570
0 0 0 0 85 0 0 0 0 0 0 0 
0 0 0 0 0 91 0 0 0 0 0 0 
0 0 0 0 0 0 0 0 0 0 96 0 
0 0 0 0 0 0 0 0 0 0 0 42 
0 49 0 0 0 0 0 0 0 0 0 0 
0 0 0 0 0 0 29 0 0 0 0 0 
0 0 0 0 0 0 0 59 0 0 0 0 
0 0 0 0 0 0 0 0 7 0 0 0 
0 0 0 0 0 0 0 0 0 87 0 0 
0 0 87 0 0 0 0 0 0 0 0 0 
0 0 0 30 0 0 0 0 0 0 0 0 
11    2    6576    0.8    13152
0 0 0 0 0 0 71 0 0 0 0 0 
0 0 0 0 0 0 0 56 0 0 0 0 
0 0 0 0 0 0 0 0 14 0 0 0 
0 0 0 0 0 0 0 0 0 93 0 0 
0 0 0 0 72 0 0 0 0 0 0 0 
0 0 0 0 0 48 0 0 0 0 0 0 
0 0 0 11 0 0 0 0 0 0 0 0 
46 0 0 0 0 0 0 0 0 0 0 0 
0 70 0 0 0 0 0 0 0 0 0 0 
0 0 0 0 0 0 0 0 0 0 10 0 
0 0 0 0 0 0 0 0 0 0 0 62 
10    0    3741    0.4    7482
0 0 0 0 0 0 26 0 0 0 0 0 
0 0 0 0 0 0 0 73 0 0 0 0 
32 0 0 0 0 0 0 0 0 0 0 0 
0 43 0 0 0 0 0 0 0 0 0 0 
0 0 0 0 0 0 0 0 0 0 37 0 
0 0 0 0 0 0 0 0 0 0 0 5 
0 0 85 0 0 0 0 0 0 0 0 0 
0 0 0 9 0 0 0 0 0 0 0 0 
0 0 0 0 59 0 0 0 0 0 0 0 
0 0 0 0 0 10 0 0 0 0 0 0 
8    1    3969    0.4    7938
10 0 0 0 0 0 0 0 0 0 0 0 
0 91 0 0 0 0 0 0 0 0 0 0 
0 0 0 0 0 26 0 0 0 0 0 0 
0 0 0 0 0 0 0 0 0 86 0 0 
0 0 0 0 0 0 0 0 0 0 64 0 
0 0 0 0 0 0 0 0 0 0 0 37 
0 0 76 0 0 0 0 0 0 0 0 0 
0 0 0 94 0 0 0 0 0 0 0 0 
10    4    6366    0.7    12732
0 0 0 0 0 0 0 100 0 0 0 0 
0 0 70 0 0 0 0 0 0 0 0 0 
0 0 0 93 0 0 0 0 0 0 0 0 
0 0 0 0 0 0 0 0 0 0 6 0 
0 0 0 0 0 0 0 0 0 0 0 47 
0 0 0 0 33 0 0 0 0 0 0 0 
0 0 0 0 0 47 0 0 0 0 0 0 
0 0 0 0 0 0 0 0 28 0 0 0 
0 0 0 0 0 0 0 0 0 12 0 0 
0 99 0 0 0 0 0 0 0 0 0 0 
10    0    6435    0.3    12870
7 0 0 0 0 0 0 0 0 0 0 0 
0 81 0 0 0 0 0 0 0 0 0 0 
0 0 93 0 0 0 0 0 0 0 0 0 
0 0 0 56 0 0 0 0 0 0 0 0 
0 0 0 0 0 82 0 0 0 0 0 0 
0 0 0 0 0 0 38 0 0 0 0 0 
0 0 0 0 0 0 0 1 0 0 0 0 
0 0 0 0 0 0 0 0 39 0 0 0 
0 0 0 0 0 0 0 0 0 94 0 0 
0 0 0 0 0 0 0 0 0 0 0 84 
10    0    7377    0.4    14754
88 0 0 0 0 0 0 0 0 0 0 0 
0 88 0 0 0 0 0 0 0 0 0 0 
0 0 0 0 47 0 0 0 0 0 0 0 
0 0 0 0 0 95 0 0 0 0 0 0 
0 0 0 0 0 0 0 0 17 0 0 0 
0 0 0 0 0 0 0 0 0 9 0 0 
0 0 0 0 0 0 0 0 0 0 94 0 
0 0 0 0 0 0 0 0 0 0 0 51 
0 0 0 0 0 0 0 30 0 0 0 0 
0 0 0 12 0 0 0 0 0 0 0 0 
11    1    6342    0.4    12684
0 0 0 0 0 0 0 0 0 0 93 0 
0 0 0 0 0 0 0 0 0 0 0 25 
0 0 0 0 16 0 0 0 0 0 0 0 
0 0 0 0 0 91 0 0 0 0 0 0 
0 0 17 0 0 0 0 0 0 0 0 0 
0 0 0 55 0 0 0 0 0 0 0 0 
0 0 0 0 0 0 0 38 0 0 0 0 
0 0 0 0 0 0 0 0 100 0 0 0 
0 0 0 0 0 0 0 0 0 62 0 0 
19 0 0 0 0 0 0 0 0 0 0 0 
0 53 0 0 0 0 0 0 0 0 0 0 
9    0    4671    0.5    9342
0 0 1 0 0 0 0 0 0 0 0 0 
0 0 0 2 0 0 0 0 0 0 0 0 
0 0 0 0 0 0 0 0 0 0 25 0 
0 0 0 0 0 0 0 0 0 0 0 92 
0 0 0 0 62 0 0 0 0 0 0 0 
0 0 0 0 0 36 0 0 0 0 0 0 
0 0 0 0 0 0 0 89 0 0 0 0 
0 0 0 0 0 0 0 0 0 84 0 0 
0 43 0 0 0 0 0 0 0 0 0 0 
9    1    5418    0.5    10836
0 0 0 0 0 0 0 0 0 0 18 0 
0 0 0 0 0 0 0 0 0 0 0 81 
0 0 0 0 43 0 0 0 0 0 0 0 
0 0 0 0 0 70 0 0 0 0 0 0 
0 0 0 0 0 0 0 0 75 0 0 0 
0 0 0 0 0 0 0 0 0 88 0 0 
0 0 0 0 0 0 0 86 0 0 0 0 
35 0 0 0 0 0 0 0 0 0 0 0 
0 74 0 0 0 0 0 0 0 0 0 0 
10    5    6336    0.2    12672
0 0 0 0 0 0 0 0 0 0 0 69 
75 0 0 0 0 0 0 0 0 0 0 0 
0 80 0 0 0 0 0 0 0 0 0 0 
0 0 0 0 0 13 0 0 0 0 0 0 
0 0 0 0 0 0 76 0 0 0 0 0 
0 0 0 0 0 0 0 45 0 0 0 0 
0 0 0 0 0 0 0 0 80 0 0 0 
0 0 0 0 0 0 0 0 0 55 0 0 
0 0 93 0 0 0 0 0 0 0 0 0 
0 0 0 65 0 0 0 0 0 0 0 0 
5    1    1686    0.2    3372
0 0 0 49 0 0 0 0 0 0 0 0 
0 0 0 0 0 0 0 0 0 71 0 0 
1 0 0 0 0 0 0 0 0 0 0 0 
0 3 0 0 0 0 0 0 0 0 0 0 
0 0 0 0 0 0 0 91 0 0 0 0 
9    4    2505    0.5    5010
0 38 0 0 0 0 0 0 0 0 0 0 
0 0 0 0 0 0 0 0 0 0 0 31 
0 0 0 3 0 0 0 0 0 0 0 0 
0 0 0 0 0 0 1 0 0 0 0 0 
0 0 0 0 0 0 0 72 0 0 0 0 
0 0 0 0 0 0 0 0 26 0 0 0 
0 0 0 0 0 0 0 0 0 35 0 0 
0 0 0 0 11 0 0 0 0 0 0 0 
0 0 0 0 0 14 0 0 0 0 0 0 
6    2    1740    0.1    3480
0 0 0 0 0 9 0 0 0 0 0 0 
0 90 0 0 0 0 0 0 0 0 0 0 
0 0 58 0 0 0 0 0 0 0 0 0 
0 0 0 21 0 0 0 0 0 0 0 0 
0 0 0 0 0 0 4 0 0 0 0 0 
0 0 0 0 0 0 0 51 0 0 0 0 
9    1    3552    0.1    7104
0 0 0 0 15 0 0 0 0 0 0 0 
0 0 0 0 0 29 0 0 0 0 0 0 
0 49 0 0 0 0 0 0 0 0 0 0 
0 0 0 0 0 0 95 0 0 0 0 0 
0 0 0 0 0 0 0 72 0 0 0 0 
0 0 0 0 0 0 0 0 7 0 0 0 
0 0 0 0 0 0 0 0 0 41 0 0 
0 0 0 0 0 0 0 0 0 0 5 0 
0 0 0 0 0 0 0 0 0 0 0 76 
10    3    4350    0.1    8700
0 0 0 0 0 9 0 0 0 0 0 0 
65 0 0 0 0 0 0 0 0 0 0 0 
0 87 0 0 0 0 0 0 0 0 0 0 
0 0 27 0 0 0 0 0 0 0 0 0 
0 0 0 75 0 0 0 0 0 0 0 0 
0 0 0 0 0 0 17 0 0 0 0 0 
0 0 0 0 0 0 0 6 0 0 0 0 
0 0 0 0 0 0 0 0 0 0 0 8 
0 0 0 0 0 0 0 0 12 0 0 0 
0 0 0 0 0 0 0 0 0 62 0 0 
7    2    3882    0.9    7764
0 0 0 0 62 0 0 0 0 0 0 0 
0 0 0 0 0 58 0 0 0 0 0 0 
0 0 0 0 0 0 0 0 0 0 64 0 
0 0 0 0 0 0 0 0 0 0 0 49 
73 0 0 0 0 0 0 0 0 0 0 0 
0 89 0 0 0 0 0 0 0 0 0 0 
0 0 0 0 0 0 0 63 0 0 0 0 
6    2    1914    0.7    3828
0 0 0 0 66 0 0 0 0 0 0 0 
0 0 0 0 0 34 0 0 0 0 0 0 
0 0 0 0 0 0 0 0 21 0 0 0 
0 0 0 0 0 0 0 0 0 58 0 0 
64 0 0 0 0 0 0 0 0 0 0 0 
0 66 0 0 0 0 0 0 0 0 0 0 
11    2    4992    0.2    9984
0 0 0 0 0 0 0 0 0 33 0 0 
13 0 0 0 0 0 0 0 0 0 0 0 
0 32 0 0 0 0 0 0 0 0 0 0 
0 0 0 0 0 0 0 0 0 0 96 0 
0 0 0 0 0 0 0 0 0 0 0 71 
0 0 24 0 0 0 0 0 0 0 0 0 
0 0 0 51 0 0 0 0 0 0 0 0 
0 0 0 0 0 0 1 0 0 0 0 0 
0 0 0 0 0 0 0 98 0 0 0 0 
0 0 0 0 64 0 0 0 0 0 0 0 
0 0 0 0 0 32 0 0 0 0 0 0 
9    0    2742    0.7    5484
34 0 0 0 0 0 0 0 0 0 0 0 
0 35 0 0 0 0 0 0 0 0 0 0 
0 0 0 0 0 0 0 0 0 0 43 0 
0 0 0 0 0 0 0 0 0 0 0 13 
0 0 0 0 0 0 0 0 46 0 0 0 
0 0 0 0 0 0 0 0 0 35 0 0 
0 0 0 0 0 1 0 0 0 0 0 0 
0 0 33 0 0 0 0 0 0 0 0 0 
0 0 0 8 0 0 0 0 0 0 0 0 
5    4    2178    0.4    4356
53 0 0 0 0 0 0 0 0 0 0 0 
0 73 0 0 0 0 0 0 0 0 0 0 
0 0 0 0 0 0 0 0 0 0 0 98 
0 0 22 0 0 0 0 0 0 0 0 0 
0 0 0 54 0 0 0 0 0 0 0 0 
8    0    2910    0.7    5820
0 0 0 0 0 49 0 0 0 0 0 0 
0 0 0 0 0 0 32 0 0 0 0 0 
0 0 0 0 0 0 0 24 0 0 0 0 
0 0 0 0 0 0 0 0 0 0 10 0 
0 0 0 0 0 0 0 0 0 0 0 15 
0 0 73 0 0 0 0 0 0 0 0 0 
0 0 0 90 0 0 0 0 0 0 0 0 
0 16 0 0 0 0 0 0 0 0 0 0 
5    1    2364    0.9    4728
0 0 0 0 0 0 78 0 0 0 0 0 
0 0 0 0 0 0 0 100 0 0 0 0 
0 39 0 0 0 0 0 0 0 0 0 0 
0 0 0 0 88 0 0 0 0 0 0 0 
0 0 0 0 0 36 0 0 0 0 0 0 
8    5    3819    0.7    7638
0 0 0 0 0 0 47 0 0 0 0 0 
0 0 0 0 0 0 0 78 0 0 0 0 
0 0 31 0 0 0 0 0 0 0 0 0 
0 0 0 72 0 0 0 0 0 0 0 0 
0 0 0 0 0 0 0 0 0 14 0 0 
0 0 0 0 0 0 0 0 0 0 7 0 
0 0 0 0 0 0 0 0 0 0 0 40 
0 38 0 0 0 0 0 0 0 0 0 0 
10    3    6168    0.6    12336
0 0 0 0 0 64 0 0 0 0 0 0 
0 0 92 0 0 0 0 0 0 0 0 0 
0 0 0 50 0 0 0 0 0 0 0 0 
0 30 0 0 0 0 0 0 0 0 0 0 
0 0 0 0 0 0 0 0 100 0 0 0 
0 0 0 0 0 0 0 0 0 73 0 0 
0 0 0 0 0 0 0 0 0 0 32 0 
0 0 0 0 0 0 0 0 0 0 0 8 
0 0 0 0 0 0 97 0 0 0 0 0 
0 0 0 0 0 0 0 62 0 0 0 0 
7    2    2835    0.5    5670
0 0 43 0 0 0 0 0 0 0 0 0 
0 0 0 63 0 0 0 0 0 0 0 0 
0 0 0 0 38 0 0 0 0 0 0 0 
0 0 0 0 0 16 0 0 0 0 0 0 
0 94 0 0 0 0 0 0 0 0 0 0 
0 0 0 0 0 0 29 0 0 0 0 0 
0 0 0 0 0 0 0 57 0 0 0 0 
9    1    4800    0.1    9600
0 0 0 0 37 0 0 0 0 0 0 0 
0 0 0 0 0 63 0 0 0 0 0 0 
0 0 0 0 0 0 0 0 0 0 44 0 
0 0 0 0 0 0 0 0 0 0 0 44 
0 79 0 0 0 0 0 0 0 0 0 0 
0 0 0 0 0 0 88 0 0 0 0 0 
0 0 0 0 0 0 0 55 0 0 0 0 
0 0 44 0 0 0 0 0 0 0 0 0 
0 0 0 97 0 0 0 0 0 0 0 0 
11    4    3264    0.5    6528
0 0 0 0 0 0 0 3 0 0 0 0 
0 0 0 0 0 0 0 0 0 0 48 0 
0 0 0 0 0 0 0 0 0 0 0 14 
0 0 0 0 36 0 0 0 0 0 0 0 
0 0 0 0 0 23 0 0 0 0 0 0 
0 0 34 0 0 0 0 0 0 0 0 0 
0 0 0 38 0 0 0 0 0 0 0 0 
53 0 0 0 0 0 0 0 0 0 0 0 
0 11 0 0 0 0 0 0 0 0 0 0 
0 0 0 0 0 0 0 0 34 0 0 0 
0 0 0 0 0 0 0 0 0 82 0 0 
9    5    4233    0.7    8466
0 0 0 0 80 0 0 0 0 0 0 0 
0 0 0 0 0 99 0 0 0 0 0 0 
0 0 0 0 0 0 0 14 0 0 0 0 
18 0 0 0 0 0 0 0 0 0 0 0 
0 10 0 0 0 0 0 0 0 0 0 0 
0 0 0 0 0 0 0 0 0 0 14 0 
0 0 0 0 0 0 0 0 0 0 0 85 
0 0 0 0 0 0 0 0 35 0 0 0 
0 0 0 0 0 0 0 0 0 91 0 0 
5    2    1236    0.2    2472
43 0 0 0 0 0 0 0 0 0 0 0 
0 2 0 0 0 0 0 0 0 0 0 0 
0 0 0 0 0 0 0 0 0 26 0 0 
0 0 0 0 0 0 92 0 0 0 0 0 
0 0 0 0 0 0 0 60 0 0 0 0 
6    4    2775    0.5    5550
0 0 0 0 0 0 0 80 0 0 0 0 
0 0 0 0 0 0 0 0 73 0 0 0 
0 0 0 0 0 0 0 0 0 8 0 0 
0 0 0 0 0 0 0 0 0 0 0 1 
0 0 0 0 0 21 0 0 0 0 0 0 
0 89 0 0 0 0 0 0 0 0 0 0 
7    1    2880    0.4    5760
0 0 0 0 0 0 0 0 0 0 0 56 
30 0 0 0 0 0 0 0 0 0 0 0 
0 3 0 0 0 0 0 0 0 0 0 0 
0 0 0 92 0 0 0 0 0 0 0 0 
0 0 0 0 62 0 0 0 0 0 0 0 
0 0 0 0 0 17 0 0 0 0 0 0 
0 0 0 0 0 0 0 56 0 0 0 0 
5    3    2010    0.2    4020
59 0 0 0 0 0 0 0 0 0 0 0 
0 91 0 0 0 0 0 0 0 0 0 0 
0 0 0 0 0 0 1 0 0 0 0 0 
0 0 0 0 0 0 0 64 0 0 0 0 
0 0 0 0 0 0 0 0 0 13 0 0 
11    2    4359    0.4    8718
0 0 0 0 0 0 0 0 0 0 0 86 
26 0 0 0 0 0 0 0 0 0 0 0 
0 27 0 0 0 0 0 0 0 0 0 0 
0 0 0 0 1 0 0 0 0 0 0 0 
0 0 0 0 0 64 0 0 0 0 0 0 
0 0 17 0 0 0 0 0 0 0 0 0 
0 0 0 33 0 0 0 0 0 0 0 0 
0 0 0 0 0 0 0 0 48 0 0 0 
0 0 0 0 0 0 0 0 0 23 0 0 
0 0 0 0 0 0 42 0 0 0 0 0 
0 0 0 0 0 0 0 10 0 0 0 0 
7    2    2997    0.1    5994
0 0 56 0 0 0 0 0 0 0 0 0 
0 0 0 49 0 0 0 0 0 0 0 0 
0 0 0 0 77 0 0 0 0 0 0 0 
0 0 0 0 0 13 0 0 0 0 0 0 
0 39 0 0 0 0 0 0 0 0 0 0 
0 0 0 0 0 0 0 0 75 0 0 0 
0 0 0 0 0 0 0 0 0 87 0 0 
8    4    4371    0.3    8742
0 0 0 0 0 0 0 92 0 0 0 0 
0 0 0 0 0 0 0 0 42 0 0 0 
0 0 0 0 0 0 0 0 0 14 0 0 
72 0 0 0 0 0 0 0 0 0 0 0 
0 76 0 0 0 0 0 0 0 0 0 0 
0 0 0 0 0 69 0 0 0 0 0 0 
0 0 62 0 0 0 0 0 0 0 0 0 
0 0 0 42 0 0 0 0 0 0 0 0 
7    0    3444    0.8    6888
0 0 0 0 0 0 0 37 0 0 0 0 
88 0 0 0 0 0 0 0 0 0 0 0 
0 67 0 0 0 0 0 0 0 0 0 0 
0 0 0 0 0 0 0 0 0 0 0 11 
0 0 43 0 0 0 0 0 0 0 0 0 
0 0 0 51 0 0 0 0 0 0 0 0 
0 0 0 0 0 0 0 0 0 49 0 0 
5    5    1533    0.8    3066
0 0 0 0 39 0 0 0 0 0 0 0 
0 0 0 0 0 67 0 0 0 0 0 0 
0 0 41 0 0 0 0 0 0 0 0 0 
0 0 0 19 0 0 0 0 0 0 0 0 
0 8 0 0 0 0 0 0 0 0 0 0 
6    1    1191    0.6    2382
0 0 0 28 0 0 0 0 0 0 0 0 
0 0 0 0 0 0 2 0 0 0 0 0 
0 0 0 0 0 0 0 4 0 0 0 0 
0 0 0 0 0 0 0 0 0 17 0 0 
0 10 0 0 0 0 0 0 0 0 0 0 
0 0 0 0 0 85 0 0 0 0 0 0 
9    5    3861    0.3    7722
0 0 28 0 0 0 0 0 0 0 0 0 
0 0 0 41 0 0 0 0 0 0 0 0 
0 0 0 0 75 0 0 0 0 0 0 0 
0 0 0 0 0 66 0 0 0 0 0 0 
0 0 0 0 0 0 1 0 0 0 0 0 
0 0 0 0 0 0 0 80 0 0 0 0 
0 16 0 0 0 0 0 0 0 0 0 0 
0 0 0 0 0 0 0 0 0 0 19 0 
0 0 0 0 0 0 0 0 0 0 0 16 
7    5    5406    0.3    10812
0 0 0 0 0 0 0 0 0 0 0 70 
0 0 0 0 0 0 0 0 0 55 0 0 
76 0 0 0 0 0 0 0 0 0 0 0 
0 89 0 0 0 0 0 0 0 0 0 0 
0 0 0 0 0 0 0 69 0 0 0 0 
0 0 0 0 0 73 0 0 0 0 0 0 
0 0 0 37 0 0 0 0 0 0 0 0 
5    0    2469    0.6    4938
0 0 0 0 0 0 36 0 0 0 0 0 
0 0 0 0 0 0 0 37 0 0 0 0 
0 84 0 0 0 0 0 0 0 0 0 0 
0 0 0 0 0 100 0 0 0 0 0 0 
0 0 0 0 0 0 0 0 0 14 0 0 
9    0    4692    0.8    9384
0 0 31 0 0 0 0 0 0 0 0 0 
0 0 0 10 0 0 0 0 0 0 0 0 
0 0 0 0 0 0 0 0 51 0 0 0 
0 0 0 0 0 0 0 0 0 95 0 0 
0 0 0 0 66 0 0 0 0 0 0 0 
0 0 0 0 0 88 0 0 0 0 0 0 
0 0 0 0 0 0 0 72 0 0 0 0 
30 0 0 0 0 0 0 0 0 0 0 0 
0 67 0 0 0 0 0 0 0 0 0 0 
8    3    3789    0.8    7578
0 67 0 0 0 0 0 0 0 0 0 0 
0 0 0 0 0 0 0 0 0 0 0 70 
0 0 0 0 0 40 0 0 0 0 0 0 
0 0 0 0 0 0 0 0 36 0 0 0 
0 0 0 0 0 0 0 0 0 15 0 0 
0 0 0 0 0 0 0 18 0 0 0 0 
0 0 50 0 0 0 0 0 0 0 0 0 
0 0 0 48 0 0 0 0 0 0 0 0 
5    2    1482    0.9    2964
0 0 0 0 0 43 0 0 0 0 0 0 
0 33 0 0 0 0 0 0 0 0 0 0 
0 0 0 0 0 0 0 0 0 0 57 0 
0 0 0 0 0 0 0 0 0 0 0 7 
0 0 0 12 0 0 0 0 0 0 0 0 
9    0    5550    0.9    11100
0 0 0 0 0 0 0 0 0 0 31 0 
0 0 0 0 0 0 0 0 0 0 0 75 
0 0 0 0 0 82 0 0 0 0 0 0 
0 0 0 0 0 0 0 19 0 0 0 0 
0 0 0 0 0 0 0 0 50 0 0 0 
0 0 0 0 0 0 0 0 0 70 0 0 
59 0 0 0 0 0 0 0 0 0 0 0 
0 91 0 0 0 0 0 0 0 0 0 0 
0 0 0 6 0 0 0 0 0 0 0 0 
5    0    2442    0.4    4884
0 0 0 0 0 0 0 0 0 0 0 79 
66 0 0 0 0 0 0 0 0 0 0 0 
0 37 0 0 0 0 0 0 0 0 0 0 
0 0 0 0 0 0 0 0 0 20 0 0 
0 0 0 0 0 0 0 86 0 0 0 0 
6    3    3096    0.2    6192
0 0 100 0 0 0 0 0 0 0 0 0 
0 0 0 22 0 0 0 0 0 0 0 0 
0 0 0 0 0 0 0 0 0 94 0 0 
0 0 0 0 0 0 0 0 0 0 0 52 
19 0 0 0 0 0 0 0 0 0 0 0 
0 72 0 0 0 0 0 0 0 0 0 0 
6    1    2127    0.2    4254
0 0 0 0 0 0 42 0 0 0 0 0 
0 0 0 0 0 0 0 16 0 0 0 0 
0 0 0 0 0 0 0 0 23 0 0 0 
0 0 0 0 0 0 0 0 0 45 0 0 
0 0 0 0 0 61 0 0 0 0 0 0 
0 54 0 0 0 0 0 0 0 0 0 0 
10    2    4971    0.6    9942
0 0 0 0 3 0 0 0 0 0 0 0 
0 0 0 0 0 49 0 0 0 0 0 0 
0 0 0 20 0 0 0 0 0 0 0 0 
0 0 0 0 0 0 0 0 0 0 86 0 
0 0 0 0 0 0 0 0 0 0 0 78 
0 0 0 0 0 0 0 0 69 0 0 0 
0 0 0 0 0 0 0 0 0 31 0 0 
0 0 0 0 0 0 0 64 0 0 0 0 
45 0 0 0 0 0 0 0 0 0 0 0 
0 24 0 0 0 0 0 0 0 0 0 0 
8    5    3492    0.2    6984
0 0 0 0 73 0 0 0 0 0 0 0 
0 0 0 0 0 76 0 0 0 0 0 0 
0 0 25 0 0 0 0 0 0 0 0 0 
0 0 0 15 0 0 0 0 0 0 0 0 
0 0 0 0 0 0 18 0 0 0 0 0 
0 0 0 0 0 0 0 13 0 0 0 0 
0 0 0 0 0 0 0 0 0 1 0 0 
0 65 0 0 0 0 0 0 0 0 0 0 
10    3    5100    0.2    10200
0 0 0 0 57 0 0 0 0 0 0 0 
0 0 0 0 0 37 0 0 0 0 0 0 
37 0 0 0 0 0 0 0 0 0 0 0 
0 63 0 0 0 0 0 0 0 0 0 0 
0 0 52 0 0 0 0 0 0 0 0 0 
0 0 0 51 0 0 0 0 0 0 0 0 
0 0 0 0 0 0 63 0 0 0 0 0 
0 0 0 0 0 0 0 90 0 0 0 0 
0 0 0 0 0 0 0 0 81 0 0 0 
0 0 0 0 0 0 0 0 0 58 0 0 
11    3    4605    0.1    9210
0 22 0 0 0 0 0 0 0 0 0 0 
0 0 0 0 0 0 0 0 61 0 0 0 
0 0 0 0 0 0 0 0 0 41 0 0 
0 0 0 0 0 0 60 0 0 0 0 0 
0 0 0 0 0 0 0 45 0 0 0 0 
0 0 0 0 0 0 0 0 0 0 19 0 
0 0 0 0 0 0 0 0 0 0 0 12 
0 0 69 0 0 0 0 0 0 0 0 0 
0 0 0 4 0 0 0 0 0 0 0 0 
0 0 0 0 40 0 0 0 0 0 0 0 
0 0 0 0 0 100 0 0 0 0 0 0 
10    0    5406    0.4    10812
0 0 0 0 0 0 12 0 0 0 0 0 
0 0 0 0 0 0 0 68 0 0 0 0 
93 0 0 0 0 0 0 0 0 0 0 0 
0 43 0 0 0 0 0 0 0 0 0 0 
0 0 0 0 0 0 0 0 0 0 11 0 
0 0 0 0 0 0 0 0 0 0 0 90 
0 0 10 0 0 0 0 0 0 0 0 0 
0 0 0 3 0 0 0 0 0 0 0 0 
0 0 0 0 0 0 0 0 0 35 0 0 
0 0 0 0 0 70 0 0 0 0 0 0 
8    3    2796    0.3    5592
12 0 0 0 0 0 0 0 0 0 0 0 
0 60 0 0 0 0 0 0 0 0 0 0 
0 0 0 0 33 0 0 0 0 0 0 0 
0 0 0 0 0 57 0 0 0 0 0 0 
0 0 0 0 0 0 0 2 0 0 0 0 
0 0 0 21 0 0 0 0 0 0 0 0 
0 0 0 0 0 0 0 0 0 0 83 0 
0 0 0 0 0 0 0 0 0 0 0 3 
6    3    2676    0.4    5352
0 0 0 0 0 83 0 0 0 0 0 0 
41 0 0 0 0 0 0 0 0 0 0 0 
0 49 0 0 0 0 0 0 0 0 0 0 
0 0 0 0 0 0 0 0 0 52 0 0 
0 0 0 0 0 0 43 0 0 0 0 0 
0 0 0 0 0 0 0 58 0 0 0 0 
10    2    5061    0.3    10122
0 0 0 0 0 0 39 0 0 0 0 0 
0 0 0 0 0 0 0 13 0 0 0 0 
0 0 0 0 44 0 0 0 0 0 0 0 
0 0 0 0 0 71 0 0 0 0 0 0 
0 0 0 0 0 0 0 0 32 0 0 0 
0 0 0 0 0 0 0 0 0 21 0 0 
0 78 0 0 0 0 0 0 0 0 0 0 
0 0 0 87 0 0 0 0 0 0 0 0 
0 0 0 0 0 0 0 0 0 0 37 0 
0 0 0 0 0 0 0 0 0 0 0 87 
11    5    4932    0.3    9864
0 0 0 0 77 0 0 0 0 0 0 0 
0 0 0 0 0 31 0 0 0 0 0 0 
0 0 0 0 0 0 56 0 0 0 0 0 
0 0 0 0 0 0 0 21 0 0 0 0 
0 0 0 0 0 0 0 0 6 0 0 0 
0 0 0 0 0 0 0 0 0 7 0 0 
0 0 0 0 0 0 0 0 0 0 28 0 
0 0 0 0 0 0 0 0 0 0 0 36 
0 0 0 64 0 0 0 0 0 0 0 0 
62 0 0 0 0 0 0 0 0 0 0 0 
0 72 0 0 0 0 0 0 0 0 0 0 
10    1    5124    0.4    10248
0 0 0 0 0 0 93 0 0 0 0 0 
0 0 0 0 0 0 0 24 0 0 0 0 
0 0 0 0 4 0 0 0 0 0 0 0 
0 0 0 0 0 16 0 0 0 0 0 0 
0 51 0 0 0 0 0 0 0 0 0 0 
0 0 0 0 0 0 0 0 0 0 43 0 
0 0 0 0 0 0 0 0 0 0 0 60 
0 0 0 0 0 0 0 0 54 0 0 0 
0 0 0 0 0 0 0 0 0 87 0 0 
0 0 0 54 0 0 0 0 0 0 0 0 
6    2    2235    0.3    4470
0 0 0 0 0 0 0 0 0 0 0 32 
0 0 0 0 65 0 0 0 0 0 0 0 
0 0 0 0 0 69 0 0 0 0 0 0 
0 0 0 0 0 0 0 0 0 39 0 0 
10 0 0 0 0 0 0 0 0 0 0 0 
0 78 0 0 0 0 0 0 0 0 0 0 
8    4    4119    0.4    8238
0 0 0 0 0 0 46 0 0 0 0 0 
0 0 0 0 0 0 0 71 0 0 0 0 
0 0 0 32 0 0 0 0 0 0 0 0 
0 0 0 0 0 1 0 0 0 0 0 0 
0 0 0 0 0 0 0 0 0 0 0 55 
0 0 0 0 0 0 0 0 97 0 0 0 
0 0 0 0 0 0 0 0 0 13 0 0 
0 62 0 0 0 0 0 0 0 0 0 0 
7    3    3183    0.3    6366
0 0 0 0 0 0 0 0 94 0 0 0 
0 0 0 0 0 0 0 0 0 28 0 0 
0 0 0 0 0 0 3 0 0 0 0 0 
0 0 0 0 0 0 0 67 0 0 0 0 
0 0 0 9 0 0 0 0 0 0 0 0 
0 0 0 0 0 32 0 0 0 0 0 0 
0 8 0 0 0 0 0 0 0 0 0 0 
6    5    2781    0.1    5562
0 0 29 0 0 0 0 0 0 0 0 0 
0 0 0 18 0 0 0 0 0 0 0 0 
0 97 0 0 0 0 0 0 0 0 0 0 
0 0 0 0 0 100 0 0 0 0 0 0 
0 0 0 0 0 0 0 0 96 0 0 0 
0 0 0 0 0 0 0 0 0 71 0 0 
5    5    2124    0.8    4248
0 0 18 0 0 0 0 0 0 0 0 0 
0 0 0 52 0 0 0 0 0 0 0 0 
0 0 0 0 0 0 0 79 0 0 0 0 
0 30 0 0 0 0 0 0 0 0 0 0 
0 0 0 0 0 0 0 0 0 62 0 0 
8    3    4449    0.3    8898
0 0 0 0 0 51 0 0 0 0 0 0 
0 0 0 94 0 0 0 0 0 0 0 0 
0 0 0 0 0 0 0 0 57 0 0 0 
0 0 0 0 0 0 0 0 0 40 0 0 
14 0 0 0 0 0 0 0 0 0 0 0 
0 11 0 0 0 0 0 0 0 0 0 0 
0 0 0 0 0 0 0 38 0 0 0 0 
0 0 0 0 0 0 0 0 0 0 0 99 
6    1    2388    0.4    4776
0 0 0 0 0 76 0 0 0 0 0 0 
0 0 0 59 0 0 0 0 0 0 0 0 
0 0 0 0 0 0 0 0 2 0 0 0 
0 0 0 0 0 0 0 0 0 71 0 0 
69 0 0 0 0 0 0 0 0 0 0 0 
0 42 0 0 0 0 0 0 0 0 0 0 
9    1    4515    0.9    9030
0 0 0 0 13 0 0 0 0 0 0 0 
0 0 0 0 0 61 0 0 0 0 0 0 
0 0 0 0 0 0 0 58 0 0 0 0 
0 0 0 45 0 0 0 0 0 0 0 0 
0 0 0 0 0 0 0 0 5 0 0 0 
0 0 0 0 0 0 0 0 0 68 0 0 
83 0 0 0 0 0 0 0 0 0 0 0 
0 71 0 0 0 0 0 0 0 0 0 0 
0 0 0 0 0 0 0 0 0 0 0 6 
9    0    4836    0.6    9672
0 0 0 0 0 0 0 0 0 0 0 30 
5 0 0 0 0 0 0 0 0 0 0 0 
0 72 0 0 0 0 0 0 0 0 0 0 
0 0 0 0 0 0 0 52 0 0 0 0 
0 0 0 0 86 0 0 0 0 0 0 0 
0 0 0 0 0 79 0 0 0 0 0 0 
0 0 0 0 0 0 0 0 57 0 0 0 
0 0 0 0 0 0 0 0 0 28 0 0 
0 0 0 98 0 0 0 0 0 0 0 0 
5    4    2772    0.1    5544
0 0 0 80 0 0 0 0 0 0 0 0 
0 81 0 0 0 0 0 0 0 0 0 0 
0 0 0 0 53 0 0 0 0 0 0 0 
0 0 0 0 0 74 0 0 0 0 0 0 
0 0 0 0 0 0 0 0 0 45 0 0 
11    1    6090    0.4    12180
0 0 0 0 0 0 0 0 0 0 36 0 
0 0 0 0 0 0 0 0 0 0 0 90 
0 0 0 0 0 0 0 0 14 0 0 0 
0 0 0 0 0 0 0 0 0 65 0 0 
0 0 0 0 32 0 0 0 0 0 0 0 
0 0 0 0 0 73 0 0 0 0 0 0 
0 0 25 0 0 0 0 0 0 0 0 0 
0 0 0 48 0 0 0 0 0 0 0 0 
0 5 0 0 0 0 0 0 0 0 0 0 
0 0 0 0 0 0 80 0 0 0 0 0 
0 0 0 0 0 0 0 91 0 0 0 0 
11    3    7284    0.2    14568
0 0 0 0 0 0 0 0 49 0 0 0 
0 0 0 0 0 0 0 0 0 96 0 0 
0 0 0 0 0 0 0 0 0 0 34 0 
0 0 0 0 0 0 0 0 0 0 0 99 
0 0 0 0 0 0 0 42 0 0 0 0 
93 0 0 0 0 0 0 0 0 0 0 0 
0 73 0 0 0 0 0 0 0 0 0 0 
0 0 13 0 0 0 0 0 0 0 0 0 
0 0 0 9 0 0 0 0 0 0 0 0 
0 0 0 0 46 0 0 0 0 0 0 0 
0 0 0 0 0 62 0 0 0 0 0 0 
11    0    6792    0.8    13584
35 0 0 0 0 0 0 0 0 0 0 0 
0 47 0 0 0 0 0 0 0 0 0 0 
0 0 44 0 0 0 0 0 0 0 0 0 
0 0 0 79 0 0 0 0 0 0 0 0 
0 0 0 0 57 0 0 0 0 0 0 0 
0 0 0 0 0 69 0 0 0 0 0 0 
0 0 0 0 0 0 0 69 0 0 0 0 
0 0 0 0 0 0 0 0 0 0 12 0 
0 0 0 0 0 0 0 0 0 0 0 95 
0 0 0 0 0 0 0 0 69 0 0 0 
0 0 0 0 0 0 0 0 0 93 0 0 
9    1    3375    0.6    6750
0 0 0 0 0 0 0 0 0 53 0 0 
0 0 12 0 0 0 0 0 0 0 0 0 
0 0 0 3 0 0 0 0 0 0 0 0 
24 0 0 0 0 0 0 0 0 0 0 0 
0 90 0 0 0 0 0 0 0 0 0 0 
0 0 0 0 0 0 96 0 0 0 0 0 
0 0 0 0 0 0 0 85 0 0 0 0 
0 0 0 0 0 0 0 0 0 0 25 0 
0 0 0 0 0 0 0 0 0 0 0 5 
11    2    6417    0.2    12834
0 0 0 0 0 0 0 0 18 0 0 0 
0 0 0 0 0 0 0 0 0 93 0 0 
0 0 0 12 0 0 0 0 0 0 0 0 
75 0 0 0 0 0 0 0 0 0 0 0 
0 56 0 0 0 0 0 0 0 0 0 0 
0 0 0 0 0 0 93 0 0 0 0 0 
0 0 0 0 0 0 0 96 0 0 0 0 
0 0 0 0 0 0 0 0 0 0 15 0 
0 0 0 0 0 0 0 0 0 0 0 36 
0 0 0 0 74 0 0 0 0 0 0 0 
0 0 0 0 0 79 0 0 0 0 0 0 
7    3    2427    0.2    4854
0 21 0 0 0 0 0 0 0 0 0 0 
0 0 0 0 0 0 0 10 0 0 0 0 
0 0 0 0 15 0 0 0 0 0 0 0 
0 0 0 0 0 86 0 0 0 0 0 0 
0 0 0 0 0 0 0 0 74 0 0 0 
0 0 0 0 0 0 0 0 0 19 0 0 
0 0 0 99 0 0 0 0 0 0 0 0 
9    0    5397    0.1    10794
0 0 0 0 0 0 0 0 69 0 0 0 
0 0 0 0 0 0 0 0 0 48 0 0 
0 0 0 0 79 0 0 0 0 0 0 0 
0 0 0 0 0 88 0 0 0 0 0 0 
0 0 0 0 0 0 0 0 0 0 73 0 
0 0 0 0 0 0 0 0 0 0 0 13 
19 0 0 0 0 0 0 0 0 0 0 0 
0 85 0 0 0 0 0 0 0 0 0 0 
0 0 0 10 0 0 0 0 0 0 0 0 
7    5    2391    0.9    4782
0 0 0 0 0 0 0 0 38 0 0 0 
0 0 0 0 0 0 0 0 0 15 0 0 
76 0 0 0 0 0 0 0 0 0 0 0 
0 63 0 0 0 0 0 0 0 0 0 0 
0 0 0 21 0 0 0 0 0 0 0 0 
0 0 0 0 0 0 0 0 0 0 28 0 
0 0 0 0 0 0 0 0 0 0 0 31 
8    4    4863    0.5    9726
0 0 0 0 8 0 0 0 0 0 0 0 
0 0 0 0 0 66 0 0 0 0 0 0 
0 23 0 0 0 0 0 0 0 0 0 0 
0 0 0 96 0 0 0 0 0 0 0 0 
0 0 0 0 0 0 0 0 87 0 0 0 
0 0 0 0 0 0 0 0 0 42 0 0 
0 0 0 0 0 0 0 0 0 0 0 73 
0 0 0 0 0 0 0 69 0 0 0 0 
10    3    5355    0.4    10710
72 0 0 0 0 0 0 0 0 0 0 0 
0 33 0 0 0 0 0 0 0 0 0 0 
0 0 0 0 0 5 0 0 0 0 0 0 
0 0 0 0 0 0 39 0 0 0 0 0 
0 0 0 0 0 0 0 59 0 0 0 0 
0 0 35 0 0 0 0 0 0 0 0 0 
0 0 0 70 0 0 0 0 0 0 0 0 
0 0 0 0 0 0 0 0 0 0 99 0 
0 0 0 0 0 0 0 0 0 0 0 61 
0 0 0 0 0 0 0 0 0 13 0 0 
11    2    4455    0.7    8910
0 0 62 0 0 0 0 0 0 0 0 0 
0 0 0 8 0 0 0 0 0 0 0 0 
0 0 0 0 0 99 0 0 0 0 0 0 
0 0 0 0 0 0 0 0 24 0 0 0 
0 0 0 0 0 0 0 0 0 4 0 0 
0 0 0 0 0 0 17 0 0 0 0 0 
0 0 0 0 0 0 0 49 0 0 0 0 
0 0 0 0 0 0 0 0 0 0 60 0 
0 0 0 0 0 0 0 0 0 0 0 2 
47 0 0 0 0 0 0 0 0 0 0 0 
0 9 0 0 0 0 0 0 0 0 0 0 
6    5    4161    0.7    8322
0 0 0 0 0 0 0 0 0 0 0 81 
0 53 0 0 0 0 0 0 0 0 0 0 
0 0 0 0 0 67 0 0 0 0 0 0 
0 0 0 67 0 0 0 0 0 0 0 0 
0 0 0 0 0 0 0 10 0 0 0 0 
0 0 0 0 0 0 0 0 0 76 0 0 
7    1    4335    0.8    8670
0 0 0 0 43 0 0 0 0 0 0 0 
0 0 0 0 0 33 0 0 0 0 0 0 
0 0 0 0 0 0 80 0 0 0 0 0 
0 0 0 0 0 0 0 92 0 0 0 0 
0 0 0 0 0 0 0 0 0 35 0 0 
0 0 0 96 0 0 0 0 0 0 0 0 
0 11 0 0 0 0 0 0 0 0 0 0 
7    1    1368    0.6    2736
6 0 0 0 0 0 0 0 0 0 0 0 
0 2 0 0 0 0 0 0 0 0 0 0 
0 0 0 0 0 0 0 0 0 0 0 45 
0 0 0 0 58 0 0 0 0 0 0 0 
0 0 0 0 0 4 0 0 0 0 0 0 
0 0 0 0 0 0 0 0 27 0 0 0 
0 0 0 0 0 0 0 0 0 53 0 0 
10    2    5892    0.2    11784
0 0 0 0 0 0 0 0 0 0 73 0 
0 0 0 0 0 0 0 0 0 0 0 47 
91 0 0 0 0 0 0 0 0 0 0 0 
0 33 0 0 0 0 0 0 0 0 0 0 
0 0 0 0 0 0 0 0 88 0 0 0 
0 0 0 0 0 0 0 0 0 87 0 0 
0 0 55 0 0 0 0 0 0 0 0 0 
0 0 0 28 0 0 0 0 0 0 0 0 
0 0 0 0 0 0 56 0 0 0 0 0 
0 0 0 0 0 0 0 66 0 0 0 0 
10    3    4329    0.1    8658
0 0 0 0 0 0 0 0 0 0 9 0 
0 0 0 0 0 0 0 0 0 0 0 65 
0 25 0 0 0 0 0 0 0 0 0 0 
0 0 0 0 0 0 58 0 0 0 0 0 
0 0 0 0 0 0 0 59 0 0 0 0 
0 0 0 0 11 0 0 0 0 0 0 0 
0 0 0 0 0 16 0 0 0 0 0 0 
0 0 0 0 0 0 0 0 2 0 0 0 
0 0 0 0 0 0 0 0 0 88 0 0 
0 0 0 69 0 0 0 0 0 0 0 0 
9    4    5247    0.8    10494
0 0 0 0 0 0 0 0 0 82 0 0 
0 0 0 0 0 0 81 0 0 0 0 0 
0 0 0 0 0 0 0 52 0 0 0 0 
99 0 0 0 0 0 0 0 0 0 0 0 
0 74 0 0 0 0 0 0 0 0 0 0 
0 0 29 0 0 0 0 0 0 0 0 0 
0 0 0 19 0 0 0 0 0 0 0 0 
0 0 0 0 48 0 0 0 0 0 0 0 
0 0 0 0 0 58 0 0 0 0 0 0 
10    2    4173    0.7    8346
0 0 0 0 45 0 0 0 0 0 0 0 
0 0 0 0 0 20 0 0 0 0 0 0 
0 0 0 0 0 0 0 0 32 0 0 0 
0 0 0 0 0 0 0 0 0 90 0 0 
0 0 0 0 0 0 0 5 0 0 0 0 
15 0 0 0 0 0 0 0 0 0 0 0 
0 7 0 0 0 0 0 0 0 0 0 0 
0 0 0 0 0 0 0 0 0 0 6 0 
0 0 0 0 0 0 0 0 0 0 0 66 
0 0 0 91 0 0 0 0 0 0 0 0 
7    2    1695    0.2    3390
0 0 0 0 0 0 0 0 0 40 0 0 
0 0 0 0 0 0 0 0 0 0 22 0 
0 0 0 0 0 0 0 0 0 0 0 35 
0 0 0 0 12 0 0 0 0 0 0 0 
0 0 0 0 0 12 0 0 0 0 0 0 
27 0 0 0 0 0 0 0 0 0 0 0 
0 95 0 0 0 0 0 0 0 0 0 0 
9    5    3846    0.9    7692
49 0 0 0 0 0 0 0 0 0 0 0 
0 16 0 0 0 0 0 0 0 0 0 0 
0 0 0 0 0 0 0 0 0 0 30 0 
0 0 0 0 0 0 0 0 0 0 0 37 
0 0 0 0 0 0 0 31 0 0 0 0 
0 0 0 6 0 0 0 0 0 0 0 0 
0 0 0 0 0 0 0 0 67 0 0 0 
0 0 0 0 0 0 0 0 0 97 0 0 
0 0 0 0 0 31 0 0 0 0 0 0 
7    5    1989    0.7    3978
0 9 0 0 0 0 0 0 0 0 0 0 
0 0 0 0 0 0 0 0 0 0 87 0 
0 0 0 0 0 0 0 0 0 0 0 12 
0 0 0 31 0 0 0 0 0 0 0 0 
0 0 0 0 0 0 0 0 22 0 0 0 
0 0 0 0 0 0 0 0 0 2 0 0 
0 0 0 0 0 0 0 28 0 0 0 0 
9    2    4974    0.2    9948
0 0 0 0 0 0 0 0 0 0 0 63 
0 0 0 0 12 0 0 0 0 0 0 0 
0 0 0 0 0 78 0 0 0 0 0 0 
0 9 0 0 0 0 0 0 0 0 0 0 
0 0 0 0 0 0 0 0 86 0 0 0 
0 0 0 0 0 0 0 0 0 75 0 0 
0 0 5 0 0 0 0 0 0 0 0 0 
0 0 0 76 0 0 0 0 0 0 0 0 
0 0 0 0 0 0 0 87 0 0 0 0 
10    2    6513    0.7    13026
0 0 0 0 0 0 0 0 0 0 0 89 
0 0 94 0 0 0 0 0 0 0 0 0 
0 0 0 13 0 0 0 0 0 0 0 0 
0 0 0 0 0 48 0 0 0 0 0 0 
89 0 0 0 0 0 0 0 0 0 0 0 
0 83 0 0 0 0 0 0 0 0 0 0 
0 0 0 0 0 0 2 0 0 0 0 0 
0 0 0 0 0 0 0 71 0 0 0 0 
0 0 0 0 0 0 0 0 86 0 0 0 
0 0 0 0 0 0 0 0 0 69 0 0 
8    0    2217    0.4    4434
0 0 0 0 49 0 0 0 0 0 0 0 
0 0 0 0 0 27 0 0 0 0 0 0 
0 0 31 0 0 0 0 0 0 0 0 0 
0 0 0 6 0 0 0 0 0 0 0 0 
0 0 0 0 0 0 0 0 9 0 0 0 
0 0 0 0 0 0 0 0 0 32 0 0 
74 0 0 0 0 0 0 0 0 0 0 0 
0 89 0 0 0 0 0 0 0 0 0 0 
10    2    4605    0.4    9210
0 0 0 0 30 0 0 0 0 0 0 0 
0 0 0 0 0 32 0 0 0 0 0 0 
0 0 81 0 0 0 0 0 0 0 0 0 
0 0 0 93 0 0 0 0 0 0 0 0 
7 0 0 0 0 0 0 0 0 0 0 0 
0 38 0 0 0 0 0 0 0 0 0 0 
0 0 0 0 0 0 97 0 0 0 0 0 
0 0 0 0 0 0 0 22 0 0 0 0 
0 0 0 0 0 0 0 0 74 0 0 0 
0 0 0 0 0 0 0 0 0 10 0 0 
5    0    2454    0.4    4908
0 0 0 0 0 0 0 0 0 84 0 0 
0 0 0 0 0 86 0 0 0 0 0 0 
0 46 0 0 0 0 0 0 0 0 0 0 
0 0 0 0 0 0 44 0 0 0 0 0 
0 0 0 0 0 0 0 13 0 0 0 0 
6    1    1728    0.9    3456
15 0 0 0 0 0 0 0 0 0 0 0 
0 79 0 0 0 0 0 0 0 0 0 0 
0 0 0 19 0 0 0 0 0 0 0 0 
0 0 0 0 0 7 0 0 0 0 0 0 
0 0 0 0 0 0 23 0 0 0 0 0 
0 0 0 0 0 0 0 45 0 0 0 0 
6    1    2334    0.2    4668
0 3 0 0 0 0 0 0 0 0 0 0 
0 0 0 0 0 0 0 55 0 0 0 0 
0 0 0 0 0 0 0 0 99 0 0 0 
0 0 0 0 0 0 0 0 0 16 0 0 
0 0 0 18 0 0 0 0 0 0 0 0 
0 0 0 0 0 83 0 0 0 0 0 0 
8    2    6063    0.7    12126
0 0 0 0 0 0 0 0 0 0 94 0 
0 0 0 0 0 0 0 0 0 0 0 93 
57 0 0 0 0 0 0 0 0 0 0 0 
0 68 0 0 0 0 0 0 0 0 0 0 
0 0 0 0 0 0 0 0 0 68 0 0 
0 0 19 0 0 0 0 0 0 0 0 0 
0 0 0 85 0 0 0 0 0 0 0 0 
0 0 0 0 0 91 0 0 0 0 0 0 
11    4    4710    0.8    9420
0 0 0 0 16 0 0 0 0 0 0 0 
0 0 0 0 0 7 0 0 0 0 0 0 
0 0 0 0 0 0 0 0 0 0 15 0 
0 0 0 0 0 0 0 0 0 0 0 77 
0 0 0 56 0 0 0 0 0 0 0 0 
67 0 0 0 0 0 0 0 0 0 0 0 
0 65 0 0 0 0 0 0 0 0 0 0 
0 0 0 0 0 0 0 0 95 0 0 0 
0 0 0 0 0 0 0 0 0 18 0 0 
0 0 0 0 0 0 33 0 0 0 0 0 
0 0 0 0 0 0 0 21 0 0 0 0 
10    3    6852    0.1    13704
85 0 0 0 0 0 0 0 0 0 0 0 
0 2 0 0 0 0 0 0 0 0 0 0 
0 0 93 0 0 0 0 0 0 0 0 0 
0 0 0 62 0 0 0 0 0 0 0 0 
0 0 0 0 0 0 0 0 0 0 0 95 
0 0 0 0 0 56 0 0 0 0 0 0 
0 0 0 0 0 0 49 0 0 0 0 0 
0 0 0 0 0 0 0 99 0 0 0 0 
0 0 0 0 0 0 0 0 11 0 0 0 
0 0 0 0 0 0 0 0 0 59 0 0 
10    5    7071    0.5    14142
0 0 0 0 0 0 90 0 0 0 0 0 
0 0 0 0 0 0 0 29 0 0 0 0 
0 0 0 0 0 0 0 0 0 0 64 0 
0 0 0 0 0 0 0 0 0 0 0 73 
0 0 0 0 0 0 0 0 98 0 0 0 
0 0 0 0 0 0 0 0 0 25 0 0 
0 0 0 62 0 0 0 0 0 0 0 0 
0 59 0 0 0 0 0 0 0 0 0 0 
0 0 0 0 80 0 0 0 0 0 0 0 
0 0 0 0 0 35 0 0 0 0 0 0 
7    2    2850    0.4    5700
0 32 0 0 0 0 0 0 0 0 0 0 
0 0 87 0 0 0 0 0 0 0 0 0 
0 0 0 34 0 0 0 0 0 0 0 0 
0 0 0 0 0 0 0 0 0 0 85 0 
0 0 0 0 0 0 0 0 0 0 0 44 
0 0 0 0 0 0 81 0 0 0 0 0 
0 0 0 0 0 0 0 44 0 0 0 0 
6    2    2100    0.7    4200
0 0 0 0 0 0 0 15 0 0 0 0 
0 0 0 0 0 0 0 0 50 0 0 0 
0 0 0 0 0 0 0 0 0 91 0 0 
11 0 0 0 0 0 0 0 0 0 0 0 
0 46 0 0 0 0 0 0 0 0 0 0 
0 0 0 0 0 0 0 0 0 0 0 28 
6    3    2958    0.7    5916
0 0 0 0 0 0 0 0 0 0 0 69 
0 60 0 0 0 0 0 0 0 0 0 0 
0 0 0 0 0 0 99 0 0 0 0 0 
0 0 0 0 0 0 0 69 0 0 0 0 
0 0 0 0 0 0 0 0 98 0 0 0 
0 0 0 0 0 0 0 0 0 25 0 0 
9    2    5979    0.4    11958
0 0 0 0 93 0 0 0 0 0 0 0 
0 0 0 0 0 75 0 0 0 0 0 0 
0 0 0 0 0 0 94 0 0 0 0 0 
0 0 0 0 0 0 0 91 0 0 0 0 
0 0 0 0 0 0 0 0 47 0 0 0 
0 0 0 0 0 0 0 0 0 14 0 0 
0 0 0 0 0 0 0 0 0 0 31 0 
0 0 0 0 0 0 0 0 0 0 0 23 
0 28 0 0 0 0 0 0 0 0 0 0 
5    4    1707    0.8    3414
0 0 0 0 67 0 0 0 0 0 0 0 
0 0 0 0 0 21 0 0 0 0 0 0 
0 74 0 0 0 0 0 0 0 0 0 0 
0 0 0 0 0 0 0 0 0 0 36 0 
0 0 0 0 0 0 0 0 0 0 0 36 
6    5    1146    0.9    2292
0 0 0 0 0 0 19 0 0 0 0 0 
0 0 0 0 0 0 0 8 0 0 0 0 
0 0 0 0 0 0 0 0 0 0 36 0 
0 0 0 0 0 0 0 0 0 0 0 49 
32 0 0 0 0 0 0 0 0 0 0 0 
0 37 0 0 0 0 0 0 0 0 0 0 
8    0    4386    0.7    8772
0 0 0 0 99 0 0 0 0 0 0 0 
0 0 0 0 0 78 0 0 0 0 0 0 
0 0 0 0 0 0 75 0 0 0 0 0 
0 0 0 0 0 0 0 48 0 0 0 0 
0 0 0 0 0 0 0 0 42 0 0 0 
0 0 0 0 0 0 0 0 0 68 0 0 
14 0 0 0 0 0 0 0 0 0 0 0 
0 85 0 0 0 0 0 0 0 0 0 0 
10    3    5691    0.8    11382
0 0 0 0 0 0 0 0 16 0 0 0 
0 0 0 0 0 0 0 0 0 87 0 0 
0 0 0 0 0 0 94 0 0 0 0 0 
0 0 0 0 0 0 0 48 0 0 0 0 
0 0 0 0 0 0 0 0 0 0 66 0 
0 0 0 0 0 0 0 0 0 0 0 64 
29 0 0 0 0 0 0 0 0 0 0 0 
0 63 0 0 0 0 0 0 0 0 0 0 
0 0 0 0 82 0 0 0 0 0 0 0 
0 0 0 0 0 78 0 0 0 0 0 0 
7    4    2178    0.4    4356
0 0 0 0 0 0 0 0 24 0 0 0 
0 0 0 0 0 0 0 0 0 2 0 0 
0 0 100 0 0 0 0 0 0 0 0 0 
0 0 0 32 0 0 0 0 0 0 0 0 
0 2 0 0 0 0 0 0 0 0 0 0 
0 0 0 0 0 0 0 0 0 0 97 0 
0 0 0 0 0 0 0 0 0 0 0 47 
11    0    4242    0.9    8484
24 0 0 0 0 0 0 0 0 0 0 0 
0 21 0 0 0 0 0 0 0 0 0 0 
0 0 0 0 0 0 33 0 0 0 0 0 
0 0 0 0 0 0 0 7 0 0 0 0 
0 0 0 0 0 0 0 0 0 0 0 82 
0 0 0 0 0 0 0 0 8 0 0 0 
0 0 0 0 0 0 0 0 0 91 0 0 
0 0 0 0 28 0 0 0 0 0 0 0 
0 0 0 0 0 22 0 0 0 0 0 0 
0 0 63 0 0 0 0 0 0 0 0 0 
0 0 0 88 0 0 0 0 0 0 0 0 
6    1    2964    0.3    5928
0 81 0 0 0 0 0 0 0 0 0 0 
0 0 0 0 0 0 0 0 0 0 36 0 
0 0 0 0 0 0 0 0 0 0 0 22 
0 0 0 0 0 0 99 0 0 0 0 0 
0 0 0 0 0 0 0 79 0 0 0 0 
0 0 0 0 0 94 0 0 0 0 0 0 
6    5    2568    0.1    5136
0 0 0 0 0 0 0 73 0 0 0 0 
10 0 0 0 0 0 0 0 0 0 0 0 
0 86 0 0 0 0 0 0 0 0 0 0 
0 0 0 0 0 42 0 0 0 0 0 0 
0 0 0 0 0 0 0 0 0 0 22 0 
0 0 0 0 0 0 0 0 0 0 0 92 
8    3    2199    0.4    4398
0 0 0 0 0 0 0 0 0 9 0 0 
0 0 48 0 0 0 0 0 0 0 0 0 
0 0 0 12 0 0 0 0 0 0 0 0 
0 0 0 0 0 0 5 0 0 0 0 0 
0 0 0 0 0 0 0 27 0 0 0 0 
0 96 0 0 0 0 0 0 0 0 0 0 
0 0 0 0 0 0 0 0 0 0 22 0 
0 0 0 0 0 0 0 0 0 0 0 92 
10    1    7098    0.3    14196
0 0 0 0 0 0 0 0 81 0 0 0 
0 0 0 0 0 0 0 0 0 58 0 0 
0 80 0 0 0 0 0 0 0 0 0 0 
0 0 0 0 0 0 0 0 0 0 79 0 
0 0 0 0 0 0 0 0 0 0 0 46 
0 0 0 0 0 0 74 0 0 0 0 0 
0 0 0 0 0 0 0 16 0 0 0 0 
0 0 0 73 0 0 0 0 0 0 0 0 
0 0 0 0 71 0 0 0 0 0 0 0 
0 0 0 0 0 91 0 0 0 0 0 0 
5    2    1860    0.3    3720
0 45 0 0 0 0 0 0 0 0 0 0 
0 0 0 48 0 0 0 0 0 0 0 0 
0 0 0 0 0 0 0 0 100 0 0 0 
0 0 0 0 0 0 0 0 0 6 0 0 
0 0 0 0 0 0 0 0 0 0 0 8 
11    1    5769    0.6    11538
0 0 34 0 0 0 0 0 0 0 0 0 
0 0 0 4 0 0 0 0 0 0 0 0 
0 0 0 0 79 0 0 0 0 0 0 0 
0 0 0 0 0 44 0 0 0 0 0 0 
0 0 0 0 0 0 0 41 0 0 0 0 
72 0 0 0 0 0 0 0 0 0 0 0 
0 86 0 0 0 0 0 0 0 0 0 0 
0 0 0 0 0 0 0 0 75 0 0 0 
0 0 0 0 0 0 0 0 0 75 0 0 
0 0 0 0 0 0 0 0 0 0 28 0 
0 0 0 0 0 0 0 0 0 0 0 46 
11    3    4569    0.9    9138
10 0 0 0 0 0 0 0 0 0 0 0 
0 12 0 0 0 0 0 0 0 0 0 0 
0 0 0 0 0 0 0 0 0 0 10 0 
0 0 0 0 0 0 0 0 0 0 0 66 
0 0 0 0 57 0 0 0 0 0 0 0 
0 0 0 0 0 81 0 0 0 0 0 0 
0 0 63 0 0 0 0 0 0 0 0 0 
0 0 0 3 0 0 0 0 0 0 0 0 
0 0 0 0 0 0 0 0 0 39 0 0 
0 0 0 0 0 0 80 0 0 0 0 0 
0 0 0 0 0 0 0 50 0 0 0 0 
6    4    1146    0.7    2292
0 5 0 0 0 0 0 0 0 0 0 0 
0 0 0 0 0 0 0 0 0 0 0 10 
0 0 0 0 0 0 0 0 69 0 0 0 
0 0 0 0 0 0 0 0 0 1 0 0 
0 0 41 0 0 0 0 0 0 0 0 0 
0 0 0 79 0 0 0 0 0 0 0 0 
8    4    2499    0.3    4998
20 0 0 0 0 0 0 0 0 0 0 0 
0 50 0 0 0 0 0 0 0 0 0 0 
0 0 57 0 0 0 0 0 0 0 0 0 
0 0 0 27 0 0 0 0 0 0 0 0 
0 0 0 0 0 0 0 0 0 0 12 0 
0 0 0 0 0 0 0 0 0 0 0 26 
0 0 0 0 0 0 0 0 88 0 0 0 
0 0 0 0 0 0 0 0 0 68 0 0 
5    0    1056    0.2    2112
0 0 0 0 0 0 0 0 16 0 0 0 
0 0 0 0 0 0 0 0 0 19 0 0 
27 0 0 0 0 0 0 0 0 0 0 0 
0 34 0 0 0 0 0 0 0 0 0 0 
0 0 0 0 0 0 0 0 0 0 0 66 
11    1    4050    0.8    8100
11 0 0 0 0 0 0 0 0 0 0 0 
0 48 0 0 0 0 0 0 0 0 0 0 
0 0 0 0 57 0 0 0 0 0 0 0 
0 0 0 0 0 3 0 0 0 0 0 0 
0 0 0 0 0 0 0 0 0 0 6 0 
0 0 0 0 0 0 0 0 0 0 0 10 
0 0 0 0 0 0 0 0 0 100 0 0 
0 0 52 0 0 0 0 0 0 0 0 0 
0 0 0 35 0 0 0 0 0 0 0 0 
0 0 0 0 0 0 60 0 0 0 0 0 
0 0 0 0 0 0 0 44 0 0 0 0 
10    1    4158    0.1    8316
0 0 0 0 0 0 0 10 0 0 0 0 
0 0 0 0 0 0 0 0 37 0 0 0 
0 0 0 0 0 0 0 0 0 22 0 0 
0 0 50 0 0 0 0 0 0 0 0 0 
0 0 0 47 0 0 0 0 0 0 0 0 
0 0 0 0 60 0 0 0 0 0 0 0 
0 0 0 0 0 46 0 0 0 0 0 0 
0 0 0 0 0 0 0 0 0 0 0 69 
24 0 0 0 0 0 0 0 0 0 0 0 
0 94 0 0 0 0 0 0 0 0 0 0 
8    5    2904    0.6    5808
0 0 0 36 0 0 0 0 0 0 0 0 
0 0 0 0 20 0 0 0 0 0 0 0 
0 0 0 0 0 78 0 0 0 0 0 0 
0 0 0 0 0 0 0 0 0 0 24 0 
0 0 0 0 0 0 0 0 0 0 0 10 
0 60 0 0 0 0 0 0 0 0 0 0 
0 0 0 0 0 0 65 0 0 0 0 0 
0 0 0 0 0 0 0 52 0 0 0 0 
5    5    1692    0.4    3384
0 0 0 0 0 0 38 0 0 0 0 0 
0 0 0 0 0 0 0 40 0 0 0 0 
0 78 0 0 0 0 0 0 0 0 0 0 
0 0 0 0 0 0 0 0 82 0 0 0 
0 0 0 0 0 0 0 0 0 14 0 0 
10    1    5721    0.8    11442
0 0 0 0 0 0 0 0 42 0 0 0 
0 0 0 0 0 0 0 0 0 88 0 0 
0 50 0 0 0 0 0 0 0 0 0 0 
0 0 0 0 0 0 0 0 0 0 63 0 
0 0 0 0 0 0 0 0 0 0 0 13 
0 0 0 0 0 72 0 0 0 0 0 0 
0 0 0 0 0 0 10 0 0 0 0 0 
0 0 0 0 0 0 0 61 0 0 0 0 
0 0 75 0 0 0 0 0 0 0 0 0 
0 0 0 95 0 0 0 0 0 0 0 0 
9    0    2583    0.9    5166
0 0 0 0 25 0 0 0 0 0 0 0 
0 0 0 0 0 53 0 0 0 0 0 0 
0 0 0 29 0 0 0 0 0 0 0 0 
0 0 0 0 0 0 2 0 0 0 0 0 
0 0 0 0 0 0 0 55 0 0 0 0 
28 0 0 0 0 0 0 0 0 0 0 0 
0 7 0 0 0 0 0 0 0 0 0 0 
0 0 0 0 0 0 0 0 10 0 0 0 
0 0 0 0 0 0 0 0 0 17 0 0 
5    5    1536    0.6    3072
0 0 0 0 0 0 0 0 0 0 42 0 
0 0 0 0 0 0 0 0 0 0 0 30 
0 0 0 0 22 0 0 0 0 0 0 0 
0 0 0 0 0 64 0 0 0 0 0 0 
0 57 0 0 0 0 0 0 0 0 0 0 
9    1    5313    0.1    10626
0 0 50 0 0 0 0 0 0 0 0 0 
0 0 0 79 0 0 0 0 0 0 0 0 
0 0 0 0 0 0 0 0 0 55 0 0 
0 0 0 0 0 59 0 0 0 0 0 0 
0 0 0 0 0 0 0 0 0 0 82 0 
0 0 0 0 0 0 0 0 0 0 0 4 
65 0 0 0 0 0 0 0 0 0 0 0 
0 12 0 0 0 0 0 0 0 0 0 0 
0 0 0 0 0 0 0 20 0 0 0 0 
6    3    3402    0.3    6804
0 0 0 0 0 0 0 0 0 0 92 0 
0 0 0 0 0 0 0 0 0 0 0 50 
0 0 0 0 0 46 0 0 0 0 0 0 
0 0 0 0 0 0 0 0 0 38 0 0 
0 6 0 0 0 0 0 0 0 0 0 0 
0 0 0 0 0 0 0 48 0 0 0 0 
9    5    3006    0.6    6012
0 4 0 0 0 0 0 0 0 0 0 0 
0 0 5 0 0 0 0 0 0 0 0 0 
0 0 0 43 0 0 0 0 0 0 0 0 
0 0 0 0 0 0 0 0 54 0 0 0 
0 0 0 0 0 0 0 0 0 90 0 0 
0 0 0 0 0 0 0 0 0 0 61 0 
0 0 0 0 0 0 0 0 0 0 0 29 
0 0 0 0 37 0 0 0 0 0 0 0 
0 0 0 0 0 75 0 0 0 0 0 0 
6    1    2079    0.4    4158
0 0 0 0 0 0 0 0 0 0 58 0 
0 0 0 0 0 0 0 0 0 0 0 26 
0 0 90 0 0 0 0 0 0 0 0 0 
0 0 0 33 0 0 0 0 0 0 0 0 
73 0 0 0 0 0 0 0 0 0 0 0 
0 52 0 0 0 0 0 0 0 0 0 0 
6    3    3171    0.4    6342
0 0 90 0 0 0 0 0 0 0 0 0 
0 0 0 29 0 0 0 0 0 0 0 0 
0 94 0 0 0 0 0 0 0 0 0 0 
0 0 0 0 0 0 0 0 53 0 0 0 
0 0 0 0 0 0 0 0 0 41 0 0 
0 0 0 0 0 40 0 0 0 0 0 0 
10    2    5196    0.3    10392
0 0 0 0 13 0 0 0 0 0 0 0 
0 0 0 0 0 72 0 0 0 0 0 0 
0 0 56 0 0 0 0 0 0 0 0 0 
0 0 0 52 0 0 0 0 0 0 0 0 
0 31 0 0 0 0 0 0 0 0 0 0 
0 0 0 0 0 0 51 0 0 0 0 0 
0 0 0 0 0 0 0 7 0 0 0 0 
0 0 0 0 0 0 0 0 0 93 0 0 
0 0 0 0 0 0 0 0 0 0 95 0 
0 0 0 0 0 0 0 0 0 0 0 13 
9    1    4857    0.6    9714
0 0 0 0 0 0 0 0 0 93 0 0 
0 0 0 0 0 0 63 0 0 0 0 0 
0 0 0 0 0 0 0 92 0 0 0 0 
0 0 0 0 0 0 0 0 0 0 6 0 
0 0 0 0 0 0 0 0 0 0 0 65 
0 0 43 0 0 0 0 0 0 0 0 0 
0 0 0 11 0 0 0 0 0 0 0 0 
48 0 0 0 0 0 0 0 0 0 0 0 
0 71 0 0 0 0 0 0 0 0 0 0 
8    0    4776    0.1    9552
0 0 0 0 0 81 0 0 0 0 0 0 
0 0 0 0 0 0 0 0 0 0 0 100 
0 0 0 0 0 0 0 0 92 0 0 0 
0 0 0 0 0 0 0 0 0 9 0 0 
77 0 0 0 0 0 0 0 0 0 0 0 
0 94 0 0 0 0 0 0 0 0 0 0 
0 0 0 0 0 0 70 0 0 0 0 0 
0 0 0 0 0 0 0 27 0 0 0 0 
7    2    3153    0.4    6306
0 0 0 0 0 0 0 0 0 0 34 0 
0 0 0 0 0 0 0 0 0 0 0 26 
0 0 0 0 0 80 0 0 0 0 0 0 
99 0 0 0 0 0 0 0 0 0 0 0 
0 96 0 0 0 0 0 0 0 0 0 0 
0 0 0 0 0 0 49 0 0 0 0 0 
0 0 0 0 0 0 0 37 0 0 0 0 
6    3    2931    0.6    5862
9 0 0 0 0 0 0 0 0 0 0 0 
0 68 0 0 0 0 0 0 0 0 0 0 
0 0 0 91 0 0 0 0 0 0 0 0 
0 0 0 0 0 0 0 0 0 6 0 0 
0 0 0 0 0 0 0 31 0 0 0 0 
0 0 0 0 0 0 0 0 0 0 0 88 
