machine1:0,32,70,131,41,22,15,79,60,53,80,123,69,78,97,107,85,11,44,12,42,21,128,49,72,115,47,113,9,95,119,52,50,59,23,57,48,86,118,90,17,77,33,75,68,96,35,83,88,40,105,106,91,125,45,16,108,38,111,4,87,8,138,71,130,62,89,93,37,46,5,99,74,140,133,55,34,76,101,64,19,25,58,109,129,66,43,124,132,7,
machine2:0,32,70,131,41,22,15,79,60,24,31,53,80,123,69,73,78,97,107,85,29,11,126,98,44,94,116,12,42,30,21,28,128,49,72,115,56,47,113,9,95,119,52,26,50,59,67,23,57,48,86,103,118,54,90,63,17,136,14,77,33,75,36,127,139,68,114,96,82,35,83,88,40,105,120,106,92,102,91,125,45,135,16,108,2,38,121,81,13,84,134,111,4,87,8,138,61,71,130,62,89,93,37,20,122,46,5,99,10,74,140,133,55,34,110,76,101,64,27,1,137,19,39,65,25,117,3,58,112,109,129,66,51,43,124,132,18,6,7,104,100,
machine3:0,41,15,79,24,107,85,29,126,98,44,94,12,30,28,128,49,72,47,9,95,50,59,67,86,90,17,77,36,68,40,120,2,38,81,13,84,134,87,138,61,62,89,93,37,20,122,46,5,99,55,110,76,101,19,39,65,117,3,58,112,51,43,6,7,
machine4:0,41,22,15,79,60,24,31,80,69,97,107,85,29,126,98,44,94,12,42,30,21,28,128,49,72,115,56,47,9,95,50,59,67,57,48,86,54,90,17,136,77,33,36,139,68,96,82,83,88,40,105,120,106,92,102,91,16,108,2,38,121,81,13,84,134,4,87,138,61,71,62,89,93,37,20,122,46,5,99,74,140,133,55,34,110,76,101,64,1,19,39,65,25,117,3,58,112,109,66,51,43,18,6,7,
machine5:0,32,70,131,41,22,15,79,60,24,31,53,80,123,69,73,78,97,107,85,29,11,126,98,44,94,116,12,42,30,21,28,128,49,72,115,56,47,113,9,95,119,52,50,59,67,23,57,48,86,103,54,90,17,136,77,75,36,127,68,114,96,35,88,40,120,106,92,125,45,135,108,2,38,121,81,13,84,134,111,4,87,8,71,130,62,89,93,37,20,46,5,10,74,140,133,55,34,110,76,101,64,27,1,137,19,39,65,25,117,3,58,112,109,51,124,132,6,7,104,100,
machine6:0,41,79,60,31,80,123,73,97,107,85,29,11,126,98,44,12,42,21,28,128,49,72,115,56,47,9,95,119,52,59,67,23,57,48,86,54,17,136,77,75,36,96,88,40,120,92,125,45,108,2,38,121,81,84,134,111,4,87,8,71,130,62,89,93,37,20,46,5,10,74,140,133,55,34,110,76,101,64,27,1,137,19,39,65,25,117,3,58,112,109,51,124,132,6,7,104,100,
machine7:0,107,85,44,12,42,128,56,57,77,88,40,92,125,45,108,121,81,84,134,4,8,71,130,62,93,37,20,46,10,74,140,133,55,34,110,76,101,64,27,1,137,19,39,65,25,117,3,58,112,109,51,132,104,
machine8:0,32,131,41,22,79,60,24,31,53,80,69,73,78,97,107,85,29,11,98,44,94,116,12,42,30,21,28,128,49,72,115,56,47,9,95,119,52,26,50,59,67,57,48,86,103,118,54,90,63,17,136,14,77,75,36,127,139,68,114,96,82,83,88,40,120,106,102,91,45,135,16,108,2,38,121,81,13,84,134,111,4,87,138,71,130,62,89,37,20,5,99,74,140,55,34,110,76,101,64,27,19,39,65,25,117,3,58,112,109,129,51,43,124,132,18,6,7,104,100,
machine9:0,32,131,41,79,60,24,31,53,80,69,73,78,97,107,85,29,44,94,116,12,42,30,21,28,128,49,72,115,56,47,9,95,52,26,50,59,67,57,48,86,118,54,90,63,17,14,77,75,36,127,139,68,114,88,40,120,102,45,16,108,38,121,81,134,111,4,87,138,89,37,20,99,74,140,34,110,76,101,19,39,65,25,117,3,58,112,109,129,51,43,6,7,104,100,
machine10:0,32,131,79,60,24,31,53,73,78,107,85,29,44,94,116,12,42,30,28,128,49,72,115,56,47,95,52,26,67,57,48,86,118,63,17,14,127,68,111,37,20,99,34,76,101,19,25,3,112,109,51,43,6,7,100,
machine11:0,131,79,24,123,73,126,44,42,49,72,115,56,9,95,52,67,23,57,86,103,54,17,77,36,139,68,96,40,120,102,91,45,135,16,2,38,84,111,4,8,138,71,62,89,93,20,46,99,10,140,55,34,110,19,39,65,25,3,58,112,109,129,66,51,43,124,132,18,6,7,104,100,
machine12:0,70,131,22,15,79,60,24,31,53,123,73,78,11,126,44,12,42,30,128,49,72,115,56,47,9,95,119,52,26,50,67,23,57,86,103,54,63,17,136,77,33,75,36,139,68,114,96,82,35,83,88,40,120,92,102,91,125,45,135,16,108,2,38,121,81,13,84,111,4,87,8,138,61,71,130,62,89,93,20,46,99,10,140,133,55,34,110,76,101,27,1,137,19,39,65,25,3,58,112,109,129,66,51,43,124,132,18,6,7,104,100,
machine13:0,70,41,79,60,24,123,78,97,85,11,94,12,42,21,128,49,72,56,47,113,9,95,52,26,67,48,86,77,33,36,96,35,88,40,105,120,106,125,16,38,121,134,111,4,71,130,89,93,37,20,122,46,140,55,34,76,101,64,27,1,39,58,112,109,51,43,18,7,100,
machine14:0,70,131,41,15,79,60,24,123,69,73,78,97,85,29,11,98,94,12,42,21,28,128,49,72,56,47,113,9,95,52,26,67,23,57,48,86,118,136,14,77,33,36,139,68,114,96,82,35,83,88,40,105,120,106,102,125,45,135,16,108,2,38,121,84,134,111,4,87,8,61,71,130,62,89,93,37,20,122,46,5,10,74,140,55,34,110,76,101,64,27,1,39,58,112,109,129,51,43,124,132,18,6,7,104,100,

1to 1:
1to 2:105,126,82,13,90,66,81,133,102,15,22,31,43,47,48,60,88,86,38,112,
1to 3:113,10,32,123,98,97,117,59,1,21,107,104,24,132,84,6,131,25,41,72,71,19,37,115,3,101,
1to 4:116,26,80,54,53,45,124,27,65,16,18,75,64,78,69,89,109,42,110,134,58,12,111,51,140,49,128,
1to 5:137,99,135,91,83,87,50,70,11,55,2,57,46,73,93,36,95,44,40,62,39,77,56,9,79,
1to 6:118,122,29,61,129,125,139,5,106,100,94,74,121,67,85,108,68,20,
2to 1:61,80,98,33,97,92,138,139,107,55,64,71,3,85,40,39,77,
2to 2:
2to 3:29,54,22,28,47,7,36,30,69,60,109,95,62,128,79,
2to 4:81,91,102,117,87,59,106,31,2,44,108,56,112,101,
2to 5:126,82,13,15,17,96,65,24,25,72,120,19,136,121,4,88,38,140,68,
2to 6:1,16,18,57,41,37,76,34,42,58,86,51,49,
3to 1:28,112,54,5,34,86,76,87,116,36,50,100,2,51,46,133,128,13,93,45,30,12,140,17,8,75,44,125,108,
3to 2:56,40,94,37,121,110,42,77,68,4,85,21,59,9,58,106,
3to 3:
3to 4:120,107,57,104,6,96,48,60,119,130,90,38,95,24,136,73,74,7,52,127,
3to 5:103,23,1,92,35,81,49,67,10,101,115,71,114,22,20,
3to 6:27,55,132,72,69,62,109,64,134,135,88,78,111,89,113,47,84,
4to 1:95,37,25,94,38,22,129,79,57,47,41,119,101,90,83,7,103,118,114,106,56,115,68,32,117,14,127,
4to 2:134,51,109,72,84,76,17,89,69,120,49,29,28,74,97,5,99,12,3,19,6,
4to 3:111,39,67,64,11,65,50,135,4,9,53,124,20,58,80,
4to 4:
4to 5:128,52,108,110,34,86,139,102,31,16,63,54,30,27,42,78,75,138,
4to 6:112,130,45,73,26,96,2,98,48,131,21,40,104,43,136,
5to 1:63,23,35,66,81,123,26,53,96,65,104,24,132,131,72,120,19,136,89,109,52,58,20,
5to 2:91,33,92,138,50,18,2,46,30,67,44,115,
5to 3:126,119,137,133,70,27,17,130,100,55,31,8,73,34,12,86,51,112,
5to 4:103,13,99,129,11,84,43,25,47,76,121,3,88,40,62,68,
5to 5:
5to 6:82,114,102,15,83,87,124,6,93,7,71,36,60,4,110,38,39,77,140,9,101,79,
6to 1:105,10,135,1,70,124,21,130,16,18,11,6,43,78,48,60,4,42,134,88,62,
6to 2:122,98,83,87,96,24,93,7,136,95,108,128,79,20,
6to 3:23,35,15,94,57,46,74,120,76,121,110,52,56,140,49,
6to 4:14,82,29,114,97,139,5,28,100,55,132,41,71,36,67,34,85,39,77,9,
6to 5:61,123,33,125,45,8,84,131,89,12,111,
6to 6:

cell1:2,3,6,4,5,
cell2:1,4,5,3,6,
cell3:5,6,1,4,2,
cell4:3,2,5,1,6,
cell5:1,2,3,4,6,
cell6:5,1,4,3,2,
