machine1:0,88,59,87,77,140,16,40,75,74,44,60,78,85,89,108,12,128,107,45,42,9,53,68,95,69,99,57,52,111,38,90,35,83,105,32,22,15,91,70,17,23,71,106,76,113,125,21,37,97,8,118,119,62,101,41,115,93,55,64,86,48,25,49,46,5,131,34,47,133,33,80,123,130,96,50,79,19,4,72,11,138,58,109,129,66,43,124,132,7,
machine2:0,88,59,36,87,77,140,121,16,40,75,74,44,73,60,78,85,89,108,24,139,81,12,134,128,107,45,42,9,53,116,68,56,31,29,95,69,99,26,57,120,52,102,111,38,54,90,30,14,103,127,63,114,82,35,83,105,32,22,92,15,91,70,135,17,61,13,136,23,71,106,65,76,113,94,2,84,28,125,21,37,97,8,118,119,62,101,41,110,115,93,55,64,27,86,48,20,122,25,49,46,5,39,131,34,47,1,10,67,133,126,33,117,80,123,137,130,96,50,79,19,4,72,98,11,138,112,3,58,109,129,66,51,43,18,124,132,6,7,104,100,
machine3:0,59,36,87,77,40,44,85,89,24,81,12,134,128,107,9,68,29,95,99,120,38,90,30,15,17,61,13,65,76,94,2,84,28,37,62,101,41,110,93,55,86,20,122,49,46,5,39,47,67,126,117,50,79,19,72,98,138,112,3,58,51,43,6,7,
machine4:0,88,59,36,87,77,140,121,16,40,74,44,60,85,89,108,24,139,81,12,134,128,107,42,9,68,56,31,29,95,69,99,57,120,102,38,54,90,30,82,83,105,22,92,15,91,17,61,13,136,71,106,65,76,94,2,84,28,21,37,97,62,101,41,110,115,93,55,64,86,48,20,122,25,49,46,5,39,34,47,1,67,133,126,33,117,80,96,50,79,19,4,72,98,138,112,3,58,109,66,51,43,18,6,7,
machine5:0,88,59,36,87,77,140,121,40,75,74,44,73,60,78,85,89,108,24,81,12,134,128,107,45,42,9,53,116,68,56,31,29,95,69,57,120,52,111,38,54,90,30,103,127,114,35,32,22,92,15,70,135,17,13,136,23,71,106,65,76,113,94,2,84,28,125,21,37,97,8,119,62,101,41,110,115,93,55,64,27,86,48,20,25,49,46,5,39,131,34,47,1,10,67,133,126,117,80,123,137,130,96,50,79,19,4,72,98,11,112,3,58,109,51,124,132,6,7,104,100,
machine6:0,88,59,36,87,77,140,121,40,75,74,44,73,60,85,89,108,81,12,134,128,107,45,42,9,56,31,29,95,57,120,52,111,38,54,92,17,136,23,71,65,76,2,84,28,125,21,37,97,8,119,62,101,41,110,115,93,55,64,27,86,48,20,25,49,46,5,39,34,47,1,10,67,133,126,117,80,123,137,130,96,79,19,4,72,98,11,112,3,58,109,51,124,132,6,7,104,100,
machine7:0,88,77,140,121,40,74,44,85,108,81,12,134,128,107,45,42,56,57,92,71,65,76,84,125,37,8,62,101,110,93,55,64,27,20,25,46,39,34,1,10,133,117,137,130,19,4,112,3,58,109,51,132,104,
machine8:0,88,59,36,87,77,140,121,16,40,75,74,44,73,60,78,85,89,108,24,139,81,12,134,128,107,45,42,9,53,116,68,56,31,29,95,69,99,26,57,120,52,102,111,38,54,90,30,14,103,127,63,114,82,83,32,22,91,135,17,13,136,71,106,65,76,94,2,84,28,21,37,97,118,119,62,101,41,110,115,55,64,27,86,48,20,25,49,5,39,131,34,47,67,117,80,130,96,50,79,19,4,72,98,11,138,112,3,58,109,129,51,43,18,124,132,6,7,104,100,
machine9:0,88,59,36,87,77,140,121,16,40,75,74,44,73,60,78,85,89,108,24,139,81,12,134,128,107,45,42,9,53,116,68,56,31,29,95,69,99,26,57,120,52,102,111,38,54,90,30,14,127,63,114,32,17,65,76,94,28,21,37,97,118,101,41,110,115,86,48,20,25,49,39,131,34,47,67,117,80,50,79,19,4,72,138,112,3,58,109,129,51,43,6,7,104,100,
machine10:0,44,73,60,78,85,24,12,128,107,42,53,116,68,56,31,29,95,99,26,57,52,111,30,14,127,63,32,17,76,94,28,37,118,101,115,86,48,20,25,49,131,34,47,67,79,19,72,112,3,109,51,43,6,7,100,
machine11:0,36,77,140,16,40,44,73,89,24,139,45,42,9,68,56,95,99,57,120,52,102,111,38,54,103,91,135,17,23,71,65,2,84,8,62,110,115,93,55,86,20,25,49,46,39,131,34,10,67,126,123,96,79,19,4,72,138,112,3,58,109,129,66,51,43,18,124,132,6,7,104,100,
machine12:0,88,36,87,77,140,121,16,40,75,44,73,60,78,89,108,24,139,81,12,128,45,42,9,53,68,56,31,95,99,26,57,120,52,102,111,38,54,30,103,63,114,82,35,83,22,92,15,91,70,135,17,61,13,136,23,71,65,76,2,84,125,8,119,62,101,110,115,93,55,27,86,20,25,49,46,39,131,34,47,1,10,67,133,126,33,123,137,130,96,50,79,19,4,72,11,138,112,3,58,109,129,66,51,43,18,124,132,6,7,104,100,
machine13:0,88,36,77,140,121,16,40,60,78,85,89,24,12,134,128,42,9,56,95,26,120,52,111,38,35,105,70,71,106,76,113,94,125,21,37,97,101,41,93,55,64,27,86,48,20,122,49,46,39,34,47,1,67,33,123,130,96,79,4,72,11,112,58,109,51,43,18,7,100,
machine14:0,88,36,87,77,140,121,16,40,74,73,60,78,85,89,108,24,139,12,134,128,45,42,9,68,56,29,95,69,26,57,120,52,102,111,38,14,114,82,35,83,105,15,70,135,61,136,23,71,106,76,113,94,2,84,28,125,21,37,97,8,118,62,101,41,110,93,55,64,27,86,48,20,122,49,46,5,39,131,34,47,1,10,67,33,123,130,96,79,4,72,98,11,112,58,109,129,51,43,18,124,132,6,7,104,100,

1to 1:
1to 2:105,126,82,13,90,66,81,133,102,15,22,31,43,47,48,60,88,86,38,112,
1to 3:113,10,32,123,98,97,117,59,1,21,107,104,24,132,84,6,131,25,41,72,71,19,37,115,3,101,
1to 4:116,26,80,54,53,45,124,27,65,16,18,75,64,78,69,89,109,42,110,134,58,12,111,51,140,49,128,
1to 5:137,99,135,91,83,87,50,70,11,55,2,57,46,73,93,36,95,44,40,62,39,77,56,9,79,
1to 6:118,122,29,61,129,125,139,5,106,100,94,74,121,67,85,108,68,20,
2to 1:61,80,98,33,97,92,138,139,107,55,64,71,3,85,40,39,77,
2to 2:
2to 3:29,54,22,28,47,7,36,30,69,60,109,95,62,128,79,
2to 4:81,91,102,117,87,59,106,31,2,44,108,56,112,101,
2to 5:126,82,13,15,17,96,65,24,25,72,120,19,136,121,4,88,38,140,68,
2to 6:1,16,18,57,41,37,76,34,42,58,86,51,49,
3to 1:112,86,34,51,76,36,128,28,5,2,100,87,54,50,46,93,116,140,12,133,30,13,45,17,8,75,44,108,125,
3to 2:56,40,121,37,110,94,68,77,42,85,4,9,58,21,59,106,
3to 3:
3to 4:120,107,57,6,60,48,38,104,96,95,130,90,24,119,136,73,74,7,52,127,
3to 5:49,101,67,115,1,92,103,23,35,81,10,71,20,114,22,
3to 6:62,134,69,109,72,132,55,27,64,88,111,78,135,89,47,84,113,
4to 1:95,37,25,94,38,22,129,79,57,47,41,119,101,90,83,7,103,118,114,106,56,115,68,32,117,14,127,
4to 2:134,51,109,72,84,76,17,89,69,120,49,29,28,74,97,5,99,12,3,19,6,
4to 3:111,39,67,64,11,65,50,135,4,9,53,124,20,58,80,
4to 4:
4to 5:128,52,108,110,34,86,139,102,31,16,63,54,30,27,42,78,75,138,
4to 6:112,130,45,73,26,96,2,98,48,131,21,40,104,43,136,
5to 1:63,23,35,66,81,123,26,53,96,65,104,24,132,131,72,120,19,136,89,109,52,58,20,
5to 2:91,33,92,138,50,18,2,46,30,67,44,115,
5to 3:126,119,137,133,70,27,17,130,100,55,31,8,73,34,12,86,51,112,
5to 4:103,13,99,129,11,84,43,25,47,76,121,3,88,40,62,68,
5to 5:
5to 6:82,114,102,15,83,87,124,6,93,7,71,36,60,4,110,38,39,77,140,9,101,79,
6to 1:105,10,135,1,70,124,21,130,16,18,11,6,43,78,48,60,4,42,134,88,62,
6to 2:122,98,83,87,96,24,93,7,136,95,108,128,79,20,
6to 3:23,35,15,94,57,46,74,120,76,121,110,52,56,140,49,
6to 4:14,82,29,114,97,139,5,28,100,55,132,41,71,36,67,34,85,39,77,9,
6to 5:61,123,33,125,45,8,84,131,89,12,111,
6to 6:

cell1:2,3,6,4,5,
cell2:1,4,5,3,6,
cell3:2,5,6,1,4,
cell4:3,2,5,1,6,
cell5:1,2,3,4,6,
cell6:5,1,4,3,2,
