machine1:0,45,22,9,8,30,12,41,69,10,44,66,2,26,37,61,23,4,46,19,38,77,18,5,27,54,79,39,55,7,24,13,36,43,
machine2:0,45,74,57,51,75,3,62,56,22,78,25,9,40,80,76,50,8,30,17,1,12,41,35,67,69,10,20,58,44,70,66,2,32,47,26,14,29,34,11,37,71,61,63,48,23,16,4,46,68,33,6,19,38,42,77,18,5,59,21,27,52,28,54,31,73,79,65,39,55,72,7,24,13,36,53,64,60,15,49,43,
machine3:0,75,62,25,76,12,35,47,26,29,71,61,48,4,68,38,18,5,27,54,31,73,39,72,64,60,15,49,43,
machine4:0,45,57,75,62,22,78,25,9,76,50,30,12,35,32,47,26,14,29,34,37,71,61,63,48,23,16,4,46,68,6,38,42,18,5,21,27,54,31,73,79,39,72,36,64,60,15,49,43,
machine5:0,45,57,75,62,22,78,25,9,76,50,30,12,35,47,26,29,71,61,63,48,4,68,38,42,18,5,21,27,54,31,73,79,39,72,36,64,60,15,49,43,
machine6:0,45,74,57,75,3,62,22,78,25,9,76,50,30,17,1,12,41,35,67,10,20,44,70,66,2,32,47,26,14,29,34,37,71,61,63,48,23,16,4,46,68,33,6,19,38,42,77,18,5,59,21,27,52,54,31,73,79,65,39,55,72,24,36,53,64,60,15,49,43,
machine7:0,45,74,57,75,3,62,22,78,25,9,76,50,30,17,1,12,41,35,20,32,47,26,14,29,34,37,71,61,63,48,23,16,4,46,68,6,19,38,42,18,5,21,27,52,54,31,73,79,39,72,36,64,60,15,49,43,
machine8:0,25,76,35,71,61,4,5,27,54,31,39,72,64,60,15,49,43,
machine9:0,45,74,57,3,62,25,40,80,30,17,12,35,10,20,2,32,47,29,34,11,37,71,61,63,48,23,16,4,46,68,33,19,38,77,5,27,52,54,31,73,79,39,55,72,7,24,36,64,60,43,
machine10:0,45,74,57,3,62,25,40,80,30,17,12,2,32,47,29,34,11,37,71,61,63,48,16,4,46,68,33,38,77,5,52,31,79,39,55,24,36,64,60,43,
machine11:0,45,74,57,51,75,3,62,78,25,9,40,80,76,8,30,17,12,35,67,69,10,20,66,2,32,47,26,14,29,34,11,37,71,61,63,48,23,16,4,46,68,33,19,38,77,5,59,27,52,54,31,73,79,39,55,72,7,24,36,53,64,60,43,
machine12:0,45,74,57,25,80,17,12,29,34,11,71,61,63,48,16,46,68,33,5,52,31,39,55,36,64,60,43,
machine13:0,45,74,57,51,75,3,62,56,25,9,80,76,50,8,30,17,1,12,58,32,26,37,61,63,48,16,4,46,68,33,6,19,38,5,59,27,52,28,79,39,55,7,24,36,53,64,60,15,49,
machine14:0,45,74,57,51,75,3,62,56,25,80,50,8,30,17,58,32,26,37,63,48,16,4,46,68,6,19,38,5,27,79,39,64,60,15,49,
machine15:0,45,74,57,51,75,3,62,56,22,25,9,40,80,76,50,8,30,17,1,12,41,67,10,58,44,70,66,2,32,47,26,11,37,61,63,48,16,4,46,68,33,6,19,38,5,59,21,27,52,28,54,73,79,65,39,55,7,24,13,36,53,64,60,15,49,43,
machine16:0,45,74,57,51,75,3,56,25,80,50,17,37,16,4,68,19,38,5,79,39,64,60,15,
machine17:0,45,74,75,3,62,22,78,25,9,80,76,17,69,58,47,26,29,34,71,61,63,48,23,16,4,68,33,19,38,77,18,5,59,21,27,52,28,54,31,73,79,65,39,7,24,36,60,43,
machine18:0,45,74,3,78,9,80,76,17,69,47,26,29,34,71,61,63,48,23,16,4,68,38,77,18,5,59,27,52,28,54,31,79,39,7,24,36,60,43,
machine19:0,45,74,51,75,3,62,56,22,78,25,9,40,80,76,30,17,35,69,10,58,44,70,32,47,26,14,29,34,11,37,71,61,63,48,23,16,4,46,68,33,6,19,38,42,77,18,5,59,21,27,52,28,54,31,73,79,65,39,55,72,7,24,13,36,53,64,60,15,49,43,
machine20:0,45,74,3,9,17,47,63,16,68,38,18,5,52,28,54,31,79,60,
machine21:0,45,74,51,75,62,56,22,78,25,9,80,76,50,8,30,17,12,41,35,67,69,58,44,70,66,47,26,29,34,11,37,61,63,48,23,16,4,68,33,6,19,38,42,77,18,5,59,21,27,52,31,73,79,65,39,55,7,24,13,36,53,64,60,43,
machine22:0,74,51,75,22,9,50,30,37,4,68,38,27,39,60,43,
machine23:0,45,74,51,75,62,22,25,9,50,30,17,35,67,44,70,29,34,11,37,48,4,68,6,19,38,5,27,52,31,79,65,39,55,7,24,36,64,60,43,
machine24:0,45,74,51,75,62,22,78,25,9,80,50,8,30,17,12,35,67,44,70,66,29,34,11,37,48,16,4,68,6,19,38,42,77,5,59,21,27,52,31,79,65,39,55,7,24,36,53,64,60,43,
machine25:0,45,74,51,75,22,25,9,50,30,67,70,29,34,37,48,4,68,19,38,5,27,52,79,39,7,64,60,43,

1to 1:
1to 2:44,49,71,22,31,18,4,52,30,77,63,38,
1to 3:72,19,68,8,36,53,11,61,27,17,55,
1to 4:9,75,26,6,57,28,1,15,54,7,64,79,56,33,48,45,
1to 5:24,73,40,46,23,76,74,42,3,13,
1to 6:16,60,62,59,21,78,34,43,51,
2to 1:1,20,72,59,78,50,65,57,35,73,55,12,24,16,76,27,
2to 2:
2to 3:2,14,31,54,33,63,60,45,
2to 4:41,10,66,21,3,32,46,67,19,52,36,74,61,43,5,
2to 5:15,6,71,18,37,75,29,68,25,39,48,
2to 6:70,23,53,77,26,38,64,47,17,4,79,
3to 1:14,23,7,67,62,80,26,29,64,30,25,45,
3to 2:20,10,3,32,53,46,57,73,12,75,24,5,
3to 3:
3to 4:2,51,47,27,
3to 5:69,72,59,31,35,9,54,55,34,52,36,16,79,43,
3to 6:66,33,37,74,61,39,
4to 1:40,13,2,41,8,10,66,49,11,21,32,53,46,47,36,60,
4to 2:15,54,62,64,16,39,
4to 3:59,67,80,37,24,76,25,79,
4to 4:
4to 5:28,58,70,7,65,33,26,38,17,30,61,4,
4to 6:6,44,56,50,19,9,22,73,55,12,63,52,68,27,48,5,
5to 1:69,58,70,77,51,9,22,34,52,17,61,4,39,5,
5to 2:14,42,21,65,19,33,26,60,27,74,79,43,
5to 3:40,10,78,71,3,32,62,38,64,47,48,
5to 4:49,44,80,37,63,68,16,
5to 5:
5to 6:18,11,7,31,35,75,29,36,76,30,25,45,
6to 1:42,44,19,37,75,63,68,74,
6to 2:41,66,6,50,67,35,9,55,34,48,45,
6to 3:69,23,77,51,73,12,29,30,4,43,
6to 4:13,58,8,70,59,11,65,62,24,38,17,76,25,39,
6to 5:78,56,53,22,80,47,60,5,
6to 6:

cell1:6,5,3,2,4,
cell2:1,3,4,5,6,
cell3:2,4,5,1,6,
cell4:1,5,6,2,3,
cell5:3,4,2,1,6,
cell6:4,2,1,5,3,
