machine1:0,170,69,112,52,190,18,191,102,58,67,106,66,214,194,200,216,209,217,107,140,172,83,94,27,23,40,139,145,144,120,158,45,131,142,15,177,88,188,149,205,17,203,28,32,206,70,114,6,101,98,77,153,99,171,119,24,72,111,211,124,2,104,43,73,161,135,174,38,35,80,41,169,4,42,146,130,166,141,39,134,84,36,92,184,5,176,65,189,74,31,213,113,175,173,207,121,137,97,55,127,86,89,165,185,193,51,47,109,1,85,13,3,138,183,201,62,192,156,152,164,195,199,93,14,118,178,151,163,20,186,204,154,54,100,218,160,155,136,95,
machine2:0,170,69,129,112,59,52,53,187,190,122,18,37,191,102,58,46,67,106,63,66,214,194,200,126,216,212,123,209,179,148,217,107,76,26,140,172,125,105,83,143,94,27,150,23,40,139,145,144,82,110,120,158,45,131,142,15,177,88,117,44,188,75,196,149,205,33,115,17,203,28,32,10,197,206,96,70,114,159,30,6,101,98,77,64,90,153,99,22,171,119,24,72,111,147,211,167,124,2,104,68,87,43,56,73,161,215,135,174,60,29,38,35,80,41,169,4,42,146,132,130,8,133,61,210,166,79,141,39,134,108,168,12,84,36,21,220,92,184,5,176,65,189,16,74,31,213,11,202,180,49,113,175,173,207,162,50,121,137,97,55,127,86,89,165,185,193,51,47,219,109,157,1,85,13,3,81,48,9,138,183,201,62,198,192,7,57,78,156,152,19,164,195,199,93,182,208,116,14,128,118,91,71,178,151,163,20,186,25,204,154,181,54,100,218,34,160,155,136,103,95,
machine3:0,170,69,112,52,53,37,102,58,46,67,106,63,214,194,126,212,26,172,83,143,94,120,158,45,142,88,196,115,10,206,70,159,30,77,90,99,24,2,104,87,43,73,38,35,41,4,132,8,61,210,166,141,134,108,168,12,84,220,92,184,5,189,16,74,202,180,173,207,162,55,86,89,185,51,47,219,109,1,85,13,48,138,183,198,192,57,78,156,164,195,199,93,208,14,128,91,71,178,163,20,186,25,204,154,181,54,218,155,136,103,
machine4:0,170,69,129,112,52,53,18,37,102,58,46,67,106,63,214,194,126,212,123,179,148,217,107,76,26,140,172,105,83,143,94,23,139,145,144,120,158,45,142,15,177,88,117,44,196,149,205,115,10,197,206,70,114,159,30,98,77,64,90,153,99,119,24,72,111,147,211,124,2,104,68,87,43,56,73,215,135,38,35,80,41,169,4,132,130,8,133,61,210,166,141,39,134,108,168,12,84,21,220,92,184,5,176,65,189,16,74,31,202,180,49,113,173,207,162,121,137,97,55,86,89,185,193,51,47,219,109,1,85,13,3,48,9,138,183,201,62,198,192,7,57,78,156,19,164,195,199,93,182,208,116,14,128,118,91,71,178,151,163,20,186,25,204,154,181,54,100,218,34,155,136,103,95,
machine5:0,170,112,187,122,18,37,191,46,67,106,63,194,216,217,76,125,83,143,27,150,40,82,158,45,131,15,88,117,44,10,206,70,159,101,98,90,99,171,111,2,87,43,73,60,38,80,169,4,146,61,210,134,168,12,84,92,176,65,16,74,31,213,202,175,173,207,162,121,137,127,157,85,48,183,201,62,198,7,78,156,182,128,118,91,151,154,100,218,160,103,
machine6:0,170,112,53,187,122,18,37,191,102,46,67,106,63,66,214,194,216,212,123,179,148,217,76,140,172,125,83,143,27,150,40,145,144,82,158,45,131,142,15,177,88,117,44,188,75,196,149,33,32,10,206,96,70,159,30,101,98,77,64,90,153,99,22,171,119,24,111,147,211,124,2,104,68,87,43,73,215,135,174,60,38,80,169,4,146,130,8,61,210,79,141,39,134,168,12,84,36,21,92,184,5,176,65,16,74,31,213,11,202,180,49,175,173,207,162,121,137,55,127,86,89,165,185,193,51,47,109,157,1,85,13,3,81,48,138,183,201,62,198,7,78,156,152,19,164,195,199,182,116,128,118,91,151,20,154,181,100,218,160,155,103,95,
machine7:0,69,129,59,187,191,106,209,105,143,94,40,82,110,142,33,17,96,171,24,211,167,161,215,38,41,42,141,220,176,31,11,202,180,49,113,175,173,162,50,121,137,97,55,127,86,89,165,185,193,51,47,219,109,157,1,85,13,3,81,48,9,138,183,201,62,198,192,7,57,78,156,152,19,164,195,199,93,182,208,116,14,128,118,91,71,178,151,163,20,186,25,204,154,181,54,100,218,34,160,155,136,103,95,
machine8:0,170,69,129,112,59,52,53,187,190,122,191,102,106,63,214,194,126,216,123,209,179,217,107,76,172,125,105,143,94,150,40,139,145,82,110,120,158,45,142,15,44,188,75,33,17,203,28,197,206,96,70,114,159,6,64,90,22,171,119,24,111,211,167,124,104,87,43,73,161,215,60,29,38,80,41,169,42,130,133,210,79,141,134,108,168,21,220,92,184,5,176,189,16,31,213,11,202,180,49,113,175,173,162,50,121,137,97,55,127,86,89,165,185,193,51,47,219,109,157,1,85,13,3,81,48,9,138,183,201,62,198,192,7,57,78,156,152,19,164,195,199,93,182,208,116,14,128,118,91,71,178,151,163,20,186,25,204,154,181,54,100,218,34,160,155,136,103,95,
machine9:0,170,112,59,53,190,58,66,200,123,148,26,140,125,83,143,94,27,150,23,139,145,144,82,110,120,158,45,142,177,88,44,188,75,196,149,205,33,115,17,203,28,32,10,197,206,70,30,6,101,64,90,99,22,171,119,24,72,111,147,211,167,124,2,104,68,87,43,56,73,161,215,135,174,60,29,38,35,80,41,169,4,42,146,132,130,8,133,61,210,166,79,141,39,134,108,168,12,84,36,21,220,92,184,5,176,65,189,16,74,31,213,11,202,113,175,207,50,137,97,127,86,89,185,193,47,219,109,157,1,85,13,3,81,48,9,138,183,201,62,192,57,78,156,152,19,164,195,199,93,182,208,116,14,118,91,71,178,151,163,25,204,154,54,100,218,160,155,136,103,95,
machine10:0,112,66,200,26,125,143,94,139,145,110,120,158,45,142,177,44,75,149,115,203,28,32,10,197,206,70,30,101,64,90,99,171,24,72,111,147,211,167,124,2,104,68,87,43,56,73,161,215,135,174,60,29,38,35,80,41,169,4,42,146,132,130,8,133,61,210,166,79,141,39,134,108,168,12,84,36,21,220,92,184,5,176,65,189,16,74,31,213,11,202,113,175,207,50,137,97,127,86,89,185,193,47,219,109,157,1,85,13,81,48,9,138,183,201,62,57,78,156,152,19,164,195,199,93,208,118,91,71,178,163,25,154,54,100,160,155,136,103,95,
machine11:0,170,69,129,112,59,53,187,190,122,18,58,46,63,66,200,126,216,212,123,209,179,148,107,26,140,172,125,105,83,143,94,27,150,23,139,145,144,82,110,120,158,45,131,142,15,177,88,117,44,188,75,196,149,205,33,115,17,203,28,32,10,197,206,96,70,114,159,30,6,101,98,64,90,153,99,22,171,119,24,72,111,147,211,167,124,2,104,68,87,43,56,73,161,215,135,174,60,29,38,35,80,41,169,4,42,146,132,130,8,133,61,210,166,79,141,39,134,108,168,12,84,36,21,220,92,184,5,176,65,189,16,74,31,213,11,202,113,175,173,207,162,50,137,97,55,127,86,89,165,185,193,47,219,109,157,1,85,13,3,81,48,9,138,183,201,62,198,192,7,57,78,156,152,19,164,195,199,93,182,208,116,14,128,118,91,71,178,151,163,20,186,25,204,154,54,100,218,34,160,155,136,103,95,
machine12:0,112,66,26,139,110,158,142,177,44,149,32,206,30,90,171,24,167,124,87,43,73,215,135,174,80,169,4,130,210,79,39,108,168,84,36,21,92,184,5,65,189,16,74,31,213,11,202,113,207,50,137,97,86,193,219,157,1,13,48,9,201,78,152,164,195,118,178,163,54,155,136,103,95,

1to 1:
1to 2:18,148,114,35,77,52,198,172,106,14,21,72,116,68,102,135,46,26,140,121,71,10,65,118,149,137,130,192,86,94,78,154,24,92,158,
1to 3:123,36,146,194,187,181,33,150,40,83,171,207,214,101,157,152,76,215,2,8,44,147,169,138,45,206,141,125,15,142,55,47,62,111,5,176,91,193,155,184,156,
1to 4:129,69,122,81,161,108,49,139,64,197,9,51,217,25,213,128,151,112,124,201,189,100,210,195,202,1,103,20,182,16,70,109,168,85,43,
1to 5:56,205,174,29,133,212,42,59,131,132,144,34,166,204,11,57,159,196,153,216,53,93,173,12,107,186,179,60,4,41,134,163,39,178,113,164,74,87,183,136,218,220,54,84,63,73,199,95,
2to 1:56,37,123,129,69,133,58,23,212,97,132,144,177,34,166,57,159,108,83,139,214,64,197,9,19,76,99,4,145,25,8,41,44,134,88,163,178,151,112,201,136,1,54,5,84,89,176,90,155,70,109,168,43,
2to 2:
2to 3:18,67,98,211,106,104,153,53,173,7,12,119,118,128,74,87,3,100,195,143,154,92,199,16,13,158,
2to 4:180,194,52,198,181,14,126,204,116,105,102,121,93,186,179,71,164,45,120,142,192,86,218,55,78,62,219,48,38,91,95,184,170,185,
2to 5:148,35,115,172,117,21,135,207,208,140,215,2,65,30,124,31,137,80,206,189,61,130,210,15,162,47,103,182,156,
3to 1:198,74,149,183,124,77,67,85,116,127,191,196,30,131,60,180,148,68,153,143,213,86,27,182,82,78,202,121,65,66,95,130,13,63,185,49,179,174,20,96,10,12,32,217,103,
3to 2:117,39,99,218,73,51,37,177,112,90,207,164,80,88,61,147,170,201,62,1,134,159,111,
3to 3:
3to 4:87,187,11,123,162,157,211,3,19,125,137,138,206,15,193,214,216,165,188,89,21,31,158,199,76,176,47,79,75,
3to 5:16,18,22,146,24,119,128,5,48,118,98,141,154,64,92,36,104,46,33,152,151,169,184,7,145,175,160,38,8,168,155,91,
4to 1:29,209,114,190,42,194,181,106,33,21,28,11,110,40,208,6,53,7,107,50,175,113,137,120,141,160,3,220,219,48,24,199,170,156,
4to 2:133,97,104,49,173,119,19,217,215,145,41,169,31,183,189,100,210,195,162,202,47,20,63,182,13,85,
4to 3:191,22,81,180,172,159,102,51,134,127,80,38,73,185,70,109,43,
4to 4:
4to 5:203,123,167,122,161,96,211,187,150,126,17,116,105,108,75,171,165,188,9,82,79,44,213,138,45,201,142,192,86,94,55,78,1,143,62,111,89,176,90,193,
5to 1:17,98,200,171,165,211,117,126,128,31,100,61,55,72,104,71,16,215,45,203,14,15,101,167,105,75,158,26,142,80,162,150,38,119,22,111,195,81,94,115,125,157,46,2,79,188,147,206,
5to 2:139,25,69,87,151,58,204,109,44,129,83,138,93,107,141,197,143,48,179,64,89,70,95,168,219,205,220,120,185,43,193,196,3,186,23,53,113,91,184,
5to 3:10,96,30,177,149,82,39,122,112,88,19,218,216,4,90,85,198,32,164,103,170,202,212,140,68,135,27,84,210,20,144,124,66,99,
5to 4:114,130,7,5,160,54,24,28,172,152,173,209,60,118,50,155,73,92,145,208,57,163,156,13,97,178,190,175,63,154,136,34,59,169,6,110,127,183,
5to 5:

cell1:5,2,3,4,
cell2:1,5,3,4,
cell3:1,5,4,2,
cell4:1,5,3,2,
cell5:2,3,4,1,
