machine1:0,170,52,69,216,18,190,58,194,191,106,102,67,214,112,66,83,209,200,23,172,217,158,140,27,94,139,144,45,120,15,101,40,107,131,142,88,177,171,188,28,205,149,17,32,70,24,114,6,98,124,206,145,77,153,99,43,119,72,203,111,211,2,73,104,161,35,135,174,169,4,42,38,146,41,166,141,80,39,134,31,84,165,36,130,89,92,184,5,176,65,189,74,213,207,175,173,127,137,113,97,51,86,3,55,193,47,201,85,1,138,183,109,13,62,192,14,121,156,152,164,185,195,118,93,151,199,163,186,178,204,154,20,54,100,218,160,155,136,95,
machine2:0,170,52,69,129,216,59,18,53,190,122,58,194,37,191,106,102,67,63,214,212,112,66,46,126,123,82,110,148,26,76,44,125,83,209,200,23,172,217,143,105,150,158,179,140,27,94,139,144,115,45,120,117,15,101,40,107,131,142,88,177,49,171,187,188,75,196,28,33,205,149,17,32,10,197,159,70,96,24,114,6,98,124,206,145,77,153,167,99,22,43,119,64,72,203,111,147,211,56,60,2,73,104,68,87,215,161,29,35,90,135,174,169,4,42,38,146,41,132,8,133,61,30,210,166,79,141,80,180,39,134,11,108,168,12,31,84,165,36,130,21,89,220,92,184,5,176,65,189,16,74,213,202,207,162,175,50,173,127,7,137,113,198,97,219,51,86,3,55,193,9,47,201,157,85,1,81,138,183,109,13,182,62,192,14,121,128,156,78,152,19,57,164,185,195,118,208,48,116,71,93,91,151,199,163,186,181,178,25,204,154,20,54,100,218,34,160,155,136,103,95,
machine3:0,170,52,69,53,58,194,37,106,102,67,63,214,212,112,46,126,26,83,172,143,158,94,115,45,120,142,88,196,10,159,70,24,206,77,99,43,2,73,104,87,35,90,4,38,41,132,8,61,30,210,166,141,180,134,108,168,12,84,89,220,92,184,5,189,16,74,202,207,162,173,198,219,51,86,55,47,85,1,138,183,109,13,192,14,128,156,78,57,164,185,195,208,48,71,93,91,199,163,186,181,178,25,204,154,20,54,218,155,136,103,
machine4:0,170,52,69,129,18,53,58,194,37,106,102,67,63,214,212,112,46,126,123,148,26,76,44,83,23,172,217,143,105,158,179,140,94,139,144,115,45,120,117,15,107,142,88,177,49,196,205,149,10,197,159,70,24,114,98,124,206,145,77,153,99,43,119,64,72,111,147,211,56,2,73,104,68,87,215,35,90,135,169,4,38,41,132,8,133,61,30,210,166,141,80,180,39,134,108,168,12,31,84,130,21,89,220,92,184,5,176,65,189,16,74,202,207,162,173,7,137,113,198,97,219,51,86,3,55,193,9,47,201,85,1,138,183,109,13,182,62,192,14,121,128,156,78,19,57,164,185,195,118,208,48,116,71,93,91,151,199,163,186,181,178,25,204,154,20,54,100,218,34,155,136,103,95,
machine5:0,170,216,18,122,194,37,191,106,67,63,112,46,82,76,44,125,83,217,143,150,158,27,45,117,15,101,40,131,88,171,187,10,159,70,98,206,99,43,111,60,2,73,87,90,169,4,38,146,61,210,80,134,168,12,31,84,92,176,65,16,74,213,202,207,162,175,173,127,7,137,198,201,157,85,183,182,62,121,128,156,78,118,48,91,151,154,100,218,160,103,
machine6:0,170,216,18,53,122,194,37,191,106,102,67,63,214,212,112,66,46,123,82,148,76,44,125,83,172,217,143,150,158,179,140,27,144,45,117,15,101,40,131,142,88,177,49,171,187,188,75,196,33,149,32,10,159,70,96,24,98,124,206,145,77,153,99,22,43,119,64,111,147,211,60,2,73,104,68,87,215,90,135,174,169,4,38,146,8,61,30,210,79,141,80,180,39,134,11,168,12,31,84,165,36,130,21,89,92,184,5,176,65,16,74,213,202,207,162,175,173,127,7,137,198,51,86,3,55,193,47,201,157,85,1,81,138,183,109,13,182,62,121,128,156,78,152,19,164,185,195,118,48,116,91,151,199,181,154,20,100,218,160,155,103,95,
machine7:0,69,129,59,191,106,82,110,209,143,105,94,40,142,49,171,187,33,17,96,24,167,211,215,161,42,38,41,141,180,11,31,165,89,220,176,202,162,175,50,173,127,7,137,113,198,97,219,51,86,3,55,193,9,47,201,157,85,1,81,138,183,109,13,182,62,192,14,121,128,156,78,152,19,57,164,185,195,118,208,48,116,71,93,91,151,199,163,186,181,178,25,204,154,20,54,100,218,34,160,155,136,103,95,
machine8:0,170,52,69,129,216,59,53,190,122,194,191,106,102,63,214,112,126,123,82,110,76,44,125,209,172,217,143,105,150,158,179,94,139,45,120,15,40,107,142,49,171,187,188,75,28,33,17,197,159,70,96,24,114,6,124,206,145,167,22,43,119,64,203,111,211,60,73,104,87,215,161,29,90,169,42,38,41,133,210,79,141,80,180,134,11,108,168,31,165,130,21,89,220,92,184,5,176,189,16,213,202,162,175,50,173,127,7,137,113,198,97,219,51,86,3,55,193,9,47,201,157,85,1,81,138,183,109,13,182,62,192,14,121,128,156,78,152,19,57,164,185,195,118,208,48,116,71,93,91,151,199,163,186,181,178,25,204,154,20,54,100,218,34,160,155,136,103,95,
machine9:0,170,59,53,190,58,112,66,123,82,110,148,26,44,125,83,200,23,143,150,158,140,27,94,139,144,115,45,120,101,142,88,177,171,188,75,196,28,33,205,149,17,32,10,197,70,24,6,124,206,145,167,99,22,43,119,64,72,203,111,147,211,56,60,2,73,104,68,87,215,161,29,35,90,135,174,169,4,42,38,146,41,132,8,133,61,30,210,166,79,141,80,39,134,11,108,168,12,31,84,36,130,21,89,220,92,184,5,176,65,189,16,74,213,202,207,175,50,127,137,113,97,219,86,3,193,9,47,201,157,85,1,81,138,183,109,13,182,62,192,14,156,78,152,19,57,164,185,195,118,208,48,116,71,93,91,151,199,163,178,25,204,154,54,100,218,160,155,136,103,95,
machine10:0,112,66,110,26,44,125,200,143,158,94,139,115,45,120,101,142,177,171,75,28,149,32,10,197,70,24,124,206,145,167,99,43,64,72,203,111,147,211,56,60,2,73,104,68,87,215,161,29,35,90,135,174,169,4,42,38,146,41,132,8,133,61,30,210,166,79,141,80,39,134,11,108,168,12,31,84,36,130,21,89,220,92,184,5,176,65,189,16,74,213,202,207,175,50,127,137,113,97,219,86,193,9,47,201,157,85,1,81,138,183,109,13,62,156,78,152,19,57,164,185,195,118,208,48,71,93,91,199,163,178,25,154,54,100,160,155,136,103,95,
machine11:0,170,69,129,216,59,18,53,190,122,58,63,212,112,66,46,126,123,82,110,148,26,44,125,83,209,200,23,172,143,105,150,158,179,140,27,94,139,144,115,45,120,117,15,101,107,131,142,88,177,171,187,188,75,196,28,33,205,149,17,32,10,197,159,70,96,24,114,6,98,124,206,145,153,167,99,22,43,119,64,72,203,111,147,211,56,60,2,73,104,68,87,215,161,29,35,90,135,174,169,4,42,38,146,41,132,8,133,61,30,210,166,79,141,80,39,134,11,108,168,12,31,84,165,36,130,21,89,220,92,184,5,176,65,189,16,74,213,202,207,162,175,50,173,127,7,137,113,198,97,219,86,3,55,193,9,47,201,157,85,1,81,138,183,109,13,182,62,192,14,128,156,78,152,19,57,164,185,195,118,208,48,116,71,93,91,151,199,163,186,178,25,204,154,20,54,100,218,34,160,155,136,103,95,
machine12:0,112,66,110,26,44,158,139,142,177,171,149,32,24,124,206,167,43,73,87,215,90,135,174,169,4,30,210,79,80,39,11,108,168,31,84,36,130,21,92,184,5,65,189,16,74,213,202,207,50,137,113,97,219,86,193,9,201,157,1,13,78,152,164,195,118,48,163,178,54,155,136,103,95,

1to 1:
1to 2:18,148,114,35,77,52,198,172,106,14,21,72,116,68,102,135,46,26,140,121,71,10,65,118,149,137,130,192,86,94,78,154,24,92,158,
1to 3:123,36,146,194,187,181,33,150,40,83,171,207,214,101,157,152,76,215,2,8,44,147,169,138,45,206,141,125,15,142,55,47,62,111,5,176,91,193,155,184,156,
1to 4:129,69,122,81,161,108,49,139,64,197,9,51,217,25,213,128,151,112,124,201,189,100,210,195,202,1,103,20,182,16,70,109,168,85,43,
1to 5:56,205,174,29,133,212,42,59,131,132,144,34,166,204,11,57,159,196,153,216,53,93,173,12,107,186,179,60,4,41,134,163,39,178,113,164,74,87,183,136,218,220,54,84,63,73,199,95,
2to 1:56,37,123,129,69,133,58,23,212,97,132,144,177,34,166,57,159,108,83,139,214,64,197,9,19,76,99,4,145,25,8,41,44,134,88,163,178,151,112,201,136,1,54,5,84,89,176,90,155,70,109,168,43,
2to 2:
2to 3:18,67,98,211,106,104,153,53,173,7,12,119,118,128,74,87,3,100,195,143,154,92,199,16,13,158,
2to 4:180,194,52,198,181,14,126,204,116,105,102,121,93,186,179,71,164,45,120,142,192,86,218,55,78,62,219,48,38,91,95,184,170,185,
2to 5:148,35,115,172,117,21,135,207,208,140,215,2,65,30,124,31,137,80,206,189,61,130,210,15,162,47,103,182,156,
3to 1:198,74,149,183,124,77,67,85,116,127,191,196,30,131,60,180,148,68,153,143,213,86,27,182,82,78,202,121,65,66,95,130,13,63,185,49,179,174,20,96,10,12,32,217,103,
3to 2:117,39,99,218,73,51,37,177,112,90,207,164,80,88,61,147,170,201,62,1,134,159,111,
3to 3:
3to 4:87,187,11,123,162,157,211,3,19,125,137,138,206,15,193,214,216,165,188,89,21,31,158,199,76,176,47,79,75,
3to 5:16,18,22,146,24,119,128,5,48,118,98,141,154,64,92,36,104,46,33,152,151,169,184,7,145,175,160,38,8,168,155,91,
4to 1:24,42,156,113,181,33,106,114,194,190,48,141,21,137,170,53,7,208,28,110,120,6,3,11,29,219,199,175,50,209,160,40,220,107,
4to 2:31,173,100,20,133,182,195,49,183,97,104,63,217,13,19,41,215,119,210,47,169,202,85,162,189,145,
4to 3:159,70,180,22,80,191,134,51,185,109,102,38,81,73,43,127,172,
4to 4:
4to 5:96,143,213,89,142,44,123,203,62,108,192,55,116,1,161,105,187,171,78,122,94,167,86,211,150,111,193,165,176,82,201,45,79,90,75,17,138,9,188,126,
5to 1:17,98,200,171,165,211,117,126,128,31,100,61,55,72,104,71,16,215,45,203,14,15,101,167,105,75,158,26,142,80,162,150,38,119,22,111,195,81,94,115,125,157,46,2,79,188,147,206,
5to 2:139,25,69,87,151,58,204,109,44,129,83,138,93,107,141,197,143,48,179,64,89,70,95,168,219,205,220,120,185,43,193,196,3,186,23,53,113,91,184,
5to 3:10,96,30,177,149,82,39,122,112,88,19,218,216,4,90,85,198,32,164,103,170,202,212,140,68,135,27,84,210,20,144,124,66,99,
5to 4:114,130,7,5,160,54,24,28,172,152,173,209,60,118,50,155,73,92,145,208,57,163,156,13,97,178,190,175,63,154,136,34,59,169,6,110,127,183,
5to 5:

cell1:5,2,3,4,
cell2:1,5,3,4,
cell3:1,5,4,2,
cell4:5,2,3,1,
cell5:2,3,4,1,
