machine1:0,89,1,55,81,67,46,86,108,62,17,64,103,21,59,12,37,119,97,47,11,88,76,71,63,18,27,9,109,83,116,10,90,57,113,25,68,50,61,30,106,20,60,52,3,99,8,23,80,58,5,32,51,15,93,98,72,38,120,16,78,29,69,44,
machine2:0,1,46,108,17,64,21,6,59,12,37,2,53,36,47,77,11,88,35,18,109,22,116,56,57,113,25,31,68,117,50,94,28,107,33,24,70,26,106,65,20,52,87,3,99,8,101,58,5,105,7,15,72,120,42,112,78,100,14,69,
machine3:0,89,81,67,86,82,108,17,103,59,118,40,4,88,79,76,13,18,27,9,48,10,113,31,114,91,41,74,33,24,30,104,111,54,19,20,60,3,110,101,85,93,45,66,78,39,
machine4:0,89,1,67,86,82,62,17,64,6,118,102,37,2,4,119,53,36,11,88,79,35,43,27,109,116,10,90,57,113,25,114,91,107,33,24,61,104,111,96,65,60,87,3,99,34,110,7,45,112,78,92,75,115,73,39,69,44,
machine5:0,89,1,67,46,86,82,62,17,64,103,21,6,59,118,102,2,97,53,77,88,76,71,63,18,27,109,83,56,48,90,57,113,31,114,41,68,94,28,107,33,24,61,26,106,54,19,65,20,60,52,3,80,101,105,85,32,51,72,45,66,16,92,29,75,84,69,
machine6:0,1,55,46,86,82,108,62,17,103,21,6,59,118,102,12,2,40,4,97,53,11,88,79,35,43,27,109,83,48,113,25,91,68,50,94,28,33,61,30,70,26,106,96,54,19,60,87,3,110,101,105,32,15,98,45,42,49,16,92,14,115,73,69,44,
machine7:0,89,1,81,17,64,103,40,119,53,36,77,11,79,35,63,18,27,109,116,48,10,90,57,31,68,94,28,107,104,26,106,19,65,20,60,52,3,99,34,110,80,58,85,51,7,98,72,112,100,14,75,115,84,39,95,
machine8:0,1,55,81,67,86,82,103,6,118,102,12,2,47,88,13,43,18,109,22,90,31,91,41,74,68,117,50,94,24,106,54,65,3,34,8,101,105,85,32,93,98,72,45,66,38,120,92,100,29,44,
machine9:0,89,81,46,86,82,108,64,103,6,118,12,37,40,119,97,36,47,77,63,27,9,22,83,10,90,57,113,91,28,33,104,106,19,65,20,60,52,87,23,110,101,58,32,72,16,78,73,95,69,44,
machine10:0,89,1,55,67,46,108,64,103,21,6,102,12,2,40,4,53,77,11,76,71,35,18,27,109,116,56,48,10,90,57,31,114,41,74,50,107,33,30,104,111,26,106,54,19,65,20,87,99,23,5,105,93,66,120,49,78,14,69,44,
machine11:0,89,55,67,86,108,62,17,64,103,21,6,59,118,102,12,37,4,119,47,11,79,71,63,27,9,109,116,10,90,113,31,74,68,117,50,94,107,24,30,26,19,65,60,3,80,58,7,15,72,38,16,92,14,75,39,
machine12:0,1,17,6,59,118,12,37,40,4,119,53,36,47,77,11,88,76,43,18,109,83,116,48,10,113,114,74,117,50,94,28,107,33,24,111,106,96,54,60,52,87,3,99,34,8,23,110,101,5,105,32,15,38,42,16,112,92,100,29,14,73,44,
machine13:0,89,1,67,46,86,82,108,62,64,103,21,6,59,118,12,2,40,4,119,97,53,36,47,77,11,88,79,76,71,35,27,9,109,22,48,31,91,74,117,50,28,33,24,30,104,70,26,54,19,65,20,60,52,87,3,8,23,80,58,5,105,51,15,93,98,72,45,42,49,16,78,92,14,75,39,44,
machine14:0,1,81,67,46,86,82,108,62,17,64,103,6,59,102,12,37,2,40,4,97,53,47,77,11,88,79,71,35,43,18,27,109,22,83,116,56,90,57,114,41,74,117,50,94,28,107,33,24,26,106,19,20,99,23,110,101,58,85,15,93,66,38,120,78,92,115,84,95,
machine15:0,1,55,81,46,86,82,108,17,64,103,21,6,59,118,102,12,37,2,40,4,119,53,11,76,13,43,18,27,109,22,116,56,48,10,90,57,113,25,68,28,107,30,26,96,54,19,65,20,60,52,87,3,99,34,101,51,7,93,72,45,120,49,112,78,29,39,69,
machine16:0,89,1,81,67,46,86,82,108,62,17,64,103,21,6,59,118,102,12,37,2,4,119,97,53,36,47,77,11,88,79,76,71,35,63,43,18,27,22,83,56,48,10,90,57,113,25,114,91,41,74,117,50,28,107,33,24,61,104,111,26,106,54,19,65,20,60,52,87,3,99,34,8,23,110,80,101,58,5,85,32,51,15,93,72,45,66,38,42,16,78,92,100,29,14,115,73,84,95,69,44,
machine17:0,89,1,55,67,46,86,82,108,17,64,103,21,6,59,118,12,37,2,40,4,119,97,53,36,47,11,88,79,13,35,63,43,18,27,9,109,22,83,116,56,10,90,57,113,25,31,91,41,68,117,50,94,33,24,61,30,104,70,111,26,96,54,19,65,20,60,52,87,3,99,34,8,23,110,80,101,105,32,51,7,15,98,72,45,38,120,16,112,78,92,29,75,115,73,84,69,44,
machine18:0,89,1,55,81,67,86,82,108,62,17,21,6,59,12,37,40,4,53,36,47,11,88,79,76,71,13,43,109,22,83,116,56,48,10,90,57,113,31,114,91,41,74,68,117,50,94,28,33,61,30,104,70,111,26,106,19,65,20,60,52,87,99,23,110,80,5,7,15,93,98,72,45,66,49,78,92,75,73,95,69,
machine19:0,89,1,81,67,46,86,82,62,17,64,21,6,59,118,102,12,2,40,4,119,97,53,36,77,11,88,79,76,71,13,35,63,43,18,27,9,22,83,116,56,10,90,57,113,25,91,41,74,68,117,50,28,107,33,24,104,70,111,26,106,96,19,65,20,3,99,34,80,101,58,5,105,85,32,7,93,72,45,42,49,112,78,100,14,75,115,73,39,95,
machine20:0,89,1,55,81,67,86,82,108,62,17,64,103,21,6,59,118,102,37,2,40,119,97,53,36,47,88,79,71,13,43,18,27,109,22,83,56,10,90,57,113,25,31,114,91,41,74,68,50,94,28,107,33,24,30,104,111,54,19,65,52,3,34,110,101,58,105,32,51,7,15,93,98,72,45,120,42,112,78,92,29,14,115,39,95,44,
machine21:0,89,1,55,81,67,46,86,82,108,62,17,64,103,21,6,59,118,102,12,37,40,119,53,36,47,77,88,76,71,35,63,43,27,9,109,22,116,56,48,10,57,113,25,31,114,91,41,68,117,50,28,107,33,24,61,30,104,70,111,26,106,54,19,65,20,60,52,87,3,99,8,110,80,101,58,5,105,51,7,15,93,98,72,45,66,120,42,16,92,29,14,75,73,95,44,
machine22:0,89,1,55,67,46,86,82,108,62,17,64,103,21,6,59,118,102,12,37,2,40,4,119,97,53,36,47,77,11,79,76,71,13,43,18,27,9,109,22,83,56,48,10,90,57,113,31,91,41,74,117,50,94,28,107,33,24,61,30,104,111,26,106,96,54,19,65,20,52,87,3,23,80,101,58,105,32,15,93,45,38,120,42,78,92,100,14,115,73,39,95,69,44,
machine23:0,89,1,81,67,46,86,82,62,17,64,21,6,59,118,102,12,37,2,40,4,119,53,36,47,11,88,79,76,71,13,63,18,27,109,22,56,48,90,57,113,31,91,41,74,68,117,50,28,107,33,61,30,104,54,19,65,20,60,52,87,99,34,8,23,80,101,58,105,7,72,38,42,49,78,100,14,73,84,39,69,
machine24:0,89,1,67,46,86,82,108,62,17,103,21,6,59,118,102,12,37,40,4,119,53,36,47,77,11,88,79,63,43,18,27,9,109,22,83,48,10,90,57,113,25,31,91,41,94,28,107,24,30,104,70,26,106,96,54,19,65,20,60,52,87,3,99,23,110,101,5,85,51,7,93,98,45,66,38,120,16,78,92,100,14,115,73,39,
machine25:0,89,1,55,81,67,46,86,108,17,64,103,6,59,118,102,12,2,40,4,119,97,53,36,47,77,11,76,71,13,35,43,18,27,109,22,83,56,90,57,113,25,114,91,41,68,117,50,94,28,107,33,24,61,30,104,70,26,106,96,65,20,60,52,87,3,34,110,80,58,5,105,7,45,66,38,120,42,112,92,100,29,14,75,115,39,69,
machine26:0,89,1,55,81,67,46,86,82,108,62,17,64,103,6,59,118,102,12,37,2,4,119,97,53,36,47,77,11,88,79,76,13,63,18,27,9,109,22,83,116,56,48,90,57,113,25,31,114,91,41,68,117,50,94,28,107,33,24,30,104,26,106,96,54,19,20,60,52,87,3,110,80,101,58,5,105,85,32,7,15,93,72,66,120,49,16,112,78,92,100,29,14,73,84,69,44,
machine27:0,89,1,55,81,67,46,86,82,108,62,17,64,103,21,6,59,118,102,12,37,2,40,4,97,53,36,47,77,11,88,79,76,71,13,35,63,43,18,27,109,22,83,116,56,48,10,90,57,25,91,68,50,94,28,107,33,24,61,30,104,70,111,26,106,96,54,19,65,20,60,52,87,3,99,34,8,23,110,101,58,5,85,32,51,7,15,93,98,45,66,42,49,112,78,14,115,73,44,
machine28:0,89,1,55,81,67,86,82,108,62,17,64,103,6,59,118,102,37,2,4,119,97,53,36,47,77,11,88,79,76,71,13,43,18,27,9,109,22,56,48,10,90,113,25,31,91,41,68,50,94,28,24,30,104,111,26,54,19,65,20,60,99,34,110,80,101,58,5,85,15,93,98,72,38,112,78,92,100,14,75,115,73,39,44,
machine29:0,89,1,81,67,46,86,82,108,62,103,21,6,59,118,37,2,40,4,119,97,36,47,88,79,71,35,43,27,109,22,48,10,90,57,113,25,31,114,91,41,68,117,50,94,107,61,104,26,106,19,20,60,52,3,99,34,23,110,85,7,45,66,120,42,49,16,112,78,92,29,75,115,39,44,
machine30:0,89,1,55,46,108,62,17,64,103,21,6,59,118,102,12,40,119,53,47,77,11,88,79,76,71,13,18,109,22,83,56,90,57,113,25,31,114,91,74,68,50,28,107,33,61,30,104,70,26,106,19,65,60,52,87,3,8,23,110,80,101,58,105,32,51,7,15,98,72,66,38,120,42,49,112,78,92,100,29,14,115,84,95,

1to 1:
1to 2:1,2,3,6,9,10,11,12,15,18,19,21,25,26,30,31,32,35,38,44,45,46,48,50,51,54,55,56,58,60,61,63,64,66,68,69,72,75,77,80,81,83,85,86,87,93,97,102,103,104,106,108,118,120,37,20,41,67,109,101,113,17,111,53,107,116,96,40,27,8,91,94,76,24,33,39,105,82,57,65,98,28,89,
1to 3:2,4,10,11,12,13,15,16,20,22,23,24,27,29,30,32,34,38,44,48,50,51,54,57,59,60,64,65,67,68,69,77,79,81,86,87,92,93,99,101,103,106,107,108,109,110,116,119,28,45,3,33,41,96,6,71,40,82,117,39,21,35,46,76,53,113,36,5,52,1,17,88,18,26,19,102,8,42,94,78,
1to 4:1,2,3,4,11,15,17,19,21,27,30,32,36,37,41,44,45,46,50,51,54,55,58,60,61,63,64,68,72,85,86,87,89,90,99,103,104,108,109,110,118,119,52,69,111,35,25,59,29,6,23,33,28,105,24,115,65,91,26,83,76,78,102,88,82,18,113,117,8,10,107,57,67,42,9,
1to 5:1,2,3,7,11,12,14,15,17,19,20,21,25,27,30,36,37,45,50,59,60,67,69,72,75,77,80,86,89,91,92,99,104,106,108,110,118,119,120,73,105,115,70,31,96,56,116,5,41,68,107,101,88,109,65,102,57,53,64,78,9,52,40,62,113,35,76,98,6,71,18,24,39,114,111,28,83,103,94,
1to 6:7,13,14,15,16,17,19,22,24,25,27,29,30,31,37,44,45,50,56,58,59,60,61,62,66,67,72,75,76,79,80,81,82,86,87,92,93,97,99,102,103,106,107,116,119,120,47,64,113,42,83,53,69,57,89,73,91,28,6,111,8,10,36,78,9,26,3,41,46,20,39,52,65,
1to 7:1,2,4,11,12,14,17,19,20,21,30,31,36,37,43,46,48,50,54,56,59,60,62,63,64,66,67,69,77,81,86,87,90,92,100,101,104,106,107,110,113,118,119,120,89,91,82,102,45,6,73,108,76,78,68,41,57,117,24,88,103,109,27,105,53,25,18,28,23,3,33,39,52,
1to 8:1,2,4,5,6,11,15,16,20,22,23,25,26,27,30,31,32,35,36,37,40,44,50,54,56,58,60,61,63,64,66,68,79,82,85,86,90,91,92,93,97,102,103,104,105,106,113,114,118,24,45,65,89,18,77,78,115,17,33,108,116,69,83,9,19,76,53,7,47,101,57,94,3,52,46,117,107,109,
1to 9:4,5,7,10,11,13,20,21,22,23,24,25,29,30,31,34,35,36,39,50,51,55,56,58,59,60,61,62,64,65,66,67,72,74,76,79,81,86,87,90,91,92,99,101,102,104,106,109,112,113,119,120,83,84,37,57,17,115,73,89,107,46,3,103,8,18,6,1,52,105,82,28,33,53,19,41,27,68,108,26,47,78,
2to 1:2,3,6,11,12,13,14,16,17,20,28,30,31,39,40,44,46,47,48,52,53,54,56,61,64,67,69,72,74,75,82,90,91,92,94,106,110,112,116,118,119,34,66,102,104,63,57,9,68,80,1,24,86,59,101,109,99,107,10,21,27,81,108,60,19,76,113,7,18,32,89,62,37,88,120,65,
2to 2:
2to 3:3,4,5,6,7,13,14,15,17,20,21,23,24,26,27,28,40,45,46,47,48,49,53,58,64,69,72,74,78,79,81,83,84,87,89,90,94,106,109,110,112,113,115,116,119,120,33,36,67,96,99,55,105,60,76,22,104,10,101,16,107,86,37,19,92,35,44,54,108,65,82,88,93,1,11,50,102,43,
2to 4:3,4,6,12,14,16,17,23,25,27,29,35,44,48,52,55,64,67,69,72,73,74,78,83,84,87,89,90,92,95,100,101,103,105,108,111,112,50,60,33,99,86,104,82,38,53,59,113,65,107,119,58,68,8,85,77,10,18,21,57,54,120,34,94,47,79,19,102,26,24,22,62,88,91,37,32,56,
2to 5:2,3,5,12,15,18,20,22,28,30,31,32,34,35,39,40,44,48,51,54,63,69,71,73,77,78,79,82,87,88,89,90,91,94,95,98,100,103,104,105,106,107,109,110,112,116,118,119,37,55,83,50,80,92,27,74,72,108,67,59,45,81,7,99,68,21,26,64,10,17,57,43,62,65,102,115,19,111,9,101,1,33,113,56,86,
2to 6:3,7,10,12,13,15,17,19,22,24,30,31,38,43,48,50,51,52,57,64,65,67,68,69,71,72,73,79,81,82,83,87,89,90,92,95,97,100,103,104,107,108,111,113,116,115,47,16,8,76,27,36,56,66,120,109,119,1,102,58,91,35,53,86,88,26,54,42,105,9,33,62,
2to 7:1,2,3,6,12,13,14,20,23,24,25,30,31,39,40,41,46,48,49,50,52,54,57,58,65,69,72,73,78,80,81,82,84,86,87,89,97,99,103,104,106,110,112,119,7,17,22,67,120,68,45,60,53,90,101,109,43,62,76,108,74,83,11,18,56,27,107,59,63,91,92,105,117,94,8,35,102,79,115,
2to 8:2,3,5,6,11,13,14,19,27,28,31,33,47,49,51,54,57,58,63,69,71,73,77,78,82,84,86,87,88,90,101,102,103,106,107,110,112,113,114,116,118,26,22,40,104,81,99,109,111,10,64,92,79,32,108,55,45,68,7,83,8,12,85,16,30,1,24,60,67,96,35,120,65,66,89,94,
2to 9:3,5,11,12,13,14,15,19,20,21,22,23,26,30,33,38,39,40,44,46,47,48,49,51,52,53,54,55,57,58,70,71,73,75,81,84,87,90,94,95,98,99,100,101,105,106,107,110,112,120,113,86,65,76,82,103,35,68,77,115,18,102,50,62,66,56,60,88,108,109,89,24,119,34,36,1,92,37,83,9,74,17,25,79,64,72,67,111,
3to 1:2,4,7,8,9,11,12,14,15,17,18,20,24,26,27,39,40,43,44,45,47,48,50,51,55,57,58,59,60,64,66,67,70,77,78,81,82,85,86,89,90,94,97,101,106,107,109,113,119,5,33,62,71,65,6,16,1,22,28,37,99,108,93,53,88,46,117,75,102,21,54,98,116,19,76,120,
3to 2:1,2,4,5,11,14,15,17,22,27,28,32,33,35,38,40,43,44,45,47,49,51,55,56,57,58,59,62,64,67,74,75,77,81,83,85,87,89,90,93,94,97,99,100,101,103,105,106,107,108,109,111,116,117,119,24,34,54,72,21,65,86,102,12,79,26,80,6,53,92,48,76,88,60,46,71,23,19,120,16,82,110,
3to 3:
3to 4:1,3,4,6,8,11,13,14,15,18,20,23,28,29,38,43,44,45,50,51,53,55,56,57,58,59,67,69,74,75,77,82,87,89,90,92,93,94,95,100,105,107,108,109,110,111,119,16,37,2,22,71,98,46,35,60,33,26,104,65,72,86,54,12,19,83,36,88,99,79,52,
3to 5:3,4,5,7,11,12,13,14,15,17,18,20,26,28,29,32,36,37,39,40,41,42,43,44,45,47,49,50,51,53,55,58,59,64,67,68,73,74,76,77,81,83,85,87,89,91,93,94,101,105,106,109,111,113,114,115,99,30,6,54,78,34,57,72,79,108,19,82,120,21,33,110,71,46,10,22,88,116,92,117,65,35,48,62,1,102,86,2,52,
3to 6:2,5,8,11,12,15,17,18,20,27,28,29,30,31,35,37,38,39,40,42,43,44,46,47,50,51,55,57,58,64,65,66,67,69,73,75,76,77,78,87,90,95,97,107,111,113,115,116,117,120,6,21,62,105,19,36,22,33,48,3,52,93,26,54,72,92,59,71,119,104,79,88,118,82,10,99,102,16,81,98,24,
3to 7:1,3,7,8,12,13,14,17,18,20,23,26,27,28,35,37,38,39,41,43,45,47,48,49,50,52,53,54,55,62,64,66,67,68,73,74,75,76,77,78,83,87,90,94,99,100,101,104,105,106,107,109,110,113,115,119,120,19,36,4,6,80,88,11,118,65,86,30,82,22,59,46,96,2,5,33,98,60,
3to 8:1,2,3,7,8,9,11,12,13,14,15,17,18,20,21,26,27,28,33,34,37,40,44,47,48,49,51,53,56,57,58,59,64,66,69,77,78,79,81,82,85,87,90,94,97,100,101,106,107,109,117,118,119,6,105,93,24,60,86,36,46,22,108,114,10,88,96,116,5,54,62,4,71,35,102,
3to 9:1,3,4,5,6,8,14,15,17,18,19,20,24,26,28,29,35,36,37,39,40,43,44,46,47,48,49,51,52,53,54,55,62,64,65,66,67,68,73,74,76,77,82,83,85,89,90,91,95,103,105,109,112,113,115,120,86,2,72,16,50,88,104,106,33,22,78,79,11,75,108,118,99,93,23,59,110,71,12,34,92,
4to 1:1,2,3,4,5,6,10,12,18,22,24,27,29,30,31,32,34,35,36,37,41,43,44,45,51,52,53,54,58,59,61,62,66,68,69,72,75,79,82,85,87,88,89,90,96,97,99,102,103,104,107,108,109,112,116,117,120,33,26,83,25,78,70,113,86,23,67,77,118,11,55,65,46,100,91,64,50,57,56,60,
4to 2:1,2,3,4,6,8,10,12,13,18,19,22,23,26,27,32,34,36,38,41,42,43,47,48,50,52,54,57,58,59,63,64,68,69,72,74,80,83,84,85,88,91,92,94,98,100,101,102,103,106,107,108,110,116,117,118,120,90,65,109,113,60,99,25,78,44,37,55,67,86,33,53,87,82,104,11,81,115,
4to 3:1,2,3,4,6,8,10,11,12,14,15,16,23,24,25,27,30,32,35,36,40,42,43,44,45,50,51,52,55,58,59,60,64,65,67,68,69,72,74,76,83,84,85,86,88,94,97,103,104,105,106,107,108,109,112,116,53,78,87,46,82,18,110,29,22,99,26,47,81,119,34,115,77,37,113,56,33,
4to 4:
4to 5:1,2,3,6,10,12,13,14,15,17,18,19,24,27,28,32,34,35,41,42,43,44,46,48,50,51,52,54,58,59,61,62,63,68,69,71,72,73,74,75,79,80,83,88,89,98,99,101,102,108,109,110,113,117,120,91,55,56,53,65,21,33,90,104,118,81,47,82,4,22,67,111,115,78,86,60,26,
4to 6:2,4,6,8,10,12,14,15,16,18,19,24,25,27,28,30,31,36,38,40,41,42,44,45,48,51,52,53,54,56,57,58,61,62,64,66,68,72,73,76,79,80,83,89,92,97,99,100,102,105,107,115,116,117,120,26,82,87,104,37,81,23,47,65,78,90,91,113,3,86,43,50,77,55,67,22,11,60,29,
4to 7:1,2,4,5,6,8,11,12,13,14,17,18,19,22,24,25,27,30,35,36,38,41,45,47,50,52,54,58,59,60,61,62,64,65,69,72,73,74,79,80,83,84,85,88,90,94,97,104,105,106,108,109,110,112,115,120,99,53,118,23,113,87,100,56,43,55,7,26,91,81,101,77,28,67,119,46,78,82,57,86,3,
4to 8:2,5,6,8,12,14,18,19,22,26,29,30,32,35,36,46,50,51,52,54,58,60,62,63,66,67,68,69,73,76,79,82,83,84,86,88,89,91,101,102,103,104,108,110,111,112,115,116,117,119,4,11,28,44,47,87,90,118,109,56,7,64,77,3,23,57,113,78,20,59,
4to 9:1,2,3,4,6,8,12,13,14,15,20,22,23,24,25,26,27,31,36,37,38,42,44,45,46,48,51,52,53,54,55,58,59,61,62,66,67,68,70,72,73,74,75,82,83,84,86,87,88,89,91,92,94,100,103,107,108,110,111,112,120,34,99,18,50,64,79,60,78,47,65,57,29,104,77,21,28,56,90,113,101,115,
5to 1:2,4,6,7,9,10,11,12,13,14,15,17,24,28,30,31,32,33,34,39,43,44,48,50,51,55,56,58,60,63,65,66,67,70,71,74,78,80,82,86,87,88,89,90,91,92,93,94,97,98,99,100,101,103,107,108,110,112,116,118,36,37,113,45,83,64,53,59,19,41,72,1,3,18,111,61,102,20,109,57,21,68,119,62,35,40,25,
5to 2:2,4,6,12,13,15,20,25,27,30,34,39,40,43,45,47,48,50,53,54,55,56,57,58,59,62,65,67,68,73,76,79,80,81,83,86,90,91,92,93,94,95,97,98,99,101,104,105,106,107,108,110,113,115,116,118,64,18,19,49,22,14,21,17,109,36,42,119,26,72,74,11,23,88,102,111,3,1,
5to 3:3,4,5,6,9,10,12,15,18,20,21,22,24,26,28,33,37,39,43,44,45,46,47,49,51,52,53,54,56,60,65,67,72,78,79,82,86,87,88,90,91,93,94,95,96,97,99,101,102,104,106,107,109,110,112,113,115,116,117,119,120,23,59,50,76,111,42,74,11,36,62,83,2,19,13,68,40,75,57,35,64,14,1,
5to 4:1,4,6,10,12,14,15,20,22,25,26,28,29,31,32,34,41,42,43,44,47,48,54,55,57,58,60,61,65,67,68,69,73,76,77,79,81,82,83,87,88,89,90,91,93,97,98,99,102,105,107,108,110,112,115,117,120,50,64,74,36,119,18,37,21,33,45,2,11,104,17,23,27,86,95,59,62,72,56,113,53,
5to 5:
5to 6:2,3,5,6,7,9,10,11,12,15,20,24,25,26,27,28,30,37,39,40,41,43,44,45,47,48,51,53,57,58,59,61,66,68,69,71,72,73,78,80,82,83,86,87,89,91,93,98,99,103,106,107,109,111,115,116,118,102,22,113,50,119,33,56,14,64,42,36,17,19,95,97,62,79,70,
5to 7:3,4,5,6,10,12,14,17,20,24,27,28,30,34,39,42,43,45,48,52,54,56,57,59,60,63,65,67,68,71,72,73,74,76,78,83,86,87,90,91,92,94,98,99,100,101,102,103,105,106,107,108,109,110,115,117,118,119,33,47,35,11,13,70,114,62,21,22,79,2,36,18,61,113,80,64,19,49,1,41,50,53,104,40,
5to 8:2,5,6,7,9,10,12,15,18,19,20,22,24,28,30,32,34,42,43,44,46,47,50,51,52,53,54,56,57,58,66,68,69,71,73,77,78,83,86,87,89,90,91,93,94,96,99,101,104,105,106,108,109,113,116,117,118,41,88,17,37,36,1,49,72,40,79,102,25,11,21,119,14,62,111,3,33,59,82,76,13,
5to 9:5,6,7,13,14,15,20,24,26,27,28,34,39,40,43,46,48,51,52,55,56,60,62,66,67,68,71,72,75,78,79,80,82,83,86,87,89,90,91,92,99,101,102,103,104,105,107,108,110,112,113,115,118,19,49,50,21,59,61,64,109,106,42,95,53,31,45,57,3,22,111,47,120,1,36,33,
6to 1:1,3,4,5,7,11,14,15,18,20,21,22,23,25,26,27,28,30,33,37,38,39,40,41,44,45,47,48,50,51,52,56,58,59,60,61,62,64,65,67,68,70,72,75,77,80,81,83,86,87,88,89,90,92,96,99,101,102,103,104,108,113,116,118,119,10,66,9,12,57,17,82,107,76,31,36,105,24,91,
6to 2:1,4,5,7,8,11,12,14,15,18,19,22,24,25,26,27,28,30,35,39,41,44,45,47,50,51,52,63,64,65,67,68,71,73,77,78,79,80,81,86,87,88,89,90,92,94,95,98,99,100,101,102,103,104,106,109,113,115,117,118,119,66,93,54,55,57,58,6,74,83,10,17,21,62,105,3,16,120,108,59,91,31,
6to 3:4,5,7,8,9,10,11,14,15,18,22,23,24,26,27,28,29,31,33,35,36,37,38,39,40,43,44,47,51,53,58,59,60,64,65,66,67,72,76,77,78,79,87,92,95,99,101,102,103,104,106,107,109,110,115,54,62,118,119,50,120,83,81,93,46,74,19,89,6,30,88,12,3,56,57,52,17,21,105,
6to 4:1,2,4,8,11,12,15,16,20,22,23,27,28,29,32,35,36,41,43,44,45,46,47,48,51,52,53,56,58,59,60,61,65,66,68,73,78,79,86,87,88,89,90,99,101,102,104,107,108,113,118,119,120,30,83,74,103,37,64,82,33,50,67,21,6,17,10,97,81,24,54,26,
6to 5:1,3,4,5,6,7,10,11,15,17,18,20,26,27,28,29,30,33,37,39,40,41,44,45,46,47,50,51,58,61,63,64,66,68,72,73,78,79,80,81,82,86,87,88,89,90,91,95,98,101,102,103,104,106,107,109,111,113,115,116,117,120,57,105,23,119,12,36,74,93,83,52,42,62,21,19,76,97,59,67,22,71,43,
6to 6:
6to 7:4,5,6,7,8,10,11,18,22,24,27,28,30,31,33,35,37,38,39,40,41,43,45,46,47,48,53,58,59,60,61,62,64,65,67,68,72,73,78,79,80,82,86,87,88,90,91,92,93,99,100,102,103,104,106,109,110,113,120,50,83,3,89,66,12,57,71,17,81,97,107,74,56,105,36,119,26,52,54,118,
6to 8:5,7,8,10,11,12,14,15,17,19,20,21,22,23,24,27,31,32,35,36,37,44,45,47,50,51,56,57,58,59,63,64,68,70,76,77,78,79,81,82,87,88,89,91,92,99,101,102,105,106,107,110,111,113,114,116,119,9,73,93,52,26,40,103,62,97,43,71,3,118,46,54,83,2,30,67,
6to 9:1,5,8,11,12,16,18,20,23,24,27,28,30,31,33,37,38,40,41,43,44,45,48,50,51,54,57,60,61,64,67,68,75,77,78,79,80,81,82,86,87,88,90,91,92,100,101,102,104,106,107,110,111,113,115,120,22,26,46,47,73,83,6,3,58,36,21,56,62,71,76,97,52,118,19,119,10,103,
7to 1:1,2,3,4,5,10,11,12,13,16,18,20,22,23,26,30,31,36,37,39,40,45,47,50,51,53,54,57,58,60,62,64,65,66,67,69,70,74,75,78,80,81,82,83,86,87,91,96,97,102,106,107,108,109,113,118,119,120,33,17,27,101,85,7,114,24,56,89,76,41,52,6,94,88,68,28,103,25,104,71,
7to 2:2,3,4,5,6,7,10,11,13,14,16,17,19,23,26,30,31,34,38,41,42,48,49,56,57,58,59,60,61,64,65,66,67,72,73,74,79,82,84,86,87,91,98,99,102,103,105,106,107,109,113,115,117,118,119,120,47,81,12,27,35,89,104,18,101,68,108,62,63,80,28,94,90,1,52,85,
7to 3:1,2,3,4,5,7,11,14,17,18,19,22,23,24,25,26,27,33,35,36,37,38,39,40,41,42,45,46,47,49,51,58,59,60,64,65,66,67,74,76,78,81,82,83,84,86,88,89,91,92,93,97,99,103,106,107,108,110,115,118,119,52,90,21,120,6,94,13,109,50,117,53,56,12,43,54,28,101,71,87,
7to 4:2,10,12,13,14,17,21,22,23,25,26,29,35,36,37,38,42,47,50,52,57,58,59,60,65,66,69,74,76,77,78,79,80,82,84,86,87,88,91,94,99,100,105,107,110,113,118,119,68,6,43,1,28,45,41,4,56,27,53,117,63,89,102,61,67,90,109,104,62,114,3,18,64,108,120,101,103,
7to 5:3,4,5,9,11,12,13,14,17,19,20,22,26,27,30,33,34,35,36,39,40,42,43,47,48,50,57,58,59,60,65,66,67,78,79,81,82,86,87,88,92,93,98,100,103,104,105,106,107,108,113,115,117,118,119,120,76,101,41,53,7,85,68,62,90,2,91,80,109,25,21,64,28,89,97,18,61,45,102,6,1,
7to 6:1,2,4,5,9,11,14,17,19,22,24,25,26,27,30,33,36,37,39,40,42,45,46,47,48,51,53,54,57,58,59,60,64,65,69,70,73,77,78,79,81,82,86,87,100,102,103,105,106,107,108,113,117,119,120,13,56,18,101,7,68,109,31,52,76,67,80,89,63,83,21,41,38,61,28,6,43,118,12,50,23,
7to 7:
7to 8:1,3,4,12,13,14,18,19,20,22,23,24,26,30,36,40,42,47,49,50,54,57,58,59,60,62,64,65,69,70,71,73,76,77,78,79,80,81,82,84,86,90,91,92,93,94,99,102,103,105,106,107,108,113,119,120,56,87,101,11,7,35,28,104,109,118,6,41,43,46,2,17,31,68,85,52,27,117,
7to 9:2,9,10,11,14,17,18,19,22,23,24,26,30,34,36,39,40,41,42,46,47,49,50,51,53,54,56,57,59,60,64,65,67,70,73,75,77,78,79,80,81,82,83,84,86,92,94,99,100,105,106,107,108,113,115,118,120,104,89,88,6,28,38,109,85,91,114,52,61,35,87,3,25,117,90,31,7,43,68,103,1,13,76,
8to 1:1,3,5,6,7,9,10,12,14,18,19,21,22,23,25,26,27,31,33,35,36,37,40,41,46,48,53,54,56,57,58,62,63,64,67,68,69,71,76,77,78,82,83,85,86,88,90,91,93,97,98,99,102,105,107,109,113,116,117,87,103,114,30,28,108,101,45,65,8,2,47,51,89,118,66,24,55,60,11,32,96,111,59,20,
8to 2:1,3,5,6,12,14,15,16,17,19,20,21,22,26,27,35,37,41,42,49,50,53,54,56,57,58,60,67,69,76,80,83,85,86,87,88,89,90,92,93,94,99,100,102,106,111,113,115,116,120,108,117,7,48,101,118,105,79,31,68,59,40,82,66,32,43,44,109,13,30,64,103,9,77,46,112,2,25,11,55,47,
8to 3:4,5,6,10,12,13,14,16,18,19,22,23,27,29,30,32,35,36,37,41,42,48,49,50,52,54,58,62,64,69,71,76,77,78,79,81,83,86,88,89,91,92,93,97,99,102,105,106,107,108,110,118,8,24,114,45,94,111,15,20,3,65,103,60,109,101,11,1,31,119,47,51,7,17,46,66,26,40,67,53,116,43,28,85,2,
8to 4:1,3,4,6,12,13,14,15,18,19,20,21,22,23,24,26,27,28,33,35,37,41,46,52,53,56,57,58,59,67,69,73,76,78,83,86,88,89,90,91,92,93,94,98,99,103,107,111,113,115,101,118,25,65,110,36,108,60,77,43,109,82,112,44,11,66,104,32,47,55,68,105,2,45,50,30,87,100,
8to 5:4,5,12,18,19,22,26,27,28,31,35,41,46,49,50,51,52,54,56,57,58,62,64,68,69,77,78,80,83,86,87,88,89,90,92,93,99,102,104,105,106,107,113,115,116,120,13,94,43,111,9,11,117,3,34,15,66,14,45,2,1,20,79,109,47,30,112,36,101,103,59,82,119,32,24,40,17,55,108,114,7,48,
8to 6:3,4,5,6,10,11,12,13,16,20,22,27,28,29,36,37,41,42,52,53,54,56,57,58,62,64,66,70,71,73,80,83,88,89,92,93,98,99,101,102,103,104,106,107,109,113,115,117,120,26,43,46,24,47,119,14,87,15,100,45,55,67,40,48,76,68,118,79,30,111,50,51,7,77,17,
8to 7:1,4,10,11,12,17,18,21,22,23,26,27,35,36,40,41,46,48,52,54,56,58,64,66,67,68,69,71,73,76,77,78,79,80,81,82,86,87,89,90,91,94,96,97,98,99,100,101,102,104,105,106,107,108,113,115,118,119,120,65,3,6,20,13,109,14,47,60,2,30,50,31,110,24,7,85,53,
8to 8:
8to 9:1,2,7,11,14,22,23,27,29,36,37,41,42,46,47,49,50,52,54,56,58,64,66,71,73,76,78,79,83,86,88,89,90,91,94,99,102,103,105,106,107,108,109,110,113,120,118,12,17,119,25,55,3,34,24,114,82,59,20,44,26,28,60,112,48,51,68,77,40,70,18,104,101,30,15,13,100,
9to 1:1,5,13,14,19,22,24,25,27,31,36,37,38,44,45,47,50,52,56,57,59,62,64,66,67,68,71,76,81,89,90,94,98,101,102,107,108,111,112,117,39,85,18,77,3,75,20,106,113,103,119,118,97,99,110,17,104,60,51,61,82,2,28,72,79,30,91,21,34,26,88,33,83,15,11,86,6,109,
9to 2:3,4,5,7,8,11,12,13,14,15,19,27,35,44,47,49,51,52,55,59,60,61,64,66,67,68,72,73,76,77,78,80,82,87,88,94,100,102,104,105,106,107,110,111,113,118,50,115,38,22,90,31,40,91,119,34,92,103,26,75,58,6,85,99,86,89,109,56,84,79,83,2,1,10,
9to 3:2,3,4,5,7,8,14,17,18,22,26,27,28,31,34,35,39,43,44,47,50,51,52,53,54,56,57,58,60,64,65,66,67,75,76,81,82,83,87,88,90,91,94,101,106,107,108,110,111,112,113,118,120,15,23,79,46,49,86,1,92,72,103,11,38,48,9,70,99,29,97,104,119,62,6,33,78,109,55,13,77,20,
9to 4:1,3,4,6,8,10,14,15,19,27,32,33,34,35,36,37,38,42,43,44,46,47,51,52,53,56,57,58,59,65,66,67,68,72,76,77,79,81,82,87,88,94,98,101,102,103,104,105,107,109,110,111,120,29,119,84,90,20,99,25,26,113,115,23,31,91,118,50,60,18,70,55,22,100,78,86,
9to 5:1,2,5,6,14,15,19,22,24,36,42,43,47,50,57,59,64,66,68,71,76,80,81,86,89,90,91,92,101,102,103,108,109,111,113,114,117,120,106,13,62,77,100,40,70,72,10,41,20,46,78,21,37,58,110,119,26,39,93,104,29,115,83,3,75,88,25,51,82,34,79,49,11,
9to 6:3,5,7,8,11,13,18,29,36,38,42,43,44,45,51,52,53,54,56,57,59,61,64,67,68,71,73,76,77,78,80,82,87,89,92,98,101,102,106,111,113,118,119,6,93,25,30,2,26,28,88,37,74,47,58,22,103,79,17,39,104,1,91,10,83,12,62,107,24,46,31,70,115,75,86,9,50,108,
9to 7:2,4,6,8,11,12,13,14,22,23,24,27,35,36,38,39,42,47,49,52,53,56,59,61,62,64,66,67,71,74,76,79,81,82,83,90,91,92,94,98,100,107,108,110,113,118,103,101,28,41,18,37,20,109,77,97,3,31,40,58,60,70,78,72,104,106,86,50,25,88,46,21,26,1,34,115,17,99,93,119,
9to 8:1,4,6,7,8,11,12,13,14,18,31,32,35,36,40,42,43,44,47,52,62,68,71,72,76,77,81,83,90,94,107,108,109,110,114,115,21,86,49,28,112,58,25,50,41,92,78,37,79,3,15,103,118,88,30,99,22,113,48,56,2,34,89,82,9,51,106,46,93,
9to 9:

cell1:6,2,8,9,7,3,5,4,
cell2:7,8,9,5,4,3,6,1,
cell3:1,6,9,2,7,4,5,8,
cell4:2,8,1,9,6,7,3,5,
cell5:1,2,3,7,6,9,4,8,
cell6:1,2,5,9,3,7,8,4,
cell7:8,1,2,9,5,3,4,6,
cell8:2,7,4,9,6,5,1,3,
cell9:4,6,7,5,2,3,1,8,
