10 220 4 4 4

1 1 1 2 2 2 3 3 4 4 

0 15 18 27 
18 0 9 9 
14 11 0 8 
28 24 28 0 

0 1 1 1 
1 0 1 1 
1 1 0 1 
1 1 1 0 

7 8 7 9 7 7 6 9 6 7 
5 9 9 9 8 8 7 7 5 9 
5 6 8 5 9 5 5 9 5 5 
7 7 7 7 5 8 5 7 7 8 

6    0    2265    0.4    4530
46 0 0 0 0 0 0 0 0 0 
0 59 0 0 0 0 0 0 0 0 
0 0 30 0 0 0 0 0 0 0 
0 0 0 0 0 0 0 5 0 0 
0 0 0 85 0 0 0 0 0 0 
0 0 0 0 0 0 0 0 0 1 
6    0    1995    0.7    3990
0 0 0 0 0 0 0 0 0 99 
97 0 0 0 0 0 0 0 0 0 
0 9 0 0 0 0 0 0 0 0 
0 0 0 15 0 0 0 0 0 0 
0 0 0 0 66 0 0 0 0 0 
0 0 0 0 0 29 0 0 0 0 
9    0    3987    0.2    7974
0 0 0 0 0 0 0 0 59 0 
0 0 0 0 0 0 0 0 0 23 
0 0 0 88 0 0 0 0 0 0 
0 0 0 0 93 0 0 0 0 0 
32 0 0 0 0 0 0 0 0 0 
0 2 0 0 0 0 0 0 0 0 
0 0 98 0 0 0 0 0 0 0 
0 0 0 0 0 0 89 0 0 0 
0 0 0 0 0 0 0 63 0 0 
6    2    2532    0.4    5064
0 0 0 0 0 0 0 0 70 0 
0 0 0 0 0 0 0 0 0 80 
96 0 0 0 0 0 0 0 0 0 
0 60 0 0 0 0 0 0 0 0 
0 0 11 0 0 0 0 0 0 0 
0 0 0 18 0 0 0 0 0 0 
6    0    1101    0.2    2202
54 0 0 0 0 0 0 0 0 0 
0 26 0 0 0 0 0 0 0 0 
0 0 2 0 0 0 0 0 0 0 
0 0 0 0 0 0 0 2 0 0 
0 0 0 37 0 0 0 0 0 0 
0 0 0 0 51 0 0 0 0 0 
9    1    3333    0.1    6666
0 0 0 0 0 0 76 0 0 0 
0 0 0 0 0 0 0 95 0 0 
0 0 0 0 0 0 0 0 25 0 
0 0 0 0 0 0 0 0 0 9 
0 0 0 44 0 0 0 0 0 0 
0 0 0 0 4 0 0 0 0 0 
48 0 0 0 0 0 0 0 0 0 
0 68 0 0 0 0 0 0 0 0 
0 0 81 0 0 0 0 0 0 0 
6    1    2241    0.4    4482
0 0 0 0 0 0 0 0 67 0 
0 0 0 0 0 0 0 0 0 78 
0 0 0 46 0 0 0 0 0 0 
0 0 0 0 51 0 0 0 0 0 
70 0 0 0 0 0 0 0 0 0 
0 9 0 0 0 0 0 0 0 0 
8    1    3303    0.5    6606
0 0 0 0 0 0 0 0 17 0 
0 0 0 0 0 0 0 0 0 97 
0 0 0 0 0 0 22 0 0 0 
0 0 0 0 0 0 0 100 0 0 
0 0 0 35 0 0 0 0 0 0 
0 0 0 0 20 0 0 0 0 0 
0 0 0 0 0 29 0 0 0 0 
72 0 0 0 0 0 0 0 0 0 
5    3    2091    0.7    4182
0 0 0 0 0 0 0 57 0 0 
0 0 0 0 0 0 0 0 0 65 
92 0 0 0 0 0 0 0 0 0 
0 0 0 17 0 0 0 0 0 0 
0 0 0 0 37 0 0 0 0 0 
8    1    4953    0.7    9906
63 0 0 0 0 0 0 0 0 0 
0 64 0 0 0 0 0 0 0 0 
0 0 0 0 0 0 91 0 0 0 
0 0 0 0 0 0 0 80 0 0 
0 0 0 96 0 0 0 0 0 0 
0 0 0 0 93 0 0 0 0 0 
0 0 0 0 0 64 0 0 0 0 
0 0 0 0 0 0 0 0 0 95 
7    3    2256    0.3    4512
0 0 0 0 0 0 2 0 0 0 
0 0 0 0 0 0 0 76 0 0 
0 0 0 58 0 0 0 0 0 0 
0 0 0 0 0 0 0 0 0 65 
8 0 0 0 0 0 0 0 0 0 
0 58 0 0 0 0 0 0 0 0 
0 0 50 0 0 0 0 0 0 0 
6    2    2754    0.8    5508
0 0 0 0 0 0 0 0 84 0 
0 0 0 0 0 0 0 0 0 47 
0 0 0 92 0 0 0 0 0 0 
0 0 0 0 47 0 0 0 0 0 
0 0 0 0 0 89 0 0 0 0 
36 0 0 0 0 0 0 0 0 0 
7    1    2868    0.2    5736
0 0 0 36 0 0 0 0 0 0 
0 0 0 0 97 0 0 0 0 0 
0 0 0 0 0 71 0 0 0 0 
0 0 0 0 0 0 0 0 71 0 
0 0 0 0 0 0 0 0 0 30 
96 0 0 0 0 0 0 0 0 0 
0 9 0 0 0 0 0 0 0 0 
5    2    1524    0.9    3048
0 0 0 7 0 0 0 0 0 0 
99 0 0 0 0 0 0 0 0 0 
0 88 0 0 0 0 0 0 0 0 
0 0 29 0 0 0 0 0 0 0 
0 0 0 0 0 0 0 0 0 10 
7    0    2358    0.5    4716
0 0 0 0 0 0 61 0 0 0 
0 0 0 0 0 0 0 39 0 0 
0 0 0 34 0 0 0 0 0 0 
0 0 0 0 6 0 0 0 0 0 
0 0 0 0 0 0 0 0 33 0 
0 0 0 0 0 0 0 0 0 82 
16 0 0 0 0 0 0 0 0 0 
9    1    2268    0.7    4536
0 0 0 0 0 0 0 0 0 8 
84 0 0 0 0 0 0 0 0 0 
0 39 0 0 0 0 0 0 0 0 
0 0 3 0 0 0 0 0 0 0 
0 0 0 68 0 0 0 0 0 0 
0 0 0 0 33 0 0 0 0 0 
0 0 0 0 0 18 0 0 0 0 
0 0 0 0 0 0 19 0 0 0 
0 0 0 0 0 0 0 46 0 0 
9    0    5028    0.1    10056
0 0 0 0 0 0 0 0 80 0 
0 0 0 0 0 0 0 0 0 69 
0 0 0 99 0 0 0 0 0 0 
0 0 0 0 84 0 0 0 0 0 
0 0 0 0 0 64 0 0 0 0 
75 0 0 0 0 0 0 0 0 0 
0 1 0 0 0 0 0 0 0 0 
0 0 0 0 0 0 55 0 0 0 
0 0 0 0 0 0 0 90 0 0 
9    3    3900    0.2    7800
0 0 0 59 0 0 0 0 0 0 
0 0 0 0 51 0 0 0 0 0 
0 0 0 0 0 0 0 0 77 0 
0 0 0 0 0 0 0 0 0 32 
69 0 0 0 0 0 0 0 0 0 
0 67 0 0 0 0 0 0 0 0 
0 0 76 0 0 0 0 0 0 0 
0 0 0 0 0 0 51 0 0 0 
0 0 0 0 0 0 0 21 0 0 
6    0    1497    0.6    2994
0 0 0 0 0 0 9 0 0 0 
0 0 0 0 0 0 0 25 0 0 
0 0 0 87 0 0 0 0 0 0 
0 0 0 0 42 0 0 0 0 0 
40 0 0 0 0 0 0 0 0 0 
0 79 0 0 0 0 0 0 0 0 
9    0    3660    0.3    7320
0 0 0 59 0 0 0 0 0 0 
0 0 0 0 63 0 0 0 0 0 
77 0 0 0 0 0 0 0 0 0 
0 48 0 0 0 0 0 0 0 0 
0 0 40 0 0 0 0 0 0 0 
0 0 0 0 0 0 0 0 12 0 
0 0 0 0 0 0 0 0 0 10 
0 0 0 0 0 0 99 0 0 0 
0 0 0 0 0 0 0 49 0 0 
9    0    4281    0.2    8562
0 0 0 0 0 0 0 0 100 0 
0 0 0 0 0 0 0 0 0 26 
0 0 0 66 0 0 0 0 0 0 
0 0 0 0 35 0 0 0 0 0 
0 0 0 0 0 67 0 0 0 0 
71 0 0 0 0 0 0 0 0 0 
0 52 0 0 0 0 0 0 0 0 
0 0 16 0 0 0 0 0 0 0 
0 0 0 0 0 0 0 99 0 0 
7    1    1188    0.7    2376
0 0 0 4 0 0 0 0 0 0 
0 0 0 0 43 0 0 0 0 0 
0 0 0 0 0 21 0 0 0 0 
0 0 0 0 0 0 0 52 0 0 
54 0 0 0 0 0 0 0 0 0 
0 11 0 0 0 0 0 0 0 0 
0 0 6 0 0 0 0 0 0 0 
8    2    2346    0.1    4692
0 0 0 7 0 0 0 0 0 0 
0 0 0 0 54 0 0 0 0 0 
0 0 0 0 0 0 0 0 69 0 
0 0 0 0 0 0 0 0 0 22 
9 0 0 0 0 0 0 0 0 0 
0 4 0 0 0 0 0 0 0 0 
0 0 86 0 0 0 0 0 0 0 
0 0 0 0 0 0 0 30 0 0 
6    2    1422    0.9    2844
0 0 0 0 0 0 0 0 0 9 
65 0 0 0 0 0 0 0 0 0 
0 29 0 0 0 0 0 0 0 0 
0 0 37 0 0 0 0 0 0 0 
0 0 0 72 0 0 0 0 0 0 
0 0 0 0 77 0 0 0 0 0 
9    3    3381    0.3    6762
95 0 0 0 0 0 0 0 0 0 
0 11 0 0 0 0 0 0 0 0 
0 0 0 96 0 0 0 0 0 0 
0 0 0 0 5 0 0 0 0 0 
0 0 0 0 0 68 0 0 0 0 
0 0 0 0 0 0 6 0 0 0 
0 0 0 0 0 0 0 22 0 0 
0 0 0 0 0 0 0 0 71 0 
0 0 0 0 0 0 0 0 0 45 
8    3    2088    0.1    4176
30 0 0 0 0 0 0 0 0 0 
0 34 0 0 0 0 0 0 0 0 
0 0 0 0 0 0 0 0 0 64 
0 0 0 9 0 0 0 0 0 0 
0 0 0 0 7 0 0 0 0 0 
0 0 0 0 0 67 0 0 0 0 
0 0 0 0 0 0 24 0 0 0 
0 0 0 0 0 0 0 7 0 0 
6    3    1866    0.8    3732
0 0 0 0 0 0 32 0 0 0 
0 0 0 0 0 0 0 64 0 0 
4 0 0 0 0 0 0 0 0 0 
0 70 0 0 0 0 0 0 0 0 
0 0 0 90 0 0 0 0 0 0 
0 0 0 0 60 0 0 0 0 0 
9    1    3357    0.5    6714
0 0 0 0 0 0 0 0 64 0 
0 0 0 0 0 0 0 0 0 20 
0 0 0 10 0 0 0 0 0 0 
0 0 0 0 90 0 0 0 0 0 
0 0 0 0 0 67 0 0 0 0 
0 0 0 0 0 0 53 0 0 0 
0 0 0 0 0 0 0 21 0 0 
95 0 0 0 0 0 0 0 0 0 
0 6 0 0 0 0 0 0 0 0 
7    0    2178    0.8    4356
11 0 0 0 0 0 0 0 0 0 
0 50 0 0 0 0 0 0 0 0 
0 0 0 0 0 0 0 0 0 87 
0 0 0 0 0 0 0 15 0 0 
0 0 0 69 0 0 0 0 0 0 
0 0 0 0 63 0 0 0 0 0 
0 0 0 0 0 4 0 0 0 0 
7    1    4683    0.2    9366
0 0 0 0 0 0 0 0 100 0 
0 0 0 0 0 0 0 0 0 100 
56 0 0 0 0 0 0 0 0 0 
0 98 0 0 0 0 0 0 0 0 
0 0 0 10 0 0 0 0 0 0 
0 0 0 0 85 0 0 0 0 0 
0 0 0 0 0 0 0 66 0 0 
8    1    3783    0.2    7566
63 0 0 0 0 0 0 0 0 0 
0 83 0 0 0 0 0 0 0 0 
0 0 69 0 0 0 0 0 0 0 
0 0 0 26 0 0 0 0 0 0 
0 0 0 0 6 0 0 0 0 0 
0 0 0 0 0 0 70 0 0 0 
0 0 0 0 0 0 0 70 0 0 
0 0 0 0 0 0 0 0 0 1 
6    0    1365    0.7    2730
73 0 0 0 0 0 0 0 0 0 
0 16 0 0 0 0 0 0 0 0 
0 0 28 0 0 0 0 0 0 0 
0 0 0 88 0 0 0 0 0 0 
0 0 0 0 82 0 0 0 0 0 
0 0 0 0 0 22 0 0 0 0 
6    0    1956    0.1    3912
80 0 0 0 0 0 0 0 0 0 
0 7 0 0 0 0 0 0 0 0 
0 0 50 0 0 0 0 0 0 0 
0 0 0 0 0 0 0 69 0 0 
0 0 0 0 0 0 0 0 48 0 
0 0 0 0 0 0 0 0 0 29 
7    1    3063    0.4    6126
0 0 0 0 0 0 0 0 8 0 
0 0 0 0 0 0 0 0 0 75 
0 0 0 70 0 0 0 0 0 0 
0 0 0 0 11 0 0 0 0 0 
0 0 0 0 0 90 0 0 0 0 
55 0 0 0 0 0 0 0 0 0 
0 0 0 0 0 0 0 24 0 0 
9    2    2823    0.8    5646
0 0 0 0 0 0 0 74 0 0 
30 0 0 0 0 0 0 0 0 0 
0 41 0 0 0 0 0 0 0 0 
0 0 62 0 0 0 0 0 0 0 
0 0 0 0 0 0 0 0 74 0 
0 0 0 0 0 0 0 0 0 9 
0 0 0 5 0 0 0 0 0 0 
0 0 0 0 9 0 0 0 0 0 
0 0 0 0 0 25 0 0 0 0 
7    0    2418    0.5    4836
0 0 0 0 0 0 0 41 0 0 
0 0 0 74 0 0 0 0 0 0 
0 0 0 0 0 0 0 0 90 0 
0 0 0 0 0 0 0 0 0 12 
84 0 0 0 0 0 0 0 0 0 
0 52 0 0 0 0 0 0 0 0 
0 0 60 0 0 0 0 0 0 0 
9    3    3477    0.3    6954
0 0 0 0 0 0 0 0 62 0 
0 0 0 0 0 0 0 0 0 41 
0 0 0 0 0 0 55 0 0 0 
0 0 0 0 0 0 0 57 0 0 
95 0 0 0 0 0 0 0 0 0 
0 13 0 0 0 0 0 0 0 0 
0 0 0 24 0 0 0 0 0 0 
0 0 0 0 79 0 0 0 0 0 
0 0 0 0 0 50 0 0 0 0 
9    0    4212    0.1    8424
0 0 0 0 0 0 56 0 0 0 
0 0 0 0 0 0 0 76 0 0 
79 0 0 0 0 0 0 0 0 0 
0 44 0 0 0 0 0 0 0 0 
0 0 0 85 0 0 0 0 0 0 
0 0 0 0 9 0 0 0 0 0 
0 0 0 0 0 64 0 0 0 0 
0 0 0 0 0 0 0 0 74 0 
0 0 0 0 0 0 0 0 0 88 
8    2    3663    0.1    7326
0 0 0 98 0 0 0 0 0 0 
0 0 0 0 54 0 0 0 0 0 
0 0 0 0 0 47 0 0 0 0 
0 0 0 0 0 0 37 0 0 0 
0 0 0 0 0 0 0 76 0 0 
0 0 0 0 0 0 0 0 21 0 
0 0 0 0 0 0 0 0 0 1 
25 0 0 0 0 0 0 0 0 0 
7    1    1341    0.5    2682
0 0 0 32 0 0 0 0 0 0 
0 0 0 0 13 0 0 0 0 0 
42 0 0 0 0 0 0 0 0 0 
0 15 0 0 0 0 0 0 0 0 
0 0 0 0 0 0 0 18 0 0 
0 0 0 0 0 0 0 0 1 0 
0 0 0 0 0 0 0 0 0 23 
5    2    1653    0.2    3306
10 0 0 0 0 0 0 0 0 0 
0 91 0 0 0 0 0 0 0 0 
0 0 96 0 0 0 0 0 0 0 
0 0 0 52 0 0 0 0 0 0 
0 0 0 0 81 0 0 0 0 0 
7    3    3183    0.4    6366
0 0 0 0 0 0 70 0 0 0 
0 0 0 0 0 0 0 41 0 0 
84 0 0 0 0 0 0 0 0 0 
0 0 0 0 0 0 0 0 69 0 
0 0 0 0 0 0 0 0 0 44 
0 0 0 72 0 0 0 0 0 0 
0 0 0 0 26 0 0 0 0 0 
9    2    3465    0.5    6930
51 0 0 0 0 0 0 0 0 0 
0 64 0 0 0 0 0 0 0 0 
0 0 29 0 0 0 0 0 0 0 
0 0 0 0 0 0 0 0 0 29 
0 0 0 72 0 0 0 0 0 0 
0 0 0 0 85 0 0 0 0 0 
0 0 0 0 0 19 0 0 0 0 
0 0 0 0 0 0 5 0 0 0 
0 0 0 0 0 0 0 84 0 0 
7    0    4038    0.2    8076
0 0 0 90 0 0 0 0 0 0 
0 0 0 0 88 0 0 0 0 0 
0 0 0 0 0 0 45 0 0 0 
0 0 0 0 0 0 0 39 0 0 
0 0 0 0 0 0 0 0 76 0 
0 0 0 0 0 0 0 0 0 93 
27 0 0 0 0 0 0 0 0 0 
7    3    2454    0.1    4908
0 0 0 0 0 0 0 0 42 0 
0 0 0 0 0 0 0 0 0 81 
88 0 0 0 0 0 0 0 0 0 
0 19 0 0 0 0 0 0 0 0 
0 0 66 0 0 0 0 0 0 0 
0 0 0 0 0 0 25 0 0 0 
0 0 0 0 0 0 0 35 0 0 
6    0    1773    0.9    3546
0 0 0 0 0 0 0 31 0 0 
60 0 0 0 0 0 0 0 0 0 
0 0 0 10 0 0 0 0 0 0 
0 0 0 0 39 0 0 0 0 0 
0 0 0 0 0 0 0 0 78 0 
0 0 0 0 0 0 0 0 0 82 
9    1    4194    0.3    8388
0 0 0 0 0 0 91 0 0 0 
0 0 0 0 0 0 0 20 0 0 
50 0 0 0 0 0 0 0 0 0 
0 85 0 0 0 0 0 0 0 0 
0 0 0 0 0 0 0 0 94 0 
0 0 0 0 0 0 0 0 0 77 
0 0 0 90 0 0 0 0 0 0 
0 0 0 0 10 0 0 0 0 0 
0 0 0 0 0 66 0 0 0 0 
9    2    2970    0.2    5940
0 0 0 51 0 0 0 0 0 0 
0 0 0 0 64 0 0 0 0 0 
0 0 0 0 0 34 0 0 0 0 
0 0 0 0 0 0 0 0 0 46 
0 0 0 0 0 0 10 0 0 0 
0 0 0 0 0 0 0 33 0 0 
84 0 0 0 0 0 0 0 0 0 
0 17 0 0 0 0 0 0 0 0 
0 0 32 0 0 0 0 0 0 0 
9    2    3198    0.2    6396
22 0 0 0 0 0 0 0 0 0 
0 29 0 0 0 0 0 0 0 0 
0 0 100 0 0 0 0 0 0 0 
0 0 0 0 0 0 0 0 57 0 
0 0 0 0 0 0 0 0 0 4 
0 0 0 0 0 0 0 28 0 0 
0 0 0 76 0 0 0 0 0 0 
0 0 0 0 29 0 0 0 0 0 
0 0 0 0 0 63 0 0 0 0 
7    3    2622    0.6    5244
0 0 0 78 0 0 0 0 0 0 
0 0 0 0 10 0 0 0 0 0 
0 0 0 0 0 53 0 0 0 0 
96 0 0 0 0 0 0 0 0 0 
0 45 0 0 0 0 0 0 0 0 
0 0 0 0 0 0 77 0 0 0 
0 0 0 0 0 0 0 47 0 0 
5    2    1068    0.8    2136
0 0 0 0 0 0 0 0 0 19 
0 0 0 0 0 0 0 54 0 0 
88 0 0 0 0 0 0 0 0 0 
0 19 0 0 0 0 0 0 0 0 
0 0 47 0 0 0 0 0 0 0 
5    3    1905    0.6    3810
0 0 0 0 0 0 0 52 0 0 
85 0 0 0 0 0 0 0 0 0 
0 75 0 0 0 0 0 0 0 0 
0 0 0 68 0 0 0 0 0 0 
0 0 0 0 50 0 0 0 0 0 
6    3    1746    0.5    3492
0 0 0 0 0 0 0 0 49 0 
0 0 0 0 0 0 0 0 0 51 
0 0 0 17 0 0 0 0 0 0 
0 0 0 0 58 0 0 0 0 0 
0 0 0 0 0 34 0 0 0 0 
31 0 0 0 0 0 0 0 0 0 
8    1    4854    0.3    9708
0 0 0 0 0 0 0 0 92 0 
0 0 0 0 0 0 0 0 0 42 
89 0 0 0 0 0 0 0 0 0 
0 58 0 0 0 0 0 0 0 0 
0 0 76 0 0 0 0 0 0 0 
0 0 0 0 0 0 86 0 0 0 
0 0 0 0 0 0 0 85 0 0 
0 0 0 25 0 0 0 0 0 0 
6    2    2925    0.2    5850
0 0 0 0 0 0 64 0 0 0 
0 0 0 0 0 0 0 55 0 0 
0 0 0 61 0 0 0 0 0 0 
0 0 0 0 3 0 0 0 0 0 
92 0 0 0 0 0 0 0 0 0 
0 0 0 0 0 0 0 0 0 94 
5    0    1740    0.1    3480
24 0 0 0 0 0 0 0 0 0 
0 27 0 0 0 0 0 0 0 0 
0 0 56 0 0 0 0 0 0 0 
0 0 0 81 0 0 0 0 0 0 
0 0 0 0 0 0 0 73 0 0 
9    0    2439    0.7    4878
0 0 0 0 0 0 17 0 0 0 
0 0 0 0 0 0 0 9 0 0 
0 0 0 0 0 0 0 0 48 0 
0 0 0 0 0 0 0 0 0 26 
0 0 0 72 0 0 0 0 0 0 
0 0 0 0 71 0 0 0 0 0 
60 0 0 0 0 0 0 0 0 0 
0 89 0 0 0 0 0 0 0 0 
0 0 20 0 0 0 0 0 0 0 
8    3    2220    0.4    4440
0 0 0 0 0 0 0 23 0 0 
40 0 0 0 0 0 0 0 0 0 
0 49 0 0 0 0 0 0 0 0 
0 0 13 0 0 0 0 0 0 0 
0 0 0 0 0 0 0 0 0 74 
0 0 0 90 0 0 0 0 0 0 
0 0 0 0 10 0 0 0 0 0 
0 0 0 0 0 53 0 0 0 0 
6    1    2922    0.2    5844
0 0 0 0 0 0 0 0 0 61 
0 0 0 95 0 0 0 0 0 0 
69 0 0 0 0 0 0 0 0 0 
0 68 0 0 0 0 0 0 0 0 
0 0 51 0 0 0 0 0 0 0 
0 0 0 0 0 0 0 27 0 0 
8    1    4674    0.3    9348
0 0 0 82 0 0 0 0 0 0 
0 0 0 0 87 0 0 0 0 0 
15 0 0 0 0 0 0 0 0 0 
0 75 0 0 0 0 0 0 0 0 
0 0 77 0 0 0 0 0 0 0 
0 0 0 0 0 0 0 0 34 0 
0 0 0 0 0 0 0 0 0 90 
0 0 0 0 0 0 0 88 0 0 
5    1    1365    0.3    2730
0 0 0 27 0 0 0 0 0 0 
0 0 0 0 65 0 0 0 0 0 
0 0 0 0 0 2 0 0 0 0 
0 0 0 0 0 0 0 48 0 0 
40 0 0 0 0 0 0 0 0 0 
8    0    2988    0.3    5976
0 0 0 48 0 0 0 0 0 0 
0 0 0 0 46 0 0 0 0 0 
58 0 0 0 0 0 0 0 0 0 
0 39 0 0 0 0 0 0 0 0 
0 0 26 0 0 0 0 0 0 0 
0 0 0 0 0 0 40 0 0 0 
0 0 0 0 0 0 0 44 0 0 
0 0 0 0 0 0 0 0 0 47 
7    1    2049    0.3    4098
0 0 0 24 0 0 0 0 0 0 
0 0 0 0 71 0 0 0 0 0 
54 0 0 0 0 0 0 0 0 0 
0 80 0 0 0 0 0 0 0 0 
0 0 14 0 0 0 0 0 0 0 
0 0 0 0 0 0 0 0 72 0 
0 0 0 0 0 0 0 0 0 7 
9    2    3828    0.6    7656
0 0 0 0 0 0 47 0 0 0 
0 0 0 0 0 0 0 66 0 0 
0 0 0 15 0 0 0 0 0 0 
0 0 0 0 78 0 0 0 0 0 
0 0 0 0 0 96 0 0 0 0 
0 0 0 0 0 0 0 0 0 39 
87 0 0 0 0 0 0 0 0 0 
0 47 0 0 0 0 0 0 0 0 
0 0 25 0 0 0 0 0 0 0 
9    3    3702    0.4    7404
48 0 0 0 0 0 0 0 0 0 
0 39 0 0 0 0 0 0 0 0 
0 0 51 0 0 0 0 0 0 0 
0 0 0 0 0 0 24 0 0 0 
0 0 0 0 0 0 0 74 0 0 
0 0 0 0 0 0 0 0 41 0 
0 0 0 0 0 0 0 0 0 77 
0 0 0 31 0 0 0 0 0 0 
0 0 0 0 95 0 0 0 0 0 
5    3    2373    0.2    4746
0 0 0 71 0 0 0 0 0 0 
0 0 0 0 76 0 0 0 0 0 
0 0 0 0 0 86 0 0 0 0 
13 0 0 0 0 0 0 0 0 0 
0 0 0 0 0 0 0 0 0 30 
5    1    1218    0.8    2436
0 0 0 0 0 0 69 0 0 0 
0 0 0 0 0 0 0 21 0 0 
79 0 0 0 0 0 0 0 0 0 
0 30 0 0 0 0 0 0 0 0 
0 0 85 0 0 0 0 0 0 0 
8    1    2682    0.1    5364
0 0 0 0 0 0 0 0 14 0 
0 0 0 0 0 0 0 0 0 100 
13 0 0 0 0 0 0 0 0 0 
0 26 0 0 0 0 0 0 0 0 
0 0 0 0 0 0 0 4 0 0 
0 0 0 93 0 0 0 0 0 0 
0 0 0 0 97 0 0 0 0 0 
0 0 0 0 0 77 0 0 0 0 
8    3    3537    0.5    7074
0 0 0 0 0 0 93 0 0 0 
0 0 0 0 0 0 0 77 0 0 
0 0 0 56 0 0 0 0 0 0 
0 0 0 0 28 0 0 0 0 0 
0 0 0 0 0 0 0 0 33 0 
0 0 0 0 0 0 0 0 0 31 
85 0 0 0 0 0 0 0 0 0 
0 14 0 0 0 0 0 0 0 0 
9    2    4467    0.7    8934
0 0 0 0 0 0 0 0 55 0 
0 0 0 0 0 0 0 0 0 93 
0 0 0 67 0 0 0 0 0 0 
0 0 0 0 50 0 0 0 0 0 
9 0 0 0 0 0 0 0 0 0 
0 71 0 0 0 0 0 0 0 0 
0 0 100 0 0 0 0 0 0 0 
0 0 0 0 0 0 74 0 0 0 
0 0 0 0 0 0 0 70 0 0 
8    2    1821    0.2    3642
0 0 0 0 0 0 0 0 7 0 
0 0 0 0 0 0 0 0 0 17 
92 0 0 0 0 0 0 0 0 0 
0 51 0 0 0 0 0 0 0 0 
0 0 39 0 0 0 0 0 0 0 
0 0 0 19 0 0 0 0 0 0 
0 0 0 0 27 0 0 0 0 0 
0 0 0 0 0 89 0 0 0 0 
8    1    2661    0.7    5322
0 0 0 93 0 0 0 0 0 0 
0 0 0 0 5 0 0 0 0 0 
0 0 0 0 0 39 0 0 0 0 
0 0 0 0 0 0 0 34 0 0 
9 0 0 0 0 0 0 0 0 0 
0 39 0 0 0 0 0 0 0 0 
0 0 28 0 0 0 0 0 0 0 
0 0 0 0 0 0 0 0 0 62 
9    3    2946    0.9    5892
0 0 0 20 0 0 0 0 0 0 
0 0 0 0 64 0 0 0 0 0 
0 0 0 0 0 32 0 0 0 0 
0 0 0 0 0 0 0 60 0 0 
0 0 0 0 0 0 0 0 53 0 
0 0 0 0 0 0 0 0 0 58 
30 0 0 0 0 0 0 0 0 0 
0 45 0 0 0 0 0 0 0 0 
0 0 24 0 0 0 0 0 0 0 
7    3    1857    0.9    3714
0 0 0 0 0 0 15 0 0 0 
0 0 0 0 0 0 0 71 0 0 
0 0 0 0 0 0 0 0 0 15 
20 0 0 0 0 0 0 0 0 0 
0 0 0 85 0 0 0 0 0 0 
0 0 0 0 50 0 0 0 0 0 
0 0 0 0 0 19 0 0 0 0 
5    1    1578    0.9    3156
0 0 0 0 0 0 0 0 0 48 
84 0 0 0 0 0 0 0 0 0 
0 51 0 0 0 0 0 0 0 0 
0 0 0 71 0 0 0 0 0 0 
0 0 0 0 5 0 0 0 0 0 
9    0    4317    0.5    8634
0 0 0 92 0 0 0 0 0 0 
0 0 0 0 59 0 0 0 0 0 
0 0 0 0 0 57 0 0 0 0 
0 0 0 0 0 0 40 0 0 0 
0 0 0 0 0 0 0 93 0 0 
34 0 0 0 0 0 0 0 0 0 
0 32 0 0 0 0 0 0 0 0 
0 0 0 0 0 0 0 0 3 0 
0 0 0 0 0 0 0 0 0 50 
6    0    2187    0.8    4374
0 0 0 0 0 0 0 0 72 0 
0 0 0 0 0 0 0 0 0 33 
40 0 0 0 0 0 0 0 0 0 
0 83 0 0 0 0 0 0 0 0 
0 0 32 0 0 0 0 0 0 0 
0 0 0 0 0 0 0 62 0 0 
5    3    1779    0.1    3558
65 0 0 0 0 0 0 0 0 0 
0 0 0 0 0 0 0 0 0 17 
0 0 0 0 0 0 91 0 0 0 
0 0 0 0 0 0 0 21 0 0 
0 0 0 3 0 0 0 0 0 0 
6    1    2448    0.2    4896
0 0 0 74 0 0 0 0 0 0 
0 0 0 0 83 0 0 0 0 0 
0 0 0 0 0 13 0 0 0 0 
0 0 0 0 0 0 0 0 0 73 
86 0 0 0 0 0 0 0 0 0 
0 37 0 0 0 0 0 0 0 0 
8    2    3609    0.6    7218
0 0 0 77 0 0 0 0 0 0 
0 0 0 0 47 0 0 0 0 0 
0 0 0 0 0 6 0 0 0 0 
0 0 0 0 0 0 0 73 0 0 
64 0 0 0 0 0 0 0 0 0 
0 22 0 0 0 0 0 0 0 0 
0 0 86 0 0 0 0 0 0 0 
0 0 0 0 0 0 0 0 0 97 
6    1    2613    0.2    5226
0 0 0 47 0 0 0 0 0 0 
0 0 0 0 99 0 0 0 0 0 
0 0 0 0 0 82 0 0 0 0 
0 0 0 0 0 0 0 38 0 0 
33 0 0 0 0 0 0 0 0 0 
0 55 0 0 0 0 0 0 0 0 
8    1    4008    0.5    8016
0 0 0 0 0 0 0 0 0 100 
0 0 0 0 0 0 99 0 0 0 
0 0 0 0 0 0 0 50 0 0 
84 0 0 0 0 0 0 0 0 0 
0 82 0 0 0 0 0 0 0 0 
0 0 0 24 0 0 0 0 0 0 
0 0 0 0 13 0 0 0 0 0 
0 0 0 0 0 78 0 0 0 0 
6    3    3291    0.8    6582
0 0 0 0 0 0 0 0 83 0 
0 0 0 0 0 0 0 0 0 64 
0 0 0 64 0 0 0 0 0 0 
0 0 0 0 0 0 30 0 0 0 
0 0 0 0 0 0 0 67 0 0 
90 0 0 0 0 0 0 0 0 0 
9    1    2835    0.1    5670
0 0 0 0 0 0 28 0 0 0 
0 0 0 0 0 0 0 73 0 0 
14 0 0 0 0 0 0 0 0 0 
0 38 0 0 0 0 0 0 0 0 
0 0 0 0 0 0 0 0 17 0 
0 0 0 0 0 0 0 0 0 82 
0 0 0 54 0 0 0 0 0 0 
0 0 0 0 60 0 0 0 0 0 
0 0 0 0 0 32 0 0 0 0 
9    0    4713    0.5    9426
0 0 0 0 0 0 80 0 0 0 
0 0 0 0 0 0 0 72 0 0 
78 0 0 0 0 0 0 0 0 0 
0 34 0 0 0 0 0 0 0 0 
0 0 98 0 0 0 0 0 0 0 
0 0 0 0 0 0 0 0 89 0 
0 0 0 0 0 0 0 0 0 17 
0 0 0 73 0 0 0 0 0 0 
0 0 0 0 7 0 0 0 0 0 
7    0    2739    0.6    5478
97 0 0 0 0 0 0 0 0 0 
0 27 0 0 0 0 0 0 0 0 
0 0 50 0 0 0 0 0 0 0 
0 0 0 66 0 0 0 0 0 0 
0 0 0 0 69 0 0 0 0 0 
0 0 0 0 0 29 0 0 0 0 
0 0 0 0 0 0 0 0 0 34 
7    1    2319    0.8    4638
0 0 0 2 0 0 0 0 0 0 
0 0 0 0 3 0 0 0 0 0 
0 0 0 0 0 85 0 0 0 0 
0 0 0 0 0 0 0 0 0 27 
0 0 0 0 0 0 30 0 0 0 
0 0 0 0 0 0 0 73 0 0 
89 0 0 0 0 0 0 0 0 0 
9    1    4113    0.8    8226
71 0 0 0 0 0 0 0 0 0 
0 75 0 0 0 0 0 0 0 0 
0 0 38 0 0 0 0 0 0 0 
0 0 0 0 0 0 16 0 0 0 
0 0 0 0 0 0 0 84 0 0 
0 0 0 0 0 0 0 0 0 62 
0 0 0 59 0 0 0 0 0 0 
0 0 0 0 52 0 0 0 0 0 
0 0 0 0 0 74 0 0 0 0 
5    2    1713    0.9    3426
64 0 0 0 0 0 0 0 0 0 
0 99 0 0 0 0 0 0 0 0 
0 0 55 0 0 0 0 0 0 0 
0 0 0 0 0 0 0 0 18 0 
0 0 0 0 0 0 0 0 0 88 
7    1    3834    0.6    7668
48 0 0 0 0 0 0 0 0 0 
0 23 0 0 0 0 0 0 0 0 
0 0 0 96 0 0 0 0 0 0 
0 0 0 0 85 0 0 0 0 0 
0 0 0 0 0 55 0 0 0 0 
0 0 0 0 0 0 0 0 0 82 
0 0 0 0 0 0 0 98 0 0 
9    2    4701    0.3    9402
0 0 0 0 0 0 0 85 0 0 
0 0 0 0 0 0 0 0 81 0 
0 0 0 0 0 0 0 0 0 96 
0 0 0 85 0 0 0 0 0 0 
0 0 0 0 91 0 0 0 0 0 
0 0 0 0 0 96 0 0 0 0 
42 0 0 0 0 0 0 0 0 0 
0 49 0 0 0 0 0 0 0 0 
0 0 29 0 0 0 0 0 0 0 
8    2    3147    0.2    6294
87 0 0 0 0 0 0 0 0 0 
0 30 0 0 0 0 0 0 0 0 
0 0 80 0 0 0 0 0 0 0 
0 0 0 0 0 0 0 0 83 0 
0 0 0 0 0 0 0 0 0 55 
0 0 0 71 0 0 0 0 0 0 
0 0 0 0 56 0 0 0 0 0 
0 0 0 0 0 14 0 0 0 0 
7    0    2166    0.8    4332
0 0 0 11 0 0 0 0 0 0 
0 0 0 0 46 0 0 0 0 0 
0 0 0 0 0 0 70 0 0 0 
0 0 0 0 0 0 0 10 0 0 
62 0 0 0 0 0 0 0 0 0 
0 38 0 0 0 0 0 0 0 0 
0 0 0 0 0 0 0 0 0 31 
9    3    2619    0.9    5238
0 0 0 0 0 0 0 0 32 0 
0 0 0 0 0 0 0 0 0 43 
37 0 0 0 0 0 0 0 0 0 
0 5 0 0 0 0 0 0 0 0 
0 0 85 0 0 0 0 0 0 0 
0 0 0 9 0 0 0 0 0 0 
0 0 0 0 59 0 0 0 0 0 
0 0 0 0 0 0 10 0 0 0 
0 0 0 0 0 0 0 3 0 0 
7    2    2604    0.6    5208
0 0 0 0 0 0 0 91 0 0 
26 0 0 0 0 0 0 0 0 0 
0 86 0 0 0 0 0 0 0 0 
0 0 64 0 0 0 0 0 0 0 
0 0 0 37 0 0 0 0 0 0 
0 0 0 0 76 0 0 0 0 0 
0 0 0 0 0 94 0 0 0 0 
7    2    3588    0.7    7176
100 0 0 0 0 0 0 0 0 0 
0 70 0 0 0 0 0 0 0 0 
0 0 0 0 0 0 0 0 0 93 
0 0 0 6 0 0 0 0 0 0 
0 0 0 0 47 0 0 0 0 0 
0 0 0 0 0 0 33 0 0 0 
0 0 0 0 0 0 0 47 0 0 
7    3    3207    0.7    6414
86 0 0 0 0 0 0 0 0 0 
0 0 0 57 0 0 0 0 0 0 
0 0 0 0 35 0 0 0 0 0 
0 0 0 0 0 7 0 0 0 0 
0 0 0 0 0 0 81 0 0 0 
0 0 0 0 0 0 0 93 0 0 
0 0 0 0 0 0 0 0 0 56 
6    0    2085    0.5    4170
0 0 0 39 0 0 0 0 0 0 
0 0 0 0 0 0 94 0 0 0 
0 0 0 0 0 0 0 84 0 0 
91 0 0 0 0 0 0 0 0 0 
0 89 0 0 0 0 0 0 0 0 
0 0 25 0 0 0 0 0 0 0 
7    3    2532    0.8    5064
0 0 0 95 0 0 0 0 0 0 
0 0 0 0 17 0 0 0 0 0 
0 0 0 0 0 0 0 0 0 9 
0 0 0 0 0 0 94 0 0 0 
0 0 0 0 0 0 0 51 0 0 
30 0 0 0 0 0 0 0 0 0 
0 12 0 0 0 0 0 0 0 0 
9    1    3642    0.4    7284
0 0 0 93 0 0 0 0 0 0 
0 0 0 0 25 0 0 0 0 0 
0 0 0 0 0 16 0 0 0 0 
0 0 0 0 0 0 0 91 0 0 
17 0 0 0 0 0 0 0 0 0 
0 55 0 0 0 0 0 0 0 0 
0 0 38 0 0 0 0 0 0 0 
0 0 0 0 0 0 0 0 100 0 
0 0 0 0 0 0 0 0 0 62 
8    2    3351    0.7    6702
69 0 0 0 0 0 0 0 0 0 
0 97 0 0 0 0 0 0 0 0 
0 0 1 0 0 0 0 0 0 0 
0 0 0 2 0 0 0 0 0 0 
0 0 0 0 25 0 0 0 0 0 
0 0 0 0 0 0 92 0 0 0 
0 0 0 0 0 0 0 62 0 0 
0 0 0 0 0 0 0 0 0 36 
8    1    3069    0.2    6138
99 0 0 0 0 0 0 0 0 0 
0 54 0 0 0 0 0 0 0 0 
0 0 28 0 0 0 0 0 0 0 
0 0 0 18 0 0 0 0 0 0 
0 0 0 0 81 0 0 0 0 0 
0 0 0 0 0 43 0 0 0 0 
0 0 0 0 0 0 70 0 0 0 
0 0 0 0 0 0 0 75 0 0 
7    2    3702    0.3    7404
0 0 0 74 0 0 0 0 0 0 
0 0 0 0 59 0 0 0 0 0 
0 0 0 0 0 0 0 68 0 0 
0 0 0 0 0 0 0 0 94 0 
0 0 0 0 0 0 0 0 0 69 
75 0 0 0 0 0 0 0 0 0 
0 80 0 0 0 0 0 0 0 0 
7    1    2781    0.1    5562
0 0 0 80 0 0 0 0 0 0 
0 0 0 0 55 0 0 0 0 0 
0 0 0 0 0 93 0 0 0 0 
0 0 0 0 0 0 0 65 0 0 
61 0 0 0 0 0 0 0 0 0 
0 6 0 0 0 0 0 0 0 0 
0 0 23 0 0 0 0 0 0 0 
8    0    2664    0.8    5328
0 0 0 3 0 0 0 0 0 0 
0 0 0 0 91 0 0 0 0 0 
0 0 0 0 0 86 0 0 0 0 
0 0 0 0 0 0 0 0 51 0 
0 0 0 0 0 0 0 0 0 77 
38 0 0 0 0 0 0 0 0 0 
0 31 0 0 0 0 0 0 0 0 
0 0 3 0 0 0 0 0 0 0 
5    2    771    0.8    1542
0 0 0 0 0 0 0 35 0 0 
11 0 0 0 0 0 0 0 0 0 
0 14 0 0 0 0 0 0 0 0 
0 0 0 13 0 0 0 0 0 0 
0 0 0 0 47 0 0 0 0 0 
7    2    1899    0.7    3798
0 0 0 58 0 0 0 0 0 0 
21 0 0 0 0 0 0 0 0 0 
0 4 0 0 0 0 0 0 0 0 
0 0 51 0 0 0 0 0 0 0 
0 0 0 0 0 0 0 40 0 0 
0 0 0 0 0 0 0 0 46 0 
0 0 0 0 0 0 0 0 0 11 
9    1    3939    0.8    7878
95 0 0 0 0 0 0 0 0 0 
0 72 0 0 0 0 0 0 0 0 
0 0 7 0 0 0 0 0 0 0 
0 0 0 41 0 0 0 0 0 0 
0 0 0 0 5 0 0 0 0 0 
0 0 0 0 0 76 0 0 0 0 
0 0 0 0 0 0 0 0 55 0 
0 0 0 0 0 0 0 0 0 30 
0 0 0 0 0 0 0 57 0 0 
8    2    1830    0.9    3660
0 0 0 0 0 0 0 0 0 27 
0 0 0 75 0 0 0 0 0 0 
0 0 0 0 17 0 0 0 0 0 
0 0 0 0 0 0 6 0 0 0 
0 0 0 0 0 0 0 8 0 0 
12 0 0 0 0 0 0 0 0 0 
0 62 0 0 0 0 0 0 0 0 
0 0 91 0 0 0 0 0 0 0 
7    2    3732    0.8    7464
0 0 0 58 0 0 0 0 0 0 
0 0 0 0 64 0 0 0 0 0 
0 0 0 0 0 49 0 0 0 0 
0 0 0 0 0 0 0 73 0 0 
0 0 0 0 0 0 0 0 0 89 
63 0 0 0 0 0 0 0 0 0 
0 83 0 0 0 0 0 0 0 0 
6    1    2028    0.9    4056
0 0 0 34 0 0 0 0 0 0 
0 0 0 0 21 0 0 0 0 0 
0 0 0 0 0 58 0 0 0 0 
64 0 0 0 0 0 0 0 0 0 
0 66 0 0 0 0 0 0 0 0 
0 0 0 0 0 0 0 0 0 48 
7    1    2022    0.2    4044
0 0 0 0 0 0 0 13 0 0 
0 0 0 32 0 0 0 0 0 0 
0 0 0 0 96 0 0 0 0 0 
0 0 0 0 0 0 0 0 0 71 
24 0 0 0 0 0 0 0 0 0 
0 51 0 0 0 0 0 0 0 0 
0 0 1 0 0 0 0 0 0 0 
7    0    1149    0.2    2298
0 0 0 1 0 0 0 0 0 0 
0 0 0 0 19 0 0 0 0 0 
53 0 0 0 0 0 0 0 0 0 
0 34 0 0 0 0 0 0 0 0 
0 0 35 0 0 0 0 0 0 0 
0 0 0 0 0 0 0 0 43 0 
0 0 0 0 0 0 0 0 0 13 
5    3    1359    0.7    2718
33 0 0 0 0 0 0 0 0 0 
0 8 0 0 0 0 0 0 0 0 
0 0 54 0 0 0 0 0 0 0 
0 0 0 45 0 0 0 0 0 0 
0 0 0 0 0 0 0 27 0 0 
7    0    2832    0.7    5664
0 0 0 0 0 0 0 0 22 0 
0 0 0 0 0 0 0 0 0 54 
0 0 0 0 0 0 17 0 0 0 
0 0 0 0 0 0 0 77 0 0 
93 0 0 0 0 0 0 0 0 0 
0 49 0 0 0 0 0 0 0 0 
0 0 0 32 0 0 0 0 0 0 
8    1    2892    0.9    5784
73 0 0 0 0 0 0 0 0 0 
0 90 0 0 0 0 0 0 0 0 
0 0 16 0 0 0 0 0 0 0 
0 0 0 0 0 0 50 0 0 0 
0 0 0 0 0 0 0 46 0 0 
0 0 0 28 0 0 0 0 0 0 
0 0 0 0 78 0 0 0 0 0 
0 0 0 0 0 100 0 0 0 0 
8    3    3627    0.3    7254
0 0 0 73 0 0 0 0 0 0 
0 0 0 0 100 0 0 0 0 0 
0 0 0 0 0 9 0 0 0 0 
47 0 0 0 0 0 0 0 0 0 
0 0 0 0 0 0 78 0 0 0 
0 0 0 0 0 0 0 31 0 0 
0 0 0 0 0 0 0 0 72 0 
0 0 0 0 0 0 0 0 0 14 
6    1    1794    0.8    3588
0 0 0 60 0 0 0 0 0 0 
50 0 0 0 0 0 0 0 0 0 
0 6 0 0 0 0 0 0 0 0 
0 0 64 0 0 0 0 0 0 0 
0 0 0 0 0 0 92 0 0 0 
0 0 0 0 0 0 0 50 0 0 
9    0    3831    0.5    7662
32 0 0 0 0 0 0 0 0 0 
0 8 0 0 0 0 0 0 0 0 
0 0 97 0 0 0 0 0 0 0 
0 0 0 62 0 0 0 0 0 0 
0 0 0 0 17 0 0 0 0 0 
0 0 0 0 0 0 83 0 0 0 
0 0 0 0 0 0 0 98 0 0 
0 0 0 0 0 0 0 0 43 0 
0 0 0 0 0 0 0 0 0 63 
7    0    1773    0.8    3546
0 0 0 0 0 0 0 0 0 29 
57 0 0 0 0 0 0 0 0 0 
0 75 0 0 0 0 0 0 0 0 
0 0 44 0 0 0 0 0 0 0 
0 0 0 16 0 0 0 0 0 0 
0 0 0 0 37 0 0 0 0 0 
0 0 0 0 0 63 0 0 0 0 
8    3    4260    0.5    8520
0 0 0 88 0 0 0 0 0 0 
0 0 0 0 55 0 0 0 0 0 
44 0 0 0 0 0 0 0 0 0 
0 97 0 0 0 0 0 0 0 0 
0 0 79 0 0 0 0 0 0 0 
0 0 0 0 0 0 0 0 11 0 
0 0 0 0 0 0 0 0 0 59 
0 0 0 0 0 0 0 3 0 0 
7    0    1545    0.6    3090
23 0 0 0 0 0 0 0 0 0 
0 34 0 0 0 0 0 0 0 0 
0 0 0 38 0 0 0 0 0 0 
0 0 0 0 53 0 0 0 0 0 
0 0 0 0 0 11 0 0 0 0 
0 0 0 0 0 0 34 0 0 0 
0 0 0 0 0 0 0 82 0 0 
7    2    2226    0.7    4452
0 0 0 0 0 0 80 0 0 0 
0 0 0 0 0 0 0 99 0 0 
0 0 0 0 0 0 0 0 14 0 
0 0 0 0 0 0 0 0 0 18 
10 0 0 0 0 0 0 0 0 0 
0 14 0 0 0 0 0 0 0 0 
0 0 85 0 0 0 0 0 0 0 
9    2    2424    0.2    4848
0 0 0 0 0 0 0 0 9 0 
0 0 0 0 0 0 0 0 0 29 
43 0 0 0 0 0 0 0 0 0 
0 2 0 0 0 0 0 0 0 0 
0 0 0 26 0 0 0 0 0 0 
0 0 0 0 92 0 0 0 0 0 
0 0 0 0 0 60 0 0 0 0 
0 0 0 0 0 0 63 0 0 0 
0 0 0 0 0 0 0 59 0 0 
8    0    1665    0.1    3330
0 0 0 0 0 0 0 0 0 8 
0 0 0 0 0 0 0 1 0 0 
0 0 0 21 0 0 0 0 0 0 
0 0 0 0 89 0 0 0 0 0 
0 0 0 0 0 66 0 0 0 0 
70 0 0 0 0 0 0 0 0 0 
0 3 0 0 0 0 0 0 0 0 
0 0 56 0 0 0 0 0 0 0 
9    1    3360    0.5    6720
62 0 0 0 0 0 0 0 0 0 
0 17 0 0 0 0 0 0 0 0 
0 0 56 0 0 0 0 0 0 0 
0 0 0 0 0 0 0 0 7 0 
0 0 0 0 0 0 0 0 0 56 
0 0 0 65 0 0 0 0 0 0 
0 0 0 0 59 0 0 0 0 0 
0 0 0 0 0 0 91 0 0 0 
0 0 0 0 0 0 0 1 0 0 
8    2    1653    0.7    3306
0 0 0 0 0 0 17 0 0 0 
0 0 0 0 0 0 0 33 0 0 
86 0 0 0 0 0 0 0 0 0 
0 26 0 0 0 0 0 0 0 0 
0 0 27 0 0 0 0 0 0 0 
0 0 0 1 0 0 0 0 0 0 
0 0 0 0 64 0 0 0 0 0 
0 0 0 0 0 17 0 0 0 0 
7    0    2142    0.9    4284
0 0 0 42 0 0 0 0 0 0 
0 0 0 0 10 0 0 0 0 0 
0 0 0 0 0 78 0 0 0 0 
0 0 0 0 0 0 0 87 0 0 
28 0 0 0 0 0 0 0 0 0 
0 56 0 0 0 0 0 0 0 0 
0 0 49 0 0 0 0 0 0 0 
6    1    2622    0.9    5244
0 0 0 0 0 0 0 75 0 0 
87 0 0 0 0 0 0 0 0 0 
0 67 0 0 0 0 0 0 0 0 
0 0 75 0 0 0 0 0 0 0 
0 0 0 0 0 0 0 0 58 0 
0 0 0 0 0 0 0 0 0 92 
6    3    2337    0.1    4674
76 0 0 0 0 0 0 0 0 0 
0 69 0 0 0 0 0 0 0 0 
0 0 0 0 0 0 0 0 62 0 
0 0 0 0 0 0 0 0 0 42 
0 0 0 42 0 0 0 0 0 0 
0 0 0 0 53 0 0 0 0 0 
6    3    2328    0.3    4656
67 0 0 0 0 0 0 0 0 0 
0 11 0 0 0 0 0 0 0 0 
0 0 0 0 0 0 43 0 0 0 
0 0 0 0 0 0 0 51 0 0 
0 0 0 49 0 0 0 0 0 0 
0 0 0 0 0 0 0 0 0 55 
9    3    2895    0.1    5790
0 0 0 0 0 0 0 0 67 0 
0 0 0 0 0 0 0 0 0 41 
0 0 0 0 0 0 0 19 0 0 
8 0 0 0 0 0 0 0 0 0 
0 94 0 0 0 0 0 0 0 0 
0 0 74 0 0 0 0 0 0 0 
0 0 0 52 0 0 0 0 0 0 
0 0 0 0 28 0 0 0 0 0 
0 0 0 0 0 2 0 0 0 0 
8    1    4206    0.9    8412
85 0 0 0 0 0 0 0 0 0 
0 98 0 0 0 0 0 0 0 0 
0 0 0 66 0 0 0 0 0 0 
0 0 0 0 47 0 0 0 0 0 
0 0 0 0 0 28 0 0 0 0 
0 0 0 0 0 0 0 41 0 0 
0 0 0 0 0 0 0 0 75 0 
0 0 0 0 0 0 0 0 0 66 
5    3    1188    0.7    2376
19 0 0 0 0 0 0 0 0 0 
0 16 0 0 0 0 0 0 0 0 
0 0 0 0 0 0 0 82 0 0 
0 0 0 0 0 0 0 0 70 0 
0 0 0 0 0 0 0 0 0 31 
9    3    3849    0.1    7698
0 0 0 0 0 0 0 89 0 0 
0 0 0 69 0 0 0 0 0 0 
0 0 0 0 73 0 0 0 0 0 
0 0 0 0 0 37 0 0 0 0 
15 0 0 0 0 0 0 0 0 0 
0 31 0 0 0 0 0 0 0 0 
0 0 98 0 0 0 0 0 0 0 
0 0 0 0 0 0 0 0 36 0 
0 0 0 0 0 0 0 0 0 37 
8    1    2775    0.1    5550
0 0 0 47 0 0 0 0 0 0 
0 0 0 0 55 0 0 0 0 0 
0 0 0 0 0 26 0 0 0 0 
0 0 0 0 0 0 0 0 0 31 
0 0 0 0 0 0 10 0 0 0 
0 0 0 0 0 0 0 51 0 0 
95 0 0 0 0 0 0 0 0 0 
0 66 0 0 0 0 0 0 0 0 
7    1    4092    0.1    8184
0 0 0 67 0 0 0 0 0 0 
0 0 0 0 53 0 0 0 0 0 
0 0 0 0 0 98 0 0 0 0 
0 0 0 0 0 0 0 0 0 47 
0 0 0 0 0 0 67 0 0 0 
0 0 0 0 0 0 0 70 0 0 
40 0 0 0 0 0 0 0 0 0 
5    0    1431    0.9    2862
0 0 0 50 0 0 0 0 0 0 
0 0 0 0 0 0 48 0 0 0 
0 0 0 0 0 0 0 78 0 0 
17 0 0 0 0 0 0 0 0 0 
0 25 0 0 0 0 0 0 0 0 
7    1    2499    0.6    4998
0 0 0 7 0 0 0 0 0 0 
0 0 0 0 0 0 0 0 12 0 
0 0 0 0 0 0 0 0 0 100 
0 0 0 0 0 0 79 0 0 0 
0 0 0 0 0 0 0 84 0 0 
31 0 0 0 0 0 0 0 0 0 
0 75 0 0 0 0 0 0 0 0 
6    0    1761    0.4    3522
0 0 0 70 0 0 0 0 0 0 
0 0 0 0 59 0 0 0 0 0 
0 0 0 0 0 91 0 0 0 0 
6 0 0 0 0 0 0 0 0 0 
0 55 0 0 0 0 0 0 0 0 
0 0 49 0 0 0 0 0 0 0 
9    3    3495    0.4    6990
37 0 0 0 0 0 0 0 0 0 
0 20 0 0 0 0 0 0 0 0 
0 0 0 0 0 0 0 0 86 0 
0 0 0 0 0 0 0 0 0 64 
0 0 0 0 0 0 10 0 0 0 
0 0 0 0 0 0 0 98 0 0 
0 0 0 100 0 0 0 0 0 0 
0 0 0 0 22 0 0 0 0 0 
0 0 0 0 0 94 0 0 0 0 
6    1    1995    0.6    3990
65 0 0 0 0 0 0 0 0 0 
0 78 0 0 0 0 0 0 0 0 
0 0 0 0 0 0 0 0 0 50 
0 0 0 42 0 0 0 0 0 0 
0 0 0 0 16 0 0 0 0 0 
0 0 0 0 0 23 0 0 0 0 
9    2    3387    0.3    6774
0 0 0 0 0 0 0 0 0 44 
0 0 0 0 0 0 79 0 0 0 
0 0 0 0 0 0 0 99 0 0 
3 0 0 0 0 0 0 0 0 0 
0 49 0 0 0 0 0 0 0 0 
0 0 20 0 0 0 0 0 0 0 
0 0 0 86 0 0 0 0 0 0 
0 0 0 0 78 0 0 0 0 0 
0 0 0 0 0 69 0 0 0 0 
5    2    1788    0.1    3576
0 0 0 0 0 0 0 0 0 24 
98 0 0 0 0 0 0 0 0 0 
0 6 0 0 0 0 0 0 0 0 
0 0 0 36 0 0 0 0 0 0 
0 0 0 0 0 0 0 73 0 0 
5    2    825    0.2    1650
0 0 0 0 0 0 0 0 18 0 
0 0 0 0 0 0 0 0 0 13 
1 0 0 0 0 0 0 0 0 0 
0 65 0 0 0 0 0 0 0 0 
0 0 0 14 0 0 0 0 0 0 
5    0    1674    0.7    3348
37 0 0 0 0 0 0 0 0 0 
0 37 0 0 0 0 0 0 0 0 
0 0 0 0 0 0 63 0 0 0 
0 0 0 0 0 0 0 52 0 0 
0 0 0 51 0 0 0 0 0 0 
7    2    2226    0.2    4452
0 0 0 0 0 0 0 58 0 0 
49 0 0 0 0 0 0 0 0 0 
0 0 0 0 0 0 0 0 42 0 
0 0 0 0 0 0 0 0 0 57 
0 0 0 22 0 0 0 0 0 0 
0 0 0 0 61 0 0 0 0 0 
0 0 0 0 0 41 0 0 0 0 
9    3    2817    0.9    5634
0 0 0 0 0 0 0 0 12 0 
0 0 0 0 0 0 0 0 0 69 
0 0 0 4 0 0 0 0 0 0 
0 0 0 0 40 0 0 0 0 0 
0 0 0 0 0 0 100 0 0 0 
0 0 0 0 0 0 0 67 0 0 
5 0 0 0 0 0 0 0 0 0 
0 99 0 0 0 0 0 0 0 0 
0 0 12 0 0 0 0 0 0 0 
7    1    1497    0.7    2994
11 0 0 0 0 0 0 0 0 0 
0 90 0 0 0 0 0 0 0 0 
0 0 10 0 0 0 0 0 0 0 
0 0 0 0 0 0 0 0 0 3 
0 0 0 35 0 0 0 0 0 0 
0 0 0 0 70 0 0 0 0 0 
0 0 0 0 0 14 0 0 0 0 
7    1    2562    0.3    5124
0 0 0 60 0 0 0 0 0 0 
0 0 0 0 33 0 0 0 0 0 
0 0 0 0 0 57 0 0 0 0 
0 0 0 0 0 0 0 0 0 2 
21 0 0 0 0 0 0 0 0 0 
0 83 0 0 0 0 0 0 0 0 
0 0 0 0 0 0 0 3 0 0 
9    2    3951    0.4    7902
0 0 0 83 0 0 0 0 0 0 
0 0 0 0 41 0 0 0 0 0 
0 0 0 0 0 49 0 0 0 0 
52 0 0 0 0 0 0 0 0 0 
0 43 0 0 0 0 0 0 0 0 
0 0 58 0 0 0 0 0 0 0 
0 0 0 0 0 0 0 0 0 6 
0 0 0 0 0 0 9 0 0 0 
0 0 0 0 0 0 0 100 0 0 
8    2    3537    0.3    7074
71 0 0 0 0 0 0 0 0 0 
0 32 0 0 0 0 0 0 0 0 
0 0 21 0 0 0 0 0 0 0 
0 0 0 0 0 0 0 0 0 78 
0 0 0 87 0 0 0 0 0 0 
0 0 0 0 37 0 0 0 0 0 
0 0 0 0 0 0 87 0 0 0 
0 0 0 0 0 0 0 63 0 0 
7    2    1608    0.1    3216
0 0 0 0 0 0 0 0 31 0 
0 0 0 0 0 0 0 0 0 56 
0 0 0 0 0 0 0 21 0 0 
6 0 0 0 0 0 0 0 0 0 
0 0 0 7 0 0 0 0 0 0 
0 0 0 0 28 0 0 0 0 0 
0 0 0 0 0 36 0 0 0 0 
8    2    3867    0.4    7734
64 0 0 0 0 0 0 0 0 0 
0 58 0 0 0 0 0 0 0 0 
0 0 80 0 0 0 0 0 0 0 
0 0 0 0 0 0 0 0 93 0 
0 0 0 0 0 0 0 0 0 24 
0 0 0 0 0 0 0 4 0 0 
0 0 0 16 0 0 0 0 0 0 
0 0 0 0 51 0 0 0 0 0 
7    2    2154    0.8    4308
0 0 0 0 0 0 87 0 0 0 
0 0 0 0 0 0 0 54 0 0 
0 0 0 0 0 0 0 0 11 0 
0 0 0 0 0 0 0 0 0 35 
89 0 0 0 0 0 0 0 0 0 
0 32 0 0 0 0 0 0 0 0 
0 0 65 0 0 0 0 0 0 0 
8    3    2475    0.2    4950
0 0 0 78 0 0 0 0 0 0 
0 0 0 0 68 0 0 0 0 0 
0 0 0 0 0 11 0 0 0 0 
0 0 0 0 0 0 0 0 69 0 
0 0 0 0 0 0 0 0 0 46 
71 0 0 0 0 0 0 0 0 0 
0 32 0 0 0 0 0 0 0 0 
0 0 1 0 0 0 0 0 0 0 
9    3    4221    0.4    8442
0 0 0 62 0 0 0 0 0 0 
0 0 0 0 50 0 0 0 0 0 
0 0 0 0 0 88 0 0 0 0 
0 0 0 0 0 0 0 0 50 0 
0 0 0 0 0 0 0 0 0 94 
28 0 0 0 0 0 0 0 0 0 
0 3 0 0 0 0 0 0 0 0 
0 0 0 0 0 0 67 0 0 0 
0 0 0 0 0 0 0 9 0 0 
6    0    2244    0.7    4488
0 0 0 0 0 0 0 0 0 48 
0 0 0 0 0 0 0 43 0 0 
0 0 0 29 0 0 0 0 0 0 
0 0 0 0 18 0 0 0 0 0 
0 0 0 0 0 97 0 0 0 0 
100 0 0 0 0 0 0 0 0 0 
5    0    1035    0.7    2070
46 0 0 0 0 0 0 0 0 0 
0 0 0 0 0 0 7 0 0 0 
0 0 0 0 0 0 0 18 0 0 
0 0 0 52 0 0 0 0 0 0 
0 0 0 0 79 0 0 0 0 0 
9    2    3753    0.3    7506
0 0 0 0 0 0 0 0 50 0 
0 0 0 0 0 0 0 0 0 80 
0 0 0 0 0 0 51 0 0 0 
0 0 0 0 0 0 0 94 0 0 
0 0 0 57 0 0 0 0 0 0 
0 0 0 0 40 0 0 0 0 0 
14 0 0 0 0 0 0 0 0 0 
0 11 0 0 0 0 0 0 0 0 
0 0 38 0 0 0 0 0 0 0 
8    0    3411    0.8    6822
0 0 0 0 0 0 24 0 0 0 
0 0 0 0 0 0 0 76 0 0 
59 0 0 0 0 0 0 0 0 0 
0 2 0 0 0 0 0 0 0 0 
0 0 71 0 0 0 0 0 0 0 
0 0 0 0 0 0 0 0 69 0 
0 0 0 0 0 0 0 0 0 42 
0 0 0 78 0 0 0 0 0 0 
9    3    3216    0.5    6432
0 0 0 0 0 0 61 0 0 0 
0 0 0 0 0 0 0 58 0 0 
0 0 0 0 0 0 0 0 45 0 
0 0 0 0 0 0 0 0 0 5 
0 0 0 68 0 0 0 0 0 0 
0 0 0 0 83 0 0 0 0 0 
71 0 0 0 0 0 0 0 0 0 
0 6 0 0 0 0 0 0 0 0 
0 0 35 0 0 0 0 0 0 0 
9    0    3357    0.4    6714
0 0 0 0 0 0 0 5 0 0 
0 0 0 72 0 0 0 0 0 0 
0 0 0 0 52 0 0 0 0 0 
0 0 0 0 0 86 0 0 0 0 
0 0 0 0 0 0 0 0 79 0 
0 0 0 0 0 0 0 0 0 57 
28 0 0 0 0 0 0 0 0 0 
0 98 0 0 0 0 0 0 0 0 
0 0 51 0 0 0 0 0 0 0 
7    0    2892    0.6    5784
0 0 0 81 0 0 0 0 0 0 
0 0 0 0 53 0 0 0 0 0 
0 0 0 0 0 0 0 0 0 74 
0 0 0 0 0 0 45 0 0 0 
0 0 0 0 0 0 0 28 0 0 
22 0 0 0 0 0 0 0 0 0 
0 1 0 0 0 0 0 0 0 0 
5    3    1665    0.6    3330
0 0 0 65 0 0 0 0 0 0 
0 0 0 0 32 0 0 0 0 0 
0 0 0 0 0 0 0 0 73 0 
0 0 0 0 0 0 0 0 0 25 
48 0 0 0 0 0 0 0 0 0 
9    3    5196    0.6    10392
0 0 0 59 0 0 0 0 0 0 
0 0 0 0 70 0 0 0 0 0 
0 0 0 0 0 67 0 0 0 0 
49 0 0 0 0 0 0 0 0 0 
0 96 0 0 0 0 0 0 0 0 
0 0 34 0 0 0 0 0 0 0 
0 0 0 0 0 0 99 0 0 0 
0 0 0 0 0 0 0 42 0 0 
0 0 0 0 0 0 0 0 0 93 
7    0    2745    0.7    5490
0 0 0 0 0 0 0 0 0 46 
0 0 0 0 0 0 62 0 0 0 
0 0 0 0 0 0 0 84 0 0 
0 0 0 61 0 0 0 0 0 0 
0 0 0 0 25 0 0 0 0 0 
35 0 0 0 0 0 0 0 0 0 
0 47 0 0 0 0 0 0 0 0 
8    1    4713    0.3    9426
0 0 0 0 0 0 0 0 69 0 
0 0 0 0 0 0 0 0 0 69 
12 0 0 0 0 0 0 0 0 0 
0 95 0 0 0 0 0 0 0 0 
0 0 69 0 0 0 0 0 0 0 
0 0 0 93 0 0 0 0 0 0 
0 0 0 0 96 0 0 0 0 0 
0 0 0 0 0 0 0 70 0 0 
6    1    2331    0.2    4662
0 0 0 3 0 0 0 0 0 0 
24 0 0 0 0 0 0 0 0 0 
0 90 0 0 0 0 0 0 0 0 
0 0 0 0 0 0 96 0 0 0 
0 0 0 0 0 0 0 85 0 0 
0 0 0 0 0 0 0 0 0 25 
9    0    3606    0.9    7212
0 0 0 35 0 0 0 0 0 0 
0 0 0 0 18 0 0 0 0 0 
0 0 0 0 0 93 0 0 0 0 
0 0 0 0 0 0 0 12 0 0 
75 0 0 0 0 0 0 0 0 0 
0 56 0 0 0 0 0 0 0 0 
0 0 93 0 0 0 0 0 0 0 
0 0 0 0 0 0 0 0 96 0 
0 0 0 0 0 0 0 0 0 15 
5    3    1491    0.6    2982
97 0 0 0 0 0 0 0 0 0 
0 0 0 32 0 0 0 0 0 0 
0 0 0 0 41 0 0 0 0 0 
0 0 0 0 0 0 0 0 21 0 
0 0 0 0 0 0 0 0 0 10 
9    0    4119    0.3    8238
0 0 0 0 0 0 19 0 0 0 
0 0 0 0 0 0 0 99 0 0 
89 0 0 0 0 0 0 0 0 0 
0 5 0 0 0 0 0 0 0 0 
0 0 63 0 0 0 0 0 0 0 
0 0 0 69 0 0 0 0 0 0 
0 0 0 0 48 0 0 0 0 0 
0 0 0 0 0 0 0 0 79 0 
0 0 0 0 0 0 0 0 0 88 
7    3    2958    0.1    5916
0 0 0 0 0 0 0 0 85 0 
0 0 0 0 0 0 0 0 0 10 
92 0 0 0 0 0 0 0 0 0 
0 0 0 0 0 0 0 90 0 0 
0 0 0 51 0 0 0 0 0 0 
0 0 0 0 38 0 0 0 0 0 
0 0 0 0 0 15 0 0 0 0 
5    2    1326    0.3    2652
0 0 0 28 0 0 0 0 0 0 
0 0 0 0 31 0 0 0 0 0 
42 0 0 0 0 0 0 0 0 0 
0 0 0 0 0 0 0 0 0 7 
0 0 0 0 0 0 0 21 0 0 
7    0    3825    0.2    7650
0 0 0 0 0 0 0 96 0 0 
0 0 0 0 0 0 0 0 87 0 
0 0 0 0 0 0 0 0 0 42 
0 0 0 73 0 0 0 0 0 0 
0 0 0 0 69 0 0 0 0 0 
0 0 0 0 0 83 0 0 0 0 
22 0 0 0 0 0 0 0 0 0 
6    3    1305    0.7    2610
0 0 0 5 0 0 0 0 0 0 
0 0 0 0 0 0 0 0 39 0 
0 0 0 0 0 0 0 0 0 59 
35 0 0 0 0 0 0 0 0 0 
0 70 0 0 0 0 0 0 0 0 
0 0 99 0 0 0 0 0 0 0 
5    3    1458    0.8    2916
63 0 0 0 0 0 0 0 0 0 
0 39 0 0 0 0 0 0 0 0 
0 0 62 0 0 0 0 0 0 0 
0 0 0 0 0 0 8 0 0 0 
0 0 0 0 0 0 0 99 0 0 
8    0    2142    0.9    4284
49 0 0 0 0 0 0 0 0 0 
0 60 0 0 0 0 0 0 0 0 
0 0 2 0 0 0 0 0 0 0 
0 0 0 0 0 0 0 47 0 0 
0 0 0 9 0 0 0 0 0 0 
0 0 0 0 13 0 0 0 0 0 
0 0 0 0 0 0 0 0 44 0 
0 0 0 0 0 0 0 0 0 12 
5    2    1704    0.4    3408
0 0 0 67 0 0 0 0 0 0 
0 0 0 0 10 0 0 0 0 0 
0 0 0 0 0 0 0 76 0 0 
78 0 0 0 0 0 0 0 0 0 
0 74 0 0 0 0 0 0 0 0 
7    3    2910    0.2    5820
0 0 0 80 0 0 0 0 0 0 
0 0 0 0 92 0 0 0 0 0 
0 0 0 0 0 35 0 0 0 0 
0 0 0 0 0 0 0 0 0 96 
11 0 0 0 0 0 0 0 0 0 
0 54 0 0 0 0 0 0 0 0 
0 0 72 0 0 0 0 0 0 0 
9    2    2961    0.4    5922
0 0 0 0 0 0 45 0 0 0 
0 0 0 0 0 0 0 58 0 0 
4 0 0 0 0 0 0 0 0 0 
0 27 0 0 0 0 0 0 0 0 
0 0 53 0 0 0 0 0 0 0 
0 0 0 0 0 0 0 0 0 37 
0 0 0 37 0 0 0 0 0 0 
0 0 0 0 98 0 0 0 0 0 
0 0 0 0 0 73 0 0 0 0 
6    0    2946    0.5    5892
88 0 0 0 0 0 0 0 0 0 
0 0 0 0 0 0 87 0 0 0 
0 0 0 0 0 0 0 55 0 0 
0 0 0 0 0 0 0 0 0 28 
0 0 0 56 0 0 0 0 0 0 
0 0 0 0 66 0 0 0 0 0 
9    3    2697    0.1    5394
0 0 0 0 0 0 0 0 9 0 
0 0 0 0 0 0 0 0 0 65 
0 0 0 25 0 0 0 0 0 0 
0 0 0 0 58 0 0 0 0 0 
0 0 0 0 0 59 0 0 0 0 
0 0 0 0 0 0 11 0 0 0 
0 0 0 0 0 0 0 16 0 0 
2 0 0 0 0 0 0 0 0 0 
0 88 0 0 0 0 0 0 0 0 
8    0    3477    0.8    6954
0 0 0 21 0 0 0 0 0 0 
82 0 0 0 0 0 0 0 0 0 
0 81 0 0 0 0 0 0 0 0 
0 0 52 0 0 0 0 0 0 0 
0 0 0 0 0 0 99 0 0 0 
0 0 0 0 0 0 0 74 0 0 
0 0 0 0 0 0 0 0 29 0 
0 0 0 0 0 0 0 0 0 19 
7    0    2745    0.6    5490
0 0 0 0 0 0 0 0 87 0 
0 0 0 0 0 0 0 0 0 21 
0 0 0 0 0 0 45 0 0 0 
0 0 0 0 0 0 0 20 0 0 
0 0 0 32 0 0 0 0 0 0 
0 0 0 0 90 0 0 0 0 0 
5 0 0 0 0 0 0 0 0 0 
9    3    3459    0.4    6918
0 0 0 66 0 0 0 0 0 0 
0 0 0 0 91 0 0 0 0 0 
0 0 0 0 0 14 0 0 0 0 
0 0 0 0 0 0 0 0 23 0 
0 0 0 0 0 0 0 0 0 64 
40 0 0 0 0 0 0 0 0 0 
0 22 0 0 0 0 0 0 0 0 
0 0 0 0 0 0 35 0 0 0 
0 0 0 0 0 0 0 12 0 0 
6    1    1209    0.5    2418
0 0 0 8 0 0 0 0 0 0 
0 0 0 0 0 0 0 0 0 46 
26 0 0 0 0 0 0 0 0 0 
0 49 0 0 0 0 0 0 0 0 
0 0 0 0 0 0 16 0 0 0 
0 0 0 0 0 0 0 30 0 0 
6    2    2238    0.5    4476
67 0 0 0 0 0 0 0 0 0 
0 97 0 0 0 0 0 0 0 0 
0 0 0 31 0 0 0 0 0 0 
0 0 0 0 15 0 0 0 0 0 
0 0 0 0 0 0 0 0 92 0 
0 0 0 0 0 0 0 0 0 41 
8    0    2337    0.3    4674
0 0 0 0 0 0 31 0 0 0 
0 0 0 0 0 0 0 22 0 0 
0 0 0 2 0 0 0 0 0 0 
28 0 0 0 0 0 0 0 0 0 
0 67 0 0 0 0 0 0 0 0 
0 0 99 0 0 0 0 0 0 0 
0 0 0 0 0 0 0 0 81 0 
0 0 0 0 0 0 0 0 0 63 
6    0    2106    0.1    4212
86 0 0 0 0 0 0 0 0 0 
0 0 0 0 0 0 75 0 0 0 
0 0 0 0 0 0 0 5 0 0 
0 0 0 76 0 0 0 0 0 0 
0 0 0 0 87 0 0 0 0 0 
0 0 0 0 0 75 0 0 0 0 
9    1    4551    0.8    9102
0 0 0 0 0 0 0 0 94 0 
0 0 0 0 0 0 0 0 0 13 
0 0 0 48 0 0 0 0 0 0 
0 0 0 0 89 0 0 0 0 0 
0 0 0 0 0 83 0 0 0 0 
2 0 0 0 0 0 0 0 0 0 
0 71 0 0 0 0 0 0 0 0 
0 0 86 0 0 0 0 0 0 0 
0 0 0 0 0 0 0 69 0 0 
5    2    894    0.4    1788
0 0 0 0 0 0 0 49 0 0 
0 0 0 27 0 0 0 0 0 0 
0 0 0 0 31 0 0 0 0 0 
6 0 0 0 0 0 0 0 0 0 
0 9 0 0 0 0 0 0 0 0 
6    2    1728    0.5    3456
0 0 0 39 0 0 0 0 0 0 
51 0 0 0 0 0 0 0 0 0 
0 74 0 0 0 0 0 0 0 0 
0 0 30 0 0 0 0 0 0 0 
0 0 0 0 0 0 0 0 32 0 
0 0 0 0 0 0 0 0 0 81 
7    3    2280    0.1    4560
0 0 0 0 0 0 97 0 0 0 
0 0 0 0 0 0 0 22 0 0 
0 0 0 74 0 0 0 0 0 0 
0 0 0 0 10 0 0 0 0 0 
90 0 0 0 0 0 0 0 0 0 
0 65 0 0 0 0 0 0 0 0 
0 0 51 0 0 0 0 0 0 0 
8    0    2538    0.1    5076
0 0 0 44 0 0 0 0 0 0 
0 0 0 0 13 0 0 0 0 0 
0 0 0 0 0 46 0 0 0 0 
0 0 0 0 0 0 26 0 0 0 
0 0 0 0 0 0 0 42 0 0 
15 0 0 0 0 0 0 0 0 0 
0 79 0 0 0 0 0 0 0 0 
0 0 0 0 0 0 0 0 0 19 
6    2    2373    0.7    4746
91 0 0 0 0 0 0 0 0 0 
0 30 0 0 0 0 0 0 0 0 
0 0 71 0 0 0 0 0 0 0 
0 0 0 0 0 0 0 0 0 3 
0 0 0 55 0 0 0 0 0 0 
0 0 0 0 99 0 0 0 0 0 
5    1    2409    0.7    4818
68 0 0 0 0 0 0 0 0 0 
0 23 0 0 0 0 0 0 0 0 
0 0 75 0 0 0 0 0 0 0 
0 0 0 94 0 0 0 0 0 0 
0 0 0 0 0 0 0 0 0 93 
6    3    1839    0.7    3678
0 0 0 0 0 0 0 0 0 19 
0 0 0 0 0 0 85 0 0 0 
0 0 0 0 0 0 0 91 0 0 
67 0 0 0 0 0 0 0 0 0 
0 85 0 0 0 0 0 0 0 0 
0 0 10 0 0 0 0 0 0 0 
5    2    1788    0.9    3576
77 0 0 0 0 0 0 0 0 0 
0 0 0 0 0 0 0 56 0 0 
0 0 0 67 0 0 0 0 0 0 
0 0 0 0 65 0 0 0 0 0 
0 0 0 0 0 95 0 0 0 0 
7    2    2826    0.4    5652
0 0 0 94 0 0 0 0 0 0 
0 0 0 0 38 0 0 0 0 0 
0 0 0 0 0 62 0 0 0 0 
0 0 0 0 0 0 0 85 0 0 
2 0 0 0 0 0 0 0 0 0 
0 93 0 0 0 0 0 0 0 0 
0 0 62 0 0 0 0 0 0 0 
9    3    4083    0.9    8166
0 0 0 0 0 0 0 0 99 0 
0 0 0 0 0 0 0 0 0 11 
0 0 0 59 0 0 0 0 0 0 
0 0 0 0 82 0 0 0 0 0 
0 0 0 0 0 58 0 0 0 0 
0 0 0 0 0 0 0 54 0 0 
90 0 0 0 0 0 0 0 0 0 
0 29 0 0 0 0 0 0 0 0 
0 0 64 0 0 0 0 0 0 0 
7    0    2430    0.5    4860
0 0 0 62 0 0 0 0 0 0 
0 0 0 0 0 0 0 0 0 59 
0 0 0 0 0 0 80 0 0 0 
0 0 0 0 0 0 0 35 0 0 
11 0 0 0 0 0 0 0 0 0 
0 63 0 0 0 0 0 0 0 0 
0 0 44 0 0 0 0 0 0 0 
6    2    2538    0.7    5076
0 0 0 0 0 0 0 85 0 0 
44 0 0 0 0 0 0 0 0 0 
0 0 0 0 0 0 0 0 0 81 
0 0 0 44 0 0 0 0 0 0 
0 0 0 0 30 0 0 0 0 0 
0 0 0 0 0 97 0 0 0 0 
8    0    3171    0.8    6342
91 0 0 0 0 0 0 0 0 0 
0 11 0 0 0 0 0 0 0 0 
0 0 0 46 0 0 0 0 0 0 
0 0 0 0 28 0 0 0 0 0 
0 0 0 0 0 25 0 0 0 0 
0 0 0 0 0 0 0 94 0 0 
0 0 0 0 0 0 0 0 71 0 
0 0 0 0 0 0 0 0 0 69 
9    0    4626    0.7    9252
0 0 0 0 0 0 0 0 98 0 
0 0 0 0 0 0 0 0 0 25 
65 0 0 0 0 0 0 0 0 0 
0 55 0 0 0 0 0 0 0 0 
0 0 0 63 0 0 0 0 0 0 
0 0 0 0 93 0 0 0 0 0 
0 0 0 0 0 75 0 0 0 0 
0 0 0 0 0 0 94 0 0 0 
0 0 0 0 0 0 0 91 0 0 
6    1    1377    0.8    2754
0 0 0 0 0 0 23 0 0 0 
0 0 0 0 0 0 0 28 0 0 
6 0 0 0 0 0 0 0 0 0 
0 89 0 0 0 0 0 0 0 0 
0 0 0 20 0 0 0 0 0 0 
0 0 0 0 67 0 0 0 0 0 
5    2    1698    0.8    3396
36 0 0 0 0 0 0 0 0 0 
0 88 0 0 0 0 0 0 0 0 
0 0 0 0 0 0 0 0 0 32 
0 0 0 0 0 0 60 0 0 0 
0 0 0 0 0 0 0 19 0 0 
7    3    2172    0.9    4344
32 0 0 0 0 0 0 0 0 0 
0 37 0 0 0 0 0 0 0 0 
0 0 23 0 0 0 0 0 0 0 
0 0 0 43 0 0 0 0 0 0 
0 0 0 0 0 0 0 13 0 0 
0 0 0 0 0 0 0 0 99 0 
0 0 0 0 0 0 0 0 0 78 
9    0    3426    0.4    6852
0 0 0 68 0 0 0 0 0 0 
0 0 0 0 14 0 0 0 0 0 
0 0 0 0 0 85 0 0 0 0 
0 0 0 0 0 0 60 0 0 0 
0 0 0 0 0 0 0 10 0 0 
0 0 0 0 0 0 0 0 0 25 
16 0 0 0 0 0 0 0 0 0 
0 87 0 0 0 0 0 0 0 0 
0 0 94 0 0 0 0 0 0 0 
7    2    2793    0.5    5586
0 0 0 29 0 0 0 0 0 0 
0 0 0 0 63 0 0 0 0 0 
82 0 0 0 0 0 0 0 0 0 
0 78 0 0 0 0 0 0 0 0 
0 0 64 0 0 0 0 0 0 0 
0 0 0 0 0 0 0 0 71 0 
0 0 0 0 0 0 0 0 0 100 
8    2    2121    0.2    4242
32 0 0 0 0 0 0 0 0 0 
0 2 0 0 0 0 0 0 0 0 
0 0 97 0 0 0 0 0 0 0 
0 0 0 0 0 0 47 0 0 0 
0 0 0 0 0 0 0 16 0 0 
0 0 0 85 0 0 0 0 0 0 
0 0 0 0 50 0 0 0 0 0 
0 0 0 0 0 24 0 0 0 0 
5    3    1689    0.1    3378
0 0 0 0 0 0 0 0 82 0 
0 0 0 0 0 0 0 0 0 8 
0 0 0 91 0 0 0 0 0 0 
0 0 0 0 28 0 0 0 0 0 
22 0 0 0 0 0 0 0 0 0 
7    2    2856    0.8    5712
46 0 0 0 0 0 0 0 0 0 
0 74 0 0 0 0 0 0 0 0 
0 0 81 0 0 0 0 0 0 0 
0 0 0 0 0 0 36 0 0 0 
0 0 0 0 0 0 0 22 0 0 
0 0 0 99 0 0 0 0 0 0 
0 0 0 0 79 0 0 0 0 0 
8    0    3369    0.9    6738
0 0 0 43 0 0 0 0 0 0 
0 0 0 0 73 0 0 0 0 0 
0 0 0 0 0 10 0 0 0 0 
0 0 0 0 0 0 0 86 0 0 
42 0 0 0 0 0 0 0 0 0 
0 22 0 0 0 0 0 0 0 0 
0 0 92 0 0 0 0 0 0 0 
0 0 0 0 0 0 0 0 0 26 
5    1    1302    0.4    2604
0 0 0 0 0 0 48 0 0 0 
0 0 0 0 0 0 0 12 0 0 
5 0 0 0 0 0 0 0 0 0 
0 0 0 27 0 0 0 0 0 0 
0 0 0 0 0 0 0 0 0 96 
6    3    2256    0.5    4512
0 0 0 0 0 0 0 32 0 0 
95 0 0 0 0 0 0 0 0 0 
0 81 0 0 0 0 0 0 0 0 
0 0 58 0 0 0 0 0 0 0 
0 0 0 0 0 0 0 0 80 0 
0 0 0 0 0 0 0 0 0 79 
5    0    2352    0.6    4704
73 0 0 0 0 0 0 0 0 0 
0 71 0 0 0 0 0 0 0 0 
0 0 0 0 0 0 0 91 0 0 
0 0 0 60 0 0 0 0 0 0 
0 0 0 0 55 0 0 0 0 0 
8    3    2142    0.6    4284
0 0 0 0 0 0 0 0 100 0 
0 0 0 0 0 0 0 0 0 6 
0 0 0 8 0 0 0 0 0 0 
0 0 0 0 80 0 0 0 0 0 
0 0 0 0 0 50 0 0 0 0 
40 0 0 0 0 0 0 0 0 0 
0 34 0 0 0 0 0 0 0 0 
0 0 4 0 0 0 0 0 0 0 
8    3    3537    0.8    7074
0 0 0 0 0 0 0 72 0 0 
0 0 0 0 0 0 0 0 86 0 
0 0 0 0 0 0 0 0 0 75 
0 0 0 75 0 0 0 0 0 0 
0 0 0 0 28 0 0 0 0 0 
0 0 0 0 0 46 0 0 0 0 
62 0 0 0 0 0 0 0 0 0 
0 16 0 0 0 0 0 0 0 0 
6    0    2010    0.2    4020
10 0 0 0 0 0 0 0 0 0 
0 66 0 0 0 0 0 0 0 0 
0 0 57 0 0 0 0 0 0 0 
0 0 0 81 0 0 0 0 0 0 
0 0 0 0 0 0 63 0 0 0 
0 0 0 0 0 0 0 3 0 0 
