machine1:0,40,32,37,3,9,26,4,24,13,19,7,30,2,15,6,21,39,31,29,14,5,34,16,23,11,10,28,17,1,33,27,12,36,35,25,38,20,22,18,8,
machine2:0,40,32,37,3,9,26,4,24,13,19,7,30,2,15,6,21,39,31,29,14,5,34,16,23,11,10,28,17,1,33,27,12,36,35,25,38,20,22,18,8,
machine3:0,40,32,37,3,9,26,4,24,13,19,7,30,2,15,6,21,39,31,29,14,5,34,16,23,11,10,28,17,1,33,27,12,36,35,25,38,20,22,18,8,
machine4:0,40,32,37,3,9,26,4,24,13,19,7,30,2,15,6,21,39,31,29,14,5,34,16,23,11,10,28,17,1,33,27,12,36,35,25,38,20,22,18,8,

1to 1:
1to 2:22,28,40,4,19,16,5,26,3,37,12,32,27,7,2,
1to 3:38,20,18,36,23,25,21,35,10,14,39,30,11,
2to 1:1,8,9,10,11,14,18,20,21,23,25,30,33,34,39,
2to 2:
2to 3:5,6,7,13,15,17,24,29,31,32,37,40,
3to 1:3,24,19,13,6,29,26,4,15,28,31,17,27,2,16,12,22,
3to 2:9,34,1,33,35,36,8,38,
3to 3:

cell1:3,2,
cell2:3,1,
cell3:1,2,
