machine1:0,32,23,64,191,157,173,213,22,129,205,61,109,55,95,103,202,151,165,183,189,203,27,35,244,230,92,229,158,67,241,199,45,34,31,190,169,231,130,10,147,89,1,72,144,73,150,211,220,113,124,171,69,15,238,87,79,66,106,70,112,60,192,162,132,38,146,42,145,247,74,36,80,161,21,57,97,242,232,163,140,240,141,206,136,195,101,185,59,41,20,218,177,239,3,207,33,7,208,110,236,65,82,46,134,119,193,222,155,114,62,226,49,197,225,76,215,179,148,135,159,142,224,143,127,85,12,90,68,250,237,9,234,120,102,178,160,47,149,198,154,152,13,94,123,219,164,153,4,40,118,125,227,204,99,104,52,233,81,48,212,196,111,77,50,217,172,201,39,131,29,223,156,243,249,88,16,84,209,216,96,228,53,128,133,184,137,126,100,86,117,26,83,200,54,44,11,175,6,166,37,121,235,25,138,91,186,122,14,181,168,58,174,78,188,56,214,105,75,180,19,210,115,8,176,245,63,18,182,43,93,17,246,5,24,167,187,107,98,30,28,51,139,2,71,108,116,248,170,221,194,
machine2:0,157,173,213,22,129,205,61,109,95,103,151,183,189,203,27,35,244,230,92,229,158,67,241,199,45,34,190,169,231,130,10,147,89,1,72,144,73,150,211,220,113,124,15,238,79,66,106,70,112,60,192,162,132,38,146,42,247,74,161,21,97,242,140,240,141,206,195,101,185,59,218,177,239,207,33,208,110,236,65,82,46,134,119,193,226,197,225,76,215,179,142,143,127,85,12,90,68,250,237,9,234,102,178,47,149,198,154,152,13,94,123,219,4,40,118,125,227,204,104,52,233,81,48,212,196,111,77,50,217,172,39,131,29,223,243,249,88,209,216,96,228,53,128,133,184,137,126,100,117,83,200,54,11,6,166,121,235,25,138,91,186,122,14,181,168,78,188,56,214,105,75,180,19,115,8,176,245,63,18,182,93,17,5,167,187,107,98,30,28,139,2,71,108,116,248,170,194,
machine3:0,22,205,61,109,95,183,189,27,92,158,241,199,45,34,190,231,130,89,1,72,73,150,211,113,238,106,70,112,60,192,162,38,146,42,247,74,161,21,141,206,239,236,65,82,134,119,197,225,215,179,142,143,127,85,90,68,250,237,149,154,152,13,94,219,4,40,118,125,204,104,233,81,48,212,111,217,172,131,223,243,88,209,96,53,128,133,137,100,117,83,11,166,121,235,25,91,186,122,14,181,168,78,188,214,105,19,115,8,176,63,18,182,17,167,187,107,98,30,139,2,71,108,116,194,
machine4:0,32,23,64,191,157,173,213,22,129,205,61,109,55,95,103,165,183,189,203,27,35,244,92,229,158,67,241,199,45,34,31,190,169,231,130,10,147,89,1,72,144,73,150,211,220,113,124,171,69,238,87,66,106,70,112,60,192,162,132,38,146,42,145,247,74,36,80,161,21,57,242,232,163,140,141,136,195,101,185,59,41,20,177,239,3,207,33,7,208,110,236,65,82,134,119,193,222,155,114,62,226,49,197,76,215,179,148,135,159,142,127,85,12,68,250,237,9,234,102,160,47,149,198,123,164,153,4,40,118,125,227,204,104,233,81,212,77,217,172,39,131,29,223,156,243,249,88,16,209,216,228,53,128,133,137,126,100,117,26,83,200,54,11,175,6,166,37,121,235,25,138,91,186,122,14,181,168,58,174,78,56,214,105,180,19,115,8,176,245,63,18,182,43,93,17,5,24,167,98,30,28,51,2,71,170,194,
machine5:0,23,191,157,173,22,129,205,109,55,95,103,165,183,189,203,35,244,92,229,158,67,241,199,45,34,31,231,10,147,89,1,72,144,73,150,211,220,113,124,69,87,106,70,112,60,192,132,146,42,247,74,80,161,21,232,163,141,136,195,101,185,59,41,20,239,3,207,110,82,119,193,222,155,114,62,226,76,215,179,135,142,127,85,68,9,102,47,123,164,153,4,40,125,204,104,233,81,212,77,217,172,39,131,29,223,156,243,249,88,16,209,216,53,128,133,137,126,100,117,26,83,54,11,6,166,121,235,25,138,91,186,122,181,174,78,56,214,105,180,19,8,176,245,63,18,182,43,93,17,5,24,167,98,28,2,71,170,194,
machine6:0,129,205,109,55,103,165,183,35,92,67,199,45,10,89,1,72,150,124,69,106,112,60,192,132,247,80,161,21,141,136,195,185,239,3,207,110,193,114,226,215,179,127,68,102,47,153,40,125,204,81,212,77,217,172,39,131,29,156,249,16,216,53,128,133,83,54,6,166,235,25,138,186,122,181,174,56,214,245,63,182,43,93,17,24,28,2,71,194,
machine7:0,32,23,64,191,213,22,129,205,61,109,55,95,103,202,151,165,183,189,203,27,35,244,230,92,229,158,67,241,199,45,34,31,190,169,231,130,10,147,89,1,72,144,73,150,211,220,113,124,171,69,15,238,87,66,106,70,112,60,192,162,132,38,146,42,145,74,80,161,21,57,97,232,163,140,240,195,59,41,20,218,177,239,7,208,110,236,65,82,134,119,155,62,226,49,215,179,148,135,159,224,143,127,12,90,68,237,9,234,120,102,160,47,149,154,152,13,94,153,4,40,118,125,204,99,104,52,233,81,48,212,196,111,77,50,217,172,39,131,29,223,243,249,88,16,84,209,216,96,228,53,128,133,184,137,126,86,26,83,54,44,11,6,166,37,121,235,25,138,91,186,122,14,181,58,174,78,188,56,214,105,75,180,19,210,115,8,176,245,63,18,182,43,93,17,5,24,167,107,98,28,51,139,2,71,108,170,221,194,
machine8:0,32,23,64,191,213,22,129,205,109,95,103,165,183,189,203,27,35,244,230,92,229,158,67,241,199,45,34,31,190,231,130,10,147,89,1,72,144,73,150,211,220,113,124,171,69,15,87,66,106,112,60,162,132,42,74,161,21,57,97,195,59,20,177,239,208,110,65,119,155,62,226,49,215,179,159,127,68,237,9,120,102,160,47,13,94,153,4,40,118,125,204,99,104,52,233,81,48,212,196,77,50,217,39,131,29,223,243,88,16,84,209,216,96,53,184,137,86,83,44,6,166,121,235,138,186,122,14,181,174,56,214,105,75,180,19,115,8,176,245,63,18,182,43,17,5,24,167,107,98,28,139,71,108,170,194,
machine9:0,64,213,129,109,95,103,165,183,203,27,35,244,92,229,241,45,31,130,10,89,72,73,150,211,220,113,124,69,15,87,106,60,132,42,74,161,57,195,59,20,208,65,155,62,226,49,179,127,237,9,102,160,47,13,40,118,125,204,99,104,233,81,212,50,217,131,223,88,16,84,209,216,53,184,137,83,6,166,121,186,122,14,174,56,105,75,180,115,8,176,245,63,18,43,24,167,107,98,28,139,71,108,194,
machine10:0,32,173,213,22,129,55,95,202,183,189,27,244,92,158,67,241,199,45,34,31,190,169,231,10,72,73,150,211,220,113,171,238,87,106,70,112,60,192,162,132,38,146,42,74,161,242,240,206,136,59,218,208,65,82,46,134,222,49,197,225,179,159,250,234,120,149,152,13,4,40,125,204,99,104,233,81,217,172,201,156,243,88,53,137,100,86,11,175,6,25,138,181,174,56,105,180,19,115,8,176,18,182,93,17,167,98,28,139,2,71,108,
machine11:0,32,23,157,173,213,22,129,109,55,95,103,202,151,165,183,189,27,35,244,92,229,158,67,241,199,45,34,31,190,169,231,10,147,89,1,72,144,73,150,211,220,113,171,15,238,87,79,106,70,112,60,192,162,132,38,146,42,145,247,74,36,80,161,21,242,232,163,140,240,206,136,101,59,218,177,207,33,7,208,65,82,46,134,119,222,155,62,49,197,225,179,159,85,90,250,237,234,120,102,47,149,198,154,152,13,219,153,4,40,118,125,204,99,104,233,81,48,212,50,217,172,201,131,29,223,156,243,249,88,16,84,209,216,96,53,128,137,126,100,86,117,26,83,11,175,6,37,235,25,138,186,122,14,181,168,58,174,78,188,56,214,105,180,19,210,115,8,176,18,182,43,93,17,246,167,98,30,28,51,139,2,71,108,221,194,
machine12:0,213,22,129,55,103,165,183,189,203,35,230,229,241,199,34,169,1,144,211,113,124,69,15,112,60,132,42,247,74,80,141,195,218,33,7,134,179,135,159,224,143,90,68,250,9,234,120,102,178,154,13,94,123,4,204,99,104,52,81,212,50,217,172,39,131,29,223,156,249,16,84,209,216,96,53,133,137,126,100,86,117,26,83,200,54,11,175,6,166,37,121,235,25,138,91,186,122,14,181,168,58,174,78,56,214,105,180,19,210,115,8,176,245,182,43,93,17,5,24,187,28,51,71,248,170,194,
machine13:0,32,23,191,157,173,213,22,129,205,61,109,55,103,165,183,189,203,27,35,230,92,229,158,241,199,45,34,31,169,89,1,144,73,150,211,220,113,124,69,15,87,66,106,112,60,162,132,38,146,42,247,74,80,21,97,242,232,163,140,141,136,195,101,59,20,218,239,3,207,33,7,208,110,82,46,134,119,155,114,226,49,197,76,215,179,135,159,224,143,90,68,250,237,9,234,120,102,178,149,154,13,94,123,164,4,118,204,99,104,52,81,48,212,196,77,50,217,172,201,39,131,29,223,156,243,249,88,16,84,209,216,96,228,53,133,137,126,100,86,117,26,83,200,54,11,175,6,166,37,121,235,25,138,91,186,122,14,181,168,58,174,78,188,56,214,105,180,19,210,115,8,176,245,63,182,43,93,17,246,5,24,187,98,28,51,139,71,108,248,170,221,194,
machine14:0,191,157,173,213,22,129,205,61,109,95,103,202,189,27,244,158,241,199,45,31,190,169,231,130,10,1,144,73,150,211,220,113,124,87,79,66,106,70,112,192,132,38,145,247,74,36,21,57,195,101,177,3,207,7,208,82,193,222,155,114,76,148,135,250,237,9,234,47,198,154,164,153,40,118,227,104,52,48,212,77,172,131,249,96,184,137,100,86,26,44,166,235,25,186,122,181,58,56,105,19,210,115,8,176,18,182,43,17,246,5,167,51,116,
machine15:0,32,23,64,191,157,173,213,22,129,205,61,109,95,103,202,151,165,183,189,27,35,244,230,92,229,158,67,241,199,45,34,31,190,169,231,130,10,89,1,144,73,150,211,220,113,124,171,69,15,238,87,79,66,106,70,112,60,192,132,38,146,145,247,74,36,80,161,21,57,141,195,101,59,41,20,177,239,3,207,7,208,82,119,193,222,155,114,197,76,215,148,135,224,127,12,250,237,9,234,102,178,47,198,154,152,13,219,164,153,4,40,118,125,227,204,104,52,233,81,48,212,196,111,77,50,172,201,39,131,29,223,156,249,88,16,209,216,96,228,53,128,133,184,137,126,100,86,26,83,200,54,44,6,166,121,235,25,138,186,122,14,181,168,58,56,105,180,19,210,115,8,176,245,63,18,182,43,17,246,5,167,98,28,51,71,108,116,248,170,221,194,

1to 1:
1to 2:12,142,36,160,85,101,33,164,141,175,117,191,110,70,78,203,198,157,57,130,149,234,5,55,7,124,215,16,162,169,205,237,11,166,105,183,249,22,34,241,186,199,
1to 3:236,184,120,151,75,41,139,188,170,32,61,147,163,245,145,66,54,24,2,87,192,58,80,133,42,244,223,118,190,144,103,235,165,35,229,214,1,60,14,45,73,
1to 4:79,225,30,240,90,171,232,173,48,134,37,174,126,233,72,231,217,10,180,38,53,98,29,212,220,137,4,167,176,74,31,67,28,8,
1to 5:97,178,123,242,135,200,93,51,179,140,156,86,39,26,210,23,49,43,209,50,92,63,181,109,172,243,59,213,83,138,56,
1to 6:227,248,116,111,246,196,114,202,20,221,52,64,15,230,153,69,96,238,127,168,154,82,113,95,128,247,216,121,125,161,132,81,21,112,150,129,6,89,211,146,115,189,18,27,158,194,182,106,71,104,
2to 1:163,227,236,232,88,229,29,245,176,170,53,25,89,49,63,72,61,118,35,119,193,171,80,123,134,14,173,17,95,244,177,8,146,185,226,30,47,147,238,129,67,10,
2to 2:
2to 3:22,153,109,203,21,64,160,62,5,228,51,181,125,158,106,195,115,71,102,39,124,180,28,40,243,208,12,183,11,
2to 4:192,93,145,2,65,32,113,209,204,159,60,6,242,92,222,162,182,56,131,136,165,186,190,45,161,168,234,55,216,214,59,
2to 5:137,69,211,66,38,73,20,144,194,91,121,239,3,117,100,126,77,175,217,189,166,122,132,212,42,105,24,241,68,87,155,78,157,114,
2to 6:138,223,23,207,26,41,19,199,213,9,76,36,191,70,4,34,231,16,197,205,130,83,57,169,250,148,31,
3to 1:107,228,196,240,64,110,65,230,78,153,57,91,48,99,68,127,234,55,7,233,169,102,205,181,231,125,40,132,180,150,98,243,59,83,34,138,211,131,18,28,
3to 2:148,159,135,171,93,179,37,226,66,238,177,23,87,49,47,92,223,63,122,121,161,217,10,172,53,19,155,213,214,167,74,56,27,104,
3to 3:
3to 4:218,188,15,70,152,51,140,86,84,149,119,62,50,244,237,25,95,128,11,81,105,112,229,1,89,146,189,194,71,199,
3to 5:143,224,120,191,90,94,170,203,61,163,13,9,174,5,154,82,58,16,162,133,21,204,17,103,208,235,29,88,129,220,249,4,14,115,158,182,106,8,
3to 6:12,151,44,145,39,195,54,210,126,192,215,80,43,108,239,166,144,109,38,77,183,165,212,176,60,73,186,
4to 1:197,112,249,192,82,179,92,222,42,108,115,117,235,206,209,140,136,85,120,242,144,161,56,86,151,23,204,32,168,202,213,156,2,16,158,15,152,62,250,27,70,165,190,46,219,149,157,218,
4to 2:1,153,102,89,106,137,38,43,247,25,40,17,119,233,81,231,18,118,128,147,181,125,100,98,163,
4to 3:241,113,13,78,221,122,134,96,172,47,83,29,174,34,176,216,220,65,162,8,19,126,26,72,67,211,129,
4to 4:
4to 5:84,33,180,35,101,201,234,6,139,207,7,232,55,169,28,31,99,150,104,229,214,131,246,37,159,
4to 6:10,237,105,171,173,103,58,51,198,167,45,22,177,53,155,208,14,79,88,48,74,
5to 1:122,139,246,113,74,212,100,94,164,45,188,189,52,221,247,81,143,186,11,215,154,187,24,84,3,159,248,183,191,239,33,60,217,101,199,208,73,224,4,90,194,1,
5to 2:133,39,134,174,207,250,76,9,71,173,88,109,59,51,235,195,138,82,140,216,136,80,54,35,156,182,
5to 3:112,23,146,25,132,37,68,237,15,110,69,97,179,230,135,150,20,226,99,137,196,218,213,232,6,104,50,77,98,38,131,169,31,93,205,91,149,7,27,119,
5to 4:19,211,108,102,197,14,155,43,223,22,26,34,58,118,243,21,46,210,49,96,42,144,175,158,17,103,
5to 5:
5to 6:209,92,157,229,87,86,245,8,61,141,32,13,204,172,124,220,201,241,228,170,56,200,28,249,
6to 1:201,44,13,26,124,43,184,77,178,135,195,148,137,237,133,210,76,9,207,19,198,166,66,22,31,141,50,41,5,155,105,
6to 2:222,244,150,69,193,212,208,60,228,21,245,6,29,112,204,103,180,113,114,126,190,239,115,220,20,145,32,127,58,3,67,131,200,
6to 3:233,128,121,74,209,52,130,194,81,111,224,202,16,177,182,234,82,167,189,4,95,152,17,63,59,199,88,
6to 4:129,47,122,101,7,40,172,219,73,156,36,87,247,250,80,104,100,18,238,221,181,183,109,83,132,235,241,138,106,249,35,154,
6to 5:102,53,223,89,96,118,215,165,25,216,45,168,98,164,119,197,54,48,176,71,146,27,1,108,186,
6to 6:

cell1:2,5,3,6,4,
cell2:1,4,5,3,6,
cell3:1,6,5,2,4,
cell4:5,6,3,1,2,
cell5:2,1,3,6,4,
cell6:5,3,4,1,2,
