machine1:0,29,40,23,37,19,8,35,39,30,26,6,11,13,2,4,20,25,34,3,28,1,7,10,9,14,31,38,5,18,24,32,21,16,12,33,15,27,36,17,22,
machine2:0,29,40,23,37,19,8,35,39,30,26,6,11,13,2,4,20,25,34,3,28,1,7,10,9,14,31,38,5,18,24,32,21,16,12,33,15,27,36,17,22,
machine3:0,29,40,23,37,19,8,35,39,30,26,6,11,13,2,4,20,25,34,3,28,1,7,10,9,14,31,38,5,18,24,32,21,16,12,33,15,27,36,17,22,
machine4:0,29,40,23,37,19,8,35,39,30,26,6,11,13,2,4,20,25,34,3,28,1,7,10,9,14,31,38,5,18,24,32,21,16,12,33,15,27,36,17,22,

1to 1:
1to 2:23,30,10,38,36,32,12,22,33,3,17,27,18,
1to 3:2,40,5,15,14,39,24,13,34,4,19,31,7,37,
2to 1:37,19,7,4,11,26,14,2,40,8,
2to 2:
2to 3:12,27,36,28,21,9,1,6,25,20,3,35,23,16,33,29,
3to 1:1,21,32,30,17,16,35,9,20,38,18,6,10,25,29,22,28,
3to 2:39,26,13,31,15,24,11,8,5,34,
3to 3:

cell1:3,2,
cell2:1,3,
cell3:2,1,
