machine1:0,29,23,28,26,30,14,39,19,40,11,37,13,6,25,35,2,3,4,20,34,1,10,31,38,5,18,8,7,24,33,32,9,12,27,21,15,36,16,17,22,
machine2:0,29,23,28,26,30,14,39,19,40,11,37,13,6,25,35,2,3,4,20,34,1,10,31,38,5,18,8,7,24,33,32,9,12,27,21,15,36,16,17,22,
machine3:0,29,23,28,26,30,14,39,19,40,11,37,13,6,25,35,2,3,4,20,34,1,10,31,38,5,18,8,7,24,33,32,9,12,27,21,15,36,16,17,22,
machine4:0,29,23,28,26,30,14,39,19,40,11,37,13,6,25,35,2,3,4,20,34,1,10,31,38,5,18,8,7,24,33,32,9,12,27,21,15,36,16,17,22,

1to 1:
1to 2:3,32,30,23,10,17,27,18,36,33,38,12,22,
1to 3:19,37,7,24,4,14,13,15,34,40,39,2,31,5,
2to 1:8,40,2,14,26,11,4,7,19,37,
2to 2:
2to 3:29,33,16,23,35,20,3,25,6,1,9,21,36,12,27,28,
3to 1:32,30,28,9,6,29,35,21,1,16,10,25,17,18,20,38,22,
3to 2:26,24,13,15,34,11,39,31,8,5,
3to 3:

cell1:3,2,
cell2:1,3,
cell3:1,2,
