0:	3332.4999999999995	6,10,3,:	1,1,

1:	3332.4999999999995	6,7,3,:	1,5,

2:	3332.4999999999995	6,5,3,:	6,1,

3:	6039.1	6,10,8,:	0,3,

4:	3350.2	7,7,6,:	0,1,

5:	3441.8999999999996	6,10,6,:	4,2,

6:	3387.7000000000003	7,9,6,:	2,2,

7:	3332.4999999999995	6,5,3,:	4,3,

8:	3350.2	7,7,6,:	2,2,

9:	3441.9	6,10,7,:	2,3,

10:	3387.7000000000003	7,1,6,:	5,6,

11:	3441.0999999999995	6,3,6,:	5,6,

12:	3374.3999999999996	7,6,6,:	1,6,

13:	3374.3999999999996	7,6,6,:	6,3,

14:	3332.4999999999995	6,6,3,:	1,3,

15:	3350.2	7,7,6,:	3,2,

16:	3374.3999999999996	7,6,6,:	6,6,

17:	3350.2	7,7,6,:	6,2,

18:	3332.4999999999995	6,6,3,:	6,6,

19:	3441.0999999999995	6,3,6,:	3,3,

20:	3332.4999999999995	6,5,3,:	1,1,

21:	3332.4999999999995	6,5,3,:	6,3,

22:	3332.4999999999995	6,8,3,:	0,2,

23:	3441.0999999999995	6,5,6,:	0,1,

24:	5360.999999999999	9,10,6,:	2,2,

25:	3739.100000000001	7,10,3,:	6,5,

26:	3387.7000000000003	7,5,6,:	5,6,

27:	3350.2	7,7,6,:	6,1,

28:	3374.3999999999996	7,6,6,:	2,5,

29:	3332.4999999999995	6,5,3,:	6,0,

30:	3441.0999999999995	6,3,6,:	2,5,

31:	3332.4999999999995	6,5,3,:	6,2,

32:	3441.0999999999995	6,5,6,:	5,3,

33:	3332.4999999999995	6,6,3,:	6,6,

34:	3332.4999999999995	6,10,3,:	6,4,

35:	3441.0999999999995	6,3,6,:	3,2,

36:	3971.2	6,7,11,:	0,2,

37:	3387.7000000000003	7,3,6,:	6,2,

38:	3332.4999999999995	6,4,3,:	1,5,

39:	3416.5	6,7,5,:	0,1,

40:	3441.1	6,0,6,:	3,6,

41:	3332.4999999999995	6,3,3,:	5,3,

42:	3656.2000000000007	7,9,3,:	0,6,

43:	3441.1	6,4,7,:	3,2,

44:	3441.1	6,2,6,:	6,2,

45:	3975.1000000000004	1,6,5,:	6,6,

46:	3332.4999999999995	6,8,3,:	4,6,

47:	3374.3999999999996	7,6,6,:	6,6,

最优解为：3332.4999999999995    最差解为：8219.4    最优解和最差解差值为：4886.9
