0:	15087.800000000001	7,4,6,6,:	5,1,

1:	14846.0	7,7,6,6,:	1,1,

2:	14846.0	7,7,6,6,:	1,6,

3:	27030.299999999996	5,1,6,8,:	2,3,

4:	14848.599999999997	6,0,6,6,:	5,5,

5:	14848.599999999997	6,0,6,6,:	5,2,

6:	15024.199999999995	6,2,6,6,:	3,5,

7:	18158.4	0,4,6,6,:	2,1,

8:	15087.800000000001	7,4,6,6,:	3,2,

9:	14848.599999999997	6,0,6,6,:	2,3,

10:	15786.499999999996	7,6,6,5,:	6,0,

11:	15024.199999999995	6,2,6,6,:	6,2,

12:	15174.000000000002	6,7,6,7,:	6,5,

13:	18407.3	6,7,6,1,:	6,1,

14:	15822.7	6,7,0,6,:	1,6,

15:	15342.300000000001	6,0,7,6,:	3,5,

16:	14846.0	7,7,6,6,:	1,4,

17:	15024.199999999995	6,2,6,6,:	2,3,

18:	22983.399999999998	6,0,8,6,:	3,2,

19:	17301.8	6,7,5,6,:	1,2,

20:	15075.399999999998	7,11,6,6,:	2,1,

21:	22983.399999999998	6,0,8,6,:	6,5,

22:	14848.599999999997	6,0,6,6,:	6,6,

23:	14865.799999999992	6,7,6,6,:	0,5,

24:	17575.5	0,9,6,6,:	3,5,

25:	14865.799999999992	6,7,6,6,:	6,5,

26:	14848.599999999997	6,0,6,6,:	6,5,

27:	14865.799999999992	6,7,6,6,:	3,5,

28:	14848.599999999997	6,0,6,6,:	4,2,

29:	20146.900000000005	6,6,6,4,:	5,2,

30:	16195.300000000005	6,0,6,12,:	2,1,

31:	15075.399999999998	7,10,6,6,:	6,5,

32:	14848.599999999997	6,0,6,6,:	3,2,

33:	14865.799999999992	6,7,6,6,:	1,5,

34:	15050.099999999997	6,6,6,6,:	3,0,

35:	15050.099999999997	6,6,6,6,:	1,1,

36:	16913.199999999997	6,7,6,10,:	5,5,

37:	14865.799999999992	6,7,6,6,:	6,2,

38:	17301.8	6,7,5,6,:	1,6,

39:	16933.099999999995	6,0,6,11,:	1,5,

40:	14848.599999999997	6,0,6,6,:	3,6,

41:	14846.0	7,7,6,6,:	2,1,

42:	14846.0	7,7,6,6,:	3,6,

43:	16195.300000000005	6,0,6,12,:	5,5,

44:	15024.199999999995	6,2,6,6,:	6,6,

45:	16250.7	6,6,7,3,:	2,5,

46:	22031.799999999996	7,6,6,2,:	6,5,

47:	14846.0	7,7,6,6,:	5,2,

最优解为：14846.0    最差解为：30617.500000000007    最优解和最差解差值为：15771.500000000007
