0:	29094.900000000012	7,6,6,3,9,6,:	3,3,

1:	27175.399999999998	7,7,6,6,3,7,:	3,5,

2:	27175.399999999998	7,7,6,6,3,7,:	1,1,

3:	28076.900000000005	7,6,6,9,3,7,:	0,4,

4:	27300.6	7,7,6,6,6,7,:	3,4,

5:	27300.6	7,7,6,6,6,7,:	2,4,

6:	30470.699999999997	6,7,11,6,3,7,:	0,5,

7:	27242.999999999996	7,7,6,7,3,7,:	3,3,

8:	27440.500000000004	6,7,6,6,6,7,:	4,4,

9:	32475.6	7,4,6,6,6,7,:	3,4,

10:	27330.200000000004	6,7,6,6,3,7,:	4,3,

11:	27434.89999999999	7,7,6,6,1,7,:	3,4,

12:	28422.600000000002	9,6,7,7,3,7,:	6,3,

13:	27971.9	1,6,6,7,3,7,:	6,0,

14:	28156.699999999993	1,6,6,6,3,7,:	3,0,

15:	27242.999999999996	7,7,6,7,3,7,:	0,2,

16:	27300.6	7,7,6,6,6,7,:	2,4,

17:	28097.999999999996	7,7,6,6,2,7,:	0,3,

18:	27242.999999999996	7,7,6,7,3,7,:	5,1,

19:	27175.399999999998	7,7,6,6,3,7,:	1,0,

20:	27175.399999999998	7,7,6,6,3,7,:	5,1,

21:	28311.499999999993	7,7,6,7,9,7,:	1,5,

22:	27300.6	7,7,6,6,6,7,:	1,3,

23:	28978.79999999999	11,7,6,7,3,7,:	0,0,

24:	27330.200000000004	6,7,6,6,3,7,:	5,1,

25:	28076.900000000005	7,6,6,9,3,7,:	3,0,

26:	27242.999999999996	7,7,6,7,3,7,:	3,3,

27:	27300.6	7,7,6,6,6,7,:	0,0,

28:	27300.6	7,7,6,6,6,7,:	4,4,

29:	36323.099999999984	6,7,6,6,6,10,:	3,4,

30:	28568.399999999998	11,7,6,6,3,7,:	3,4,

31:	28149.6	7,6,6,7,11,7,:	3,4,

32:	27175.399999999998	7,7,6,6,3,7,:	0,2,

33:	27314.2	7,7,6,7,6,7,:	2,3,

34:	28064.100000000002	7,7,6,6,4,7,:	3,0,

35:	28582.500000000004	7,6,12,7,3,7,:	5,4,

36:	27242.999999999996	7,7,6,7,3,7,:	3,4,

37:	27440.500000000004	6,7,6,6,6,7,:	1,3,

38:	27300.6	7,7,6,6,6,7,:	3,4,

39:	32804.90000000001	6,2,6,7,6,7,:	3,4,

40:	27919.499999999993	7,7,6,7,4,7,:	3,5,

41:	27300.6	7,7,6,6,6,7,:	6,6,

42:	27440.500000000004	6,7,6,6,6,7,:	3,4,

43:	28568.500000000004	7,6,6,6,0,6,:	6,3,

44:	27175.399999999998	7,7,6,6,3,7,:	3,1,

45:	28627.300000000003	6,7,12,6,6,7,:	3,4,

46:	27420.4	7,6,6,6,12,6,:	0,2,

47:	27300.6	7,7,6,6,6,7,:	5,3,

最优解为：27175.399999999998    最差解为：58608.399999999994    最优解和最差解差值为：31432.999999999996
