machine1:0,26,64,46,33,37,11,10,55,30,65,71,5,51,34,80,3,47,18,52,67,8,13,2,31,78,74,60,76,43,58,25,69,77,12,24,4,63,66,23,61,72,57,22,16,73,1,62,15,19,21,
machine2:0,26,64,68,44,46,17,33,37,48,39,11,79,7,6,10,36,27,40,55,41,30,65,71,5,53,32,51,34,80,59,3,47,18,35,52,67,28,8,75,13,2,56,31,54,78,50,74,70,9,60,76,43,58,25,29,69,42,77,12,24,4,63,20,66,23,61,38,72,57,22,49,16,73,1,45,62,14,15,19,21,
machine3:0,64,68,46,17,33,39,79,7,6,36,27,40,55,30,65,5,32,51,80,59,35,52,28,2,9,43,25,29,69,63,23,61,38,49,16,45,14,21,
machine4:0,64,68,44,46,17,33,48,39,11,79,7,6,10,36,27,40,55,41,30,65,71,5,32,51,34,80,59,47,18,35,52,67,28,8,75,13,2,56,31,54,9,76,43,25,29,69,42,77,24,4,63,66,23,61,38,22,49,16,73,45,62,14,19,21,
machine5:0,46,37,48,39,79,7,36,27,55,41,71,53,32,34,80,59,3,47,18,35,13,56,31,50,74,70,9,60,58,29,69,77,24,20,66,23,38,72,57,22,49,45,62,14,15,19,
machine6:0,26,44,46,37,48,39,11,79,7,6,10,36,27,40,55,41,30,65,71,5,53,32,51,34,80,59,3,47,18,35,52,67,28,75,13,2,56,31,54,78,50,74,70,9,60,76,58,29,69,42,77,12,24,4,63,20,66,23,61,38,72,57,22,49,73,1,45,62,14,15,19,
machine7:0,26,64,68,44,17,37,48,39,7,36,27,41,30,65,71,5,53,32,51,59,3,8,75,13,2,56,31,54,78,50,74,70,9,58,29,42,12,24,4,63,20,66,72,73,1,62,14,15,
machine8:0,26,64,68,44,46,17,33,37,48,39,11,7,6,10,36,27,40,55,41,30,65,71,5,53,32,51,59,3,52,67,28,8,75,13,2,56,31,54,78,50,74,70,9,60,76,43,58,25,29,42,77,12,24,4,63,20,66,23,61,38,72,57,22,16,73,1,62,14,15,21,

1to 1:
1to 2:47,33,54,28,27,18,76,34,8,67,24,51,32,29,5,4,56,61,36,
1to 3:48,37,79,1,58,30,3,45,31,42,38,11,71,73,66,15,46,55,7,80,14,13,23,
1to 4:6,72,53,68,78,57,39,44,2,9,64,65,20,75,62,77,
2to 1:6,21,30,45,17,40,73,65,49,22,55,62,80,59,23,
2to 2:
2to 3:19,54,28,35,34,39,44,9,69,75,29,52,4,61,36,77,
2to 4:10,16,33,25,43,8,31,42,63,38,67,66,41,5,14,56,
3to 1:26,41,78,44,47,27,57,19,72,77,69,35,20,5,52,67,63,12,18,
3to 2:2,71,79,66,42,10,59,62,49,6,13,31,38,40,14,65,46,
3to 3:
3to 4:37,48,32,54,24,58,73,55,76,74,30,23,22,51,1,29,50,60,61,70,11,7,
4to 1:3,51,71,74,60,43,76,10,15,25,13,50,70,36,46,32,28,4,16,24,
4to 2:7,22,64,11,48,17,75,52,39,21,9,68,
4to 3:56,40,59,27,63,41,2,12,53,26,
4to 4:

cell1:4,2,3,
cell2:4,3,1,
cell3:4,2,1,
cell4:2,3,1,
