machine1:0,4,71,13,24,76,2,18,47,10,34,5,52,37,3,30,55,64,8,80,25,63,26,74,78,12,60,43,67,65,69,1,31,58,57,22,23,16,11,15,61,19,21,72,77,46,73,51,62,66,33,
machine2:0,4,71,13,24,76,2,48,18,47,79,7,10,34,53,41,5,52,37,3,39,30,55,27,64,8,70,80,25,63,26,74,44,75,78,50,35,12,60,43,56,67,28,65,69,1,9,31,17,36,59,29,58,57,68,22,23,45,20,16,11,32,15,61,42,19,54,21,72,77,46,73,6,51,40,62,66,33,49,38,14,
machine3:0,2,79,7,5,52,39,30,55,27,64,80,25,63,35,43,28,65,69,9,17,36,59,29,68,23,45,16,32,61,21,46,6,51,40,33,49,38,14,
machine4:0,4,71,13,24,76,2,48,18,47,79,7,10,34,41,5,52,39,30,55,27,64,8,80,25,63,44,75,35,43,56,67,28,65,69,9,31,17,36,59,29,68,22,23,45,16,11,32,61,42,19,54,21,77,46,73,6,51,40,62,66,33,49,38,14,
machine5:0,71,13,24,48,18,47,79,7,34,53,41,37,3,39,55,27,70,80,74,50,35,60,56,69,9,31,36,59,29,58,57,22,23,45,20,32,15,19,72,77,46,62,66,49,38,14,
machine6:0,4,71,13,24,76,2,48,18,47,79,7,10,34,53,41,5,52,37,3,39,30,55,27,70,80,63,26,74,44,75,78,50,35,12,60,56,67,28,65,69,1,9,31,36,59,29,58,57,22,23,45,20,11,32,15,61,42,19,54,72,77,46,73,6,51,40,62,66,49,38,14,
machine7:0,4,71,13,24,2,48,7,53,41,5,37,3,39,30,27,64,8,70,63,26,74,44,75,78,50,12,56,65,1,9,31,17,36,59,29,58,68,20,32,15,42,54,72,73,51,62,66,14,
machine8:0,4,71,13,24,76,2,48,7,10,53,41,5,52,37,3,39,30,55,27,64,8,70,25,63,26,74,44,75,78,50,12,60,43,56,67,28,65,1,9,31,17,36,59,29,58,57,68,22,23,20,16,11,32,15,61,42,54,21,72,77,46,73,6,51,40,62,66,33,38,14,

1to 1:
1to 2:47,33,54,28,27,18,76,34,8,67,24,51,32,29,5,4,56,61,36,
1to 3:48,37,79,1,58,30,3,45,31,42,38,11,71,73,66,15,46,55,7,80,14,13,23,
1to 4:6,72,53,68,78,57,39,44,2,9,64,65,20,75,62,77,
2to 1:6,21,30,45,17,40,73,65,49,22,55,62,80,59,23,
2to 2:
2to 3:19,54,28,35,34,39,44,9,69,75,29,52,4,61,36,77,
2to 4:10,16,33,25,43,8,31,42,63,38,67,66,41,5,14,56,
3to 1:41,26,44,78,27,47,57,19,72,77,69,35,20,5,52,67,12,63,18,
3to 2:2,71,66,79,42,59,10,62,49,13,6,31,38,14,40,65,46,
3to 3:
3to 4:32,24,55,73,54,37,48,58,23,76,74,51,30,22,1,29,50,60,61,11,70,7,
4to 1:3,51,71,74,60,43,76,10,15,25,13,50,70,36,46,32,28,4,16,24,
4to 2:7,22,64,11,48,17,75,52,39,21,9,68,
4to 3:56,40,59,27,63,41,2,12,53,26,
4to 4:

cell1:4,2,3,
cell2:4,3,1,
cell3:4,2,1,
cell4:2,3,1,
