machine1:0,107,120,53,12,26,21,128,43,81,49,106,67,100,7,108,51,91,15,28,23,98,46,9,92,4,94,2,57,27,31,80,52,42,20,129,102,16,82,66,65,58,6,103,18,50,126,104,121,63,14,11,86,36,119,77,61,55,116,48,115,124,19,117,105,70,56,40,44,32,78,130,33,113,68,54,64,60,29,30,109,83,99,
machine2:0,107,41,120,79,53,12,26,118,21,128,43,122,13,89,81,49,47,114,34,106,101,25,45,67,88,125,100,112,7,62,108,51,76,91,73,15,28,69,23,98,46,9,92,4,94,2,75,57,27,87,10,31,80,52,39,42,20,129,102,16,35,123,82,66,37,85,65,58,6,103,18,17,50,126,24,104,121,63,72,14,1,11,86,90,38,36,119,77,61,3,74,22,55,116,48,115,124,59,19,71,84,117,105,110,96,70,56,97,127,40,111,44,32,78,130,33,93,113,95,68,54,64,8,60,5,29,30,109,83,99,
machine3:0,107,79,53,26,118,128,13,89,49,47,101,45,67,100,112,108,51,76,23,9,4,94,75,57,27,87,10,31,52,39,129,102,16,35,66,37,65,6,103,17,126,24,104,121,1,61,22,59,84,105,110,96,97,127,40,111,44,32,78,33,68,54,64,8,5,83,99,
machine4:0,107,41,79,53,26,118,128,122,13,89,81,49,47,114,34,106,101,45,67,88,100,112,7,62,108,51,76,73,15,28,69,23,9,92,4,94,75,57,27,87,10,31,80,52,39,42,129,102,16,35,82,66,37,85,65,6,103,17,50,126,24,104,121,14,1,11,38,36,119,77,61,22,48,124,59,19,71,84,105,110,96,70,56,97,127,40,111,44,32,78,33,93,113,95,68,54,64,8,60,5,30,109,83,99,
machine5:0,107,41,79,118,128,43,89,81,47,114,34,106,101,25,45,67,88,100,62,51,91,73,15,28,69,23,98,46,92,4,94,2,75,57,27,87,31,80,39,42,20,129,102,16,35,82,85,65,6,103,17,50,126,24,104,121,63,72,14,1,11,86,90,38,36,119,77,61,3,74,22,55,116,48,115,59,19,71,84,117,105,110,96,70,56,97,127,111,44,32,130,33,93,113,95,68,54,64,8,60,5,29,30,109,83,
machine6:0,128,43,81,47,114,34,106,25,45,88,62,91,73,15,28,23,98,46,92,4,94,2,75,57,27,87,31,80,39,42,20,129,102,16,82,85,65,6,103,17,126,24,104,121,63,72,14,1,11,86,90,38,36,119,77,61,3,74,22,55,116,48,115,59,71,84,105,110,96,70,56,97,127,111,44,32,130,33,113,95,68,54,60,5,29,30,109,83,
machine7:0,128,43,81,34,45,88,15,28,23,92,4,94,75,57,27,87,31,80,39,129,102,16,82,6,103,17,126,104,121,63,72,14,11,90,36,119,77,74,55,116,59,105,110,96,70,97,127,111,32,33,68,54,5,30,83,
machine8:0,120,128,43,81,49,47,114,106,45,88,7,73,15,28,23,92,57,87,39,42,20,129,102,82,66,85,6,17,104,14,11,36,77,61,74,55,116,48,115,124,105,70,56,97,127,111,44,32,93,68,54,8,60,5,109,83,99,
machine9:0,120,26,118,21,128,43,122,89,81,49,47,114,34,106,101,45,67,88,125,7,108,51,91,73,15,28,23,98,9,92,94,57,87,31,80,52,39,42,20,129,102,16,123,82,66,37,85,6,103,18,17,50,104,121,72,14,11,86,36,77,61,3,74,22,55,116,48,115,124,59,19,84,117,105,110,96,70,56,97,127,111,44,32,78,33,93,68,54,64,8,60,5,29,30,109,83,99,
machine10:0,118,21,122,13,89,49,47,114,34,101,125,7,108,51,76,23,98,9,92,4,94,2,57,87,31,39,42,20,102,16,123,82,66,58,126,63,72,14,1,11,86,90,36,119,74,116,48,115,19,71,110,97,127,40,111,44,78,93,54,64,60,30,109,
machine11:0,120,79,53,12,26,118,21,128,122,13,89,81,49,47,114,34,106,101,25,45,67,125,112,7,62,108,51,76,73,15,28,23,98,46,9,92,4,94,2,57,87,31,80,52,39,42,20,102,16,123,82,66,85,65,58,6,103,18,17,50,126,104,121,63,72,14,1,11,86,90,38,36,119,77,61,74,116,48,115,124,59,19,71,105,110,70,56,97,127,40,111,44,32,78,130,93,95,68,54,64,60,5,30,109,83,99,
machine12:0,41,12,26,128,122,47,34,106,101,45,7,108,51,15,28,69,98,92,94,2,75,87,10,80,39,16,82,66,6,103,104,121,72,14,1,11,90,36,61,3,116,115,124,59,19,71,84,105,96,70,56,127,44,32,78,93,30,109,83,
machine13:0,107,41,12,26,128,122,47,34,106,101,25,45,67,88,125,100,112,7,108,51,15,28,69,98,92,4,94,2,75,57,87,10,80,52,39,20,129,102,16,35,123,82,66,37,85,58,6,103,18,17,50,126,104,121,72,14,1,11,90,38,36,119,61,3,74,22,55,116,115,124,59,19,71,84,117,105,110,96,70,56,97,127,40,111,44,32,78,130,33,93,95,68,54,64,8,60,5,29,30,109,83,99,

1to 1:
1to 2:45,50,32,82,94,118,93,27,46,60,38,98,124,102,2,101,126,122,20,37,91,24,47,43,105,31,36,129,72,106,39,96,57,90,117,115,55,92,111,14,121,6,15,80,23,104,48,25,73,119,114,11,125,85,110,116,56,68,75,63,44,128,16,103,62,70,130,81,3,5,1,77,109,17,34,61,71,54,59,49,74,113,97,89,29,88,33,42,84,67,30,83,87,86,28,4,65,127,95,19,22,
1to 3:23,50,112,14,73,80,89,20,53,79,29,90,124,70,2,37,51,56,52,57,95,108,71,96,130,67,13,38,100,30,123,39,62,109,111,117,59,1,32,5,64,54,92,74,99,126,60,4,10,11,18,19,65,40,127,85,78,44,101,102,35,88,66,103,104,45,8,68,21,7,81,83,106,119,9,17,76,
2to 1:6,8,104,17,118,47,66,70,90,117,98,114,65,39,128,45,33,37,97,102,60,57,73,19,85,83,51,103,59,46,43,64,48,91,14,20,42,96,106,5,29,87,119,88,124,38,111,23,62,31,116,109,81,92,54,71,30,44,122,99,32,86,15,55,4,77,22,56,
2to 2:
2to 3:106,34,80,123,129,18,16,127,98,74,3,120,17,50,82,105,55,61,114,36,49,94,83,103,84,125,15,97,121,77,28,72,93,102,130,25,26,95,110,1,86,108,75,45,20,92,2,6,67,115,7,22,68,
3to 1:46,112,100,120,124,79,73,125,10,90,69,12,25,35,63,95,118,107,50,29,58,65,108,114,41,40,26,62,32,2,98,64,75,130,89,49,61,122,129,88,126,93,128,97,56,80,7,1,115,39,105,110,33,72,106,99,82,104,74,103,66,19,101,57,17,121,48,34,67,28,92,11,5,102,70,30,47,4,127,6,14,44,109,83,68,54,94,87,
3to 2:21,18,123,9,52,26,84,98,20,31,15,60,80,7,22,111,51,110,85,81,59,16,106,82,116,42,74,78,36,30,127,45,109,54,
3to 3:

cell1:2,3,
cell2:1,3,
cell3:1,2,
