machine1:0,23,128,120,26,12,53,107,31,81,15,43,91,46,65,52,28,98,80,27,58,106,63,126,121,48,103,42,6,77,104,129,100,18,33,50,82,21,113,61,116,124,49,29,55,105,117,115,70,56,40,130,32,68,54,64,44,60,30,36,99,14,83,67,109,119,57,16,108,7,19,4,2,78,11,20,102,92,94,86,51,9,66,
machine2:0,23,17,128,120,26,73,112,12,53,107,31,81,15,43,69,47,45,91,46,88,101,65,114,52,62,122,25,28,98,85,80,75,87,27,58,10,118,106,63,126,121,37,48,103,42,6,77,104,129,100,18,33,50,79,90,24,82,21,38,59,113,22,72,3,61,116,124,49,29,89,55,84,105,117,115,70,56,95,96,40,130,97,32,68,54,64,41,8,44,60,35,30,5,36,110,74,34,99,14,83,67,93,109,119,57,127,1,13,71,16,125,39,108,7,19,123,4,2,111,78,76,11,20,102,92,94,86,51,9,66,
machine3:0,23,17,128,26,112,53,107,31,47,45,101,65,52,75,87,27,10,118,126,121,37,103,6,104,129,100,33,79,24,59,22,61,49,89,84,105,96,40,97,32,68,54,64,8,44,35,5,110,99,83,67,57,127,1,13,16,39,108,4,111,78,76,102,94,51,9,66,
machine4:0,23,17,128,26,73,112,53,107,31,81,15,69,47,45,88,101,65,114,52,62,122,28,85,80,75,87,27,10,118,106,126,121,37,48,103,42,6,77,104,129,100,33,50,79,24,82,38,59,113,22,61,124,49,89,84,105,70,56,95,96,40,97,32,68,54,64,41,8,44,60,35,30,5,36,110,34,99,14,83,67,93,109,119,57,127,1,13,71,16,39,108,7,19,4,111,78,76,11,102,92,94,51,9,66,
machine5:0,23,17,128,73,107,31,81,15,43,69,47,45,91,46,88,101,65,114,62,25,28,98,85,80,75,87,27,118,106,63,126,121,48,103,42,6,77,104,129,100,33,50,79,90,24,82,38,59,113,22,72,3,61,116,29,89,55,84,105,117,115,70,56,95,96,130,97,32,68,54,64,41,8,44,60,35,30,5,36,110,74,34,14,83,67,93,109,119,57,127,1,71,16,39,19,4,2,111,11,20,102,92,94,86,51,
machine6:0,23,17,128,73,31,81,15,43,47,45,91,46,88,65,114,62,25,28,98,85,80,75,87,27,106,63,126,121,48,103,42,6,77,104,129,33,90,24,82,38,59,113,22,72,3,61,116,29,55,84,105,115,70,56,95,96,130,97,32,68,54,44,60,30,5,36,110,74,34,14,83,109,119,57,127,1,71,16,39,4,2,111,11,20,102,92,94,86,
machine7:0,23,17,128,31,81,15,43,45,88,28,80,75,87,27,63,126,121,103,6,77,104,129,33,90,82,59,72,116,55,105,70,96,97,32,68,54,30,5,36,110,74,34,14,83,119,57,127,16,39,4,111,11,102,92,94,
machine8:0,23,17,128,120,73,81,15,43,47,45,88,114,28,85,87,106,48,42,6,77,104,129,82,61,116,124,49,55,105,115,70,56,97,32,68,54,8,44,60,5,36,74,99,14,83,93,109,57,127,39,7,111,11,20,102,92,66,
machine9:0,23,17,128,120,26,73,31,81,15,43,47,45,91,88,101,114,52,122,28,98,85,80,87,118,106,121,37,48,103,42,6,77,104,129,18,33,50,82,21,59,22,72,3,61,116,124,49,29,89,55,84,105,117,115,70,56,96,97,32,68,54,64,8,44,60,30,5,36,110,74,34,99,14,83,67,93,109,57,127,16,125,39,108,7,19,123,111,78,11,20,102,92,94,86,51,9,66,
machine10:0,23,31,47,101,114,122,98,87,58,118,63,126,48,42,90,82,21,72,116,49,89,115,40,97,54,64,44,60,30,36,110,74,34,14,93,109,119,57,127,1,13,71,16,125,39,108,7,19,123,4,2,111,78,76,11,20,102,92,94,86,51,9,66,
machine11:0,23,17,128,120,26,73,112,12,53,31,81,15,47,45,46,101,65,114,52,62,122,25,28,98,85,80,87,58,118,106,63,126,121,48,103,42,6,77,104,18,50,79,90,82,21,38,59,72,61,116,124,49,89,105,115,70,56,95,40,130,97,32,68,54,64,44,60,30,5,36,110,74,34,99,14,83,67,93,109,119,57,127,1,13,71,16,125,39,108,7,19,123,4,2,111,78,76,11,20,102,92,94,86,51,9,66,
machine12:0,128,26,12,15,69,47,45,101,122,28,98,80,75,87,10,106,121,103,6,104,90,82,59,72,3,61,116,124,84,105,115,70,56,96,32,41,44,30,36,34,14,83,93,109,127,1,71,16,39,108,7,19,2,78,11,92,94,51,66,
machine13:0,17,128,26,112,12,107,15,69,47,45,88,101,52,122,25,28,98,85,80,75,87,58,10,106,126,121,37,103,6,104,129,100,18,33,50,90,82,38,59,22,72,3,61,116,124,29,55,84,105,117,115,70,56,95,96,40,130,97,32,68,54,64,41,8,44,60,35,30,5,36,110,74,34,99,14,83,67,93,109,119,57,127,1,71,16,125,39,108,7,19,123,4,2,111,78,11,20,102,92,94,51,66,

1to 1:
1to 2:46,91,117,24,113,124,73,125,37,43,27,90,25,63,95,118,50,29,65,86,114,3,62,32,84,2,98,75,130,38,55,89,20,49,96,31,15,61,122,129,88,126,93,128,97,60,56,80,1,22,115,111,39,105,110,33,72,85,23,81,59,16,106,82,116,71,104,42,74,103,119,19,101,57,17,121,48,34,67,28,92,11,36,5,102,70,30,47,77,4,127,6,14,45,44,109,83,68,54,94,87,
1to 3:112,117,21,100,18,53,124,79,13,73,37,10,90,123,35,95,76,50,29,9,65,108,52,40,62,8,32,2,64,130,38,89,20,96,88,126,60,56,80,7,1,111,39,51,85,23,81,59,106,99,71,104,74,103,66,119,78,19,101,57,17,67,92,11,5,102,70,30,4,127,14,45,44,109,83,68,54,
2to 1:46,91,117,124,73,37,43,90,118,29,65,86,114,62,8,32,98,64,38,55,20,96,31,15,122,88,128,97,60,56,22,111,39,51,33,85,23,81,59,106,99,116,71,104,42,103,66,119,19,57,17,48,92,5,102,70,30,47,77,4,6,14,45,44,109,83,54,87,
2to 2:
2to 3:18,120,125,25,123,95,50,108,86,114,3,26,84,2,98,75,130,55,20,49,15,61,129,93,97,80,7,1,22,115,105,110,72,16,106,82,74,103,17,121,34,67,28,92,36,102,77,127,6,45,83,68,94,
3to 1:46,112,100,120,124,79,73,125,10,90,69,12,25,35,63,95,118,107,50,29,58,65,108,114,41,40,26,62,32,2,98,64,75,130,89,49,61,122,129,88,126,93,128,97,56,80,7,1,115,39,105,110,33,72,106,99,82,104,74,103,66,19,101,57,17,121,48,34,67,28,92,11,5,102,70,30,47,4,127,6,14,44,109,83,68,54,94,87,
3to 2:21,18,123,9,52,26,84,98,20,31,15,60,80,7,22,111,51,110,85,81,59,16,106,82,116,42,74,78,36,30,127,45,109,54,
3to 3:

cell1:3,2,
cell2:3,1,
cell3:1,2,
