machine1:0,36,17,9,38,4,2,39,14,24,32,15,3,6,8,37,33,29,26,11,35,30,19,
machine2:0,22,36,17,25,9,18,38,7,28,5,16,12,4,2,39,14,24,32,15,3,6,8,37,27,33,29,13,40,26,11,1,23,35,20,10,30,21,19,31,34,
machine3:0,36,17,25,38,5,4,39,6,37,27,23,19,31,34,
machine4:0,22,36,17,25,38,5,16,12,4,39,24,15,6,37,27,33,29,26,23,30,19,31,34,
machine5:0,22,36,17,25,38,5,16,12,4,39,6,37,27,33,29,23,30,19,31,34,
machine6:0,22,36,17,25,9,18,38,7,28,5,16,12,4,2,39,14,24,32,15,3,6,37,27,33,29,13,40,26,11,1,23,35,20,10,30,21,19,31,34,
machine7:0,22,36,17,25,9,38,7,5,16,12,4,39,24,15,6,37,27,33,29,26,23,35,30,19,31,34,
machine8:0,36,25,38,5,4,39,6,23,19,
machine9:0,22,17,25,9,18,38,7,5,16,12,4,2,39,14,24,3,8,27,29,26,35,30,19,31,34,
machine10:0,22,17,7,5,16,12,4,2,39,24,3,8,27,29,26,30,19,31,34,
machine11:0,22,36,17,25,9,18,38,7,28,5,16,12,4,2,39,14,24,32,3,6,8,37,27,29,26,11,35,10,30,19,31,34,
machine12:0,22,17,5,16,12,39,3,27,29,34,
machine13:0,22,36,17,25,9,18,38,7,5,12,4,39,24,15,3,37,27,29,26,11,23,35,30,21,19,
machine14:0,22,36,25,9,18,38,7,5,4,39,24,37,29,11,23,35,30,21,
machine15:0,22,36,17,25,9,18,38,7,28,5,16,12,4,39,24,32,15,3,37,27,29,26,11,1,23,35,30,21,19,31,34,
machine16:0,9,38,5,4,39,24,37,29,23,35,
machine17:0,36,17,25,9,38,5,16,4,39,24,32,3,6,27,33,26,30,21,19,31,
machine18:0,36,25,9,38,5,16,4,39,32,3,27,33,30,21,31,
machine19:0,36,17,25,9,38,7,5,16,12,4,39,14,24,32,3,6,37,27,33,13,40,26,11,1,20,10,30,21,19,31,34,
machine20:0,25,9,38,5,39,32,3,27,21,
machine21:0,22,36,17,25,9,18,38,7,28,5,16,12,4,2,39,32,15,3,8,37,27,33,29,13,40,26,11,1,35,20,10,30,21,19,31,34,
machine22:0,25,18,38,5,16,4,15,37,27,31,
machine23:0,36,17,25,9,18,38,7,28,5,16,12,4,39,15,8,37,27,29,40,26,35,10,30,31,34,
machine24:0,22,36,17,25,9,18,38,7,28,5,16,12,4,39,32,15,8,37,27,33,29,13,40,26,11,35,20,10,30,31,34,
machine25:0,25,9,18,38,5,16,4,39,15,37,27,31,

1to 1:
1to 2:20,23,32,9,26,38,5,
1to 3:14,35,7,22,17,34,
1to 4:15,19,29,31,27,36,25,
1to 5:40,21,11,37,
1to 6:10,2,1,28,18,3,16,39,4,
2to 1:13,10,6,21,18,33,22,
2to 2:
2to 3:28,32,19,31,24,36,
2to 4:23,11,3,4,
2to 5:20,14,16,9,12,34,38,39,30,5,
2to 6:40,7,17,
3to 1:8,19,3,24,37,12,39,5,4,
3to 2:10,2,6,14,16,34,
3to 3:
3to 4:35,
3to 5:26,27,25,
3to 6:32,11,29,31,30,
4to 1:28,32,38,30,
4to 2:1,22,24,39,
4to 3:18,11,29,16,26,25,5,
4to 4:
4to 5:7,3,36,17,4,
4to 6:15,35,37,9,27,12,34,
5to 1:16,
5to 2:25,19,17,27,31,36,7,37,
5to 3:10,3,38,6,9,30,4,
5to 4:24,1,34,21,12,
5to 5:
5to 6:26,5,13,33,20,
6to 1:11,9,40,36,7,31,25,26,17,
6to 2:15,29,33,13,21,28,35,
6to 3:2,27,8,12,37,
6to 4:18,38,39,30,22,
6to 5:32,19,1,
6to 6:

cell1:5,6,3,2,4,
cell2:1,6,3,4,5,
cell3:2,4,6,1,5,
cell4:2,6,1,3,5,
cell5:1,2,3,4,6,
cell6:5,1,3,2,4,
