machine1:0,69,18,128,33,76,57,12,112,79,40,99,37,126,8,66,15,13,91,74,72,82,26,108,92,32,17,71,64,56,60,124,49,73,80,44,90,36,1,118,116,21,59,46,7,55,4,75,85,63,104,39,11,23,109,19,121,129,70,68,127,16,102,28,34,24,122,86,20,35,43,54,114,103,88,77,9,47,81,5,105,83,30,111,
machine2:0,29,113,25,69,18,128,10,48,33,95,76,57,12,31,112,79,125,101,67,42,65,40,99,37,126,8,66,15,62,13,3,91,74,72,82,26,108,58,92,50,98,32,130,17,71,61,64,6,56,38,60,84,124,49,73,120,80,100,41,115,44,90,36,1,119,53,118,27,116,21,59,46,107,7,55,4,75,85,2,63,104,39,11,23,52,97,110,109,19,121,129,70,68,123,14,127,16,102,28,34,89,24,96,122,86,20,35,106,43,54,114,78,103,88,77,9,117,94,87,47,81,5,22,105,83,93,30,51,111,45,
machine3:0,29,128,48,57,31,101,67,65,99,126,3,74,72,82,92,32,17,61,6,56,60,84,120,80,115,36,1,119,116,59,4,104,39,11,23,97,110,109,121,129,70,68,14,127,102,28,96,20,54,114,78,103,94,87,22,105,93,30,51,111,45,
machine4:0,29,69,128,48,33,57,12,31,112,79,125,101,67,42,65,99,126,8,66,15,3,74,72,82,26,108,58,92,50,32,130,17,71,61,64,6,56,60,84,124,73,120,80,115,44,90,36,1,119,53,118,116,21,59,107,55,4,75,85,104,39,11,23,52,97,110,109,19,121,129,70,68,123,14,127,16,102,28,24,96,86,20,35,106,54,114,78,103,94,87,47,5,22,105,83,93,30,51,111,45,
machine5:0,113,18,128,10,48,33,95,76,57,12,31,112,125,101,67,42,65,40,99,37,126,8,66,15,3,91,72,82,26,108,58,92,50,98,32,130,17,71,61,64,6,56,38,60,84,124,49,80,100,41,115,44,36,1,119,27,116,21,59,46,7,55,4,85,2,63,104,39,11,23,52,97,110,109,19,121,129,70,68,123,14,127,16,102,28,34,89,24,96,122,86,20,106,43,54,114,78,103,88,77,9,117,94,87,47,81,5,22,105,83,93,30,51,111,45,
machine6:0,128,10,48,33,76,57,31,112,125,42,65,40,99,126,66,15,82,26,58,92,98,32,130,17,71,61,64,6,56,38,60,84,49,80,100,41,44,36,119,27,116,59,46,7,55,4,85,2,104,39,11,23,97,110,109,121,129,70,68,14,127,16,102,28,34,89,96,122,86,20,106,43,54,78,103,88,77,9,94,87,47,81,5,22,105,83,93,30,51,111,45,
machine7:0,57,42,66,82,61,64,6,56,60,49,80,44,36,27,59,7,55,85,104,39,11,23,97,110,121,129,70,14,16,102,28,34,89,96,122,20,54,78,103,77,94,87,47,81,5,22,105,83,93,30,51,111,45,
machine8:0,113,25,128,48,31,79,101,67,40,99,126,8,15,62,13,91,74,72,26,92,50,98,32,130,61,64,6,56,124,120,115,44,1,119,116,7,4,63,104,23,52,110,109,19,129,68,14,127,16,28,106,43,88,77,117,94,87,5,105,83,30,111,
machine9:0,29,113,25,69,18,128,48,57,12,31,79,101,67,42,40,99,126,8,66,15,62,13,3,91,74,72,82,26,108,58,92,50,98,32,130,17,61,64,6,56,38,60,124,49,73,120,80,41,115,44,90,36,1,119,118,27,116,107,7,55,4,75,2,63,104,39,11,23,52,97,110,109,19,121,129,70,68,123,14,127,16,102,28,34,89,35,106,43,54,114,103,88,77,9,117,94,87,47,81,5,105,83,93,30,51,111,45,
machine10:0,128,10,48,33,95,57,42,66,15,74,82,108,92,98,32,17,71,61,6,84,73,115,44,90,36,53,118,116,59,75,85,2,104,39,11,97,109,19,14,127,16,102,34,89,96,122,20,106,54,78,88,77,9,94,87,47,105,83,45,
machine11:0,113,69,128,10,48,33,95,76,57,31,125,101,67,42,8,66,15,74,72,82,108,92,50,98,32,17,71,61,64,6,84,73,100,41,115,44,90,36,119,53,118,116,21,59,46,107,4,75,85,2,63,104,39,11,52,97,109,19,121,129,70,68,123,14,127,16,102,28,34,89,24,96,122,86,20,106,43,54,114,78,103,88,77,9,117,94,87,47,81,22,105,83,93,30,51,111,45,
machine12:0,29,25,128,33,95,57,31,101,65,37,126,15,62,82,108,92,98,32,6,38,60,124,49,80,100,115,44,90,36,1,27,107,7,75,2,39,11,23,97,110,121,70,68,14,127,16,102,34,106,54,103,94,87,47,81,5,83,51,45,
machine13:0,29,25,18,128,33,95,57,31,101,67,42,65,40,37,126,66,15,62,13,3,74,72,82,26,108,92,50,98,32,17,71,61,6,56,38,60,84,124,49,73,80,100,115,44,90,36,1,119,53,118,27,116,59,107,7,55,4,75,2,63,104,39,11,23,52,97,110,109,19,121,70,68,14,127,16,102,28,34,96,86,35,106,54,114,78,103,94,87,47,81,5,105,83,93,30,51,111,45,

1to 1:
1to 2:32,97,55,128,90,65,39,51,72,1,60,68,129,74,29,107,28,66,93,84,101,19,14,58,
1to 3:10,112,46,9,102,96,115,43,27,113,116,88,86,108,63,8,114,22,71,110,78,83,21,130,
1to 4:91,18,5,73,118,117,121,105,50,80,61,25,54,98,56,87,89,109,45,7,
1to 5:85,20,122,103,123,59,4,11,70,111,94,47,75,81,24,77,53,106,2,
1to 6:104,124,3,34,100,52,92,126,16,44,49,38,35,127,
2to 1:79,24,73,125,52,15,96,56,3,16,106,44,54,
2to 2:
2to 3:124,12,64,60,85,61,99,129,5,51,23,19,57,101,104,28,36,48,14,4,
2to 4:120,29,58,26,130,55,114,93,126,128,1,42,72,103,102,11,83,94,
2to 5:69,21,90,50,97,32,31,82,105,115,45,92,119,30,
2to 6:65,107,80,75,59,33,71,47,67,17,68,109,6,87,
3to 1:4,11,31,33,40,48,57,59,65,89,92,104,121,127,64,123,85,37,7,82,18,80,100,61,23,122,50,124,
3to 2:20,26,30,44,45,54,67,71,87,94,102,103,105,109,111,119,126,130,56,125,52,21,112,
3to 3:
3to 4:6,8,9,14,16,38,39,41,49,60,63,70,99,115,129,81,43,12,
3to 5:17,22,28,36,51,76,78,83,86,88,114,128,42,113,117,15,46,
3to 6:1,5,19,32,66,72,106,110,116,108,95,84,93,27,
4to 1:69,13,120,12,27,62,26,97,32,88,49,108,99,75,110,111,17,94,
4to 2:79,124,123,35,64,8,3,5,23,16,31,70,106,36,47,121,4,
4to 3:117,91,58,98,34,128,77,82,105,1,42,45,92,72,68,119,11,127,87,
4to 4:
4to 5:9,43,89,52,41,129,74,19,57,101,104,48,67,116,102,66,14,6,
4to 6:90,73,118,29,40,50,55,60,114,15,2,63,61,7,51,39,115,103,30,
5to 1:101,8,109,84,68,66,36,72,93,95,34,10,42,41,76,115,
5to 2:96,17,104,127,116,48,6,59,33,57,83,15,78,22,118,
5to 3:39,121,2,24,125,20,32,81,67,
5to 4:28,92,30,108,113,64,51,107,47,44,69,77,123,82,
5to 5:
5to 6:31,119,4,54,98,53,70,128,11,97,111,74,86,
6to 1:14,103,102,83,105,28,6,2,98,67,119,90,74,81,39,25,114,30,78,45,
6to 2:82,50,53,86,108,110,42,
6to 3:47,54,70,56,26,55,3,31,37,18,15,126,33,40,94,38,111,80,97,
6to 4:17,106,36,19,57,75,68,52,35,23,66,62,116,34,13,101,
6to 5:127,61,93,107,16,118,121,84,63,87,95,109,100,96,44,73,71,
6to 6:

cell1:6,2,3,5,4,
cell2:1,5,4,3,6,
cell3:4,2,5,6,1,
cell4:1,6,2,3,5,
cell5:6,1,3,2,4,
cell6:1,2,5,4,3,
