machine1:0,69,18,128,57,12,33,112,79,15,66,23,126,37,82,40,64,39,8,13,99,104,80,121,91,92,56,108,74,72,34,55,47,17,60,70,32,7,71,124,20,49,44,73,36,77,5,90,21,1,76,59,118,28,129,46,102,4,116,103,75,63,19,11,26,109,85,111,81,68,16,127,24,122,86,43,9,35,54,114,83,88,30,105,
machine2:0,29,113,25,69,18,128,57,12,33,48,112,31,42,10,79,96,65,67,15,66,23,126,37,95,82,40,64,27,39,8,13,99,104,125,97,80,3,121,120,110,91,92,56,108,74,72,62,34,55,41,47,17,60,50,58,70,38,61,32,7,130,78,71,124,98,20,49,101,44,73,36,77,100,5,84,115,90,21,1,119,76,53,59,118,28,129,6,46,107,102,4,14,116,103,75,63,19,11,26,52,2,109,85,111,123,81,22,68,16,127,89,24,122,86,43,9,87,106,35,54,114,83,88,94,30,51,117,105,45,93,
machine3:0,29,128,57,48,31,96,65,67,23,126,82,39,99,104,97,80,3,121,120,110,92,56,74,72,17,60,70,61,32,78,20,101,36,84,115,1,119,59,28,129,6,102,4,14,116,103,11,109,111,22,68,127,87,54,114,94,30,51,105,45,93,
machine4:0,29,69,128,57,12,33,48,112,31,42,79,96,65,67,15,66,23,126,82,64,39,8,99,104,125,97,80,3,121,120,110,92,56,108,74,72,55,47,17,60,50,58,70,61,32,130,78,71,124,20,101,44,73,36,5,84,115,90,21,1,119,53,59,118,28,129,6,107,102,4,14,116,103,75,19,11,26,52,109,85,111,123,22,68,16,127,24,86,87,106,35,54,114,83,94,30,51,105,45,93,
machine5:0,113,18,128,57,12,33,48,112,31,42,10,96,65,67,15,66,23,126,37,95,82,40,64,27,39,8,99,104,125,97,80,3,121,110,91,92,56,108,72,34,55,41,47,17,60,50,58,70,38,61,32,7,130,78,71,124,98,20,49,101,44,36,77,100,5,84,115,21,1,119,76,59,28,129,6,46,102,4,14,116,103,63,19,11,26,52,2,109,85,111,123,81,22,68,16,127,89,24,122,86,43,9,87,106,54,114,83,88,94,30,51,117,105,45,93,
machine6:0,128,57,33,48,112,31,42,10,96,65,15,66,23,126,82,40,64,27,39,99,104,125,97,80,121,110,92,56,34,55,41,47,17,60,58,70,38,61,32,7,130,78,71,98,20,49,44,36,77,100,5,84,119,76,59,28,129,6,46,102,4,14,116,103,11,26,2,109,85,111,81,22,68,16,127,89,122,86,43,9,87,106,54,83,88,94,30,51,105,45,93,
machine7:0,57,42,96,66,23,82,64,27,39,104,97,80,121,110,56,34,55,47,60,70,61,7,78,20,49,44,36,77,5,59,28,129,6,102,14,103,11,85,111,81,22,16,89,122,87,54,83,94,30,51,105,45,93,
machine8:0,113,25,128,48,31,79,67,15,23,126,40,64,8,13,99,104,120,110,91,92,56,74,72,62,50,61,32,7,130,124,98,101,44,77,5,115,1,119,28,129,6,4,14,116,63,19,26,52,109,111,68,16,127,43,87,106,83,88,94,30,117,105,
machine9:0,29,113,25,69,18,128,57,12,48,31,42,79,67,15,66,23,126,82,40,64,27,39,8,13,99,104,97,80,3,121,120,110,91,92,56,108,74,72,62,34,55,41,47,17,60,50,58,70,38,61,32,7,130,124,98,49,101,44,73,36,77,5,115,90,1,119,118,28,129,6,107,102,4,14,116,103,75,63,19,11,26,52,2,109,111,123,81,68,16,127,89,43,9,87,106,35,54,114,83,88,94,30,51,117,105,45,93,
machine10:0,128,57,33,48,42,10,96,15,66,95,82,39,104,97,92,108,74,34,47,17,61,32,78,71,98,20,44,73,36,77,84,115,90,53,59,118,6,102,14,116,75,19,11,2,109,85,16,127,89,122,9,87,106,54,83,88,94,105,45,
machine11:0,113,69,128,57,33,48,31,42,10,96,67,15,66,95,82,64,39,8,104,125,97,121,92,108,74,72,34,41,47,17,50,70,61,32,78,71,98,20,101,44,73,36,77,100,84,115,90,21,119,76,53,59,118,28,129,6,46,107,102,4,14,116,103,75,63,19,11,52,2,109,85,111,123,81,22,68,16,127,89,24,122,86,43,9,87,106,54,114,83,88,94,30,51,117,105,45,93,
machine12:0,29,25,128,57,33,31,65,15,23,126,37,95,82,27,39,97,80,121,110,92,108,62,34,47,60,70,38,32,7,124,98,49,101,44,36,100,5,115,90,1,6,107,102,14,103,75,11,2,81,68,16,127,87,106,54,83,94,51,45,
machine13:0,29,25,18,128,57,33,31,42,96,65,67,15,66,23,126,37,95,82,40,27,39,13,104,97,80,3,121,110,92,56,108,74,72,62,34,55,47,17,60,50,70,38,61,32,7,78,71,124,98,49,101,44,73,36,100,5,84,115,90,1,119,53,59,118,28,6,107,102,4,14,116,103,75,63,19,11,26,52,2,109,111,81,68,16,127,86,87,106,35,54,114,83,94,30,51,105,45,93,

1to 1:
1to 2:32,97,55,128,90,65,39,51,72,1,60,68,129,74,29,107,28,66,93,84,101,19,14,58,
1to 3:10,112,46,9,102,96,115,43,27,113,116,88,86,108,63,8,114,22,71,110,78,83,21,130,
1to 4:91,18,5,73,118,117,121,105,50,80,61,25,54,98,56,87,89,109,45,7,
1to 5:85,20,122,103,123,59,4,11,70,111,94,47,75,81,24,77,53,106,2,
1to 6:104,124,3,34,100,52,92,126,16,44,49,38,35,127,
2to 1:73,106,24,15,79,52,16,96,54,125,44,3,56,
2to 2:
2to 3:23,129,28,124,101,64,19,36,85,12,51,57,61,48,5,60,14,104,99,4,
2to 4:26,29,114,42,126,120,128,102,83,11,103,130,72,94,1,58,93,55,
2to 5:90,115,31,69,105,50,82,32,97,45,21,30,119,92,
2to 6:17,59,65,80,67,47,109,107,33,87,6,71,75,68,
3to 1:4,7,11,31,33,37,40,48,57,59,64,65,82,85,89,92,104,121,123,127,18,80,100,61,23,122,50,124,
3to 2:20,26,30,44,45,54,56,67,71,87,94,102,103,105,109,111,119,125,126,130,52,21,112,
3to 3:
3to 4:6,8,9,12,14,16,38,39,41,43,49,60,63,70,81,99,115,129,
3to 5:17,22,28,36,42,51,76,78,83,86,88,114,128,113,117,15,46,
3to 6:1,5,19,32,66,72,106,108,110,116,95,84,93,27,
4to 1:69,13,120,12,27,62,26,97,32,88,49,108,99,75,110,111,17,94,
4to 2:79,124,123,35,64,8,3,5,23,16,31,70,106,36,47,121,4,
4to 3:117,91,58,98,34,128,77,82,105,1,42,45,92,72,68,119,11,127,87,
4to 4:
4to 5:9,43,89,52,41,129,74,19,57,101,104,48,67,116,102,66,14,6,
4to 6:90,73,118,29,40,50,55,60,114,15,2,63,61,7,51,39,115,103,30,
5to 1:34,36,41,42,66,68,72,76,84,93,109,115,10,95,101,8,
5to 2:6,15,22,33,48,57,59,78,83,116,118,127,104,17,96,
5to 3:20,32,67,81,121,125,2,39,24,
5to 4:30,44,47,51,64,77,82,107,108,123,92,69,28,113,
5to 5:
5to 6:4,11,54,70,74,86,97,111,128,119,98,53,31,
6to 1:6,28,30,39,45,67,74,78,81,83,102,103,114,119,2,105,90,98,14,25,
6to 2:42,82,86,108,110,53,50,
6to 3:3,15,31,33,38,40,47,54,70,80,94,97,111,126,55,56,26,18,37,
6to 4:17,23,34,36,57,62,66,68,101,116,75,52,13,35,19,106,
6to 5:16,44,63,71,87,96,109,121,127,73,84,61,93,95,100,118,107,
6to 6:

cell1:6,2,3,5,4,
cell2:5,3,4,1,6,
cell3:4,2,6,5,1,
cell4:1,6,2,3,5,
cell5:1,2,4,3,6,
cell6:1,3,4,2,5,
