machine1:0,162,27,7,110,149,54,138,107,13,9,82,87,10,35,104,37,163,40,166,28,171,135,68,156,18,116,118,137,59,167,50,134,6,133,29,70,30,157,100,65,123,128,74,53,67,88,32,36,45,1,141,150,90,34,147,103,180,83,79,49,114,61,125,112,8,81,63,109,20,127,140,39,2,170,155,102,69,101,15,98,129,55,64,21,86,92,96,4,179,80,144,108,176,91,148,132,46,158,131,169,56,75,178,154,24,51,89,139,164,22,73,72,94,14,62,
machine2:0,162,27,7,110,43,149,44,54,138,107,33,60,152,13,160,9,122,41,82,87,3,25,48,10,35,104,78,37,163,40,166,28,171,120,135,68,156,18,116,118,137,59,52,167,172,50,134,6,133,29,70,30,157,100,17,65,123,128,74,53,67,88,99,32,36,45,1,141,150,90,34,97,147,136,76,103,180,83,26,85,79,106,49,114,93,12,61,125,112,8,81,63,109,20,23,127,140,39,16,42,2,170,71,155,102,111,57,161,69,66,101,47,15,173,98,165,145,129,19,55,64,21,86,92,96,5,4,179,80,119,84,144,113,108,124,176,91,148,132,153,46,158,131,169,130,159,56,121,95,75,151,105,58,178,143,154,24,51,142,175,177,89,115,117,31,139,164,22,73,77,38,11,72,94,14,62,174,168,146,126,
machine3:0,162,27,149,54,138,60,152,160,9,122,41,87,3,25,48,10,78,163,40,171,120,68,156,116,118,59,52,167,134,6,133,29,157,17,65,123,128,74,53,99,32,1,141,90,76,180,83,26,85,79,49,114,93,61,81,109,23,140,39,16,2,170,71,155,102,161,66,101,98,5,4,179,80,84,108,148,169,130,159,121,95,151,105,178,143,24,51,142,177,89,115,31,139,164,77,38,72,146,
machine4:0,162,27,7,149,44,54,138,107,60,152,13,160,9,122,41,87,3,25,48,10,35,104,78,163,40,166,171,120,135,68,156,18,116,118,59,52,167,172,50,134,6,133,29,30,157,100,17,65,123,128,74,53,67,99,32,36,45,1,141,150,90,34,97,147,136,76,180,83,26,85,79,106,49,114,93,12,61,112,8,81,63,109,20,23,127,140,39,16,2,170,71,155,102,111,57,161,69,66,101,173,98,19,55,64,21,5,4,179,80,119,84,144,108,124,176,91,148,132,153,46,158,131,169,130,159,56,121,95,75,151,105,58,178,143,154,24,51,142,177,89,115,117,31,139,164,22,77,38,72,94,14,62,174,168,146,126,
machine5:0,162,27,7,110,43,149,44,33,13,122,41,87,3,25,48,104,37,163,28,120,135,118,137,59,52,172,29,70,30,17,67,88,32,36,150,97,147,136,76,103,180,26,114,12,61,125,112,8,81,63,109,23,127,16,42,2,71,102,111,57,66,47,15,165,145,129,55,92,5,84,113,176,91,148,153,46,130,159,121,95,105,58,154,142,175,177,115,117,31,73,11,14,62,126,
machine6:0,162,27,7,110,43,149,44,54,138,33,152,13,160,9,122,41,82,87,3,25,48,35,104,78,37,163,40,166,28,171,120,135,156,18,116,118,137,59,52,167,172,50,134,133,29,70,30,157,100,17,65,128,74,53,67,88,32,36,45,150,90,97,147,136,76,103,180,83,26,85,79,106,114,12,61,125,112,8,81,63,109,23,127,39,16,42,2,170,71,102,111,57,69,66,47,15,173,165,145,129,19,55,64,86,92,96,5,179,119,84,144,113,124,176,91,148,132,153,46,131,169,130,159,56,121,95,105,58,178,154,24,51,142,175,177,89,115,117,31,22,73,77,38,11,14,62,174,168,126,
machine7:0,7,43,107,33,60,152,13,9,82,104,37,116,30,100,65,128,99,36,34,97,147,83,85,106,93,125,63,20,23,127,39,42,71,155,161,69,66,101,47,15,173,165,145,129,19,55,64,21,86,96,5,4,80,119,84,113,108,124,176,91,132,153,46,158,131,169,130,159,56,121,95,75,151,105,58,178,143,154,24,51,142,175,177,89,115,117,31,139,164,22,73,77,38,11,72,94,14,62,174,168,146,126,
machine8:0,162,27,7,110,43,149,44,107,33,60,152,13,160,9,41,82,3,48,10,35,104,78,37,166,28,171,120,135,68,156,18,116,118,137,59,52,167,172,50,6,133,29,70,30,157,100,65,123,128,74,88,99,32,36,45,1,141,90,34,97,147,136,103,180,83,85,106,49,114,93,12,125,81,63,20,23,127,140,39,42,2,170,71,155,111,57,161,69,66,101,47,15,173,98,165,145,129,19,55,64,21,86,92,96,5,4,80,119,84,144,113,108,124,176,91,132,153,46,158,131,169,130,159,56,121,95,75,151,105,58,178,143,154,24,51,142,175,177,89,115,117,31,139,164,22,73,77,38,11,72,94,14,62,174,168,146,126,

1to 1:
1to 2:144,155,72,98,161,79,150,76,158,151,40,68,34,67,93,101,157,118,3,21,173,39,24,61,55,167,104,108,169,139,153,20,51,65,69,89,106,
1to 3:111,27,172,28,19,26,179,162,148,87,8,42,134,70,109,17,92,84,168,82,90,44,116,131,18,71,102,180,127,2,166,15,97,32,135,136,5,170,62,77,36,23,12,7,
1to 4:174,145,6,137,110,86,96,146,113,142,11,165,103,117,141,38,99,88,31,74,85,133,73,4,35,45,75,164,49,176,64,95,129,41,94,91,177,154,46,80,59,119,114,29,178,120,
2to 1:174,6,48,27,122,146,148,16,25,8,109,30,17,140,31,138,149,81,78,112,90,44,133,123,35,45,2,22,66,135,41,152,177,46,59,13,114,36,52,120,
2to 2:
2to 3:54,53,100,142,132,124,117,67,126,163,74,58,85,83,147,24,55,128,169,153,64,95,159,154,51,119,65,29,106,115,
2to 4:155,10,111,72,98,143,172,107,1,158,151,162,68,57,156,63,50,131,18,71,39,127,60,171,139,166,97,32,9,136,160,170,130,14,56,77,105,12,89,121,
3to 1:145,144,54,37,53,79,33,150,76,40,142,11,124,117,43,57,38,63,163,157,50,118,3,173,61,128,104,176,64,9,129,91,160,154,14,29,178,105,
3to 2:174,111,172,19,26,122,179,87,16,25,134,156,84,31,138,149,112,116,131,18,102,45,180,171,166,41,136,177,46,59,130,56,77,23,12,120,7,121,
3to 3:
3to 4:47,48,175,28,125,100,132,70,30,168,81,126,78,58,83,147,24,2,55,22,167,66,135,159,152,5,51,13,62,52,69,115,
4to 1:47,10,175,143,107,161,1,19,125,100,162,132,42,34,92,156,84,126,93,82,58,101,116,21,71,83,180,147,127,60,167,108,169,171,15,97,32,153,159,20,170,130,56,65,69,23,7,106,121,115,
4to 2:48,27,124,141,38,30,140,99,168,81,78,74,90,85,44,123,4,75,164,22,49,128,66,176,95,94,91,152,5,80,13,119,62,36,52,178,
4to 3:144,137,110,86,37,33,96,113,165,103,43,57,88,63,149,157,133,73,50,118,35,3,173,39,104,9,160,14,114,105,89,
4to 4:

cell1:2,4,3,
cell2:1,4,3,
cell3:1,4,2,
cell4:3,1,2,
