Test problems	Ins1	mean_time	max	min	mean	var
1	921.0	8342.0	921.0	921.0	921.0	NaN	
1	921.0	8138.0	921.0	921.0	921.0	NaN	
1	872.3	8078.0	872.3	872.3	872.3	NaN	
1	872.3	8216.0	872.3	872.3	872.3	NaN	
1	910.5	7929.0	910.5	910.5	910.5	NaN	
2	2146.7000000000003	15222.0	2146.7000000000003	2146.7000000000003	2146.7000000000003	NaN	
2	2203.8	15329.0	2203.8	2203.8	2203.8	NaN	
2	2092.6	15891.0	2092.6	2092.6	2092.6	NaN	
2	2196.4	16871.0	2196.4	2196.4	2196.4	NaN	
2	2186.6000000000004	15029.0	2186.6000000000004	2186.6000000000004	2186.6000000000004	NaN	
