machine1:0,69,18,128,12,33,112,79,57,39,126,92,8,40,37,15,13,108,99,91,72,56,66,74,64,82,17,71,32,60,124,44,73,7,49,90,76,36,1,80,21,118,59,46,26,55,116,129,23,121,75,104,19,11,4,63,85,109,70,68,20,16,127,102,28,34,24,86,43,35,54,114,122,88,77,103,9,47,81,5,30,83,105,111,
machine2:0,29,113,25,69,101,18,128,48,12,33,112,31,42,79,57,10,65,39,67,126,92,8,40,37,15,125,13,62,108,3,99,91,72,58,95,56,66,74,64,82,17,50,61,71,32,130,60,38,124,100,44,73,120,98,7,49,90,41,76,115,36,84,1,80,21,119,118,27,6,59,46,53,107,26,55,116,129,23,2,121,75,104,19,11,4,63,85,97,110,109,123,52,70,14,68,20,16,127,102,96,28,34,89,24,86,43,35,54,114,106,78,122,87,88,77,103,9,117,47,81,5,94,22,30,83,93,51,105,111,45,
machine3:0,29,101,128,48,31,57,65,39,67,126,92,3,99,72,56,74,82,17,61,32,60,120,115,36,84,1,80,119,6,59,116,129,23,121,104,11,4,97,110,109,70,14,68,20,127,102,96,28,54,114,78,87,103,94,22,30,93,51,105,111,45,
machine4:0,29,69,101,128,48,12,33,112,31,42,79,57,65,39,67,126,92,8,15,125,108,3,99,72,58,56,66,74,64,82,17,50,61,71,32,130,60,124,44,73,120,90,115,36,84,1,80,21,119,118,6,59,53,107,26,55,116,129,23,121,75,104,19,11,4,85,97,110,109,123,52,70,14,68,20,16,127,102,96,28,24,86,35,54,114,106,78,87,103,47,5,94,22,30,83,93,51,105,111,45,
machine5:0,113,101,18,128,48,12,33,112,31,42,57,10,65,39,67,126,92,8,40,37,15,125,108,3,99,91,72,58,95,56,66,64,82,17,50,61,71,32,130,60,38,124,100,44,98,7,49,41,76,115,36,84,1,80,21,119,27,6,59,46,26,55,116,129,23,2,121,104,19,11,4,63,85,97,110,109,123,52,70,14,68,20,16,127,102,96,28,34,89,24,86,43,54,114,106,78,122,87,88,77,103,9,117,47,81,5,94,22,30,83,93,51,105,111,45,
machine6:0,128,48,33,112,31,42,57,10,65,39,126,92,40,15,125,99,58,56,66,64,82,17,61,71,32,130,60,38,100,44,98,7,49,41,76,36,84,80,119,27,6,59,46,26,55,116,129,23,2,121,104,11,4,85,97,110,109,70,14,68,20,16,127,102,96,28,34,89,86,43,54,106,78,122,87,88,77,103,9,47,81,5,94,22,30,83,93,51,105,111,45,
machine7:0,42,57,39,56,66,64,82,61,60,44,7,49,36,80,27,6,59,55,129,23,121,104,11,85,97,110,70,14,20,16,102,96,28,34,89,54,78,122,87,77,103,47,81,5,94,22,30,83,93,51,105,111,45,
machine8:0,113,25,101,128,48,31,79,67,126,92,8,40,15,13,62,99,91,72,56,74,64,50,61,32,130,124,44,120,98,7,115,1,119,6,26,116,129,23,104,19,4,63,110,109,52,14,68,16,127,28,43,106,87,88,77,117,5,94,30,83,105,111,
machine9:0,29,113,25,69,101,18,128,48,12,31,42,79,57,39,67,126,92,8,40,15,13,62,108,3,99,91,72,58,56,66,74,64,82,17,50,61,32,130,60,38,124,44,73,120,98,7,49,90,41,115,36,1,80,119,118,27,6,107,26,55,116,129,23,2,121,75,104,19,11,4,63,97,110,109,123,52,70,14,68,16,127,102,28,34,89,43,35,54,114,106,87,88,77,103,9,117,47,81,5,94,30,83,93,51,105,111,45,
machine10:0,128,48,33,42,57,10,39,92,15,108,95,66,74,82,17,61,71,32,44,73,98,90,115,36,84,118,6,59,53,116,2,75,104,19,11,85,97,109,14,20,16,127,102,96,34,89,54,106,78,122,87,88,77,9,47,94,83,105,45,
machine11:0,113,69,101,128,48,33,31,42,57,10,39,67,92,8,15,125,108,72,95,66,74,64,82,17,50,61,71,32,100,44,73,98,90,41,76,115,36,84,21,119,118,6,59,46,53,107,116,129,2,121,75,104,19,11,4,63,85,97,109,123,52,70,14,68,20,16,127,102,96,28,34,89,24,86,43,54,114,106,78,122,87,88,77,103,9,117,47,81,94,22,30,83,93,51,105,111,45,
machine12:0,29,25,101,128,33,31,57,65,39,126,92,37,15,62,108,95,82,32,60,38,124,100,44,98,7,49,90,115,36,1,80,27,6,107,23,2,121,75,11,97,110,70,14,68,16,127,102,34,54,106,87,103,47,81,5,94,83,51,45,
machine13:0,29,25,101,18,128,33,31,42,57,65,39,67,126,92,40,37,15,13,62,108,3,72,95,56,66,74,82,17,50,61,71,32,60,38,124,100,44,73,98,7,49,90,115,36,84,1,80,119,118,27,6,59,53,107,26,55,116,23,2,121,75,104,19,11,4,63,97,110,109,52,70,14,68,16,127,102,96,28,34,86,35,54,114,106,78,87,103,47,81,5,94,30,83,93,51,105,111,45,

1to 1:
1to 2:32,97,55,128,90,65,39,51,72,1,60,68,129,74,29,107,28,66,93,84,101,19,14,58,
1to 3:10,112,46,9,102,96,115,43,27,113,116,88,86,108,63,8,114,22,71,110,78,83,21,130,
1to 4:91,18,5,73,118,117,121,105,50,80,61,25,54,98,56,87,89,109,45,7,
1to 5:85,20,122,103,123,59,4,11,70,111,94,47,75,81,24,77,53,106,2,
1to 6:104,124,3,34,100,52,92,126,16,44,49,38,35,127,
2to 1:79,24,73,125,52,15,96,56,3,16,106,44,54,
2to 2:
2to 3:124,12,64,60,85,61,99,129,5,51,23,19,57,101,104,28,36,48,14,4,
2to 4:120,29,58,26,130,55,114,93,126,128,1,42,72,103,102,11,83,94,
2to 5:69,21,90,50,97,32,31,82,105,115,45,92,119,30,
2to 6:65,107,80,75,59,33,71,47,67,17,68,109,6,87,
3to 1:4,11,31,33,40,48,57,59,65,89,92,104,121,127,64,123,85,37,7,82,18,80,100,61,23,122,50,124,
3to 2:20,26,30,44,45,54,67,71,87,94,102,103,105,109,111,119,126,130,56,125,52,21,112,
3to 3:
3to 4:6,8,9,14,16,38,39,41,49,60,63,70,99,115,129,81,43,12,
3to 5:17,22,28,36,51,76,78,83,86,88,114,128,42,113,117,15,46,
3to 6:1,5,19,32,66,72,106,110,116,108,95,84,93,27,
4to 1:69,13,120,12,27,62,26,97,32,88,49,108,99,75,110,111,17,94,
4to 2:79,124,123,35,64,8,3,5,23,16,31,70,106,36,47,121,4,
4to 3:117,91,58,98,34,128,77,82,105,1,42,45,92,72,68,119,11,127,87,
4to 4:
4to 5:9,43,89,52,41,129,74,19,57,101,104,48,67,116,102,66,14,6,
4to 6:90,73,118,29,40,50,55,60,114,15,2,63,61,7,51,39,115,103,30,
5to 1:101,109,8,66,68,72,36,84,93,34,95,42,10,115,41,76,
5to 2:127,17,104,96,116,6,48,59,83,57,33,78,15,22,118,
5to 3:121,39,2,24,20,125,67,81,32,
5to 4:30,92,28,108,44,113,51,47,64,107,77,69,82,123,
5to 5:
5to 6:4,54,119,31,70,11,98,128,53,111,97,74,86,
6to 1:6,28,30,39,45,67,74,78,81,83,102,103,114,119,2,105,90,98,14,25,
6to 2:42,82,86,108,110,53,50,
6to 3:3,15,31,33,38,40,47,54,70,80,94,97,111,126,55,56,26,18,37,
6to 4:17,23,34,36,57,62,66,68,101,116,75,52,13,35,19,106,
6to 5:16,44,63,71,87,96,109,121,127,73,84,61,93,95,100,118,107,
6to 6:

cell1:6,2,3,5,4,
cell2:1,5,4,3,6,
cell3:4,2,5,6,1,
cell4:1,6,2,3,5,
cell5:6,4,3,1,2,
cell6:1,3,4,2,5,
