machine1:0,69,18,128,57,12,33,39,112,79,124,15,37,66,126,23,40,49,82,64,13,104,108,8,99,121,80,91,74,32,92,56,72,55,34,47,60,5,17,71,70,7,20,1,44,73,36,77,118,59,90,21,76,28,129,46,35,102,4,116,103,63,75,19,11,26,111,109,85,68,81,16,127,86,24,122,43,9,54,114,83,30,88,105,
machine2:0,113,25,69,101,18,128,96,57,12,33,39,48,112,31,42,10,79,124,67,65,15,37,110,66,126,23,40,95,49,82,64,13,104,27,108,8,99,97,125,3,121,80,120,91,74,32,92,56,62,72,55,34,47,41,60,5,17,71,50,58,61,70,7,38,130,78,20,98,1,44,73,36,77,100,84,118,59,115,107,90,21,119,53,76,28,129,6,46,35,102,4,14,116,103,63,75,19,11,26,111,52,2,109,85,68,123,81,29,22,16,127,89,86,24,122,43,9,87,106,54,114,83,30,51,88,94,117,105,45,93,
machine3:0,101,128,96,57,39,48,31,67,65,110,126,23,82,104,99,97,3,121,80,120,74,32,92,56,72,60,17,61,70,78,20,1,36,84,59,115,119,28,129,6,102,4,14,116,103,11,111,109,68,29,22,127,87,54,114,30,51,94,105,45,93,
machine4:0,69,101,128,96,57,12,33,39,48,112,31,42,79,124,67,65,15,110,66,126,23,82,64,104,108,8,99,97,125,3,121,80,120,74,32,92,56,72,55,47,60,5,17,71,50,58,61,70,130,78,20,1,44,73,36,84,118,59,115,107,90,21,119,53,28,129,6,35,102,4,14,116,103,75,19,11,26,111,52,109,85,68,123,29,22,16,127,86,24,87,106,54,114,83,30,51,94,105,45,93,
machine5:0,113,101,18,128,96,57,12,33,39,48,112,31,42,10,124,67,65,15,37,110,66,126,23,40,95,49,82,64,104,27,108,8,99,97,125,3,121,80,91,32,92,56,72,55,34,47,41,60,5,17,71,50,58,61,70,7,38,130,78,20,98,1,44,36,77,100,84,59,115,21,119,76,28,129,6,46,102,4,14,116,103,63,19,11,26,111,52,2,109,85,68,123,81,22,16,127,89,86,24,122,43,9,87,106,54,114,83,30,51,88,94,117,105,45,93,
machine6:0,128,96,57,33,39,48,112,31,42,10,65,15,110,66,126,23,40,49,82,64,104,27,99,97,125,121,80,32,92,56,55,34,47,41,60,5,17,71,58,61,70,7,38,130,78,20,98,44,36,77,100,84,59,119,76,28,129,6,46,102,4,14,116,103,11,26,111,2,109,85,68,81,22,16,127,89,86,122,43,9,87,106,54,83,30,51,88,94,105,45,93,
machine7:0,96,57,39,42,110,66,23,49,82,64,104,27,97,121,80,56,55,34,47,60,5,61,70,7,78,20,44,36,77,59,28,129,6,102,14,103,11,111,85,81,22,16,89,122,87,54,83,30,51,94,105,45,93,
machine8:0,113,25,101,128,48,31,79,124,67,15,110,126,23,40,64,13,104,8,99,120,91,74,32,92,56,62,72,5,50,61,7,130,98,1,44,77,115,119,28,129,6,4,14,116,63,19,26,111,52,109,68,16,127,43,87,106,83,30,88,94,117,105,
machine9:0,113,25,69,101,18,128,57,12,39,48,31,42,79,124,67,15,110,66,126,23,40,49,82,64,13,104,27,108,8,99,97,3,121,80,120,91,74,32,92,56,62,72,55,34,47,41,60,5,17,50,58,61,70,7,38,130,98,1,44,73,36,77,118,115,107,90,119,28,129,6,35,102,4,14,116,103,63,75,19,11,26,111,52,2,109,68,123,81,29,16,127,89,43,9,87,106,54,114,83,30,51,88,94,117,105,45,93,
machine10:0,128,96,57,33,39,48,42,10,15,66,95,82,104,108,97,74,32,92,34,47,17,71,61,78,20,98,44,73,36,77,84,118,59,115,90,53,6,102,14,116,75,19,11,2,109,85,16,127,89,122,9,87,106,54,83,88,94,105,45,
machine11:0,113,69,101,128,96,57,33,39,48,31,42,10,67,15,66,95,82,64,104,108,8,97,125,121,74,32,92,72,34,47,41,17,71,50,61,70,78,20,98,44,73,36,77,100,84,118,59,115,107,90,21,119,53,76,28,129,6,46,102,4,14,116,103,63,75,19,11,111,52,2,109,85,68,123,81,22,16,127,89,86,24,122,43,9,87,106,54,114,83,30,51,88,94,117,105,45,93,
machine12:0,25,101,128,57,33,39,31,124,65,15,37,110,126,23,95,49,82,27,108,97,121,80,32,92,62,34,47,60,5,70,7,38,98,1,44,36,100,115,107,90,6,102,14,103,75,11,2,68,81,29,16,127,87,106,54,83,51,94,45,
machine13:0,25,101,18,128,96,57,33,39,31,42,124,67,65,15,37,110,66,126,23,40,95,49,82,13,104,27,108,97,3,121,80,74,32,92,56,62,72,55,34,47,60,5,17,71,50,61,70,7,38,78,98,1,44,73,36,100,84,118,59,115,107,90,119,53,28,6,35,102,4,14,116,103,63,75,19,11,26,111,52,2,109,68,81,29,16,127,86,87,106,54,114,83,30,51,94,105,45,93,

1to 1:
1to 2:32,97,55,128,90,65,39,51,72,1,60,68,129,74,29,107,28,66,93,84,101,19,14,58,
1to 3:10,112,46,9,102,96,115,43,27,113,116,88,86,108,63,8,114,22,71,110,78,83,21,130,
1to 4:91,18,5,73,118,117,121,105,50,80,61,25,54,98,56,87,89,109,45,7,
1to 5:85,20,122,103,123,59,4,11,70,111,94,47,75,81,24,77,53,106,2,
1to 6:104,124,3,34,100,52,92,126,16,44,49,38,35,127,
2to 1:79,24,73,125,52,15,96,56,3,16,106,44,54,
2to 2:
2to 3:124,12,64,60,85,61,99,129,5,51,23,19,57,101,104,28,36,48,14,4,
2to 4:120,29,58,26,130,55,114,93,126,128,1,42,72,103,102,11,83,94,
2to 5:69,21,90,50,97,32,31,82,105,115,45,92,119,30,
2to 6:65,107,80,75,59,33,71,47,67,17,68,109,6,87,
3to 1:4,11,31,33,40,48,57,59,65,89,92,104,121,127,64,123,85,37,7,82,18,80,100,61,23,122,50,124,
3to 2:20,26,30,44,45,54,67,71,87,94,102,103,105,109,111,119,126,130,56,125,52,21,112,
3to 3:
3to 4:6,8,9,14,16,38,39,41,49,60,63,70,99,115,129,81,43,12,
3to 5:17,22,28,36,51,76,78,83,86,88,114,128,42,113,117,15,46,
3to 6:1,5,19,32,66,72,106,110,116,108,95,84,93,27,
4to 1:69,13,120,12,27,62,26,97,32,88,49,108,99,75,110,111,17,94,
4to 2:79,124,123,35,64,8,3,5,23,16,31,70,106,36,47,121,4,
4to 3:117,91,58,98,34,128,77,82,105,1,42,45,92,72,68,119,11,127,87,
4to 4:
4to 5:9,43,89,52,41,129,74,19,57,101,104,48,67,116,102,66,14,6,
4to 6:90,73,118,29,40,50,55,60,114,15,2,63,61,7,51,39,115,103,30,
5to 1:10,34,36,41,42,66,68,72,76,84,93,95,101,109,115,8,
5to 2:6,15,17,22,33,48,57,59,78,83,104,116,118,127,96,
5to 3:2,20,32,39,67,81,121,125,24,
5to 4:28,30,44,47,51,64,69,77,82,92,107,108,123,113,
5to 5:
5to 6:4,11,54,70,74,86,97,98,111,119,128,53,31,
6to 1:14,103,102,83,105,28,6,2,98,67,119,90,74,81,39,25,114,30,78,45,
6to 2:82,50,53,86,108,110,42,
6to 3:47,54,70,56,26,55,3,31,37,18,15,126,33,40,94,38,111,80,97,
6to 4:17,106,36,19,57,75,68,52,35,23,66,62,116,34,13,101,
6to 5:127,61,93,107,16,118,121,84,63,87,95,109,100,96,44,73,71,
6to 6:

cell1:6,2,3,5,4,
cell2:1,5,4,3,6,
cell3:4,2,5,6,1,
cell4:1,6,2,3,5,
cell5:1,4,3,2,6,
cell6:1,2,5,4,3,
