machine1:0,69,128,18,57,12,33,112,79,124,39,64,82,37,49,126,40,15,23,108,8,66,13,32,55,80,104,99,91,121,92,56,47,72,74,34,17,60,7,5,71,20,70,1,44,73,77,118,36,28,90,59,21,76,129,46,35,102,116,103,63,11,19,75,4,111,85,109,68,26,127,81,16,86,24,122,43,54,9,114,83,30,88,105,
machine2:0,113,25,69,101,128,18,96,57,12,48,33,31,112,42,79,10,124,67,65,39,64,82,37,49,110,126,40,15,95,23,108,8,66,13,27,97,32,125,55,80,104,99,91,121,3,92,56,47,72,74,62,34,17,60,7,5,58,71,120,50,61,20,70,130,78,98,38,1,44,73,77,100,118,119,41,36,115,28,90,59,21,84,53,76,107,129,6,46,35,102,116,103,63,2,11,14,19,75,4,111,52,85,109,68,123,29,26,22,127,81,89,16,86,24,122,43,87,106,54,9,114,83,30,51,88,94,117,105,45,93,
machine3:0,101,128,96,57,48,31,67,65,39,82,110,126,23,97,32,80,104,99,121,3,92,56,72,74,17,60,120,61,20,70,78,1,119,36,115,28,59,84,129,6,102,116,103,11,14,4,111,109,68,29,22,127,87,54,114,30,51,94,105,45,93,
machine4:0,69,101,128,96,57,12,48,33,31,112,42,79,124,67,65,39,64,82,110,126,15,23,108,8,66,97,32,125,55,80,104,99,121,3,92,56,47,72,74,17,60,5,58,71,120,50,61,20,70,130,78,1,44,73,118,119,36,115,28,90,59,21,84,53,107,129,6,35,102,116,103,11,14,19,75,4,111,52,85,109,68,123,29,26,22,127,16,86,24,87,106,54,114,83,30,51,94,105,45,93,
machine5:0,113,101,128,18,96,57,12,48,33,31,112,42,10,124,67,65,39,64,82,37,49,110,126,40,15,95,23,108,8,66,27,97,32,125,55,80,104,99,91,121,3,92,56,47,72,34,17,60,7,5,58,71,50,61,20,70,130,78,98,38,1,44,77,100,119,41,36,115,28,59,21,84,76,129,6,46,102,116,103,63,2,11,14,19,4,111,52,85,109,68,123,26,22,127,81,89,16,86,24,122,43,87,106,54,9,114,83,30,51,88,94,117,105,45,93,
machine6:0,128,96,57,48,33,31,112,42,10,65,39,64,82,49,110,126,40,15,23,66,27,97,32,125,55,80,104,99,121,92,56,47,34,17,60,7,5,58,71,61,20,70,130,78,98,38,44,77,100,119,41,36,28,59,84,76,129,6,46,102,116,103,2,11,14,4,111,85,109,68,26,22,127,81,89,16,86,122,43,87,106,54,9,83,30,51,88,94,105,45,93,
machine7:0,96,57,42,39,64,82,49,110,23,66,27,97,55,80,104,121,56,47,34,60,7,5,61,20,70,78,44,77,36,28,59,129,6,102,103,11,14,111,85,22,81,89,16,122,87,54,83,30,51,94,105,45,93,
machine8:0,113,25,101,128,48,31,79,124,67,64,110,126,40,15,23,8,13,32,104,99,91,92,56,72,74,62,7,5,120,50,61,130,98,1,44,77,119,115,28,129,6,116,63,14,19,4,111,52,109,68,26,127,16,43,87,106,83,30,88,94,117,105,
machine9:0,113,25,69,101,128,18,57,12,48,31,42,79,124,67,39,64,82,49,110,126,40,15,23,108,8,66,13,27,97,32,55,80,104,99,91,121,3,92,56,47,72,74,62,34,17,60,7,5,58,120,50,61,70,130,98,38,1,44,73,77,118,119,41,36,115,28,90,107,129,6,35,102,116,103,63,2,11,14,19,75,4,111,52,109,68,123,29,26,127,81,89,16,43,87,106,54,9,114,83,30,51,88,94,117,105,45,93,
machine10:0,128,96,57,48,33,42,10,39,82,15,95,108,66,97,32,104,92,47,74,34,17,71,61,20,78,98,44,73,77,118,36,115,90,59,84,53,6,102,116,2,11,14,19,75,85,109,127,89,16,122,87,106,54,9,83,88,94,105,45,
machine11:0,113,69,101,128,96,57,48,33,31,42,10,67,39,64,82,15,95,108,8,66,97,32,125,104,121,92,47,72,74,34,17,71,50,61,20,70,78,98,44,73,77,100,118,119,41,36,115,28,90,59,21,84,53,76,107,129,6,46,102,116,103,63,2,11,14,19,75,4,111,52,85,109,68,123,22,127,81,89,16,86,24,122,43,87,106,54,9,114,83,30,51,88,94,117,105,45,93,
machine12:0,25,101,128,57,33,31,124,65,39,82,37,49,110,126,15,95,23,108,27,97,32,80,121,92,47,62,34,60,7,5,70,98,38,1,44,100,36,115,90,107,6,102,103,2,11,14,75,68,29,127,81,16,87,106,54,83,51,94,45,
machine13:0,25,101,128,18,96,57,33,31,42,124,67,65,39,82,37,49,110,126,40,15,95,23,108,66,13,27,97,32,55,80,104,121,3,92,56,47,72,74,62,34,17,60,7,5,71,50,61,70,78,98,38,1,44,73,100,118,119,36,115,28,90,59,84,53,107,6,35,102,116,103,63,2,11,14,19,75,4,111,52,109,68,29,26,127,81,16,86,87,106,54,114,83,30,51,94,105,45,93,

1to 1:
1to 2:1,14,19,28,39,51,58,60,66,68,72,74,84,93,101,107,129,29,128,55,65,97,32,90,
1to 3:8,22,63,71,78,83,86,88,96,102,108,110,114,115,116,130,21,27,43,113,9,46,10,112,
1to 4:7,45,54,56,61,80,87,89,98,105,109,121,50,118,25,5,73,117,18,91,
1to 5:2,4,11,47,59,70,75,77,81,94,103,106,111,53,24,122,123,20,85,
1to 6:16,35,38,44,49,92,104,126,127,52,34,3,100,124,
2to 1:73,106,24,15,79,52,16,96,54,125,44,3,56,
2to 2:
2to 3:23,129,28,124,101,64,19,36,85,12,51,57,61,48,5,60,14,104,99,4,
2to 4:26,29,114,42,126,120,128,102,83,11,103,130,72,94,1,58,93,55,
2to 5:90,115,31,69,105,50,82,32,97,45,21,30,119,92,
2to 6:17,59,65,80,67,47,109,107,33,87,6,71,75,68,
3to 1:4,7,11,31,33,37,40,48,57,59,64,65,82,85,89,92,104,121,123,127,18,80,100,61,23,122,50,124,
3to 2:20,26,30,44,45,54,56,67,71,87,94,102,103,105,109,111,119,125,126,130,52,21,112,
3to 3:
3to 4:6,8,9,12,14,16,38,39,41,43,49,60,63,70,81,99,115,129,
3to 5:17,22,28,36,42,51,76,78,83,86,88,114,128,113,117,15,46,
3to 6:1,5,19,32,66,72,106,108,110,116,95,84,93,27,
4to 1:69,13,120,12,27,62,26,97,32,88,49,108,99,75,110,111,17,94,
4to 2:79,124,123,35,64,8,3,5,23,16,31,70,106,36,47,121,4,
4to 3:117,91,58,98,34,128,77,82,105,1,42,45,92,72,68,119,11,127,87,
4to 4:
4to 5:9,43,89,52,41,129,74,19,57,101,104,48,67,116,102,66,14,6,
4to 6:90,73,118,29,40,50,55,60,114,15,2,63,61,7,51,39,115,103,30,
5to 1:34,36,41,42,66,68,72,76,84,93,109,115,10,95,101,8,
5to 2:6,15,22,33,48,57,59,78,83,116,118,127,104,17,96,
5to 3:20,32,67,81,121,125,2,39,24,
5to 4:30,44,47,51,64,77,82,107,108,123,92,69,28,113,
5to 5:
5to 6:4,11,54,70,74,86,97,111,128,119,98,53,31,
6to 1:6,28,30,39,45,67,74,78,81,83,102,103,114,119,2,105,90,98,14,25,
6to 2:42,82,86,108,110,53,50,
6to 3:3,15,31,33,38,40,47,54,70,80,94,97,111,126,55,56,26,18,37,
6to 4:17,23,34,36,57,62,66,68,101,116,75,52,13,35,19,106,
6to 5:16,44,63,71,87,96,109,121,127,73,84,61,93,95,100,118,107,
6to 6:

cell1:5,6,2,3,4,
cell2:5,3,4,1,6,
cell3:4,2,6,5,1,
cell4:1,6,2,3,5,
cell5:1,2,4,3,6,
cell6:1,3,4,2,5,
