10 10 3 3 3

1 1 1 2 2 2 3 3 3 3 

0 15 18 
27 0 18 
9 9 0 

0 1 1 
1 0 1 
1 1 0 

9 6 8 8 9 8 7 8 7 9 
7 7 6 9 6 7 5 9 9 9 
8 8 7 7 5 9 5 6 8 5 

9    0    468    0.1
0 0 0 0 0 0 35 0 0 0 
0 0 0 0 0 0 0 16 0 0 
0 0 0 0 0 0 0 0 61 0 
78 0 0 0 0 0 0 0 0 0 
0 38 0 0 0 0 0 0 0 0 
0 0 78 0 0 0 0 0 0 0 
0 0 0 93 0 0 0 0 0 0 
0 0 0 0 21 0 0 0 0 0 
0 0 0 0 0 89 0 0 0 0 
5    2    273    0.2
34 0 0 0 0 0 0 0 0 0 
0 77 0 0 0 0 0 0 0 0 
0 0 0 0 0 0 0 0 56 0 
0 0 0 37 0 0 0 0 0 0 
0 0 0 0 46 0 0 0 0 0 
8    1    539    0.3
85 0 0 0 0 0 0 0 0 0 
0 1 0 0 0 0 0 0 0 0 
0 0 52 0 0 0 0 0 0 0 
0 0 0 0 0 0 87 0 0 0 
0 0 0 0 0 0 0 84 0 0 
0 0 0 0 0 0 0 0 99 0 
0 0 0 97 0 0 0 0 0 0 
0 0 0 0 9 0 0 0 0 0 
9    2    407    0.3
0 0 0 0 0 0 60 0 0 0 
0 0 0 0 0 0 0 17 0 0 
0 0 0 0 0 0 0 0 16 0 
0 0 0 0 0 0 0 0 0 59 
0 0 0 23 0 0 0 0 0 0 
0 0 0 0 88 0 0 0 0 0 
93 0 0 0 0 0 0 0 0 0 
0 32 0 0 0 0 0 0 0 0 
0 0 2 0 0 0 0 0 0 0 
7    2    398    0.1
0 0 0 0 0 0 42 0 0 0 
0 0 0 0 0 0 0 9 0 0 
0 0 0 0 0 0 0 0 86 0 
70 0 0 0 0 0 0 0 0 0 
0 0 0 80 0 0 0 0 0 0 
0 0 0 0 96 0 0 0 0 0 
0 0 0 0 0 60 0 0 0 0 
5    0    173    0.7
0 0 0 0 0 0 75 0 0 0 
0 0 0 0 0 0 0 21 0 0 
0 0 0 0 0 0 0 0 54 0 
26 0 0 0 0 0 0 0 0 0 
0 2 0 0 0 0 0 0 0 0 
6    2    448    0.7
75 0 0 0 0 0 0 0 0 0 
0 33 0 0 0 0 0 0 0 0 
0 0 0 95 0 0 0 0 0 0 
0 0 0 0 76 0 0 0 0 0 
0 0 0 0 0 95 0 0 0 0 
0 0 0 0 0 0 0 0 25 0 
8    0    542    0.7
0 0 0 0 0 0 48 0 0 0 
0 0 0 0 0 0 0 68 0 0 
0 0 0 0 0 0 0 0 81 0 
0 0 0 0 0 0 0 0 0 52 
0 0 0 34 0 0 0 0 0 0 
0 0 0 0 58 0 0 0 0 0 
67 0 0 0 0 0 0 0 0 0 
0 78 0 0 0 0 0 0 0 0 
5    1    250    0.8
9 0 0 0 0 0 0 0 0 0 
0 4 0 0 0 0 0 0 0 0 
0 0 91 0 0 0 0 0 0 0 
0 0 0 0 0 0 0 0 77 0 
0 0 0 17 0 0 0 0 0 0 
6    0    159    0.5
35 0 0 0 0 0 0 0 0 0 
0 0 0 20 0 0 0 0 0 0 
0 0 0 0 0 0 29 0 0 0 
0 0 0 0 0 0 0 72 0 0 
0 0 0 0 0 0 0 0 51 0 
0 0 0 0 0 0 0 0 0 6 
