machine1:0,30,111,91,15,90,65,45,41,11,31,88,112,16,66,61,60,54,9,87,109,24,48,92,73,108,25,38,89,19,97,37,18,117,49,59,69,105,29,116,40,12,76,103,10,98,50,17,21,71,28,67,86,85,47,96,13,84,104,115,1,63,78,118,23,93,72,2,102,75,53,57,51,44,43,20,74,
machine2:0,30,111,91,36,15,100,90,7,65,45,41,11,39,31,70,55,88,112,106,16,95,66,61,60,54,46,9,87,109,79,24,58,48,92,73,108,52,25,38,89,83,68,19,97,37,18,117,49,59,69,34,110,4,105,29,116,42,40,12,76,56,81,103,10,5,6,114,98,50,82,33,17,119,21,71,28,27,3,67,86,14,85,80,22,47,96,62,13,84,104,115,1,63,8,107,78,32,101,35,118,26,23,93,72,113,77,2,102,120,75,64,53,57,51,99,94,44,43,20,74,
machine3:0,91,100,65,45,41,39,70,112,54,87,109,48,92,73,108,38,97,4,116,12,103,5,33,21,71,27,3,67,86,85,80,22,62,13,84,1,63,78,32,101,118,93,72,113,77,2,102,120,64,57,51,99,94,44,43,20,74,
machine4:0,111,91,36,15,100,90,65,45,41,39,31,70,55,88,112,106,16,95,66,54,87,109,24,58,48,92,73,108,38,83,97,37,117,49,69,110,4,105,116,42,12,76,56,81,103,10,5,6,114,98,50,33,17,119,21,71,27,3,67,86,14,85,80,22,47,62,13,84,1,63,8,107,78,32,101,35,118,26,93,72,113,77,2,102,120,64,53,57,51,99,94,44,43,20,74,
machine5:0,30,111,91,36,100,90,7,45,41,11,39,31,70,55,88,112,106,16,95,66,61,60,54,46,9,87,109,79,24,58,48,92,73,108,52,25,38,89,83,68,19,97,37,18,49,59,69,34,110,4,116,42,40,12,56,81,103,10,5,6,114,50,82,33,119,21,71,28,3,67,86,14,85,80,22,47,96,62,13,84,104,115,1,63,8,78,32,118,93,113,77,2,102,64,53,57,51,99,94,44,43,74,
machine6:0,30,111,91,36,100,90,7,45,41,39,31,70,88,112,106,16,95,61,60,54,46,9,79,24,58,48,92,73,108,52,25,38,89,83,68,19,49,69,110,4,116,42,40,12,81,103,10,5,6,114,50,82,21,71,3,86,85,80,47,62,13,84,104,1,8,78,32,118,93,113,57,51,99,94,43,74,
machine7:0,30,111,91,36,90,7,39,31,88,112,106,95,61,54,46,24,58,108,52,25,38,89,83,68,86,85,47,13,1,8,78,118,93,113,57,99,94,43,
machine8:0,100,65,11,39,31,70,55,106,16,95,61,54,87,109,24,48,92,73,25,38,89,18,110,4,12,56,103,5,98,82,28,27,86,14,85,80,47,96,62,84,104,115,1,8,107,32,35,118,26,23,120,75,64,53,94,20,74,
machine9:0,30,111,36,15,100,90,65,45,11,39,31,70,55,88,112,106,16,95,61,54,46,9,87,109,79,24,58,48,92,73,25,38,89,68,19,97,37,18,117,69,110,4,105,42,12,76,56,81,103,10,5,114,98,82,17,119,21,71,28,27,3,67,86,14,85,80,22,47,96,62,13,84,104,115,1,63,8,107,78,32,101,35,118,26,23,93,113,2,102,120,75,64,53,57,94,44,43,20,74,
machine10:0,30,111,91,36,15,100,90,7,65,45,41,11,31,70,55,88,112,106,16,95,66,61,60,54,46,9,87,109,79,24,48,92,73,108,52,25,38,89,83,68,19,97,18,117,59,69,34,110,4,105,29,116,42,40,76,81,103,10,5,6,98,50,82,33,17,119,21,71,28,27,3,86,14,85,80,47,62,13,84,104,115,1,63,107,78,101,35,118,26,23,93,72,113,77,2,120,75,64,53,51,99,94,44,43,20,74,
machine11:0,30,111,91,15,100,90,7,65,45,41,11,31,70,55,112,16,95,66,60,9,87,109,79,24,48,92,73,38,89,83,19,97,59,34,4,29,42,40,81,103,10,5,50,82,33,17,119,3,86,14,85,80,47,62,13,84,104,1,78,101,35,118,26,72,113,2,120,75,99,44,43,20,74,
machine12:0,91,15,100,90,7,65,45,41,11,31,70,55,112,16,95,66,60,9,87,109,79,24,48,92,73,89,83,19,97,34,4,29,103,5,119,14,80,62,13,104,78,101,35,26,2,120,99,44,43,

1to 1:
1to 2:22,114,72,102,106,36,39,57,51,32,83,99,76,101,119,24,91,43,
1to 3:37,69,7,77,33,19,34,60,66,116,46,14,55,100,25,6,41,2,44,88,111,4,89,95,92,80,54,
1to 4:96,81,64,75,115,82,53,42,97,79,17,30,15,26,21,71,65,93,10,118,31,90,63,94,109,86,
1to 5:23,35,104,27,105,59,11,50,112,108,110,120,45,113,62,5,20,74,78,70,84,
2to 1:56,69,58,35,117,49,98,27,105,33,116,17,15,55,71,88,65,8,95,80,38,1,13,
2to 2:
2to 3:22,81,36,42,39,50,112,108,32,110,21,87,45,62,90,73,16,86,85,
2to 4:67,114,106,14,12,120,76,101,119,113,5,74,78,70,84,
2to 5:53,97,107,100,41,93,111,118,48,4,24,3,91,103,47,63,94,54,
3to 1:118,108,61,113,102,114,18,64,40,99,104,78,11,94,96,53,74,3,12,90,62,48,93,50,
3to 2:14,37,1,49,56,103,67,71,58,31,13,38,70,63,41,84,
3to 3:
3to 4:92,54,24,100,45,8,57,44,68,16,25,2,28,47,55,
3to 5:51,87,7,46,52,60,77,66,85,89,95,73,86,33,116,6,83,9,109,43,82,81,115,10,88,21,
4to 1:37,67,22,36,28,19,39,107,57,32,110,45,111,9,103,20,47,70,85,
4to 2:69,117,27,105,112,26,100,87,44,88,93,118,48,4,3,8,73,80,94,
4to 3:56,58,102,115,82,11,97,12,10,119,5,63,38,1,109,43,
4to 4:
4to 5:18,106,98,64,68,42,79,30,15,55,25,2,76,65,61,31,90,16,92,13,
5to 1:29,81,72,52,75,34,68,97,51,14,83,26,21,87,44,101,119,4,73,16,86,54,43,
5to 2:77,98,64,66,42,17,110,6,120,2,10,113,5,20,74,92,109,78,
5to 3:18,106,28,40,59,53,79,30,99,71,61,31,48,24,3,91,47,13,84,
5to 4:69,23,35,117,104,36,19,107,46,112,111,9,89,103,62,95,80,38,1,85,
5to 5:

cell1:2,3,4,5,
cell2:1,3,4,5,
cell3:1,2,4,5,
cell4:1,5,2,3,
cell5:1,4,3,2,
