machine1:0,30,111,91,15,90,45,65,41,11,31,88,112,66,16,109,92,87,60,54,9,61,43,38,73,13,108,1,25,24,48,89,78,2,19,97,44,18,117,37,57,49,51,59,67,69,63,102,20,93,105,12,29,116,40,76,103,10,98,72,50,71,21,17,28,85,86,84,118,96,47,104,115,23,75,53,74,
machine2:0,30,111,91,36,15,100,90,7,45,65,41,11,39,31,70,55,88,112,106,66,16,109,92,95,87,60,54,9,46,61,43,38,79,73,58,13,108,1,25,24,48,89,78,83,101,113,2,52,68,19,97,44,18,117,37,57,49,51,59,67,69,34,63,99,102,3,20,110,93,4,105,81,12,29,116,42,40,76,56,80,32,103,10,5,114,6,22,77,98,72,50,82,33,119,71,21,17,28,27,8,14,64,85,86,84,118,96,47,104,115,94,26,35,120,62,107,23,75,53,74,
machine3:0,91,100,45,65,41,39,70,112,109,92,87,54,43,38,73,13,108,1,48,78,101,113,2,97,44,57,51,67,63,99,102,3,20,93,4,12,116,80,32,103,5,22,77,72,33,71,21,27,64,85,86,84,118,94,120,62,74,
machine4:0,111,91,36,15,100,90,45,65,41,39,31,70,55,88,112,106,66,16,109,92,95,87,54,43,38,73,58,13,108,1,24,48,78,83,101,113,2,97,44,117,37,57,49,51,67,69,63,99,102,3,20,110,93,4,105,81,12,116,42,76,56,80,32,103,10,5,114,6,22,77,98,72,50,33,119,71,21,17,27,8,14,64,85,86,84,118,47,94,26,35,120,62,107,53,74,
machine5:0,30,111,91,36,100,90,7,45,41,11,39,31,70,55,88,112,106,66,16,109,92,95,87,60,54,9,46,61,43,38,79,73,58,13,108,1,25,24,48,89,78,83,113,2,52,68,19,97,44,18,37,57,49,51,59,67,69,34,63,99,102,3,110,93,4,81,12,116,42,40,56,80,32,103,10,5,114,6,22,77,50,82,33,119,71,21,28,8,14,64,85,86,84,118,96,47,104,115,94,62,53,74,
machine6:0,30,111,91,36,100,90,7,45,41,39,31,70,88,112,106,16,92,95,60,54,9,46,61,43,38,79,73,58,13,108,1,25,24,48,89,78,83,113,52,68,19,57,49,51,69,99,3,110,93,4,81,12,116,42,40,80,32,103,10,5,114,6,50,82,71,21,8,85,86,84,118,47,104,94,62,74,
machine7:0,30,111,91,36,90,7,39,31,88,112,106,95,54,46,61,43,38,58,13,108,1,25,24,89,78,83,113,52,68,57,99,93,8,85,86,118,47,94,
machine8:0,100,65,11,39,31,70,55,106,16,109,92,95,87,54,61,38,73,1,25,24,48,89,18,20,110,4,12,56,80,32,103,5,98,82,28,27,8,14,64,85,86,84,118,96,47,104,115,94,26,35,120,62,107,23,75,53,74,
machine9:0,30,111,36,15,100,90,45,65,11,39,31,70,55,88,112,106,16,109,92,95,87,54,9,46,61,43,38,79,73,58,13,1,25,24,48,89,78,101,113,2,68,19,97,44,18,117,37,57,67,69,63,102,3,20,110,93,4,105,81,12,42,76,56,80,32,103,10,5,114,22,98,82,119,71,21,17,28,27,8,14,64,85,86,84,118,96,47,104,115,94,26,35,120,62,107,23,75,53,74,
machine10:0,30,111,91,36,15,100,90,7,45,65,41,11,31,70,55,88,112,106,66,16,109,92,95,87,60,54,9,46,61,43,38,79,73,13,108,1,25,24,48,89,78,83,101,113,2,52,68,19,97,44,18,117,51,59,69,34,63,99,3,20,110,93,4,105,81,29,116,42,40,76,80,103,10,5,6,77,98,72,50,82,33,119,71,21,17,28,27,14,64,85,86,84,118,47,104,115,94,26,35,120,62,107,23,75,53,74,
machine11:0,30,111,91,15,100,90,7,45,65,41,11,31,70,55,112,66,16,109,92,95,87,60,9,43,38,79,73,13,1,24,48,89,78,83,101,113,2,19,97,44,59,34,99,3,20,4,81,29,42,40,80,103,10,5,72,50,82,33,119,17,14,85,86,84,118,47,104,26,35,120,62,75,74,
machine12:0,91,15,100,90,7,45,65,41,11,31,70,55,112,66,16,109,92,95,87,60,9,43,79,73,13,24,48,89,78,83,101,2,19,97,44,34,99,4,29,80,103,5,119,14,104,26,35,120,62,

1to 1:
1to 2:22,114,72,102,106,36,39,57,51,32,83,99,76,101,119,24,91,43,
1to 3:37,69,7,77,33,19,34,60,66,116,46,14,55,100,25,6,41,2,44,88,111,4,89,95,92,80,54,
1to 4:96,81,64,75,115,82,53,42,97,79,17,30,15,26,21,71,65,93,10,118,31,90,63,94,109,86,
1to 5:23,35,104,27,105,59,11,50,112,108,110,120,45,113,62,5,20,74,78,70,84,
2to 1:56,69,58,35,117,49,98,27,105,33,116,17,15,55,71,88,65,8,95,80,38,1,13,
2to 2:
2to 3:22,81,36,42,39,50,112,108,32,110,21,87,45,62,90,73,16,86,85,
2to 4:67,114,106,14,12,120,76,101,119,113,5,74,78,70,84,
2to 5:53,97,107,100,41,93,111,118,48,4,24,3,91,103,47,63,94,54,
3to 1:118,108,61,113,102,114,18,64,40,99,104,78,11,94,96,53,74,3,12,90,62,48,93,50,
3to 2:14,37,1,49,56,103,67,71,58,31,13,38,70,63,41,84,
3to 3:
3to 4:92,54,24,100,45,8,57,44,68,16,25,2,28,47,55,
3to 5:51,87,7,46,52,60,77,66,85,89,95,73,86,33,116,6,83,9,109,43,82,81,115,10,88,21,
4to 1:37,67,22,36,28,19,39,107,57,32,110,45,111,9,103,20,47,70,85,
4to 2:69,117,27,105,112,26,100,87,44,88,93,118,48,4,3,8,73,80,94,
4to 3:56,58,102,115,82,11,97,12,10,119,5,63,38,1,109,43,
4to 4:
4to 5:18,106,98,64,68,42,79,30,15,55,25,2,76,65,61,31,90,16,92,13,
5to 1:73,119,83,14,21,97,29,81,16,86,101,68,52,87,43,54,26,51,75,72,44,34,4,
5to 2:66,20,78,92,98,64,10,74,120,42,77,113,17,5,110,2,6,109,
5to 3:48,53,30,79,71,59,91,84,3,13,61,106,31,47,28,40,18,24,99,
5to 4:103,69,85,9,89,62,19,104,112,107,111,35,36,46,23,80,1,38,117,95,
5to 5:

cell1:2,3,4,5,
cell2:1,3,4,5,
cell3:1,2,4,5,
cell4:1,5,2,3,
cell5:4,1,2,3,
