machine1:0,40,86,94,9,99,111,10,69,75,49,113,147,140,23,97,82,155,43,18,107,93,95,90,125,109,15,143,60,123,142,133,45,141,76,129,50,39,121,101,119,160,151,1,78,85,6,62,112,81,77,67,80,139,150,46,135,158,25,89,14,87,100,105,110,159,132,22,63,104,59,146,83,68,102,149,58,2,153,21,72,124,148,88,156,136,116,96,35,61,71,53,70,120,128,52,92,126,131,106,74,66,47,56,55,41,65,127,91,145,154,42,134,24,37,130,57,152,33,144,5,28,117,51,73,54,34,8,64,20,122,26,115,108,16,118,84,103,7,3,17,27,29,12,36,31,19,137,38,44,32,13,11,48,138,4,30,98,157,79,114,
machine2:0,40,49,113,140,23,97,82,155,18,93,95,90,109,15,143,60,142,133,45,141,76,50,39,121,119,160,151,78,85,112,81,67,80,139,150,46,135,158,14,87,100,159,132,22,104,59,146,83,68,102,149,58,153,21,124,88,156,136,116,96,35,61,71,53,70,120,128,92,126,131,106,74,47,56,55,41,65,127,91,145,154,42,134,37,130,57,152,33,144,5,28,117,51,73,54,34,8,20,122,26,115,108,16,118,84,103,7,3,17,27,29,12,36,31,19,137,38,32,13,11,48,138,4,30,98,157,79,114,
machine3:0,40,49,113,140,23,155,18,95,90,109,15,143,60,142,133,45,141,76,121,119,160,78,85,81,67,80,150,46,135,158,14,100,159,132,22,104,59,68,102,149,58,153,124,88,156,35,61,71,70,120,92,74,47,56,65,127,91,145,154,42,134,37,130,57,152,144,28,54,34,20,122,26,108,118,7,3,27,36,31,19,38,32,11,138,157,
machine4:0,69,75,147,23,97,43,18,107,95,143,60,141,76,101,119,85,6,150,46,158,89,14,100,105,110,159,132,104,83,2,153,124,148,136,116,70,106,66,56,55,41,65,91,145,134,37,130,33,144,5,51,54,34,64,122,26,108,16,118,103,7,3,17,27,36,137,44,32,13,11,48,138,4,30,98,79,
machine5:0,86,94,99,111,69,75,147,140,23,97,155,43,18,107,95,15,143,60,123,142,45,141,76,39,101,119,160,151,85,6,67,80,139,150,46,135,158,89,14,87,100,105,110,159,132,22,63,104,83,58,2,153,124,148,88,136,116,96,71,70,120,128,131,106,74,66,47,56,55,41,65,127,91,145,42,134,37,130,57,152,33,144,5,117,51,73,54,34,64,20,122,26,108,16,118,103,7,3,17,27,12,36,31,19,137,44,32,13,11,48,138,4,30,98,79,
machine6:0,94,9,99,111,10,75,49,113,147,140,23,97,82,155,43,18,107,93,95,90,125,109,15,143,60,123,133,45,141,76,129,50,39,119,160,151,1,78,85,6,62,112,77,67,80,139,150,46,135,158,25,89,14,100,105,159,132,22,63,104,59,83,149,58,153,21,72,124,88,116,35,61,71,53,70,128,126,131,106,74,66,47,56,55,41,127,91,145,154,42,134,24,37,130,57,152,33,144,28,117,51,73,54,34,8,26,115,108,16,118,84,103,7,3,17,27,29,12,36,31,19,137,32,13,11,48,138,30,98,157,
machine7:0,94,9,111,75,49,113,147,140,23,82,155,43,18,107,93,95,90,125,109,143,60,123,45,141,76,50,119,1,85,77,139,46,135,158,89,14,100,132,22,63,104,59,149,21,72,124,88,35,71,70,126,131,106,74,66,56,55,41,91,145,154,42,24,37,130,57,152,33,144,28,117,51,73,54,34,8,26,115,16,118,84,7,3,17,27,12,36,31,19,32,13,11,48,138,30,157,
machine8:0,9,75,49,113,147,140,23,82,155,43,93,95,90,143,60,45,141,50,1,85,46,135,158,100,132,22,63,104,149,72,124,35,71,70,131,106,56,55,41,145,154,42,37,130,57,33,144,117,73,34,115,16,118,3,17,27,12,31,19,32,13,11,138,30,
machine9:0,40,94,9,99,111,10,69,75,49,113,147,23,97,155,18,107,93,95,90,125,109,143,60,123,133,141,76,129,50,121,119,160,151,1,78,85,6,62,112,81,77,67,80,150,46,135,158,89,14,87,100,105,159,132,22,63,104,59,68,102,58,2,153,21,72,88,156,116,96,35,61,71,53,70,52,126,106,74,66,56,55,41,127,91,145,154,42,134,37,130,57,152,33,144,5,28,117,51,73,54,34,8,64,20,122,26,115,108,16,118,84,103,7,3,17,27,12,36,31,19,137,38,44,32,13,11,48,138,30,79,
machine10:0,99,111,69,75,49,147,23,155,18,107,93,95,125,143,60,133,76,129,121,119,151,1,6,62,81,77,67,80,150,46,135,158,14,87,100,105,159,132,22,63,104,59,68,102,58,153,72,116,96,35,61,71,53,70,126,106,74,66,56,55,41,127,91,145,42,134,37,130,57,152,33,144,5,28,117,73,54,34,8,64,122,26,115,16,118,84,103,7,3,27,36,19,137,38,44,32,13,11,48,79,
machine11:0,99,111,75,49,147,23,155,107,95,125,60,76,129,121,119,151,6,81,77,150,46,135,158,14,100,159,22,63,104,68,58,153,72,116,35,70,126,106,74,56,55,41,127,37,130,152,28,117,73,8,64,16,84,103,3,27,36,137,38,44,13,11,48,79,
machine12:0,86,9,111,49,113,147,18,93,95,125,15,133,119,151,85,112,81,77,80,46,158,25,14,132,22,63,104,58,153,21,124,156,116,35,71,128,52,92,74,56,127,91,42,134,24,37,130,57,152,33,144,117,51,73,34,8,26,115,108,118,84,103,3,17,27,12,36,19,44,13,11,48,4,30,114,
machine13:0,40,86,9,111,10,75,49,113,147,23,155,18,107,93,95,125,109,15,142,133,45,141,50,121,119,151,1,85,62,112,81,77,80,46,158,25,14,87,100,159,132,22,63,104,59,146,83,102,149,58,2,153,21,72,124,156,116,96,35,61,71,70,128,52,92,106,74,56,41,65,127,91,145,42,134,24,37,130,57,152,33,144,5,117,51,73,54,34,8,122,26,115,108,118,84,103,3,17,27,29,12,36,19,38,44,32,13,11,48,4,30,98,79,114,
machine14:0,40,86,94,10,69,75,49,113,147,140,23,97,82,155,43,18,107,93,95,90,125,109,143,60,123,142,133,45,141,76,50,39,121,101,119,160,151,1,78,85,6,62,112,81,77,67,139,150,46,135,158,25,89,14,100,105,110,159,132,22,63,104,59,146,83,68,149,58,2,153,21,72,124,148,88,136,116,96,35,61,71,53,70,120,128,52,92,126,131,106,74,55,41,65,127,91,145,42,134,24,37,130,57,152,33,144,5,28,117,51,54,34,8,26,115,16,118,84,103,7,3,17,27,29,12,36,31,19,137,38,44,32,13,11,48,138,4,30,157,79,114,
machine15:0,40,86,94,10,69,147,140,23,97,82,43,18,107,93,95,125,109,143,60,123,142,133,45,141,76,50,121,101,119,160,151,1,78,85,6,112,81,77,67,139,150,158,25,14,100,105,110,159,132,22,63,104,59,146,68,149,58,153,124,148,88,136,116,96,35,61,70,52,126,131,106,74,55,41,65,127,145,42,134,37,130,57,152,144,5,28,117,51,54,34,8,115,16,118,84,7,3,17,12,36,31,19,137,38,44,32,13,11,48,138,30,79,114,
machine16:0,94,147,23,97,107,93,125,109,143,60,123,142,45,76,50,101,119,78,85,6,112,67,139,14,105,110,159,132,22,63,59,68,149,153,116,35,70,106,74,65,127,42,134,57,152,144,5,28,117,54,34,8,115,118,84,7,17,12,32,79,

1to 1:
1to 2:101,110,64,20,139,80,39,138,88,16,124,155,30,41,46,70,127,147,42,13,100,57,3,54,23,152,
1to 3:29,66,82,47,108,90,43,97,10,61,67,45,93,137,135,62,12,123,150,48,91,55,22,58,104,11,
1to 4:129,102,40,2,122,68,59,109,125,49,77,105,32,18,71,119,118,158,
1to 5:52,24,15,4,50,113,1,96,21,128,83,112,81,132,44,26,115,151,153,51,106,134,63,141,36,85,56,130,17,95,37,
1to 6:148,78,136,53,140,89,65,142,6,121,76,143,133,74,72,14,60,84,33,160,159,116,35,144,117,
2to 1:120,98,140,108,43,96,131,83,69,111,79,143,26,105,60,151,55,71,119,17,95,27,
2to 2:
2to 3:139,99,80,15,94,132,74,14,73,153,159,46,116,107,134,42,63,19,130,
2to 4:66,6,67,31,135,76,5,12,123,155,160,70,22,36,85,56,104,23,152,
2to 5:87,145,103,13,57,34,54,117,
2to 6:101,97,86,128,45,7,150,91,75,124,41,18,147,141,100,158,
3to 1:37,144,130,32,13,118,106,6,49,133,149,25,15,9,154,41,28,56,138,116,74,127,129,16,
3to 2:71,36,103,85,111,7,137,12,75,76,66,17,140,135,47,97,51,45,
3to 3:
3to 4:117,42,58,48,134,30,145,100,21,115,89,33,8,73,80,54,99,91,153,113,78,62,126,
3to 5:152,159,11,125,22,19,23,84,72,108,35,27,98,3,14,
3to 6:57,107,131,26,90,67,59,34,93,157,61,24,88,1,70,39,31,112,151,94,50,
4to 1:85,57,81,89,44,112,31,123,3,84,76,73,104,78,8,20,64,67,50,94,115,121,137,150,153,22,30,117,11,99,
4to 2:122,159,141,116,106,108,14,143,87,95,55,33,107,132,130,58,
4to 3:1,9,13,23,160,158,151,60,7,41,152,88,77,34,51,105,6,53,103,133,28,144,154,
4to 4:
4to 5:156,48,119,109,147,93,18,59,80,79,111,12,75,2,155,100,71,127,5,
4to 6:145,21,138,16,118,135,54,17,49,69,32,27,40,10,19,126,63,38,37,36,62,46,125,
5to 1:92,29,156,87,102,122,142,10,61,45,93,38,125,5,77,72,14,103,147,42,35,58,158,34,
5to 2:2,98,65,86,128,79,48,91,73,18,134,63,56,104,144,11,
5to 3:25,50,113,21,112,111,49,145,75,124,33,30,32,70,127,118,
5to 4:52,9,1,132,133,26,74,151,51,41,46,107,141,19,27,37,
5to 5:
5to 6:114,146,4,96,83,109,149,81,44,153,8,155,106,71,22,119,85,95,3,
6to 1:88,145,126,63,68,7,86,152,132,146,12,139,19,114,24,54,39,157,134,70,52,107,110,113,51,48,91,82,23,75,46,2,36,59,
6to 2:148,69,142,136,118,43,32,131,120,31,160,5,4,123,34,27,44,117,26,37,105,89,
6to 3:147,128,138,95,18,141,100,16,155,149,143,8,119,115,83,84,109,17,
6to 4:55,61,79,90,11,94,130,3,53,150,60,103,137,28,35,13,72,127,97,96,57,106,159,
6to 5:104,62,77,65,124,116,29,10,42,144,158,33,30,58,25,38,121,92,40,74,
6to 6:

cell1:3,4,6,5,2,
cell2:1,6,3,4,5,
cell3:4,2,1,5,6,
cell4:6,2,3,5,1,
cell5:1,3,6,2,4,
cell6:4,3,1,2,5,
