machine1:0,4,8,12,1,14,7,6,15,3,13,11,2,10,5,9,
machine2:0,4,8,12,1,14,6,13,11,2,10,5,9,
machine3:0,8,12,1,13,11,5,9,
machine4:0,8,12,14,7,6,15,3,13,11,2,10,5,9,
machine5:0,8,14,7,6,15,3,13,11,2,5,9,
machine6:0,8,14,6,13,11,5,
machine7:0,4,8,12,1,6,3,13,2,10,5,9,
machine8:0,4,8,12,1,6,3,13,10,
machine9:0,4,8,6,13,
machine10:0,4,8,12,1,14,7,6,15,3,13,11,10,5,9,
machine11:0,4,7,6,15,3,11,10,5,9,
machine12:0,4,6,15,3,11,5,

1to 1:
1to 2:14,15,
1to 3:2,12,8,
1to 4:4,11,1,
2to 1:7,6,2,8,11,13,
2to 2:
2to 3:9,5,3,
2to 4:10,14,12,
3to 1:10,
3to 2:12,6,13,
3to 3:
3to 4:5,8,3,9,
4to 1:15,9,3,5,
4to 2:7,
4to 3:4,13,1,10,6,
4to 4:

cell1:2,4,3,
cell2:3,1,4,
cell3:2,4,1,
cell4:2,3,1,
