machine1:0,77,96,85,68,13,110,104,64,50,63,17,67,55,136,39,147,66,123,4,106,57,134,20,47,25,53,7,139,89,93,32,141,76,3,113,2,111,78,92,58,18,90,21,143,127,48,97,12,9,34,26,83,45,150,43,79,60,56,75,8,35,61,10,109,14,1,86,91,42,98,142,120,107,65,29,19,
machine2:0,5,85,84,74,68,13,72,59,104,119,50,67,39,54,121,123,116,4,106,57,134,145,47,25,149,131,53,139,89,30,32,31,3,113,23,44,2,111,78,92,58,146,115,36,130,21,100,143,132,48,97,33,46,9,49,124,114,102,71,122,150,22,81,125,128,73,60,56,144,75,101,35,10,14,1,86,42,98,142,118,120,105,107,133,80,
machine3:0,11,13,126,104,64,119,17,6,67,136,39,54,116,24,57,134,149,131,53,93,141,3,23,108,44,2,111,58,18,21,100,132,127,48,97,137,33,12,49,34,124,148,114,71,95,45,150,81,125,128,73,60,56,101,69,8,61,10,1,86,98,120,107,133,19,
machine4:0,37,11,15,16,74,68,110,72,59,129,38,63,40,147,66,54,123,116,103,27,106,145,20,47,112,53,41,7,139,89,30,76,31,23,2,78,92,58,18,90,135,143,127,48,137,140,124,26,148,114,102,95,122,45,150,43,22,82,81,79,60,144,52,35,61,10,14,1,91,118,105,29,
machine5:0,77,11,51,96,99,84,110,126,59,104,87,50,40,17,6,67,55,70,39,147,121,123,24,103,62,57,134,47,25,131,53,41,7,139,93,32,141,113,28,108,44,2,92,115,18,90,130,135,21,143,132,48,33,12,46,49,26,148,83,122,45,79,128,73,56,52,101,69,8,61,10,1,86,42,98,142,105,133,80,29,19,
machine6:0,11,51,5,84,68,13,72,138,104,38,64,63,17,136,54,121,106,62,57,145,47,25,53,41,139,93,32,3,108,44,78,92,146,90,36,21,100,143,48,97,12,46,49,26,102,83,95,122,150,22,128,60,101,8,61,10,109,1,86,142,120,107,133,29,
machine7:0,77,117,85,16,126,72,94,138,50,17,136,54,121,123,24,103,106,134,47,25,53,7,93,31,3,113,23,108,44,2,92,18,36,130,21,100,132,48,97,33,12,140,9,124,102,71,122,45,150,82,81,128,69,8,35,1,86,91,42,98,142,120,107,80,19,
machine8:0,51,117,85,16,84,13,110,126,59,94,138,63,40,67,70,136,39,54,116,24,103,27,57,149,112,131,41,139,30,141,31,3,108,2,111,92,90,46,49,26,114,102,95,122,150,43,81,79,128,56,75,8,35,109,1,42,142,118,107,133,65,29,19,
machine9:0,99,110,72,104,88,38,87,17,39,147,116,4,24,103,106,62,57,20,25,53,139,108,44,2,78,58,146,18,130,132,127,48,97,46,34,124,102,71,83,122,45,150,43,79,128,144,75,61,10,109,1,91,42,105,107,133,29,19,
machine10:0,51,68,13,72,87,119,40,6,147,66,54,123,145,20,112,131,53,41,89,93,32,141,3,113,108,44,111,78,58,146,130,143,132,48,137,33,12,34,124,26,148,71,83,122,45,150,22,82,125,128,60,56,101,35,10,109,98,80,19,
machine11:0,37,96,99,5,84,13,110,72,88,38,87,63,17,39,147,54,121,116,103,27,57,134,145,20,47,149,112,131,41,7,139,89,32,76,31,113,108,44,92,58,146,115,18,90,135,21,100,143,132,127,33,140,46,49,34,114,102,71,122,150,22,82,81,60,56,144,52,75,101,61,10,14,1,91,42,142,65,29,
machine12:0,37,77,11,96,99,117,16,74,13,126,59,129,104,50,63,17,6,70,136,54,121,116,4,27,145,20,47,25,149,112,7,139,89,30,93,32,141,31,113,28,108,44,146,18,130,135,21,143,127,48,97,33,46,34,114,102,71,45,150,43,81,79,128,60,56,101,69,61,109,1,91,42,142,118,105,133,80,29,19,
machine13:0,77,51,117,15,85,16,72,88,87,63,40,17,6,55,70,39,54,121,116,24,103,27,62,57,47,25,112,131,53,41,7,93,141,76,31,3,113,108,111,78,92,146,115,18,130,135,21,143,127,48,137,33,46,9,114,102,83,95,122,128,56,144,101,8,35,61,10,14,86,91,42,98,142,118,105,65,
machine14:0,77,96,68,13,72,59,88,38,87,119,50,40,6,67,55,70,147,54,121,4,24,103,106,62,57,134,145,20,25,149,53,41,7,93,32,31,3,113,28,108,111,92,146,18,90,21,100,132,127,48,137,12,46,49,34,124,26,148,114,71,83,122,45,150,43,22,82,81,79,73,144,75,101,8,10,109,98,142,120,107,80,19,
machine15:0,11,96,117,15,5,85,84,74,13,110,126,72,59,94,129,38,64,119,40,136,147,66,54,123,24,27,106,62,57,145,47,149,112,131,53,7,139,89,30,93,32,141,3,113,23,108,44,2,111,78,92,58,146,115,36,130,135,100,132,127,48,33,12,140,46,49,34,148,114,102,83,95,122,45,150,43,82,81,125,56,52,75,101,61,10,109,86,91,42,105,133,80,65,29,19,
machine16:0,77,51,15,85,74,13,110,59,94,129,38,50,63,6,67,70,136,39,147,66,54,123,116,103,145,20,25,149,112,131,7,89,32,76,3,113,23,108,2,92,58,146,115,18,90,36,130,135,21,100,143,132,127,48,97,33,140,49,34,124,26,148,102,83,95,122,45,150,43,82,79,125,128,73,60,56,144,52,101,69,35,61,10,1,86,91,142,118,120,105,65,29,19,
machine17:0,51,99,15,5,85,16,74,126,72,94,138,129,64,87,119,63,67,55,39,121,123,4,27,106,62,57,134,20,25,149,112,53,139,30,32,31,3,113,28,44,2,78,92,58,146,18,90,135,143,132,127,97,137,46,49,34,124,148,114,71,122,150,82,81,79,125,60,56,52,101,69,35,61,109,86,91,42,142,105,107,133,80,29,19,
machine18:0,51,99,16,84,74,126,138,88,87,63,40,67,55,70,136,66,116,24,103,27,106,57,134,47,25,149,7,93,32,76,3,113,108,44,2,111,78,58,146,18,90,130,135,21,143,127,48,97,137,33,46,49,34,124,71,83,95,122,45,150,22,82,79,60,56,144,75,101,35,61,10,109,14,1,86,91,42,98,142,107,133,80,65,
machine19:0,37,51,99,117,15,85,68,13,110,38,87,119,63,17,6,136,39,147,66,54,121,106,57,145,20,47,25,112,53,41,139,89,93,32,141,76,31,3,28,108,2,78,92,146,115,90,130,100,132,127,48,33,12,49,34,124,26,148,114,102,83,150,43,22,81,79,125,128,73,60,56,52,75,101,69,8,61,10,109,14,91,42,142,118,107,133,19,
machine20:0,11,51,117,15,5,16,84,13,110,72,59,94,138,129,38,119,50,40,6,55,70,147,123,116,4,24,103,27,134,145,47,25,149,112,131,53,139,30,93,141,76,31,3,113,108,44,2,111,78,92,58,18,90,36,130,135,21,143,132,127,48,137,12,9,34,124,114,102,71,83,95,122,45,150,43,82,81,125,128,60,144,52,75,101,69,8,35,61,10,1,86,91,98,142,120,107,133,80,29,19,
machine21:0,77,96,99,117,5,85,16,68,110,72,94,38,50,63,40,6,67,55,136,147,66,121,116,4,24,103,106,62,57,134,145,20,47,25,149,112,53,41,139,93,32,31,3,28,108,44,2,111,92,58,18,90,130,21,100,143,48,137,33,140,49,124,148,114,71,83,95,122,45,22,82,79,125,60,56,144,75,101,69,8,35,61,10,109,14,1,91,42,98,142,105,107,133,80,65,19,
machine22:0,11,51,99,117,15,85,13,110,72,59,94,88,87,119,17,6,67,55,70,39,147,66,54,116,24,103,27,106,62,134,145,20,47,25,112,131,53,41,139,30,93,141,31,113,23,28,108,44,2,111,78,92,58,146,18,90,130,100,143,132,48,97,33,12,140,46,9,49,34,124,148,114,102,71,83,122,150,43,82,79,128,73,60,56,144,101,61,109,86,42,142,120,105,107,133,80,65,29,19,
machine23:0,99,5,13,110,72,59,138,129,104,88,87,119,50,63,40,17,6,67,70,136,39,147,66,54,121,123,116,4,24,103,106,62,57,134,20,47,25,149,112,131,53,139,30,93,32,141,76,31,3,113,28,108,2,78,92,58,115,18,90,130,135,21,100,127,48,97,137,33,12,49,34,124,26,114,102,71,83,122,150,43,82,81,79,125,128,60,56,144,101,69,8,35,10,109,86,91,42,98,142,120,105,133,80,65,19,
machine24:0,37,11,99,117,5,16,74,68,13,59,94,138,129,88,6,70,136,147,54,123,116,4,24,103,27,106,57,134,145,47,112,131,53,41,7,139,89,93,141,76,31,113,23,28,108,2,111,58,18,90,130,21,100,132,127,48,33,12,140,46,49,34,124,26,102,71,83,95,122,45,150,43,22,82,79,125,73,60,144,52,75,101,35,61,10,14,1,42,142,105,133,65,29,19,
machine25:0,117,5,16,84,74,68,126,59,94,64,87,50,63,40,17,67,70,136,39,147,54,121,116,4,24,103,106,62,134,20,47,25,149,112,131,53,41,7,139,89,30,93,32,141,76,3,113,108,44,2,111,78,92,146,115,18,90,36,21,100,143,127,48,97,137,33,49,114,102,83,95,122,45,150,22,82,79,125,128,73,60,56,144,75,101,8,35,61,109,91,42,142,118,120,105,107,80,65,29,19,
machine26:0,77,11,99,84,110,72,59,64,63,40,6,67,70,136,147,54,4,103,27,62,134,145,20,47,25,149,112,53,7,139,89,32,76,3,113,28,108,44,2,111,78,92,58,146,90,36,130,135,21,100,143,132,127,48,97,33,49,34,124,148,102,71,83,122,45,150,82,79,125,128,60,56,101,69,8,35,61,10,109,14,1,86,91,42,98,142,118,120,105,107,133,80,65,29,19,
machine27:0,96,15,84,74,13,110,72,94,138,88,38,119,17,67,70,136,39,147,54,24,103,106,62,57,134,145,20,47,25,149,112,131,53,7,89,30,93,32,141,31,3,113,23,28,108,2,111,78,92,58,18,90,36,130,135,21,100,143,132,127,48,137,33,12,46,9,49,124,26,114,102,71,122,45,150,43,22,82,125,128,60,144,52,101,8,35,61,10,109,1,86,91,42,98,142,120,105,133,65,29,19,
machine28:0,51,117,15,85,16,74,68,13,72,59,94,104,38,64,119,50,63,6,67,121,123,4,24,103,27,106,57,20,47,25,149,112,131,53,7,139,89,30,93,32,141,76,31,3,113,23,108,44,2,111,78,92,58,146,18,130,21,143,132,127,48,97,137,33,12,140,124,148,114,102,71,83,95,122,45,150,43,22,82,81,79,125,73,56,144,52,75,101,69,8,35,61,10,14,91,42,98,142,120,105,107,133,80,65,29,19,
machine29:0,37,11,99,117,15,16,84,74,13,72,59,94,104,38,64,87,50,67,70,136,39,147,66,121,123,116,4,24,103,106,62,145,20,47,25,149,112,131,7,139,30,93,31,3,113,108,44,111,78,146,18,90,36,130,21,100,143,132,127,48,97,137,33,12,46,9,49,34,124,114,102,83,95,45,150,43,82,81,128,73,60,56,144,101,35,61,10,109,14,1,42,98,142,118,107,133,80,65,29,19,
machine30:0,77,51,117,15,5,16,84,74,68,13,72,59,94,129,104,88,38,119,63,40,17,6,67,39,54,121,123,116,4,24,103,27,106,62,57,20,47,25,149,112,131,7,139,89,30,93,32,141,31,3,113,28,108,44,2,111,92,58,115,18,90,130,21,100,143,132,127,48,140,46,49,26,114,102,71,83,122,45,150,22,82,81,79,128,60,56,144,101,69,8,35,61,10,14,1,86,91,42,142,120,105,107,133,80,65,29,
machine31:0,11,51,15,16,68,13,126,72,94,138,104,38,64,119,50,40,17,67,55,70,136,39,147,66,54,121,123,4,103,62,134,145,20,47,25,149,112,131,53,41,139,89,93,141,76,31,3,113,23,108,44,2,111,78,92,58,146,36,21,100,143,132,127,48,97,137,33,49,34,124,26,148,114,122,45,150,79,125,128,73,60,52,75,101,8,35,10,109,86,91,42,98,142,120,105,107,133,80,29,
machine32:0,11,96,99,117,15,85,16,84,59,138,104,88,64,87,119,63,40,17,6,67,55,39,66,54,121,123,116,4,24,103,106,57,145,20,47,25,149,112,131,53,41,7,139,89,3,23,108,2,111,92,18,90,36,135,21,100,132,127,48,33,12,140,9,49,34,124,26,148,114,102,71,122,45,22,81,79,125,128,60,56,144,52,75,101,8,35,61,109,14,1,86,91,98,142,118,29,19,
machine33:0,37,77,51,15,5,16,74,13,110,72,59,94,138,38,64,87,119,50,63,40,17,6,67,136,39,147,54,121,123,103,106,62,57,145,20,47,25,112,131,53,7,139,89,93,32,141,76,31,3,113,108,44,2,111,92,146,90,36,130,21,100,132,127,48,97,137,33,140,46,49,26,114,102,71,83,122,150,22,82,81,79,125,73,60,56,144,75,101,69,8,61,10,109,14,86,91,42,98,142,105,107,133,80,65,29,19,
machine34:0,37,77,96,117,15,13,110,72,129,104,88,38,50,40,6,67,55,70,147,66,54,123,116,24,103,106,62,57,134,145,20,47,25,149,112,131,41,7,139,89,3,113,28,108,44,2,111,78,92,146,115,18,90,130,21,100,143,132,127,48,97,33,12,140,46,34,124,148,114,71,83,95,45,150,81,60,56,144,75,101,8,35,61,10,109,1,86,91,42,98,142,118,105,107,133,65,29,19,
machine35:0,51,96,99,117,85,16,84,74,13,110,126,72,59,94,138,129,104,88,38,64,87,119,50,63,40,17,67,70,136,39,147,66,54,121,123,116,24,103,27,106,62,57,134,145,20,25,149,112,131,53,41,7,89,93,141,76,31,3,113,108,44,2,111,78,92,58,146,115,18,90,130,135,21,100,143,132,127,97,137,33,12,140,46,49,34,124,148,114,102,71,95,45,150,43,82,81,79,125,128,60,56,144,75,101,61,10,109,1,86,91,42,98,142,118,120,105,107,133,80,65,29,19,
machine36:0,37,77,11,51,99,117,5,16,84,68,13,110,72,59,129,104,88,38,64,87,50,63,40,17,70,39,66,54,123,116,4,24,103,27,106,62,57,145,20,47,25,149,112,131,53,41,7,139,89,30,93,32,141,31,23,28,108,44,2,111,78,92,58,18,90,130,135,21,100,143,132,127,48,97,137,33,140,9,49,34,26,148,114,102,71,83,122,45,150,43,22,82,81,79,125,128,73,60,56,144,52,75,101,69,8,61,10,14,1,86,91,42,142,118,107,133,80,65,29,19,

1to 1:
1to 2:4,7,8,13,19,24,25,26,29,33,34,35,40,41,42,44,48,49,50,51,57,58,61,64,66,67,75,76,78,80,81,82,86,87,89,90,92,96,97,101,103,105,106,107,110,114,120,121,123,127,128,130,131,132,134,141,142,143,145,147,52,102,11,146,72,133,32,45,10,85,126,95,18,2,60,135,124,12,98,22,139,30,1,54,21,112,111,122,53,150,
1to 3:3,11,13,14,17,19,23,24,25,31,33,34,35,36,39,41,42,44,46,47,48,52,53,56,57,58,59,60,61,74,77,80,81,83,84,86,87,89,92,96,97,100,104,105,106,107,114,115,118,121,123,124,127,128,130,132,135,136,137,139,141,142,144,146,148,150,4,6,85,113,64,65,68,10,15,26,43,98,119,66,21,72,149,45,133,49,112,18,2,122,
1to 4:3,7,8,10,13,17,19,20,21,25,29,31,33,35,39,42,46,48,51,53,54,55,57,58,59,66,67,68,73,74,76,77,79,80,81,82,86,89,90,92,95,98,105,108,110,114,115,119,122,127,128,133,136,137,141,147,150,45,49,38,14,12,15,103,123,101,148,100,125,69,139,99,126,85,26,32,43,27,18,132,124,135,149,146,2,113,65,60,1,62,
1to 5:4,8,12,14,15,19,23,24,25,29,30,31,32,33,35,39,40,43,44,45,47,48,55,56,57,58,59,60,67,68,69,73,75,76,82,84,103,105,106,107,108,114,116,120,122,128,131,132,133,134,140,141,142,149,150,38,85,62,110,6,11,139,13,119,148,98,99,78,124,9,72,97,111,95,90,2,113,86,83,125,71,53,101,1,92,91,112,143,61,
1to 6:1,3,7,8,10,13,17,18,19,20,21,24,25,33,37,40,42,45,46,47,48,50,52,53,54,57,58,60,63,64,66,67,68,69,73,74,75,76,82,84,87,89,90,93,97,100,103,105,107,108,115,116,119,120,121,122,123,124,127,128,130,134,137,141,144,146,149,150,110,59,113,43,99,95,14,78,61,6,133,12,71,79,32,72,92,101,65,86,147,80,49,2,56,
1to 7:1,3,4,14,19,24,26,29,30,31,34,38,39,42,44,48,51,52,54,57,58,59,67,70,73,74,75,77,79,83,86,89,90,98,102,105,106,107,108,113,120,122,123,127,130,131,132,136,137,141,142,144,145,147,148,149,13,53,134,97,43,69,12,64,22,85,125,18,68,104,119,27,45,71,110,32,92,143,146,124,2,78,139,21,133,10,150,
1to 8:1,2,4,8,14,17,25,28,29,31,32,34,39,41,44,46,47,48,49,50,51,54,59,61,67,69,71,73,75,79,81,83,84,89,90,92,97,98,105,106,107,108,113,114,116,119,120,122,123,127,128,130,131,132,136,141,145,146,147,149,150,143,35,62,13,38,101,139,64,11,104,121,68,26,12,15,22,95,23,45,66,27,72,133,124,137,103,111,65,91,78,21,53,10,
1to 9:2,3,4,7,10,13,14,17,18,19,22,29,33,34,37,41,42,44,47,48,50,53,54,55,56,57,59,60,67,69,71,74,75,77,78,79,86,89,90,93,96,103,105,106,119,121,122,123,130,131,132,136,139,142,148,150,12,15,101,100,133,98,26,9,124,104,99,64,143,135,110,107,125,45,112,92,111,61,
1to 10:1,3,13,17,18,24,25,28,29,34,39,41,43,44,47,48,49,50,54,56,57,58,60,61,70,73,75,76,81,82,84,86,87,90,93,98,103,104,107,110,114,116,120,127,129,130,133,134,136,137,140,141,143,144,150,135,79,99,51,125,118,85,101,21,123,68,64,132,124,149,91,100,145,53,45,4,97,38,146,92,113,78,10,2,19,142,
2to 1:2,3,12,17,19,21,24,26,31,32,34,35,36,37,38,39,42,51,53,56,58,63,67,68,71,72,79,82,83,85,86,90,91,92,93,95,97,98,100,102,103,105,106,108,110,111,113,116,121,122,123,124,127,128,130,132,137,139,141,144,146,148,149,1,133,8,119,50,54,84,41,89,30,47,7,13,145,29,87,107,57,48,142,75,60,45,78,131,44,114,150,61,10,
2to 2:
2to 3:3,4,7,10,14,17,18,21,24,27,34,35,38,43,44,46,53,56,57,58,60,61,63,66,67,71,75,78,80,82,91,98,100,102,103,104,106,107,109,112,116,128,130,143,145,146,149,126,95,47,8,117,124,113,25,118,121,77,81,119,32,59,93,5,127,94,39,33,30,83,42,72,92,13,142,19,150,141,29,45,108,114,54,101,31,132,111,131,48,
2to 4:2,3,7,13,14,16,18,19,20,21,25,26,27,34,35,41,42,45,46,47,48,49,51,53,56,57,58,61,63,64,67,68,71,78,79,84,86,87,90,91,99,100,103,105,106,107,108,110,111,112,113,114,115,121,123,124,130,131,135,138,139,142,143,144,145,146,147,149,59,136,83,31,33,118,52,119,77,81,101,102,134,30,94,44,82,50,95,29,133,12,72,39,54,122,1,32,141,109,132,92,10,60,150,
2to 5:1,3,6,10,14,16,18,19,21,22,24,29,32,34,35,36,38,40,41,43,44,45,49,53,56,58,60,61,63,65,66,67,72,78,79,80,81,82,85,88,90,92,98,99,100,102,103,105,106,107,108,109,110,111,112,113,114,121,125,127,128,135,139,140,141,143,144,145,149,83,25,11,54,13,120,8,122,48,50,59,133,119,2,94,93,47,75,42,134,12,146,31,131,150,91,142,71,101,
2to 6:3,5,8,13,16,17,18,20,22,24,26,31,35,37,39,41,43,46,49,53,56,58,67,79,80,82,86,87,88,90,91,93,97,99,100,103,106,110,111,112,116,121,123,124,125,128,130,132,134,136,137,139,141,142,143,147,149,150,69,54,12,95,59,119,10,50,60,40,32,102,63,138,19,101,117,120,109,42,89,1,2,81,61,92,131,7,57,33,48,108,29,114,
2to 7:3,7,10,12,19,24,26,27,33,34,35,36,38,42,46,48,49,53,54,56,58,61,62,63,65,70,78,82,83,86,90,91,92,93,98,99,100,103,104,106,109,110,111,112,114,123,124,125,130,139,143,145,147,149,150,97,29,44,59,45,50,84,1,31,25,134,13,120,121,128,132,30,113,118,32,89,2,127,72,101,47,8,136,102,133,142,18,71,108,122,
2to 8:1,3,7,8,16,17,20,21,23,24,26,27,29,33,34,35,36,38,44,45,46,47,48,49,51,56,57,58,62,63,64,65,66,67,75,78,79,81,83,87,88,90,91,93,97,98,99,100,104,107,108,111,112,113,114,116,122,123,130,132,138,139,143,145,146,147,149,140,10,50,121,69,13,30,101,41,84,94,118,2,136,128,131,72,61,120,31,60,150,39,92,42,109,127,133,102,25,71,142,
2to 9:3,5,13,14,17,21,34,36,37,41,45,46,48,49,53,60,63,64,67,72,75,76,80,81,82,83,88,90,92,93,98,100,102,103,104,105,106,108,110,112,116,123,127,130,135,139,142,143,144,146,149,150,138,44,7,87,39,89,124,50,19,114,71,2,77,84,42,8,128,32,12,111,95,1,54,22,132,113,78,57,109,10,91,33,47,61,131,29,
2to 10:2,4,13,16,17,19,24,26,32,34,38,39,41,43,45,46,47,48,49,51,53,60,62,63,65,70,71,72,75,78,79,80,82,85,86,87,88,89,90,91,93,98,99,100,103,104,107,110,111,112,118,123,124,128,130,133,135,137,139,140,141,143,144,131,50,138,12,7,84,81,44,92,58,54,57,20,1,101,121,102,127,120,134,132,18,106,97,42,61,10,114,29,
3to 1:1,3,4,5,8,11,12,13,15,19,25,26,30,32,37,42,43,45,47,48,50,57,59,60,61,69,70,72,73,74,75,76,78,81,83,86,92,93,95,97,98,104,105,107,109,111,119,123,124,125,131,132,133,134,135,137,142,143,145,146,147,148,149,150,118,96,91,6,101,90,21,35,108,51,121,38,9,29,44,10,128,139,33,79,53,127,54,141,49,82,7,114,56,122,2,18,
3to 2:1,2,3,10,11,12,13,19,21,22,24,25,26,27,33,34,38,40,42,45,47,48,52,56,58,60,61,62,63,67,68,69,70,71,72,75,78,81,86,87,89,93,101,106,109,114,122,130,132,135,141,142,143,145,146,147,127,117,126,54,88,83,35,85,7,65,46,6,110,82,90,128,108,111,57,113,32,8,100,102,44,79,29,53,49,92,18,
3to 3:
3to 4:2,7,8,13,14,15,19,20,21,24,25,31,32,33,34,42,43,45,54,56,58,62,67,69,71,72,73,74,76,78,80,81,82,83,88,89,93,99,101,102,103,105,106,109,112,113,114,118,124,125,130,131,133,135,137,139,141,143,144,145,146,149,117,122,55,41,110,51,29,87,28,70,128,132,5,35,121,16,79,57,27,92,4,116,46,18,91,6,3,53,127,108,150,
3to 5:1,3,4,8,10,11,15,19,21,24,25,27,30,31,32,33,40,42,43,45,47,48,50,54,55,57,59,62,67,69,70,71,72,78,79,80,81,82,86,91,92,95,98,99,103,106,109,111,113,117,119,120,128,130,131,133,135,140,141,148,150,16,96,90,85,46,18,44,41,77,100,65,110,94,35,9,5,93,56,114,29,142,121,83,105,137,145,53,102,49,101,112,108,
3to 6:7,8,10,12,13,14,20,24,25,31,33,34,37,40,42,43,44,48,50,53,57,58,59,61,63,70,73,74,80,81,83,87,95,97,99,100,101,103,104,105,106,109,112,113,114,120,123,124,132,139,141,142,145,146,147,32,56,41,115,21,17,65,121,122,4,116,88,16,5,137,90,94,125,46,54,102,108,79,3,47,82,127,92,49,18,
3to 7:1,2,4,7,8,10,12,13,14,15,17,24,25,29,30,32,34,45,48,50,54,56,58,59,60,67,68,71,72,74,77,80,82,86,89,92,93,98,103,106,109,114,117,120,123,124,127,131,132,133,135,136,137,139,142,144,146,147,149,38,65,27,111,33,128,94,16,112,122,145,105,21,70,47,101,35,42,49,113,3,91,62,53,44,18,
3to 8:1,3,4,8,10,11,12,13,15,18,19,20,21,24,26,27,28,31,32,34,45,48,53,54,57,59,60,61,68,72,74,80,81,83,84,86,87,92,93,95,97,98,101,103,105,106,109,114,117,119,120,123,127,131,133,136,140,143,145,146,147,148,149,150,6,51,25,100,88,36,137,141,46,77,121,65,70,112,132,17,111,62,29,126,47,129,91,38,7,82,35,128,139,44,142,56,33,42,102,108,79,122,
3to 9:1,2,4,7,10,13,14,15,19,21,24,26,29,33,34,37,44,45,48,54,55,59,60,61,67,72,75,80,81,86,87,89,96,98,99,102,103,104,105,106,109,114,117,118,119,124,127,130,131,135,139,143,144,146,149,41,8,141,112,3,57,46,77,88,111,94,53,108,47,100,142,56,17,6,116,137,145,132,83,101,150,18,
3to 10:1,3,7,13,14,20,21,24,26,28,29,31,33,34,38,43,44,45,47,48,50,57,58,59,61,62,67,68,71,72,73,74,78,79,80,81,89,92,97,98,99,102,103,106,109,113,117,118,120,121,123,127,129,131,134,135,136,139,140,141,142,144,146,148,88,56,110,65,125,17,27,42,51,101,16,94,145,41,10,18,49,53,137,150,132,25,
4to 1:3,6,10,13,15,16,17,21,23,25,26,28,29,30,32,33,42,43,46,47,49,51,52,53,54,57,63,66,71,73,76,79,81,83,84,86,91,98,102,106,107,110,111,113,114,115,116,119,120,122,123,125,127,130,133,137,143,144,145,146,147,150,41,148,37,64,118,90,45,68,95,55,74,56,126,18,58,142,136,39,31,124,20,108,34,132,35,78,67,92,1,2,101,60,61,48,
4to 2:2,3,12,13,16,17,18,19,20,21,22,23,24,25,26,32,34,38,39,44,46,48,49,51,54,56,57,61,63,66,71,72,76,78,80,82,83,85,86,90,93,95,98,99,100,101,103,106,107,108,113,114,116,117,122,123,124,130,131,138,139,143,136,109,87,92,94,150,97,132,128,41,35,102,58,31,146,7,42,29,67,148,53,75,45,1,60,33,
4to 3:3,4,6,12,13,15,16,18,20,21,25,27,28,32,33,38,42,47,49,57,58,61,63,65,66,67,69,72,73,74,76,78,80,82,85,89,91,92,93,98,102,108,109,112,113,114,119,121,122,127,131,133,137,139,143,144,145,149,35,90,68,75,141,55,70,44,125,128,115,14,132,130,142,95,34,81,7,103,71,83,1,48,150,53,56,101,
4to 4:
4to 5:1,3,4,5,6,10,12,13,15,16,18,19,24,25,28,29,30,31,35,38,40,42,43,45,47,49,52,53,57,60,62,63,67,69,71,73,76,81,83,85,86,91,93,95,98,99,100,101,106,107,109,112,113,116,119,122,123,124,125,127,131,135,137,139,144,68,14,75,136,94,82,110,103,70,87,130,78,41,66,55,20,102,97,90,80,128,39,65,133,44,108,92,150,61,56,114,142,
4to 6:2,4,5,6,8,12,13,16,17,20,24,25,32,33,34,35,39,40,42,46,49,54,56,57,60,61,66,69,73,76,79,80,81,83,86,92,93,94,99,100,101,102,107,109,112,113,115,116,117,119,122,123,127,130,131,134,137,138,139,140,143,144,145,147,31,26,133,68,124,37,108,106,70,74,59,82,103,27,136,114,48,58,67,53,90,18,150,
4to 7:2,3,10,13,15,17,18,19,21,23,25,26,29,30,32,33,39,46,47,49,51,52,53,54,56,58,62,63,69,72,73,74,80,84,85,86,89,91,93,94,101,105,106,113,121,122,123,124,127,128,135,136,139,145,147,149,65,61,31,83,14,82,108,130,132,99,90,59,125,60,45,143,7,20,70,146,133,35,67,114,102,42,71,92,34,150,48,
4to 8:2,3,13,15,16,18,19,24,25,32,33,39,42,44,46,48,49,50,51,52,53,54,55,56,63,66,67,69,71,72,73,78,79,81,84,87,89,90,91,92,97,98,100,107,113,114,115,119,121,122,123,124,127,130,131,134,136,137,138,139,143,144,145,146,147,148,149,150,59,103,102,99,82,80,28,128,61,74,26,125,65,34,75,45,70,20,7,108,142,109,58,86,106,31,1,133,35,83,132,60,
4to 9:2,3,7,13,16,19,21,25,26,33,39,42,47,53,54,56,57,71,73,74,82,84,86,89,91,92,94,99,100,101,102,107,109,112,113,119,122,123,125,127,129,130,132,139,143,146,150,37,90,118,20,136,110,81,55,67,34,48,59,75,45,114,70,14,103,76,1,97,106,142,49,60,29,61,
4to 10:2,3,4,10,12,13,14,16,17,18,19,21,23,24,25,31,32,33,42,43,45,46,49,50,51,53,56,57,58,61,62,63,69,72,76,78,80,84,87,89,91,93,94,100,101,102,106,109,113,115,116,120,121,122,123,125,127,129,130,131,133,136,137,139,140,144,145,146,149,150,39,59,26,28,124,70,74,68,34,99,148,118,41,110,97,143,132,81,103,29,79,20,67,71,65,82,108,60,114,
5to 1:1,4,8,10,12,13,18,21,23,25,29,30,31,32,33,35,40,41,42,47,48,49,51,52,53,58,60,61,69,70,71,78,79,80,82,86,87,92,98,101,106,107,110,111,113,114,119,120,124,125,127,128,130,131,132,137,139,141,144,145,147,150,16,9,85,55,143,96,11,77,91,75,68,73,146,15,66,135,103,22,38,54,90,133,122,142,44,112,93,19,2,
5to 2:1,3,8,10,12,13,16,18,19,24,25,29,31,35,41,42,43,45,51,53,57,58,60,62,65,66,69,70,71,72,82,85,90,92,99,101,103,106,107,108,109,110,111,112,116,117,120,123,124,128,130,131,132,134,139,141,143,144,147,150,77,40,96,135,44,50,114,5,98,48,38,122,54,127,49,78,83,93,2,47,102,
5to 3:1,3,4,5,10,11,12,16,18,23,24,25,27,29,34,35,43,45,46,47,53,56,57,58,59,60,62,65,67,68,72,77,78,80,82,88,91,92,94,95,101,106,107,108,111,112,114,117,122,124,125,127,128,131,132,137,139,141,143,144,145,147,148,149,150,96,36,102,83,38,50,93,31,135,146,54,105,40,48,142,103,71,44,
5to 4:3,13,16,19,25,27,28,29,32,38,41,42,44,45,49,51,55,57,58,59,60,61,62,69,70,79,80,82,86,91,95,98,99,101,102,105,106,107,109,110,112,114,117,122,125,127,129,132,134,136,138,139,141,143,144,145,148,149,150,68,71,137,2,103,54,75,142,90,53,24,40,94,66,83,135,147,67,133,34,93,20,48,92,
5to 5:
5to 6:1,2,3,4,6,8,13,18,19,20,21,25,29,31,32,33,41,43,47,50,53,54,56,59,60,61,62,63,67,69,71,72,78,79,80,82,83,86,88,90,91,94,95,103,105,106,109,110,111,112,114,116,117,120,123,124,125,130,131,134,135,137,139,140,144,145,147,150,16,102,108,127,24,5,73,146,66,122,75,97,48,107,93,44,92,142,
5to 7:1,3,4,6,8,10,12,13,14,17,18,21,25,27,29,32,35,42,46,49,58,59,60,61,62,65,68,69,70,77,78,79,80,82,86,91,94,95,97,99,100,101,102,103,105,106,107,108,110,111,112,113,117,122,127,134,137,139,141,142,143,144,145,148,135,146,90,73,93,24,11,98,38,67,34,147,48,40,130,75,31,47,19,83,131,92,71,114,2,
5to 8:1,3,8,13,15,18,19,20,24,25,27,28,29,32,35,40,41,42,43,45,46,47,50,51,54,55,58,59,61,62,65,66,68,69,70,71,72,78,80,82,84,90,91,92,99,100,101,103,105,106,108,109,111,112,114,116,117,119,120,121,122,127,128,129,130,131,132,134,136,137,138,139,142,144,145,147,149,150,107,83,73,98,94,9,16,44,148,31,48,67,93,38,146,143,2,
5to 9:1,3,12,13,14,16,20,21,25,29,41,42,47,50,53,55,56,59,61,65,69,72,76,78,80,82,86,87,90,92,94,95,98,101,105,106,108,109,110,111,112,114,117,119,123,124,129,130,131,139,141,142,143,144,148,149,150,140,96,31,11,15,38,77,97,75,147,24,66,83,5,67,107,48,6,103,91,2,19,93,127,71,
5to 10:1,3,4,8,14,17,18,19,20,25,28,29,30,39,41,42,43,45,46,47,48,51,53,56,58,59,60,61,65,68,70,72,78,80,82,86,90,91,92,94,95,97,98,99,100,101,103,105,106,107,109,110,111,112,114,116,117,120,124,125,129,130,131,133,134,135,137,139,141,143,145,150,22,62,140,85,75,11,93,24,77,67,9,66,142,147,40,34,144,31,49,148,122,127,83,44,71,2,
6to 1:1,2,4,5,6,10,11,13,16,17,18,19,21,22,23,26,29,33,34,35,39,40,41,43,44,45,49,50,53,56,57,58,60,61,66,68,75,78,82,83,86,89,90,95,98,100,103,105,106,107,116,119,120,121,122,123,124,125,132,135,142,143,146,147,150,127,20,92,67,73,113,46,32,93,115,74,24,30,31,59,136,25,97,141,42,48,70,54,76,79,63,139,144,47,111,
6to 2:1,3,6,17,18,19,21,25,29,33,34,35,40,41,43,45,47,49,50,52,53,56,57,58,60,62,64,65,66,67,72,75,78,83,87,88,89,90,91,93,97,99,100,101,102,103,105,106,109,114,115,116,117,120,123,124,125,130,131,132,134,135,136,138,140,142,143,146,147,150,80,12,63,82,59,70,31,113,24,32,42,20,8,144,46,141,92,128,108,71,54,139,122,111,48,
6to 3:3,4,5,10,11,13,14,17,18,19,21,24,25,29,31,33,34,35,39,40,42,43,45,48,49,53,54,58,59,60,62,65,66,67,68,70,75,76,78,81,83,86,88,89,91,94,95,100,102,103,105,111,112,113,115,116,121,123,130,131,135,140,141,142,143,146,147,149,150,80,73,109,127,108,7,32,57,74,12,47,63,144,114,101,8,82,92,56,79,
6to 4:1,2,3,6,10,16,17,18,19,21,24,25,28,31,33,34,35,39,42,43,45,49,50,53,54,58,60,61,62,66,68,73,79,80,82,86,87,88,89,90,92,94,97,98,99,100,102,103,105,106,109,112,114,116,121,122,123,124,126,128,130,131,134,137,138,143,146,147,149,150,67,70,63,115,141,74,76,144,133,108,56,125,32,107,136,48,139,113,78,47,142,93,101,
6to 5:2,3,5,8,10,13,14,16,17,19,20,23,24,31,33,40,41,43,44,48,49,53,56,58,60,62,65,72,73,78,82,83,86,90,91,92,94,97,99,100,102,103,106,107,108,111,112,113,116,117,120,121,124,131,132,134,141,142,144,147,149,150,4,88,12,125,105,71,80,47,59,101,70,42,109,32,93,67,133,127,114,79,122,
6to 6:
6to 7:2,8,10,13,14,18,19,20,21,26,29,31,33,34,35,39,42,47,48,49,53,57,59,60,62,67,68,82,83,89,90,91,92,93,94,97,99,100,105,106,117,120,121,122,124,127,130,131,132,134,137,141,142,146,149,150,125,4,80,54,136,24,46,144,71,128,56,17,95,25,32,30,113,102,63,109,139,111,65,147,108,101,79,
6to 8:2,6,10,13,16,17,18,24,25,29,34,35,39,42,45,47,50,53,58,59,61,62,64,65,66,67,68,72,73,75,78,79,80,82,83,84,87,88,89,90,92,93,97,99,100,101,102,103,105,108,111,113,116,117,119,120,121,123,124,127,129,130,131,132,137,139,142,146,149,150,147,122,46,4,109,63,74,114,54,20,144,70,107,112,136,31,71,
6to 9:1,2,3,6,8,10,13,14,17,19,21,26,29,34,35,40,47,48,49,50,53,60,61,64,65,67,75,76,81,87,89,90,97,98,99,100,102,103,105,106,107,108,111,112,116,119,123,124,130,131,140,141,142,146,147,149,73,20,4,115,144,7,127,46,88,125,33,82,109,54,79,24,59,95,86,136,139,25,71,92,57,63,56,80,122,
6to 10:1,2,3,10,13,16,18,19,21,22,26,29,32,33,34,39,41,42,43,47,48,49,53,54,57,58,59,60,61,62,65,67,68,72,74,75,80,81,82,86,87,88,90,92,97,98,99,100,101,102,106,116,117,118,120,121,123,124,129,131,132,134,143,145,146,147,20,104,17,63,114,93,95,110,108,24,4,8,46,144,141,113,79,127,71,
7to 1:2,6,9,13,14,15,17,18,25,29,34,35,39,44,47,48,49,53,56,58,60,61,62,67,71,74,79,86,89,90,91,92,93,96,97,101,103,106,108,111,113,114,118,124,130,131,133,136,137,141,142,144,147,65,75,128,27,68,59,84,24,139,21,119,43,80,19,122,104,120,121,23,78,134,125,32,105,98,54,10,45,148,72,4,143,8,132,1,150,
7to 2:2,13,17,21,22,25,34,35,36,39,44,47,49,50,52,56,57,58,65,67,81,82,83,85,88,90,91,92,93,98,99,100,105,107,112,113,114,119,120,122,139,145,146,147,134,128,64,124,68,103,130,32,16,3,72,131,1,27,132,143,48,8,24,63,106,108,33,10,78,136,19,109,29,102,71,150,54,111,101,61,
7to 3:4,7,8,13,14,15,17,19,25,26,29,33,34,36,42,44,46,47,48,49,56,57,58,61,62,67,89,92,93,94,98,101,103,105,108,111,112,113,114,117,128,136,137,142,145,147,102,104,18,91,84,59,3,125,24,69,150,143,45,127,72,71,60,21,149,76,30,130,80,109,146,32,134,31,106,78,54,53,122,
7to 4:1,7,12,13,14,19,20,24,26,28,33,34,35,38,39,42,44,47,49,53,56,58,61,69,70,74,78,79,80,82,86,90,93,94,97,99,100,101,102,107,109,112,119,122,123,124,128,130,133,134,135,136,137,138,139,144,145,21,105,43,10,8,98,71,30,146,2,125,3,149,25,72,150,113,31,67,18,108,32,60,147,127,91,29,143,92,
7to 5:4,9,12,14,17,18,19,21,22,29,31,35,39,42,45,48,54,56,61,62,71,77,82,85,90,91,93,94,96,99,101,102,109,111,113,114,120,125,127,128,131,133,135,137,139,141,142,144,147,15,68,119,108,92,78,149,105,69,8,43,84,106,30,107,53,148,24,27,103,130,132,38,134,80,122,67,124,47,1,65,60,33,25,143,2,150,
7to 6:1,2,7,10,12,14,18,20,21,22,24,27,32,33,34,35,39,40,42,45,49,50,53,58,60,61,62,67,70,74,79,82,83,86,88,89,90,92,93,94,97,99,101,107,111,112,114,120,124,132,140,141,142,143,145,147,13,125,130,128,64,80,113,30,16,84,68,23,19,59,105,71,109,144,3,76,63,106,146,149,134,17,48,122,136,103,47,65,108,8,91,54,139,25,127,150,
7to 7:
7to 8:3,4,20,24,25,26,34,35,36,38,39,42,45,50,56,58,59,65,67,71,72,74,77,83,88,89,91,92,93,97,100,101,102,106,108,109,114,119,120,127,128,133,134,138,139,142,143,147,148,47,150,104,103,10,130,68,111,13,122,8,32,16,29,136,149,30,23,132,15,31,105,80,54,146,1,48,78,62,2,86,112,131,18,
7to 9:3,4,6,7,8,10,12,14,17,24,26,35,36,39,42,44,45,48,49,50,54,57,61,62,65,67,77,78,83,88,89,90,92,93,97,100,101,102,112,113,114,118,131,132,136,139,142,147,150,13,105,119,104,96,141,98,71,144,33,60,106,16,75,103,59,130,149,72,29,80,134,109,47,53,91,21,2,19,127,111,108,143,122,
7to 10:4,7,12,17,18,20,21,29,31,34,39,42,44,47,48,49,53,57,58,60,61,62,65,67,70,71,74,86,88,89,93,100,101,105,106,110,112,113,114,118,119,123,124,127,130,133,137,139,140,141,142,144,145,150,69,120,80,98,43,125,10,16,64,24,72,59,84,13,104,38,30,75,132,136,27,134,128,102,54,121,32,92,148,19,82,25,1,143,91,2,
8to 1:1,11,13,15,18,21,23,24,26,29,30,35,36,38,39,42,44,45,46,47,48,49,50,53,56,58,59,60,67,68,70,71,72,73,75,77,78,79,80,81,82,84,86,90,91,92,93,97,98,100,101,105,106,114,118,119,120,123,124,127,128,129,130,132,133,136,139,143,144,145,146,137,104,149,111,113,142,61,121,107,17,102,103,141,83,2,10,122,33,150,
8to 2:1,3,5,8,9,10,13,17,19,21,24,25,26,29,32,35,38,42,44,45,46,47,48,49,56,60,62,63,64,65,67,68,70,72,75,77,81,82,83,92,93,94,98,100,102,105,106,108,111,112,116,117,123,124,127,128,132,133,136,139,143,144,146,149,84,16,51,103,39,89,54,141,109,138,36,107,121,122,41,113,58,78,120,142,80,61,31,33,145,7,131,114,18,
8to 3:3,4,10,11,14,15,25,27,29,34,35,38,39,42,45,47,48,50,53,56,57,58,59,60,62,65,67,71,72,73,75,78,83,84,92,93,98,100,101,102,104,108,109,111,112,114,115,117,119,121,123,124,126,127,128,129,130,131,132,136,139,143,144,146,149,116,54,46,80,16,28,33,41,113,137,142,31,141,44,7,103,18,86,61,
8to 4:3,8,13,14,15,18,20,24,25,26,29,31,32,33,35,38,39,42,44,45,47,48,50,56,62,63,67,68,70,72,79,82,89,91,92,94,100,102,105,107,109,111,115,119,123,124,127,130,131,132,133,136,144,145,146,147,36,51,103,16,74,99,143,28,138,64,78,61,80,149,97,86,58,54,122,137,101,7,113,10,114,112,142,
8to 5:1,2,9,11,13,14,15,16,18,20,23,29,30,35,36,40,42,45,46,47,53,56,58,60,65,66,67,70,72,75,78,80,81,82,84,88,90,91,92,93,94,97,98,101,105,113,116,117,119,120,124,128,130,131,132,133,136,142,143,144,145,146,149,112,55,107,100,38,22,114,103,25,137,31,109,21,150,6,122,62,44,102,147,83,111,61,10,
8to 6:5,13,14,17,18,19,20,21,24,26,27,29,32,33,35,39,43,45,47,48,49,59,60,62,64,67,71,73,79,80,81,82,83,84,86,90,91,92,94,97,105,106,107,108,114,115,119,122,123,124,125,127,128,129,130,131,132,133,136,137,138,141,143,146,149,28,74,113,25,16,104,36,8,100,112,147,63,102,22,76,120,103,31,109,58,139,116,111,78,150,7,42,101,142,
8to 7:1,2,3,4,13,15,17,19,24,26,29,30,31,32,35,38,42,45,46,47,48,49,54,60,61,65,67,70,72,73,86,89,91,92,93,94,95,97,98,100,101,102,105,106,107,111,112,113,114,117,119,120,124,127,130,131,132,133,136,143,144,145,146,149,21,36,141,28,74,142,39,84,122,51,7,23,150,78,58,137,18,62,103,139,10,
8to 8:
8to 9:3,5,8,10,13,14,15,19,20,24,26,29,34,39,42,45,48,50,53,54,57,60,65,67,71,72,73,75,77,79,81,83,88,89,90,91,92,94,95,98,100,105,106,109,111,114,118,121,123,127,130,131,132,133,136,139,143,144,150,37,16,104,55,35,112,41,63,148,107,149,147,93,44,21,102,101,61,33,
8to 10:1,4,18,19,20,24,26,29,38,39,42,43,45,46,49,50,51,53,54,58,60,64,65,67,70,72,77,81,82,84,87,91,92,94,95,97,104,106,114,116,117,118,120,121,123,125,127,130,131,132,133,139,143,144,146,149,78,112,37,141,62,102,137,74,148,25,129,41,142,66,17,21,44,109,100,31,34,10,150,111,61,
9to 1:1,2,7,17,18,24,26,29,35,37,41,44,45,47,50,51,53,54,59,63,66,70,74,75,77,81,83,84,86,89,90,91,95,98,101,103,104,105,109,111,112,116,118,121,123,128,132,133,136,139,142,143,149,110,92,137,146,124,23,42,57,73,22,52,119,15,12,60,36,67,48,39,21,13,14,144,107,8,71,134,141,127,100,61,147,82,25,56,145,19,49,33,150,10,
9to 2:1,2,3,8,32,33,36,37,40,41,44,45,46,47,51,53,54,60,63,66,67,70,75,77,83,86,89,90,92,97,98,99,102,105,106,107,109,111,112,114,116,122,123,127,139,146,119,117,23,101,10,13,24,81,110,26,21,17,147,131,57,22,71,141,87,42,35,100,91,49,56,19,145,34,132,142,113,61,93,150,48,
9to 3:1,5,10,14,18,20,21,24,31,32,37,44,45,48,49,53,54,56,59,60,61,62,67,72,75,77,80,81,84,86,89,94,95,103,104,105,106,107,109,111,112,113,117,119,122,123,125,136,142,145,149,35,139,96,25,87,19,147,46,88,15,98,29,100,34,12,33,13,6,118,146,3,79,144,141,57,127,8,42,108,47,132,91,114,71,101,
9to 4:2,12,14,16,21,25,28,29,31,32,33,34,37,38,44,45,48,50,51,55,59,60,62,63,64,66,69,70,71,72,77,81,87,89,90,92,94,97,99,102,103,105,106,109,112,117,121,122,127,133,136,137,140,143,144,149,91,35,26,57,73,67,22,119,138,124,145,15,146,39,49,42,13,82,130,123,3,148,56,19,107,139,150,114,86,61,
9to 5:1,2,6,8,10,12,13,14,16,25,33,38,41,42,45,53,55,59,62,63,66,70,75,80,82,83,84,86,88,90,93,94,100,101,103,105,108,109,112,114,119,121,122,131,133,139,142,150,140,96,19,98,40,57,145,106,110,15,132,111,117,36,71,124,116,141,24,147,135,67,113,47,144,92,60,56,107,49,48,29,127,
9to 6:2,7,12,16,17,18,21,29,34,35,37,39,40,45,47,48,53,54,56,59,62,66,74,78,80,82,84,86,89,90,94,104,105,106,108,109,114,116,117,121,123,127,128,131,132,139,147,150,24,144,57,73,22,125,142,88,137,141,25,60,8,93,100,87,33,49,67,79,19,112,20,42,71,111,10,
9to 7:1,2,14,18,21,29,33,35,44,45,47,48,54,56,57,59,65,69,71,72,80,89,90,92,93,94,97,99,102,105,106,109,114,119,122,123,125,130,131,132,133,136,137,139,140,142,143,149,15,147,124,96,67,22,150,113,36,76,8,100,23,39,60,117,61,13,107,108,17,101,86,82,112,91,111,127,25,19,49,10,
9to 8:1,2,3,7,9,13,16,17,20,31,33,35,36,38,42,45,47,48,49,51,54,56,59,61,62,63,67,70,71,72,74,89,90,98,101,102,103,104,105,109,112,114,121,123,125,127,131,132,133,136,137,140,143,146,148,149,117,39,76,97,113,26,138,144,50,57,34,55,8,15,119,87,46,141,24,139,107,124,116,100,108,111,91,145,10,142,92,79,150,
9to 9:
9to 10:1,2,9,10,12,14,16,17,18,26,33,38,41,42,44,47,53,54,56,61,71,74,75,77,79,80,81,84,86,90,91,93,97,100,104,109,110,112,113,114,127,131,136,143,148,149,25,98,23,106,21,134,73,50,150,34,57,89,49,19,119,117,111,140,118,137,87,123,144,39,24,116,7,3,65,20,101,67,107,29,48,92,
10to 1:1,3,4,8,10,13,14,16,18,19,24,29,33,34,38,39,41,42,43,44,45,48,49,51,52,53,54,57,58,61,66,67,68,74,75,78,79,80,81,84,86,90,97,100,101,103,105,106,107,108,110,111,114,118,119,121,124,127,128,130,131,132,133,134,135,137,139,141,142,144,148,149,150,125,62,98,59,50,116,37,60,73,104,69,143,120,72,20,147,17,7,21,93,92,2,
10to 2:2,3,5,9,12,16,17,24,26,27,38,42,43,44,45,48,49,51,53,54,57,58,61,65,66,67,68,71,72,81,82,83,86,88,92,93,99,100,101,102,107,108,111,113,116,117,122,125,127,128,130,132,133,135,143,145,146,150,69,136,10,50,78,98,64,140,41,32,37,39,91,134,104,87,19,60,25,110,34,131,120,63,118,7,144,121,123,20,112,31,142,114,1,106,18,
10to 3:3,4,8,12,13,19,24,25,28,29,31,33,38,39,42,44,45,46,47,53,54,56,57,60,61,68,71,72,77,81,82,83,84,87,94,100,101,103,111,113,115,117,118,119,130,132,135,142,144,148,150,85,79,70,140,112,98,43,37,127,49,51,136,21,50,59,121,106,145,27,89,114,92,78,141,143,18,7,62,120,34,91,137,17,93,20,10,65,
10to 4:1,2,3,4,16,17,18,19,26,27,28,29,39,41,42,44,49,53,54,56,57,58,71,72,74,77,81,82,89,91,94,97,98,99,100,101,102,103,107,108,109,113,115,116,117,119,123,124,126,128,129,130,131,133,134,137,140,141,148,149,150,69,78,87,34,106,63,125,66,37,79,92,65,136,73,38,51,85,60,110,112,142,40,70,145,67,127,31,20,143,114,25,
10to 5:3,8,9,10,12,13,16,17,18,24,27,39,41,42,44,47,49,53,57,58,61,65,67,68,71,75,78,79,82,83,84,86,88,90,92,94,97,99,101,102,111,113,116,117,119,123,124,129,131,134,140,143,144,148,150,73,62,21,110,59,69,85,72,19,91,51,34,43,142,38,98,20,60,81,80,135,127,100,25,106,141,32,93,145,31,48,112,114,
10to 6:1,3,4,5,10,16,17,18,19,20,24,28,29,40,41,42,47,48,56,57,58,59,64,65,66,68,70,71,82,84,86,88,90,91,92,94,97,99,100,104,105,106,107,108,109,111,114,115,117,119,125,127,130,131,132,133,134,139,140,141,144,150,43,63,120,123,25,21,34,116,81,79,50,136,121,67,87,113,147,60,112,31,62,93,49,142,
10to 7:1,2,3,4,8,13,17,18,19,24,27,28,31,33,34,42,44,45,47,48,51,53,54,56,57,61,62,68,71,79,86,89,92,94,97,99,100,101,102,105,106,107,108,112,113,114,124,125,127,128,130,131,132,133,137,140,146,148,149,150,136,80,110,70,32,134,120,58,25,59,141,20,93,38,144,91,65,145,60,29,142,143,10,
10to 8:1,9,13,16,17,23,24,26,27,39,41,42,43,44,45,47,48,51,53,54,57,65,68,79,80,88,90,91,92,97,100,101,102,105,109,111,117,123,124,128,129,130,131,132,133,134,137,139,143,146,64,62,84,144,81,50,112,93,73,10,116,114,120,142,113,38,89,98,59,40,87,78,60,127,20,61,49,67,106,21,25,19,18,
10to 9:1,2,5,8,13,16,18,20,24,26,31,41,42,44,45,47,53,54,56,57,61,71,72,75,76,77,78,82,86,88,89,93,96,97,99,100,102,103,104,105,109,114,117,124,129,130,132,133,143,148,149,123,49,64,116,50,25,110,37,59,112,131,40,140,144,85,98,22,81,87,7,17,79,121,34,38,62,65,67,142,60,29,127,10,19,92,
10to 10:

cell1:3,2,7,9,8,10,6,5,4,
cell2:4,5,7,9,8,3,6,10,1,
cell3:7,8,4,10,6,2,5,9,1,
cell4:2,3,5,1,6,10,9,7,8,
cell5:3,4,10,1,6,2,9,7,8,
cell6:7,8,3,9,2,10,5,1,4,
cell7:10,9,8,5,6,1,3,2,4,
cell8:2,3,10,5,4,9,6,7,1,
cell9:7,6,10,1,3,2,5,4,8,
cell10:1,2,6,4,9,8,5,7,3,
