machine1:0,2,93,7,143,92,18,113,111,79,21,25,48,136,147,17,139,83,20,10,13,142,97,47,60,53,39,61,106,150,56,57,78,19,63,42,76,67,127,65,110,134,8,141,107,1,58,34,104,50,55,86,29,89,90,120,66,96,98,75,4,91,85,12,109,43,32,64,68,35,45,3,14,9,77,123,26,
machine2:0,145,2,131,33,143,92,114,44,113,71,111,122,49,21,25,48,139,146,101,10,13,142,97,31,47,60,53,39,106,150,56,74,57,78,54,121,130,42,116,132,124,67,102,149,5,23,30,72,118,134,22,107,1,58,125,59,104,50,86,89,120,100,81,98,75,4,80,85,144,133,32,68,35,105,46,119,36,128,3,115,14,9,84,123,73,
machine3:0,2,93,131,108,33,114,18,44,6,71,111,49,21,48,136,17,101,10,13,97,60,53,39,61,150,56,57,54,126,19,116,132,137,124,67,127,149,23,134,8,141,107,1,58,125,148,34,104,86,120,100,81,24,98,12,133,64,45,119,128,3,11,95,73,69,
machine4:0,145,2,7,112,143,92,114,18,79,122,48,147,40,139,20,10,103,31,47,60,53,61,106,150,74,78,54,63,116,137,38,27,124,76,102,127,23,30,72,118,110,22,1,15,58,135,59,148,29,89,90,66,129,81,41,91,140,43,144,68,16,35,105,45,82,52,14,11,123,95,26,37,
machine5:0,2,93,131,108,7,33,143,92,18,44,113,6,79,122,49,21,25,48,147,17,40,139,83,101,10,103,142,47,53,39,61,56,57,70,126,121,130,19,42,132,67,62,87,110,134,8,141,1,135,51,59,148,104,50,55,86,29,90,24,96,98,41,80,12,133,99,32,105,46,45,128,52,115,77,11,84,123,73,26,69,28,
machine6:0,145,93,108,143,92,44,122,49,21,25,48,136,17,139,146,83,101,10,13,142,97,47,60,53,61,106,150,57,78,54,121,63,38,102,5,62,72,8,22,107,1,51,104,86,29,90,120,100,41,12,109,138,133,32,64,68,46,36,128,3,11,84,95,26,
machine7:0,2,93,108,7,33,92,18,44,113,71,122,21,25,48,136,17,103,142,97,31,47,53,106,150,117,54,126,121,130,19,42,132,124,102,23,72,134,8,107,1,50,86,120,100,81,24,98,91,80,140,85,12,138,16,35,45,82,36,128,3,94,9,77,123,69,
machine8:0,2,131,108,112,92,114,111,79,122,49,136,40,139,13,103,142,31,39,150,56,117,57,70,54,126,19,63,42,116,27,67,102,149,65,30,118,110,8,141,107,1,51,59,29,90,81,24,75,41,85,109,138,43,133,16,35,46,128,3,94,84,95,26,
machine9:0,2,108,18,44,71,79,122,25,48,147,17,139,146,83,20,10,103,97,53,39,61,106,150,57,78,130,19,42,116,132,38,124,102,127,62,87,88,72,110,107,1,58,34,104,29,24,75,4,91,109,43,144,133,99,105,46,45,128,
machine10:0,145,93,131,108,33,112,143,44,113,6,71,111,122,48,147,40,146,83,101,20,10,13,60,53,150,56,78,54,130,19,132,137,124,87,72,141,22,58,125,51,148,34,89,66,98,41,80,12,109,32,68,35,45,82,119,128,3,123,26,
machine11:0,145,131,108,7,33,112,143,92,114,18,44,113,71,122,49,21,147,17,139,146,101,20,10,13,103,142,31,47,60,39,61,150,56,57,54,121,63,42,116,132,38,27,76,102,127,149,5,65,87,88,72,110,134,22,1,58,135,34,29,89,90,100,81,96,75,41,91,140,144,99,32,46,82,52,115,14,84,37,
machine12:0,145,93,108,7,33,112,143,114,18,44,113,6,71,79,21,25,48,136,17,139,146,101,20,13,142,97,31,47,60,61,150,56,117,74,70,54,126,121,130,19,63,42,116,27,102,127,149,30,118,141,1,135,59,34,104,50,29,89,129,81,96,4,91,80,109,43,133,99,32,16,105,46,45,128,77,11,69,28,37,
machine13:0,93,131,108,7,33,112,143,92,114,18,113,6,111,122,21,25,48,17,40,146,83,101,10,103,142,31,47,53,39,61,56,117,57,70,78,54,121,130,63,42,116,137,27,76,102,127,65,62,87,88,72,118,8,141,15,135,51,55,86,24,98,41,91,85,144,16,35,105,46,128,3,115,14,9,77,95,
machine14:0,145,93,108,7,92,114,18,113,6,71,111,79,122,49,21,25,48,147,40,146,83,101,20,10,13,103,142,31,53,106,150,57,70,54,121,19,132,137,38,124,67,127,149,62,87,88,72,134,8,22,107,59,148,34,50,55,90,120,100,81,24,96,98,75,41,4,80,12,109,43,144,32,68,46,45,82,119,3,77,73,26,28,
machine15:0,145,2,93,131,108,7,33,112,92,114,44,113,111,122,49,48,136,147,40,139,146,83,101,10,13,47,53,61,106,150,56,117,74,57,78,54,126,130,19,42,132,38,27,102,127,149,5,65,62,23,30,72,110,141,15,58,125,135,59,148,34,86,29,89,66,100,129,81,24,96,75,91,80,140,85,12,109,43,133,32,64,105,46,45,82,119,36,3,94,52,115,11,84,123,95,
machine16:0,145,2,131,108,7,33,112,143,92,18,113,6,79,122,49,21,25,48,136,147,146,83,101,20,10,13,103,142,97,60,39,61,150,56,74,70,54,130,19,63,116,132,38,124,76,67,102,127,149,65,23,118,110,1,15,58,125,135,51,59,148,34,50,86,29,89,90,120,66,100,129,91,140,85,43,144,32,35,105,45,82,36,128,3,94,52,115,77,123,95,73,26,69,
machine17:0,2,112,143,92,114,18,44,113,71,79,122,49,25,139,146,101,20,142,97,31,60,53,39,61,106,150,56,74,57,78,126,121,19,63,42,132,137,27,124,67,127,149,5,62,87,30,72,134,107,15,58,125,135,51,148,34,55,86,29,90,129,81,4,91,80,85,109,138,133,99,32,64,16,35,105,46,82,119,3,94,52,123,69,28,
machine18:0,2,93,108,7,33,143,18,44,113,71,111,79,122,49,21,25,48,136,40,146,83,101,10,103,142,97,47,60,61,106,150,56,74,57,70,78,126,130,63,42,116,137,27,124,76,67,127,149,65,87,88,134,22,107,1,58,135,51,34,55,86,90,66,24,98,75,91,80,109,138,144,133,99,32,16,35,46,45,82,3,14,84,95,
machine19:0,145,2,93,108,33,112,92,114,6,79,49,25,48,136,147,17,139,146,83,101,20,10,13,142,31,47,60,53,39,61,106,150,56,117,57,78,54,121,130,19,63,42,132,38,124,76,102,127,87,118,110,8,141,22,107,15,125,51,148,34,89,90,66,100,81,75,41,91,85,12,109,43,133,99,32,68,119,128,3,52,115,14,73,26,69,28,37,
machine20:0,145,2,93,131,108,112,143,92,114,18,44,113,6,71,111,122,21,25,48,147,40,139,83,101,10,13,103,142,31,47,60,53,61,150,117,70,78,130,19,116,132,137,38,27,124,76,102,127,149,5,30,72,110,134,8,141,107,1,15,58,125,135,51,59,34,50,55,86,29,90,120,129,81,24,98,75,4,91,80,12,138,43,144,133,16,35,45,82,119,36,128,3,94,52,9,11,84,123,95,69,
machine21:0,145,2,93,108,33,112,143,92,114,18,44,6,71,111,79,122,49,21,25,48,136,147,40,139,83,101,20,10,103,142,31,47,60,53,61,106,56,117,57,121,130,19,63,42,116,137,38,124,67,149,5,65,62,72,110,134,8,22,107,1,58,125,148,50,55,90,66,100,24,96,98,75,41,4,91,80,140,85,109,144,133,99,32,68,16,35,105,45,82,3,94,14,77,95,69,28,
machine22:0,145,2,93,131,108,33,112,143,92,114,18,44,113,6,71,111,79,122,49,25,48,147,17,139,146,83,101,20,13,103,142,97,31,47,60,53,39,61,106,150,56,117,70,78,54,130,19,42,116,132,27,124,67,102,65,62,87,23,30,88,72,110,134,141,107,15,58,51,59,148,34,55,86,29,90,120,66,100,24,41,80,140,85,12,109,43,144,133,99,105,46,82,119,128,94,9,11,73,28,
machine23:0,2,93,131,108,33,112,92,114,18,113,6,71,79,122,49,21,25,48,136,147,17,40,139,83,101,20,10,13,103,142,97,31,47,60,53,39,106,150,56,57,70,78,54,121,130,19,63,42,116,137,124,76,67,102,127,149,5,65,62,87,30,88,72,110,134,8,141,58,125,135,59,34,104,50,86,90,120,66,100,129,81,24,98,4,91,80,12,109,138,43,144,133,99,32,35,105,82,119,128,3,115,123,26,69,28,
machine24:0,145,2,93,131,108,7,33,112,18,113,6,71,111,79,122,49,21,48,136,147,139,83,101,10,13,103,142,31,47,60,53,61,106,150,117,74,57,70,54,130,19,42,116,132,27,124,76,102,127,5,65,23,88,134,141,22,1,58,125,59,34,29,89,90,100,129,24,75,41,4,140,12,138,43,144,133,99,68,16,35,105,46,45,82,94,52,14,11,123,95,73,26,28,37,
machine25:0,2,93,131,108,7,33,112,143,92,114,18,44,113,111,79,122,49,21,25,48,136,147,17,40,139,146,83,101,20,103,142,97,47,60,53,39,61,106,150,56,117,74,70,78,54,126,121,19,63,42,116,137,76,67,102,127,149,5,65,62,87,30,118,134,8,141,22,107,125,59,50,29,89,90,120,100,24,75,41,4,91,80,109,144,32,64,68,16,35,105,45,82,36,128,3,94,115,84,95,73,
machine26:0,145,2,108,7,33,112,143,92,44,113,6,71,111,79,122,49,21,25,48,136,147,40,139,146,83,101,20,10,103,142,97,47,60,53,61,150,56,70,78,54,130,19,63,42,132,27,124,76,67,102,127,149,65,62,72,118,110,134,8,107,1,58,125,135,59,148,34,86,29,89,90,120,100,98,4,91,80,109,133,99,32,64,35,105,45,82,36,128,3,14,77,11,84,69,28,
machine27:0,145,2,93,131,108,7,33,112,143,92,114,18,113,71,111,122,49,21,25,48,136,147,17,101,20,10,13,103,142,31,47,60,53,39,61,106,150,74,57,70,78,54,130,19,42,132,137,38,124,67,102,127,149,65,62,23,30,88,72,110,134,8,141,22,1,15,58,125,135,86,29,89,90,120,100,24,96,98,91,12,109,138,43,144,133,32,35,105,46,45,82,119,36,128,3,94,52,9,84,26,28,
machine28:0,2,93,131,108,7,33,112,143,92,114,18,44,113,6,71,111,79,122,21,25,48,139,146,83,101,20,10,13,103,142,97,31,47,53,61,106,150,56,117,74,57,78,121,130,19,63,42,132,137,38,27,124,76,67,102,127,149,65,23,30,72,8,141,22,107,15,58,125,51,59,148,104,50,29,89,120,81,24,98,75,4,91,80,140,85,12,43,144,133,32,64,68,16,35,105,45,82,119,3,94,52,14,123,95,73,69,
machine29:0,145,93,131,108,7,33,112,143,114,18,44,113,111,49,21,25,48,136,147,139,146,83,101,20,10,13,103,142,97,31,47,60,39,61,106,150,56,117,74,70,78,121,130,19,42,116,132,137,38,124,67,102,127,149,65,62,87,30,72,118,107,1,15,59,34,104,50,29,90,66,100,81,24,98,4,80,12,109,43,144,133,99,64,16,35,46,45,82,36,128,3,94,14,9,11,84,123,95,73,37,
machine30:0,2,93,131,108,7,112,143,92,114,18,44,113,6,71,111,79,122,49,21,25,48,17,40,139,83,101,20,10,13,103,142,31,47,60,39,61,106,150,56,117,74,57,54,121,130,63,42,116,132,38,27,67,102,127,149,5,65,62,30,88,72,8,141,22,107,1,15,58,51,59,104,86,29,89,90,120,100,129,81,24,4,91,80,140,144,133,32,68,16,35,105,46,45,82,119,128,3,94,115,14,77,84,123,26,69,28,
machine31:0,145,2,93,131,108,33,112,143,92,114,44,113,111,79,122,49,21,25,48,136,147,17,40,139,146,101,20,10,13,103,142,97,31,47,60,53,39,150,70,78,54,126,121,42,132,137,38,124,76,67,127,149,62,23,72,134,8,141,107,15,58,125,51,148,34,104,50,55,86,29,89,120,66,100,98,75,41,4,91,80,109,138,133,64,68,16,35,105,45,119,36,128,3,94,52,11,123,73,26,
machine32:0,145,2,131,108,7,33,112,92,114,18,6,71,111,79,122,49,21,25,48,17,40,139,101,20,103,142,47,60,53,39,61,106,56,117,57,54,121,19,63,116,132,124,67,102,127,149,87,23,88,118,8,22,1,15,125,135,59,148,34,104,55,86,29,89,90,66,100,81,24,96,98,75,41,4,91,140,85,12,109,138,144,99,64,16,35,45,119,36,128,3,52,14,9,11,84,123,26,
machine33:0,145,2,93,131,108,7,33,112,92,114,44,113,6,71,111,79,122,49,21,25,48,136,147,17,40,139,146,83,101,20,10,13,103,142,97,31,47,60,53,39,61,106,150,56,74,57,54,121,130,19,63,42,132,137,38,76,67,102,127,5,65,62,87,72,110,8,141,22,107,15,125,51,59,50,86,29,89,90,100,81,98,75,91,80,140,109,138,144,133,32,64,16,105,46,82,119,36,3,94,14,77,123,73,26,69,37,
machine34:0,145,2,131,108,7,33,112,143,92,114,18,44,113,6,71,111,21,25,48,147,40,139,146,83,101,20,10,13,103,142,97,47,60,61,106,150,56,117,57,70,78,54,130,19,42,116,132,38,124,67,127,149,65,62,88,72,118,110,134,8,107,1,15,148,34,104,50,55,86,29,89,90,66,100,129,81,24,96,98,75,41,91,140,12,109,144,133,35,105,46,45,3,115,77,123,95,28,37,
machine35:0,145,2,93,131,108,7,33,112,143,92,114,18,44,113,71,111,79,49,21,25,136,147,17,40,146,101,20,10,13,103,142,97,31,60,53,39,61,106,150,56,117,74,57,70,78,54,126,121,130,19,63,42,116,132,137,38,27,124,76,67,102,127,149,65,62,87,88,72,118,110,134,141,107,1,58,125,135,51,59,148,34,104,50,86,29,89,90,120,66,100,129,81,24,96,98,75,41,91,80,140,85,12,109,138,43,144,133,99,64,16,105,46,45,82,119,128,3,94,115,84,123,95,
machine36:0,145,2,93,131,108,7,33,112,143,92,114,18,44,71,111,79,122,49,21,25,48,17,40,139,83,101,20,10,13,103,142,97,31,47,60,53,39,61,106,150,56,117,57,70,78,54,130,19,63,42,116,132,137,38,27,102,127,149,5,65,62,87,23,30,88,72,118,110,8,141,22,107,1,58,125,135,51,59,148,34,104,50,86,29,89,90,66,100,129,81,24,75,41,4,91,80,140,43,144,133,99,32,64,68,16,45,82,128,52,14,9,77,11,84,123,73,26,69,28,37,

1to 1:
1to 2:4,7,8,13,18,21,24,25,26,32,33,34,35,40,45,48,49,50,51,53,57,58,60,61,64,66,67,72,75,78,80,81,82,86,87,89,90,96,97,98,101,103,105,106,107,110,114,121,122,123,127,130,132,134,135,141,142,143,147,150,52,102,92,11,133,85,10,126,95,146,124,41,76,12,131,22,30,139,29,1,120,128,54,112,44,42,111,19,145,2,
1to 3:3,11,13,14,17,18,21,23,24,25,31,33,34,35,39,42,44,45,46,47,48,49,52,53,56,57,58,59,60,61,66,68,72,74,77,80,81,83,84,86,87,89,92,96,97,98,100,104,105,106,107,114,115,119,121,122,123,124,128,130,132,135,136,141,142,144,146,150,4,6,36,85,64,113,65,10,15,41,26,43,139,127,148,149,118,19,133,137,112,2,
1to 4:3,7,8,10,13,17,18,19,20,21,29,31,32,33,35,38,39,45,46,48,51,54,55,57,58,59,60,66,68,73,74,77,79,80,81,82,86,89,90,92,95,98,101,103,105,108,110,115,119,122,135,136,137,141,147,150,49,14,12,15,42,123,124,100,148,69,125,99,85,26,126,139,128,43,27,76,132,114,25,149,146,67,133,113,65,53,127,62,1,2,
1to 5:4,8,12,14,15,19,23,24,29,30,31,32,33,35,38,39,40,43,45,47,55,56,57,58,59,60,61,67,68,69,72,73,75,78,82,84,90,91,101,103,105,106,107,116,119,120,122,128,131,132,134,140,141,142,149,85,62,110,11,139,6,95,99,13,9,98,124,148,97,111,76,133,125,2,113,86,83,44,71,108,114,48,1,92,25,150,112,143,53,
1to 6:3,7,8,10,13,17,18,20,21,24,32,33,37,40,42,45,46,47,48,49,50,52,53,54,56,57,58,60,61,63,64,66,68,69,72,73,74,75,78,82,84,87,89,90,93,95,97,100,103,105,107,115,116,119,121,122,123,124,127,130,134,137,141,144,146,149,110,59,43,113,99,14,108,6,133,19,76,12,71,79,67,128,1,120,92,101,65,150,147,86,2,80,25,
1to 7:1,3,4,14,18,19,21,24,26,29,30,31,32,34,38,39,44,45,48,51,52,54,57,58,59,68,70,73,74,75,77,78,79,83,86,89,90,98,104,105,106,107,113,119,120,122,123,127,130,131,132,136,137,141,142,145,147,149,148,13,134,97,108,43,69,64,85,12,22,125,27,150,2,110,71,102,146,144,124,143,42,67,139,133,92,53,10,
1to 8:1,2,4,8,14,17,25,28,29,31,32,34,38,39,41,45,46,47,48,49,50,51,53,54,59,61,66,68,69,71,72,73,75,78,79,81,83,89,90,91,92,95,97,98,101,103,104,105,106,107,113,116,119,120,122,123,124,127,128,130,131,132,136,141,145,146,147,149,150,143,35,84,62,13,114,64,11,121,26,139,12,133,15,22,23,27,137,108,111,65,67,21,44,10,
1to 9:2,3,4,7,10,13,14,17,18,22,34,37,44,45,47,48,50,54,55,56,57,59,60,61,69,71,74,75,77,78,79,86,89,90,93,96,98,103,104,105,106,119,121,122,123,124,130,131,132,135,136,139,142,150,12,15,101,100,133,19,26,9,33,99,64,53,148,67,41,110,143,125,107,112,92,111,42,29,
1to 10:3,13,17,18,21,24,28,34,38,39,43,44,45,47,48,49,50,54,56,57,58,60,61,68,70,73,75,78,79,81,82,84,86,87,90,91,93,98,103,107,110,116,120,124,127,129,130,134,135,136,137,140,141,142,143,144,104,99,51,85,125,118,101,123,64,132,149,114,100,41,19,76,145,1,4,97,146,53,92,29,25,113,133,10,150,2,
2to 1:2,3,12,13,17,19,21,24,26,29,31,32,34,35,36,37,38,39,41,42,47,50,51,53,56,58,63,67,68,71,75,79,83,86,90,91,92,93,95,97,100,102,105,106,107,108,110,111,113,116,122,123,124,127,128,130,132,137,139,141,144,146,148,149,1,133,85,119,54,84,98,8,89,121,30,7,87,142,145,72,57,48,60,45,103,78,82,131,44,114,150,61,10,
2to 2:
2to 3:3,4,5,10,13,14,17,19,21,27,31,35,38,43,44,47,53,56,57,58,61,63,66,67,71,72,75,77,78,82,91,98,100,102,104,106,107,112,117,128,130,141,143,145,146,149,126,95,116,124,34,113,25,118,121,119,81,32,59,8,24,93,60,94,127,39,42,33,30,83,46,92,80,150,45,142,108,103,7,29,54,114,48,101,109,132,18,111,131,
2to 4:2,3,12,13,14,20,21,25,26,27,29,31,35,41,42,46,47,50,51,53,56,57,58,61,67,68,71,72,77,78,79,84,86,87,90,91,99,100,105,107,108,110,111,112,113,114,115,123,124,130,131,135,138,139,141,143,144,145,146,147,149,59,45,136,83,118,48,18,52,34,102,119,103,81,101,64,121,94,16,30,134,106,95,49,82,133,63,44,39,54,109,32,1,122,132,19,7,92,10,60,33,142,150,
2to 5:1,3,6,10,13,14,21,22,29,31,32,35,36,38,40,41,43,44,45,47,50,53,56,58,63,65,66,67,71,75,78,79,81,82,85,88,90,92,98,99,100,102,105,107,108,110,111,112,113,114,125,127,128,135,139,140,141,142,143,144,145,146,149,16,83,25,11,54,120,8,122,72,48,59,133,119,94,2,93,106,24,121,12,134,109,80,103,34,131,49,42,18,91,150,60,19,61,101,
2to 6:3,5,8,12,13,19,20,22,31,35,37,39,40,41,43,46,49,50,53,56,58,67,79,82,86,87,88,90,91,93,97,99,100,103,106,110,111,112,117,123,124,125,128,130,134,136,137,139,141,142,143,147,149,150,69,54,95,59,119,26,10,80,121,60,32,102,132,138,16,1,24,101,120,109,42,89,61,63,81,2,17,92,57,116,131,7,33,48,108,18,29,114,
2to 7:3,10,12,13,18,26,27,31,33,34,35,36,38,42,47,49,50,53,54,56,58,61,62,63,65,71,72,78,83,86,90,91,92,93,99,100,103,110,111,112,114,123,124,125,130,139,142,143,145,147,149,150,97,29,44,59,45,84,1,98,25,104,24,134,120,7,48,121,128,30,46,132,118,113,106,89,32,70,2,82,127,8,101,136,109,102,133,19,108,122,
2to 8:1,3,7,13,16,17,20,21,23,24,27,29,31,33,34,35,36,38,41,42,44,45,47,50,51,56,57,58,62,63,64,65,66,67,71,72,75,78,79,81,83,88,90,91,93,97,99,100,107,108,111,112,113,114,116,122,123,130,138,139,142,143,145,146,147,149,140,10,48,69,98,121,104,30,101,84,26,109,94,46,8,118,87,128,136,2,120,61,131,60,39,150,92,132,127,133,102,25,49,
2to 9:3,5,13,14,17,19,21,34,36,37,41,42,46,47,50,53,64,67,71,72,75,76,77,81,82,88,90,92,93,100,102,103,105,108,110,112,116,123,127,130,135,139,142,143,144,146,149,150,98,138,49,44,7,87,39,89,48,124,114,2,84,104,60,128,8,32,95,12,111,1,22,54,63,80,78,113,45,57,132,10,106,109,91,33,61,83,131,29,
2to 10:2,4,12,13,17,19,24,32,38,39,41,43,47,48,49,50,51,53,60,62,63,65,71,72,75,78,79,82,86,88,89,90,91,93,98,99,100,103,104,107,110,111,112,118,123,124,128,130,133,135,137,139,140,141,143,144,80,131,46,70,132,138,85,26,7,84,81,34,44,16,58,92,57,87,20,54,45,101,121,1,102,120,134,127,18,97,106,42,61,10,114,29,
3to 1:1,2,3,4,5,11,12,18,21,25,26,30,32,37,42,43,44,45,47,49,51,54,56,57,59,61,69,70,72,73,74,76,78,81,83,86,91,92,95,96,97,98,101,104,105,107,109,111,119,121,123,124,125,131,132,133,134,135,137,142,143,145,147,148,149,150,146,75,118,6,90,15,50,35,108,93,9,60,38,48,13,29,10,128,139,33,79,53,127,141,8,82,7,114,19,122,
3to 2:1,2,3,10,11,12,18,19,21,22,24,25,26,27,33,34,38,40,44,45,47,49,52,54,56,58,61,62,63,67,68,69,70,71,72,78,81,85,86,87,93,100,101,102,106,109,111,114,122,130,132,141,142,143,145,146,127,117,126,88,35,89,13,83,7,65,135,46,6,48,110,82,128,90,57,108,113,42,32,8,75,147,79,29,53,60,92,
3to 3:
3to 4:2,7,14,16,19,20,21,25,31,32,34,42,43,45,51,53,54,56,58,62,67,69,71,72,73,74,76,78,80,81,82,83,88,89,99,102,103,105,106,109,112,113,114,118,121,124,125,130,131,133,137,139,141,143,144,145,149,117,33,122,55,41,110,13,29,28,87,8,146,70,5,15,128,35,132,24,79,57,27,18,135,4,46,116,92,6,3,108,101,91,127,150,93,
3to 5:1,3,4,10,11,16,18,19,21,24,25,27,30,31,32,33,40,42,43,44,45,47,49,54,55,56,57,59,62,67,69,70,71,72,78,79,80,81,82,85,86,91,92,94,96,98,99,100,101,102,103,106,109,111,113,117,119,120,121,128,130,131,133,135,140,141,148,150,112,90,46,77,65,41,50,8,114,110,15,35,9,5,95,53,142,29,105,83,137,93,145,48,108,
3to 6:7,10,12,14,16,20,21,25,31,33,34,37,42,43,44,47,48,49,53,54,57,58,59,61,63,70,73,74,80,81,87,94,97,99,100,102,103,104,105,106,109,112,113,114,120,121,123,124,125,132,139,141,142,145,146,32,56,41,115,13,50,17,95,65,88,4,116,24,122,40,5,137,90,46,79,147,108,3,83,8,82,127,92,101,18,
3to 7:1,2,4,7,8,10,12,13,14,17,21,25,29,30,32,34,44,48,49,54,56,58,59,67,68,71,72,74,77,80,82,86,89,92,93,94,98,101,103,106,109,111,114,117,120,123,124,127,131,132,133,135,136,137,142,144,149,15,38,65,27,33,50,128,16,24,112,105,146,145,70,60,122,47,35,147,3,113,45,91,62,139,42,53,18,
3to 8:1,3,4,10,11,12,13,15,18,19,20,21,24,25,26,27,28,31,32,34,42,44,47,51,53,54,57,59,61,68,72,74,80,81,84,86,87,92,93,97,98,100,101,102,103,105,106,109,111,117,119,120,121,123,127,131,133,136,140,143,145,147,149,150,6,88,36,8,137,65,141,77,46,83,70,112,132,62,114,129,126,95,17,29,7,146,148,91,45,38,48,82,128,35,139,142,56,33,60,108,79,122,
3to 9:1,2,4,7,10,13,14,15,19,21,26,29,33,34,37,44,45,48,53,54,55,59,61,67,72,75,80,81,86,87,89,94,96,98,99,100,102,103,104,105,106,109,111,114,117,118,119,127,130,131,139,143,144,146,149,41,8,141,3,112,83,57,46,88,77,124,24,135,108,56,47,142,6,116,17,137,145,60,132,101,18,150,
3to 10:1,3,7,14,20,21,25,26,28,29,31,33,34,38,42,43,44,45,47,49,51,57,58,59,61,62,67,68,71,72,73,74,78,79,80,81,89,92,94,97,98,99,101,102,103,106,109,113,117,118,120,121,123,125,127,129,131,134,136,139,140,141,142,144,88,135,50,56,110,146,13,17,27,16,24,41,18,145,10,148,53,65,137,132,150,48,
4to 1:2,3,6,10,13,15,16,17,21,23,25,28,29,30,31,33,34,37,41,42,43,46,47,49,51,52,53,54,57,60,63,66,71,73,76,79,81,83,84,86,91,98,101,106,110,111,113,114,115,116,118,120,122,123,125,127,130,132,133,137,142,143,144,145,146,147,150,148,64,90,68,45,95,26,119,55,74,39,126,58,18,32,136,124,56,107,20,102,108,35,78,67,1,92,61,48,
4to 2:2,3,7,12,13,16,17,18,20,22,23,24,29,31,34,38,39,41,42,44,46,48,49,51,54,56,57,60,61,63,66,71,72,75,76,78,80,82,83,85,86,90,93,95,98,99,100,101,103,106,108,113,114,116,117,124,128,130,131,143,146,136,109,87,92,94,150,97,138,32,132,35,58,26,107,102,123,139,25,67,148,21,45,53,19,1,33,122,
4to 3:3,4,6,12,13,15,16,18,20,25,27,28,33,34,38,47,49,57,58,63,65,67,72,73,74,75,76,78,80,81,82,85,89,91,92,93,98,101,108,109,112,113,114,119,121,122,127,128,131,133,137,139,142,143,144,145,149,35,90,102,68,7,141,55,70,69,61,44,115,125,14,130,95,66,21,132,32,103,71,42,83,1,48,53,150,56,
4to 4:
4to 5:1,3,4,5,6,10,12,13,15,16,18,19,24,25,28,29,35,38,41,43,45,47,49,52,53,57,60,62,63,67,73,75,76,81,83,85,86,92,93,95,98,99,100,101,103,106,108,109,112,113,116,119,123,124,125,127,128,131,135,142,144,68,14,136,107,94,82,40,110,137,69,30,70,139,87,130,55,78,66,31,42,20,97,90,80,39,65,133,102,56,44,150,61,71,91,114,122,
4to 6:2,4,5,6,8,12,13,16,17,20,24,26,27,31,32,33,34,35,37,40,42,46,49,54,56,57,60,61,66,69,73,76,79,80,81,83,86,92,93,94,99,100,101,103,107,108,109,112,115,116,119,122,127,130,131,134,139,140,143,144,145,147,39,123,25,133,68,124,70,138,106,74,59,117,137,82,102,136,113,114,48,58,67,90,53,18,150,
4to 7:2,3,7,10,13,15,17,18,23,25,26,29,31,32,33,34,39,42,46,47,49,51,52,53,54,56,58,60,62,63,67,69,70,72,73,74,80,84,85,86,89,91,93,94,101,105,106,113,121,122,123,124,127,128,135,136,139,145,146,147,149,65,30,61,83,14,82,19,130,132,99,59,90,125,108,45,143,20,133,35,21,92,102,114,71,150,48,
4to 8:2,3,7,13,15,16,18,19,24,31,32,33,34,44,46,48,49,50,51,52,53,54,55,56,60,67,69,72,73,75,78,79,81,84,87,89,90,92,98,100,107,108,114,115,121,123,124,127,128,130,131,132,134,136,139,143,144,145,146,147,148,149,150,122,59,103,138,25,99,102,82,63,97,28,80,119,74,39,61,26,125,113,65,45,66,70,20,58,142,109,137,86,106,1,91,133,35,83,42,71,
4to 9:2,3,13,16,19,21,29,33,34,37,47,53,54,57,60,73,74,75,81,82,84,86,89,91,92,94,99,100,101,103,109,112,113,118,125,127,129,130,132,139,142,143,146,123,90,7,20,136,67,110,71,55,26,119,48,42,59,14,45,70,114,39,76,97,1,106,107,102,25,49,56,150,61,122,
4to 10:2,3,4,10,12,13,14,16,17,18,23,24,29,33,34,41,42,43,45,46,49,50,51,53,56,57,58,62,63,70,72,76,78,80,81,84,87,89,93,94,100,101,103,106,109,113,115,116,118,120,121,122,123,125,127,129,130,131,133,136,137,139,140,144,145,146,149,150,69,39,59,28,124,21,74,68,99,102,26,148,91,110,61,97,143,19,132,32,82,67,20,79,71,65,31,60,108,25,114,
5to 1:1,4,8,9,10,13,15,25,29,30,32,33,35,40,41,42,47,48,49,52,54,58,60,61,69,70,71,75,77,78,79,80,82,85,86,87,91,92,98,106,110,111,113,114,119,124,127,128,130,131,132,137,139,143,144,147,150,16,53,55,96,11,21,73,68,12,51,146,120,145,23,66,135,22,103,125,38,141,107,90,31,133,18,122,142,44,112,93,19,101,2,
5to 2:1,3,8,10,12,13,16,18,19,24,25,29,35,38,41,42,43,44,45,48,51,54,57,58,62,65,66,69,70,77,82,85,90,92,99,101,103,106,107,108,109,110,111,112,116,117,120,123,124,128,130,131,132,134,139,143,144,147,150,96,40,135,50,5,60,31,114,72,98,141,83,122,127,49,71,78,93,47,53,102,2,
5to 3:1,3,4,5,10,11,16,24,25,27,29,34,35,36,38,43,45,46,54,57,58,59,62,65,67,72,77,78,80,82,91,92,94,95,107,108,111,112,114,117,124,127,128,131,132,137,139,141,143,144,145,147,148,149,150,96,83,102,50,68,88,23,31,135,125,146,12,105,18,53,40,103,48,142,93,106,71,44,47,60,56,122,101,
5to 4:3,13,16,19,20,24,25,27,28,29,32,34,38,41,42,44,45,49,54,55,57,58,59,61,62,67,69,70,79,80,82,86,91,93,95,98,99,101,102,105,106,107,109,110,112,114,117,122,127,129,132,136,137,138,139,143,144,145,148,149,150,68,71,51,2,103,75,142,90,53,141,94,40,125,135,66,83,147,134,133,60,48,92,
5to 5:
5to 6:1,2,3,4,6,8,13,18,19,20,24,29,32,33,41,43,50,54,59,60,61,62,67,69,71,72,78,79,80,82,83,86,90,91,94,95,97,103,105,108,109,110,111,112,114,116,117,123,124,130,131,135,137,139,140,144,145,147,150,16,125,31,102,25,88,21,53,127,73,5,63,146,66,122,75,48,134,120,107,93,106,47,44,56,92,142,
5to 7:1,2,3,4,6,8,10,12,13,14,17,18,24,25,27,32,34,35,42,46,49,58,59,60,61,62,67,69,70,75,77,78,79,80,82,83,86,91,94,95,97,99,100,101,102,103,105,107,108,110,111,112,113,117,122,127,131,134,137,139,141,142,143,144,148,135,146,73,11,31,90,93,98,68,38,145,21,47,147,40,48,130,71,106,19,65,29,92,114,
5to 8:1,3,8,13,15,18,19,20,24,25,27,28,29,32,35,40,41,42,43,45,46,48,50,54,55,58,59,61,62,65,66,67,69,70,72,78,80,82,83,84,90,91,92,93,99,100,101,103,105,106,108,109,111,112,114,116,117,119,121,122,127,128,129,130,131,132,136,137,138,139,142,143,144,147,148,149,150,51,120,107,68,73,9,94,98,16,47,44,38,134,31,146,145,71,2,
5to 9:1,3,12,13,14,15,16,20,21,24,25,41,42,47,50,53,55,59,61,65,67,69,71,76,77,78,80,82,86,87,90,91,92,94,95,97,98,101,105,106,108,109,110,112,114,117,119,123,124,129,130,131,139,141,142,143,144,148,149,150,140,96,72,75,31,11,38,5,147,66,83,107,56,6,103,29,19,48,127,93,111,2,
5to 10:1,3,4,8,14,17,18,19,20,24,25,28,29,30,34,39,41,42,43,45,46,48,58,59,60,61,67,70,72,75,77,78,80,82,85,86,90,91,92,94,95,97,98,99,100,101,103,105,107,109,110,111,112,114,116,117,124,129,130,131,133,134,135,137,139,143,145,148,150,22,62,140,125,11,68,93,106,51,9,66,142,147,56,40,144,120,31,49,141,122,127,83,44,47,53,65,71,2,
6to 1:1,4,5,6,10,11,16,17,18,19,22,26,29,33,34,35,39,40,41,45,46,48,49,53,56,57,58,60,61,66,67,68,70,74,75,78,82,83,86,89,90,93,95,98,100,103,105,106,107,116,119,121,122,123,124,125,127,132,135,141,142,143,146,147,150,20,73,92,43,113,23,50,32,115,24,30,59,31,136,13,120,25,97,76,42,54,21,63,79,144,139,47,111,2,44,
6to 2:1,3,6,17,19,25,29,33,34,35,40,41,43,46,47,48,50,52,53,56,57,58,60,62,63,64,65,66,70,71,72,78,82,83,87,88,89,90,91,99,101,102,103,105,106,109,111,115,116,117,120,123,124,125,128,130,131,132,134,135,136,138,139,140,141,142,143,146,147,150,80,12,59,67,45,31,113,24,97,18,32,42,20,8,93,122,144,92,108,100,75,54,114,21,49,
6to 3:4,5,7,8,10,11,14,17,19,24,25,29,33,35,39,40,42,43,48,49,53,54,56,57,58,59,60,62,65,66,67,68,76,78,81,82,83,86,88,89,91,94,95,100,102,103,105,111,112,113,115,116,121,123,127,130,131,135,140,141,142,143,146,147,149,150,109,80,73,3,75,70,108,32,74,63,21,12,47,34,13,144,45,101,31,18,92,114,79,
6to 4:1,2,3,6,10,17,19,21,24,25,28,33,34,35,39,42,48,49,53,54,58,60,62,66,68,73,74,79,80,82,86,87,88,89,90,92,93,94,98,99,100,103,105,106,109,112,116,121,122,123,124,126,128,131,133,134,138,141,143,146,147,149,150,31,43,45,16,67,63,115,50,70,56,76,144,137,108,125,18,130,97,32,102,107,136,113,139,78,47,114,142,61,101,
6to 5:2,5,8,10,14,17,19,20,24,33,40,41,48,53,56,58,60,62,65,70,72,73,78,82,83,86,88,90,91,92,93,94,97,99,102,103,105,106,107,108,109,111,112,113,116,117,120,121,122,124,127,131,132,133,134,141,142,144,147,149,150,23,4,13,12,16,125,100,43,71,59,80,47,101,67,3,32,42,31,44,79,49,114,
6to 6:
6to 7:2,8,14,19,20,21,26,29,33,34,35,39,42,46,47,48,49,53,57,59,60,62,68,82,83,89,90,91,92,94,97,99,100,102,105,106,109,117,121,122,124,127,128,130,131,132,134,139,141,142,146,149,150,125,4,80,54,67,136,24,71,120,144,31,13,95,56,18,17,25,30,32,63,113,93,147,137,111,65,108,101,10,79,
6to 8:2,6,10,17,18,24,25,29,35,39,42,46,47,53,58,59,61,62,63,64,65,66,67,68,70,71,72,73,78,79,80,82,83,84,87,88,89,90,92,97,99,101,103,105,108,109,111,113,116,117,119,121,122,123,124,127,129,130,131,132,139,142,146,149,150,147,16,4,100,50,13,74,114,120,34,75,54,45,102,144,20,93,107,137,31,112,136,
6to 9:1,2,6,7,8,10,13,14,17,19,21,29,33,34,35,40,46,47,48,49,53,57,60,61,63,64,65,76,81,82,87,88,89,90,98,99,103,105,106,107,108,111,112,116,119,122,123,124,127,130,131,139,140,141,142,146,147,149,26,73,20,4,115,144,50,109,125,102,54,75,24,59,95,79,86,136,67,100,25,71,92,3,97,80,56,
6to 10:1,2,3,10,13,16,18,19,22,29,32,33,39,41,42,46,47,48,53,54,57,58,59,60,61,62,65,68,72,74,75,80,81,82,86,87,88,90,92,97,98,99,100,101,104,106,114,116,117,118,120,121,123,124,127,129,131,132,134,141,143,145,146,147,43,20,17,102,63,95,110,26,34,108,24,4,8,21,144,113,79,67,71,49,93,
7to 1:2,6,8,9,13,14,15,17,18,24,25,29,32,34,35,39,44,45,48,49,54,58,61,62,67,71,74,75,78,79,84,86,89,90,91,93,96,97,101,103,104,106,108,111,113,114,119,121,124,125,130,131,132,133,136,137,141,142,144,147,65,92,128,27,118,68,59,122,139,21,80,19,120,23,43,134,98,105,72,148,10,60,4,143,47,53,1,56,150,
7to 2:8,13,21,22,24,25,32,34,35,36,39,44,47,49,50,52,56,57,58,63,65,67,78,81,82,83,85,88,90,91,92,93,98,99,100,102,105,107,112,113,114,119,120,134,139,145,147,130,68,64,124,103,2,16,128,3,131,1,27,132,72,143,17,108,146,106,33,10,136,19,109,29,54,71,150,111,101,61,122,48,
7to 3:4,7,13,14,15,17,19,24,25,26,29,31,32,33,34,36,42,44,45,46,48,49,53,54,57,58,60,61,69,78,80,84,89,92,93,94,98,101,102,103,105,108,111,112,113,114,117,125,127,136,137,142,145,147,47,18,91,59,3,104,128,67,150,143,72,71,149,76,21,30,62,130,146,109,134,106,8,56,122,
7to 4:1,7,8,12,13,14,19,20,24,25,26,28,31,32,33,34,35,38,39,42,43,44,47,49,58,60,61,69,70,74,78,79,80,82,86,90,93,94,97,99,100,101,102,107,109,112,119,122,123,124,125,127,128,130,133,134,135,136,137,138,139,144,145,21,105,10,98,71,30,146,53,2,3,149,56,72,113,67,150,18,108,147,91,29,143,92,
7to 5:4,8,9,12,14,18,19,21,24,25,29,31,35,39,42,43,45,48,53,54,56,61,69,71,77,78,80,82,84,85,90,91,93,94,96,99,101,102,109,111,113,114,119,120,125,127,130,131,133,134,135,137,139,141,142,144,147,15,68,62,108,149,105,22,92,60,30,106,107,27,148,103,38,132,122,128,124,67,17,1,65,47,33,143,2,150,
7to 6:1,7,8,10,12,14,17,18,20,21,24,25,32,33,34,35,39,40,42,45,47,49,50,58,60,61,63,65,71,74,79,80,82,83,84,86,88,89,90,92,93,94,99,101,107,111,112,114,120,124,132,134,140,141,142,143,145,147,13,128,130,64,30,16,113,68,23,19,59,105,70,53,76,144,3,125,109,106,27,22,67,149,146,97,48,122,136,103,54,108,91,62,139,127,2,150,
7to 7:
7to 8:3,4,8,20,24,25,26,31,32,34,35,36,38,39,42,45,47,50,58,59,65,71,72,74,77,78,83,88,89,91,93,97,100,101,102,106,108,109,114,119,120,127,133,134,138,139,142,143,147,148,150,104,62,103,10,130,111,13,68,122,16,136,29,128,149,30,23,15,132,105,80,54,1,146,48,67,2,86,112,56,92,131,18,
7to 9:3,4,6,7,8,10,12,14,24,26,35,36,39,42,44,45,48,49,50,53,54,57,60,61,62,65,75,77,78,80,83,88,89,90,92,93,100,101,102,111,112,113,114,119,131,132,136,139,142,147,150,13,105,96,141,17,98,118,47,144,97,33,16,106,104,149,59,71,103,130,72,29,134,109,67,91,21,2,19,127,108,143,122,
7to 10:4,7,12,18,20,21,24,25,29,31,32,34,39,42,43,44,48,49,54,57,58,60,61,62,65,67,69,71,74,75,80,82,84,86,88,89,93,100,101,102,105,106,110,112,113,114,119,121,123,124,127,128,130,133,137,139,140,141,144,145,150,120,98,10,53,16,64,72,125,104,59,13,70,38,30,118,132,136,27,134,148,19,17,47,1,91,92,2,143,142,
8to 1:2,11,13,18,21,23,24,26,29,30,35,36,38,42,44,46,47,49,50,53,56,58,59,60,67,68,70,71,72,73,75,77,78,80,81,82,84,86,90,91,92,93,97,98,100,101,102,105,106,118,119,120,123,124,127,128,129,130,132,133,136,139,142,143,144,145,146,137,104,149,15,111,45,39,113,121,48,61,103,17,141,107,83,1,114,10,79,122,33,150,
8to 2:3,5,8,9,10,13,19,21,24,25,26,29,31,32,35,41,42,45,46,47,49,54,56,60,62,63,64,65,67,68,70,72,75,77,81,83,89,92,93,94,98,100,102,105,106,107,108,111,112,116,117,120,123,124,127,128,132,133,139,143,144,145,146,149,84,136,16,51,103,39,109,82,141,138,36,44,114,121,17,122,113,58,38,78,1,142,80,61,33,7,131,48,18,
8to 3:3,4,7,10,11,14,15,25,27,28,29,31,34,35,39,41,42,45,47,48,50,53,54,56,57,58,59,60,62,67,71,72,73,75,78,83,84,92,93,98,100,101,102,104,108,109,111,112,115,116,121,123,124,126,127,128,129,130,131,132,139,143,144,146,149,114,46,38,117,80,16,142,33,136,113,137,119,141,44,103,18,86,61,65,
8to 4:3,7,8,13,14,15,18,20,24,25,26,28,29,31,32,33,35,38,42,45,47,50,54,56,62,63,64,67,68,70,72,79,89,91,92,94,100,101,102,105,107,109,111,114,115,119,123,124,130,131,132,142,144,145,146,147,36,127,82,51,103,137,16,74,99,136,39,44,143,138,78,80,61,133,149,58,97,86,48,122,113,10,112,
8to 5:2,9,11,13,14,15,16,18,20,22,23,29,30,31,35,36,38,40,42,46,47,53,56,58,60,62,65,66,67,70,72,75,78,80,81,84,88,90,91,92,93,94,97,98,101,102,107,112,113,116,117,120,124,128,130,131,132,133,136,142,143,144,145,149,55,100,105,119,103,1,150,25,109,21,6,45,146,82,114,122,44,137,147,83,111,61,10,
8to 6:5,7,13,14,17,18,19,20,21,22,24,25,26,27,28,29,31,32,33,35,39,43,47,48,49,59,60,62,64,67,71,73,79,80,81,83,84,86,90,92,94,97,101,102,105,106,107,108,114,115,116,119,120,122,123,124,125,127,128,129,130,131,132,133,137,138,141,143,146,149,150,45,74,113,16,104,36,8,136,100,112,63,147,76,109,82,103,58,139,78,111,91,42,142,
8to 7:2,3,4,7,13,15,19,24,26,28,29,30,31,32,35,38,42,45,46,47,48,49,54,60,61,65,67,70,72,73,86,89,91,92,93,94,95,97,98,100,101,102,105,106,107,111,112,113,114,117,120,124,130,131,132,133,139,143,144,145,146,149,150,136,21,36,141,74,84,142,51,122,39,119,23,78,58,17,137,62,18,103,127,10,1,
8to 8:
8to 9:3,5,8,13,14,19,20,24,26,29,34,39,41,42,48,50,53,54,57,60,67,71,72,73,75,77,81,83,88,89,90,91,92,94,95,98,100,101,102,105,106,109,111,112,114,118,121,123,127,130,131,132,133,136,139,143,144,148,150,37,79,16,104,15,55,35,107,63,149,147,65,93,21,45,44,61,33,10,
8to 10:4,18,19,20,24,26,29,38,41,42,43,45,46,49,50,51,53,54,58,60,64,65,67,70,72,77,81,84,92,94,95,97,102,104,106,114,116,117,118,120,123,125,130,131,132,133,139,143,144,146,148,149,150,78,112,87,37,141,62,137,74,127,129,25,142,66,39,121,17,1,21,44,109,100,82,91,34,31,10,111,61,
9to 1:1,7,8,12,17,18,24,26,35,37,39,44,45,47,48,50,51,53,57,59,60,66,74,75,77,81,82,83,84,86,89,90,91,92,95,98,101,103,104,105,109,111,112,116,118,121,123,128,132,133,134,136,139,149,41,110,137,124,146,23,42,143,73,52,22,119,67,36,15,13,14,21,144,70,107,54,29,2,71,63,141,142,100,127,147,61,25,145,56,19,49,33,150,10,
9to 2:1,2,3,8,17,19,26,32,33,34,36,37,40,44,45,46,48,51,53,54,60,66,67,75,77,83,86,89,90,92,97,98,102,105,106,109,112,114,116,122,123,127,131,139,146,119,117,23,101,99,10,13,70,41,24,63,81,110,57,21,107,147,22,141,71,87,35,42,100,91,49,47,56,145,132,113,111,142,61,93,150,
9to 3:1,8,10,12,14,18,20,21,24,32,34,37,44,45,48,49,53,56,59,60,61,62,67,75,77,80,81,84,86,88,89,94,95,103,104,105,106,109,112,113,117,118,119,122,123,125,136,145,149,35,139,96,25,87,19,147,46,15,5,98,100,33,13,72,111,29,6,142,146,3,144,57,141,79,107,31,127,54,42,108,47,132,91,114,71,101,
9to 4:2,14,15,16,19,21,25,26,28,32,33,34,37,38,44,45,48,50,51,55,59,60,61,62,63,64,66,69,71,77,81,82,87,89,90,92,94,97,102,105,106,109,112,117,121,122,124,127,130,133,136,137,140,143,144,148,149,91,70,35,67,57,73,22,42,138,119,103,99,145,146,49,13,39,123,29,12,72,3,31,56,107,139,114,150,86,
9to 5:1,6,8,10,12,13,14,16,25,33,38,45,48,53,55,59,62,66,80,82,83,84,86,88,92,93,94,100,101,103,105,106,108,109,112,114,119,121,122,131,133,139,150,140,19,96,2,75,98,57,145,144,15,107,110,71,36,117,132,111,41,124,116,42,141,24,70,135,90,147,63,113,47,40,67,60,56,49,142,127,29,
9to 6:2,7,16,17,18,21,29,34,35,37,39,40,45,47,48,53,54,56,57,59,62,66,74,80,82,84,86,88,89,90,94,104,105,109,114,116,117,121,123,127,128,131,132,139,150,24,144,73,12,22,125,142,108,137,78,141,25,60,8,87,93,147,100,33,49,67,106,19,79,112,20,42,71,111,10,
9to 7:1,14,15,17,18,21,29,33,35,39,44,45,48,54,56,57,59,65,67,69,71,80,82,89,90,92,93,94,97,102,105,106,109,112,114,119,122,123,124,125,130,132,133,136,137,139,140,143,149,147,96,22,8,150,113,36,76,99,23,60,117,61,100,13,107,108,86,101,72,91,19,127,111,47,25,2,49,131,142,10,
9to 8:1,2,3,8,9,13,16,17,20,26,33,34,35,36,38,45,47,48,49,51,54,56,57,59,61,62,67,71,74,87,89,90,92,97,98,101,102,104,105,109,112,114,121,123,124,125,127,131,132,133,136,137,140,146,148,117,39,76,113,138,50,144,63,119,55,15,31,70,46,24,141,107,72,149,139,100,116,103,7,42,108,91,111,145,143,10,142,79,150,
9to 9:
9to 10:1,2,9,10,14,16,17,18,19,26,33,34,38,39,44,47,48,53,56,61,65,71,74,75,77,80,81,84,86,90,91,92,93,97,104,106,109,110,112,113,114,127,131,134,136,143,148,149,25,98,23,79,73,57,12,50,150,42,87,89,49,119,117,140,41,111,118,137,123,144,24,54,116,7,3,67,100,20,101,107,21,29,
10to 1:1,3,4,8,10,13,14,16,18,19,24,29,33,37,38,39,41,42,43,45,48,49,51,52,53,57,58,61,66,67,68,72,75,78,79,80,81,84,86,90,92,97,100,101,103,105,106,107,108,110,111,114,118,119,120,121,127,128,130,131,133,134,135,137,139,141,142,144,147,148,149,150,125,62,98,59,50,116,44,60,73,104,69,74,124,143,54,20,17,7,34,132,21,93,2,
10to 2:2,3,5,12,16,17,24,26,27,32,37,38,42,43,44,45,48,49,51,53,57,58,61,64,65,66,67,71,72,81,82,83,86,88,92,93,99,100,101,102,107,108,113,114,117,122,123,127,128,130,132,133,135,136,143,145,146,150,69,10,50,78,98,140,41,39,91,116,68,9,134,25,104,87,19,110,60,34,120,131,118,63,144,7,121,125,20,112,54,31,142,1,106,18,111,
10to 3:3,4,8,12,13,19,24,29,33,37,38,39,42,44,45,46,47,60,61,62,65,68,70,71,72,77,81,82,83,84,87,91,94,100,101,103,111,113,115,117,118,119,127,130,135,136,137,142,144,148,150,85,25,79,140,98,112,43,28,51,50,49,59,132,57,27,121,106,54,31,145,89,114,92,141,78,143,120,34,7,18,21,17,20,53,93,10,56,
10to 4:1,2,3,4,16,17,18,19,26,27,29,37,39,41,44,49,53,57,58,67,71,72,77,81,82,89,91,92,94,97,98,99,100,101,102,103,107,108,109,113,114,115,116,117,119,123,126,127,128,129,130,131,133,134,136,137,140,141,149,150,69,87,78,34,106,60,63,125,66,73,28,54,79,65,51,124,85,74,38,110,42,112,142,40,70,148,145,31,56,20,143,25,
10to 5:3,8,10,12,13,16,17,18,24,27,32,39,41,42,47,48,49,57,58,59,61,62,65,67,68,71,72,75,78,79,82,83,84,86,90,91,92,94,97,99,100,101,111,113,114,116,117,119,123,127,129,131,134,140,143,144,148,150,44,73,110,88,69,85,51,19,34,9,21,43,38,98,142,53,81,135,20,60,80,124,31,25,141,106,93,145,102,112,
10to 6:1,3,4,5,10,16,17,18,19,20,24,25,29,40,41,47,48,56,57,58,59,62,64,66,67,68,70,82,84,86,88,90,91,92,94,97,99,100,104,105,106,107,108,109,111,113,114,115,117,119,123,127,130,131,133,134,136,139,140,141,144,147,150,43,63,28,125,120,21,34,116,81,50,71,79,121,87,31,132,60,65,112,93,49,42,142,
10to 7:1,2,3,4,8,13,17,18,19,24,27,29,31,32,33,42,45,47,48,51,53,54,56,57,59,61,62,68,71,79,86,89,91,92,94,97,99,100,101,102,105,106,107,108,112,113,114,127,128,130,131,133,136,137,140,146,148,149,150,124,80,110,70,28,144,134,58,25,141,20,38,93,125,132,120,65,145,60,34,142,44,143,10,
10to 8:1,13,16,17,23,24,25,26,27,39,41,43,45,47,48,51,53,54,57,59,61,62,64,65,67,79,80,84,88,90,91,92,97,100,101,102,105,109,111,113,114,117,120,123,127,128,129,130,131,133,134,137,139,143,146,144,68,81,50,112,73,93,9,10,116,38,89,142,98,40,87,42,78,49,124,60,20,132,106,21,44,19,18,
10to 9:1,2,5,8,13,16,18,20,24,26,29,31,37,41,44,45,47,49,54,56,59,61,64,65,67,71,72,75,76,77,78,82,86,89,93,96,97,99,100,102,103,104,105,109,114,117,123,124,127,129,130,132,133,143,148,149,116,50,25,110,88,42,112,40,131,140,85,98,144,22,81,87,34,7,17,121,38,79,57,62,142,60,53,10,19,92,
10to 10:

cell1:3,7,2,8,9,6,10,4,5,
cell2:4,9,10,5,7,8,3,6,1,
cell3:7,10,1,4,6,2,9,8,5,
cell4:2,10,3,5,7,8,9,6,1,
cell5:4,10,6,3,1,8,9,7,2,
cell6:5,3,7,9,8,2,10,4,1,
cell7:9,10,5,1,8,6,2,4,3,
cell8:2,4,10,6,3,9,7,5,1,
cell9:1,6,5,10,2,4,7,3,8,
cell10:1,2,6,4,5,7,3,9,8,
