machine1:0,38,45,6,48,68,27,67,63,57,37,33,16,55,8,34,31,41,42,76,71,39,66,30,2,72,65,43,79,61,75,49,32,18,12,13,59,60,5,77,7,69,24,36,50,51,52,29,
machine2:0,38,45,74,1,6,19,48,68,27,67,25,63,10,47,57,54,53,37,40,33,58,16,55,8,11,4,34,31,41,78,42,17,76,71,39,28,66,30,35,2,44,72,65,26,43,70,79,22,61,73,21,75,49,32,18,12,13,3,59,62,46,20,60,9,5,64,77,14,7,69,15,24,36,23,56,50,51,52,29,80,
machine3:0,1,6,19,27,25,10,57,37,40,58,16,55,11,31,78,76,71,39,28,66,35,44,72,65,26,79,22,61,75,49,18,13,3,59,62,46,20,9,5,77,14,7,69,15,24,36,23,51,
machine4:0,38,45,74,1,6,19,48,27,67,25,63,10,47,57,54,37,40,58,16,55,8,11,4,31,78,17,76,71,39,28,66,30,35,2,44,72,65,26,70,79,22,61,73,21,75,49,32,18,13,3,59,62,46,20,60,9,5,64,77,14,7,69,15,24,36,23,56,50,51,52,29,80,
machine5:0,45,74,19,68,63,54,53,37,58,4,41,78,39,30,2,44,73,32,13,62,46,20,60,9,64,14,69,15,23,56,29,80,
machine6:0,38,45,74,1,6,19,48,68,27,25,63,47,57,54,53,37,40,33,58,55,8,11,4,34,31,41,78,42,17,76,71,39,28,66,30,2,44,72,65,26,43,70,79,22,73,21,75,49,32,18,12,13,3,59,62,46,20,60,9,5,64,77,14,7,69,15,24,36,23,56,50,51,52,29,80,
machine7:0,38,74,48,27,67,63,10,47,53,33,55,4,34,31,41,42,17,71,66,30,35,2,65,43,70,22,61,73,21,32,12,3,59,62,46,9,5,64,14,7,24,36,23,56,51,52,29,80,
machine8:0,38,74,1,48,68,27,67,25,63,10,47,54,53,40,33,58,16,55,8,11,4,34,31,41,42,17,71,39,28,66,30,35,2,72,65,26,43,70,22,61,73,21,32,12,13,3,59,62,46,9,5,64,77,14,7,15,24,36,23,56,50,51,52,29,80,

1to 1:
1to 2:44,56,29,55,65,22,59,25,49,21,73,2,10,6,76,3,30,66,27,37,47,
1to 3:79,4,14,18,41,64,13,20,28,33,39,72,23,8,57,46,7,54,58,48,
1to 4:61,63,9,36,68,53,15,32,50,77,67,26,62,42,11,17,16,31,40,24,35,
2to 1:16,18,67,4,52,20,45,13,70,69,32,5,40,62,17,28,80,58,78,46,61,79,26,
2to 2:
2to 3:75,24,50,25,1,60,74,63,71,27,38,44,22,19,49,36,31,6,
2to 4:56,73,54,8,51,10,72,3,47,55,48,2,
3to 1:9,31,63,3,11,1,55,76,60,74,75,43,42,37,15,30,51,77,19,
3to 2:54,7,40,64,57,72,39,8,17,45,26,14,52,78,69,
3to 3:
3to 4:4,66,27,71,34,22,13,25,29,21,59,80,23,12,70,5,38,65,46,
4to 1:12,29,33,7,71,59,21,66,39,14,65,41,64,38,34,48,
4to 2:24,23,11,28,5,80,36,77,35,58,50,74,15,9,70,1,
4to 3:53,68,47,32,52,62,51,73,56,30,43,2,
4to 4:

cell1:4,3,2,
cell2:1,4,3,
cell3:1,4,2,
cell4:2,1,3,
