machine1:0,58,95,38,87,94,54,53,24,22,66,5,26,16,12,90,68,44,34,45,49,10,77,52,50,3,35,19,78,65,43,85,80,59,79,9,8,74,1,71,30,81,82,60,15,93,72,23,51,32,6,76,55,2,29,18,46,56,75,48,84,41,37,4,86,14,21,
machine2:0,58,13,87,91,54,70,22,66,5,11,16,12,90,39,68,27,49,77,88,42,50,3,35,19,78,65,43,25,92,79,9,8,1,71,30,81,82,60,40,15,36,93,72,23,51,32,6,2,29,28,33,18,46,7,75,20,48,84,83,89,41,37,4,86,14,21,
machine3:0,58,73,31,38,87,94,91,70,22,66,57,67,11,16,39,44,45,27,77,52,88,42,3,35,19,85,59,92,79,74,1,71,30,81,82,60,40,15,93,72,23,51,32,6,76,55,2,29,33,18,7,47,20,48,84,83,89,17,41,37,4,86,14,21,
machine4:0,73,31,63,91,53,24,70,66,61,26,57,16,90,68,44,34,45,27,49,10,52,88,50,3,35,19,78,65,43,85,80,92,74,1,71,30,82,62,23,51,32,6,76,2,29,28,33,18,7,47,75,20,48,84,17,41,4,86,21,
machine5:0,69,95,94,63,54,70,66,5,26,67,12,90,44,34,45,27,49,10,77,52,50,3,35,65,80,25,92,9,1,71,81,82,60,40,15,36,62,93,72,6,76,55,2,29,18,46,7,47,56,75,20,48,84,17,41,37,4,86,14,21,
machine6:0,69,58,31,38,94,54,66,61,67,11,16,44,34,88,42,50,35,19,65,85,80,92,79,9,74,1,71,30,60,36,62,93,72,23,51,6,76,55,2,29,28,33,18,46,7,56,75,20,48,84,17,41,37,4,86,
machine7:0,58,91,54,53,70,66,61,5,26,57,11,16,90,39,68,34,45,49,77,88,42,50,35,19,78,43,80,25,92,9,8,1,30,81,82,60,40,15,36,62,93,72,51,32,55,2,29,28,7,56,75,20,48,84,41,37,4,21,
machine8:0,13,95,31,87,94,91,53,22,61,26,57,16,12,64,68,44,34,45,27,49,52,88,50,3,35,19,80,25,79,71,82,60,15,72,23,32,55,2,29,33,46,7,75,20,48,84,89,17,41,37,4,86,14,21,
machine9:0,58,13,95,31,38,24,22,66,61,26,57,67,11,90,39,68,45,49,77,88,42,50,35,19,78,65,43,85,80,25,92,79,8,1,30,81,60,36,72,23,51,32,6,76,55,29,33,7,56,75,84,89,17,41,86,14,21,
machine10:0,69,58,31,38,54,70,22,66,5,67,11,90,64,45,27,10,52,88,42,3,65,59,79,9,8,1,71,81,82,60,40,36,62,93,23,51,6,76,55,2,29,46,56,48,84,89,17,41,86,14,21,
machine11:0,69,13,95,31,63,91,54,53,24,66,61,57,67,90,68,44,27,10,77,52,42,50,35,78,65,80,25,92,79,9,8,1,71,30,81,82,60,15,36,62,51,32,76,28,33,46,7,47,56,75,48,84,89,17,41,86,14,21,
machine12:0,69,58,13,73,95,31,38,87,94,63,91,53,22,66,61,5,67,11,12,90,64,39,68,44,34,45,27,49,77,52,88,50,3,35,19,78,85,80,59,25,92,79,9,8,74,1,71,30,81,82,60,40,15,36,62,93,72,23,51,32,6,76,55,2,29,28,33,18,46,7,47,56,75,20,48,84,83,89,17,41,37,4,86,14,21,
machine13:0,69,58,13,73,95,31,38,87,94,91,54,24,70,22,66,5,26,57,67,11,16,12,90,64,39,68,44,34,45,27,49,10,77,52,88,42,50,3,35,19,78,65,43,85,80,59,25,92,79,9,1,71,30,81,82,60,40,15,36,62,93,72,23,51,32,6,76,55,2,29,33,18,46,7,47,56,75,20,48,84,83,89,17,41,37,4,86,14,21,
machine14:0,69,58,13,73,95,31,94,63,91,54,53,24,22,66,61,5,26,57,67,11,16,12,64,39,68,44,34,45,27,49,10,77,52,88,42,50,3,35,19,65,43,85,80,25,92,79,9,74,1,71,30,81,82,60,40,15,36,62,93,72,23,51,32,6,76,55,29,28,33,18,46,7,47,56,75,20,48,84,83,89,17,41,37,4,86,14,21,
machine15:0,69,58,73,95,31,38,87,63,53,70,22,66,61,5,26,57,67,11,16,12,90,64,39,68,44,34,27,49,77,52,88,50,3,35,19,78,65,43,85,80,59,25,92,79,9,8,1,30,81,82,60,15,36,62,93,72,23,51,32,6,76,55,2,29,28,33,18,46,7,47,56,75,20,48,84,83,89,17,41,4,86,14,21,
machine16:0,58,13,73,95,31,38,87,63,53,24,70,22,66,61,5,26,57,11,12,90,64,39,68,44,34,27,10,77,52,88,42,50,3,35,19,78,65,43,80,92,79,9,8,74,1,71,30,81,82,60,40,15,36,62,72,23,51,32,6,2,29,33,46,7,47,56,75,20,48,84,83,89,17,41,37,4,86,14,21,
machine17:0,58,13,95,31,38,87,94,63,91,54,53,70,22,66,26,57,67,16,12,90,39,68,44,34,45,27,52,88,42,50,3,35,19,78,43,85,59,25,92,79,9,74,1,71,81,82,60,15,36,62,72,23,51,32,6,76,55,2,29,28,46,7,56,75,20,48,84,83,89,17,41,37,86,14,21,
machine18:0,69,58,13,95,31,87,94,24,22,66,26,67,11,16,12,64,39,44,34,45,27,10,77,52,88,42,50,3,35,19,78,65,43,85,80,25,92,79,9,8,74,1,30,81,82,60,40,15,36,62,93,72,23,51,32,6,76,55,2,29,28,33,18,7,47,56,75,20,48,84,83,89,17,41,37,4,86,14,21,
machine19:0,69,58,73,31,87,94,91,53,24,70,22,66,61,5,26,57,67,11,16,90,64,39,44,34,45,27,49,10,77,52,88,42,50,3,35,19,78,65,43,85,59,25,92,79,9,74,1,81,82,60,40,15,36,62,93,72,23,51,32,6,76,55,2,29,28,33,18,46,7,47,56,75,20,48,84,83,89,17,41,37,4,86,14,21,
machine20:0,69,58,13,95,31,38,87,63,91,54,24,70,22,66,61,5,26,57,67,12,90,64,39,68,44,34,45,27,49,10,77,88,42,50,35,19,78,65,43,80,25,79,9,8,74,1,71,30,60,40,15,36,62,93,72,23,51,32,6,76,55,2,29,28,33,18,46,7,47,56,75,20,48,84,83,89,17,41,37,4,14,21,
machine21:0,69,58,73,95,31,38,87,94,63,91,54,24,22,66,61,5,26,57,67,11,16,12,90,64,39,34,45,27,49,77,52,88,42,3,35,19,78,65,43,80,59,25,92,79,8,74,1,30,82,60,40,36,62,93,72,23,51,32,6,76,55,29,28,33,46,7,47,56,75,20,48,84,83,89,17,41,4,86,14,21,
machine22:0,58,13,95,87,94,53,24,70,22,5,26,57,67,11,12,90,64,39,34,45,10,52,88,42,3,35,19,78,65,43,85,80,59,25,92,79,9,8,71,30,81,82,60,40,15,36,62,93,72,23,51,32,6,76,55,2,29,28,33,46,7,56,20,48,84,89,17,41,37,4,86,14,21,
machine23:0,58,13,73,95,31,38,87,94,63,91,54,53,22,66,61,5,57,67,11,64,39,68,44,45,27,49,52,88,42,3,35,19,78,65,43,85,92,79,74,1,71,30,81,82,60,36,62,93,72,23,51,6,76,55,2,29,33,18,46,7,47,56,75,20,48,84,89,17,41,37,4,86,14,21,

1to 1:
1to 2:1,4,5,6,8,10,11,13,15,16,18,19,20,21,22,24,26,29,31,32,34,36,37,38,41,42,45,54,55,56,57,68,70,71,72,74,76,77,78,84,86,87,88,91,2,7,9,14,17,23,27,28,30,33,35,43,44,46,48,49,50,51,52,58,59,60,61,62,65,66,67,75,79,80,81,82,92,93,
1to 3:1,4,6,8,9,15,16,19,21,22,25,26,27,31,32,34,36,37,38,39,40,45,46,48,54,56,57,63,66,68,69,70,72,77,80,81,84,85,88,90,91,95,2,3,5,7,11,12,14,17,18,20,23,28,29,30,33,35,41,43,44,47,49,50,51,52,53,55,58,59,60,62,65,67,71,73,74,75,76,78,79,82,86,89,93,94,
1to 4:1,3,4,6,7,12,13,15,16,17,18,19,20,22,23,24,25,26,29,33,34,37,39,41,45,46,48,54,56,57,59,63,66,71,74,76,77,78,79,80,85,86,88,90,93,95,5,11,14,21,27,28,30,32,35,40,44,47,49,50,52,55,58,60,62,65,67,72,73,75,81,82,83,84,87,89,92,
1to 5:1,3,6,10,12,13,15,16,18,19,22,24,25,29,31,33,34,36,37,40,41,42,45,48,51,56,57,60,62,68,69,70,72,75,76,77,78,83,85,86,87,92,93,95,2,4,7,11,14,17,20,21,23,27,28,30,32,35,43,44,46,47,50,52,55,58,59,61,65,66,67,71,79,80,81,82,84,88,89,90,94,
1to 6:1,2,4,5,6,10,13,14,15,16,17,19,20,21,22,26,29,30,31,32,33,35,36,37,39,42,43,45,46,47,48,55,56,57,58,60,61,63,70,76,77,80,84,85,87,89,91,95,3,7,8,11,12,18,23,24,27,34,41,44,49,50,52,62,65,66,67,71,72,74,75,79,81,86,88,90,92,93,
1to 7:1,5,6,9,10,15,16,18,19,20,21,22,25,26,34,37,39,41,42,45,46,51,54,55,56,58,61,65,70,77,78,80,84,85,88,92,93,94,95,2,3,4,7,11,14,17,23,24,27,29,30,32,33,35,38,43,44,47,48,49,52,53,60,62,66,67,71,72,74,75,76,79,81,82,86,87,89,90,91,
2to 1:1,3,4,6,9,11,15,18,19,20,21,23,24,26,29,30,31,34,36,37,38,40,42,47,48,50,54,56,57,61,62,68,69,78,80,81,84,85,87,92,94,2,5,7,8,10,14,16,17,22,27,28,32,33,35,41,43,44,45,46,49,51,52,53,55,58,60,65,66,67,71,72,75,76,77,79,82,86,88,90,91,93,
2to 2:
2to 3:1,2,3,4,5,6,11,13,14,15,16,17,18,23,24,25,26,29,30,31,32,34,37,38,40,41,42,49,51,53,54,57,58,61,62,64,68,69,70,72,74,78,79,80,84,85,86,87,92,95,7,8,9,19,20,21,22,27,28,33,35,36,39,44,45,46,50,52,55,56,60,65,66,67,71,75,76,77,81,82,88,90,91,93,
2to 4:1,3,4,6,9,11,13,14,15,17,18,22,23,24,25,27,29,31,34,35,41,42,44,48,49,53,54,57,58,61,65,67,69,70,71,77,79,81,84,87,90,92,93,94,95,5,7,8,16,19,20,21,26,28,30,32,33,36,39,43,45,46,50,51,52,55,56,60,62,64,66,72,75,76,80,82,85,86,88,89,91,
2to 5:1,2,4,6,10,11,12,13,15,16,18,19,20,23,25,31,33,34,35,37,40,41,46,48,53,54,57,61,62,65,67,69,70,77,78,79,80,81,82,87,93,95,7,9,14,17,21,22,26,27,28,29,30,32,36,39,42,43,44,45,50,51,52,55,56,58,60,64,66,68,71,72,75,76,84,86,88,89,90,91,92,
2to 6:1,3,4,6,10,13,14,16,19,20,21,23,24,25,28,29,30,31,32,33,36,37,40,46,49,51,57,58,61,63,64,66,68,69,70,77,82,86,89,90,91,92,93,95,2,5,7,9,11,15,17,22,26,27,35,41,42,43,44,45,48,50,52,55,56,60,62,65,67,72,75,76,79,80,84,88,
2to 7:1,2,4,5,6,8,10,11,13,16,18,19,20,23,25,27,29,31,33,34,37,38,42,45,46,49,57,61,62,64,65,69,70,71,74,78,81,84,85,86,87,90,94,95,7,9,14,15,17,21,22,28,32,35,36,41,43,48,51,52,54,55,56,58,59,60,66,67,72,75,76,79,80,82,88,91,92,93,
3to 1:2,3,4,7,10,14,15,17,23,27,35,37,38,43,44,47,49,50,51,55,56,58,60,61,62,69,75,80,82,83,85,90,92,93,95,1,5,6,9,16,18,19,20,21,22,26,28,29,30,32,33,34,36,39,40,41,42,45,46,48,52,65,66,71,72,73,76,77,78,79,81,84,86,88,89,91,94,
3to 2:2,3,4,5,8,11,13,14,17,18,22,27,28,29,30,37,38,40,44,46,48,49,50,51,53,62,65,67,69,70,72,75,79,80,82,84,85,92,93,1,6,7,15,16,19,21,23,25,26,31,32,33,34,35,36,39,41,42,45,52,55,56,58,60,64,66,71,76,77,86,87,88,89,91,94,
3to 3:
3to 4:3,7,10,11,12,13,14,15,17,23,25,27,30,32,34,38,43,45,48,49,50,51,55,56,62,65,66,78,80,82,83,84,85,87,90,91,92,1,5,6,9,16,18,19,20,21,22,26,28,29,31,33,35,36,39,40,41,42,44,46,47,52,53,58,60,67,69,70,71,72,73,75,76,77,79,81,86,88,89,94,95,
3to 5:2,3,4,5,7,8,11,12,13,14,17,18,19,27,29,30,33,35,38,40,42,43,44,46,47,50,52,55,56,58,61,67,69,72,75,76,80,83,85,89,91,92,93,94,1,6,9,10,15,16,20,21,22,23,25,26,28,31,32,34,36,37,39,45,48,51,64,65,66,68,70,71,74,77,78,79,84,86,88,95,
3to 6:2,3,4,7,8,10,11,12,13,14,17,24,25,27,29,33,38,40,42,44,46,47,48,50,51,52,55,56,57,62,64,65,66,67,69,70,75,77,78,81,82,83,84,85,86,90,91,93,94,95,1,5,6,15,18,19,20,22,23,26,28,31,32,34,35,36,37,39,41,43,58,60,71,72,73,74,76,79,87,88,89,
3to 7:1,2,3,5,10,11,14,15,17,18,22,24,25,27,30,31,37,38,40,45,46,47,49,54,59,60,64,66,67,75,77,80,82,83,84,85,86,89,90,91,92,93,4,6,7,13,19,20,21,23,26,28,32,33,34,35,36,39,41,42,43,48,51,52,53,55,56,57,58,65,70,71,72,73,74,76,78,79,81,87,88,94,95,
4to 1:1,2,3,4,5,7,10,12,15,16,17,19,21,23,25,27,34,35,37,38,39,41,42,45,46,48,49,50,52,53,54,57,59,60,62,63,65,66,71,72,74,75,76,77,78,80,82,83,85,86,88,89,91,92,94,95,6,9,14,18,20,22,24,26,29,30,31,32,33,36,40,43,44,47,51,55,58,69,79,81,84,87,
4to 2:4,6,7,10,12,15,16,17,18,20,21,22,23,26,27,28,30,34,35,38,39,41,42,43,44,46,47,49,50,53,54,55,57,59,61,62,66,68,71,72,74,75,76,77,79,80,81,86,91,92,93,94,95,1,9,11,14,19,25,29,31,32,33,36,45,48,51,52,56,58,60,64,65,67,69,82,84,88,89,
4to 3:1,2,3,4,5,7,9,11,12,14,15,16,17,18,20,23,24,27,28,29,34,35,37,39,42,43,46,47,49,50,51,52,53,54,55,59,60,62,63,65,66,67,68,71,72,74,75,76,77,79,80,82,83,84,85,89,91,92,93,6,19,21,22,25,26,30,31,32,33,36,40,44,48,56,58,64,69,73,78,86,87,88,95,
4to 4:
4to 5:1,3,4,5,7,10,11,16,17,22,23,25,26,27,28,30,34,37,39,40,41,42,43,44,47,48,50,51,52,53,55,57,59,61,62,65,66,68,70,71,72,76,77,78,79,80,81,82,84,86,89,90,92,6,12,14,15,19,20,21,24,29,31,32,36,46,56,58,60,75,83,85,87,88,95,
4to 6:3,4,5,7,8,10,12,14,16,20,22,23,24,25,26,27,28,32,33,34,35,37,38,39,42,45,47,50,51,52,53,55,57,60,61,62,66,67,70,72,75,76,77,80,81,82,83,85,86,88,89,90,91,92,1,6,15,18,19,21,29,31,36,40,41,43,44,46,48,49,56,58,63,64,65,69,79,84,95,
4to 7:2,3,4,5,7,9,10,11,12,13,14,15,16,17,18,21,22,23,25,26,27,28,29,32,34,37,39,41,42,43,44,47,51,52,53,54,57,58,60,61,62,65,66,67,69,72,74,75,76,78,79,80,81,82,83,85,88,89,90,91,94,1,6,19,20,30,31,33,36,40,45,46,48,55,56,64,73,84,86,87,92,95,
5to 1:1,3,4,5,6,7,9,12,15,17,18,19,20,22,26,28,29,30,31,33,35,36,37,39,42,43,44,45,46,47,48,51,52,53,54,55,56,57,58,60,61,62,65,66,71,72,75,76,77,78,79,80,81,82,85,86,88,91,94,95,2,10,21,23,24,25,32,34,38,40,50,63,68,70,74,83,84,87,89,90,92,
5to 2:1,2,4,6,9,11,12,13,14,16,17,23,24,25,26,28,31,33,34,35,36,37,40,41,42,43,44,45,46,48,50,51,52,54,56,57,58,61,62,65,67,70,76,77,78,79,80,81,82,86,87,89,91,94,95,7,8,10,15,19,20,21,22,27,29,30,32,38,53,55,60,64,66,68,71,72,75,84,85,88,92,
5to 3:1,4,5,6,7,8,9,10,11,13,14,15,16,17,21,29,31,33,35,37,38,39,42,43,44,45,46,47,48,50,52,53,54,55,56,57,58,62,65,67,70,73,74,75,76,77,78,79,80,82,86,88,90,93,95,2,12,19,20,22,23,24,25,27,28,30,32,34,36,40,41,60,63,66,71,72,83,84,85,87,89,92,
5to 4:1,2,3,4,5,6,7,11,13,15,16,17,20,21,22,23,24,25,26,27,28,31,33,35,36,38,39,40,41,42,43,44,45,46,47,48,50,52,54,56,57,58,61,62,65,67,69,73,75,76,77,79,80,81,82,83,84,85,86,94,95,10,12,14,19,29,30,32,34,37,51,53,60,63,64,66,68,71,72,74,88,89,90,92,93,
5to 5:
5to 6:1,2,3,5,6,7,9,13,14,16,17,18,20,21,26,31,33,34,35,36,39,40,41,42,43,44,45,46,47,50,51,52,53,56,58,60,61,62,65,67,70,71,72,75,76,77,79,80,81,82,86,87,88,93,95,4,10,12,15,19,22,23,25,27,28,29,32,37,38,48,55,57,63,64,66,68,83,84,85,89,90,94,
5to 7:1,3,4,5,6,7,9,10,11,12,13,14,15,16,17,20,21,23,25,26,28,31,33,34,35,36,38,39,40,41,42,43,44,45,46,47,51,52,54,55,56,57,58,59,60,61,62,65,67,70,75,76,77,78,79,80,81,82,85,86,90,91,94,95,2,19,22,27,29,30,32,37,48,64,66,71,72,74,83,84,87,88,89,92,
6to 1:4,5,9,10,14,16,19,20,21,24,26,27,28,29,30,33,36,37,39,40,43,46,49,51,53,55,57,60,68,70,78,82,83,85,88,91,93,95,1,2,3,6,15,17,18,22,23,31,34,35,41,42,44,45,47,48,50,52,56,58,59,61,62,65,66,71,72,75,76,79,80,81,84,86,87,89,90,92,
6to 2:10,13,14,15,18,19,20,21,25,27,28,29,31,33,37,39,40,43,46,49,51,52,53,55,56,57,61,64,68,70,71,72,77,79,82,85,89,93,1,2,3,5,6,7,17,22,23,24,32,34,35,36,41,42,44,45,48,50,54,58,60,62,65,66,67,75,76,80,81,84,86,88,90,91,94,
6to 3:5,7,9,14,17,19,20,21,23,25,26,27,28,30,33,36,40,43,44,46,47,48,49,50,51,53,55,56,57,58,60,64,68,69,70,71,77,78,80,83,85,86,88,89,91,92,93,1,2,3,6,11,15,18,22,31,32,34,35,37,39,41,42,45,52,65,66,67,72,74,75,76,79,84,87,94,
6to 4:5,13,14,16,17,20,21,23,27,29,32,33,34,37,39,40,42,43,45,46,47,50,51,53,55,58,64,71,75,76,77,82,83,85,86,91,93,95,1,3,6,11,12,15,18,19,22,24,25,28,31,35,36,41,44,48,52,56,57,59,60,62,65,66,67,72,79,80,84,87,88,89,92,94,
6to 5:3,5,7,10,13,14,17,19,21,25,27,29,31,33,39,40,43,46,47,48,50,51,53,55,62,64,65,68,69,75,76,77,78,81,84,85,89,92,95,1,2,6,11,12,15,18,20,22,23,24,32,34,35,36,37,41,42,52,56,57,58,60,61,63,66,71,72,74,79,80,83,87,88,90,93,94,
6to 6:
6to 7:2,5,7,9,10,13,15,21,23,25,28,31,33,34,36,39,42,43,46,47,51,52,55,57,60,62,64,70,75,76,77,78,82,85,89,91,92,93,95,1,3,6,8,11,17,18,19,20,22,24,26,27,32,35,37,41,45,48,49,56,58,63,65,66,67,71,72,79,80,81,83,84,86,87,88,94,
7to 1:1,2,5,6,9,10,12,13,16,18,19,21,22,26,27,28,29,31,32,33,35,36,37,39,40,41,42,43,44,45,46,51,52,55,58,60,63,66,69,72,73,74,75,76,77,79,80,83,84,86,87,88,89,90,91,93,94,3,4,7,14,15,17,20,23,30,34,47,48,49,53,54,56,57,65,67,71,78,81,82,85,92,95,
7to 2:1,2,4,5,6,8,11,19,20,21,22,23,25,26,28,32,33,35,36,37,39,40,42,43,45,48,51,52,55,58,61,62,64,66,69,71,72,74,75,76,77,80,82,84,85,86,87,88,94,95,3,7,13,14,15,17,27,29,30,34,41,46,49,53,54,56,57,60,65,67,78,79,81,90,91,92,
7to 3:2,4,5,6,8,11,12,13,15,16,17,19,20,21,22,25,26,28,31,33,35,36,40,41,42,43,44,45,47,51,52,58,60,62,64,66,69,71,72,75,76,77,78,79,80,82,83,84,87,88,89,90,91,93,94,95,3,7,14,23,27,29,32,37,38,39,48,49,53,54,55,56,59,65,67,85,86,92,
7to 4:1,3,5,6,9,11,12,16,17,19,20,24,28,30,31,33,35,36,37,39,40,42,43,48,49,52,53,54,55,57,58,62,63,65,66,72,74,75,76,77,78,80,83,86,87,88,89,91,92,94,4,7,13,15,23,26,27,29,32,34,41,46,47,56,60,67,71,79,82,84,85,95,
7to 5:1,6,9,10,11,12,15,16,20,21,22,23,25,26,28,30,31,33,35,36,37,39,40,42,43,44,45,46,47,48,52,56,58,61,62,63,65,66,68,71,72,74,75,76,77,78,80,81,82,83,85,86,87,88,90,91,93,94,3,4,7,8,13,14,17,19,27,29,32,34,38,41,51,53,55,57,60,64,70,79,84,89,92,95,
7to 6:1,2,5,11,18,19,22,24,26,28,31,32,33,34,35,36,37,39,40,42,43,44,46,49,51,52,55,58,62,63,64,66,67,69,72,73,75,76,79,80,82,83,85,86,87,88,90,91,93,3,4,6,7,13,14,15,17,20,23,41,45,47,48,53,56,57,59,60,65,70,81,84,89,92,95,
7to 7:

cell1:6,2,7,3,5,4,
cell2:1,3,7,6,5,4,
cell3:6,2,7,4,5,1,
cell4:3,7,5,1,2,6,
cell5:2,1,7,6,3,4,
cell6:4,3,1,2,5,7,
cell7:5,6,1,2,4,3,
