machine1:0,30,28,101,69,60,31,4,25,109,14,104,94,52,107,44,37,16,99,42,32,1,75,80,57,102,3,2,106,82,89,66,5,77,6,20,62,88,53,36,61,100,12,18,91,29,21,84,11,71,54,59,56,51,74,38,27,92,46,26,24,83,8,15,86,65,7,
machine2:0,30,28,39,95,101,17,69,60,31,4,55,103,25,109,14,104,73,13,87,94,52,107,68,47,44,79,37,40,16,99,93,42,32,108,35,90,70,76,1,75,49,48,9,10,22,80,57,19,102,3,2,106,82,58,89,64,66,50,5,77,6,20,62,88,53,105,36,43,61,100,12,18,45,91,29,33,34,21,84,97,11,110,96,67,23,71,98,41,54,59,56,51,74,38,72,27,81,92,46,63,26,24,83,8,85,15,86,78,65,7,
machine3:0,28,39,101,69,4,14,87,52,44,37,16,99,93,32,70,49,19,106,82,58,89,66,5,77,6,36,61,18,45,29,33,21,97,110,96,23,98,41,54,38,27,81,46,63,26,24,83,8,85,78,65,
machine4:0,30,28,39,101,17,69,4,25,14,104,73,87,94,52,47,44,37,16,99,93,32,108,35,70,49,9,22,80,19,102,3,2,106,82,58,89,64,66,50,5,77,6,36,61,100,18,45,91,29,33,34,21,84,97,11,110,96,67,23,98,41,54,59,56,51,38,72,27,81,92,46,63,26,24,83,8,85,15,78,65,7,
machine5:0,95,101,17,69,60,31,4,55,103,109,73,13,87,94,107,68,47,44,79,37,40,16,99,93,42,32,108,35,90,70,76,1,49,48,9,10,22,80,57,19,102,3,2,106,82,89,64,66,50,5,6,20,62,88,53,105,36,43,61,100,12,18,45,91,29,33,21,84,97,11,110,96,67,23,71,98,41,54,59,56,51,74,38,72,27,81,92,46,63,26,24,83,8,85,15,86,78,65,7,
machine6:0,17,69,60,55,13,87,107,68,47,79,37,16,99,93,42,32,108,35,70,76,1,48,9,10,22,80,19,102,2,82,89,66,50,5,6,20,88,53,105,43,61,100,18,45,91,29,21,84,97,11,96,67,71,98,41,54,56,51,74,72,27,81,92,46,63,26,24,83,8,85,15,78,65,7,
machine7:0,17,13,87,68,79,32,108,1,48,9,10,22,80,19,102,2,89,5,88,53,100,45,91,97,11,67,71,98,41,56,51,27,81,63,26,24,85,78,7,
machine8:0,30,28,101,55,103,14,104,73,87,107,68,44,79,37,40,99,93,42,108,35,1,75,10,22,80,57,19,2,58,89,5,62,105,36,43,61,12,45,29,33,21,84,11,110,96,67,23,41,54,51,74,72,81,46,63,26,8,85,78,65,
machine9:0,30,28,95,101,17,69,31,4,55,103,25,14,104,73,87,94,107,68,47,44,79,37,40,99,93,42,32,108,35,90,76,1,75,49,10,22,80,57,19,3,2,82,58,89,66,50,5,62,88,53,105,36,43,61,12,18,45,29,33,34,21,84,97,11,110,96,67,23,71,98,41,54,59,56,51,74,72,27,81,46,63,26,24,83,8,85,15,86,78,65,7,
machine10:0,30,39,95,101,17,69,60,31,4,55,25,109,14,104,87,107,68,79,37,40,99,42,108,35,90,49,22,80,57,2,82,64,50,53,91,33,34,21,84,97,11,98,41,56,51,74,72,81,92,46,63,24,83,8,85,15,78,7,
machine11:0,30,28,39,95,101,17,69,60,31,4,55,103,25,109,14,104,73,13,87,94,52,107,68,47,79,37,40,16,99,42,108,35,90,70,76,1,75,49,48,22,80,57,102,2,106,82,58,89,64,66,50,77,6,20,62,88,53,100,91,29,33,34,21,84,97,11,110,67,23,71,98,41,59,56,51,74,38,72,27,81,92,46,63,26,24,83,8,85,15,86,78,65,7,

1to 1:
1to 2:80,67,87,3,7,47,4,104,78,5,93,39,35,54,101,9,72,
1to 3:83,89,8,17,110,92,12,103,23,32,43,84,108,20,105,59,40,22,37,13,64,26,109,
1to 4:14,44,19,65,74,88,28,71,45,97,30,2,90,36,10,96,1,95,
1to 5:99,51,91,94,86,29,68,55,46,33,75,24,82,15,107,25,62,50,70,85,31,73,60,38,69,53,102,100,
2to 1:81,63,56,65,91,46,83,38,6,8,15,92,23,84,82,49,45,36,110,16,37,100,64,102,14,85,22,66,25,
2to 2:
2to 3:51,29,41,78,21,24,97,70,33,54,2,96,94,9,
2to 4:108,61,72,69,3,18,50,101,59,73,
2to 5:11,27,26,104,52,67,87,4,58,98,34,106,77,39,
3to 1:95,87,80,60,4,55,69,1,79,57,18,42,106,44,35,94,
3to 2:73,32,19,6,61,91,
3to 3:
3to 4:103,12,63,5,54,83,62,31,51,17,33,21,98,66,99,53,15,29,76,11,107,40,68,81,93,27,82,110,78,
3to 5:2,101,90,64,37,16,41,89,56,8,22,59,49,48,13,7,47,108,
4to 1:29,26,61,86,59,89,34,43,105,11,107,50,75,5,73,31,104,68,32,93,
4to 2:81,41,56,24,27,99,98,8,97,82,96,58,2,44,
4to 3:65,7,4,35,67,74,18,49,88,46,85,45,36,79,90,47,3,10,19,
4to 4:
4to 5:63,84,80,1,21,14,72,110,42,30,28,76,95,66,23,57,71,17,40,
5to 1:97,41,27,88,48,52,20,98,21,78,58,47,109,74,7,101,76,103,77,
5to 2:89,30,66,69,70,92,108,33,84,23,49,28,51,83,16,63,65,17,
5to 3:11,100,99,57,80,42,50,102,53,72,106,15,38,62,86,81,6,71,
5to 4:24,34,94,22,37,46,87,85,55,79,56,35,26,67,25,
5to 5:

cell1:2,5,4,3,
cell2:4,3,1,5,
cell3:1,4,5,2,
cell4:2,5,3,1,
cell5:1,4,2,3,
