machine1:0,27,2,12,16,36,22,14,10,21,40,7,17,32,37,15,31,35,26,4,28,3,19,23,30,11,1,38,24,5,39,9,13,34,6,18,25,20,8,29,33,
machine2:0,27,2,12,16,36,22,14,10,21,40,7,17,32,37,15,31,35,26,4,28,3,19,23,30,11,1,38,24,5,39,9,13,34,6,18,25,20,8,29,33,
machine3:0,27,2,12,16,36,22,14,10,21,40,7,17,32,37,15,31,35,26,4,28,3,19,23,30,11,1,38,24,5,39,9,13,34,6,18,25,20,8,29,33,
machine4:0,27,2,12,16,36,22,14,10,21,40,7,17,32,37,15,31,35,26,4,28,3,19,23,30,11,1,38,24,5,39,9,13,34,6,18,25,20,8,29,33,

1to 1:
1to 2:3,32,19,30,37,23,7,26,4,28,14,21,39,27,10,2,35,11,16,40,36,12,18,25,20,5,22,38,
2to 1:3,28,15,26,1,19,21,27,30,4,25,39,24,14,17,2,13,34,20,9,11,33,6,18,16,31,10,29,12,22,23,8,
2to 2:

cell1:2,
cell2:1,
