machine1:0,36,38,35,5,40,29,20,11,18,10,39,24,31,25,14,17,15,21,37,7,23,6,13,30,32,22,16,2,8,12,26,33,4,27,34,28,1,9,19,3,
machine2:0,36,38,35,5,40,29,20,11,18,10,39,24,31,25,14,17,15,21,37,7,23,6,13,30,32,22,16,2,8,12,26,33,4,27,34,28,1,9,19,3,
machine3:0,36,38,35,5,40,29,20,11,18,10,39,24,31,25,14,17,15,21,37,7,23,6,13,30,32,22,16,2,8,12,26,33,4,27,34,28,1,9,19,3,
machine4:0,36,38,35,5,40,29,20,11,18,10,39,24,31,25,14,17,15,21,37,7,23,6,13,30,32,22,16,2,8,12,26,33,4,27,34,28,1,9,19,3,

1to 1:
1to 2:2,7,11,27,12,39,30,32,5,37,10,14,16,26,25,35,36,3,4,40,21,22,19,23,28,20,18,38,
2to 1:3,24,19,30,9,13,23,6,29,34,26,4,15,1,28,14,21,39,31,33,17,27,10,2,11,16,12,18,25,8,20,22,
2to 2:

cell1:2,
cell2:1,
