machine1:0,31,86,50,106,25,70,88,105,52,64,72,3,35,101,37,27,84,108,67,80,26,28,102,5,32,24,91,74,56,55,89,54,62,16,23,36,60,22,61,46,107,100,87,68,78,63,21,98,4,11,90,66,99,96,97,
machine2:0,31,75,86,50,106,25,70,12,88,103,58,105,52,64,92,43,20,48,72,3,39,76,40,104,35,95,77,30,49,101,37,27,84,108,33,67,80,26,83,51,38,19,82,28,73,42,109,102,5,32,79,2,9,65,24,91,74,56,55,89,57,54,62,41,16,7,47,23,36,60,22,85,61,1,81,46,107,100,94,44,87,14,53,17,6,8,69,71,68,78,110,10,45,63,21,98,4,11,13,90,34,66,99,59,15,96,29,18,97,93,
machine3:0,75,92,48,40,104,35,77,30,49,101,37,27,84,108,33,67,26,83,51,73,42,5,79,2,24,74,89,54,41,7,36,85,61,81,46,87,53,17,8,71,110,10,21,11,99,15,29,
machine4:0,31,75,86,50,70,88,92,43,20,48,72,76,40,104,35,77,30,49,101,37,27,84,108,33,67,80,26,83,51,38,19,82,28,73,42,102,5,79,2,65,24,91,74,56,55,89,54,41,7,47,23,36,22,85,61,1,81,46,107,94,44,87,14,53,17,6,8,69,71,68,78,110,10,45,63,21,98,11,13,66,99,59,15,29,97,93,
machine5:0,50,25,70,12,88,103,58,64,72,3,39,76,40,35,95,30,49,101,37,27,84,108,33,67,80,26,83,51,38,19,82,28,73,42,109,102,5,32,79,2,9,65,24,91,74,56,55,89,57,54,62,41,16,7,47,23,36,60,22,85,61,1,81,46,107,100,94,44,87,14,53,17,6,8,69,71,68,78,110,10,45,63,21,98,4,11,13,90,34,66,99,59,15,96,29,18,97,93,
machine6:0,30,49,101,37,27,84,108,33,67,80,26,83,51,38,19,82,28,73,42,109,102,5,32,79,2,9,65,24,91,74,56,55,89,57,54,62,41,16,7,47,23,36,60,22,85,61,1,81,46,107,100,94,44,87,14,53,17,6,8,69,71,68,78,110,10,45,63,21,98,4,11,13,90,34,66,99,59,15,96,29,18,97,93,
machine7:0,37,84,80,26,83,51,19,82,73,42,5,2,65,24,74,56,89,57,54,62,41,7,36,85,81,46,107,100,44,87,17,6,8,69,68,78,110,45,63,21,4,13,66,99,29,
machine8:0,75,50,106,88,58,92,72,3,104,30,101,37,27,84,108,80,26,51,82,32,79,2,65,24,91,89,57,41,7,47,22,85,1,81,46,100,87,14,6,8,69,78,63,21,98,4,11,99,15,29,18,97,
machine9:0,31,75,86,50,106,25,70,12,88,103,58,105,52,92,43,20,48,72,3,39,76,104,35,95,77,30,101,37,27,84,108,33,67,80,26,83,51,38,19,82,5,32,79,2,65,24,91,74,56,55,89,57,54,62,41,16,7,47,22,85,61,1,81,46,100,44,87,14,53,6,8,69,68,78,110,45,63,21,98,4,11,90,99,59,15,96,29,18,97,93,
machine10:0,31,106,25,12,103,58,105,52,64,92,43,20,72,39,40,104,35,95,49,33,80,83,51,19,82,28,42,109,102,32,2,9,65,56,41,16,23,60,22,85,1,81,107,94,14,53,17,8,69,71,78,45,63,98,11,34,66,96,18,97,93,
machine11:0,31,86,50,106,25,70,12,88,103,58,105,52,64,92,43,20,48,72,39,76,40,104,35,95,77,49,101,37,27,108,33,67,80,26,83,51,38,19,82,28,42,109,102,5,32,79,2,9,65,24,91,56,55,89,57,41,16,7,23,60,22,85,61,1,81,46,107,94,44,87,14,53,17,8,69,71,68,78,10,45,63,21,98,4,11,34,66,99,59,15,96,29,18,97,93,

1to 1:
1to 2:40,23,20,92,2,104,107,102,43,77,97,84,108,46,69,5,91,99,63,41,51,
1to 3:90,13,73,58,64,100,70,76,57,28,68,10,6,42,47,18,110,55,56,45,4,53,21,15,85,11,61,67,78,65,
1to 4:31,12,62,30,75,16,103,106,86,33,26,80,87,22,44,81,
1to 5:95,105,60,48,32,25,66,71,59,38,96,83,72,93,17,89,1,19,8,98,24,82,
2to 1:6,27,29,31,33,35,44,48,49,50,67,68,72,74,75,83,85,87,94,17,38,66,13,36,
2to 2:
2to 3:2,5,8,23,24,26,54,79,80,81,93,99,102,30,
2to 4:1,11,46,53,59,61,78,82,91,97,110,104,43,101,92,14,20,
2to 5:7,15,22,28,42,51,56,65,77,88,107,108,70,55,40,37,
3to 1:39,91,25,51,30,26,46,108,71,9,40,41,82,3,59,54,88,1,19,109,
3to 2:110,94,44,29,65,38,76,36,14,17,21,42,73,83,53,61,33,89,37,
3to 3:
3to 4:47,45,74,98,7,15,84,63,50,58,32,6,35,70,72,
3to 5:103,49,81,4,27,34,16,5,80,69,79,67,10,12,23,2,101,
4to 1:90,95,105,100,76,101,57,2,18,55,93,79,84,89,69,8,98,24,78,99,63,14,
4to 2:70,68,50,47,54,72,88,86,56,45,74,35,19,22,67,7,
4to 3:12,62,16,37,3,39,59,38,96,83,1,27,29,41,
4to 4:
4to 5:20,52,92,106,97,33,21,85,11,87,91,
5to 1:7,11,15,21,34,43,45,56,61,80,81,86,102,37,52,58,53,104,103,64,28,
5to 2:8,10,24,26,27,49,71,78,82,85,98,101,31,93,
5to 3:9,14,22,32,35,44,46,63,66,87,88,89,94,97,107,95,50,60,109,
5to 4:4,5,18,19,25,29,41,51,55,65,69,77,79,96,99,39,68,48,57,108,76,
5to 5:

cell1:3,5,4,2,
cell2:3,1,5,4,
cell3:4,1,2,5,
cell4:3,1,5,2,
cell5:2,3,4,1,
