machine1:0,86,52,31,25,106,50,88,105,70,64,72,3,35,84,108,80,67,101,37,26,27,28,102,89,32,24,5,56,55,54,62,74,91,16,23,60,22,61,36,107,100,46,87,63,68,78,98,21,11,4,90,66,99,96,97,
machine2:0,75,86,52,31,25,106,92,50,88,105,12,103,70,58,64,20,72,3,48,43,76,35,40,104,39,95,77,49,84,108,30,80,67,101,37,26,33,2,27,28,38,73,82,109,102,42,89,32,24,51,5,83,79,9,19,56,65,55,57,54,62,74,7,91,41,16,23,47,60,22,85,61,1,81,36,107,100,46,44,94,87,14,17,53,6,10,8,63,110,68,78,69,98,45,21,11,4,13,90,34,66,99,59,71,15,96,29,18,97,93,
machine3:0,75,92,48,35,40,104,77,49,84,108,30,67,101,37,26,33,2,27,73,42,89,24,51,5,83,79,54,74,7,41,85,61,81,36,46,87,17,53,10,8,110,21,11,99,71,15,29,
machine4:0,75,86,31,92,50,88,70,20,72,48,43,76,35,40,104,77,49,84,108,30,80,67,101,37,26,33,2,27,28,38,73,82,102,42,89,24,51,5,83,79,19,56,65,55,54,74,7,91,41,23,47,22,85,61,1,81,36,107,46,44,94,87,14,17,53,6,10,8,63,110,68,78,69,98,45,21,11,13,66,99,59,71,15,29,97,93,
machine5:0,25,50,88,12,103,70,58,64,72,3,76,35,40,39,95,49,84,108,30,80,67,101,37,26,33,2,27,28,38,73,82,109,102,42,89,32,24,51,5,83,79,9,19,56,65,55,57,54,62,74,7,91,41,16,23,47,60,22,85,61,1,81,36,107,100,46,44,94,87,14,17,53,6,10,8,63,110,68,78,69,98,45,21,11,4,13,90,34,66,99,59,71,15,96,29,18,97,93,
machine6:0,49,84,108,30,80,67,101,37,26,33,2,27,28,38,73,82,109,102,42,89,32,24,51,5,83,79,9,19,56,65,55,57,54,62,74,7,91,41,16,23,47,60,22,85,61,1,81,36,107,100,46,44,94,87,14,17,53,6,10,8,63,110,68,78,69,98,45,21,11,4,13,90,34,66,99,59,71,15,96,29,18,97,93,
machine7:0,84,80,37,26,2,73,82,42,89,24,51,5,83,19,56,65,57,54,62,74,7,41,85,81,36,107,100,46,44,87,17,6,8,63,110,68,78,69,45,21,4,13,66,99,29,
machine8:0,75,106,92,50,88,58,72,3,104,84,108,30,80,101,37,26,2,27,82,89,32,24,51,79,65,57,7,91,41,47,22,85,1,81,100,46,87,14,6,8,63,78,69,98,21,11,4,99,15,29,18,97,
machine9:0,75,86,52,31,25,106,92,50,88,105,12,103,70,58,20,72,3,48,43,76,35,104,39,95,77,84,108,30,80,67,101,37,26,33,2,27,38,82,89,32,24,51,5,83,79,19,56,65,55,57,54,62,74,7,91,41,16,47,22,85,61,1,81,100,46,44,87,14,53,6,8,63,110,68,78,69,98,45,21,11,4,90,99,59,15,96,29,18,97,93,
machine10:0,52,31,25,106,92,105,12,103,58,64,20,72,43,35,40,104,39,95,49,80,33,2,28,82,109,102,42,32,51,83,9,19,56,65,41,16,23,60,22,85,1,81,107,94,14,17,53,8,63,78,69,98,45,11,34,66,71,96,18,97,93,
machine11:0,86,52,31,25,106,92,50,88,105,12,103,70,58,64,20,72,48,43,76,35,40,104,39,95,77,49,108,80,67,101,37,26,33,2,27,28,38,82,109,102,42,89,32,24,51,5,83,79,9,19,56,65,55,57,7,91,41,16,23,60,22,85,61,1,81,107,46,44,94,87,14,17,53,10,8,63,68,78,69,98,45,21,11,4,34,66,99,59,71,15,96,29,18,97,93,

1to 1:
1to 2:2,5,40,41,43,46,51,63,69,84,91,92,99,102,104,107,108,77,20,23,97,
1to 3:4,6,10,11,15,18,28,45,53,55,56,61,64,65,67,76,78,85,110,21,42,57,58,70,47,68,13,100,90,73,
1to 4:12,22,26,30,33,44,75,80,81,86,87,103,106,62,31,16,
1to 5:1,8,19,25,38,48,59,66,72,82,83,89,93,96,98,71,17,24,32,60,105,95,
2to 1:13,31,48,36,75,68,50,6,66,38,49,83,72,94,17,74,33,35,85,87,67,44,27,29,
2to 2:
2to 3:23,30,2,102,54,93,79,26,8,80,5,24,99,81,
2to 4:20,101,92,104,43,59,110,97,1,46,53,11,61,91,78,82,14,
2to 5:40,70,37,28,107,42,77,55,88,56,108,15,22,65,51,7,
3to 1:39,91,25,51,30,26,46,108,71,9,40,41,82,3,59,54,88,1,19,109,
3to 2:110,94,44,29,65,38,76,36,14,17,21,42,73,83,53,61,33,89,37,
3to 3:
3to 4:47,45,74,98,7,15,84,63,50,58,32,6,35,70,72,
3to 5:103,49,81,4,27,34,16,5,80,69,79,67,10,12,23,2,101,
4to 1:90,95,105,100,76,101,57,2,18,55,93,79,84,89,69,8,98,24,78,99,63,14,
4to 2:70,68,50,47,54,72,88,86,56,45,74,35,19,22,67,7,
4to 3:12,62,16,37,3,39,59,38,96,83,1,27,29,41,
4to 4:
4to 5:20,52,92,106,97,33,21,85,11,87,91,
5to 1:7,11,15,21,43,45,61,81,86,80,34,56,102,37,52,58,53,104,103,64,28,
5to 2:8,24,27,49,71,78,82,85,98,101,10,26,31,93,
5to 3:14,22,35,44,63,87,88,89,94,97,66,46,9,32,107,95,50,60,109,
5to 4:4,5,19,25,29,41,51,55,65,69,77,96,99,79,18,39,68,48,57,108,76,
5to 5:

cell1:4,2,5,3,
cell2:1,5,4,3,
cell3:4,1,2,5,
cell4:3,1,5,2,
cell5:2,3,4,1,
