machine1:0,4,13,1,12,14,7,6,15,5,9,16,3,17,8,2,10,11,18,
machine2:0,13,12,15,5,3,17,8,11,18,
machine3:0,12,3,8,11,18,
machine4:0,4,13,1,12,14,7,6,5,9,16,3,17,8,2,10,11,18,
machine5:0,13,12,5,9,16,17,8,2,10,11,18,
machine6:0,13,9,16,2,10,
machine7:0,4,13,1,12,14,7,6,15,5,9,16,3,17,8,2,10,11,
machine8:0,4,13,1,12,14,7,6,15,9,16,17,8,2,
machine9:0,4,1,12,14,7,6,15,17,

1to 1:
1to 2:18,1,9,12,17,
1to 3:5,10,11,2,14,4,13,
2to 1:16,7,5,6,13,4,
2to 2:
2to 3:8,3,1,12,
3to 1:15,8,3,9,17,
3to 2:10,11,2,14,6,16,7,
3to 3:

cell1:2,3,
cell2:1,3,
cell3:1,2,
