machine1:0,82,41,26,6,76,75,8,7,51,61,33,12,42,58,57,69,22,45,84,62,50,37,90,27,66,55,23,85,81,86,80,39,17,87,48,53,13,64,10,72,67,29,60,46,89,30,18,83,2,24,32,59,14,
machine2:0,82,68,41,25,26,70,6,76,75,54,8,7,74,51,61,33,12,20,42,58,57,69,22,45,49,15,84,62,16,9,50,37,79,90,27,66,55,23,85,81,86,80,71,39,17,87,48,53,13,64,19,31,21,36,3,28,10,72,44,65,11,67,52,29,5,60,47,46,43,78,89,35,30,34,38,73,18,1,88,40,63,83,2,24,32,4,59,56,77,14,
machine3:0,82,68,41,25,26,76,7,74,51,61,33,20,58,22,45,49,15,84,62,16,9,37,90,27,85,81,80,71,39,87,13,19,31,36,3,44,65,11,29,5,43,78,89,73,1,88,63,83,24,32,77,
machine4:0,82,68,41,25,26,70,6,76,8,7,74,51,61,33,12,20,42,58,69,22,45,49,15,84,62,16,9,50,37,79,90,27,66,55,23,85,81,80,71,39,87,48,53,13,64,19,31,21,36,3,28,44,65,11,52,29,5,46,43,78,89,30,34,38,73,18,1,88,63,83,2,24,32,4,59,56,77,14,
machine5:0,70,75,54,7,51,20,15,62,9,50,90,66,55,23,85,81,86,71,39,17,87,48,13,31,21,36,28,72,44,65,11,67,52,5,47,46,43,35,30,38,40,63,2,4,59,56,14,
machine6:0,82,68,41,25,70,6,76,75,54,8,7,74,51,12,20,42,58,57,69,45,49,15,84,62,9,50,79,90,27,66,55,23,85,81,86,71,39,17,87,48,13,64,31,21,36,3,28,10,72,44,65,11,67,52,29,5,60,47,46,43,89,35,30,34,38,73,40,63,83,2,24,32,4,59,56,77,14,
machine7:0,54,74,61,57,69,22,84,16,9,37,79,27,66,55,23,80,71,53,64,19,31,36,3,10,72,65,52,29,5,60,47,46,78,89,35,30,34,38,73,18,1,88,40,63,83,2,24,32,4,59,56,77,14,
machine8:0,68,41,25,26,70,6,75,54,8,7,74,51,61,33,12,42,58,57,69,22,49,15,84,62,16,9,37,79,27,66,55,23,81,86,80,71,39,17,48,53,13,64,19,31,21,36,3,28,10,72,65,67,52,29,5,60,47,46,78,89,35,30,34,38,73,18,1,88,40,63,83,2,24,32,4,59,56,77,14,

1to 1:
1to 2:6,43,1,76,44,88,11,82,63,83,79,45,41,50,39,8,66,20,59,55,9,51,49,
1to 3:72,28,90,57,67,17,85,25,68,81,24,21,4,46,13,52,56,89,14,12,
1to 4:47,19,48,18,35,78,40,27,26,31,30,34,42,2,71,58,32,65,5,15,62,36,29,64,7,77,
2to 1:37,18,53,78,90,26,31,22,68,42,61,24,80,13,52,62,56,
2to 2:
2to 3:48,43,76,44,11,87,74,79,45,2,84,3,58,39,32,59,65,55,5,49,23,64,7,77,
2to 4:6,33,28,1,88,16,25,63,83,38,70,8,73,4,46,69,14,
3to 1:6,10,86,54,40,82,87,63,30,83,74,34,2,84,50,58,8,66,20,32,9,51,69,15,23,7,77,
3to 2:27,85,25,42,71,38,70,21,73,4,62,36,29,14,
3to 3:
3to 4:75,60,68,41,81,3,39,24,59,56,89,12,
4to 1:33,72,28,16,57,67,17,75,79,60,41,38,3,70,21,73,46,55,49,
4to 2:19,48,37,53,30,22,74,34,84,81,61,65,5,80,13,52,15,23,64,89,12,
4to 3:47,10,86,54,35,27,31,71,66,9,51,69,36,29,
4to 4:

cell1:2,4,3,
cell2:4,1,3,
cell3:1,2,4,
cell4:1,3,2,
