machine1:0,19,39,6,37,26,30,32,25,7,15,33,16,21,28,24,8,23,4,34,11,18,3,35,9,36,31,38,20,5,13,40,10,17,29,27,1,2,14,12,22,
machine2:0,6,32,25,8,9,31,38,20,13,
machine3:0,39,6,37,32,25,21,28,8,23,4,34,18,3,35,9,36,31,38,20,13,10,17,27,1,14,12,
machine4:0,19,39,6,37,32,25,7,16,21,28,24,8,23,4,34,18,3,35,9,36,31,38,20,5,13,40,10,17,29,27,1,2,14,12,22,
machine5:0,39,6,32,25,21,8,23,4,34,9,36,31,38,20,13,17,27,1,
machine6:0,19,39,6,37,26,30,32,25,7,15,33,16,28,24,8,23,34,11,18,3,9,36,31,20,5,13,40,10,17,29,27,1,2,12,22,
machine7:0,19,39,26,25,8,3,36,31,13,1,22,
machine8:0,19,39,26,30,25,16,28,24,8,23,34,11,3,36,31,20,5,13,40,29,1,12,22,
machine9:0,19,39,37,26,30,25,33,16,28,24,8,23,34,11,18,3,36,31,20,5,13,40,29,1,2,12,22,
machine10:0,19,39,26,25,28,24,8,23,34,3,36,31,20,5,13,40,1,22,
machine11:0,19,39,6,37,26,32,25,7,15,33,16,28,8,34,18,3,9,36,31,38,20,5,13,40,17,29,27,1,2,14,12,22,
machine12:0,19,39,37,32,25,33,3,36,31,1,2,22,
machine13:0,19,39,6,37,32,25,7,33,16,28,8,34,18,3,9,36,31,5,13,27,1,2,22,
machine14:0,19,39,6,37,26,32,25,7,33,16,28,8,34,18,3,9,36,31,38,20,5,13,29,27,1,2,12,22,
machine15:0,19,39,6,37,32,25,7,33,34,3,36,31,5,13,27,1,2,22,
machine16:0,19,39,6,37,26,32,25,7,15,16,28,24,8,23,4,34,11,18,3,35,9,36,31,38,20,5,13,40,29,27,1,2,12,22,
machine17:0,39,26,25,3,36,38,5,13,27,12,
machine18:0,19,39,6,37,26,32,25,7,15,16,24,8,23,4,34,3,35,9,36,31,38,5,13,27,12,22,
machine19:0,19,39,6,37,26,32,25,7,15,16,28,24,8,23,4,34,18,3,35,9,36,31,38,5,13,29,27,1,2,12,22,
machine20:0,39,6,26,32,25,7,15,16,24,4,34,3,36,31,38,5,13,27,12,22,
machine21:0,19,39,6,37,26,30,32,25,7,15,16,21,28,24,8,23,4,34,11,18,3,9,36,31,38,5,13,40,10,17,29,27,1,2,12,22,
machine22:0,19,39,34,3,13,12,22,
machine23:0,19,39,6,37,26,30,25,7,15,8,23,4,34,11,3,36,31,5,13,40,17,29,1,12,22,
machine24:0,19,39,6,37,26,30,32,25,7,15,16,28,24,8,23,4,34,11,3,9,36,31,5,13,40,17,29,1,2,12,22,
machine25:0,19,39,6,37,26,30,25,23,34,3,36,31,5,13,40,29,1,12,22,
machine26:0,19,39,6,37,26,30,32,25,7,15,33,16,28,24,8,23,4,34,11,3,35,9,36,38,20,5,13,40,17,29,27,1,14,12,22,
machine27:0,24,8,34,3,5,13,17,29,
machine28:0,19,39,26,25,7,15,16,28,24,8,23,34,3,36,38,20,5,13,17,29,27,1,22,
machine29:0,19,39,26,32,25,7,15,33,16,28,24,8,23,4,34,3,36,38,20,5,13,17,29,27,1,22,
machine30:0,19,39,24,8,23,34,3,36,38,20,5,13,17,29,1,22,

1to 1:
1to 2:6,40,34,37,8,39,2,33,
1to 3:15,16,9,14,
1to 4:7,38,4,23,28,35,13,27,32,18,
1to 5:21,17,19,31,1,5,11,22,36,26,30,
1to 6:3,29,24,25,
2to 1:11,18,25,16,26,7,30,5,10,15,
2to 2:
2to 3:17,29,28,36,37,
2to 4:24,39,19,20,34,
2to 5:6,12,23,8,9,
2to 6:22,27,33,40,
3to 1:38,39,12,36,22,19,32,6,
3to 2:27,13,5,3,9,
3to 3:
3to 4:1,26,15,37,31,
3to 5:28,2,18,7,
3to 6:8,16,20,
4to 1:2,3,31,20,9,
4to 2:36,26,32,25,22,28,
4to 3:6,5,40,7,18,
4to 4:
4to 5:29,13,38,
4to 6:39,12,1,19,15,34,37,11,
5to 1:40,23,27,4,24,34,29,
5to 2:31,1,10,
5to 3:25,12,13,8,
5to 4:2,3,16,
5to 5:
5to 6:36,38,6,7,26,17,32,28,
6to 1:1,13,35,14,
6to 2:12,20,30,29,24,11,23,17,
6to 3:19,3,22,32,34,33,
6to 4:8,5,9,40,
6to 5:39,25,16,4,27,37,15,
6to 6:

cell1:6,5,4,2,3,
cell2:5,4,3,1,6,
cell3:1,2,6,5,4,
cell4:2,6,3,5,1,
cell5:1,6,4,2,3,
cell6:4,1,3,5,2,
