machine1:0,152,3,29,125,1,99,154,121,28,200,50,36,150,64,111,181,72,86,55,35,158,45,186,6,17,12,169,147,157,33,41,43,175,180,174,54,166,129,95,156,82,26,101,98,122,30,105,83,8,171,77,137,114,56,78,144,194,61,15,47,168,160,192,119,123,199,195,22,165,58,
machine2:0,118,1,34,182,162,142,154,133,121,18,42,124,200,73,49,149,68,2,64,7,72,86,55,186,6,44,60,132,102,12,169,147,175,148,20,109,187,151,54,146,166,19,141,95,113,126,156,82,120,37,198,11,85,110,30,38,193,83,197,153,114,56,94,194,170,15,189,168,108,192,119,112,22,165,58,
machine3:0,29,24,176,32,182,48,115,52,51,16,28,127,200,73,135,97,76,93,53,2,7,65,86,55,172,59,163,132,17,169,33,41,173,175,148,151,167,141,95,113,156,128,82,184,140,69,116,85,110,30,105,193,77,161,10,188,185,191,144,194,61,170,138,189,27,168,160,108,192,119,123,92,195,165,
machine4:0,118,91,190,143,32,57,154,51,42,124,79,135,84,67,36,159,106,145,134,31,164,70,65,131,72,21,90,59,132,17,9,43,20,109,103,166,19,167,128,120,26,69,107,116,37,183,88,122,110,197,8,171,77,137,161,185,94,71,138,189,47,74,160,119,123,92,22,
machine5:0,89,75,190,34,133,62,28,200,49,76,63,159,2,134,111,23,139,65,86,66,35,90,163,60,132,17,9,147,41,180,148,109,174,196,103,129,19,167,141,100,140,69,101,98,37,198,11,178,105,83,8,171,153,114,161,78,191,94,144,170,15,74,168,123,92,199,195,39,58,
machine6:0,81,176,155,143,115,52,42,127,135,49,50,179,68,145,2,96,86,55,44,60,132,12,157,33,43,173,109,187,151,196,146,46,136,141,156,100,26,107,14,116,183,198,178,38,197,8,153,10,185,144,170,74,27,119,22,165,
machine7:0,89,190,29,176,125,154,52,62,13,42,28,73,84,97,149,68,150,7,111,31,164,65,21,66,55,35,158,172,60,102,12,169,147,175,20,151,166,129,46,141,95,156,82,120,140,69,183,11,178,122,110,38,105,83,171,153,114,161,56,188,191,61,138,189,47,108,192,123,39,
machine8:0,89,143,48,154,13,51,121,16,96,7,23,139,181,70,131,86,59,6,163,132,17,157,33,173,109,187,174,166,19,167,126,128,120,100,26,107,14,116,88,11,85,122,110,30,38,193,197,8,153,137,114,56,78,188,185,94,61,15,138,189,160,108,119,92,199,195,165,58,
machine9:0,176,155,4,182,99,133,80,52,62,13,42,73,87,159,106,150,31,164,139,86,66,35,90,45,186,12,9,33,41,43,180,187,174,196,103,146,113,126,69,101,98,107,183,198,122,30,38,105,193,171,161,10,185,191,144,61,15,138,168,108,119,
machine10:0,75,117,24,4,1,104,115,142,51,18,42,200,73,135,97,50,68,145,7,164,181,72,21,86,66,55,35,158,90,45,186,102,17,33,41,43,175,148,196,54,166,19,167,141,128,82,120,184,69,198,11,110,30,8,77,137,10,144,61,71,15,189,47,108,119,123,92,199,22,
machine11:0,24,125,182,162,154,121,127,97,87,63,36,159,53,106,68,2,96,150,23,131,158,163,41,43,196,103,146,166,46,141,95,113,126,100,98,14,37,11,178,122,110,197,8,137,161,56,188,94,144,71,170,15,138,47,74,27,119,199,195,39,22,165,58,
machine12:0,40,91,152,190,29,81,143,32,125,4,1,57,104,177,133,62,121,130,42,28,127,124,135,84,25,49,63,67,93,36,159,53,106,68,150,64,111,23,31,164,139,181,70,65,131,72,21,66,35,158,90,45,172,59,186,6,44,60,102,12,169,9,147,157,33,41,43,173,175,180,148,20,187,196,54,103,146,166,129,46,19,136,141,95,113,156,128,120,100,140,26,69,101,98,107,14,37,183,88,198,11,85,178,122,110,30,38,105,193,83,197,8,171,77,137,56,10,78,188,185,191,94,144,194,170,138,189,47,74,27,168,160,108,192,119,123,92,199,112,39,22,58,
machine13:0,118,152,190,24,155,143,32,125,1,57,5,115,162,142,80,52,62,13,130,42,127,73,79,135,97,49,50,63,67,93,159,106,179,68,145,2,134,150,7,111,23,31,164,181,65,131,72,21,86,66,55,35,158,90,59,186,44,163,60,132,17,12,169,147,157,43,173,148,20,109,174,196,54,166,129,46,19,136,167,141,95,113,156,128,184,100,69,101,98,107,14,116,37,183,88,11,85,122,110,105,193,83,197,8,171,77,153,137,114,161,10,78,185,191,144,194,61,71,170,15,138,189,27,168,160,108,192,119,123,92,199,112,195,39,22,165,58,
machine14:0,40,152,117,32,125,57,182,115,162,142,177,133,80,13,130,18,42,124,200,73,84,97,25,49,50,149,76,87,63,67,159,53,179,145,134,150,7,111,23,31,164,181,70,65,131,21,55,35,158,90,45,59,186,44,132,102,17,12,169,157,41,43,173,175,180,148,109,151,174,196,146,166,46,19,136,167,141,95,113,126,156,128,82,120,100,140,26,69,101,107,116,37,183,88,11,85,178,30,38,83,197,8,171,153,137,114,161,56,10,78,188,191,94,144,194,170,15,138,189,47,74,27,168,160,108,192,119,123,92,199,112,195,39,22,165,58,
machine15:0,118,40,91,152,29,176,155,125,5,142,80,62,121,18,42,127,124,73,79,135,87,67,159,106,68,145,2,7,111,31,139,181,70,65,72,66,55,35,158,172,59,186,44,60,102,17,12,169,9,147,157,33,41,173,180,20,109,151,174,54,166,46,19,136,167,141,95,113,156,120,100,140,69,101,98,107,14,116,183,88,198,11,85,178,122,110,30,38,105,193,83,197,8,153,137,114,161,56,10,78,188,191,94,144,194,71,170,15,138,189,47,74,27,168,160,108,192,119,92,199,112,195,22,58,
machine16:0,40,91,75,190,125,99,5,142,133,13,51,130,18,28,124,79,50,93,36,159,53,106,134,23,31,139,70,65,131,21,86,66,55,158,90,172,44,60,132,102,17,12,169,147,157,33,43,173,180,148,20,109,151,174,196,54,103,129,46,136,95,113,126,82,140,26,69,101,98,107,14,116,37,11,85,178,122,110,30,38,105,83,197,8,77,153,137,114,78,185,191,94,144,194,61,71,170,15,138,74,168,160,108,192,119,123,92,39,22,165,58,
machine17:0,118,40,75,117,24,125,34,104,182,99,5,154,121,18,42,79,135,50,149,87,93,36,53,106,179,134,96,150,31,139,181,70,65,55,35,158,90,45,172,186,44,163,60,169,9,157,41,43,175,180,187,54,146,166,129,46,19,136,167,95,126,156,120,184,100,140,69,101,107,116,183,88,198,11,178,122,110,30,105,193,83,197,77,153,137,161,56,10,188,185,94,61,71,170,15,27,160,108,192,119,123,92,199,195,39,22,58,
machine18:0,40,91,152,117,190,29,1,57,104,154,80,51,121,16,130,18,28,127,124,97,25,50,149,93,145,134,150,31,139,181,65,72,35,158,90,45,59,186,6,9,157,33,41,43,109,151,174,196,103,166,129,46,136,141,95,113,156,128,82,120,100,140,26,101,107,14,37,183,88,198,11,178,110,30,38,193,197,8,77,153,137,114,161,56,10,78,188,185,191,144,194,61,170,15,189,74,27,168,160,108,192,119,123,92,199,112,195,165,58,
machine19:0,91,89,152,75,117,3,24,32,125,4,1,57,48,5,115,162,80,62,13,51,16,130,18,42,124,73,135,84,97,149,76,87,67,93,36,159,53,179,68,145,2,150,64,7,23,139,181,131,72,21,86,66,35,59,186,6,44,60,17,12,169,9,147,157,33,41,175,180,148,109,187,151,174,54,103,146,166,129,46,19,136,167,95,126,156,82,184,100,98,107,14,116,37,183,88,198,11,85,178,122,38,105,193,197,8,171,77,153,161,56,78,188,185,191,94,144,194,61,71,170,138,189,47,74,27,168,160,108,192,119,123,92,112,195,39,22,165,58,
machine20:0,40,91,152,75,190,29,176,155,32,125,4,104,182,48,154,52,62,13,51,121,28,127,124,79,97,25,49,87,36,159,53,179,145,134,96,150,7,31,164,181,70,65,72,21,66,55,158,90,45,172,59,186,6,163,60,17,12,9,157,41,173,175,180,148,20,109,151,174,196,103,146,166,129,46,136,167,95,113,126,156,128,82,120,184,100,140,26,69,101,14,116,183,88,198,11,85,178,122,110,30,38,105,193,8,171,77,153,137,114,56,10,78,188,191,94,144,194,170,15,138,189,47,74,168,160,108,192,119,92,112,195,39,22,165,58,
machine21:0,118,40,152,117,190,24,81,155,32,125,4,1,34,57,104,182,99,48,5,115,162,142,154,177,80,62,13,51,121,16,18,42,127,124,200,73,79,84,97,25,49,50,149,76,87,63,67,93,36,159,106,68,145,96,150,64,7,111,23,31,164,139,181,70,65,131,72,21,86,66,55,35,158,45,172,59,186,6,44,163,60,132,102,17,12,169,9,147,157,33,41,43,173,175,180,148,20,109,187,151,174,196,54,103,146,166,129,46,19,136,141,95,113,126,156,128,82,120,184,100,140,26,69,101,98,107,14,116,37,183,88,198,11,85,178,122,110,30,38,105,193,83,197,8,171,77,153,137,114,161,56,10,78,188,185,191,94,144,194,61,71,170,15,138,189,47,74,27,168,160,108,192,119,123,92,199,112,195,39,165,58,
machine22:0,118,40,152,75,117,190,3,29,81,176,125,4,1,34,57,104,182,99,48,5,115,162,154,80,52,62,51,121,16,130,18,42,28,127,124,73,135,84,97,25,49,50,149,76,87,63,93,159,106,179,145,2,134,96,150,64,7,111,23,31,164,139,181,65,131,72,21,66,55,35,158,90,45,172,59,186,6,163,60,132,102,17,12,169,9,157,33,41,43,173,175,180,148,20,109,187,151,174,196,54,103,146,166,129,46,19,136,167,141,95,126,128,82,120,184,100,140,26,69,101,98,107,14,37,183,88,198,11,85,178,122,110,30,38,105,193,83,197,8,171,77,153,137,114,161,56,10,78,188,185,191,94,144,194,61,71,170,15,138,189,47,74,27,168,160,108,192,119,123,92,199,195,39,22,165,58,
machine23:0,152,190,176,155,32,57,62,121,16,28,84,25,76,87,63,53,145,96,150,111,23,31,70,35,158,90,45,172,59,60,17,12,157,41,175,148,20,187,151,54,103,146,129,46,19,167,141,95,113,156,128,82,120,140,26,69,98,107,14,116,37,183,88,198,11,85,110,30,38,105,197,171,77,153,137,114,161,56,191,61,71,170,15,138,189,47,27,168,108,192,119,58,
machine24:0,40,89,75,117,176,34,104,182,48,115,177,121,130,28,200,73,135,84,97,25,49,50,63,67,93,36,159,53,106,179,68,145,2,134,96,150,64,7,111,31,164,65,21,86,66,55,35,158,90,45,172,59,186,6,44,163,102,9,147,157,33,41,43,173,175,180,148,187,54,146,129,46,19,136,167,141,95,156,82,120,140,26,69,101,98,183,88,198,11,85,38,193,83,197,171,77,153,137,114,56,10,188,191,94,144,194,61,71,15,138,189,47,27,160,108,119,123,199,112,39,165,
machine25:0,91,190,176,32,125,1,34,104,182,154,177,133,80,127,200,73,79,84,49,50,87,63,93,159,145,150,111,139,181,131,72,21,35,158,186,6,163,60,102,12,33,41,175,180,20,109,187,151,174,196,54,103,146,166,129,19,136,167,141,95,113,126,128,120,100,140,98,183,88,198,11,178,110,38,105,193,197,77,153,114,161,185,94,144,194,71,170,15,138,27,168,192,119,92,199,112,195,165,58,
machine26:0,117,24,81,1,104,142,121,84,97,25,49,50,149,67,93,159,53,7,23,164,131,86,158,186,44,163,60,102,169,9,41,43,180,20,151,174,196,54,103,113,126,82,100,140,69,98,107,14,37,183,88,198,11,85,178,105,83,8,77,153,137,161,56,10,78,188,185,191,94,144,194,61,71,138,47,74,160,108,192,123,92,199,112,195,39,165,
machine27:0,89,155,104,48,115,162,154,52,121,16,130,18,42,124,25,76,87,67,36,159,179,68,96,7,111,31,139,70,65,131,72,86,158,90,6,17,147,43,175,180,148,20,187,196,129,46,167,141,126,156,120,184,100,26,69,107,116,11,122,110,30,193,8,171,153,137,161,56,188,185,191,94,194,61,71,170,15,138,108,119,92,199,39,22,165,58,
machine28:0,118,75,117,176,143,5,142,133,80,62,18,50,149,63,67,36,106,2,23,139,181,21,55,35,172,44,163,60,17,12,157,43,173,148,20,151,174,54,103,146,129,136,167,113,156,128,82,120,140,26,69,98,107,116,37,183,88,110,30,105,193,83,197,8,171,77,153,114,188,185,94,144,71,170,15,138,47,74,168,160,108,192,119,92,199,39,22,165,58,
machine29:0,190,81,1,34,57,48,5,162,52,62,16,42,127,200,73,84,76,87,159,53,106,179,68,134,96,64,23,31,65,131,72,66,158,172,186,6,132,102,17,169,9,147,41,43,173,180,54,146,129,46,141,95,113,126,156,128,120,100,140,69,98,107,14,37,183,88,198,110,30,38,105,193,197,8,153,137,78,188,185,71,170,15,27,168,192,119,123,199,112,195,39,165,58,
machine30:0,118,176,143,125,4,182,99,48,142,154,62,13,28,73,79,97,49,149,87,63,67,93,106,150,31,164,139,65,131,72,21,86,55,45,172,59,186,6,44,17,12,169,9,147,157,175,180,187,54,146,129,19,126,184,26,116,37,183,88,198,11,85,178,30,38,105,193,83,197,171,77,114,10,188,185,191,144,61,71,170,138,189,47,108,192,119,92,199,112,195,39,58,
machine31:0,118,152,117,3,29,143,115,162,62,13,42,124,200,79,149,67,36,179,68,96,64,111,23,131,72,21,86,66,55,35,158,90,59,44,60,102,12,169,9,157,173,20,109,174,196,103,166,19,136,95,82,120,100,26,69,101,98,107,88,178,110,38,193,77,153,137,161,56,10,78,191,94,194,71,189,47,74,27,160,108,119,92,199,112,39,165,58,
machine32:0,75,125,99,142,133,28,124,73,79,76,36,159,53,179,68,145,31,164,70,65,72,86,66,35,90,59,44,163,132,12,169,157,43,20,187,196,54,103,146,129,46,95,126,156,128,184,26,98,107,116,37,183,88,198,11,122,30,193,8,137,161,56,10,78,188,185,191,94,144,61,71,15,138,74,27,168,119,123,92,199,112,195,39,58,
machine33:0,190,1,57,142,52,13,18,84,49,76,67,93,134,96,64,7,164,139,65,131,158,45,172,59,186,6,163,60,9,157,173,180,20,109,187,151,196,103,129,46,141,128,82,140,98,107,116,11,178,105,193,83,8,77,153,137,114,161,10,78,188,185,191,144,194,15,138,189,74,27,160,108,192,119,123,199,39,22,58,
machine34:0,118,117,24,176,32,1,5,13,51,16,42,28,200,84,25,63,67,93,36,106,179,68,96,7,111,31,70,65,86,66,55,158,90,45,172,59,163,60,132,102,169,9,147,41,43,175,180,109,151,174,54,166,129,141,113,156,100,140,26,69,98,14,116,37,183,11,178,110,30,83,171,77,161,56,78,94,144,194,71,170,138,189,47,27,168,160,119,92,39,165,
machine35:0,40,75,117,190,32,125,4,182,162,13,130,200,73,97,87,63,67,53,68,145,96,150,7,31,139,181,72,35,158,45,44,163,132,102,17,12,147,33,41,43,20,109,174,196,54,103,146,46,136,167,141,113,156,128,120,184,26,101,98,107,37,183,88,198,11,85,110,30,105,197,8,77,153,114,56,10,78,191,94,144,61,71,15,168,160,108,119,123,92,112,195,22,165,
machine36:0,118,3,176,48,115,162,133,80,16,130,42,124,73,79,49,149,93,36,159,53,106,145,2,164,181,21,86,66,158,172,60,132,17,169,147,157,33,41,43,175,109,187,151,196,146,129,46,167,141,95,113,156,128,82,120,184,140,69,101,107,183,88,198,11,85,178,122,110,30,38,105,193,83,197,8,77,153,10,188,185,191,94,144,194,15,189,47,74,27,168,192,92,199,195,39,165,58,
machine37:0,89,152,34,57,104,142,177,133,62,13,51,28,124,200,73,76,63,159,53,106,68,2,134,96,7,164,70,65,131,35,158,59,186,169,33,41,43,180,148,20,109,187,54,103,146,166,46,19,136,167,95,113,156,82,100,69,14,37,183,198,178,122,110,38,105,77,153,10,188,185,191,94,144,194,61,71,170,189,74,27,160,119,123,92,199,22,
machine38:0,118,57,104,182,5,142,177,52,62,13,16,84,50,149,87,67,93,106,179,68,145,96,111,164,181,65,21,86,66,55,158,45,186,6,44,60,132,9,41,175,180,148,20,109,174,196,54,166,46,136,167,141,95,156,128,100,140,26,98,107,116,183,198,11,85,178,122,110,83,8,171,77,153,137,114,10,78,188,185,94,194,71,170,138,189,47,74,27,160,108,119,92,22,
machine39:0,29,24,81,155,57,48,5,18,124,149,87,67,93,159,106,145,150,64,7,111,23,181,70,131,21,66,55,158,45,172,59,60,132,102,17,9,157,33,41,173,180,148,151,146,129,46,141,95,113,126,156,128,82,120,184,140,69,101,98,14,116,37,183,85,110,30,193,83,197,8,171,137,114,56,10,78,188,191,94,194,61,170,15,138,189,47,74,27,160,108,192,119,123,199,195,22,165,
machine40:0,117,190,32,4,57,5,115,42,28,127,73,25,87,93,36,159,53,179,68,145,134,7,23,65,66,35,158,45,59,186,60,17,12,169,147,157,41,43,180,148,20,151,103,129,19,136,167,141,95,113,126,156,128,120,184,26,101,98,116,198,11,122,30,197,8,137,188,61,71,15,138,189,47,74,192,123,199,22,165,58,
machine41:0,118,117,29,4,34,162,142,177,80,62,121,16,18,42,84,49,50,76,63,93,2,134,96,7,111,23,31,139,181,65,66,172,186,6,163,60,17,12,169,147,157,41,43,173,175,180,20,187,174,54,129,19,136,113,126,156,82,120,100,69,98,116,37,183,88,198,11,85,122,105,193,197,77,153,114,56,10,78,188,94,194,170,15,189,168,108,123,92,195,39,22,58,
machine42:0,89,117,24,32,125,57,99,48,177,80,62,130,42,28,200,135,84,76,67,53,145,64,7,111,164,139,181,86,90,45,59,6,44,60,132,17,12,169,9,147,157,33,41,43,175,180,20,109,54,103,156,184,26,69,101,98,14,116,88,11,178,122,30,83,8,171,114,56,78,188,185,191,94,144,61,74,199,165,58,
machine43:0,24,176,4,1,34,133,62,51,18,42,127,135,93,36,159,106,179,2,134,64,23,31,139,181,131,72,86,45,186,60,102,17,169,9,147,41,175,180,148,109,187,174,196,54,103,146,166,46,19,141,95,156,120,184,100,140,69,101,98,107,116,183,88,198,11,85,178,122,110,193,83,77,153,137,161,10,188,185,94,194,71,138,47,168,192,119,123,92,199,112,39,58,
machine44:0,117,190,3,81,176,125,104,182,99,48,115,177,80,52,121,130,135,84,97,49,50,149,76,87,63,179,68,134,96,150,164,65,86,55,35,158,172,6,163,132,9,147,41,173,175,180,151,174,103,166,46,19,136,141,95,126,120,26,69,101,107,14,37,88,198,11,85,178,110,30,38,105,83,8,171,77,153,78,191,61,170,15,138,189,47,168,160,192,119,123,112,195,39,165,58,
machine45:0,3,32,1,182,48,5,115,28,127,79,84,49,149,159,106,134,150,7,31,139,181,131,55,59,6,44,17,12,33,41,173,109,187,151,196,103,146,166,46,19,136,167,113,82,184,98,107,14,183,198,11,178,122,38,105,193,8,77,153,161,56,10,78,188,191,94,194,61,15,168,192,119,123,92,112,195,22,165,58,
machine46:0,75,32,162,133,28,73,79,97,25,159,106,145,2,96,64,131,72,21,35,158,90,45,172,132,17,169,173,175,187,146,166,136,126,128,82,120,184,100,140,26,14,116,37,183,88,11,178,30,193,8,171,77,137,10,94,144,194,61,27,160,108,192,123,92,112,195,165,58,
machine47:0,190,4,34,57,182,48,5,52,16,130,28,124,79,97,50,179,145,96,7,139,181,70,65,72,55,35,158,90,45,163,132,102,9,147,157,43,180,148,20,151,103,146,129,46,19,95,128,120,100,101,98,14,37,11,178,122,110,83,197,77,153,137,114,56,10,185,191,94,144,61,71,15,138,47,160,192,92,112,39,58,
machine48:0,118,91,89,117,32,104,162,142,13,130,18,42,127,200,135,84,97,49,149,87,67,179,2,134,111,23,70,65,131,90,172,186,44,163,17,169,9,41,187,151,174,196,54,129,95,126,156,184,100,26,107,183,198,85,178,122,110,105,193,83,197,137,161,56,10,188,194,61,71,170,15,138,47,74,168,108,92,199,112,39,165,58,
machine49:0,176,143,104,48,142,13,42,135,97,25,50,149,36,68,145,134,96,7,139,72,86,66,55,90,59,186,44,60,132,102,147,157,33,148,103,146,166,19,167,126,156,128,82,184,101,107,116,183,11,122,30,38,105,153,137,114,161,10,78,188,191,71,170,138,189,47,160,108,119,92,195,39,22,165,58,
machine50:0,24,57,182,48,154,177,80,16,200,25,87,63,93,36,106,2,64,111,31,139,181,55,45,172,132,102,9,157,41,173,148,20,196,146,19,95,113,120,184,100,140,14,37,183,88,85,30,105,83,137,114,161,56,10,78,185,191,94,194,61,170,138,189,47,119,123,92,199,112,165,

1to 1:
1to 2:18,19,23,29,30,31,42,43,48,56,65,69,94,98,121,123,125,133,139,148,156,158,166,167,176,183,185,186,196,199,89,1,115,154,97,53,68,150,164,181,131,72,86,66,55,132,12,157,109,103,141,95,113,82,120,107,116,37,110,193,197,8,114,144,61,15,138,189,47,160,192,119,22,
1to 3:20,22,23,36,49,56,63,64,73,94,110,111,142,144,160,161,166,169,180,186,190,196,199,152,125,1,42,67,159,150,181,65,72,86,44,60,12,43,175,187,167,141,113,156,128,140,69,116,37,88,122,77,153,137,191,138,189,47,168,108,192,123,92,58,
1to 4:2,7,11,12,17,19,23,41,43,55,59,65,82,85,88,101,102,105,110,118,119,123,135,138,142,144,160,168,180,181,183,200,29,182,162,133,42,124,159,68,145,70,72,35,109,167,141,113,126,26,69,107,116,122,30,38,193,83,153,137,94,170,15,189,74,27,92,195,22,58,
1to 5:1,16,23,34,41,55,57,59,61,82,88,92,98,99,101,109,110,129,133,134,148,156,165,166,184,190,91,154,51,28,93,186,163,12,9,147,43,175,54,95,128,120,26,69,107,37,30,197,77,153,114,161,191,194,71,170,15,138,160,108,192,119,123,22,58,
1to 6:2,17,18,24,28,29,33,35,41,48,49,51,57,76,82,92,98,101,110,121,138,139,146,147,148,154,156,160,163,165,167,168,180,184,185,189,91,152,3,32,115,162,42,150,181,72,86,66,9,175,20,109,196,103,95,69,37,88,198,122,193,197,171,77,153,161,78,144,194,71,170,74,108,39,
1to 7:12,15,21,26,43,49,55,57,62,69,102,112,119,123,132,137,139,147,148,149,154,161,165,175,182,184,188,191,196,199,200,34,67,36,68,164,181,65,86,45,186,44,163,17,33,109,54,103,156,140,88,198,11,122,38,105,193,83,197,171,78,144,194,189,27,168,108,58,
1to 8:9,12,20,21,30,34,42,49,62,64,69,73,76,83,85,98,99,101,110,122,148,154,165,168,169,172,173,190,194,182,162,28,124,159,181,65,131,6,163,33,175,109,54,166,82,11,193,153,114,56,94,144,71,170,15,189,47,199,58,
1to 9:19,31,35,39,41,56,58,59,60,63,72,82,86,98,101,102,105,106,113,119,121,134,148,158,161,176,183,200,125,16,28,93,159,53,111,164,70,186,163,17,12,9,175,20,174,54,129,141,156,120,107,116,37,198,11,38,83,171,77,153,137,170,15,47,27,123,199,
1to 10:11,12,21,31,34,42,56,58,60,61,62,65,86,88,94,100,110,119,121,123,134,138,148,156,158,161,165,169,172,176,180,185,190,196,200,1,162,124,159,68,7,72,186,17,9,175,20,151,103,113,128,82,120,69,107,37,198,30,8,153,114,191,71,170,15,27,168,192,92,199,22,
1to 11:6,7,26,30,35,43,49,58,59,62,63,76,82,88,90,93,109,118,119,122,125,137,161,169,172,180,183,192,200,152,3,162,28,36,159,150,65,131,72,86,66,55,45,44,163,17,157,20,151,54,103,37,198,11,38,193,83,8,171,77,94,71,138,108,92,199,22,
1to 12:2,17,21,24,30,41,43,63,78,86,88,98,118,119,161,165,169,180,183,185,195,198,200,89,1,162,51,124,93,53,145,7,164,181,131,55,163,132,147,157,113,156,82,120,69,107,116,37,110,105,8,77,153,191,94,144,71,15,138,189,92,58,
1to 13:15,17,21,29,32,41,56,77,83,85,93,98,100,110,118,119,122,134,148,151,153,156,158,160,173,180,181,184,199,42,28,67,159,145,150,65,86,66,55,45,186,163,12,43,174,54,166,167,141,113,128,120,69,116,37,198,11,193,197,8,94,194,170,138,47,74,168,192,123,22,58,
1to 14:2,7,31,41,48,49,59,61,62,78,88,93,95,98,101,106,109,113,114,119,122,135,161,169,175,180,181,184,185,189,195,199,200,1,182,115,133,28,36,159,53,145,64,86,55,35,45,60,132,17,43,173,151,166,120,69,116,193,171,77,191,94,71,15,47,123,92,58,
1to 15:2,7,17,23,24,32,35,41,42,45,50,58,59,63,78,79,82,86,93,100,102,110,113,122,132,134,137,139,148,161,166,169,170,178,183,185,190,192,198,91,89,182,154,28,124,97,36,145,70,72,55,163,43,151,103,95,156,120,26,107,38,171,77,114,56,191,144,194,138,47,74,160,108,92,165,
2to 1:1,2,7,8,11,12,22,24,26,35,56,58,59,60,61,71,72,74,84,86,102,110,115,120,123,137,139,150,151,154,157,166,173,174,181,182,184,185,190,199,162,62,51,42,28,63,36,21,45,172,163,132,17,41,103,167,126,156,128,82,98,107,183,122,30,153,114,170,15,189,108,119,
2to 2:
2to 3:1,4,10,12,15,20,22,24,31,35,46,49,50,58,60,65,66,68,72,80,81,85,92,98,102,103,107,108,123,125,139,148,150,156,160,167,171,173,186,187,162,42,73,36,106,111,164,6,163,17,41,43,109,19,141,95,100,69,14,116,122,30,38,105,197,8,137,144,61,119,199,
2to 4:11,15,22,27,35,43,47,53,54,55,58,66,68,74,78,83,85,88,94,95,109,117,120,132,133,135,138,140,146,149,150,153,158,167,168,171,174,182,186,191,195,162,62,42,73,87,7,164,139,131,21,102,17,157,19,141,113,100,69,14,198,178,122,30,38,105,197,114,189,108,192,
2to 5:11,23,24,30,31,50,55,69,74,78,88,94,95,99,106,108,109,110,113,116,117,120,123,137,138,139,140,148,149,150,154,161,166,174,185,193,195,197,199,121,28,96,158,172,44,157,33,41,43,151,196,103,46,82,184,107,183,178,114,144,61,170,15,192,119,
2to 6:4,11,12,14,15,19,20,22,24,31,33,42,55,56,58,59,60,72,77,89,95,97,104,110,116,120,123,138,144,146,147,148,150,154,158,168,174,181,182,185,186,195,197,52,62,16,36,179,131,21,45,41,109,196,103,166,136,113,126,156,82,184,100,198,178,122,30,38,105,8,114,61,27,119,165,
2to 7:1,4,7,10,15,23,26,27,38,39,43,49,56,59,61,65,69,70,80,85,86,88,94,97,104,105,107,108,110,115,123,140,142,144,149,150,156,159,161,174,182,186,188,190,191,198,200,162,51,121,63,68,164,131,158,163,132,102,17,157,33,41,151,196,103,141,126,14,11,178,30,193,137,114,78,189,119,199,195,
2to 8:8,9,11,14,15,22,26,39,47,49,52,56,62,65,71,72,73,77,85,97,107,108,109,120,122,138,139,144,154,158,164,168,173,174,176,186,191,198,51,16,18,87,63,2,181,163,17,33,43,46,95,82,100,69,98,183,38,193,197,137,119,199,165,
2to 9:11,12,21,27,31,46,47,48,50,55,69,71,73,85,86,98,103,106,108,110,125,128,140,145,146,151,153,156,159,161,174,176,182,185,190,197,200,28,96,181,45,102,43,175,187,196,19,141,113,82,183,198,178,38,61,15,189,199,195,165,
2to 10:1,8,15,17,22,27,30,37,39,48,50,55,58,66,69,72,77,85,86,88,92,95,97,100,102,106,107,108,115,120,132,139,142,143,144,164,173,174,186,188,191,197,155,16,18,68,158,43,196,103,129,141,126,128,183,198,178,171,153,137,78,185,61,138,47,119,199,165,
2to 11:10,11,12,22,26,28,31,35,38,39,43,49,55,58,59,61,65,71,72,75,77,82,84,85,86,90,92,103,107,109,120,141,142,145,146,154,161,164,166,169,176,186,197,198,143,13,18,36,7,139,196,129,46,136,126,100,116,178,193,137,78,188,15,138,119,195,
2to 12:2,8,11,13,15,22,24,27,31,51,53,58,85,86,94,97,104,105,108,113,117,123,139,151,153,158,161,164,167,169,171,174,176,89,4,16,73,87,36,68,7,33,43,109,196,141,95,156,69,98,14,183,198,110,38,10,188,185,144,189,199,
2to 13:9,15,20,22,23,43,47,65,66,68,94,95,106,108,110,113,114,115,117,119,120,122,123,137,138,141,145,157,158,164,167,173,181,186,188,190,198,4,62,16,42,28,73,2,131,21,6,33,41,151,46,126,156,184,100,98,183,11,197,8,171,153,10,61,189,
2to 14:8,9,11,14,22,24,38,41,42,43,49,51,52,56,58,59,60,68,69,74,77,78,80,84,86,88,98,102,103,104,106,107,114,115,120,123,133,146,150,153,157,159,174,176,181,182,185,188,190,198,4,96,7,139,33,109,151,46,126,156,184,26,183,122,110,105,171,137,144,47,119,
2to 15:2,8,10,15,20,22,24,26,35,38,39,41,43,47,48,52,56,58,60,68,80,86,92,108,110,114,123,137,138,140,142,144,145,146,153,154,157,176,182,197,199,143,18,42,28,127,97,179,96,7,45,102,33,129,19,95,156,100,101,98,14,183,11,178,122,105,161,188,185,119,
3to 1:1,8,12,15,19,29,35,42,45,47,60,65,69,71,79,88,93,94,101,109,110,113,119,120,127,128,129,131,135,137,144,147,148,156,157,161,166,173,181,183,191,118,32,133,73,49,36,2,31,59,186,132,169,33,41,175,20,54,146,116,30,105,193,83,77,114,10,78,170,138,168,160,192,123,199,39,58,
3to 2:8,13,23,29,31,37,41,42,53,58,69,72,88,94,106,108,110,119,120,121,125,127,132,135,137,141,146,147,148,150,153,155,158,159,160,161,167,168,181,186,187,189,191,196,197,62,73,164,139,44,169,33,19,136,14,116,11,85,178,122,30,105,114,10,144,61,71,138,47,123,92,199,39,
3to 3:
3to 4:20,23,27,30,31,40,44,54,56,67,72,83,92,94,95,102,105,110,111,114,120,125,128,136,138,141,144,156,158,167,180,189,191,193,194,198,199,118,91,142,80,73,49,179,68,164,70,66,55,59,12,147,33,41,174,46,19,140,101,107,11,85,178,10,71,47,168,160,22,58,
3to 5:1,14,19,23,28,31,36,38,43,45,50,54,57,60,61,65,69,77,80,83,109,114,116,120,125,131,135,138,152,153,156,157,158,160,166,168,192,199,118,190,5,130,106,70,55,35,59,132,169,41,148,20,136,95,101,122,30,137,78,185,170,123,92,112,39,
3to 6:8,11,19,23,24,27,29,41,55,57,59,67,77,80,88,90,92,104,112,114,116,125,127,128,129,144,147,152,153,157,160,165,166,167,169,171,181,189,192,196,198,91,1,5,49,159,164,139,70,186,6,173,175,148,20,146,46,14,10,185,168,22,58,
3to 7:1,6,8,10,19,27,35,37,41,42,43,45,49,50,56,57,59,63,65,67,68,69,79,80,88,92,93,102,106,111,112,114,128,129,131,136,138,148,150,156,157,158,159,163,177,184,185,189,199,190,142,97,31,164,139,181,72,55,12,169,33,175,20,54,113,107,14,11,85,30,83,77,137,191,144,194,170,168,160,108,119,123,195,39,
3to 8:8,12,27,31,38,41,42,43,49,62,63,65,66,69,72,73,77,90,105,108,110,125,135,136,137,146,148,152,162,167,171,173,175,180,190,191,199,81,5,80,84,181,6,132,9,157,20,100,98,88,85,122,83,114,188,144,189,168,160,123,92,39,165,
3to 9:15,20,23,27,28,35,37,38,45,53,60,63,67,71,73,80,95,102,105,108,111,113,120,138,141,144,145,148,150,158,159,163,167,171,175,177,180,183,186,189,196,198,199,32,97,25,106,179,31,164,172,59,12,41,173,46,19,128,14,88,197,77,137,185,168,192,119,123,
3to 10:1,8,12,37,41,42,43,55,56,58,60,62,63,67,68,69,71,72,77,80,83,85,88,93,94,108,110,111,114,120,123,124,128,129,131,147,156,158,161,168,181,186,190,191,192,197,198,199,143,5,84,106,179,164,169,148,20,54,46,136,141,140,98,14,116,30,78,188,185,47,195,39,165,
3to 11:19,27,28,37,45,47,54,55,58,59,60,62,65,67,71,72,77,88,93,95,111,123,125,128,129,131,138,141,145,156,157,180,183,186,192,194,190,97,49,179,31,164,21,12,169,9,173,20,146,98,116,11,178,30,38,197,137,114,10,78,185,191,144,189,160,199,112,39,
3to 12:4,10,11,13,14,24,27,41,42,45,53,56,63,65,67,68,69,77,83,88,92,94,106,108,113,120,128,144,146,152,156,160,163,168,177,183,184,189,191,198,118,32,142,133,80,130,2,31,164,172,17,157,20,54,46,141,140,101,98,178,122,8,153,78,170,138,119,39,165,
3to 13:4,12,23,29,31,36,37,41,42,44,50,62,65,67,69,77,80,88,93,94,95,101,110,120,127,129,136,137,138,141,145,147,157,158,163,171,173,175,180,197,81,106,181,55,172,59,186,132,17,169,148,20,46,116,122,153,114,10,78,188,61,160,108,123,92,199,39,
3to 14:4,15,19,26,31,39,41,42,49,53,58,59,60,61,64,65,67,77,79,92,93,94,109,113,119,120,123,131,135,137,138,156,159,161,171,181,183,184,185,192,199,1,80,127,179,134,111,164,175,187,46,136,141,98,14,88,30,38,8,153,78,188,168,165,
3to 15:8,10,19,20,24,31,37,42,43,44,50,54,58,67,72,80,93,102,108,113,114,120,127,128,129,130,136,144,145,153,156,160,161,163,167,169,171,173,181,183,184,189,190,191,197,199,32,142,97,25,49,159,2,139,55,172,186,41,148,46,100,107,14,116,11,193,83,137,194,71,138,123,92,112,165,
4to 1:2,7,15,19,26,27,30,32,37,45,54,57,59,65,69,79,83,91,95,97,98,100,101,102,105,108,110,111,113,114,118,120,123,134,140,153,156,172,174,178,182,183,189,192,193,196,199,152,125,115,42,106,68,164,55,60,180,109,141,82,11,85,8,137,191,194,170,138,47,74,160,92,195,22,58,
4to 2:10,27,35,38,39,41,53,55,58,63,68,69,71,82,87,94,95,97,100,102,108,113,120,121,137,144,151,153,164,166,176,178,180,182,196,197,199,42,135,106,150,21,66,9,33,109,146,19,141,156,128,107,11,85,105,193,8,15,138,74,92,195,22,
4to 3:8,9,27,31,41,44,55,57,58,65,67,68,72,73,80,92,101,102,105,108,110,111,112,113,115,118,120,130,131,140,146,153,158,159,161,181,189,196,197,155,177,179,66,59,60,132,157,180,174,46,19,136,167,95,128,107,183,88,85,30,137,10,191,138,74,168,160,195,22,
4to 4:
4to 5:5,9,11,22,35,37,43,53,55,57,58,59,65,66,69,74,78,80,85,88,91,94,95,97,98,101,107,109,110,112,114,119,125,128,134,136,140,151,153,172,180,182,183,186,192,197,199,40,152,29,18,60,174,126,116,198,30,38,105,193,83,137,170,160,108,92,
4to 6:8,9,20,30,38,44,53,55,65,69,87,88,90,95,107,110,112,125,131,136,140,144,145,148,156,164,166,173,178,180,181,186,189,191,152,155,57,18,127,135,179,7,66,172,33,41,174,19,82,100,101,116,183,85,105,153,94,194,170,47,74,27,119,92,22,58,
4to 7:38,39,41,47,54,55,65,67,69,79,88,92,94,112,114,128,136,144,164,169,186,188,189,196,199,40,152,155,125,115,142,62,84,87,150,21,66,109,46,19,107,85,30,78,15,74,27,168,108,
4to 8:2,7,9,10,11,26,27,30,31,35,39,47,55,65,66,69,71,72,82,83,87,90,95,98,110,115,125,132,136,137,140,144,145,159,162,165,181,182,183,186,189,40,152,117,57,62,42,73,135,84,21,33,180,146,19,167,141,128,101,107,88,85,38,193,8,56,94,194,170,138,74,168,160,92,22,
4to 9:11,20,26,30,32,35,43,45,53,55,56,59,67,69,71,73,92,95,97,98,105,107,113,114,119,120,128,131,141,145,153,157,158,161,176,180,181,182,186,189,191,197,117,155,57,127,87,63,150,172,33,46,19,167,100,140,85,38,94,170,15,47,27,
4to 10:7,11,20,27,31,37,39,41,53,67,69,72,74,78,82,84,94,98,112,113,114,123,133,138,146,153,157,161,164,165,170,174,176,180,181,183,186,188,191,192,196,197,199,200,57,142,80,62,42,127,87,106,21,66,55,44,102,9,54,46,167,126,100,140,107,116,88,8,194,15,47,168,92,195,58,
4to 11:9,13,17,20,26,30,35,38,39,55,65,66,67,69,71,78,98,105,107,114,118,125,138,141,145,158,164,166,188,189,192,197,199,117,29,142,62,106,70,21,60,173,180,54,46,95,126,88,178,122,83,94,194,74,27,108,58,
4to 12:11,13,26,30,32,37,47,53,54,58,59,65,67,68,69,73,78,82,94,95,101,110,113,115,118,120,130,136,138,142,144,149,156,158,164,165,178,180,182,188,189,191,194,40,152,57,80,84,7,70,21,66,41,109,174,146,46,141,128,100,140,183,8,10,170,15,27,160,92,195,22,
4to 13:2,11,23,55,57,65,67,68,69,73,78,83,87,98,101,110,113,114,118,124,126,131,145,149,153,160,186,189,191,199,155,177,179,7,21,66,12,9,180,174,167,141,156,128,100,140,116,88,85,137,56,94,194,170,15,47,168,108,92,195,22,
4to 14:2,7,8,9,11,15,17,18,26,35,38,41,53,79,80,88,92,95,102,107,113,114,123,131,134,136,147,153,158,159,161,164,165,171,178,180,188,189,117,125,115,62,127,84,63,60,12,174,46,167,82,101,183,85,193,191,47,192,195,22,
4to 15:2,13,19,26,31,32,39,41,47,58,59,65,66,67,83,95,97,101,107,110,112,113,114,118,120,122,127,130,132,138,140,144,145,146,148,149,153,158,165,181,183,186,191,192,193,197,199,142,177,42,106,21,55,102,9,157,46,136,126,128,100,88,11,85,178,30,8,56,10,94,170,160,108,119,92,
5to 1:6,17,27,29,31,36,39,41,51,58,59,60,72,74,77,82,83,86,90,92,93,95,98,99,101,110,120,125,126,127,129,134,135,137,141,144,148,154,156,157,158,161,165,170,174,180,190,196,199,121,50,163,12,9,43,175,109,19,113,140,69,198,122,114,185,94,61,15,138,108,119,123,195,
5to 2:11,12,18,22,27,50,54,55,66,75,85,87,90,92,95,97,98,103,105,107,108,109,120,127,128,131,135,139,140,141,144,150,156,174,181,186,188,189,190,192,196,198,154,121,42,28,159,43,175,180,20,151,69,14,178,122,110,30,38,185,170,123,195,58,
5to 3:11,14,29,30,35,37,41,44,46,50,55,56,58,60,69,77,88,90,92,93,95,100,105,106,108,109,110,112,119,120,128,130,136,138,140,157,158,168,180,181,184,185,189,190,192,196,197,42,79,159,12,169,147,175,148,20,167,101,98,107,198,38,193,153,137,114,161,194,160,123,39,22,
5to 4:11,22,27,31,40,50,55,59,65,66,70,74,80,82,87,88,90,92,95,105,106,107,109,112,118,124,130,133,135,136,138,139,140,144,145,156,157,158,160,161,168,170,174,178,180,181,182,186,188,191,192,197,198,152,57,79,44,9,151,54,46,19,128,69,101,85,122,30,38,193,153,137,114,119,58,
5to 5:
5to 6:1,14,18,22,25,27,28,37,45,54,57,58,70,71,72,74,75,78,82,87,91,94,101,103,110,112,116,127,128,129,136,138,144,154,157,158,160,165,166,168,170,172,179,180,181,189,190,191,192,198,24,104,130,159,53,96,31,139,90,163,12,33,41,20,109,187,151,113,126,140,69,107,88,85,178,38,193,153,185,194,123,92,
5to 7:8,10,11,14,26,31,39,40,44,45,57,58,60,77,78,92,93,95,96,99,103,107,108,109,125,126,129,136,139,140,142,144,149,150,154,156,158,160,168,174,181,182,185,186,188,190,191,193,196,152,121,79,50,163,132,147,175,20,187,151,113,128,69,101,37,88,85,122,30,197,137,114,61,15,27,119,
5to 8:8,9,11,27,30,40,41,45,55,56,58,71,74,80,82,87,92,94,95,98,99,101,105,117,120,124,128,131,134,137,138,139,141,144,151,157,158,160,166,168,170,179,180,186,188,189,190,191,199,34,154,51,50,90,172,169,43,109,46,126,140,26,69,178,122,197,114,161,185,108,192,119,123,39,
5to 9:11,15,16,25,30,31,33,40,41,46,50,55,58,59,60,82,85,92,93,94,96,105,106,117,119,130,136,140,150,151,156,157,170,172,186,189,190,198,199,91,34,79,134,139,65,35,44,12,187,103,26,69,101,98,183,197,153,137,114,161,71,192,39,165,
5to 10:8,11,15,18,22,23,25,39,43,50,60,61,71,75,78,80,92,93,95,98,102,105,106,107,110,112,116,117,124,126,129,130,134,137,139,142,149,157,158,165,168,170,188,190,191,192,195,196,197,198,199,42,159,53,96,65,172,169,175,180,20,151,46,113,140,69,14,85,122,30,153,114,161,194,138,160,108,119,123,58,
5to 11:6,10,11,15,22,31,39,45,46,58,60,61,72,78,86,90,92,93,94,95,96,98,102,103,108,116,117,118,126,131,138,139,142,144,149,157,160,169,173,178,180,184,186,188,189,190,193,197,199,75,57,99,28,79,172,44,9,43,20,196,128,26,101,107,77,137,191,74,119,
5to 12:10,11,13,17,30,31,40,43,45,51,54,58,61,77,80,90,92,94,95,98,100,109,117,118,124,128,130,131,136,141,144,145,149,153,158,160,165,169,170,172,178,180,184,186,188,191,199,24,42,93,159,96,65,163,9,147,41,175,20,151,46,167,113,26,69,107,37,183,198,85,122,110,38,193,71,108,119,39,
5to 13:10,11,22,30,45,46,50,55,78,87,92,93,94,95,100,101,105,106,118,123,126,127,137,139,141,145,148,149,153,157,158,160,163,166,170,172,179,180,181,186,190,191,192,197,5,121,53,134,23,65,44,60,147,33,41,43,175,109,19,167,140,69,98,14,178,122,114,71,15,138,108,195,
5to 14:1,8,11,14,17,30,46,50,69,74,80,99,101,105,109,113,117,125,133,134,135,137,139,145,149,153,163,166,174,180,181,184,188,190,198,34,51,42,65,44,60,169,9,147,41,20,151,196,95,98,37,88,178,122,161,185,194,61,138,123,92,195,165,58,
5to 15:10,11,13,17,25,30,31,35,41,45,50,59,83,85,90,91,94,96,97,103,114,120,123,124,130,136,137,139,140,142,144,145,148,149,151,154,157,160,161,170,172,186,189,190,197,24,34,134,44,132,102,169,20,187,196,126,128,184,101,183,178,78,194,61,71,138,108,119,92,112,39,58,
6to 1:6,8,9,11,15,16,17,20,22,26,30,33,45,47,49,55,56,58,59,66,69,72,95,97,100,109,110,119,121,122,123,125,126,127,129,138,148,153,154,156,157,160,167,170,174,175,180,181,185,192,194,195,198,91,190,52,51,28,76,159,53,64,131,12,173,166,82,101,88,193,94,144,168,165,
6to 2:4,8,11,12,13,14,19,20,22,26,27,30,31,35,37,41,44,47,49,51,56,61,66,68,69,72,78,82,100,103,108,110,113,116,120,127,128,129,138,144,145,146,150,153,154,157,159,160,164,171,178,179,180,184,185,186,195,197,198,176,155,28,87,2,7,139,173,175,148,174,166,167,95,126,156,85,38,189,119,
6to 3:4,7,8,12,20,22,32,37,39,46,56,57,58,60,61,62,67,72,73,103,107,108,110,121,127,128,129,131,136,145,148,150,153,159,160,165,169,175,184,186,191,197,52,130,28,49,36,53,21,158,41,173,146,166,156,100,101,14,137,144,189,27,168,92,
6to 4:8,9,11,12,13,20,25,26,44,54,57,58,59,66,67,69,70,72,80,85,97,100,101,105,107,110,116,121,124,125,126,128,136,145,146,150,152,153,156,164,165,166,167,168,180,182,191,193,197,40,53,179,2,7,65,158,33,41,173,175,109,174,19,95,82,178,38,56,78,144,194,170,189,47,74,27,92,
6to 5:5,6,9,11,12,14,20,22,30,31,37,38,51,58,61,69,77,79,82,93,97,107,109,116,120,125,127,128,129,134,144,150,153,154,158,160,163,175,180,184,192,197,91,117,104,139,131,21,33,173,167,95,100,85,178,137,78,94,170,189,168,119,92,39,
6to 6:
6to 7:4,8,11,12,20,21,26,31,32,35,38,46,51,58,59,62,69,84,93,98,100,103,112,122,123,125,126,128,140,149,152,154,156,157,159,160,164,166,168,171,178,181,183,184,186,191,194,197,198,190,24,104,49,150,64,60,147,33,173,175,148,146,19,136,37,88,153,10,144,27,119,92,165,
6to 8:5,7,12,14,18,26,38,41,58,62,66,69,78,80,84,88,98,105,108,123,124,125,126,129,136,146,154,159,160,161,165,169,170,180,181,182,183,184,185,186,191,192,193,194,197,49,76,87,2,134,21,173,175,148,187,166,95,85,189,27,168,
6to 9:9,15,19,20,25,35,41,46,58,61,77,90,91,93,97,101,103,116,120,121,123,128,129,131,144,145,146,150,153,158,159,165,167,170,175,178,179,180,183,186,192,194,196,197,190,176,104,48,87,67,64,172,60,148,187,166,37,88,193,71,27,119,
6to 10:2,5,9,12,18,20,21,25,27,30,37,38,55,61,62,69,84,85,98,100,107,110,115,116,119,121,122,124,126,128,144,153,156,159,164,168,169,170,174,175,178,179,180,185,191,192,193,195,197,198,117,176,104,48,87,67,86,6,148,146,95,78,92,39,22,165,58,
6to 11:9,13,17,18,20,26,30,37,46,47,57,59,62,66,68,72,75,82,93,103,116,119,122,125,129,146,157,158,160,178,179,184,185,186,188,189,192,194,196,197,198,52,49,76,67,53,7,139,86,60,12,175,174,19,136,156,183,38,56,78,94,170,92,39,58,
6to 12:3,4,7,8,9,11,17,20,21,32,37,39,45,46,48,69,71,77,80,84,88,89,96,97,98,124,128,129,138,139,146,156,157,158,160,164,166,170,178,179,180,181,184,186,188,191,198,117,51,28,67,159,53,2,65,147,33,41,174,136,167,100,183,56,10,194,27,119,92,
6to 13:4,7,11,12,20,21,26,31,44,48,53,57,61,66,71,77,78,85,88,93,96,109,115,120,126,127,129,131,136,146,156,157,165,167,168,175,179,180,181,183,184,186,189,191,195,197,198,190,24,87,159,139,59,163,60,41,173,148,187,151,95,100,37,170,119,92,22,
6to 14:4,6,8,9,14,15,17,20,26,31,32,38,47,48,57,59,60,61,62,69,80,84,88,92,95,103,105,109,110,116,122,125,150,153,158,169,175,179,180,181,182,184,185,195,196,190,51,130,49,159,64,131,163,147,41,187,19,136,193,78,94,194,189,168,119,39,165,58,
6to 15:7,11,14,17,18,22,25,26,44,55,57,71,72,78,88,95,100,101,103,108,114,124,129,138,144,145,148,153,154,158,160,169,178,180,182,183,184,185,186,188,192,196,197,104,48,16,67,159,2,139,147,33,173,174,146,166,37,193,137,94,194,170,189,92,112,165,58,
7to 1:9,15,19,20,21,30,35,41,42,47,49,51,56,59,64,67,69,77,79,82,85,86,88,92,94,101,103,105,107,108,109,114,115,118,119,120,121,122,125,138,141,144,147,150,152,158,161,165,168,175,180,184,186,191,124,200,149,93,181,65,102,17,151,174,54,129,140,26,116,37,11,171,137,189,27,160,192,123,
7to 2:4,11,13,18,21,30,33,38,42,47,49,56,58,63,84,87,92,94,96,97,103,107,110,113,115,116,122,125,128,131,132,138,144,145,146,147,148,154,155,157,164,166,174,181,184,186,190,191,196,197,199,68,31,158,45,163,102,43,129,100,26,98,14,137,114,10,188,61,15,27,108,119,165,
7to 3:4,5,9,10,11,19,20,25,27,30,33,39,41,46,47,49,50,56,63,64,77,80,88,93,94,100,101,103,105,107,109,119,120,123,128,136,137,138,141,147,148,152,158,164,177,180,181,185,188,190,191,196,1,67,68,150,70,172,102,169,157,54,166,129,37,178,193,171,114,78,144,160,112,
7to 4:7,15,20,21,30,35,38,46,49,57,58,59,63,66,67,69,78,87,88,92,98,101,107,109,117,118,122,123,126,136,137,144,147,149,156,162,164,170,186,191,193,76,55,132,166,82,140,26,11,85,197,114,10,94,189,27,108,192,112,195,
7to 5:9,11,23,27,31,35,40,43,45,50,69,77,79,88,92,98,99,100,101,102,103,106,107,112,116,117,118,119,123,136,139,147,148,149,154,156,160,163,170,174,175,181,185,190,199,1,124,93,150,70,65,55,172,17,109,151,166,129,19,113,140,26,37,85,178,30,137,10,15,
7to 6:4,5,8,9,14,18,19,20,24,25,30,33,35,38,46,48,49,51,59,69,77,82,85,87,88,92,94,95,103,107,109,115,122,127,129,136,139,140,144,145,148,152,156,160,162,163,164,175,184,185,186,190,191,195,196,121,124,149,67,150,181,21,45,17,166,26,116,37,178,193,188,194,189,47,27,192,112,165,
7to 7:
7to 8:10,11,14,19,20,33,38,40,41,45,49,50,54,63,64,77,81,84,87,98,99,105,108,110,119,122,123,128,138,140,144,146,148,158,160,162,164,165,168,170,180,184,188,190,196,198,182,62,149,93,150,181,65,186,132,17,43,109,82,26,37,88,85,193,83,153,137,114,27,195,
7to 9:15,17,20,25,33,35,36,38,39,40,41,43,45,46,47,50,63,68,69,71,73,80,84,85,88,94,97,103,106,107,110,119,123,126,127,131,137,139,141,145,148,150,161,163,165,168,170,175,181,186,190,191,197,121,200,76,31,21,158,157,151,54,146,129,19,82,140,11,178,193,171,114,56,10,189,108,112,195,
7to 10:8,9,10,15,17,24,25,30,36,48,50,56,58,67,68,69,77,78,81,84,92,93,94,103,106,107,108,117,126,127,128,131,140,144,147,149,156,160,161,162,163,164,165,170,171,175,184,190,191,198,199,142,121,200,76,23,31,158,102,157,43,82,26,116,193,197,153,137,188,194,47,123,112,39,
7to 11:7,9,11,15,21,30,35,38,39,49,57,59,63,77,78,88,94,97,101,103,105,107,110,112,114,123,125,126,147,149,152,156,157,158,161,162,164,166,173,180,191,142,124,200,76,93,64,131,132,109,19,82,198,178,193,197,171,137,10,144,61,47,160,119,
7to 12:4,7,8,10,13,20,39,41,48,51,63,77,86,88,92,93,100,101,105,107,108,109,110,117,118,122,128,132,136,147,157,158,160,161,162,163,164,165,168,184,191,193,182,142,62,200,97,149,76,68,139,65,131,72,45,169,151,37,30,197,153,114,94,144,61,15,189,47,119,
7to 13:4,11,12,21,30,39,41,42,47,54,56,77,78,84,87,88,92,98,100,101,106,108,109,117,122,128,136,140,145,147,148,163,164,171,177,180,183,184,186,191,142,62,149,93,68,23,181,70,158,45,60,132,17,169,129,126,26,116,37,85,193,83,197,137,114,10,94,189,
7to 14:4,7,8,9,10,11,12,17,19,26,38,42,48,49,50,51,54,58,59,69,77,78,79,83,86,93,103,107,110,115,122,127,132,139,141,144,147,149,153,158,161,168,174,175,177,184,187,195,196,199,62,200,76,87,67,150,31,181,65,6,102,169,109,146,166,140,98,14,116,85,30,171,137,94,194,61,192,119,123,112,165,
7to 15:5,7,9,11,19,21,25,30,35,36,39,46,49,50,56,58,63,77,83,86,92,93,94,97,100,101,102,103,104,107,108,110,114,119,122,126,128,136,137,139,140,144,154,157,158,160,163,165,177,184,185,190,191,197,199,79,149,131,45,186,169,146,82,14,37,88,10,61,47,112,195,
8to 1:1,3,9,16,17,22,27,31,37,41,42,47,49,50,56,65,69,72,74,82,84,88,94,98,100,101,108,110,119,123,125,134,135,144,145,157,160,163,165,166,176,180,181,182,183,184,191,192,193,195,34,154,76,90,186,6,33,43,128,26,194,71,
8to 2:11,15,20,27,37,38,39,42,45,50,52,55,58,66,69,84,85,88,98,100,101,103,114,119,120,121,126,135,137,138,141,154,157,158,164,167,171,176,181,182,183,184,187,51,18,73,179,90,17,33,43,166,128,26,161,170,189,
8to 3:8,10,11,14,19,20,27,31,37,42,43,46,57,61,66,69,80,85,94,95,98,101,105,106,107,108,110,115,118,122,128,136,137,144,153,157,160,168,172,180,181,183,185,189,191,199,62,25,63,134,35,90,186,132,9,148,26,56,170,123,
8to 4:9,10,18,27,29,42,43,46,47,49,50,55,58,63,80,82,83,87,92,98,100,101,105,109,114,120,122,123,130,139,141,146,151,152,153,160,170,174,176,178,180,181,183,186,191,193,199,73,134,172,59,166,88,85,161,108,192,195,
8to 5:19,23,28,31,34,37,38,39,40,41,43,50,56,65,75,77,80,88,93,95,96,98,99,101,102,110,114,117,123,130,135,138,144,145,149,151,160,166,167,178,181,182,185,190,193,198,199,57,154,159,134,172,6,9,148,109,103,69,105,188,94,170,15,27,195,
8to 6:2,6,8,9,14,21,26,27,33,38,42,47,48,49,55,56,61,62,66,69,72,95,98,100,101,104,105,107,108,110,117,119,122,126,146,151,153,157,163,166,170,173,176,180,181,184,185,189,192,193,194,57,154,51,18,25,76,159,145,64,186,148,109,187,129,128,94,144,168,123,195,
8to 7:6,9,10,19,23,27,30,31,38,43,46,50,54,56,66,72,78,81,82,83,84,85,87,88,97,98,101,104,108,110,117,118,122,125,137,140,144,152,157,160,163,168,171,181,188,189,190,193,199,57,149,76,132,109,103,129,128,26,69,94,170,15,123,
8to 8:
8to 9:2,6,15,19,21,27,31,34,38,40,47,54,61,62,71,77,84,87,93,95,97,98,100,101,105,110,119,120,128,130,141,144,146,153,157,163,164,167,176,182,183,185,187,189,193,194,196,197,199,49,63,145,111,158,90,33,82,69,88,85,83,56,191,170,
8to 10:6,7,8,9,10,20,25,26,34,37,38,39,43,46,48,55,58,61,78,81,84,85,87,88,94,98,102,114,120,137,153,158,164,165,169,185,193,194,195,199,162,62,149,76,64,65,186,129,69,11,56,188,144,170,15,27,168,192,
8to 11:6,10,19,20,31,37,39,43,49,55,58,64,66,69,72,74,78,83,84,92,95,97,98,99,101,103,107,118,137,138,139,144,157,160,166,171,173,176,180,187,190,191,193,197,198,199,154,62,73,149,63,158,172,59,186,132,9,109,128,82,26,88,85,188,185,15,189,27,
8to 12:7,10,17,19,31,37,43,46,48,56,62,65,66,69,71,74,77,80,84,85,87,88,92,93,95,97,100,104,107,110,115,119,144,163,164,166,167,172,176,181,188,197,162,73,49,63,159,179,158,59,132,33,26,83,153,161,191,94,123,
8to 13:2,6,8,10,11,12,15,28,33,42,43,47,50,57,60,61,63,66,69,71,74,84,85,98,108,110,114,117,118,121,122,124,126,137,138,151,157,158,160,163,165,166,167,168,180,181,183,185,187,194,195,198,199,34,149,76,179,111,175,83,56,188,189,192,123,
8to 14:3,10,11,12,14,17,19,20,28,34,42,47,48,52,54,56,57,58,60,62,63,64,65,77,80,81,84,85,88,92,96,98,99,101,103,104,114,119,120,125,135,137,139,144,146,151,164,173,176,183,191,192,193,199,149,134,181,158,6,132,9,175,109,26,69,105,83,153,188,194,170,
8to 15:2,10,14,17,22,28,30,34,41,43,46,47,49,57,58,71,74,77,78,85,92,95,96,97,100,101,110,114,117,119,120,127,130,132,136,138,145,146,159,160,163,165,168,186,187,193,199,162,154,73,84,50,63,134,35,158,9,26,88,122,105,83,161,56,188,191,94,144,15,189,192,123,
9to 1:1,6,9,12,15,17,21,31,32,34,45,50,54,59,64,66,69,71,82,84,85,88,93,94,110,114,119,120,121,123,128,129,131,137,138,140,141,144,147,153,154,161,165,170,171,190,191,192,194,197,199,176,200,73,150,111,35,175,187,103,19,95,183,198,193,108,
9to 2:7,11,15,27,33,38,55,58,61,69,89,96,97,105,110,114,119,123,128,137,138,141,144,145,148,153,155,170,171,172,174,175,178,183,185,186,191,193,196,197,125,121,31,35,163,102,12,41,187,146,19,26,98,198,161,
9to 3:11,14,26,27,31,35,46,54,57,60,62,63,64,69,71,80,85,88,93,105,110,111,113,115,121,123,128,137,138,140,141,144,145,146,148,150,153,156,159,160,168,170,171,172,177,178,186,189,196,197,130,127,135,106,164,21,12,173,175,20,19,136,183,193,77,161,192,39,
9to 4:9,15,19,21,25,27,33,38,46,47,53,58,59,60,65,69,82,85,87,88,95,106,113,114,120,121,123,131,137,141,144,145,150,151,153,156,158,164,170,172,174,178,180,183,186,189,192,195,197,176,125,182,200,73,63,111,35,102,157,173,146,136,198,11,56,
9to 5:6,14,15,17,19,21,25,33,35,37,38,45,46,50,54,58,59,61,69,75,80,88,92,94,98,100,103,105,110,112,114,116,117,119,123,131,137,139,144,148,150,152,153,156,165,170,172,174,189,199,125,34,127,135,36,31,90,60,157,146,129,140,26,183,178,197,77,161,138,192,
9to 6:6,14,17,19,20,21,25,27,28,31,35,38,41,53,59,64,66,69,72,77,80,86,92,94,95,96,100,103,104,105,110,114,116,117,120,128,129,131,134,139,140,148,150,151,152,153,154,161,170,171,174,178,180,186,187,194,195,196,197,176,48,127,73,49,36,2,158,12,175,146,136,183,198,56,
9to 7:10,11,15,25,26,27,35,38,45,46,48,50,54,63,69,77,84,87,88,93,94,98,100,103,108,110,114,117,119,123,128,129,137,144,148,156,158,163,164,165,171,174,186,187,190,191,197,182,16,200,49,106,145,111,31,102,157,41,175,19,95,82,193,56,194,112,39,
9to 8:6,10,11,15,17,19,21,27,33,38,45,46,48,50,58,64,66,69,77,80,83,84,85,87,88,98,101,110,114,115,120,123,128,137,138,140,141,148,152,154,158,159,166,176,182,183,185,186,189,191,192,195,196,197,125,34,135,63,164,60,157,173,95,198,193,194,
9to 9:
9to 10:10,14,20,31,44,46,58,60,61,62,63,64,65,69,71,72,77,84,88,92,93,96,98,100,102,103,110,113,114,116,119,120,121,129,138,140,146,151,153,156,160,161,163,165,168,170,172,174,175,180,183,186,199,34,48,16,73,36,2,111,158,11,56,192,39,
9to 11:6,9,11,20,31,38,45,46,54,55,62,64,65,71,77,84,88,94,98,107,110,119,123,128,129,137,138,141,144,145,147,151,156,165,170,171,173,178,186,188,189,199,111,164,35,90,60,102,157,146,19,82,26,193,56,112,
9to 12:9,10,12,14,15,26,27,31,32,33,37,41,45,46,53,60,65,69,71,84,87,88,89,93,94,96,98,109,110,112,113,115,119,123,128,133,134,141,146,152,156,163,170,178,180,183,186,188,197,48,16,130,63,36,106,145,164,35,158,175,187,103,19,136,167,95,120,198,77,56,
9to 13:6,10,15,17,19,21,25,32,33,34,45,46,50,53,57,58,60,61,63,65,66,77,80,85,87,92,93,108,110,113,116,117,126,131,137,140,141,145,148,153,167,170,174,180,183,186,190,192,193,195,199,177,16,49,67,106,111,31,164,158,157,175,187,196,146,136,95,82,198,11,83,197,
9to 14:6,9,10,11,14,15,37,38,45,46,54,57,58,63,65,77,84,87,88,94,98,101,105,119,123,131,146,147,150,151,153,159,171,174,180,181,182,183,189,190,191,193,195,196,199,176,48,177,135,31,90,41,175,187,19,198,161,47,192,
9to 15:10,11,15,25,32,33,37,45,47,50,57,58,59,63,72,77,87,89,94,95,97,105,110,114,117,129,137,144,145,146,151,153,156,161,165,168,170,171,172,176,177,182,186,187,192,193,198,199,16,130,36,64,111,35,90,102,41,175,19,183,71,39,
10to 1:1,8,9,15,16,17,23,30,39,41,43,53,54,55,58,60,61,64,69,71,72,74,83,84,88,90,94,105,110,121,122,126,138,142,144,146,149,151,160,161,165,168,170,172,174,183,184,186,190,192,193,24,162,154,18,139,86,35,158,44,169,20,141,153,78,185,199,22,
10to 2:11,14,15,20,22,30,39,43,44,50,58,62,65,68,69,86,88,90,96,98,100,103,105,107,108,113,114,119,120,121,123,129,131,138,144,146,151,153,156,159,161,163,165,168,175,186,187,192,196,197,198,199,24,155,143,52,23,181,70,128,8,171,137,188,185,61,
10to 3:1,5,7,20,27,30,31,37,41,42,43,46,50,53,56,57,60,67,68,69,90,94,95,100,105,107,108,110,113,121,127,132,137,138,144,153,156,159,160,162,164,167,168,178,180,183,186,191,196,197,198,118,24,81,142,73,23,139,158,173,148,54,129,136,141,128,88,8,171,78,188,92,39,165,58,
10to 4:9,14,15,25,27,30,42,46,50,53,56,60,63,69,74,76,83,85,87,92,94,102,107,108,110,114,115,119,121,124,126,131,137,138,139,140,153,160,162,164,170,174,180,186,188,191,194,195,198,199,117,142,18,106,23,31,181,65,158,169,141,120,98,116,37,88,8,78,47,39,22,165,58,
10to 5:1,9,15,17,30,31,36,37,39,41,60,61,69,74,78,86,92,94,96,100,107,108,114,120,123,124,127,128,129,137,140,153,157,158,168,170,172,178,180,183,188,190,192,193,197,198,199,117,24,18,50,23,44,102,169,141,113,98,116,88,85,105,77,161,185,119,165,58,
10to 6:5,7,8,9,14,17,20,21,26,30,31,36,37,41,42,46,48,53,69,71,72,77,86,92,103,105,107,108,112,126,127,128,130,131,138,144,146,147,149,153,156,165,168,170,174,179,180,183,185,186,192,196,197,198,155,104,154,49,158,136,116,11,178,188,194,61,22,58,
10to 7:1,10,14,15,17,26,27,30,41,46,48,54,56,61,64,67,69,71,72,78,88,94,98,100,107,108,114,119,128,131,140,146,159,164,170,175,183,184,186,188,190,194,195,197,198,199,118,104,162,18,25,50,181,35,158,102,103,129,126,116,110,137,161,47,39,165,
10to 8:7,9,10,14,17,22,31,34,43,48,54,58,60,63,69,74,77,87,88,95,107,110,114,115,122,123,126,128,146,149,151,157,159,165,168,172,179,181,183,191,195,196,198,154,18,25,76,158,6,102,20,103,98,37,188,194,61,47,39,
10to 9:9,15,17,21,31,34,37,39,46,48,50,54,56,58,64,67,68,69,71,72,76,82,102,103,106,115,121,123,129,131,134,137,140,144,151,153,159,165,168,170,175,178,183,185,186,190,191,193,195,197,198,35,6,148,20,167,141,120,116,110,161,188,194,192,119,112,
10to 10:
10to 11:9,15,17,20,23,26,31,43,52,53,58,60,61,67,69,71,72,74,75,76,77,82,84,88,103,107,114,115,119,120,128,131,139,142,146,156,157,158,172,178,185,188,190,191,192,195,198,118,93,65,86,6,173,54,116,11,78,194,138,47,199,39,
10to 12:7,9,10,14,15,27,31,36,37,39,43,46,53,55,56,58,60,61,62,63,67,68,69,71,74,76,87,92,94,95,97,98,100,107,138,140,142,144,151,153,165,170,172,174,175,184,185,188,191,194,198,199,117,104,162,200,96,70,158,44,148,54,113,11,110,105,77,78,168,112,22,
10to 13:7,9,12,14,15,17,20,23,37,39,41,42,43,48,52,53,54,55,56,57,58,61,65,67,68,69,71,85,92,94,100,108,114,119,120,122,123,124,128,129,131,134,142,167,175,179,180,183,186,190,192,197,199,118,117,162,18,50,93,96,181,158,169,103,141,113,126,98,116,110,8,137,78,188,185,138,47,22,165,
10to 14:9,12,17,20,22,34,37,47,48,55,57,60,62,64,69,74,77,84,87,88,92,98,106,107,116,119,120,122,123,139,147,153,159,161,165,168,180,184,188,190,192,193,196,198,199,24,104,76,93,181,6,169,148,54,103,100,11,85,171,78,194,61,138,58,
10to 15:5,7,14,20,26,34,36,41,42,43,46,48,55,56,57,58,61,67,71,72,83,84,92,95,96,100,103,105,114,122,123,131,134,137,138,140,144,146,153,161,170,180,183,184,186,188,191,193,194,195,198,199,162,200,50,93,23,31,102,173,126,116,37,197,171,78,39,165,
11to 1:6,8,9,11,15,19,20,28,39,47,49,55,59,60,61,65,71,76,82,85,100,101,107,108,109,111,114,116,118,120,125,134,142,143,147,149,153,154,156,161,163,180,182,185,186,188,189,191,192,193,194,196,199,200,75,29,1,7,70,72,86,157,95,110,197,171,77,94,144,
11to 2:9,10,11,15,22,26,31,35,38,42,43,47,48,52,53,55,60,61,62,65,66,69,71,72,86,96,98,100,119,120,123,128,132,137,139,153,164,185,186,187,188,189,191,192,196,197,190,13,97,68,131,21,157,151,183,198,178,122,144,27,108,199,
11to 3:13,19,23,26,27,35,36,42,44,54,58,59,65,73,78,86,88,92,101,103,107,109,111,115,118,119,120,123,125,128,129,131,136,137,141,142,143,157,158,168,171,173,178,180,186,188,191,193,196,197,199,29,68,72,169,20,198,10,94,108,112,39,
11to 4:11,13,18,19,26,27,30,31,35,43,44,46,47,49,54,55,56,58,59,65,71,73,78,83,88,98,100,105,107,114,118,119,124,136,137,138,141,142,153,157,158,164,170,172,173,178,180,186,188,189,192,196,200,67,7,66,12,169,95,140,193,10,191,144,74,108,92,199,112,195,
11to 5:6,9,11,13,15,26,28,30,31,38,39,43,45,55,61,72,77,78,86,88,93,94,98,101,103,107,114,117,118,119,123,134,136,137,139,144,154,172,173,178,183,185,192,193,195,196,197,199,190,79,96,65,90,157,129,140,198,110,161,191,160,108,92,58,
11to 6:6,7,9,19,22,44,45,48,49,57,59,60,76,82,88,92,93,109,112,117,119,126,129,138,146,149,154,163,166,170,171,172,179,180,182,185,186,187,192,193,194,196,75,190,65,72,157,173,20,174,95,178,110,38,78,191,108,195,165,58,
11to 7:9,10,13,15,19,20,27,30,31,35,39,43,45,58,59,61,69,78,83,87,88,95,98,103,108,114,117,119,123,125,129,131,136,137,145,147,149,154,161,163,164,173,187,193,200,150,21,12,157,82,184,26,116,37,198,38,197,8,188,185,191,94,144,160,199,
11to 8:6,9,10,17,19,20,22,27,30,46,47,57,58,65,69,83,88,94,95,98,109,115,119,124,126,132,137,138,139,144,149,154,157,169,170,172,173,176,183,188,189,194,196,199,159,64,7,72,66,90,12,151,174,129,82,26,198,11,193,8,77,108,195,
11to 9:6,11,12,15,19,20,28,31,35,39,43,45,47,53,57,60,67,71,83,86,93,95,102,103,105,106,114,119,125,137,141,144,153,164,171,172,173,176,178,182,185,186,187,189,191,192,193,194,199,190,73,36,64,131,21,55,174,146,98,110,38,77,138,27,160,112,
11to 10:9,15,30,31,42,46,54,55,57,58,60,61,67,69,71,78,85,86,88,92,94,98,108,112,116,124,128,139,142,149,161,164,168,169,170,180,188,191,194,197,199,75,190,36,70,131,72,90,12,174,140,37,183,198,193,8,27,160,39,165,
11to 11:
11to 12:7,9,10,11,20,26,27,30,42,43,45,46,53,54,56,57,58,62,73,77,78,93,98,101,115,118,119,123,124,136,141,142,145,147,156,161,163,164,169,172,191,198,75,3,133,13,67,68,65,86,59,109,129,95,184,183,178,110,185,94,92,165,
11to 13:6,7,9,13,15,19,20,22,26,28,30,31,44,45,47,56,58,60,67,73,83,86,87,94,95,101,102,108,109,117,119,123,126,128,129,136,137,142,149,158,170,180,185,186,188,189,192,193,199,65,66,12,157,107,116,11,77,10,138,74,27,
11to 14:6,9,19,22,26,31,35,42,44,47,48,53,54,58,59,60,61,62,65,69,78,82,88,94,98,103,106,109,112,114,119,125,136,138,139,144,147,149,156,161,164,171,180,182,188,192,193,194,196,199,68,7,86,169,157,184,183,198,11,178,38,8,10,185,191,160,92,195,165,
11to 15:9,19,20,23,26,28,30,31,35,44,45,49,54,55,56,58,60,61,67,71,74,87,94,100,114,116,117,118,119,120,123,124,126,128,132,153,156,161,168,169,170,171,176,178,182,183,186,187,189,193,197,13,36,68,96,64,70,65,131,86,90,157,129,95,82,184,185,144,108,92,199,112,39,165,
12to 1:1,10,16,17,19,35,41,42,43,45,54,55,56,60,61,69,70,77,82,83,86,92,94,95,105,114,118,119,122,124,132,142,147,151,160,161,162,169,186,188,189,192,193,194,200,182,133,145,2,65,66,9,20,109,167,141,156,120,110,8,71,15,74,199,
12to 2:10,12,14,15,26,27,30,31,41,42,43,53,63,66,68,74,82,86,89,94,95,98,103,113,119,128,132,141,145,146,147,158,159,163,164,166,167,169,174,175,176,183,188,198,133,13,84,106,96,172,17,157,109,151,196,156,69,11,110,105,197,153,78,185,144,138,
12to 3:1,5,7,8,12,14,15,19,20,22,26,30,36,37,41,42,44,46,54,56,58,59,60,71,73,80,88,92,94,105,107,110,113,116,118,119,123,128,131,136,147,153,158,159,160,164,165,167,169,181,183,187,189,190,191,197,198,199,57,133,106,150,33,196,120,98,11,77,188,185,144,27,168,
12to 4:7,10,11,15,17,30,38,41,46,47,53,54,58,60,63,65,66,68,69,80,85,88,92,94,98,101,107,108,113,114,118,122,125,128,132,136,141,145,147,152,158,159,160,162,164,165,166,169,170,175,186,188,189,192,194,198,200,13,73,2,150,172,20,146,19,167,156,140,110,105,8,153,78,191,138,74,27,
12to 5:10,11,12,14,22,28,30,31,34,38,39,40,41,43,51,56,60,69,79,80,82,85,92,94,95,100,101,105,113,114,116,119,123,124,125,128,129,136,141,147,153,156,157,158,161,163,165,169,170,172,174,178,185,190,198,133,130,53,106,145,134,150,139,102,9,180,109,151,110,8,78,144,138,74,199,195,
12to 6:5,7,12,15,17,19,20,21,32,37,38,45,47,48,56,58,71,78,88,92,95,100,110,114,116,119,120,122,124,125,129,130,145,156,158,159,162,163,166,167,169,170,174,178,179,180,181,183,184,189,192,194,197,198,89,182,13,53,134,150,66,59,9,148,196,146,8,153,27,195,
12to 7:1,11,20,24,26,30,31,33,35,38,41,44,46,54,56,61,68,71,77,86,87,88,94,98,100,101,103,112,113,114,119,120,123,128,129,132,136,144,145,147,152,153,158,159,160,162,163,164,165,166,174,175,178,184,197,198,200,93,139,70,43,109,141,156,69,183,110,191,27,
12to 8:2,7,11,15,28,33,34,38,40,43,51,54,55,56,63,88,92,94,101,107,109,117,119,122,125,128,129,136,144,145,146,158,160,164,166,168,170,174,175,187,188,190,194,3,176,73,84,149,106,96,66,9,196,69,183,198,110,105,78,185,191,27,
12to 9:10,11,21,27,28,31,33,35,38,40,41,43,47,49,53,54,55,56,59,63,68,86,87,94,106,111,117,128,136,144,145,151,158,159,163,164,168,170,174,175,178,183,187,189,199,200,176,182,73,84,102,157,20,146,141,156,98,198,110,105,197,153,71,15,138,
12to 10:1,7,8,31,34,39,41,43,46,53,54,58,60,65,68,70,74,76,86,87,92,94,98,100,103,106,107,110,113,119,120,123,129,131,132,142,147,151,153,156,158,159,161,162,163,164,170,174,178,181,183,184,190,198,89,84,25,96,172,17,9,180,167,69,11,85,105,197,185,191,144,61,71,168,
12to 11:7,10,13,15,20,26,27,28,37,38,39,43,44,59,60,82,86,90,92,105,112,116,117,118,119,123,124,125,129,131,142,144,146,147,151,156,158,159,161,162,164,166,168,169,172,175,176,178,183,187,188,194,198,96,65,157,109,110,153,78,185,191,71,199,
12to 12:
12to 13:2,4,7,10,15,22,24,27,28,31,41,42,43,45,47,48,54,56,67,73,74,77,83,85,94,101,106,111,113,118,120,122,124,129,136,141,142,145,147,153,156,157,158,159,160,162,164,165,167,169,177,184,185,187,188,189,194,32,57,84,53,96,66,17,69,98,183,198,11,110,197,8,
12to 14:8,17,19,26,28,31,37,38,39,41,42,46,48,51,53,55,56,60,61,63,69,78,80,85,86,92,94,95,98,101,103,117,119,122,132,136,151,157,159,161,164,169,171,176,177,183,184,188,189,191,192,195,89,3,57,182,2,150,147,180,109,196,141,113,198,11,110,153,15,74,
12to 15:5,7,11,15,19,20,27,28,30,37,38,41,42,43,46,48,54,56,58,59,61,70,71,83,86,88,92,103,118,119,120,122,123,129,132,140,151,157,162,165,167,169,170,174,178,179,181,183,185,187,190,193,198,176,32,57,104,182,130,149,106,145,139,65,45,172,17,180,110,197,10,191,138,168,199,195,
13to 1:6,15,20,23,24,26,35,36,42,43,45,49,53,57,59,65,66,74,76,78,88,94,95,98,100,105,108,110,111,114,116,118,119,123,129,131,141,142,147,149,153,156,157,160,168,173,180,182,183,185,189,194,198,32,16,124,84,134,181,55,186,60,17,12,169,174,82,120,69,83,8,56,22,
13to 2:8,10,11,15,17,18,19,23,24,26,37,43,46,49,52,54,56,61,66,68,74,85,88,94,96,100,102,103,105,108,110,116,136,137,139,141,146,147,153,155,156,157,160,164,170,172,175,179,184,185,186,189,197,4,42,158,60,12,41,174,166,167,126,82,120,183,83,171,123,199,22,165,
13to 3:7,8,10,11,14,15,19,20,22,23,24,27,37,42,46,49,53,56,57,62,67,71,74,77,80,81,85,92,94,95,101,108,110,111,118,119,120,123,128,131,137,141,142,147,148,153,157,160,172,173,180,184,185,187,189,191,192,197,199,5,124,84,181,66,158,44,60,169,41,113,116,183,122,83,170,138,165,
13to 4:7,10,15,23,27,29,30,33,42,43,44,46,53,55,56,59,65,70,73,74,78,80,85,87,92,94,95,100,101,102,106,108,109,111,114,116,118,122,126,136,137,141,142,149,153,156,157,159,162,170,172,175,178,179,180,189,192,197,199,115,177,84,145,66,186,60,9,41,151,174,166,167,128,183,83,138,47,195,
13to 5:6,11,14,15,20,23,24,26,30,33,37,43,45,46,50,54,55,56,57,59,65,70,71,74,78,92,93,94,95,98,101,108,110,113,117,118,121,123,128,129,131,136,137,138,139,148,149,151,157,160,172,178,180,183,188,192,193,197,5,18,28,134,31,181,158,60,12,169,174,126,82,69,107,116,77,114,22,165,
13to 6:6,8,11,15,18,20,21,22,24,25,33,47,49,54,55,57,62,67,69,70,71,74,77,78,82,93,95,98,100,104,108,110,122,123,131,148,149,153,158,162,166,170,179,181,182,183,185,187,194,197,5,28,124,84,87,2,134,66,44,163,60,12,169,147,180,174,167,126,156,128,14,116,56,138,189,
13to 7:5,8,11,15,19,20,21,24,33,34,35,43,49,57,62,63,68,74,80,82,83,87,92,101,102,104,108,110,111,114,116,119,121,122,123,126,128,132,136,137,140,145,149,150,156,163,170,175,186,188,193,197,198,81,177,42,181,45,6,17,9,174,54,166,98,107,14,171,56,10,94,61,165,
13to 8:6,7,8,10,11,15,20,21,27,30,41,43,46,50,56,57,62,63,65,66,69,71,73,74,76,80,85,87,88,95,96,103,108,110,117,119,129,132,136,138,139,141,146,149,151,159,160,165,170,173,175,180,181,184,185,186,189,192,194,197,198,199,81,4,115,42,145,55,45,59,163,9,166,167,120,98,107,14,183,94,123,
13to 9:11,15,20,21,25,27,30,35,45,46,50,59,60,62,63,73,83,85,93,94,95,98,100,108,110,116,117,119,123,126,131,134,137,138,141,151,153,156,157,158,159,163,164,168,179,180,181,182,186,189,192,197,115,177,84,2,55,12,41,175,174,54,167,183,198,77,114,
13to 10:5,11,15,21,24,25,39,46,47,55,56,62,63,68,71,74,78,88,94,108,111,114,116,117,123,129,139,142,147,148,153,157,158,159,162,164,172,173,179,185,188,192,197,198,23,44,163,60,17,41,180,174,126,156,98,107,83,8,77,170,138,168,165,
13to 11:7,15,19,20,26,30,37,43,46,47,53,55,60,62,64,65,68,69,76,77,78,83,88,93,94,95,98,101,103,110,111,117,126,128,129,137,138,141,142,153,157,158,159,162,175,179,180,184,185,186,188,197,198,199,4,115,124,84,67,66,163,169,116,10,74,123,58,
13to 12:5,7,8,10,11,13,14,15,17,19,20,21,22,30,33,37,43,45,46,47,53,54,56,63,65,68,71,77,78,80,83,87,93,94,95,100,104,108,109,110,116,117,118,119,129,141,145,146,156,157,160,162,163,164,165,179,181,184,186,32,177,42,134,158,60,12,169,41,180,151,174,166,113,128,69,98,183,198,188,74,27,168,123,
13to 13:
13to 14:5,6,9,11,12,15,17,19,24,26,37,46,47,50,60,62,65,67,74,78,80,85,93,94,96,98,100,103,104,113,116,117,131,136,139,153,158,164,165,168,173,179,182,184,185,188,192,194,199,81,177,18,28,84,23,55,41,180,196,54,83,77,114,56,123,58,
13to 15:7,8,13,15,17,20,22,25,26,30,33,37,44,59,77,78,80,85,87,88,93,94,95,100,101,108,110,111,118,119,120,122,126,129,132,134,136,137,138,149,151,156,157,160,165,170,171,172,179,182,186,188,189,197,5,2,158,45,163,60,169,9,174,167,128,183,198,114,56,10,71,47,58,
14to 1:2,3,6,8,9,17,19,23,24,32,34,41,42,49,50,55,56,64,69,72,76,83,86,88,90,92,97,101,103,105,107,109,114,119,122,131,134,135,138,139,147,149,151,156,157,161,168,169,174,175,183,185,192,194,195,199,200,125,1,182,67,196,113,120,184,38,171,191,47,112,22,58,
14to 2:11,12,14,19,24,28,33,41,51,55,56,60,61,78,83,84,85,86,90,95,106,109,114,115,116,121,123,131,135,137,138,146,147,150,151,153,156,161,165,167,170,176,185,188,189,193,199,125,182,127,63,35,6,132,187,196,46,120,184,101,183,30,38,58,
14to 3:5,10,11,14,19,20,24,31,33,41,42,44,54,56,60,61,64,69,77,80,83,88,92,98,101,106,109,114,119,122,123,136,137,138,139,140,141,146,160,164,165,166,168,173,177,183,184,188,189,192,199,1,127,135,67,181,147,187,46,113,120,30,105,185,191,112,58,
14to 4:7,8,9,11,12,15,17,19,26,30,38,41,42,46,47,49,53,54,55,58,59,60,63,65,68,69,74,78,80,83,85,88,94,97,98,102,105,107,109,116,117,119,120,122,125,136,137,139,141,145,146,147,149,153,156,157,159,165,166,174,177,178,180,182,194,195,198,199,200,130,127,135,87,67,164,181,44,132,196,95,113,100,101,183,191,92,112,
14to 5:8,9,11,12,14,15,17,24,26,28,31,39,41,43,51,55,60,69,77,78,80,88,90,97,103,106,107,109,119,120,125,127,131,134,135,136,141,149,151,153,156,157,161,166,167,169,175,178,180,183,188,191,192,195,198,117,182,99,130,87,93,35,45,196,46,95,101,30,193,185,194,92,58,
14to 6:5,6,7,8,9,11,17,19,20,24,31,41,44,48,49,52,58,61,67,69,74,76,78,85,92,103,104,109,115,119,122,125,127,136,139,146,148,149,153,159,163,165,166,169,175,179,180,181,183,185,189,191,192,194,195,198,117,93,2,95,184,101,171,137,71,112,
14to 7:8,9,10,11,12,15,19,41,50,54,55,61,63,69,78,84,86,88,98,102,103,106,109,114,119,122,123,136,137,147,149,150,153,156,161,164,165,168,169,175,178,184,186,188,194,195,200,117,1,87,45,172,95,101,30,193,171,71,47,192,112,
14to 8:6,8,9,10,12,15,19,30,43,46,47,50,55,56,64,78,81,84,85,88,92,94,98,101,106,109,114,119,122,123,125,131,138,145,149,151,163,165,168,176,179,180,181,182,183,184,186,188,193,194,199,127,111,35,172,17,187,100,171,192,
14to 9:6,12,15,19,31,32,36,41,45,47,48,49,54,55,56,58,61,69,72,80,84,85,88,94,97,98,101,102,105,107,112,114,116,123,127,138,139,141,146,150,151,153,159,161,165,167,175,176,180,181,183,189,192,194,196,198,182,130,135,64,35,172,60,46,95,26,178,171,137,
14to 10:7,8,9,11,12,14,15,17,23,30,36,39,41,46,48,54,56,58,61,65,69,80,81,83,84,92,94,98,107,112,113,114,116,127,147,159,160,161,163,165,168,169,173,175,176,178,180,184,185,191,192,195,198,199,1,115,133,18,67,60,132,187,103,105,137,188,
14to 11:6,7,9,11,17,19,23,28,30,31,38,39,44,46,47,49,55,58,59,60,65,67,77,78,86,92,94,95,99,101,105,114,119,120,122,123,131,139,146,147,153,159,163,169,178,184,186,188,189,194,199,125,64,35,45,187,196,37,183,193,191,71,192,165,
14to 12:7,10,11,12,19,24,31,32,41,46,48,49,51,53,54,58,59,60,62,63,69,78,80,84,86,88,90,92,94,98,106,109,110,112,113,117,119,123,130,131,138,146,147,151,153,156,166,167,183,184,185,186,191,194,198,111,181,45,187,178,30,38,77,192,
14to 13:6,7,8,11,12,14,17,20,30,34,41,42,45,47,48,55,56,60,61,69,76,84,94,98,106,109,113,114,116,120,121,122,123,134,136,138,141,146,147,153,156,157,158,159,165,166,179,180,183,184,186,191,192,193,194,198,199,117,4,115,172,44,46,100,26,105,171,
14to 14:
14to 15:2,5,7,9,11,14,19,20,24,26,30,32,36,42,45,47,48,49,54,55,56,58,72,79,85,86,90,92,95,101,102,104,106,107,112,119,122,123,136,138,151,157,159,161,163,169,171,176,178,180,182,188,191,192,194,195,199,117,130,87,172,44,120,184,100,37,183,137,185,22,
15to 1:2,10,11,15,17,19,32,34,39,41,43,45,54,55,56,58,61,65,72,82,86,88,90,92,94,95,101,108,110,111,114,119,123,132,135,137,140,143,144,146,153,154,156,157,159,162,166,167,168,169,172,173,175,176,182,183,186,189,191,194,195,196,57,97,93,147,120,37,83,161,71,138,47,
15to 2:10,19,22,35,39,42,43,52,56,58,61,65,66,68,83,85,86,87,88,90,95,108,110,114,116,119,123,126,132,139,144,146,151,154,156,160,165,168,170,171,172,174,181,182,192,193,195,197,199,89,4,104,48,16,97,50,36,96,45,196,103,100,71,47,
15to 3:8,9,10,14,20,27,35,39,41,42,44,58,60,61,65,72,73,77,85,90,92,103,105,106,111,113,114,116,120,122,123,128,129,130,131,132,135,136,137,138,143,144,160,165,168,169,170,171,172,178,183,186,4,57,104,80,93,23,31,45,146,46,101,11,78,185,71,112,
15to 4:2,10,11,17,18,19,22,26,27,35,42,46,47,55,56,58,65,66,68,70,73,83,87,88,92,94,95,107,108,111,112,113,114,120,122,128,131,132,140,144,145,147,151,157,159,160,162,165,171,172,176,178,180,181,182,186,189,194,196,198,199,127,84,97,25,50,179,45,146,156,78,138,
15to 5:5,9,15,20,25,26,28,30,36,39,43,45,55,58,75,90,93,94,101,102,105,107,110,112,117,120,123,128,130,136,137,139,144,148,149,154,157,158,160,161,166,168,169,172,174,178,180,182,183,185,190,192,196,197,199,57,104,79,97,50,95,156,184,14,37,11,122,78,61,71,92,
15to 6:2,5,7,8,14,17,20,25,28,33,36,38,41,42,44,46,47,56,58,59,61,64,72,77,78,79,86,87,93,95,96,100,107,110,119,123,126,128,129,131,134,136,139,140,144,148,151,154,156,162,165,168,169,170,174,175,176,178,180,183,184,186,187,193,197,89,4,48,84,97,179,23,146,120,26,98,122,138,92,112,
15to 7:8,15,17,19,20,24,25,35,37,38,39,42,45,46,48,54,55,56,58,63,79,80,82,92,96,102,111,116,122,123,126,128,129,132,136,137,139,144,145,146,147,149,154,158,160,161,162,163,165,170,174,175,177,181,183,184,186,189,190,193,194,199,4,127,200,97,93,9,103,156,26,11,114,10,78,185,138,112,
15to 8:2,5,8,11,26,27,30,39,42,43,45,48,50,55,58,63,72,85,87,88,92,94,95,100,102,108,114,123,126,132,138,139,140,144,145,146,149,151,154,157,160,169,173,174,181,182,183,186,193,194,198,199,57,84,97,179,31,9,166,105,83,56,10,191,71,170,
15to 9:15,19,21,25,26,27,30,33,35,36,38,46,47,48,50,55,63,70,72,77,82,88,91,96,100,110,112,114,123,126,128,137,139,144,145,146,159,163,165,173,174,177,178,182,183,189,199,104,80,200,84,97,106,23,45,102,103,95,98,11,197,161,10,71,138,
15to 10:2,5,8,15,17,25,36,39,44,47,50,54,56,58,63,64,71,72,78,83,88,92,95,96,100,102,105,107,108,111,113,114,117,119,123,126,129,130,131,136,137,138,139,140,142,144,147,148,153,158,159,161,162,163,169,170,171,172,174,183,184,185,186,188,199,97,93,31,156,120,14,37,
15to 11:10,11,15,20,26,39,45,46,58,68,74,77,78,79,86,88,94,96,103,107,111,114,119,120,122,123,126,131,132,137,138,142,143,145,146,149,159,161,162,169,178,186,190,191,193,199,179,72,90,9,147,95,156,83,71,47,92,
15to 12:7,10,13,14,20,26,27,30,32,36,39,41,42,45,46,54,55,58,63,65,71,73,77,78,79,86,90,92,94,96,100,101,105,110,113,116,117,128,130,132,133,134,136,139,142,145,147,153,156,157,159,161,162,163,171,177,178,183,184,185,194,199,102,9,146,37,56,138,160,
15to 13:2,7,8,9,10,11,20,24,25,26,32,33,34,39,41,42,47,55,58,67,73,87,92,94,95,100,101,105,108,113,114,116,120,126,128,131,132,137,138,140,142,145,153,156,157,158,159,160,162,165,170,173,181,183,185,186,189,192,193,194,195,57,124,50,93,179,45,102,146,184,98,83,56,71,
15to 14:2,8,10,17,28,30,35,38,41,50,52,55,56,58,60,78,80,83,86,94,95,97,100,105,107,110,119,120,123,132,134,136,137,139,145,146,153,159,161,165,169,171,174,175,176,181,182,183,184,187,192,193,194,195,198,104,48,127,135,84,106,9,147,103,98,14,11,185,191,61,138,92,112,
15to 15:

cell1:14,11,6,12,2,15,9,3,8,4,7,13,10,5,
cell2:13,15,1,12,4,8,7,3,11,6,5,14,9,10,
cell3:6,4,12,5,9,14,15,10,1,7,8,11,13,2,
cell4:7,9,14,10,11,12,8,6,5,1,15,2,3,13,
cell5:11,6,13,9,12,2,7,4,8,14,10,15,3,1,
cell6:9,1,2,10,13,8,12,3,7,11,15,14,5,4,
cell7:12,13,5,8,3,11,10,14,1,6,15,9,2,4,
cell8:1,6,3,12,2,11,13,9,5,7,14,10,15,4,
cell9:4,6,10,8,12,14,13,15,1,2,7,5,3,11,
cell10:2,1,7,12,3,15,8,13,14,6,4,5,11,9,
cell11:1,12,2,9,10,8,15,5,3,6,13,14,7,4,
cell12:15,6,14,13,8,5,1,9,2,3,7,10,4,11,
cell13:8,9,6,11,1,14,4,5,3,7,12,15,2,10,
cell14:10,13,9,5,4,2,8,15,3,6,7,1,12,11,
cell15:2,4,3,6,13,9,10,14,5,8,7,1,11,12,
