machine1:0,121,147,119,17,165,192,58,22,78,61,122,15,101,47,105,41,137,168,8,12,114,95,82,26,98,194,157,174,195,54,72,83,43,186,30,171,144,35,175,86,152,156,45,180,199,33,6,158,150,56,181,129,123,55,111,200,169,166,50,36,125,160,3,77,28,99,1,29,64,154,
machine2:0,121,147,109,119,148,112,85,165,192,58,170,22,108,197,198,94,15,110,168,141,12,114,95,153,11,82,194,189,44,49,73,193,20,54,146,72,83,19,186,30,60,42,175,187,86,120,156,2,102,162,6,126,37,56,38,34,132,55,151,200,113,169,166,149,7,133,118,18,142,68,182,1,124,64,154,
machine3:0,119,128,17,188,148,85,165,192,170,108,191,185,61,27,10,138,93,105,110,41,168,141,95,92,69,82,194,189,195,73,161,193,116,51,30,173,144,140,172,59,127,175,184,115,86,156,2,163,65,33,16,97,123,132,55,151,200,113,169,167,7,76,135,160,53,77,28,182,24,48,29,52,32,176,
machine4:0,109,119,31,128,17,22,21,197,185,107,122,94,138,47,110,137,8,92,69,26,189,103,183,161,20,72,116,70,19,51,43,9,171,145,42,59,120,159,71,65,90,88,37,74,123,67,132,134,164,166,131,57,167,36,190,135,160,106,84,118,77,91,79,124,143,32,154,
machine5:0,147,109,17,148,58,178,170,191,78,198,94,15,101,105,41,168,141,8,114,92,69,153,11,98,174,195,196,103,49,161,83,19,9,171,60,144,140,35,86,2,159,66,163,65,90,180,199,37,23,129,74,123,139,34,132,134,111,200,62,167,76,190,39,133,100,28,89,63,75,
machine6:0,109,119,165,178,170,22,197,198,185,107,27,10,136,141,8,12,153,26,157,196,44,14,49,46,183,146,116,43,173,60,145,144,42,127,115,187,86,156,2,33,96,38,74,132,55,151,179,50,135,100,81,68,155,52,143,176,
machine7:0,147,31,188,192,178,108,21,191,61,122,138,47,105,110,141,12,114,95,69,153,11,82,189,46,183,73,161,20,83,171,60,140,172,42,35,175,120,156,66,102,65,158,150,97,56,38,129,123,55,111,151,164,169,166,149,62,7,125,190,39,84,28,68,89,29,13,52,176,154,
machine8:0,121,109,119,128,17,188,85,165,58,108,197,78,185,61,107,122,94,15,138,110,137,8,114,92,153,11,26,157,174,189,195,14,193,116,70,19,51,30,173,59,187,86,120,163,88,199,33,6,126,16,56,181,23,96,38,139,132,166,131,167,7,160,100,89,48,13,143,154,
machine9:0,119,31,108,191,198,185,61,107,122,10,15,138,101,105,41,168,12,69,98,174,196,103,183,73,161,193,146,43,9,186,30,171,144,42,35,87,187,86,159,45,66,90,180,33,126,150,38,139,164,113,62,4,106,133,80,99,182,155,13,52,176,
machine10:0,119,128,17,148,22,108,21,198,61,10,15,47,110,41,137,141,8,92,69,11,82,189,196,73,54,72,19,51,43,186,30,145,144,42,35,175,184,115,86,120,45,66,102,71,90,199,33,158,97,181,123,55,200,164,166,50,167,7,4,135,117,77,18,142,68,1,24,104,75,
machine11:0,121,119,188,165,58,178,170,22,197,27,122,94,15,138,47,110,41,137,141,8,95,11,98,195,196,14,103,46,161,146,43,144,127,87,2,159,163,71,162,199,158,126,150,37,97,56,23,96,74,113,166,131,36,125,39,106,100,53,68,182,24,63,154,
machine12:0,121,177,147,119,31,128,188,148,112,85,192,58,178,170,22,108,21,197,191,78,198,185,107,27,122,10,94,138,93,101,47,105,110,136,41,137,168,141,8,12,95,92,69,11,26,98,194,157,189,196,44,14,103,49,46,183,193,20,54,146,72,83,70,19,43,9,186,30,171,173,60,144,140,172,42,59,35,127,175,187,120,152,156,159,45,66,102,65,90,180,88,199,33,6,158,150,37,56,181,23,38,129,74,123,67,139,111,164,113,169,166,25,131,57,62,36,125,4,130,190,135,39,160,106,133,100,84,53,81,77,28,68,1,91,104,63,29,124,40,143,32,64,
machine13:0,147,109,119,31,128,17,148,112,85,165,192,58,170,22,108,21,197,191,78,185,61,107,27,122,10,15,138,93,101,105,110,136,137,168,141,8,12,114,95,92,69,153,11,98,194,157,174,189,195,196,44,14,49,46,183,73,161,193,20,54,72,116,83,19,43,186,171,173,60,145,144,42,59,35,127,184,115,86,152,156,2,159,66,163,71,65,90,162,88,199,158,150,37,97,181,23,129,123,67,132,134,55,111,179,164,113,169,166,50,131,57,62,167,7,125,130,190,135,39,160,106,100,118,80,77,142,68,1,155,24,79,63,13,52,143,32,5,
machine14:0,177,109,119,31,128,17,188,148,112,85,165,192,58,178,170,22,108,21,197,191,78,107,27,10,94,15,138,101,47,136,41,137,168,141,8,12,114,95,92,69,153,11,82,26,194,157,174,189,195,196,44,49,46,183,73,161,146,116,83,70,19,43,186,30,171,173,145,144,140,42,59,35,175,87,115,120,152,156,159,45,102,65,90,162,180,88,199,158,126,150,37,97,56,181,23,38,74,123,67,132,134,55,111,151,200,179,164,113,169,166,25,50,131,57,149,167,7,125,130,76,39,160,133,100,84,53,80,117,18,142,182,63,13,124,40,32,
machine15:0,121,147,109,119,31,17,188,112,85,192,58,178,170,22,108,197,191,78,198,107,27,122,10,94,15,138,101,47,105,110,136,41,137,168,141,8,12,114,95,92,69,153,11,98,194,157,174,189,195,44,14,46,183,73,161,193,20,54,72,116,83,70,19,9,186,30,173,60,145,144,140,172,42,59,35,127,87,120,152,156,2,159,66,102,71,65,180,88,199,33,158,56,181,38,74,67,139,55,111,151,113,169,166,62,167,7,125,135,160,106,100,118,80,18,142,68,155,91,79,29,124,40,176,5,
machine16:0,147,109,119,31,17,148,85,165,192,58,178,170,22,108,21,197,191,78,185,61,107,122,94,15,138,93,101,105,110,136,137,168,8,12,114,95,92,69,153,11,82,26,98,194,157,174,196,44,14,103,46,20,54,116,83,70,51,43,30,173,60,144,140,172,86,159,66,102,71,65,90,180,33,158,126,37,23,38,129,74,123,139,132,134,55,151,113,169,50,131,36,125,130,190,39,160,106,133,53,77,28,18,99,142,91,79,13,124,40,5,75,
machine17:0,121,119,31,188,192,58,178,170,22,108,197,198,185,61,107,27,122,10,94,15,93,101,105,110,136,41,137,95,92,69,153,11,157,195,44,46,183,161,193,54,146,116,83,70,19,43,9,186,30,60,140,172,42,35,175,87,184,187,120,156,45,163,71,65,90,180,88,199,158,126,150,56,181,96,129,123,139,34,134,55,179,169,166,50,149,167,36,125,135,39,160,106,100,118,53,117,77,18,99,182,24,104,79,40,5,154,75,
machine18:0,121,109,119,31,128,188,112,165,192,58,178,170,108,197,191,78,198,185,61,107,27,10,15,93,101,110,136,41,137,168,141,8,114,95,92,153,11,82,26,194,157,174,189,195,196,14,103,46,183,161,193,72,51,43,9,186,30,145,144,140,59,35,127,120,152,156,45,65,90,88,199,33,6,158,150,16,37,97,56,181,38,129,74,123,139,134,151,113,166,25,50,57,149,130,190,160,100,80,117,77,28,18,1,91,104,29,124,40,154,
machine19:0,147,109,119,17,188,148,112,85,165,192,58,178,170,22,108,21,197,191,78,198,185,61,107,27,122,94,138,93,47,105,136,41,168,8,12,95,92,153,11,82,98,194,157,174,189,195,44,14,103,46,183,73,161,193,54,146,72,116,19,51,9,186,171,60,145,144,42,59,35,175,87,184,115,187,86,152,156,2,159,66,71,162,180,88,33,6,126,150,16,37,97,56,181,23,38,129,74,123,67,139,151,179,169,166,131,57,149,62,167,36,7,125,4,130,76,135,39,160,100,84,53,80,3,117,77,18,68,1,24,91,89,48,13,124,32,5,64,75,
machine20:0,121,109,119,31,128,17,188,148,112,85,165,192,58,178,170,22,108,21,191,78,198,122,10,94,15,138,101,47,105,110,136,41,137,168,8,12,114,95,92,69,153,11,82,26,194,157,174,189,195,196,14,103,49,46,183,193,20,146,72,116,70,51,9,186,30,171,173,60,145,144,140,172,59,127,175,87,184,120,152,156,159,45,66,163,65,90,180,88,6,158,126,150,97,56,181,96,38,129,74,134,55,151,179,164,113,166,25,62,167,36,7,125,4,190,39,160,100,53,77,28,182,155,91,104,79,48,29,13,124,52,40,32,176,154,75,
machine21:0,121,177,147,109,119,31,128,17,188,148,112,85,165,192,58,178,170,108,21,197,191,78,198,185,61,107,27,122,10,94,15,138,93,101,47,105,110,136,41,137,168,141,8,12,114,95,92,69,153,11,82,26,98,194,157,174,189,195,196,44,14,103,49,46,183,73,161,193,20,54,146,72,116,83,70,19,51,43,9,186,30,171,173,60,145,144,140,172,42,59,35,127,175,87,184,115,187,86,120,152,156,159,45,66,102,163,71,65,162,180,88,199,33,6,158,126,150,16,37,97,56,181,23,96,38,129,74,123,67,139,34,132,55,111,151,200,164,113,169,166,25,50,131,57,149,62,36,7,125,4,76,190,39,160,106,100,84,118,80,117,81,77,18,99,142,68,182,1,155,24,104,79,63,48,13,124,40,32,5,64,154,
machine22:0,121,109,119,31,128,17,188,148,85,165,192,58,178,170,22,108,21,197,191,78,198,185,61,107,27,122,10,94,15,138,93,101,47,105,110,136,41,137,168,141,8,12,114,95,92,69,153,11,82,26,98,194,157,174,189,195,196,14,103,49,46,183,73,161,193,20,54,146,72,83,19,51,43,9,186,30,171,173,60,145,144,140,172,42,59,35,127,175,87,184,115,187,120,152,2,159,45,66,102,163,71,65,90,162,180,88,199,33,6,158,126,150,16,37,97,56,181,23,96,38,129,74,123,139,34,132,134,55,111,151,179,164,169,166,25,50,131,57,149,62,167,7,125,4,130,76,190,135,39,160,106,100,84,118,80,3,117,81,77,28,18,99,182,1,104,63,48,29,124,52,40,176,5,64,154,75,
machine23:0,121,119,31,128,17,148,85,192,58,170,108,197,191,198,61,107,27,15,138,47,105,110,41,137,168,141,12,114,95,69,153,11,82,26,98,157,189,14,103,46,183,161,20,54,146,116,70,19,30,171,60,145,140,172,59,35,175,87,187,120,152,156,45,71,90,88,158,150,16,37,56,23,96,38,129,111,151,113,25,57,62,167,76,190,84,53,77,28,155,63,32,176,
machine24:0,121,177,147,119,31,188,148,112,85,165,108,21,197,191,198,61,27,10,94,15,138,93,101,47,136,41,137,141,114,95,69,153,11,82,26,98,194,157,189,44,49,46,183,73,193,54,146,83,19,43,9,186,171,173,145,144,140,172,59,35,175,115,187,86,120,156,2,159,45,66,102,163,71,65,90,180,88,199,33,6,158,150,97,56,96,38,129,123,67,34,134,55,111,200,179,164,25,50,167,36,7,130,135,39,160,106,84,53,117,77,28,68,182,104,89,63,48,40,176,64,75,
machine25:0,177,109,119,128,112,165,192,58,178,170,21,197,198,185,27,94,15,138,93,105,110,136,41,168,141,12,114,95,92,153,11,98,194,174,195,196,103,49,183,73,161,193,20,54,146,72,19,186,60,145,144,140,35,127,175,87,187,120,159,102,163,71,180,88,199,33,6,158,126,150,181,38,129,139,34,111,151,200,113,166,50,131,167,125,190,133,100,84,80,77,182,1,91,104,79,63,32,176,154,
machine26:0,121,188,112,85,165,192,178,108,191,78,198,185,61,107,10,94,138,93,47,105,41,137,8,92,69,153,11,82,98,194,174,195,196,44,14,103,49,183,161,20,54,83,43,9,186,60,144,140,86,159,102,163,71,180,88,199,158,126,37,97,56,23,74,123,67,151,164,113,169,25,50,131,149,7,39,160,100,84,53,117,81,77,142,1,24,104,
machine27:0,121,147,119,31,17,188,148,165,58,170,22,108,191,185,61,107,122,94,15,138,110,137,141,8,92,69,153,11,26,194,196,46,161,193,20,72,116,70,43,30,171,42,175,87,184,115,187,86,120,156,159,71,65,90,162,180,199,6,158,126,16,56,96,129,67,139,111,179,25,131,167,36,7,130,76,39,100,18,68,155,104,89,48,124,52,154,
machine28:0,119,128,17,188,148,165,192,58,170,22,108,21,197,185,107,94,15,138,47,105,110,136,168,8,12,114,92,69,153,82,26,98,157,174,44,103,183,193,20,54,146,116,83,43,30,171,173,60,144,140,172,35,120,156,2,163,71,88,199,37,181,23,129,74,67,139,55,151,113,50,149,62,167,36,39,160,106,133,118,80,117,77,18,142,63,143,176,5,75,
machine29:0,147,119,31,128,17,188,112,165,192,58,170,197,78,198,185,107,27,15,105,110,41,137,168,141,8,95,69,153,98,195,14,46,183,73,193,54,146,72,43,9,186,30,173,140,172,42,127,87,120,156,159,66,102,71,65,162,180,88,199,6,158,126,16,37,23,96,38,129,123,34,132,134,200,179,113,169,131,57,62,76,190,39,106,100,84,53,81,68,1,48,52,5,64,
machine30:0,147,119,31,17,188,112,85,192,58,178,170,108,21,197,191,198,185,61,10,138,93,47,105,12,114,92,11,26,157,189,195,44,49,183,73,193,54,146,72,116,83,19,9,186,30,171,144,172,59,175,87,184,187,86,45,71,65,180,88,199,6,126,150,37,97,38,129,67,139,55,164,169,131,149,62,125,4,39,106,118,77,28,99,142,182,79,63,48,13,143,176,154,
machine31:0,109,119,112,165,58,178,108,21,191,78,107,27,10,94,101,47,110,136,137,12,95,92,69,153,82,26,98,194,157,174,189,196,44,103,161,193,20,72,19,9,173,60,42,59,35,115,86,120,152,66,102,71,90,162,88,199,158,56,23,96,38,74,67,55,111,200,179,169,166,131,149,62,36,39,160,100,118,3,117,77,68,79,29,13,124,143,64,
machine32:0,119,31,128,188,112,58,191,78,198,185,61,107,27,122,10,94,15,138,137,168,8,12,95,92,11,26,98,157,195,196,44,103,46,183,73,161,193,20,54,146,72,116,70,43,30,145,144,59,35,184,187,86,156,159,66,163,71,65,90,88,199,126,37,56,129,74,123,132,179,164,169,36,125,76,39,133,53,28,99,142,68,79,124,75,
machine33:0,109,119,128,188,192,58,178,22,108,191,78,185,107,27,10,15,138,93,105,137,141,8,114,153,11,82,98,194,157,189,196,103,49,46,161,193,20,116,83,9,186,173,60,144,140,172,59,187,45,163,65,180,199,6,158,96,129,74,123,67,139,134,151,164,131,57,7,76,190,39,160,84,77,18,142,1,13,52,64,
machine34:0,147,109,119,31,165,178,170,78,27,94,138,93,47,110,41,168,141,92,69,11,26,98,194,174,189,14,183,161,54,116,83,70,51,43,9,30,171,60,144,140,172,42,59,175,86,156,45,66,102,163,71,65,90,180,158,16,37,56,96,129,67,132,55,111,151,200,179,113,169,166,25,36,7,39,160,106,100,84,118,117,77,28,68,1,24,63,13,32,176,5,
machine35:0,147,109,119,31,128,17,112,85,165,22,108,197,191,78,198,61,107,10,94,15,101,105,110,136,41,168,141,8,12,114,92,153,11,26,98,174,195,196,44,103,46,183,73,20,54,146,72,43,30,145,144,35,87,184,120,156,45,102,163,71,162,88,33,158,150,37,97,56,181,96,123,67,139,132,200,113,167,7,125,4,130,190,160,53,117,77,68,182,63,13,40,32,75,
machine36:0,147,109,128,17,188,85,165,192,58,178,21,197,191,198,185,107,27,122,10,94,15,93,101,47,105,110,41,168,141,8,95,92,69,153,11,82,194,157,189,195,196,49,46,183,73,193,146,83,43,30,60,145,144,140,172,42,175,184,115,187,86,120,156,2,159,66,162,88,199,33,158,16,181,38,129,74,132,151,164,113,169,149,167,36,130,39,106,133,118,53,80,3,77,79,48,124,176,
machine37:0,177,109,119,188,148,178,170,22,191,198,185,61,27,122,10,94,105,110,136,41,95,92,69,153,82,194,189,14,103,46,183,73,20,54,146,70,19,51,43,186,144,59,35,187,152,156,2,159,71,65,180,199,33,158,37,96,38,74,123,34,134,200,164,113,169,166,131,57,62,167,7,76,160,106,133,100,53,77,28,142,68,104,89,63,13,124,
machine38:0,177,109,119,128,188,148,85,178,170,22,108,21,78,198,185,107,27,122,10,94,138,93,47,110,136,41,137,141,8,114,95,92,153,11,26,98,194,174,189,196,44,46,183,20,54,116,83,9,186,171,60,145,140,175,87,86,156,45,66,71,65,180,6,158,16,181,96,74,67,132,55,111,179,164,166,50,57,149,62,167,160,106,100,84,118,77,142,68,182,104,13,52,5,
machine39:0,119,128,17,188,148,85,165,192,170,22,108,21,197,191,78,61,27,10,94,15,138,93,101,47,110,41,137,141,8,114,95,69,82,98,194,157,189,195,14,46,183,193,146,116,83,70,9,30,171,173,60,145,140,172,59,87,184,120,156,159,45,66,102,180,199,33,158,126,150,37,56,181,23,129,74,123,67,132,55,111,151,113,131,57,149,7,160,106,81,18,155,24,48,29,124,5,64,
machine40:0,147,128,17,188,148,165,192,58,22,197,198,61,122,15,138,93,101,47,136,41,137,141,8,12,95,11,26,98,157,189,103,73,20,116,19,43,186,30,60,145,42,59,35,127,87,184,115,120,156,159,45,66,71,65,180,199,158,126,23,129,74,123,134,151,179,113,169,25,57,167,36,7,4,190,53,117,28,68,32,5,
machine41:0,121,177,147,31,17,188,85,58,170,22,108,197,78,198,122,10,94,15,93,105,136,41,168,12,114,92,69,153,11,82,98,194,157,174,189,195,49,183,193,20,54,116,19,43,186,173,60,172,42,175,187,120,156,2,66,163,65,162,180,88,6,126,16,37,56,181,23,96,129,123,139,34,134,111,113,169,50,62,7,4,76,39,100,84,118,80,117,77,18,142,63,29,
machine42:0,177,147,109,17,188,165,58,178,191,78,185,61,122,94,101,41,8,12,114,69,11,26,98,157,44,14,103,20,54,116,83,43,9,30,171,60,145,144,42,59,175,184,86,156,45,90,180,88,199,33,6,56,181,74,67,139,132,111,200,164,169,57,62,7,125,130,76,135,84,53,80,117,28,99,24,89,48,32,64,
machine43:0,147,109,119,31,17,188,148,112,85,192,58,178,198,185,107,122,10,94,138,93,101,47,110,41,137,168,141,95,92,69,153,11,98,194,174,196,103,46,183,161,193,54,146,72,116,83,19,51,9,186,60,140,42,127,175,184,187,86,120,156,2,159,45,102,71,180,88,199,181,23,123,139,34,134,179,169,166,131,62,36,4,135,39,106,133,100,77,18,1,24,176,64,
machine44:0,121,177,147,119,112,85,165,192,58,178,170,191,78,198,61,107,15,138,101,47,105,110,136,41,168,141,8,95,69,153,11,26,174,189,195,14,103,49,46,83,19,9,30,171,173,172,35,175,87,115,86,120,163,65,180,88,6,158,126,150,37,97,96,38,123,132,134,55,151,179,164,166,50,149,125,130,76,190,135,39,160,84,80,3,117,81,77,99,68,182,104,63,48,52,176,
machine45:0,109,119,31,17,188,112,165,192,58,178,22,191,78,198,61,107,122,10,94,15,105,136,41,168,8,12,92,153,11,82,98,194,195,196,44,14,103,49,46,183,161,193,146,19,173,59,127,184,115,187,159,33,6,150,56,181,38,123,139,134,55,151,113,166,131,149,167,7,106,84,3,77,28,182,1,79,48,32,5,
machine46:0,128,17,112,165,192,58,178,108,21,61,27,10,94,136,137,8,92,11,82,26,194,195,14,183,73,193,146,72,116,30,171,173,145,144,140,172,35,175,184,187,120,2,159,45,90,162,88,158,126,37,97,96,123,132,169,166,25,131,160,106,133,100,77,28,79,32,64,75,
machine47:0,147,128,148,112,192,58,178,197,191,185,61,122,10,94,15,138,101,47,110,137,114,95,92,153,11,98,157,14,103,46,20,146,72,83,70,19,43,9,145,144,35,120,45,102,163,71,65,90,180,158,16,37,97,56,181,96,129,139,34,132,55,151,179,50,57,7,4,130,190,39,160,100,77,28,182,79,48,124,52,5,
machine48:0,17,188,112,85,165,58,178,170,108,197,198,61,107,122,10,15,138,47,105,110,41,137,168,95,92,26,194,174,196,44,49,183,161,193,54,83,70,9,186,172,42,127,87,184,187,156,2,163,71,65,90,162,199,126,97,56,23,129,74,67,134,111,151,200,179,169,131,149,130,135,39,100,84,118,117,18,142,91,104,89,13,32,
machine49:0,147,119,128,188,148,165,58,170,22,108,191,78,107,122,10,138,101,47,105,137,114,92,153,11,82,157,189,195,44,103,183,161,146,72,116,19,186,30,60,145,42,59,184,86,156,66,102,71,90,33,126,97,96,38,139,132,134,55,166,25,50,149,167,36,7,135,39,160,142,68,104,48,13,143,176,
machine50:0,177,119,31,148,112,85,165,170,191,78,185,61,10,94,138,93,47,105,41,137,114,95,92,194,157,189,196,14,183,161,20,146,83,19,9,30,173,140,172,87,184,120,2,45,102,88,199,16,37,56,181,123,139,132,55,111,200,113,25,57,36,106,100,80,182,24,63,48,64,154,

1to 1:
1to 2:23,29,30,37,42,47,48,53,55,56,61,65,66,69,94,95,97,98,109,114,115,116,119,121,123,125,131,133,141,148,156,157,158,166,167,176,185,193,196,1,8,12,15,18,19,22,31,43,68,72,82,86,103,107,110,113,120,132,138,139,144,150,154,160,164,181,183,186,189,192,197,199,89,
1to 3:12,20,22,36,37,44,49,56,64,73,88,94,108,110,111,113,116,138,140,141,142,144,160,161,166,168,180,190,191,196,199,1,23,42,43,47,58,60,63,65,67,69,72,77,86,92,122,123,128,137,150,153,156,159,167,169,175,181,186,187,189,192,125,152,
1to 4:2,7,12,15,17,19,23,27,30,35,41,55,59,65,69,74,82,83,88,101,102,110,113,116,118,123,124,135,138,141,142,144,145,159,162,168,180,181,182,193,200,11,22,26,38,42,43,58,68,70,72,85,92,94,105,107,109,119,122,126,133,137,153,160,167,170,183,189,195,29,
1to 5:1,9,15,16,23,28,30,34,41,51,54,55,57,59,61,69,71,82,88,92,93,95,98,99,101,109,110,114,129,133,134,147,148,156,161,165,166,170,186,190,12,22,26,37,43,58,77,107,108,119,120,123,128,138,153,160,163,175,184,191,192,194,197,154,91,
1to 6:9,17,20,29,32,33,35,37,41,48,49,57,66,71,74,76,82,88,92,95,98,101,109,110,115,121,138,146,147,148,154,156,160,161,162,165,167,168,180,185,189,196,2,18,28,39,42,51,69,72,77,78,86,103,108,122,139,144,150,153,163,170,171,175,181,184,193,194,197,198,152,24,91,3,
1to 7:11,12,15,17,21,27,34,44,49,54,55,57,69,83,88,102,108,109,112,123,132,137,147,148,154,161,163,165,168,175,182,184,186,188,191,196,199,200,26,33,36,38,43,45,58,62,65,67,68,78,86,103,105,119,122,139,140,144,149,156,164,171,181,189,193,194,197,198,
1to 8:9,11,12,20,21,30,34,42,47,49,54,64,69,71,83,94,98,99,101,109,110,114,122,124,131,148,162,165,168,170,173,182,190,199,6,15,28,33,56,58,62,65,73,76,82,85,144,153,154,159,163,166,169,172,175,181,189,193,194,
1to 9:9,11,17,19,20,27,28,35,39,41,53,54,56,58,59,72,82,83,86,93,98,101,102,106,113,116,119,121,134,141,148,158,159,161,163,176,199,200,12,15,16,31,37,38,47,60,63,70,77,105,107,111,120,123,129,137,153,156,164,170,171,174,175,183,186,198,125,
1to 10:8,9,12,15,17,20,21,27,30,34,42,56,58,61,65,69,86,88,94,100,110,113,114,121,123,128,134,138,148,151,156,158,159,161,162,165,168,176,180,185,186,190,191,196,199,200,1,7,11,22,31,37,60,62,68,71,72,82,92,103,107,119,120,124,153,169,170,172,175,192,198,
1to 11:6,7,11,20,28,30,35,37,44,49,54,55,58,59,66,76,82,83,88,90,93,109,118,122,125,131,137,151,157,159,161,162,192,200,8,17,22,26,36,38,43,45,62,63,65,71,72,77,86,92,94,103,108,119,138,150,163,169,171,172,180,183,193,198,199,152,3,
1to 12:2,17,21,30,41,51,78,86,88,93,98,110,113,116,118,119,124,131,138,145,147,157,161,162,163,165,180,185,198,200,7,8,15,37,43,53,55,58,63,69,71,77,82,92,94,105,107,120,132,144,153,156,164,169,181,183,189,191,195,1,89,24,
1to 13:15,17,21,29,41,54,56,66,74,77,83,93,98,100,110,113,116,118,119,122,134,141,145,148,151,153,156,158,159,163,173,181,186,193,8,11,12,22,28,37,42,43,45,47,55,58,65,67,69,85,86,94,120,123,128,138,150,160,166,167,168,170,174,180,184,192,194,197,198,199,32,
1to 14:2,7,15,35,41,47,48,49,53,59,61,78,88,93,95,98,101,106,109,113,114,115,116,119,122,135,145,151,161,175,180,181,182,185,189,193,200,17,28,31,36,43,45,55,58,60,62,64,69,71,77,86,92,94,120,123,132,133,159,166,169,171,173,184,191,195,199,1,
1to 15:2,7,17,35,41,42,45,50,58,59,74,78,79,82,86,93,95,97,100,102,110,113,122,124,132,134,137,145,148,151,161,163,166,170,178,182,185,190,192,198,23,26,28,36,38,43,47,55,56,63,70,72,77,92,103,107,108,114,120,138,139,144,156,160,165,169,171,183,191,194,154,91,32,24,89,
2to 1:2,7,8,11,15,24,26,30,35,42,56,58,59,60,61,72,74,82,84,102,110,115,122,123,137,139,150,151,153,167,173,181,182,183,184,185,190,199,1,12,17,21,22,28,36,41,45,51,62,63,71,86,98,103,107,108,114,119,120,126,128,132,154,156,157,162,163,166,170,172,174,189,
2to 2:
2to 3:4,10,12,14,20,22,24,30,42,43,46,49,50,58,60,61,65,66,68,72,73,80,81,85,92,98,102,103,105,106,107,109,125,139,141,148,150,156,164,171,173,186,187,6,8,15,17,19,31,35,36,38,41,69,95,100,108,111,116,119,122,123,137,144,160,162,163,167,197,199,1,
2to 4:11,22,27,35,42,43,47,53,54,55,58,66,73,74,78,83,87,88,94,95,109,117,120,122,131,133,135,138,140,141,149,150,153,158,164,167,168,171,182,186,191,195,7,14,15,17,19,21,30,38,62,68,69,85,100,102,105,108,113,114,132,139,146,157,174,178,189,192,197,198,162,
2to 5:15,23,24,41,43,50,55,69,74,78,82,88,94,95,99,106,108,110,113,116,117,120,121,123,137,138,139,140,148,149,150,158,174,184,193,195,197,199,11,28,30,31,33,44,46,61,96,103,107,109,114,119,144,151,154,157,161,166,170,172,178,183,185,192,196,
2to 6:4,11,12,19,20,22,24,30,33,41,42,55,56,58,59,60,61,72,77,82,89,95,97,104,105,109,110,116,119,120,122,123,131,138,147,148,150,158,168,178,179,181,182,184,186,195,197,8,14,15,16,21,27,31,36,38,45,52,62,100,103,113,114,126,136,144,146,154,156,165,166,174,185,196,198,
2to 7:4,7,10,15,23,26,27,30,38,39,41,43,49,56,59,61,65,69,78,80,85,86,88,94,97,104,105,107,108,110,115,121,140,142,144,149,156,158,159,164,174,178,182,186,188,190,191,198,200,11,14,17,33,51,63,68,70,102,103,114,119,123,126,131,132,137,141,150,151,157,161,162,163,189,193,195,196,199,1,
2to 8:8,15,22,26,39,43,47,49,52,56,62,65,71,72,73,77,82,85,87,97,107,122,138,139,144,154,158,164,168,173,176,181,186,191,198,2,9,11,14,16,17,18,33,38,46,51,63,69,95,98,100,108,109,119,120,137,163,165,174,183,193,197,199,
2to 9:12,15,21,27,43,46,47,50,61,69,71,73,82,98,103,106,110,125,128,140,145,151,153,156,159,175,176,178,181,182,183,190,197,200,11,19,28,31,38,45,48,55,85,86,96,102,108,113,141,146,161,165,174,185,187,189,195,196,198,199,
2to 10:8,15,17,22,27,39,43,50,55,58,66,69,72,77,78,85,88,92,95,97,100,102,106,107,115,120,129,139,142,143,153,158,164,171,173,178,186,188,191,197,16,18,30,37,47,61,68,86,103,108,119,126,128,132,137,138,141,144,165,174,183,185,196,198,199,1,48,155,
2to 11:10,15,22,26,35,38,39,43,49,55,58,59,61,65,71,72,75,77,78,82,84,86,90,92,103,107,120,129,141,142,145,146,161,164,166,169,176,178,186,197,198,7,11,12,13,18,28,31,36,46,85,100,109,116,119,126,136,137,138,139,154,188,193,195,196,143,
2to 12:2,4,8,10,13,22,24,27,43,51,53,58,73,85,86,87,89,94,104,105,108,109,113,117,139,151,153,158,161,164,169,171,176,199,7,11,14,15,16,31,33,36,38,68,69,95,97,98,110,123,141,144,156,167,174,183,185,188,189,196,198,
2to 13:4,10,20,22,23,41,42,43,47,61,65,68,73,94,95,106,108,110,113,114,115,117,119,120,122,123,131,137,138,141,145,153,158,164,171,173,181,183,184,186,188,190,198,2,6,8,9,11,15,16,21,28,33,46,62,66,98,100,126,151,156,157,167,189,197,
2to 14:4,8,14,22,24,26,38,41,42,43,49,51,52,56,58,59,60,68,69,74,77,78,80,84,86,88,96,98,102,103,104,106,107,115,120,122,123,133,146,150,153,157,159,174,176,181,182,183,184,185,188,190,198,7,9,11,33,46,47,105,109,110,114,119,126,137,139,144,151,156,171,
2to 15:2,8,10,15,20,24,26,38,39,41,42,43,47,52,56,58,60,68,80,92,101,105,108,110,122,129,137,138,140,142,145,146,153,161,176,178,179,182,188,199,7,11,14,18,19,22,28,33,35,45,86,95,96,97,98,100,102,114,119,123,127,144,154,156,157,183,185,197,48,143,
3to 1:1,8,12,15,19,29,30,31,35,39,42,45,47,49,54,58,60,65,69,79,88,93,94,101,109,110,116,118,120,123,127,128,131,135,137,138,144,146,147,148,156,157,161,166,173,175,181,183,191,193,2,10,20,32,33,36,41,59,71,73,77,78,83,105,113,114,119,129,132,133,160,168,169,170,186,192,199,
3to 2:8,11,13,23,29,30,31,37,41,42,44,58,61,62,72,85,88,94,106,108,110,120,121,127,135,138,139,141,147,148,150,153,155,158,159,160,161,168,178,181,186,187,189,191,196,197,10,14,19,33,39,47,53,69,71,73,92,105,114,116,119,122,123,132,136,137,144,146,164,167,169,199,125,
3to 3:
3to 4:11,20,23,27,30,31,40,44,49,54,58,67,68,72,83,94,101,102,105,110,111,114,118,120,128,136,138,141,142,144,156,158,167,178,179,180,189,193,194,198,199,10,12,19,22,33,41,46,47,55,56,59,66,70,71,73,80,85,92,95,107,140,147,160,164,168,174,191,91,125,
3to 5:1,5,14,19,23,28,31,36,45,50,54,60,61,65,69,77,78,80,83,95,109,112,114,116,118,120,131,135,138,148,152,153,156,157,158,160,166,168,185,20,30,35,38,39,41,43,55,59,70,92,101,106,122,123,130,132,136,137,169,170,192,199,190,125,57,
3to 6:5,8,11,19,23,24,27,29,41,49,55,58,59,67,77,80,88,90,92,104,114,116,125,127,128,139,144,146,147,152,157,160,175,181,185,189,196,198,6,10,14,20,22,46,57,70,112,129,148,153,159,164,165,166,167,168,169,171,173,186,192,1,91,
3to 7:1,6,8,10,11,19,27,31,35,41,42,43,45,49,50,54,59,63,65,67,68,72,79,80,88,93,102,106,111,113,114,123,128,131,136,138,139,142,148,150,156,157,158,159,175,177,184,185,189,194,195,199,12,14,20,30,33,37,39,55,56,57,69,77,83,85,92,97,107,108,112,119,129,137,144,160,163,164,168,169,170,181,191,190,
3to 8:5,8,9,12,31,41,42,49,62,63,65,72,73,77,84,85,90,108,110,135,136,148,152,162,167,173,175,180,190,199,6,20,27,38,39,43,66,69,80,83,88,92,98,100,105,114,122,123,125,132,137,144,146,157,160,165,168,171,181,188,189,191,81,
3to 9:15,20,23,25,27,28,31,35,45,60,63,73,80,102,105,108,111,120,123,128,138,141,144,145,148,150,158,159,167,168,172,175,177,179,180,183,185,186,189,196,198,199,12,14,19,37,38,41,46,53,59,67,71,77,88,95,97,106,113,119,137,163,164,171,173,192,197,32,
3to 10:1,5,8,12,30,37,41,42,43,54,55,58,60,62,63,68,72,77,80,83,84,85,88,93,94,108,110,111,114,116,120,124,128,129,131,147,148,156,158,161,168,169,179,181,186,190,191,195,197,198,14,20,39,46,47,56,67,69,71,78,98,106,123,136,140,141,164,165,185,188,192,199,143,
3to 11:9,11,19,27,28,31,37,38,45,47,49,54,55,58,59,60,62,65,72,77,78,88,93,111,116,123,125,128,129,131,138,141,145,146,156,157,178,179,180,183,186,194,10,12,20,21,30,39,67,71,95,97,98,112,114,137,144,160,164,169,173,185,189,191,192,197,199,190,
3to 12:10,11,13,14,24,27,31,41,42,45,54,63,65,68,69,77,78,83,88,94,106,108,118,120,128,138,142,144,152,156,160,172,177,178,183,184,189,191,198,2,4,8,17,20,39,46,53,56,67,80,92,98,101,113,119,122,130,133,140,141,146,153,157,163,164,165,168,170,32,
3to 13:12,23,29,31,36,41,42,44,50,61,62,65,67,77,80,88,93,94,101,110,116,120,127,136,137,138,141,145,147,157,158,172,173,175,180,197,4,10,17,20,37,39,46,55,59,69,78,81,92,95,106,108,114,122,123,129,132,148,153,160,163,169,171,181,186,188,199,
3to 14:15,19,26,31,38,39,41,42,49,58,59,60,61,64,65,67,77,79,93,94,109,120,123,131,135,137,138,156,159,161,171,175,179,181,183,185,1,4,8,14,30,46,53,78,80,88,92,98,111,113,119,127,134,136,141,153,164,165,168,184,187,188,192,199,
3to 15:8,10,11,19,20,24,25,31,42,43,44,49,50,54,58,72,80,93,102,108,114,116,120,127,128,129,130,136,138,139,142,144,145,153,156,160,161,171,172,173,181,183,184,189,190,193,194,197,199,2,14,37,41,46,55,67,71,83,92,97,100,107,112,113,123,137,148,159,163,165,167,169,186,191,32,
4to 1:2,7,15,26,27,30,32,42,45,57,59,65,69,79,83,97,98,100,101,102,105,110,111,113,114,118,120,123,134,137,140,141,156,172,174,178,182,183,189,192,193,194,199,8,11,19,22,37,47,54,55,58,60,68,74,82,85,92,95,106,108,109,115,138,153,160,164,170,180,191,195,196,125,91,152,
4to 2:8,10,27,38,39,41,42,53,55,58,63,82,85,87,94,97,100,102,113,120,121,137,141,144,146,150,153,164,166,176,178,180,182,195,197,199,9,11,15,19,21,22,33,35,66,68,69,71,74,92,95,105,106,107,108,109,128,135,138,151,156,193,196,
4to 3:8,9,27,41,44,46,55,57,58,65,67,80,92,95,101,102,105,107,110,111,112,113,115,118,120,130,131,137,140,146,153,158,159,161,168,181,183,189,191,197,10,19,22,30,31,59,60,66,68,72,73,74,85,88,108,128,132,136,138,157,160,167,174,179,180,195,196,177,155,
4to 4:
4to 5:5,11,43,55,57,58,59,66,69,74,78,80,85,88,94,95,97,98,101,107,109,110,116,119,125,128,134,137,140,153,172,180,182,183,192,197,198,199,9,18,22,30,35,37,38,53,60,65,83,92,105,108,112,114,126,136,151,160,170,174,186,193,29,152,91,40,
4to 6:7,8,19,20,30,38,44,55,69,87,88,90,94,101,107,110,112,116,125,127,131,140,144,145,148,153,156,164,166,173,180,181,183,186,189,191,194,9,18,22,27,33,41,47,53,58,65,66,74,82,85,92,95,100,105,119,135,136,155,170,172,174,178,179,152,57,
4to 7:15,38,39,41,47,55,62,65,67,69,78,79,84,88,92,94,112,114,128,144,150,164,168,169,188,189,199,19,21,27,30,46,54,66,74,85,87,107,108,109,115,136,155,186,196,142,152,125,40,
4to 8:2,7,8,10,11,26,27,30,38,39,42,47,55,62,65,66,69,73,82,83,84,87,90,92,94,95,98,107,110,115,117,125,132,136,137,140,141,144,145,146,159,162,165,170,181,183,186,189,194,9,19,21,22,31,33,35,56,57,71,72,74,85,88,101,128,135,138,160,167,168,180,193,182,40,152,
4to 9:11,15,20,26,30,32,33,38,43,45,55,56,59,63,67,73,92,94,95,97,98,105,107,113,117,119,120,127,128,131,140,141,145,150,153,158,161,170,176,180,181,182,189,191,197,19,27,35,46,47,53,69,71,85,87,100,114,157,167,172,186,155,57,
4to 10:7,8,11,15,20,27,39,41,42,44,46,62,67,74,78,80,82,84,94,98,102,112,113,114,123,127,138,146,161,164,165,168,170,174,176,180,181,183,188,191,192,197,199,9,21,31,37,47,53,54,55,57,58,66,69,72,87,88,92,100,106,107,116,126,133,140,153,157,167,186,194,195,196,200,142,
4to 11:9,17,20,26,30,38,39,55,62,65,66,67,69,78,94,95,98,105,114,117,118,122,125,138,141,145,158,164,166,178,188,189,192,197,199,13,21,27,35,46,54,58,60,70,71,74,83,88,106,107,108,126,173,180,194,142,29,
4to 12:7,8,11,13,26,30,32,47,58,59,67,73,78,80,82,84,94,95,101,110,113,115,118,130,141,142,144,146,149,156,158,164,165,178,180,183,188,189,191,194,10,15,21,22,27,37,41,46,53,54,57,65,66,68,69,70,92,100,109,120,128,136,138,140,160,170,174,195,182,152,40,
4to 13:2,7,11,55,57,67,69,73,78,83,85,87,94,98,101,110,113,114,118,126,131,137,141,145,149,160,168,170,189,191,194,199,9,12,15,21,22,23,47,56,65,66,68,88,92,100,108,116,124,128,140,153,156,167,174,177,179,180,186,195,155,
4to 14:2,7,8,9,11,15,17,18,26,35,38,41,46,53,62,63,79,80,84,85,88,92,102,107,113,117,123,127,131,134,136,147,153,158,159,161,164,165,171,178,180,183,188,189,12,22,47,60,82,95,101,114,115,167,174,191,192,193,195,125,
4to 15:2,8,13,26,31,32,39,41,42,46,47,59,66,67,83,85,94,95,97,101,102,107,110,112,113,114,118,120,122,127,130,132,144,145,146,148,149,153,157,158,165,181,183,186,191,192,193,197,199,9,10,11,19,21,30,55,56,58,65,88,92,100,106,108,119,126,128,136,138,140,160,170,177,178,142,
5to 1:6,9,15,17,19,27,29,31,36,39,41,50,51,58,59,60,69,72,74,77,82,83,86,90,93,94,95,98,99,101,109,110,114,120,121,125,126,129,134,135,137,144,148,154,156,157,158,161,165,170,180,195,196,199,12,43,61,92,108,113,119,122,123,127,138,140,141,163,174,175,185,198,190,
5to 2:11,12,18,20,22,27,28,50,54,55,58,66,69,75,85,90,92,95,98,103,105,107,108,109,128,131,135,139,140,144,154,156,174,181,186,188,189,190,192,195,196,198,14,30,38,42,43,87,97,110,120,121,122,123,127,141,150,151,159,170,175,178,180,185,
5to 3:11,14,20,29,30,35,37,41,46,50,55,56,58,60,69,77,88,90,92,93,100,101,105,106,107,108,109,110,112,114,119,120,123,128,136,138,140,147,153,157,167,168,169,180,181,184,185,189,190,192,196,197,12,22,38,39,42,44,79,95,98,130,137,148,158,159,160,161,175,193,194,198,
5to 4:9,11,19,22,27,31,40,50,55,58,59,65,66,69,70,80,82,85,88,90,92,95,105,106,107,109,112,114,122,124,130,133,136,139,140,144,152,153,156,157,160,161,168,170,174,178,180,181,186,188,192,197,198,30,38,44,46,54,74,79,87,101,119,128,135,137,138,145,151,158,182,191,193,57,118,
5to 5:
5to 6:1,14,18,20,22,24,25,27,28,33,37,54,57,58,69,70,71,72,75,78,82,91,92,96,103,104,107,109,110,112,116,123,128,129,130,136,144,153,154,157,158,160,165,166,168,170,172,179,180,181,189,190,192,198,12,31,38,41,45,53,74,85,87,88,90,94,101,113,126,127,138,139,140,151,159,163,178,185,187,191,193,194,
5to 7:8,10,11,14,15,20,27,31,37,39,40,45,50,57,58,60,69,77,85,92,93,95,96,99,101,103,107,108,109,121,125,126,129,132,136,139,140,142,144,147,149,152,154,156,158,160,168,174,181,185,186,188,191,196,26,30,44,61,78,79,88,113,114,119,122,128,137,150,151,163,175,182,187,193,197,190,
5to 8:8,9,11,27,30,34,40,41,45,50,55,56,58,69,71,74,80,82,94,95,98,99,101,105,109,114,117,120,122,123,124,128,131,134,137,139,144,151,154,157,158,160,166,168,169,172,179,180,186,188,189,190,191,26,39,43,46,51,87,90,92,108,119,126,138,140,141,161,170,178,185,192,197,199,
5to 9:11,15,16,25,26,30,31,34,40,41,46,50,55,58,59,60,69,82,85,92,93,96,105,106,114,117,119,130,136,140,151,153,156,157,165,170,183,186,189,198,12,33,35,39,44,65,71,79,94,98,101,103,134,137,139,150,161,172,187,192,197,199,91,190,
5to 10:8,11,15,20,22,23,25,39,43,50,58,60,61,69,71,75,80,85,92,93,95,96,98,102,105,106,107,110,112,114,116,117,123,124,126,129,130,134,137,139,142,149,153,157,158,165,168,169,170,172,190,192,195,196,197,198,14,18,30,42,46,53,65,78,108,113,119,122,138,140,151,159,160,161,175,180,188,191,194,199,
5to 11:6,9,10,11,15,20,22,26,28,31,39,45,46,58,60,61,72,77,86,92,93,96,98,101,102,103,107,108,116,117,126,131,139,142,144,149,157,160,169,172,173,180,184,186,188,189,190,191,197,43,44,57,74,78,79,90,94,95,119,128,137,138,178,193,196,199,99,75,118,
5to 12:9,11,13,17,20,24,26,30,31,37,40,43,51,54,58,61,69,77,80,85,90,92,94,95,96,98,100,107,109,117,124,128,131,136,144,147,149,153,158,160,165,167,169,170,178,180,183,184,186,188,199,10,38,39,41,42,45,46,65,71,93,108,110,113,119,122,130,141,145,151,159,163,172,175,191,193,198,118,
5to 13:11,15,19,22,23,30,33,46,50,55,69,78,92,93,95,100,101,105,106,109,114,122,123,126,137,139,147,148,149,153,157,158,160,163,166,167,179,180,181,186,192,195,197,5,10,14,41,43,44,45,53,60,65,71,87,94,98,108,121,127,134,138,140,141,145,170,172,175,178,191,118,190,
5to 14:1,8,9,11,14,17,20,30,34,37,46,50,58,69,74,80,92,99,101,105,109,113,117,123,125,133,134,135,137,139,147,149,153,163,165,166,169,174,180,181,184,188,194,195,198,41,42,44,51,60,61,65,88,95,98,122,138,145,151,161,178,185,196,190,
5to 15:10,11,13,17,20,24,25,30,31,34,35,41,50,58,59,83,85,90,91,92,96,101,103,114,120,123,124,132,136,137,139,140,142,144,148,149,151,154,157,160,161,169,183,186,189,190,197,39,44,45,61,71,78,94,97,102,108,112,119,126,128,130,134,138,145,170,172,178,184,187,194,196,
6to 1:6,8,9,11,12,15,17,20,22,30,45,47,49,53,55,56,59,66,69,72,82,88,91,94,95,97,100,109,110,119,121,122,123,125,126,127,138,153,154,156,157,159,160,168,170,174,175,180,181,185,190,192,193,194,195,198,16,26,28,33,51,52,58,64,76,101,129,131,144,148,165,166,167,173,
6to 2:4,8,12,13,14,19,20,22,26,30,31,35,38,41,47,49,51,56,61,66,68,72,78,82,95,100,103,110,113,116,120,127,128,138,146,150,154,155,160,164,171,175,176,178,179,180,184,185,186,197,198,2,7,11,27,28,37,44,69,85,87,108,119,126,129,139,144,145,148,153,156,157,159,166,167,173,174,189,195,
6to 3:4,7,8,12,14,20,22,32,39,41,46,53,56,57,60,61,62,67,72,73,92,103,107,108,110,121,127,128,131,136,150,158,159,160,165,168,169,175,186,191,197,21,27,28,36,37,49,52,58,100,101,129,130,137,144,145,146,148,153,156,166,173,184,189,
6to 4:7,8,9,12,13,20,26,33,38,41,44,47,53,54,57,58,59,65,66,67,69,70,72,80,85,92,97,100,101,105,107,110,116,121,124,125,126,128,136,146,150,152,153,156,158,164,165,167,168,170,175,180,182,191,194,197,2,11,19,25,27,56,74,78,82,95,109,144,145,166,173,174,178,179,189,193,40,
6to 5:5,6,9,12,14,20,22,30,31,33,37,38,51,61,69,77,79,82,91,92,93,94,97,107,116,117,120,125,127,128,134,150,154,158,160,163,168,170,175,184,192,197,11,21,39,58,78,85,95,100,109,119,129,131,137,139,144,153,167,173,178,180,189,104,
6to 6:
6to 7:4,8,10,11,12,20,21,26,31,32,33,35,37,38,46,51,59,62,84,88,92,93,98,100,103,112,122,123,125,126,128,136,140,149,150,152,154,156,157,160,164,168,171,175,181,183,184,186,190,191,194,197,198,19,27,49,58,60,64,69,104,119,144,146,147,148,153,159,165,166,173,178,24,
6to 8:5,7,12,14,18,26,27,38,41,62,66,78,80,84,88,95,98,105,123,124,125,126,129,136,146,154,159,160,161,165,168,169,170,175,180,181,182,183,184,185,186,191,192,194,197,2,21,49,58,69,76,85,87,108,134,148,166,173,187,189,193,
6to 9:9,15,19,20,35,37,41,46,48,61,67,71,77,88,90,91,93,97,101,103,116,119,120,121,123,128,131,144,146,150,153,158,165,167,170,175,176,179,180,183,186,190,192,193,194,197,25,27,58,60,64,87,129,145,148,159,166,172,178,187,196,104,
6to 10:2,5,9,12,18,20,21,25,27,30,37,38,48,55,61,62,67,84,85,92,95,98,100,107,110,116,117,119,121,122,124,126,153,156,159,164,168,169,170,174,175,176,179,185,191,192,197,198,6,22,39,58,69,78,86,87,115,128,144,146,148,165,178,180,193,195,104,
6to 11:7,9,12,13,17,18,20,30,38,46,47,53,57,59,62,66,67,68,75,92,93,94,103,116,119,125,129,136,146,158,160,170,175,185,186,188,189,192,194,196,197,198,19,26,37,39,49,52,56,58,60,72,76,78,82,86,122,139,156,157,174,178,179,183,184,
6to 12:4,7,8,9,10,17,20,21,32,37,39,41,45,46,48,53,65,67,69,71,77,80,84,88,92,97,98,117,119,124,128,129,136,146,156,158,159,160,164,170,178,179,180,181,186,188,191,194,198,2,11,27,28,33,51,56,96,100,138,139,147,157,166,167,174,183,184,3,89,
6to 13:4,7,12,20,21,26,31,37,41,44,48,53,57,61,66,71,77,78,85,88,92,93,95,109,120,126,127,131,136,146,156,157,159,165,167,168,170,179,180,181,183,184,186,189,190,191,195,197,198,11,22,24,59,60,87,96,100,119,129,139,148,151,163,173,175,187,115,
6to 14:4,6,8,9,14,15,17,20,31,32,38,41,48,57,59,60,61,62,80,84,88,92,94,95,103,105,109,110,116,122,125,136,150,158,168,169,179,181,182,185,190,193,194,195,196,19,26,39,47,49,51,58,64,69,78,119,130,131,147,153,159,163,165,175,180,184,187,189,
6to 15:7,11,14,17,18,22,33,37,44,48,55,57,67,71,72,78,88,92,94,95,100,101,103,114,124,129,138,144,154,158,159,160,169,170,182,183,184,185,186,192,193,194,196,197,2,16,25,26,58,108,112,137,139,145,146,147,148,153,165,166,173,174,178,180,188,189,104,
7to 1:15,17,19,20,21,35,41,42,47,51,56,59,64,67,69,77,79,82,85,88,92,94,101,102,103,107,108,114,115,118,119,120,121,122,123,129,138,141,144,147,151,152,158,161,165,174,175,180,184,186,191,9,11,26,27,30,37,49,54,65,86,93,105,109,116,124,125,137,140,149,150,160,168,171,181,189,192,200,
7to 2:4,10,11,13,14,15,18,21,31,42,47,49,56,58,63,68,84,87,92,94,96,98,102,103,107,108,110,113,116,122,128,129,131,132,138,144,145,146,147,148,154,157,163,164,165,166,174,181,184,186,190,191,196,197,199,26,27,30,33,38,43,45,61,97,100,114,115,119,137,158,188,125,155,
7to 3:1,4,5,11,19,20,27,30,33,41,46,47,49,50,56,63,64,68,77,80,88,93,94,100,101,102,103,107,109,119,120,123,128,129,136,138,147,152,158,172,177,178,180,181,185,188,190,191,193,196,9,10,25,37,39,54,67,70,78,105,112,114,137,141,144,148,150,157,160,164,166,169,171,
7to 4:7,20,21,30,35,46,55,57,58,59,63,66,67,69,78,82,85,87,88,92,98,101,107,108,109,117,118,122,123,126,136,137,144,147,149,156,162,164,170,186,191,193,10,11,15,26,27,38,49,76,94,112,114,132,140,166,189,192,195,197,
7to 5:1,10,11,15,17,19,23,27,31,35,37,40,45,55,69,77,79,85,88,92,98,99,100,101,102,103,106,107,109,112,116,118,119,123,129,136,139,147,149,154,156,160,163,170,172,174,175,178,181,185,190,199,9,26,30,43,50,65,70,93,113,124,137,140,148,150,151,166,117,
7to 6:4,5,8,14,17,18,19,20,21,24,30,33,38,45,46,48,51,59,69,77,82,85,87,88,92,94,95,103,107,122,129,136,139,140,144,145,152,156,160,162,163,164,165,175,178,184,185,186,190,191,195,196,9,25,26,27,35,37,47,49,67,109,112,115,116,121,124,127,148,149,150,166,181,188,189,192,193,194,
7to 7:
7to 8:10,11,14,17,19,20,33,38,40,41,45,49,54,63,64,77,84,85,87,98,99,108,109,110,119,122,123,128,138,140,144,146,148,158,160,165,168,170,180,182,184,188,190,196,198,26,27,37,43,50,62,65,82,83,88,93,105,114,132,137,149,150,153,164,181,186,193,195,81,162,
7to 9:10,17,19,20,25,31,36,38,39,40,41,45,46,47,63,68,69,73,80,84,85,88,94,97,103,106,107,108,110,119,123,126,129,131,137,139,141,145,148,150,151,157,161,163,170,175,178,186,190,191,197,11,15,21,33,35,43,50,54,56,71,76,82,112,114,121,127,140,146,158,165,168,171,181,189,193,195,200,
7to 10:8,10,17,24,25,31,36,48,50,56,58,67,68,69,77,78,84,92,93,94,102,106,107,108,123,126,128,131,140,144,147,149,156,157,160,161,162,163,164,165,170,175,184,190,191,198,199,200,9,15,23,26,30,39,43,47,76,82,103,112,116,121,127,137,142,153,158,171,188,193,194,197,117,81,
7to 11:7,11,15,19,21,39,57,59,63,77,78,82,88,94,97,101,103,107,109,110,112,114,119,123,126,147,149,152,156,157,161,162,166,173,178,180,191,9,10,30,35,38,47,49,61,64,76,93,105,124,125,131,132,137,144,158,160,164,171,193,197,198,200,142,
7to 12:4,7,8,10,13,15,20,30,39,41,45,48,51,62,63,68,77,88,92,93,97,100,101,107,108,109,110,118,119,122,128,132,136,139,147,151,157,160,161,162,163,165,168,182,184,191,193,37,47,61,65,72,76,86,94,105,114,131,142,144,149,153,158,164,169,189,197,200,117,
7to 13:4,11,12,17,21,30,39,41,42,45,47,54,56,60,68,77,78,84,85,87,88,92,98,100,101,106,108,117,122,128,129,136,140,145,147,148,163,180,183,184,186,191,193,10,23,26,37,62,70,83,93,94,109,114,116,126,132,137,142,149,158,164,169,171,177,181,189,197,
7to 14:4,7,8,11,12,14,17,19,26,30,31,38,42,48,49,51,54,58,59,62,69,77,78,79,85,87,98,102,103,107,109,110,119,122,123,132,139,141,144,149,153,161,174,175,184,195,196,199,6,9,10,50,61,65,67,76,83,86,93,94,112,115,116,127,137,140,146,147,150,158,165,166,168,169,171,181,187,192,194,200,177,
7to 15:5,7,11,14,19,21,25,30,36,37,45,46,50,56,58,63,77,92,94,97,100,102,103,107,108,110,114,119,122,126,128,136,139,140,144,154,160,163,165,177,184,185,190,191,197,199,9,10,35,39,47,49,61,79,82,83,86,88,93,101,104,112,131,137,146,149,157,158,169,186,195,
8to 1:1,3,9,16,17,22,26,27,33,37,41,43,47,49,50,56,65,69,71,72,74,82,88,90,98,100,101,108,110,119,123,125,134,135,144,145,154,160,163,165,166,180,181,183,184,186,191,192,193,195,6,31,42,76,84,94,128,157,194,182,34,176,
8to 2:11,15,18,20,27,33,37,38,39,43,45,50,52,55,58,69,84,88,90,98,100,103,114,119,120,121,126,135,137,138,154,157,158,164,167,176,181,183,184,187,17,26,42,51,66,73,85,101,128,141,161,166,170,171,179,182,189,
8to 3:8,9,10,11,19,25,27,31,35,37,42,43,57,61,63,66,69,80,90,95,98,101,105,107,110,115,118,122,128,136,137,144,148,153,157,160,180,181,183,185,186,189,191,199,14,20,26,46,56,62,85,94,106,108,123,132,134,168,170,172,
8to 4:9,10,18,29,42,43,46,47,49,50,55,58,63,80,82,87,92,98,100,105,109,120,122,123,130,139,146,151,153,160,170,174,178,180,181,183,186,191,192,193,199,27,59,73,83,85,88,101,108,114,134,141,161,166,172,176,195,152,
8to 5:9,15,19,23,28,31,34,37,38,39,40,41,43,50,56,57,65,69,75,77,80,88,93,95,96,98,99,102,110,114,123,130,135,138,144,145,148,149,151,154,160,166,167,178,181,185,190,193,198,199,6,27,94,101,103,105,109,134,159,170,172,182,188,195,117,
8to 6:6,8,9,14,18,21,25,26,27,33,38,42,47,48,49,51,55,56,57,61,62,69,72,95,98,100,104,105,107,110,119,122,126,129,144,146,148,151,153,154,163,166,170,173,180,181,184,185,186,189,192,193,194,2,64,66,76,94,101,108,109,123,128,145,157,159,168,187,195,176,117,
8to 7:6,9,10,15,19,23,30,38,43,50,54,56,57,66,69,72,78,81,82,84,87,88,97,98,104,110,118,122,125,129,137,140,144,160,163,181,188,189,190,193,199,26,27,31,46,76,83,85,94,101,103,108,109,123,128,132,149,157,168,170,171,117,152,
8to 8:
8to 9:6,15,19,21,33,34,38,40,47,49,54,61,62,69,71,77,82,84,85,87,93,95,97,98,100,101,105,110,111,119,120,130,144,146,153,157,158,163,164,176,183,185,187,189,193,194,196,197,199,2,27,31,56,63,83,88,90,128,141,145,167,170,191,182,
8to 10:6,7,8,9,10,11,15,20,25,26,34,37,38,39,43,48,55,58,61,69,78,81,84,87,88,98,102,114,120,129,137,144,153,158,164,165,169,185,186,192,193,194,195,199,27,46,56,62,64,65,76,85,94,149,168,170,188,162,
8to 11:6,10,15,19,20,37,39,43,49,55,58,63,64,69,72,74,78,82,85,92,95,97,98,99,101,103,107,118,137,138,139,144,154,157,158,160,166,171,173,176,180,186,187,190,191,193,197,198,9,26,27,31,59,62,66,73,83,84,88,109,128,132,149,172,185,188,189,199,
8to 12:7,10,17,19,33,37,43,46,48,49,56,63,65,66,69,71,74,77,80,84,87,88,92,93,95,97,100,104,107,110,115,119,123,144,158,163,164,166,167,172,176,181,188,197,26,31,59,62,73,83,85,94,132,153,159,161,162,179,191,
8to 13:2,6,8,10,11,12,15,28,33,43,47,50,57,60,61,63,69,71,83,84,98,108,110,111,118,121,122,124,126,137,138,151,158,160,163,165,166,167,175,180,181,183,185,187,188,192,194,195,198,42,56,66,74,76,85,114,123,149,157,168,179,189,199,34,117,
8to 14:3,9,10,11,12,14,17,19,20,26,28,34,47,48,52,54,56,57,58,60,64,65,69,77,80,81,83,88,92,96,98,99,101,103,104,114,119,120,125,135,137,139,144,146,151,158,164,173,175,181,183,191,192,193,199,6,42,62,63,84,85,105,109,132,134,149,153,170,188,194,176,
8to 15:10,14,15,17,22,26,28,30,34,35,41,43,47,49,57,58,63,71,77,78,83,92,95,96,97,100,101,110,114,119,120,122,127,130,136,138,144,145,146,154,158,159,160,163,165,168,186,187,192,193,199,2,9,46,50,56,73,74,84,85,88,94,105,123,132,134,161,162,188,189,191,117,
9to 1:1,6,9,15,17,21,31,32,34,45,50,54,59,64,66,69,71,82,84,85,88,93,94,108,110,114,119,121,123,128,129,131,137,138,140,141,144,147,150,153,154,165,170,171,176,190,191,192,194,199,200,12,19,35,73,95,103,111,120,161,175,183,187,193,197,198,
9to 2:7,11,12,19,27,31,33,38,41,55,61,69,89,96,97,105,110,114,123,125,128,137,138,141,144,145,148,153,155,170,171,175,183,185,186,191,193,197,15,26,35,58,98,102,119,121,146,161,163,172,174,178,187,196,198,
9to 3:11,14,20,26,27,31,35,46,54,57,60,62,63,64,69,80,85,88,93,106,110,111,113,115,121,123,127,128,130,137,138,141,144,145,146,148,150,153,156,159,160,164,168,171,172,177,178,186,189,197,12,19,21,39,71,77,105,135,136,140,161,170,173,175,183,192,193,196,
9to 4:9,11,21,25,27,33,38,46,53,56,59,60,65,82,85,113,114,120,121,123,125,131,137,141,144,145,150,151,153,156,157,158,164,176,180,183,186,189,195,197,198,200,15,19,35,47,58,63,69,73,87,88,95,102,106,111,136,146,170,172,173,174,178,192,182,
9to 5:6,17,19,21,31,33,35,36,37,38,45,46,50,58,59,61,75,80,88,92,94,98,100,103,105,110,112,114,116,117,119,123,125,127,131,137,138,139,144,148,150,152,153,156,157,165,172,174,189,199,14,15,25,26,34,54,60,69,77,90,129,135,140,146,161,170,178,183,192,197,
9to 6:2,6,14,17,20,21,27,28,31,35,36,38,41,48,53,59,64,66,69,72,77,80,86,92,94,100,103,104,110,114,116,117,127,128,129,131,134,139,140,148,150,151,152,153,154,158,170,171,176,178,180,186,187,194,195,197,12,19,25,49,56,73,95,96,105,120,136,146,161,174,175,183,196,198,
9to 7:10,11,15,26,27,31,35,38,41,45,46,48,50,54,56,63,69,77,84,87,88,93,94,95,100,103,106,108,110,114,117,119,123,128,129,137,144,148,156,157,158,163,164,165,171,174,182,186,187,190,191,194,200,16,19,25,39,49,82,98,102,111,112,145,175,193,197,
9to 8:6,10,11,15,17,19,21,27,33,38,45,46,48,50,58,64,66,69,77,80,83,84,85,88,95,101,110,114,115,120,123,125,128,137,138,140,141,148,152,154,157,158,159,164,176,183,185,186,189,191,192,194,195,197,198,60,63,87,98,135,166,173,193,196,182,34,
9to 9:
9to 10:2,10,11,20,31,36,44,46,48,56,60,61,62,63,64,65,72,77,84,88,92,93,100,102,103,110,113,114,116,119,121,138,140,146,151,153,156,158,160,163,165,168,175,180,183,186,199,14,16,39,58,69,71,73,96,98,111,120,129,161,170,172,174,192,34,
9to 11:6,9,11,20,31,38,45,46,55,62,64,65,71,77,84,88,94,98,107,110,123,128,137,138,141,144,145,147,151,156,157,164,171,173,186,188,189,199,19,26,35,54,56,60,82,90,102,111,112,119,129,146,165,170,178,193,
9to 12:9,10,14,26,27,31,32,33,36,37,41,45,46,48,53,56,60,65,69,84,88,89,93,94,106,109,110,112,113,115,120,123,128,130,133,134,141,146,152,156,158,163,164,170,180,183,186,188,197,12,15,16,19,35,63,71,77,87,95,96,98,103,119,136,145,167,175,178,187,198,
9to 13:6,10,11,17,21,31,32,33,34,45,46,50,53,57,58,60,61,63,65,66,80,85,87,92,93,95,106,108,110,113,116,117,126,131,137,140,141,145,148,153,157,158,164,167,177,180,183,186,190,193,195,199,15,16,19,25,49,67,77,82,83,111,136,146,170,174,175,187,192,196,197,198,
9to 14:6,9,10,11,15,31,37,38,41,45,46,47,48,54,57,63,65,77,84,88,94,98,101,105,123,131,146,147,150,151,153,159,171,174,176,177,180,189,190,191,193,195,198,199,14,19,58,87,90,119,135,161,175,181,183,187,192,196,182,
9to 15:10,11,15,19,32,33,36,37,41,45,50,57,59,63,72,77,87,89,94,97,110,114,117,130,137,144,145,146,151,153,156,165,168,171,176,177,186,187,193,198,199,16,25,35,39,47,58,64,71,90,95,102,105,111,129,161,170,172,175,183,192,182,
10to 1:1,8,16,20,23,30,41,54,55,58,60,61,64,71,72,74,78,83,84,88,94,105,110,121,122,126,138,141,142,144,149,151,158,160,161,162,165,170,172,174,183,184,186,190,192,9,15,17,18,22,35,39,43,44,53,69,86,90,139,146,153,154,168,169,185,193,199,24,
10to 2:11,14,15,20,22,23,30,39,44,50,58,65,68,69,86,88,96,98,100,103,105,107,108,113,114,119,120,121,123,129,131,138,144,151,153,156,159,161,165,168,175,186,187,192,196,197,198,199,8,43,52,61,62,70,90,128,137,143,146,163,171,181,185,188,155,24,
10to 3:1,5,7,23,27,30,31,42,43,46,50,54,56,60,67,68,69,73,78,94,95,100,105,108,110,113,121,127,129,132,136,137,138,141,142,144,153,156,159,160,162,164,167,178,180,183,186,191,196,197,198,8,20,24,37,39,41,53,58,81,88,90,92,107,128,139,148,158,165,168,171,173,188,57,118,
10to 4:14,15,18,23,25,27,30,42,46,50,56,60,63,65,69,74,76,78,83,85,87,92,94,102,106,107,108,110,114,115,119,121,124,126,137,138,139,140,142,153,160,162,164,170,174,186,188,191,195,198,199,8,9,22,31,37,39,47,53,58,88,98,116,120,131,141,158,165,169,180,181,194,117,
10to 5:1,9,15,23,30,31,36,37,39,60,61,69,74,78,86,92,94,96,100,102,107,108,114,123,124,127,128,129,137,140,153,161,170,172,178,183,188,190,192,193,197,198,199,17,18,41,44,50,58,77,85,88,98,105,113,116,119,120,141,157,158,165,168,169,180,185,117,24,
10to 6:5,7,8,9,14,21,26,30,31,36,42,46,48,53,72,77,86,92,103,105,108,112,126,127,128,136,138,144,149,153,156,165,168,170,174,179,183,185,186,192,194,196,197,198,11,17,20,22,37,41,49,58,61,69,71,104,107,116,130,131,146,147,154,155,158,178,180,188,
10to 7:1,10,14,17,26,27,30,46,48,56,61,64,67,69,88,94,98,100,102,107,108,114,119,128,129,131,140,159,161,162,164,170,175,183,184,186,188,190,194,195,197,198,199,15,18,25,35,39,41,47,50,54,71,72,78,103,110,116,126,137,146,158,165,181,104,118,
10to 8:7,9,10,14,20,22,31,34,43,48,58,60,63,74,77,87,88,95,102,107,110,114,115,122,123,126,128,149,151,165,172,179,181,183,191,194,195,196,198,6,17,18,25,37,39,47,54,61,69,76,98,103,146,157,158,159,168,188,154,
10to 9:9,15,17,20,21,31,34,37,39,46,48,50,56,58,64,67,68,69,71,72,76,82,102,103,112,115,121,123,129,131,134,137,144,151,153,159,161,165,167,168,170,175,178,183,185,186,190,191,194,195,197,198,6,35,54,106,110,116,119,120,140,141,148,188,192,193,
10to 10:
10to 11:15,17,20,23,26,31,43,52,54,58,60,61,65,67,72,74,75,76,78,82,84,88,93,103,114,115,116,119,128,131,138,139,142,156,172,178,185,188,190,191,192,194,195,198,6,9,11,39,47,53,69,71,77,86,107,120,146,157,158,173,199,118,
10to 12:7,10,14,15,31,36,37,39,43,46,54,55,56,58,60,61,62,63,67,68,71,74,76,78,87,92,94,95,96,97,98,100,112,138,140,142,144,151,153,158,162,165,168,170,172,174,175,184,185,188,191,198,199,9,11,22,27,44,53,69,70,77,105,107,110,113,148,194,200,104,117,
10to 13:7,9,12,14,23,37,39,42,43,48,52,53,55,56,58,61,65,67,68,69,71,78,85,92,93,94,96,100,108,114,116,119,122,123,124,128,129,134,138,142,162,167,175,179,180,183,186,190,192,197,199,8,15,17,18,20,22,41,47,50,54,98,103,110,113,120,126,131,137,141,158,165,169,181,185,188,117,57,118,
10to 14:12,17,20,22,34,37,47,48,54,55,60,62,64,69,74,77,78,84,87,88,92,93,98,107,119,122,123,138,139,147,153,159,161,165,180,184,188,190,192,196,198,199,6,9,11,24,57,58,61,76,85,100,103,104,106,116,120,148,168,169,171,181,193,194,
10to 15:5,7,14,23,26,34,36,41,42,43,46,48,55,56,58,61,67,71,72,78,83,84,92,93,95,96,100,102,103,105,114,116,122,123,131,134,137,138,140,144,153,161,162,170,180,183,184,186,188,191,195,197,198,199,20,31,37,39,50,126,146,165,171,173,193,194,200,57,
11to 1:6,8,9,11,15,19,20,28,39,47,49,55,59,60,61,65,71,76,82,85,86,94,100,101,107,108,109,111,114,118,120,125,134,142,143,149,153,156,157,161,163,180,182,185,186,188,189,191,192,193,197,199,1,7,70,72,77,95,110,116,144,147,154,171,194,196,200,29,75,
11to 2:9,10,11,15,22,26,31,35,38,42,43,48,52,53,55,60,62,65,66,69,71,72,86,96,97,98,100,119,120,123,128,131,132,137,139,153,157,164,183,185,186,187,188,189,190,191,192,196,199,13,21,27,47,61,68,108,122,144,151,178,197,198,
11to 3:10,13,19,23,26,27,35,36,39,42,44,58,59,65,73,78,86,88,92,94,101,103,107,111,118,120,123,125,128,131,137,141,142,143,157,158,168,171,173,178,180,186,188,191,193,196,199,20,54,68,72,108,109,112,119,129,136,169,197,198,115,29,
11to 4:10,11,13,18,19,26,27,30,31,35,43,44,46,47,49,55,56,58,59,65,66,71,73,78,83,88,92,95,98,100,105,107,114,118,119,137,138,141,142,153,157,158,164,170,172,173,178,180,186,188,189,192,199,7,12,54,67,74,108,112,124,136,140,144,169,191,193,195,196,200,
11to 5:6,9,11,13,15,26,28,30,31,38,39,43,45,55,58,61,65,72,77,78,86,88,92,94,96,98,101,103,107,114,117,118,119,123,134,137,139,144,157,172,173,178,183,185,190,192,193,195,199,79,90,93,108,110,129,136,140,154,160,161,191,196,197,198,
11to 6:6,7,9,19,22,38,44,45,48,49,57,58,59,60,65,76,82,88,93,95,112,117,126,129,138,146,149,157,163,166,170,171,172,174,180,182,185,186,187,190,192,193,196,20,72,78,92,108,109,110,119,154,165,173,178,179,191,194,195,75,
11to 7:9,10,13,15,19,20,26,30,31,35,38,39,43,45,58,59,61,69,78,83,87,88,94,98,103,108,114,117,123,125,131,137,145,149,150,157,161,163,164,173,187,193,197,198,199,8,12,21,27,37,82,95,116,119,129,136,144,147,154,160,184,185,188,191,200,
11to 8:6,9,10,17,19,20,22,26,27,30,46,57,58,65,66,69,72,83,88,98,108,126,132,137,138,139,144,149,157,159,169,170,172,173,174,176,183,188,189,193,194,196,198,199,7,8,11,12,47,64,77,82,90,94,95,109,119,124,129,151,195,154,115,
11to 9:6,11,12,15,19,20,28,31,35,36,38,39,43,45,53,55,57,60,67,71,83,86,95,103,105,106,114,119,125,131,137,141,144,153,164,171,172,173,174,176,178,182,185,186,187,189,190,191,192,193,199,21,27,47,64,73,77,93,98,102,110,112,138,146,160,194,
11to 10:9,15,30,31,36,37,39,42,46,55,57,58,60,61,67,69,71,72,78,85,86,88,92,94,98,108,112,116,128,131,139,142,149,161,164,168,169,170,174,180,183,188,190,191,193,194,199,8,12,27,54,70,90,124,140,160,165,197,198,75,
11to 11:
11to 12:3,7,9,10,11,20,26,27,30,42,43,45,46,53,56,57,58,62,65,73,77,78,86,92,98,101,118,119,123,136,141,142,145,156,161,163,164,169,172,183,191,198,13,54,59,67,68,93,94,95,109,110,115,124,129,133,147,165,178,184,185,75,
11to 13:6,7,9,10,13,15,19,20,22,26,28,30,31,44,45,56,58,60,65,66,67,73,83,86,87,101,108,109,117,119,123,126,128,129,137,142,149,157,158,170,180,185,186,188,189,192,193,199,11,12,27,47,74,77,94,95,102,107,116,136,138,
11to 14:6,9,10,19,22,31,35,42,44,48,53,54,58,59,60,61,62,65,69,78,82,86,88,94,98,103,106,112,114,119,125,136,138,139,144,147,149,156,157,161,164,171,180,182,183,188,192,193,194,196,199,7,8,11,26,38,47,68,92,109,160,165,169,178,184,185,191,195,198,
11to 15:9,19,20,23,26,28,30,31,35,36,39,44,45,49,55,56,58,60,61,65,67,71,74,86,87,94,95,96,100,108,114,117,118,119,120,123,126,128,131,132,153,156,157,161,168,169,170,171,176,178,182,183,186,187,189,193,199,13,54,64,68,70,82,90,92,112,116,124,129,144,165,184,185,197,
12to 1:1,2,9,10,16,17,19,35,41,42,43,45,54,55,56,60,61,69,70,71,77,82,83,86,92,95,105,114,118,119,124,132,133,141,151,156,160,161,162,169,186,188,189,192,194,200,8,15,20,65,66,74,94,109,110,120,122,142,145,147,167,193,199,182,
12to 2:14,17,26,27,30,42,43,53,63,66,68,74,82,84,86,94,95,103,113,119,128,132,133,141,144,146,151,153,156,158,159,163,164,166,167,169,172,174,175,176,183,188,196,198,10,11,12,13,15,31,41,69,78,96,98,105,106,109,110,138,145,147,157,185,197,89,
12to 3:1,5,7,8,14,15,19,20,22,26,30,33,36,37,44,46,54,56,57,58,59,60,71,73,80,88,92,94,105,107,110,113,116,118,119,123,128,136,144,153,158,159,160,165,167,169,181,183,187,189,190,191,196,197,198,199,11,12,27,41,42,77,98,106,120,131,133,147,150,164,168,185,188,
12to 4:2,10,11,15,17,30,38,41,46,47,53,54,58,60,63,65,68,73,80,85,88,92,98,101,105,107,108,113,114,118,125,128,132,136,141,145,146,147,152,153,158,159,160,162,165,166,169,172,175,186,188,189,192,194,198,200,7,8,13,19,20,27,66,69,74,78,94,110,122,138,140,150,156,164,167,170,191,
12to 5:9,11,12,14,22,28,30,34,38,39,40,41,43,51,56,60,69,79,80,82,85,92,95,100,105,113,114,116,119,123,124,125,128,129,133,134,136,141,144,147,151,153,156,157,161,163,165,169,172,174,178,180,190,195,198,8,10,31,53,74,78,94,101,102,106,109,110,130,138,139,145,150,158,170,185,199,
12to 6:5,7,9,15,17,19,20,21,37,38,45,47,48,53,56,58,71,78,88,92,100,110,114,116,119,120,124,125,130,134,146,148,153,156,158,159,162,163,166,167,169,170,174,178,179,180,181,183,184,189,192,194,195,196,197,198,8,12,13,27,59,66,95,122,129,145,150,182,32,89,
12to 7:1,11,20,24,26,30,33,35,38,41,44,46,54,56,61,68,69,70,71,77,86,87,88,98,100,103,112,114,119,120,123,128,132,136,141,144,147,152,153,159,160,162,163,165,166,174,175,178,184,197,198,200,27,31,43,93,94,101,109,110,113,129,139,145,156,158,164,183,191,
12to 8:2,7,9,11,28,33,34,38,40,43,51,54,55,56,63,73,84,88,92,94,107,109,117,119,125,128,129,136,144,145,146,149,158,160,164,166,168,174,175,187,188,190,194,196,15,27,66,69,78,96,101,105,106,110,122,170,183,185,191,198,176,3,
12to 9:11,21,27,28,31,33,35,38,40,41,43,47,49,53,54,55,56,59,63,68,71,73,84,86,87,94,106,117,128,136,141,144,146,151,153,156,158,159,163,164,168,174,178,187,189,199,200,10,15,20,98,102,105,110,111,138,145,157,170,175,183,197,198,176,182,
12to 10:1,7,8,9,17,31,34,39,43,46,53,54,58,60,65,68,70,71,74,76,84,86,87,92,94,98,100,103,106,107,110,113,119,120,123,132,144,153,156,159,161,162,163,164,172,174,178,180,181,183,184,190,198,11,25,41,61,69,85,96,105,129,131,147,151,158,167,168,170,185,191,197,142,89,
12to 11:10,13,20,26,27,28,39,43,44,59,60,71,86,90,92,105,112,116,117,118,119,123,124,125,129,144,146,147,153,156,158,159,161,162,164,166,168,169,172,175,176,178,183,187,188,191,194,198,7,15,37,38,65,78,82,96,109,110,131,142,151,157,185,199,
12to 12:
12to 13:2,4,7,17,22,24,27,28,32,41,43,45,47,48,53,54,56,57,67,73,74,77,83,84,85,94,96,106,113,118,120,124,129,136,141,153,156,157,158,159,160,162,164,167,169,177,184,185,187,188,189,194,8,10,11,15,31,42,66,69,98,101,110,111,122,142,145,147,165,183,197,198,
12to 14:2,8,17,19,26,28,37,39,42,48,51,53,55,56,57,60,61,63,69,78,80,85,86,92,94,95,103,117,119,132,136,141,147,157,159,161,164,169,171,176,177,180,183,184,188,189,191,192,195,196,11,15,31,38,41,46,74,98,101,109,110,113,122,150,151,153,182,198,3,89,
12to 15:5,7,10,11,17,19,20,27,28,30,32,38,41,43,46,48,54,56,57,58,59,61,70,71,83,86,88,92,103,104,118,119,120,123,129,132,140,149,157,162,165,167,169,170,172,174,178,179,180,181,183,187,190,191,195,198,15,37,42,45,65,106,110,122,130,138,139,145,151,168,182,185,193,197,199,176,
13to 1:6,12,15,16,22,23,24,26,35,36,42,43,45,53,57,59,65,66,69,74,76,78,83,84,88,95,98,100,105,108,110,111,114,116,119,120,129,131,141,142,147,149,153,156,157,160,168,169,173,174,180,182,183,185,189,194,198,8,17,20,49,55,56,60,82,94,123,124,134,181,186,118,32,
13to 2:8,10,11,15,17,18,19,22,24,26,37,41,42,43,46,52,54,56,61,66,68,74,83,88,94,96,100,102,103,105,110,116,120,136,137,139,141,146,147,155,156,157,160,164,166,167,170,171,172,179,183,184,185,189,197,199,4,12,23,49,60,82,85,108,123,126,153,158,165,174,175,186,
13to 3:7,8,10,11,14,15,19,20,24,27,37,41,42,53,56,57,62,67,71,74,77,80,81,85,92,94,95,108,110,111,113,119,120,122,123,128,131,137,141,147,148,153,157,160,170,172,173,180,183,184,185,187,189,192,197,199,5,22,23,44,46,49,60,66,83,84,101,116,124,138,142,158,165,169,181,191,118,
13to 4:7,9,10,15,27,29,30,41,42,43,44,47,53,56,59,70,73,74,78,80,83,85,87,94,95,100,102,106,109,111,114,116,122,126,137,141,149,156,157,159,162,166,170,172,174,177,178,180,189,192,197,199,23,33,46,55,60,65,66,84,92,101,108,115,128,136,138,145,151,153,167,175,179,183,186,195,142,118,
13to 5:6,11,14,20,22,24,26,30,31,37,43,45,46,50,54,56,57,59,65,69,70,74,78,93,95,98,101,108,110,113,114,117,123,128,129,131,137,139,148,149,151,157,160,169,172,178,180,183,188,192,193,197,12,15,18,23,28,33,55,60,71,77,82,92,94,107,116,121,126,134,136,138,158,165,174,181,5,118,
13to 6:2,6,8,11,12,14,15,18,20,22,28,33,47,54,55,57,62,67,69,70,74,77,93,95,98,100,104,108,110,122,123,131,147,148,149,156,158,162,166,169,170,174,181,182,183,185,187,194,197,21,25,44,49,56,60,66,71,78,82,84,87,116,124,126,128,134,138,153,163,167,179,180,189,5,24,
13to 7:5,8,9,11,14,19,20,21,35,42,43,45,54,57,62,63,68,74,80,83,87,94,98,102,104,108,110,111,114,116,119,122,128,132,137,140,145,149,150,156,163,166,170,171,188,193,197,198,6,10,15,17,33,49,56,61,82,92,101,107,121,123,126,136,165,174,175,181,186,24,177,34,81,
13to 8:6,7,8,9,10,11,14,15,21,27,30,41,42,43,45,46,50,56,57,62,63,65,66,69,73,74,76,80,87,88,95,96,98,103,108,110,119,120,129,132,138,139,141,146,151,159,160,165,166,170,173,180,181,183,184,185,186,189,192,197,198,199,20,55,59,71,85,94,107,123,136,145,149,163,167,175,194,115,117,4,81,
13to 9:2,11,15,27,30,35,41,45,46,50,54,59,60,62,63,73,83,85,93,95,98,100,110,114,116,119,131,134,137,138,141,151,156,157,158,159,163,164,168,180,181,182,189,192,197,12,20,21,25,55,77,84,94,108,123,126,153,167,174,175,177,179,183,186,198,115,117,
13to 10:5,21,39,41,46,47,55,56,62,63,68,74,78,83,88,94,98,108,111,114,116,117,123,129,139,142,147,148,153,156,157,158,159,162,164,170,172,173,174,185,188,192,197,198,8,11,15,17,23,24,25,44,60,71,77,107,126,138,163,165,168,179,180,
13to 11:7,19,20,26,30,37,43,46,47,53,55,58,60,62,64,68,69,76,77,78,83,84,88,93,95,98,103,110,111,128,129,137,138,141,142,157,158,159,162,169,180,184,185,186,188,197,198,199,10,15,65,66,67,74,94,101,116,123,124,126,153,163,175,179,115,4,117,
13to 12:5,7,8,11,13,14,15,17,19,20,21,22,27,30,37,41,42,43,45,47,53,54,56,63,65,68,69,71,77,80,83,87,93,94,95,98,100,104,108,109,110,113,116,117,119,129,141,145,146,156,157,160,162,163,164,165,166,174,179,181,184,186,10,12,33,46,60,74,78,123,128,134,151,158,168,169,177,180,183,188,198,118,32,
13to 13:
13to 14:5,6,9,11,12,15,17,19,24,26,37,41,46,47,50,54,60,62,65,67,74,80,85,93,98,100,103,104,113,114,116,131,139,153,158,164,165,168,173,177,182,184,185,188,192,194,199,18,23,28,55,56,58,77,78,83,84,94,96,123,136,179,180,196,117,81,
13to 15:2,7,8,9,13,17,20,22,26,30,37,44,45,47,58,59,77,78,80,85,87,88,93,95,100,108,110,111,114,119,120,129,132,134,137,138,151,156,157,160,165,167,169,170,171,172,182,188,189,197,5,10,15,25,33,56,60,71,94,101,122,126,128,136,149,158,163,174,179,183,186,198,118,
14to 1:1,2,3,6,8,9,17,19,22,24,32,34,41,42,49,50,55,56,64,72,76,83,86,88,92,97,101,103,105,107,109,114,119,122,125,131,134,135,138,139,147,149,151,156,157,161,168,169,174,175,182,183,185,195,196,199,200,23,38,47,58,67,69,90,112,113,120,171,184,191,192,194,
14to 2:12,14,19,24,30,33,35,51,56,60,61,78,83,84,85,86,95,101,106,114,115,116,121,123,125,132,135,137,138,146,147,150,151,153,156,161,165,167,170,182,183,185,188,189,193,199,6,11,28,38,41,46,55,58,63,90,109,120,127,131,184,187,196,176,
14to 3:1,5,11,19,20,24,30,31,42,44,54,56,60,64,69,77,80,83,88,98,101,105,109,114,119,122,123,137,139,140,141,146,160,164,165,166,173,183,184,188,189,192,199,10,14,33,41,46,58,61,67,92,106,112,113,120,127,135,136,138,147,168,181,185,187,191,177,
14to 4:7,8,11,12,15,17,19,26,30,38,42,46,47,49,54,55,59,60,63,65,68,74,78,80,85,88,94,97,98,101,102,105,107,116,117,119,120,122,125,132,135,136,137,139,141,145,146,147,149,153,156,157,159,165,166,174,177,178,180,182,183,195,196,198,200,9,41,44,53,58,67,69,83,87,92,95,100,109,112,113,127,130,164,181,191,194,199,
14to 5:8,9,11,12,14,15,17,24,26,28,30,31,35,39,41,43,55,60,69,77,78,80,88,97,101,103,106,107,109,117,119,120,125,131,134,135,136,141,149,151,153,156,157,161,166,167,169,175,178,180,182,183,185,188,191,196,45,46,51,58,87,90,92,93,95,99,127,130,192,193,194,195,198,
14to 6:2,5,6,8,9,17,19,20,24,31,41,44,48,49,52,71,74,76,78,85,101,103,115,117,119,122,125,139,146,149,153,159,163,165,169,171,175,179,180,181,183,189,191,192,194,198,7,11,58,61,67,69,92,93,95,104,109,112,127,136,137,148,166,184,185,195,
14to 7:1,8,10,11,12,19,30,41,50,54,55,63,71,78,84,86,88,98,101,102,103,114,117,119,122,123,136,137,147,149,150,153,156,161,164,165,168,169,171,175,178,184,186,188,194,200,9,15,45,47,61,69,87,95,106,109,112,172,192,193,195,
14to 8:6,8,10,12,15,19,30,35,43,46,47,50,55,56,64,78,81,85,88,92,98,101,106,114,119,122,123,125,138,145,149,151,163,165,168,176,179,180,181,182,183,184,186,188,193,199,9,17,84,94,100,109,111,127,131,171,172,187,192,194,
14to 9:6,12,19,31,32,35,36,45,47,48,54,55,56,58,60,72,80,84,85,88,94,97,98,101,102,105,107,112,114,116,123,127,138,139,141,146,150,151,153,159,161,165,167,171,175,180,181,182,183,189,192,194,196,198,15,26,41,46,49,61,64,69,95,130,135,137,172,178,176,
14to 10:1,7,8,9,11,12,14,17,18,30,36,39,41,46,48,54,56,58,60,65,69,81,83,92,98,103,105,107,112,113,114,115,116,127,132,133,147,159,160,161,163,165,168,173,175,178,180,184,185,188,191,198,15,23,61,67,80,84,94,137,169,187,192,195,199,176,
14to 11:6,7,9,11,17,19,30,31,35,37,38,39,44,46,47,49,58,59,60,65,71,77,78,86,92,95,99,101,105,114,119,120,122,123,125,139,146,147,153,159,163,165,169,178,183,184,186,188,189,193,194,23,28,45,55,64,67,94,131,187,191,192,196,199,
14to 12:10,12,19,24,30,31,32,46,48,54,58,59,60,62,63,69,77,78,84,86,88,92,98,109,112,113,117,119,123,130,138,146,147,151,153,156,167,183,184,185,186,191,198,7,11,38,41,45,49,51,53,80,90,94,106,110,111,131,166,178,181,187,192,194,
14to 13:6,8,11,12,14,17,20,30,34,41,42,45,47,48,55,56,60,69,76,84,98,105,109,113,114,115,116,117,120,121,122,123,134,136,138,141,146,147,153,156,157,159,165,171,179,180,183,184,186,191,192,193,198,199,7,26,44,46,61,94,100,106,158,166,172,194,4,
14to 14:
14to 15:2,5,7,11,14,19,20,22,24,26,30,32,36,37,42,45,47,48,49,54,55,56,58,72,79,85,86,95,101,102,104,106,107,112,117,119,122,123,136,151,157,159,163,169,171,176,178,180,182,183,185,188,191,194,9,44,87,90,92,100,120,130,137,138,161,172,184,192,195,199,
15to 1:2,10,11,17,19,32,34,37,39,41,43,45,54,55,56,58,61,65,72,82,88,90,92,94,95,108,110,111,119,120,123,132,135,137,140,144,146,153,154,157,159,162,166,167,168,169,172,173,175,176,182,183,189,191,194,196,15,47,57,71,83,86,93,97,101,114,138,147,156,161,186,195,143,
15to 2:10,19,35,39,43,52,56,58,65,66,68,71,83,85,87,88,89,90,95,97,108,110,114,116,119,123,126,132,139,144,146,151,154,156,160,168,170,172,174,181,182,192,193,197,199,16,22,36,42,45,47,48,50,61,86,96,100,103,165,171,195,196,4,104,
15to 3:8,9,10,11,14,20,23,27,31,35,39,41,42,44,58,60,61,65,72,73,77,85,90,92,106,111,113,116,120,122,128,129,130,131,132,135,136,137,138,144,160,165,168,169,170,172,178,45,46,71,78,80,93,101,103,104,105,112,114,123,143,146,171,183,185,186,57,4,
15to 4:2,10,11,17,19,25,26,27,35,42,46,47,55,56,58,65,66,68,70,73,83,87,88,92,94,95,107,108,111,112,113,114,120,122,128,131,132,140,144,145,147,151,157,160,162,165,172,176,178,179,180,181,182,186,189,194,196,199,18,22,45,50,78,84,97,127,138,146,156,159,171,198,
15to 5:9,11,14,20,25,26,28,36,37,39,43,45,55,75,90,93,94,105,107,110,112,117,120,128,136,137,139,144,149,154,157,158,160,161,166,168,169,172,174,178,180,182,183,185,190,192,196,197,199,15,30,50,58,61,71,78,79,92,95,97,101,102,122,123,130,148,156,184,104,57,5,
15to 6:2,7,8,14,17,20,23,25,28,36,38,41,42,44,46,47,56,59,61,64,72,77,78,79,86,87,89,93,95,96,97,100,107,110,112,119,120,123,126,128,129,131,134,136,139,140,144,151,154,162,168,169,170,174,175,176,178,180,184,187,193,197,4,26,33,58,84,92,98,122,138,146,148,156,165,179,183,186,48,5,
15to 7:8,11,15,17,19,20,24,25,35,38,39,45,46,54,55,56,58,63,79,80,82,92,96,97,102,111,116,122,123,126,128,129,132,136,137,139,144,145,146,147,149,154,158,160,161,162,165,170,174,175,177,181,183,184,186,189,190,193,194,199,9,10,26,37,42,78,93,103,112,114,127,138,156,163,185,200,48,4,
15to 8:2,8,11,27,30,31,39,43,45,50,55,56,58,63,71,72,85,87,88,92,94,95,97,100,102,105,108,123,126,132,138,139,140,144,145,146,149,151,154,157,160,166,169,173,174,181,182,183,186,193,194,199,9,10,26,42,48,83,84,114,170,179,191,198,5,57,
15to 9:11,19,21,23,25,27,30,33,35,36,38,46,47,50,55,63,70,71,72,77,82,88,91,96,100,102,106,110,112,123,126,128,137,139,144,145,146,165,173,174,177,178,182,183,189,199,10,15,26,45,48,80,84,95,97,98,103,104,114,138,159,161,163,197,200,
15to 10:2,8,14,17,25,31,36,37,39,44,47,50,54,56,58,63,64,71,72,78,83,88,92,95,96,97,100,107,108,111,113,117,119,120,126,129,131,136,137,138,139,140,142,144,147,153,158,161,162,169,170,172,174,183,184,185,188,199,15,93,102,105,114,123,130,148,156,159,163,171,186,5,
15to 11:10,11,20,39,45,46,58,68,72,74,77,78,79,88,90,94,96,107,111,114,119,120,122,126,131,132,137,138,142,145,146,149,161,162,169,178,179,190,191,193,199,9,15,26,47,71,83,86,92,95,103,123,147,156,159,186,143,
15to 12:7,10,13,14,20,27,32,36,37,39,41,45,46,54,55,56,58,63,65,71,73,78,79,90,92,94,96,100,105,110,113,116,117,128,132,133,134,136,139,142,145,147,153,157,159,161,162,177,178,184,194,9,26,30,42,77,86,101,102,130,138,146,156,160,163,171,183,185,199,
15to 13:2,7,8,9,10,11,20,24,25,26,32,34,39,41,42,47,55,56,58,67,73,87,92,94,95,100,102,108,113,114,116,120,124,126,128,131,132,137,138,140,142,145,153,157,158,160,162,165,170,173,181,183,186,189,192,193,194,33,45,50,71,83,93,98,101,105,146,156,159,179,184,185,195,57,
15to 14:2,8,10,11,14,17,28,35,38,41,50,52,55,56,58,60,78,80,83,86,94,95,97,100,105,106,107,110,119,120,123,132,134,136,137,139,145,146,153,159,161,169,171,174,175,176,181,182,184,187,192,193,194,9,30,61,84,92,98,103,104,112,127,135,138,147,165,183,185,191,195,198,48,
15to 15:

cell1:10,8,7,2,13,9,14,4,5,3,11,12,6,15,
cell2:14,13,12,9,8,6,5,1,3,7,4,11,15,10,
cell3:14,13,1,12,9,2,15,11,8,7,10,4,5,6,
cell4:2,10,15,11,13,6,3,14,1,5,12,7,9,8,
cell5:15,10,8,6,3,2,14,12,1,13,7,4,9,11,
cell6:14,11,8,3,2,1,10,4,15,9,13,7,5,12,
cell7:15,13,9,6,4,3,1,14,11,12,8,5,10,2,
cell8:12,11,3,2,10,15,9,7,6,14,4,5,13,1,
cell9:13,12,11,7,6,5,3,2,1,4,15,10,14,8,
cell10:14,9,6,4,1,8,3,15,11,5,13,12,7,2,
cell11:15,14,13,9,7,5,4,2,6,8,1,12,10,3,
cell12:13,11,7,5,4,3,15,1,10,14,2,9,6,8,
cell13:10,2,3,6,5,15,4,9,11,12,1,7,14,8,
cell14:15,12,11,8,7,6,5,4,1,10,3,2,13,9,
cell15:12,9,4,1,5,14,13,3,10,11,2,6,8,7,
