machine1:0,1,29,158,122,82,41,156,43,101,192,26,166,58,45,8,165,169,95,83,152,78,200,6,35,61,47,15,195,98,194,171,150,55,137,54,12,99,114,22,105,168,33,174,111,154,30,86,180,157,175,129,144,181,72,125,186,147,56,17,199,119,64,3,121,28,36,77,160,50,123,
machine2:0,1,133,18,151,44,7,120,82,142,156,102,112,192,198,108,166,58,94,165,169,95,83,170,73,200,85,6,153,187,110,42,146,60,15,189,141,194,124,193,55,197,182,54,12,19,114,22,2,11,168,154,49,20,30,86,175,109,68,72,162,186,149,118,37,147,113,56,38,119,126,132,64,34,121,148,
machine3:0,29,93,51,97,52,151,76,24,7,32,185,82,173,41,156,192,27,53,108,161,165,169,95,170,191,73,200,85,163,140,61,110,184,189,195,141,194,193,138,55,182,10,2,105,92,168,172,16,33,59,30,86,127,116,175,144,69,65,113,17,115,119,135,48,128,132,28,77,160,167,188,148,176,123,
machine4:0,51,70,21,84,79,120,122,32,185,43,26,166,8,94,161,143,9,57,90,110,42,47,189,171,124,138,145,67,197,137,103,134,107,131,19,22,92,59,154,183,71,20,91,116,109,72,190,118,37,159,69,65,17,74,119,31,135,128,132,88,36,164,77,160,167,123,106,
machine5:0,133,76,41,101,198,196,58,8,94,161,178,139,83,9,170,191,78,89,200,153,163,140,90,35,100,60,15,195,141,98,66,171,62,103,134,19,114,2,105,11,92,168,174,111,49,23,86,180,129,109,144,63,190,75,37,147,159,69,65,17,74,199,132,34,28,167,148,123,39,
machine6:0,81,52,151,44,185,173,156,43,26,27,198,196,8,165,178,143,179,170,153,187,100,42,146,60,141,136,96,46,145,55,197,10,12,107,22,2,33,155,183,49,86,14,127,116,157,109,68,144,38,74,115,119,135,132,176,50,
machine7:0,29,97,52,151,158,21,7,84,120,122,82,156,102,192,108,166,161,178,169,95,83,191,89,73,153,140,35,61,110,42,60,47,189,141,66,171,150,46,138,55,62,12,114,105,11,172,111,154,183,20,175,129,68,125,190,149,147,69,65,56,38,13,31,28,164,188,176,123,39,
machine8:0,51,70,7,120,122,185,173,26,108,166,58,8,94,165,143,139,78,89,85,6,153,163,187,100,61,110,15,189,195,96,193,138,197,137,107,131,19,114,11,92,16,33,174,59,154,23,30,86,14,116,157,109,181,56,38,17,199,13,119,48,126,128,132,88,121,160,167,188,
machine9:0,133,52,122,185,80,41,43,101,198,108,196,45,161,139,9,191,73,187,90,35,61,42,146,15,98,66,171,87,150,193,138,182,10,62,12,103,107,99,105,168,33,174,155,183,30,86,180,144,4,186,159,69,113,38,13,119,31,126,164,176,106,
machine10:0,1,51,97,18,158,21,24,7,120,82,142,104,41,43,102,198,108,196,166,45,117,8,73,200,90,35,61,110,42,47,184,15,189,141,66,145,55,137,10,54,19,22,11,92,33,71,30,86,175,68,144,181,72,4,186,75,69,17,199,115,119,135,128,164,77,167,148,50,123,
machine11:0,97,158,24,122,41,43,27,53,196,166,58,8,94,161,165,178,95,170,163,100,110,146,47,15,195,141,98,87,96,150,46,138,197,137,182,103,131,22,2,11,154,71,23,14,127,68,144,63,162,125,37,159,113,56,74,199,119,126,121,36,188,39,106,
machine12:0,1,133,29,81,93,70,44,158,21,84,120,122,32,25,185,173,104,41,156,43,102,112,101,192,26,27,53,198,108,196,166,58,45,8,94,178,143,139,169,95,83,9,152,170,191,78,85,6,57,140,187,90,35,100,110,42,146,60,47,189,141,98,66,194,171,136,150,124,193,46,138,67,197,137,10,54,62,12,103,107,131,19,22,177,105,11,92,168,172,130,33,111,59,183,49,20,23,91,30,14,180,127,157,175,129,68,144,181,72,63,4,125,190,186,37,147,159,69,40,65,113,56,38,74,199,119,31,135,128,64,88,121,28,36,164,77,160,188,148,123,39,106,
machine13:0,1,5,93,97,52,44,158,21,24,7,79,122,32,185,80,142,173,156,43,112,101,192,27,108,196,166,58,8,161,165,143,169,95,83,179,152,170,191,78,73,85,57,153,163,90,35,100,61,110,42,60,184,15,189,195,141,98,66,194,171,136,150,193,46,138,145,55,67,197,137,10,54,62,12,134,107,131,19,114,22,2,105,11,92,168,130,174,111,59,155,183,71,49,20,23,86,14,127,116,157,129,109,68,144,181,72,63,162,125,190,186,118,37,147,159,69,65,113,17,199,115,13,119,31,135,128,132,88,164,77,160,167,148,50,123,39,106,
machine14:0,133,97,70,18,151,76,44,158,21,7,84,120,32,25,80,82,142,173,41,156,43,102,112,101,192,26,27,53,108,196,166,58,45,117,8,94,161,165,178,169,95,83,179,152,170,191,78,73,200,85,57,153,140,90,35,100,42,146,47,15,189,195,141,194,171,87,136,150,124,46,138,145,55,67,197,137,182,10,12,134,107,131,19,114,22,177,11,92,168,130,174,111,59,183,49,23,30,180,116,157,175,109,144,181,63,162,125,186,149,37,159,69,40,65,113,56,38,17,74,199,115,13,119,31,126,128,132,88,164,160,167,188,148,50,123,39,
machine15:0,29,5,70,18,151,44,158,7,79,120,122,80,142,173,41,156,102,112,101,192,27,198,108,166,58,8,94,161,178,139,169,95,83,9,152,170,191,78,73,85,153,140,35,100,110,42,60,47,15,189,195,141,98,66,194,87,136,124,193,46,138,145,55,67,197,137,10,54,62,12,107,19,114,22,2,105,11,92,168,172,33,174,111,59,155,183,71,20,91,30,14,180,127,116,157,109,68,144,181,72,125,186,118,147,159,69,40,65,113,56,38,17,74,199,119,31,135,88,121,160,167,188,176,106,
machine16:0,133,5,93,51,70,18,151,44,158,21,79,122,185,82,142,173,43,102,101,192,26,53,108,196,58,8,94,165,178,139,169,95,83,170,191,78,85,153,140,90,61,110,60,15,98,66,194,136,124,46,138,55,197,137,54,12,103,134,107,131,99,114,22,105,11,92,168,172,130,33,174,71,20,23,91,30,86,14,180,116,157,129,109,144,125,190,75,37,147,159,69,40,65,113,38,17,74,13,119,31,126,132,28,36,77,160,148,50,123,39,106,
machine17:0,5,93,70,18,44,158,24,79,120,122,185,104,41,156,43,101,192,27,53,198,108,166,58,45,117,94,161,178,139,169,95,83,179,9,170,153,163,140,187,90,35,100,61,110,42,146,60,184,15,195,87,136,96,150,193,46,55,197,137,182,10,54,134,107,19,99,22,105,11,92,172,154,183,71,30,180,116,157,175,129,181,125,186,149,75,118,69,40,65,56,199,119,31,135,126,34,88,121,36,77,160,167,188,50,123,39,106,
machine18:0,1,29,93,51,97,18,151,158,120,25,185,80,82,104,41,156,43,112,101,192,26,27,198,108,196,166,58,45,117,8,161,165,178,139,95,9,152,170,191,78,6,57,153,140,90,35,100,61,110,15,189,195,141,194,136,150,124,193,46,145,197,137,10,103,134,107,114,11,92,168,16,130,33,174,59,154,183,91,30,14,127,157,129,109,144,181,72,190,186,149,37,40,65,113,56,38,74,199,119,31,128,88,121,28,77,160,188,50,123,
machine19:0,1,5,93,51,97,18,151,76,44,21,24,7,84,122,32,185,80,82,41,156,112,192,27,53,198,108,166,58,117,8,94,161,165,178,139,169,95,179,9,152,170,191,78,89,73,85,6,57,153,187,35,100,61,42,146,60,47,184,189,195,98,66,194,171,87,136,150,124,193,46,138,145,67,197,54,62,12,103,107,131,19,22,2,105,11,92,168,16,130,33,174,59,183,71,23,91,86,14,180,116,157,175,129,109,68,144,181,72,162,4,125,186,149,75,37,147,159,56,38,17,74,115,13,119,135,48,126,64,3,88,36,77,160,167,188,148,123,39,
machine20:0,29,51,97,70,52,151,158,21,7,79,120,122,32,25,82,173,104,41,156,112,101,192,26,53,198,108,196,166,58,45,8,94,165,178,95,179,9,152,170,191,78,85,6,153,163,140,90,100,110,146,60,47,184,15,189,195,66,194,171,87,136,96,150,124,193,46,138,145,55,137,182,10,62,12,103,134,114,22,105,11,92,168,172,174,59,154,155,183,49,20,91,30,14,180,127,116,157,175,129,109,144,181,72,4,125,190,186,75,159,69,40,65,113,56,38,17,74,13,119,31,48,126,128,88,121,28,36,164,77,160,167,188,148,176,39,
machine21:0,1,81,5,93,51,97,70,18,151,76,44,158,21,24,7,84,79,120,122,32,25,185,80,82,142,173,104,41,156,43,102,112,101,192,26,27,198,108,196,166,58,45,117,8,94,161,165,178,139,169,95,83,9,152,170,191,78,73,200,85,6,57,153,163,140,187,35,100,61,110,42,146,60,47,184,15,189,195,141,98,66,194,171,87,136,96,150,124,193,46,138,145,55,67,197,137,182,10,54,62,12,103,107,131,19,99,114,177,105,11,92,168,172,16,33,174,111,59,154,155,183,71,49,20,23,30,86,14,180,127,116,157,175,129,109,68,144,181,72,63,162,4,125,190,186,149,118,37,147,159,69,40,65,113,56,38,17,74,199,115,13,119,31,48,126,128,132,64,34,88,121,36,164,77,160,188,148,50,123,39,106,
machine22:0,1,29,81,5,93,51,97,18,52,151,76,158,21,7,84,120,122,25,185,80,82,173,104,41,43,102,101,192,26,27,198,108,196,166,58,45,117,8,94,161,165,178,139,169,95,83,179,9,152,170,191,78,73,85,6,57,153,163,140,187,90,35,100,61,110,42,146,60,47,184,15,189,195,141,98,66,194,171,87,136,96,150,124,193,46,138,145,55,197,137,182,10,54,62,12,103,134,107,131,19,99,114,22,2,105,11,92,168,172,16,130,33,174,111,59,154,183,71,49,20,23,30,14,180,127,157,175,129,109,144,181,72,63,162,4,125,190,186,149,75,118,37,159,69,40,65,56,38,17,74,199,115,119,31,135,48,126,128,132,64,34,3,88,121,28,164,77,160,167,188,148,176,50,123,39,106,
machine23:0,70,151,76,158,84,120,32,25,82,41,156,192,26,27,53,198,108,58,45,161,95,152,170,191,85,57,153,140,187,90,35,61,110,146,60,47,15,189,141,98,171,87,96,150,46,138,145,197,137,54,62,12,103,107,19,114,105,11,168,172,16,111,59,155,183,71,20,23,30,14,116,157,175,129,63,190,37,69,113,56,38,17,119,31,128,88,121,28,77,167,148,176,
machine24:0,93,97,44,158,21,7,84,120,25,82,173,104,41,156,43,102,112,101,26,27,53,198,108,45,117,94,165,95,83,179,9,191,89,73,200,85,6,153,163,140,187,90,35,61,146,47,15,189,141,98,66,194,171,136,96,150,193,46,138,145,55,67,197,137,182,10,54,134,19,114,2,177,11,172,130,33,111,59,183,71,49,86,180,157,175,129,68,144,63,186,75,147,159,69,40,65,56,38,199,115,119,31,135,48,64,34,88,121,28,36,164,77,160,167,188,148,176,50,123,39,106,
machine25:0,1,133,93,151,158,21,84,79,120,32,185,80,104,41,102,112,192,27,198,196,166,58,94,161,165,178,139,95,170,73,200,6,153,163,140,187,35,100,110,146,60,15,195,141,98,194,87,136,150,193,138,145,197,182,54,12,103,131,19,114,177,105,11,92,168,33,174,111,154,183,71,49,20,91,180,127,175,129,109,144,181,72,63,125,190,186,159,113,38,199,119,126,128,34,88,77,167,176,50,
machine26:0,1,81,93,97,151,44,158,24,7,84,25,185,82,142,104,41,43,102,112,192,53,198,108,196,117,8,94,161,165,178,169,83,9,191,78,85,153,163,140,100,61,60,47,195,98,194,138,67,137,10,54,103,107,131,105,11,92,174,183,71,49,20,23,86,14,180,144,186,149,37,159,69,113,56,74,199,126,88,121,164,77,160,188,50,123,39,
machine27:0,70,18,52,76,158,7,120,122,25,185,104,156,43,26,108,196,58,8,94,161,165,139,179,170,191,89,6,153,187,90,100,61,110,42,184,15,141,194,171,87,96,124,193,46,138,67,137,107,131,22,11,92,16,130,111,154,155,71,20,30,86,180,116,175,129,68,72,162,147,159,69,65,56,17,199,115,119,31,48,126,121,36,167,188,148,39,
machine28:0,133,5,18,151,44,21,120,185,80,82,142,173,156,43,192,26,108,58,117,8,94,165,143,139,83,170,153,163,140,35,110,146,60,47,15,98,171,136,193,138,55,67,197,54,62,12,103,107,114,22,2,105,92,168,172,174,183,71,20,23,30,116,157,129,144,181,63,149,75,118,37,69,113,17,74,199,119,128,88,36,77,160,167,188,148,176,50,39,106,
machine29:0,1,81,5,52,76,158,84,120,185,173,41,156,43,102,112,192,27,53,198,58,8,165,169,95,179,9,170,78,73,200,6,57,153,140,100,110,42,146,15,195,141,98,66,87,96,193,46,197,137,54,62,134,107,131,105,168,172,16,183,71,23,30,14,180,127,129,68,72,162,190,186,37,147,159,69,65,113,38,17,199,119,31,48,126,128,132,64,34,88,188,123,39,106,
machine30:0,93,97,44,21,79,185,142,112,192,26,198,108,58,45,178,143,139,169,83,9,170,191,73,85,6,187,61,146,47,184,189,195,171,87,150,193,138,55,67,197,182,10,54,62,12,131,19,99,114,105,11,92,172,59,154,183,71,49,30,86,180,116,157,175,129,144,72,63,4,125,186,149,118,37,147,65,38,17,199,13,119,31,48,126,88,28,164,77,188,176,39,106,
machine31:0,29,44,158,21,79,120,82,173,102,112,101,26,27,108,196,166,58,117,94,161,165,178,143,169,95,179,9,152,191,78,200,153,90,35,100,110,42,60,47,189,98,66,194,136,96,124,193,55,67,137,10,62,12,103,107,131,19,92,174,111,59,71,20,23,86,157,109,68,72,162,149,118,69,56,38,74,199,115,13,119,64,3,88,36,77,160,39,
machine32:0,133,70,76,44,79,122,185,142,156,43,112,26,27,53,198,196,58,8,94,161,169,95,179,191,78,73,163,187,90,35,61,146,184,15,195,98,66,124,193,46,138,145,137,10,54,12,103,107,99,11,92,168,59,183,71,20,30,86,116,157,129,68,144,72,125,75,37,159,65,56,74,199,119,31,126,128,132,88,28,36,164,188,123,39,
machine33:0,1,93,18,52,151,76,158,7,84,185,82,142,173,192,27,108,196,58,45,8,161,178,139,83,9,191,78,6,57,153,163,140,187,60,15,189,141,98,194,96,193,46,138,67,137,10,103,134,107,131,114,22,105,11,172,59,49,20,180,116,157,129,109,144,190,186,65,74,199,13,119,128,64,164,77,160,188,123,39,
machine34:0,1,5,93,51,70,151,158,24,7,84,32,25,41,156,43,102,26,27,166,45,117,94,161,165,178,169,83,179,9,170,78,200,163,140,90,100,110,42,60,47,189,141,98,66,194,171,96,138,55,67,54,11,92,168,172,16,174,111,59,183,71,30,86,14,180,116,175,129,109,68,144,63,118,37,147,69,65,113,56,13,119,31,132,28,36,77,160,176,39,106,
machine35:0,97,44,158,7,120,32,41,156,43,102,112,101,26,53,198,108,196,45,117,8,94,165,139,191,78,73,200,85,153,163,35,61,110,146,184,15,195,141,98,87,136,96,150,46,145,67,197,182,10,54,12,103,107,114,22,105,11,92,168,130,33,174,183,71,20,30,109,68,144,181,72,63,162,4,125,190,75,37,147,40,113,56,17,13,119,31,128,132,88,77,160,167,123,
machine36:0,133,93,151,158,21,79,120,122,185,80,82,41,156,43,101,192,27,53,198,196,58,8,94,165,178,169,95,83,191,73,85,153,140,187,110,42,146,60,47,184,15,189,195,141,66,194,124,193,46,145,197,10,107,2,105,11,92,168,172,16,130,33,183,49,30,86,157,175,129,109,144,181,162,149,118,147,159,69,113,38,17,74,199,115,48,128,132,3,88,36,164,77,167,188,176,39,106,
machine37:0,133,51,70,76,158,7,122,185,82,142,104,41,156,43,27,53,198,166,94,178,169,95,152,170,191,89,73,200,57,153,187,35,100,61,110,146,189,194,136,96,124,46,10,54,62,103,134,131,19,22,2,177,105,92,33,59,183,71,20,14,180,109,68,144,63,186,37,159,69,65,113,38,74,199,13,119,34,28,164,77,160,167,188,148,123,106,
machine38:0,5,93,52,44,158,21,84,122,185,142,104,41,156,26,27,198,108,196,166,45,8,94,178,95,83,179,9,170,78,85,6,57,153,140,100,110,60,47,189,141,98,66,194,171,87,136,96,46,138,145,55,67,137,182,10,54,62,107,114,22,177,11,92,16,174,111,183,71,20,86,180,116,175,109,68,181,186,149,118,65,74,13,119,128,132,164,77,160,167,188,148,50,106,
machine39:0,29,81,5,93,70,18,151,158,21,24,7,120,82,173,41,156,102,101,192,27,108,45,8,94,165,95,83,9,170,191,78,85,57,140,61,110,146,60,47,184,15,189,195,141,98,66,194,171,87,150,124,193,46,138,145,55,67,197,137,10,131,114,22,172,33,111,59,155,183,23,30,14,180,116,157,129,181,149,37,159,69,113,56,17,74,199,119,48,126,128,132,64,160,188,148,123,106,
machine40:0,5,93,151,158,7,120,122,32,25,41,156,43,101,192,26,53,198,58,45,117,8,165,169,95,179,73,57,35,61,42,60,47,184,15,189,141,98,66,87,136,138,145,197,137,12,103,134,19,22,11,59,71,20,23,30,180,127,116,157,129,68,4,190,186,147,159,65,113,17,74,199,115,126,128,28,36,167,188,148,123,
machine41:0,29,93,18,76,7,84,120,122,80,82,142,173,41,156,43,198,108,58,117,94,139,169,170,78,85,6,153,163,187,100,42,60,15,189,195,98,66,194,136,96,193,197,10,54,62,12,134,19,114,22,2,177,105,11,92,168,172,16,174,111,183,49,20,23,180,116,157,175,129,181,63,162,4,186,118,37,147,69,65,113,56,17,31,126,34,88,121,77,188,50,123,39,
machine42:0,76,44,24,7,84,122,32,185,80,41,156,43,101,26,53,58,45,117,8,94,165,178,139,169,83,9,191,78,89,200,6,57,90,61,42,60,184,98,171,145,67,54,62,12,103,99,114,177,11,130,33,111,59,20,30,86,14,180,116,157,175,109,144,181,125,147,69,56,17,74,199,135,48,132,64,88,28,164,188,
machine43:0,1,133,93,51,18,24,120,122,185,41,156,102,112,101,192,198,196,166,58,45,94,161,178,139,169,95,83,179,9,85,153,140,187,100,110,42,146,60,47,184,141,98,194,193,46,138,137,10,54,62,103,134,107,131,19,2,11,92,168,174,183,71,23,86,180,127,116,175,109,181,72,4,186,147,159,69,17,199,119,31,135,64,34,88,36,77,188,148,176,123,39,106,
machine44:0,81,97,52,151,76,158,84,120,80,173,104,41,112,101,192,26,198,166,58,117,8,165,178,95,83,179,9,170,191,78,85,6,153,163,35,61,110,47,15,189,195,141,171,87,136,96,150,46,138,55,182,103,134,107,19,99,177,105,11,168,172,130,174,49,30,86,14,180,175,68,63,125,190,149,37,147,69,65,38,115,119,135,48,126,132,3,88,121,164,77,160,176,50,123,39,
machine45:0,1,5,151,44,7,84,79,122,32,82,173,41,112,192,198,196,166,58,8,94,161,165,178,139,191,78,6,153,187,61,146,184,15,195,98,194,136,150,193,46,55,182,10,12,103,134,107,131,19,22,105,11,92,168,33,59,183,49,14,127,109,181,149,159,113,56,38,17,115,119,31,48,3,28,77,167,188,123,106,
machine46:0,133,97,158,21,79,120,32,25,82,173,112,192,26,27,108,166,58,45,8,94,165,178,169,73,140,187,90,35,100,61,146,184,195,194,171,136,96,193,145,137,10,131,2,11,92,172,183,30,14,116,175,144,72,162,75,37,159,17,126,128,132,64,88,28,77,160,123,106,
machine47:0,5,97,70,52,151,158,7,79,120,122,185,43,102,112,101,192,58,45,94,178,139,95,83,179,9,191,57,153,163,90,35,100,61,110,146,47,15,98,96,124,46,138,145,55,197,137,182,10,103,19,114,11,92,16,130,71,20,14,180,157,129,144,181,72,4,190,37,147,65,56,48,128,132,34,28,77,160,148,50,39,
machine48:0,97,70,18,151,44,84,122,32,142,104,41,156,112,26,198,108,196,58,117,161,165,178,169,95,83,179,9,170,89,200,85,163,187,90,100,61,110,42,47,184,15,194,87,193,138,67,197,137,10,54,134,107,131,2,105,92,168,172,130,174,111,183,71,49,23,91,127,129,162,186,149,118,65,56,17,74,199,13,135,126,188,39,
machine49:0,97,44,7,122,25,82,142,104,156,102,101,108,166,58,161,165,143,139,170,191,78,153,90,42,146,60,47,184,189,195,66,96,138,145,55,137,10,103,134,107,19,114,22,105,11,92,33,59,183,71,30,86,116,157,68,72,186,149,147,38,13,119,135,48,126,128,132,36,160,167,188,148,176,50,39,
machine50:0,93,24,120,25,185,80,173,41,102,112,196,45,94,161,165,139,95,83,9,170,191,78,200,85,57,140,100,61,146,47,184,189,194,87,138,55,137,182,10,19,114,2,177,105,92,172,16,111,154,183,20,30,14,157,181,63,37,113,56,199,119,31,48,132,64,88,36,148,123,106,

1to 1:
1to 2:18,19,23,29,30,31,42,43,47,48,53,55,56,65,66,69,72,94,95,97,103,107,109,113,115,116,119,123,125,133,138,141,144,148,154,156,157,158,166,167,176,183,185,192,193,196,199,1,8,12,15,22,37,61,68,82,86,89,98,110,114,120,121,131,132,139,150,160,164,181,186,189,197,
1to 3:12,20,22,23,36,42,56,58,63,64,65,72,73,86,92,94,108,110,111,116,123,125,138,140,141,142,144,160,161,166,167,180,187,190,196,199,1,37,43,44,47,49,60,67,69,77,88,113,122,128,137,150,152,153,156,159,168,169,175,181,186,189,191,192,
1to 4:2,7,11,12,15,17,19,23,26,30,35,38,41,42,43,55,59,65,69,70,72,74,85,88,94,102,105,109,110,116,118,119,123,124,126,135,138,141,142,144,145,159,162,180,181,182,183,200,22,27,29,58,68,82,83,92,101,107,113,122,133,137,153,160,167,168,170,189,193,195,
1to 5:1,9,15,16,23,26,28,30,34,41,51,55,59,61,69,71,77,82,88,91,92,95,99,110,119,120,123,129,133,134,138,147,148,154,156,161,165,166,170,175,190,191,192,194,12,22,37,43,54,57,58,93,98,101,107,108,109,114,128,153,160,163,184,186,197,
1to 6:2,9,17,18,20,28,29,32,33,37,42,48,49,51,66,71,74,76,82,86,91,92,95,98,101,103,109,110,115,121,138,146,147,148,154,156,160,161,162,163,165,167,180,185,189,193,194,198,3,24,35,39,41,57,69,72,77,78,88,108,122,139,144,150,152,153,168,170,171,175,181,184,196,197,
1to 7:12,15,21,26,33,38,43,54,55,58,62,65,69,83,102,103,105,108,109,112,119,123,132,137,140,144,147,148,149,154,161,163,165,168,175,182,184,188,191,193,194,196,198,199,200,11,17,27,34,36,44,45,49,57,67,68,78,86,88,122,139,156,164,171,181,186,189,197,
1to 8:6,9,12,20,21,30,33,34,42,47,54,56,62,64,65,69,71,73,76,83,85,94,99,101,110,122,124,144,148,154,162,165,170,172,173,181,182,190,193,194,199,11,15,28,49,58,82,98,109,114,131,153,159,163,166,168,169,175,189,
1to 9:9,12,19,20,28,31,38,39,41,47,53,54,56,58,59,60,63,70,72,82,83,86,98,101,102,105,113,116,119,121,125,141,148,158,159,161,163,176,198,199,200,11,15,16,17,27,35,37,77,93,106,107,111,120,123,129,134,137,153,156,164,170,171,174,175,183,186,
1to 10:7,9,11,12,15,20,21,30,31,34,42,56,60,61,62,65,69,86,88,92,94,100,103,107,110,119,121,123,128,134,138,148,151,156,158,159,161,162,165,168,172,175,176,180,185,190,196,198,199,1,8,17,22,27,37,58,68,71,72,82,113,114,120,124,153,169,170,186,191,192,200,
1to 11:6,7,17,20,26,28,30,38,43,55,59,62,63,65,66,71,72,76,83,88,90,93,103,118,119,122,125,137,138,151,157,159,161,162,169,171,172,180,183,192,193,198,200,3,8,11,22,35,36,37,44,45,49,54,58,77,82,86,92,94,108,109,131,150,152,163,199,
1to 12:2,7,17,21,30,43,51,58,63,78,86,88,94,105,107,110,116,118,119,124,138,145,147,157,161,162,163,165,169,180,181,185,198,200,1,8,15,24,37,41,53,55,69,71,77,82,89,92,93,98,113,120,131,132,144,153,156,164,183,189,191,195,
1to 13:12,15,17,21,29,32,41,42,47,54,56,65,66,74,77,83,85,86,93,94,98,100,110,116,118,119,120,122,138,141,145,148,151,153,156,158,159,163,167,173,180,181,192,193,194,198,8,11,22,28,37,43,45,55,58,67,69,113,123,128,134,150,160,166,168,170,174,184,186,197,199,
1to 14:2,7,15,31,35,41,47,48,53,59,61,62,77,78,88,93,95,101,113,114,115,116,119,122,135,145,151,161,173,175,180,181,182,185,189,191,193,200,1,17,28,36,43,45,49,55,58,60,64,69,71,86,92,94,98,106,109,120,123,132,133,159,166,169,171,184,195,199,
1to 15:2,7,17,23,26,32,38,41,42,45,47,56,59,63,70,74,77,78,79,82,86,91,93,95,97,100,102,103,110,113,122,124,132,137,145,148,151,154,161,163,166,170,178,182,185,190,191,192,194,198,24,28,35,36,43,50,55,58,72,89,92,107,108,114,120,134,138,139,144,156,160,165,169,171,183,
2to 1:2,7,11,15,24,26,41,45,56,58,59,60,61,72,74,82,84,102,103,107,108,110,114,115,119,120,123,128,137,139,150,153,154,156,157,166,167,172,173,174,181,182,183,184,185,189,190,199,1,8,12,17,21,22,28,30,35,36,42,51,62,63,71,86,98,122,126,132,151,162,163,170,
2to 2:
2to 3:4,8,14,15,20,24,31,35,41,46,49,50,58,60,61,66,68,72,73,80,81,85,98,102,105,106,107,109,119,139,141,148,150,156,160,167,171,173,187,197,1,6,10,12,17,19,22,30,36,38,42,43,65,69,92,95,100,103,108,111,116,122,123,125,137,144,162,163,164,186,199,
2to 4:11,15,22,27,30,43,53,54,55,58,66,73,74,78,83,85,87,88,94,95,108,114,117,120,131,133,138,139,140,141,146,149,150,153,158,164,167,168,171,174,182,186,189,191,195,197,7,14,17,19,21,35,38,42,47,62,68,69,100,102,105,109,113,122,132,135,157,162,178,192,198,
2to 5:11,23,24,30,31,33,41,50,55,74,78,82,88,94,95,99,106,107,108,110,113,114,117,121,137,138,139,140,148,149,150,151,154,158,161,166,172,174,184,185,193,195,197,199,15,28,43,44,46,61,69,96,103,109,116,119,120,123,144,157,170,178,183,192,196,
2to 6:4,8,11,14,15,20,22,24,31,33,41,42,55,56,58,59,60,61,72,77,82,89,95,97,103,104,105,109,110,114,119,120,123,131,138,144,146,147,148,150,154,156,166,168,174,178,179,181,182,184,185,186,195,197,12,16,19,21,27,30,36,38,45,52,62,100,113,116,122,126,136,158,165,196,198,
2to 7:4,7,10,11,15,23,27,38,39,41,43,49,56,59,61,78,80,85,86,88,94,97,104,107,108,110,114,115,119,121,123,140,142,144,149,150,151,156,158,159,161,164,174,182,186,188,190,191,193,198,200,1,14,17,26,30,33,51,63,65,68,69,70,102,103,105,126,131,132,137,141,157,162,163,178,189,195,196,199,
2to 8:2,8,9,11,14,15,22,33,39,47,49,52,62,71,72,73,77,82,85,87,97,107,109,119,120,138,139,144,154,158,168,173,174,176,181,186,191,193,197,198,16,17,18,26,38,43,46,51,56,63,65,69,95,98,100,108,122,137,163,164,165,183,199,
2to 9:11,15,21,27,31,45,46,47,50,55,61,71,73,82,85,86,98,106,110,128,140,145,146,153,156,159,161,174,176,181,182,183,185,189,190,197,200,12,19,28,38,43,48,69,96,102,103,108,113,125,141,151,165,175,178,187,195,196,198,199,
2to 10:15,17,22,27,30,39,47,50,55,58,66,72,77,78,85,86,88,95,97,100,102,103,106,107,115,119,128,129,138,139,142,143,144,153,164,173,174,188,191,197,1,8,16,18,37,43,48,61,68,69,92,108,120,126,132,137,141,155,158,165,171,178,183,185,186,196,198,199,
2to 11:10,11,12,15,22,26,28,31,39,43,49,55,58,59,61,71,72,75,77,78,82,84,85,86,90,107,109,120,129,138,139,141,142,145,146,154,161,166,169,176,188,193,197,198,7,13,18,35,36,38,46,65,92,100,103,116,119,126,136,137,143,164,178,186,195,196,
2to 12:2,8,11,13,15,24,31,51,53,58,73,85,87,94,104,108,109,113,117,123,139,153,156,161,167,169,171,174,176,188,199,4,7,10,14,16,22,27,33,36,38,43,68,69,86,89,95,97,98,105,110,141,144,151,158,164,183,185,189,196,198,
2to 13:2,8,9,10,11,15,20,33,41,43,47,61,66,68,73,94,95,106,108,110,113,114,115,117,119,131,137,138,141,145,151,153,156,157,158,167,173,181,183,184,186,188,189,190,197,198,4,6,16,21,22,23,28,42,46,62,65,98,100,120,122,123,126,164,171,
2to 14:8,9,11,14,22,24,26,41,42,43,47,49,51,52,56,58,59,60,68,74,77,78,80,84,88,96,98,102,104,106,107,109,114,115,123,133,137,139,146,150,151,153,156,157,159,171,174,176,181,182,183,184,185,188,190,198,4,7,33,38,46,69,86,103,105,110,119,120,122,126,144,
2to 15:2,8,11,15,20,24,26,33,38,39,41,43,52,58,60,68,80,101,105,108,110,114,119,123,127,129,137,138,140,142,144,145,146,153,154,156,157,161,176,179,182,188,199,7,10,14,18,19,22,28,35,42,45,47,48,56,86,92,95,96,97,98,100,102,122,143,178,183,185,197,
3to 1:1,8,10,12,15,19,20,30,31,35,41,42,45,47,49,58,60,65,69,71,77,79,88,93,94,101,109,110,113,116,118,119,120,123,127,129,131,137,138,144,147,148,156,157,160,161,166,169,170,173,175,181,183,186,191,192,193,2,29,32,33,36,39,54,59,73,78,83,105,114,128,132,133,135,146,168,199,
3to 2:8,10,11,13,19,23,30,31,37,41,42,44,53,58,61,69,71,72,85,88,94,106,108,110,119,120,121,127,132,137,138,139,141,144,146,147,148,150,153,155,159,160,161,164,167,168,169,178,181,186,187,189,191,196,197,14,29,33,39,47,62,73,92,105,114,116,122,123,125,135,136,158,199,
3to 3:
3to 4:10,11,19,20,23,27,30,31,40,41,44,46,49,54,58,66,67,68,70,71,72,80,83,85,92,94,95,101,102,105,110,111,118,120,128,136,138,141,142,144,156,158,160,164,167,168,174,178,180,189,191,193,194,198,199,12,22,33,47,55,56,59,73,91,107,114,125,140,147,179,
3to 5:1,5,14,19,23,28,31,35,36,38,39,41,43,45,50,54,57,60,61,65,69,70,77,78,80,83,95,109,112,116,118,120,131,137,138,152,153,156,157,158,160,166,168,169,170,185,199,20,30,55,59,92,101,106,114,122,123,125,130,132,135,136,148,190,192,
3to 6:1,5,6,8,11,19,23,24,27,41,46,49,55,57,58,59,67,70,77,80,88,90,92,104,116,125,127,128,129,139,144,147,152,153,157,159,160,164,165,166,167,169,171,173,175,181,185,186,189,196,198,10,14,20,22,29,91,112,114,146,148,168,192,
3to 7:1,6,8,10,11,19,20,27,31,35,39,41,42,43,45,49,50,57,59,63,65,67,68,69,72,77,79,80,85,88,92,93,102,106,108,111,112,123,128,129,131,136,137,138,139,142,144,148,150,156,157,158,159,163,164,169,170,175,181,184,185,189,194,195,199,12,14,30,33,37,54,55,56,83,97,107,113,114,119,160,168,177,190,191,
3to 8:5,6,8,9,12,27,31,38,41,42,43,49,62,63,65,66,69,72,73,77,80,84,85,90,98,108,110,123,135,136,137,146,148,152,160,162,167,168,171,173,175,180,181,189,190,191,199,20,39,81,83,88,92,100,105,114,122,125,132,144,157,165,188,
3to 9:15,19,20,23,27,28,31,35,38,41,45,46,53,60,63,71,73,80,95,102,105,108,111,113,120,123,128,137,138,141,145,148,150,159,163,164,167,168,171,172,173,175,180,183,185,186,189,192,196,197,198,199,12,14,25,32,37,59,67,77,88,97,106,119,144,158,177,179,
3to 10:1,5,8,12,30,37,41,42,43,46,55,58,60,62,63,68,69,71,72,77,78,80,83,84,85,88,93,94,98,108,110,111,114,116,120,123,124,131,147,156,161,164,168,169,181,185,186,190,191,195,197,198,199,14,20,39,47,54,56,67,106,128,129,136,140,141,143,148,158,165,179,188,192,
3to 11:9,11,19,20,27,28,31,37,38,39,45,47,49,54,55,58,59,60,62,65,71,72,77,78,88,93,95,98,111,116,123,125,128,131,137,138,141,145,156,157,164,169,173,178,180,183,185,186,189,194,197,10,12,21,30,67,97,112,114,129,144,146,160,179,190,191,192,199,
3to 12:4,8,10,11,13,14,20,24,27,31,39,41,42,45,46,53,63,65,68,69,77,78,80,83,88,92,94,98,106,108,113,118,120,128,138,142,144,146,152,153,156,160,163,164,168,170,172,178,183,184,189,191,198,2,17,32,54,56,67,101,119,122,130,133,140,141,157,165,177,
3to 13:4,12,20,23,31,36,39,41,42,44,46,50,61,62,65,67,69,77,78,80,88,93,94,95,101,108,110,116,120,123,127,129,136,137,138,141,145,147,153,157,160,163,169,171,172,173,175,180,181,186,197,10,17,29,37,55,59,81,92,106,114,122,132,148,158,188,199,
3to 14:1,4,8,15,19,26,31,38,39,41,42,49,53,58,59,60,61,64,65,67,77,79,80,92,93,94,98,109,113,119,120,123,131,134,137,138,153,156,159,161,171,175,181,183,184,185,199,14,30,46,78,88,111,127,135,136,141,164,165,168,179,187,188,192,
3to 15:8,10,11,19,20,24,31,41,42,43,44,46,49,50,54,58,71,72,80,93,102,108,113,114,116,120,123,127,128,130,136,137,138,139,142,144,145,153,156,159,160,161,163,167,169,171,172,173,181,183,184,186,189,190,191,193,194,197,199,2,14,25,32,37,55,67,83,92,97,100,107,112,129,148,165,
4to 1:2,7,15,26,27,30,32,37,45,47,54,57,59,60,65,69,79,82,83,91,92,97,98,100,102,105,110,113,114,118,120,123,134,137,140,141,153,156,170,172,174,178,182,183,189,191,192,194,199,8,11,19,22,42,55,58,68,74,85,95,101,106,108,109,111,115,125,138,152,160,164,180,193,195,196,
4to 2:8,10,27,38,39,41,53,55,58,66,68,71,74,82,87,92,94,97,100,102,105,108,113,120,121,128,137,141,144,146,150,151,164,166,178,180,182,197,9,11,15,19,21,22,33,35,42,63,69,85,95,106,107,109,135,138,153,156,176,193,195,196,199,
4to 3:8,9,19,22,27,41,44,46,55,57,58,60,65,67,68,72,74,80,92,95,102,105,108,110,112,113,115,118,120,128,130,131,137,138,140,146,158,159,160,161,168,181,183,189,191,197,10,30,31,59,66,73,85,88,101,107,111,132,136,153,155,157,167,174,177,179,180,195,196,
4to 4:
4to 5:5,9,11,22,37,43,53,55,57,58,59,60,66,69,74,78,80,85,88,91,92,94,95,97,98,105,107,109,110,112,116,119,125,128,134,137,140,151,170,172,180,182,183,186,192,193,197,198,18,29,30,35,38,40,65,83,101,108,114,126,136,152,153,160,174,199,
4to 6:8,9,19,20,30,33,38,41,44,53,55,57,66,69,82,87,90,92,100,101,105,107,110,112,116,119,125,127,131,140,144,145,148,153,156,164,166,170,172,178,180,181,183,186,189,191,194,7,18,22,27,47,58,65,74,85,88,94,95,135,136,152,155,173,174,179,
4to 7:38,39,41,46,47,54,55,65,66,67,74,78,79,84,87,92,94,112,114,128,144,150,164,168,186,188,189,199,15,19,21,27,30,40,62,69,85,88,107,108,109,115,125,136,142,152,155,169,196,
4to 8:2,7,8,9,10,11,19,22,27,30,33,38,39,47,55,57,65,66,71,72,82,83,87,90,92,94,95,98,110,115,117,125,128,132,136,137,138,140,141,144,145,146,159,160,165,181,183,186,189,194,21,26,31,35,40,42,56,62,69,73,74,84,85,88,101,107,135,152,162,167,168,170,180,182,193,
4to 9:11,20,30,32,33,38,43,45,46,53,55,56,57,59,67,71,73,87,92,95,97,98,100,105,107,113,117,119,120,127,128,131,141,145,150,153,158,161,170,172,180,181,182,186,189,191,197,15,19,26,27,35,47,63,69,85,94,114,140,155,157,167,176,
4to 10:7,8,11,20,27,37,39,41,44,46,53,57,67,72,74,80,82,87,92,94,98,112,113,114,116,123,127,133,138,146,153,161,164,165,168,170,174,180,181,183,186,188,191,192,197,200,9,15,21,31,42,47,54,55,58,62,66,69,78,84,88,100,102,106,107,126,140,142,157,167,176,194,195,196,199,
4to 11:9,13,17,20,30,38,39,46,55,60,65,66,67,69,71,78,88,95,98,105,107,114,117,118,125,138,141,145,158,164,166,188,189,192,197,199,21,26,27,29,35,54,58,62,70,74,83,94,106,108,122,126,142,173,178,180,194,
4to 12:8,10,11,13,22,30,32,37,41,46,47,53,54,57,58,59,66,67,68,73,78,80,82,84,92,94,95,100,110,113,115,118,128,130,141,142,144,146,149,156,158,160,164,165,170,178,180,183,188,189,191,194,7,15,21,26,27,40,65,69,70,101,109,120,136,138,140,152,174,182,195,
4to 13:2,11,12,22,23,55,56,57,67,68,73,83,87,92,98,110,113,114,116,118,124,126,128,131,137,141,145,149,153,160,168,186,189,191,194,195,199,7,9,15,21,47,65,66,69,78,85,88,94,100,101,108,140,155,156,167,170,174,177,179,180,
4to 14:2,7,8,9,11,12,15,17,18,22,26,35,38,41,46,53,60,79,80,82,84,92,102,107,113,117,123,127,131,136,147,158,159,161,164,165,171,178,180,183,188,189,191,193,47,62,63,85,88,95,101,114,115,125,134,153,167,174,192,195,
4to 15:2,8,10,13,26,31,32,39,41,46,47,56,58,59,66,67,83,92,95,97,101,107,110,112,113,114,118,119,120,127,128,130,132,144,145,146,148,149,158,165,181,183,186,191,192,197,9,11,19,21,30,42,55,65,85,88,94,100,102,106,108,122,126,136,138,140,142,153,157,160,170,177,178,193,199,
5to 1:9,12,17,19,27,31,36,39,41,50,51,59,60,61,69,72,74,77,82,83,86,90,93,94,95,98,99,101,108,109,110,114,120,121,122,125,126,134,135,137,144,148,154,156,157,158,161,163,165,170,174,180,185,195,196,199,6,15,29,43,58,92,113,119,123,127,129,138,140,141,175,190,198,
5to 2:11,12,14,18,20,22,27,28,50,54,55,58,66,69,75,85,90,97,98,105,108,120,128,131,135,139,140,150,154,156,159,170,174,180,181,185,186,188,189,190,192,195,196,198,30,38,42,43,87,92,95,103,107,109,110,121,122,123,127,141,144,151,175,178,
5to 3:11,12,14,20,22,30,35,41,44,46,50,55,56,58,60,69,77,88,90,92,93,98,100,105,106,107,108,109,110,112,114,120,123,128,137,138,148,153,157,158,159,160,167,169,180,181,184,190,192,196,197,29,37,38,39,42,79,95,101,119,130,136,140,147,161,168,175,185,189,193,194,198,
5to 4:9,11,19,22,27,31,40,50,55,57,58,59,66,69,80,82,88,90,105,112,114,118,119,122,128,130,133,135,136,137,138,139,140,144,145,152,153,156,157,158,160,161,168,170,174,178,180,181,186,188,191,192,197,198,30,38,44,46,54,65,70,74,79,85,87,92,95,101,106,107,109,124,151,182,193,
5to 5:
5to 6:12,14,18,20,22,24,25,27,28,33,45,54,57,58,69,70,71,72,75,78,82,88,91,92,94,96,104,107,110,112,116,123,126,128,129,130,138,139,153,154,157,158,159,160,163,165,168,172,179,180,181,185,190,191,192,198,1,31,37,38,41,53,74,85,87,90,101,103,109,113,127,136,140,144,151,166,170,178,187,189,193,194,
5to 7:8,10,11,14,20,26,31,39,40,44,45,50,57,58,60,61,69,77,78,88,93,95,99,107,108,114,121,125,126,128,129,136,137,139,140,142,149,152,154,156,158,160,163,174,181,186,188,191,193,196,15,27,30,37,79,85,92,96,101,103,109,113,119,122,132,144,147,150,151,168,175,182,185,187,190,197,
5to 8:8,9,11,26,27,30,34,40,41,45,46,50,55,56,58,69,71,74,80,82,94,98,99,101,105,114,117,120,122,123,126,128,131,134,137,138,139,151,154,157,158,160,166,168,169,170,179,180,185,186,188,189,190,191,199,39,43,51,87,90,92,95,108,109,119,124,140,141,144,161,172,178,192,197,
5to 9:11,12,15,16,25,26,30,31,33,34,40,41,50,55,58,59,60,69,71,82,85,93,94,98,103,105,106,114,117,119,130,134,136,137,139,140,150,151,153,156,157,183,186,198,199,35,39,44,46,65,79,91,92,96,101,161,165,170,172,187,189,190,192,197,
5to 10:8,11,14,15,20,22,23,25,39,43,50,60,61,69,71,75,78,93,98,102,105,106,108,110,112,114,116,117,119,122,123,126,129,130,134,137,139,142,149,153,157,158,159,160,165,169,170,180,188,190,191,192,195,196,197,198,199,18,30,42,46,53,58,65,80,85,92,95,96,107,113,124,138,140,151,161,168,172,175,194,
5to 11:9,10,11,15,20,22,26,28,31,39,45,46,57,58,60,61,72,77,78,86,90,92,93,94,98,102,107,108,116,117,118,119,126,128,131,137,138,139,142,149,157,160,169,173,178,180,184,186,188,190,191,193,196,197,199,6,43,44,74,75,79,95,96,99,101,103,144,172,189,
5to 12:9,10,11,13,17,20,24,26,30,31,37,40,43,45,51,54,58,61,69,71,77,90,94,95,96,98,100,109,117,118,119,128,131,136,145,149,153,158,159,160,163,165,167,169,170,178,180,183,184,186,188,191,199,38,39,41,42,46,65,80,85,92,93,107,108,110,113,122,124,130,141,144,147,151,172,175,193,198,
5to 13:10,11,14,19,22,23,30,33,45,50,55,60,69,71,78,92,93,94,98,100,101,105,106,108,109,114,118,122,123,126,134,137,139,145,148,149,153,157,158,160,166,167,170,179,180,181,186,191,192,195,197,5,15,41,43,44,46,53,65,87,95,121,127,138,140,141,147,163,172,175,178,190,
5to 14:8,9,11,14,17,20,30,34,37,46,50,60,61,69,74,80,88,92,98,99,101,105,109,113,117,123,125,133,134,135,139,145,149,153,166,169,174,180,181,184,188,195,196,198,1,41,42,44,51,58,65,95,122,137,138,147,151,161,163,165,178,185,190,194,
5to 15:10,11,13,17,20,24,25,30,31,34,35,41,45,50,58,59,61,71,83,85,90,91,94,97,102,114,120,123,126,128,134,136,137,139,140,142,144,145,148,149,151,154,157,160,161,169,170,183,186,189,190,196,197,39,44,78,92,96,101,103,108,112,119,124,130,132,138,172,178,184,187,194,
6to 1:8,11,15,16,22,45,47,49,53,55,56,59,66,72,82,88,94,95,97,100,110,119,123,125,126,127,129,131,138,148,154,156,157,160,165,170,174,175,180,181,185,190,193,194,198,6,9,12,17,20,26,28,30,33,51,52,58,64,69,76,91,101,109,121,122,144,153,159,166,167,168,173,192,195,
6to 2:4,8,12,13,22,26,27,31,37,41,47,49,51,56,66,68,69,78,82,95,100,103,110,113,116,126,127,128,129,138,146,155,156,157,160,164,175,176,178,184,186,197,198,2,7,11,14,19,20,28,30,35,38,44,61,72,85,87,108,119,120,139,144,145,148,150,153,154,159,166,167,171,173,174,179,180,185,189,195,
6to 3:4,7,8,12,22,32,36,37,39,46,49,53,56,60,61,62,67,73,103,107,108,110,127,128,129,131,136,137,150,153,156,159,160,165,169,175,186,14,20,21,27,28,41,52,57,58,72,92,100,101,121,130,144,145,146,148,158,166,168,173,184,189,191,197,
6to 4:7,12,13,20,25,26,33,44,47,53,54,56,58,59,65,66,67,69,70,80,82,85,97,100,101,105,107,109,110,116,124,125,126,128,136,146,150,156,164,165,167,168,170,173,174,175,180,191,193,194,2,8,9,11,19,27,38,40,41,57,72,74,78,92,95,121,144,145,152,153,158,166,178,179,182,189,197,
6to 5:5,9,12,14,20,22,31,33,37,38,51,61,77,79,82,93,94,97,107,116,117,125,127,128,129,131,134,137,150,153,158,160,163,170,173,175,180,184,197,6,11,21,30,39,58,69,78,85,91,92,95,100,104,109,119,120,139,144,154,167,168,178,189,192,
6to 6:
6to 7:4,8,12,21,26,31,32,33,37,38,49,51,59,62,69,84,88,93,98,100,103,123,125,126,128,136,140,149,154,156,157,160,164,173,175,178,181,183,184,186,190,191,194,197,10,11,19,20,24,27,35,46,58,60,64,92,104,112,119,122,144,146,147,148,150,152,153,159,165,166,168,171,198,
6to 8:5,7,12,14,18,26,38,62,66,69,78,80,84,95,98,105,123,124,125,126,129,136,146,159,160,161,165,169,173,175,180,181,183,184,186,191,192,193,2,21,27,41,49,58,76,85,87,88,108,134,148,154,166,168,170,182,185,187,189,194,197,
6to 9:9,15,20,25,37,48,61,67,77,88,90,91,93,97,101,103,116,123,128,129,131,144,158,165,167,170,172,175,176,178,179,180,183,186,190,193,194,196,197,19,27,35,41,46,58,60,64,71,87,104,119,120,121,145,146,148,150,153,159,166,187,192,
6to 10:2,5,6,9,12,18,21,25,27,37,38,48,55,58,61,62,67,69,84,85,92,95,98,100,107,110,115,116,117,119,124,126,128,153,156,159,164,169,170,174,175,176,178,179,191,193,195,20,22,30,39,78,86,87,104,121,122,144,146,148,165,168,180,185,192,197,198,
6to 11:7,17,18,37,47,49,53,56,59,62,66,67,68,75,82,92,93,94,103,116,119,122,125,129,136,146,156,157,158,160,170,175,178,183,186,188,189,194,9,12,13,19,20,26,30,38,39,46,52,57,58,60,72,76,78,86,139,174,179,184,185,192,196,197,198,
6to 12:4,7,20,21,32,37,39,45,48,53,56,65,67,71,77,80,84,88,89,92,96,97,98,117,124,128,129,136,138,146,156,157,158,160,164,170,178,180,181,183,186,188,191,194,198,2,3,8,9,10,11,17,27,28,33,41,46,51,69,100,119,139,147,159,166,167,174,179,184,
6to 13:4,7,12,21,26,31,37,44,48,53,71,78,85,88,93,95,96,109,115,126,127,129,131,136,146,156,157,163,165,167,170,180,181,183,184,186,189,190,191,11,20,22,24,41,57,59,60,61,66,77,87,92,100,119,120,139,148,151,159,168,173,175,179,187,195,197,198,
6to 14:4,15,31,32,38,47,48,58,59,60,61,62,69,80,84,88,92,94,95,103,105,110,116,125,131,136,150,153,158,163,169,179,180,181,185,190,193,194,6,8,9,14,17,19,20,26,39,41,49,51,57,64,78,109,119,122,130,147,159,165,168,175,182,184,187,189,195,196,
6to 15:7,18,22,25,33,37,44,48,55,67,71,78,94,95,100,101,103,124,129,137,138,144,148,158,160,169,170,178,180,183,184,185,186,193,194,197,2,11,14,16,17,26,57,58,72,88,92,104,108,112,114,139,145,146,147,153,154,159,165,166,173,174,182,188,189,192,196,
7to 1:9,11,17,19,20,21,26,30,35,41,42,47,49,51,56,59,64,65,67,69,77,79,82,85,86,88,92,94,101,102,103,105,108,114,115,116,118,119,120,121,122,125,138,141,144,147,149,150,151,152,158,161,165,168,174,175,180,181,184,186,191,192,15,27,37,54,93,107,109,123,124,129,137,140,160,171,189,200,
7to 2:4,10,11,13,14,15,18,21,26,30,33,38,42,47,49,56,58,63,68,84,87,92,94,96,98,102,103,107,110,113,115,116,122,125,128,131,138,144,145,146,147,148,154,155,158,164,165,166,174,181,184,186,191,196,197,199,27,31,43,45,61,97,100,108,114,119,129,132,137,157,163,188,190,
7to 3:4,5,9,10,11,19,20,27,30,33,39,41,46,47,49,50,56,63,64,67,68,77,80,88,93,94,100,101,102,103,105,107,109,119,120,123,128,136,138,147,148,152,157,158,164,172,177,178,180,181,185,188,190,191,193,196,1,25,37,54,70,78,112,114,129,137,141,144,150,160,166,169,171,
7to 4:7,11,15,20,21,26,35,38,46,49,55,57,58,59,63,67,69,78,82,85,87,88,92,98,101,107,109,117,118,122,123,126,132,136,137,144,147,149,156,162,164,170,186,191,192,193,195,197,10,27,30,66,76,94,108,112,114,140,166,189,
7to 5:9,10,11,17,19,23,27,31,35,40,43,45,50,55,65,69,77,79,85,88,92,98,99,100,101,102,103,106,109,112,116,117,118,119,123,136,139,148,149,154,156,160,170,172,174,175,178,181,185,199,1,15,26,30,37,70,93,107,113,124,129,137,140,147,150,151,163,166,190,
7to 6:4,5,8,9,14,17,18,19,20,21,24,26,30,35,38,45,46,47,48,49,51,59,67,69,77,82,85,87,88,92,94,95,103,107,115,116,122,127,129,136,139,140,145,148,149,152,156,160,162,164,165,175,178,181,184,185,186,189,191,192,193,194,195,196,25,27,33,37,109,112,121,124,144,150,163,166,188,190,
7to 7:
7to 8:10,11,14,17,19,20,26,38,40,41,45,49,50,54,63,64,65,77,81,83,84,85,87,88,98,99,105,108,109,110,119,122,123,128,132,138,140,144,146,148,149,158,160,162,164,165,168,170,180,181,182,184,188,190,193,195,196,198,27,33,37,43,62,82,93,114,137,150,153,186,
7to 9:10,11,17,19,20,21,25,33,35,36,38,39,40,41,43,45,46,47,50,63,68,69,71,73,80,84,85,88,94,97,106,107,110,119,123,126,127,131,137,139,141,145,146,148,150,151,157,158,161,163,165,168,170,175,178,181,186,189,191,193,195,197,15,31,54,56,76,82,103,108,112,114,121,129,140,171,190,200,
7to 10:8,9,10,17,24,25,26,30,36,47,48,50,56,58,67,68,69,77,78,81,84,92,93,94,102,103,106,107,108,116,117,126,127,131,140,142,147,149,156,157,158,160,161,162,163,164,165,170,171,175,184,191,193,194,197,198,199,200,15,23,31,39,43,76,82,112,121,123,128,137,144,153,188,190,
7to 11:7,9,11,19,21,30,35,38,39,47,49,57,59,63,77,78,82,88,94,97,101,103,105,107,109,110,112,114,123,125,126,132,142,147,149,152,156,158,161,162,164,166,173,178,180,191,193,197,198,10,15,61,64,76,93,119,124,131,137,144,157,160,171,200,
7to 12:4,7,8,10,13,15,20,30,39,41,45,47,48,51,62,63,65,68,77,86,88,92,93,97,100,101,105,107,108,109,110,117,118,122,128,132,136,139,142,151,158,160,161,162,163,164,165,182,184,191,193,37,61,72,76,94,114,119,131,144,147,149,153,157,168,169,189,197,200,
7to 13:4,11,12,17,21,39,41,42,45,47,54,56,60,68,77,78,84,85,87,88,92,98,100,101,106,108,116,117,122,126,128,132,136,140,142,145,147,148,158,163,164,171,180,181,183,184,186,189,191,193,197,10,23,26,30,37,62,70,83,93,94,109,114,129,137,149,169,177,
7to 14:4,7,8,9,10,11,12,14,17,19,26,30,38,42,48,49,50,51,54,58,59,62,65,67,69,77,78,79,85,86,93,98,102,103,107,109,110,115,116,122,127,132,139,141,144,146,147,149,153,158,161,165,168,174,175,181,184,192,194,195,196,199,6,31,61,76,83,87,94,112,119,123,137,140,150,166,169,171,177,187,200,
7to 15:5,7,9,11,14,19,21,25,35,36,39,45,46,47,49,50,56,58,63,77,86,88,92,93,94,97,100,101,102,103,104,107,108,110,114,119,122,126,128,136,139,140,146,154,157,158,160,163,165,177,184,185,190,191,195,197,199,10,30,37,61,79,82,83,112,131,137,144,149,169,186,
8to 1:1,6,9,16,17,22,26,27,33,41,42,50,56,65,69,71,72,74,76,88,94,98,100,101,108,110,119,123,125,134,135,145,160,166,176,180,181,182,184,191,192,3,31,34,37,43,47,49,82,84,90,128,144,154,157,163,165,183,186,193,194,195,
8to 2:11,15,18,20,26,27,37,39,42,45,50,52,55,69,84,85,88,98,100,101,103,114,119,120,121,126,135,137,141,154,158,164,167,171,176,179,181,182,183,184,189,17,33,38,43,51,58,66,73,90,128,138,157,161,166,170,187,
8to 3:8,9,10,11,14,19,25,26,27,31,35,37,42,43,46,57,61,62,69,80,85,94,95,101,106,108,110,115,118,122,128,136,137,144,157,160,168,172,180,181,183,185,189,191,199,20,56,63,66,90,98,105,107,123,132,134,148,153,170,186,
8to 4:9,10,18,27,29,42,43,46,47,50,55,63,80,82,83,87,92,98,100,101,105,108,109,120,122,123,130,141,146,151,152,160,170,172,176,178,180,181,183,186,191,193,49,58,59,73,85,88,114,134,139,153,161,166,174,192,195,199,
8to 5:6,9,23,31,34,38,40,41,50,56,57,65,69,75,80,93,94,96,98,99,101,102,103,110,117,123,130,135,145,149,160,166,167,172,178,181,182,185,190,15,19,27,28,37,39,43,77,88,95,105,109,114,134,138,144,148,151,154,159,170,188,193,195,198,199,
8to 6:6,9,14,18,25,26,27,33,42,47,48,55,56,57,61,62,69,72,76,94,100,101,104,108,110,117,119,122,126,144,146,151,170,173,176,180,181,184,185,187,189,192,193,2,8,21,38,49,51,64,66,95,98,105,107,109,123,128,129,145,148,153,154,157,159,163,166,168,186,194,195,
8to 7:6,9,10,19,23,27,30,43,46,50,54,56,57,69,78,81,83,84,97,98,101,103,104,110,117,118,122,125,140,152,160,168,171,181,188,189,190,193,199,15,26,31,38,66,72,76,82,85,87,88,94,108,109,123,128,129,132,137,144,149,157,163,170,
8to 8:
8to 9:6,15,27,34,38,40,47,49,54,61,62,69,82,84,88,93,95,97,100,101,105,110,111,119,120,128,130,141,146,158,164,167,176,182,183,185,187,189,191,194,199,2,19,21,31,33,56,63,71,77,83,85,87,90,98,144,145,153,157,163,170,193,196,197,
8to 10:9,10,20,25,26,34,39,46,48,55,61,62,69,78,81,84,85,98,102,114,120,137,144,149,158,164,169,185,193,6,7,8,11,15,27,37,38,43,56,58,64,65,76,87,88,94,129,153,162,165,168,170,186,188,192,194,195,199,
8to 11:6,9,10,20,37,43,55,62,64,66,69,72,74,78,83,88,92,95,97,98,99,101,103,118,137,149,158,160,166,172,176,187,189,190,191,193,15,19,26,27,31,39,49,58,59,63,73,82,84,85,107,109,128,132,138,139,144,154,157,171,173,180,185,186,188,197,198,199,
8to 12:10,17,19,26,33,46,48,49,56,62,65,69,74,80,84,85,87,88,92,93,94,95,97,100,104,110,115,119,123,144,153,158,164,167,172,176,179,181,188,191,197,7,31,37,43,59,63,66,71,73,77,83,107,132,159,161,162,163,166,
8to 13:2,6,8,10,11,12,15,28,33,42,47,50,57,60,61,63,66,69,76,83,84,85,110,111,117,118,121,122,124,126,149,158,160,165,167,168,175,179,181,185,187,194,195,198,199,34,43,56,71,74,98,108,114,123,137,138,151,157,163,166,180,183,188,189,192,
8to 14:6,9,10,11,12,14,17,19,20,26,34,42,48,52,54,56,57,60,62,63,64,65,69,80,81,83,85,92,99,101,103,104,119,120,125,135,137,144,146,149,153,158,164,173,175,176,181,191,192,3,28,47,58,77,84,88,96,98,105,109,114,132,134,139,151,170,183,188,193,194,199,
8to 15:9,10,14,17,22,28,30,34,35,41,43,46,47,50,57,78,83,85,88,92,94,95,96,97,100,101,110,117,119,120,122,130,132,136,144,145,146,158,160,165,168,186,187,189,191,2,15,26,49,56,58,63,71,73,74,77,84,105,114,123,127,134,138,154,159,161,162,163,188,192,193,199,
9to 1:1,6,9,12,15,21,31,32,34,35,45,54,59,66,69,71,82,84,85,88,93,95,108,110,114,120,121,123,128,129,131,138,140,141,144,147,153,154,161,165,170,171,190,191,192,194,198,199,200,17,19,50,64,73,94,103,111,119,137,150,175,176,183,187,193,197,
9to 2:7,11,12,19,31,33,38,41,55,58,61,89,96,102,110,114,119,121,125,128,138,141,144,145,146,148,153,170,171,172,175,178,183,185,186,191,193,196,197,198,15,26,27,35,69,97,98,105,123,137,155,161,163,174,187,
9to 3:11,14,20,31,46,54,57,60,62,63,69,71,85,88,93,105,110,111,113,115,121,123,127,128,130,135,138,140,141,144,145,146,148,150,153,156,159,164,168,171,172,177,178,186,189,196,197,12,19,21,26,27,35,39,64,77,80,106,136,137,160,161,170,173,175,183,192,193,
9to 4:9,11,21,25,33,35,38,46,47,53,56,58,59,60,65,82,87,88,95,102,106,113,114,120,121,123,125,131,137,141,144,145,150,151,153,156,158,164,172,178,180,182,183,186,189,192,195,197,198,200,15,19,27,63,69,73,85,111,136,146,157,170,173,174,176,
9to 5:6,14,19,21,25,26,31,36,37,38,45,46,50,54,58,59,61,75,88,92,98,100,103,110,112,114,119,123,125,127,131,135,139,144,148,150,152,153,156,165,172,178,189,199,15,17,33,34,35,60,69,77,80,90,94,105,116,117,129,137,138,140,146,157,161,170,174,183,192,197,
9to 6:2,6,12,14,19,20,21,25,27,28,31,35,36,38,41,53,59,64,66,69,72,77,86,92,95,100,103,104,110,114,120,127,128,129,131,134,139,140,150,151,152,154,158,170,171,178,180,186,194,195,196,197,198,17,48,49,56,73,80,94,96,105,116,117,136,146,148,153,161,174,175,176,183,187,
9to 7:10,11,15,25,27,31,35,38,41,45,46,48,54,56,69,77,84,87,88,93,95,98,100,102,103,108,110,112,123,128,129,137,144,145,148,156,158,163,164,165,171,182,186,187,190,191,200,16,19,26,39,49,50,63,82,94,106,111,114,117,119,157,174,175,193,194,197,
9to 8:6,10,11,19,21,27,38,45,46,48,58,66,69,77,83,84,87,88,95,101,110,114,115,120,125,128,135,138,140,141,148,152,154,158,159,164,166,176,182,183,185,186,189,192,195,196,197,198,15,17,33,34,50,60,63,64,80,85,98,123,137,157,173,191,193,194,
9to 9:
9to 10:2,10,11,14,20,31,36,44,46,56,58,60,61,62,63,64,65,71,72,77,84,88,92,93,100,102,103,110,113,114,120,121,129,140,146,153,156,158,161,163,165,168,172,175,180,183,186,199,16,34,39,48,69,73,96,98,111,116,119,138,151,160,170,174,192,
9to 11:6,9,11,20,31,38,45,46,54,55,62,64,65,71,84,88,107,110,112,128,129,137,141,144,145,147,156,164,171,173,178,186,188,189,199,19,26,35,56,60,77,82,90,94,98,102,111,119,123,138,146,151,157,165,170,193,
9to 12:9,12,14,27,31,32,33,36,41,45,46,53,56,60,65,69,71,84,87,88,89,93,95,109,110,112,113,115,119,120,128,130,133,134,141,145,146,152,156,158,163,164,170,178,180,183,186,188,197,198,10,15,16,19,26,35,37,48,63,77,94,96,98,103,106,123,136,167,175,187,
9to 13:6,11,15,21,25,31,34,45,46,50,53,57,58,60,61,63,65,66,67,77,83,87,92,93,95,108,110,113,126,131,140,141,145,148,153,158,164,167,177,180,183,186,190,192,193,199,10,16,17,19,32,33,49,80,82,85,106,111,116,117,136,137,146,157,170,174,175,187,195,196,197,198,
9to 14:6,9,10,11,14,31,38,41,45,46,54,57,58,65,77,84,87,88,101,105,119,131,135,146,147,150,153,159,171,177,180,182,183,189,190,193,195,196,198,199,15,19,37,47,48,63,90,94,98,123,151,161,174,175,176,181,187,191,192,
9to 15:10,11,15,19,25,36,37,41,45,47,50,57,58,59,63,64,72,77,87,89,95,105,110,114,129,130,137,144,145,146,153,156,161,165,168,171,172,176,177,182,186,187,192,193,198,199,16,32,33,35,39,71,90,94,97,102,111,117,151,170,175,183,
10to 1:1,8,9,15,16,17,20,23,30,39,41,43,53,54,55,58,60,64,71,72,74,78,83,84,86,88,90,94,105,121,122,126,138,141,142,144,146,149,151,161,162,165,172,174,183,184,185,186,190,193,199,18,22,24,35,44,61,69,110,139,153,154,158,160,168,169,170,192,
10to 2:14,15,20,22,23,30,39,43,44,50,58,62,65,68,69,86,88,90,96,98,100,105,107,108,113,114,119,120,121,129,131,138,144,146,151,153,159,161,163,165,171,175,185,186,187,192,196,198,199,8,11,24,52,61,70,103,123,128,137,143,155,156,168,181,188,197,
10to 3:1,5,7,20,27,30,31,37,42,43,46,50,53,54,56,57,58,60,67,68,69,73,78,88,90,92,94,95,100,105,107,110,113,121,127,132,136,137,138,141,144,153,159,160,162,164,165,178,180,183,186,191,196,197,198,8,23,24,39,41,81,108,118,128,129,139,142,148,156,158,167,168,171,173,188,
10to 4:9,14,15,18,23,25,27,30,42,47,50,53,56,58,60,63,65,69,74,76,78,83,85,87,88,92,102,106,107,108,114,116,119,121,124,126,137,138,139,140,141,153,162,164,165,170,174,186,188,191,194,198,199,8,22,31,37,39,46,94,98,110,115,117,120,131,142,158,160,169,180,181,195,
10to 5:1,9,15,17,23,30,31,36,37,39,58,60,61,69,74,78,86,88,92,94,100,102,107,108,114,116,120,124,127,128,129,137,140,141,153,157,158,172,178,183,188,190,192,193,198,199,18,24,41,44,50,77,85,96,98,105,113,117,119,123,161,165,168,169,170,180,185,197,
10to 6:5,7,8,9,17,20,21,26,30,31,36,37,42,48,53,58,71,72,77,92,103,105,107,112,116,126,127,128,130,136,138,144,146,147,149,153,156,165,170,174,179,183,186,192,194,196,198,11,14,22,41,46,49,61,69,86,104,108,131,154,155,158,168,178,180,185,188,197,
10to 7:1,10,15,17,26,27,30,46,48,54,56,64,67,69,71,72,78,88,94,98,100,102,107,114,116,119,128,131,140,146,159,162,164,175,183,184,186,188,190,194,195,197,198,199,14,18,25,35,39,41,47,50,61,103,104,108,110,118,126,129,137,158,161,165,170,181,
10to 8:7,9,10,17,20,22,31,34,43,47,48,54,58,60,63,74,77,87,88,95,102,107,114,122,126,128,146,149,151,157,159,165,168,179,183,191,194,196,198,6,14,18,25,37,39,61,69,76,98,103,110,115,123,154,158,172,181,188,195,
10to 9:9,15,17,20,21,31,34,37,39,48,50,54,56,58,64,67,68,69,71,72,76,82,102,106,112,116,121,123,129,131,134,137,140,141,144,151,153,159,165,167,170,175,178,183,186,190,193,194,198,6,35,46,103,110,115,119,120,148,161,168,185,188,191,192,195,197,
10to 10:
10to 11:9,15,20,23,26,31,43,47,52,53,54,58,60,61,65,67,71,72,74,75,76,77,78,82,84,86,88,103,107,114,116,119,120,128,131,138,139,142,146,157,158,178,185,188,190,191,192,194,195,198,199,6,11,17,39,69,93,115,118,156,172,173,
10to 12:7,9,10,14,15,27,31,36,37,39,43,46,53,54,55,56,58,60,61,62,63,67,68,71,74,76,78,87,92,95,96,97,98,100,107,112,138,140,142,144,151,153,162,165,168,174,175,184,185,188,194,198,199,11,22,44,69,70,77,94,104,105,110,113,117,148,158,170,172,191,200,
10to 13:7,9,12,14,15,17,20,23,37,39,42,43,48,52,53,54,55,56,57,58,61,65,68,69,71,78,85,92,96,100,108,114,116,119,120,122,128,129,134,137,138,141,142,162,165,175,179,180,183,185,186,190,192,197,199,8,18,22,41,47,50,67,93,94,98,103,110,113,117,118,123,124,126,131,158,167,169,181,188,
10to 14:9,12,20,22,34,37,47,48,54,55,57,58,60,62,64,69,74,77,78,84,87,88,92,98,100,106,107,116,119,120,122,123,138,139,147,153,159,161,165,180,184,188,190,192,193,194,196,198,199,6,11,17,24,61,76,85,93,103,104,148,168,169,171,181,
10to 15:5,7,14,20,26,34,36,41,42,43,48,55,56,57,58,67,71,72,78,83,84,92,95,100,103,105,114,116,122,131,134,137,138,140,144,146,153,161,162,170,171,180,183,184,186,188,193,194,197,198,199,23,31,37,39,46,50,61,93,96,102,123,126,165,173,191,195,200,
11to 1:6,8,11,15,19,28,29,39,47,49,55,59,60,61,70,71,85,86,100,101,107,108,109,110,111,114,125,134,142,143,144,153,154,157,161,163,180,182,188,192,193,197,199,200,1,7,9,20,65,72,75,76,77,82,94,95,116,118,120,147,149,156,171,185,186,189,191,194,196,
11to 2:9,10,11,22,26,31,35,42,43,47,48,52,53,55,60,62,66,72,96,97,98,100,123,128,131,132,137,144,151,153,157,164,183,186,187,188,189,190,191,13,15,21,27,38,61,65,68,69,71,86,108,119,120,122,139,178,185,192,196,197,198,199,
11to 3:10,13,23,26,27,29,35,42,44,59,73,78,88,92,101,103,107,111,112,118,119,123,125,128,129,131,137,141,142,143,157,158,168,171,173,178,180,186,188,191,193,199,19,20,36,39,54,58,65,68,72,86,94,108,109,115,120,136,169,196,197,198,
11to 4:10,11,13,19,27,31,35,43,44,46,47,49,55,56,58,59,73,78,83,88,98,100,105,107,112,114,119,124,137,138,141,142,144,153,157,158,164,170,172,178,180,186,188,192,199,200,7,12,18,26,30,54,65,66,67,71,74,92,95,108,118,136,140,169,173,189,191,193,195,196,
11to 5:6,11,13,28,31,38,43,45,55,61,65,72,77,78,86,88,90,93,94,96,98,101,103,107,110,114,117,119,123,134,137,144,154,157,172,178,183,190,193,195,199,9,15,26,30,39,58,79,92,108,118,129,136,139,140,160,161,173,185,191,192,196,197,198,
11to 6:6,7,19,22,44,45,48,49,59,60,65,88,93,110,112,117,126,129,138,146,154,157,163,166,170,171,180,182,185,187,190,192,193,9,20,38,57,58,72,75,76,78,82,92,95,108,109,119,149,165,172,173,174,178,179,186,191,194,195,196,
11to 7:9,10,13,15,20,26,27,30,31,35,39,43,45,59,61,83,87,88,98,103,108,114,117,119,123,125,129,131,137,144,145,149,150,154,157,161,163,164,187,193,197,199,200,8,12,19,21,37,38,58,69,78,82,94,95,116,136,147,160,173,184,185,188,191,198,
11to 8:10,11,22,26,27,30,46,47,58,65,88,94,98,108,109,119,124,126,137,138,144,151,154,157,169,170,172,176,183,188,189,194,199,6,7,8,9,12,17,19,20,57,64,66,69,72,77,82,83,90,95,115,129,132,139,149,159,173,174,193,195,196,198,
11to 9:6,11,15,28,31,35,36,39,43,45,47,53,67,71,83,86,93,95,103,105,106,110,112,114,119,125,131,137,141,144,146,153,164,171,176,178,182,185,186,187,190,191,192,193,199,12,19,20,21,27,38,55,57,60,64,73,77,98,102,138,160,172,173,174,189,194,
11to 10:15,31,36,37,42,46,55,58,61,67,71,78,85,86,88,92,94,98,108,112,116,124,128,131,142,149,161,164,168,169,170,180,183,188,190,191,194,199,8,9,12,27,30,39,54,57,60,69,70,72,75,90,139,140,160,165,174,193,197,198,
11to 11:
11to 12:3,7,9,10,11,20,26,27,30,42,43,45,46,53,56,62,65,73,77,78,86,93,98,101,110,119,123,124,136,141,142,145,161,163,164,169,172,183,191,198,13,54,57,58,59,67,68,75,92,94,95,109,115,118,129,133,147,156,165,178,184,185,
11to 13:6,7,9,10,11,13,15,19,22,26,28,30,31,44,45,47,58,65,66,67,73,87,94,101,108,109,117,119,123,126,128,129,137,142,149,157,158,170,180,188,193,199,12,20,27,56,60,74,77,83,86,95,102,107,116,136,138,185,186,189,192,
11to 14:6,9,10,11,19,22,26,31,35,42,44,47,48,53,54,59,61,62,65,78,86,88,94,98,103,106,114,119,125,136,138,144,147,149,157,161,164,171,180,182,183,188,192,193,194,199,7,8,38,58,60,68,69,82,92,109,112,139,156,160,165,169,178,184,185,191,195,196,198,
11to 15:9,19,23,28,30,31,35,36,44,45,49,55,58,60,61,65,67,70,74,86,87,94,96,100,108,112,114,117,118,123,124,126,128,131,144,153,157,161,168,169,170,171,176,182,183,187,189,193,199,13,20,26,39,54,56,64,68,71,82,90,92,95,116,119,120,129,132,156,165,178,184,185,186,197,
12to 1:1,2,9,16,35,41,43,45,54,55,56,61,69,82,83,92,95,105,109,114,118,122,124,132,133,141,147,151,156,160,161,162,186,189,193,200,8,10,15,17,19,20,42,60,65,66,70,71,74,77,86,94,110,119,120,142,145,167,169,182,188,192,194,199,
12to 2:14,15,17,26,27,30,43,53,63,66,68,69,74,82,84,86,89,95,119,128,132,133,141,144,147,153,156,158,159,163,164,172,176,183,188,196,198,10,11,12,13,31,41,42,78,94,96,98,103,105,106,109,110,113,138,145,146,151,157,166,167,169,174,175,185,197,
12to 3:1,5,7,14,15,20,22,26,30,36,37,42,44,54,56,57,58,59,71,73,88,92,105,107,113,116,118,128,136,144,147,153,158,159,160,165,167,169,183,189,190,191,196,197,198,199,8,11,12,19,27,33,41,46,60,77,80,94,98,106,110,119,120,123,131,133,150,164,168,181,185,187,188,
12to 4:2,11,15,41,46,53,54,58,60,63,65,66,68,73,85,88,94,101,107,108,113,114,118,122,125,128,132,136,140,141,145,147,152,153,158,159,162,165,166,169,170,186,189,194,200,7,8,10,13,17,19,20,27,30,38,47,69,74,78,80,92,98,105,110,138,146,150,156,160,164,167,172,175,188,191,192,198,
12to 5:9,11,12,14,22,30,34,38,39,41,43,51,56,69,79,82,85,94,95,101,105,113,114,116,124,125,128,129,130,133,136,141,144,147,153,156,161,163,165,170,185,190,198,8,10,28,31,40,53,60,74,78,80,92,100,102,106,109,110,119,123,134,138,139,145,150,151,157,158,169,172,174,178,180,195,199,
12to 6:5,7,9,15,20,21,37,38,45,47,56,58,78,88,92,95,114,116,120,122,124,125,129,148,153,156,158,159,162,163,169,170,174,178,180,183,184,196,197,8,12,13,17,19,27,32,48,53,59,66,71,89,100,110,119,130,134,145,146,150,166,167,179,181,182,189,192,194,195,198,
12to 7:1,11,20,24,26,30,35,44,54,56,61,68,69,70,86,87,88,101,103,113,114,120,123,128,129,132,136,141,144,147,152,153,159,162,163,165,166,178,183,184,197,198,200,27,31,33,38,41,43,46,71,77,93,94,98,100,109,110,112,119,139,145,156,158,160,164,174,175,191,
12to 8:7,9,11,15,28,34,38,43,51,54,55,56,63,73,84,88,92,101,107,109,110,117,122,125,128,129,136,144,145,146,149,158,164,166,168,170,174,188,190,196,2,3,27,33,40,66,69,78,94,96,105,106,119,160,175,176,183,185,187,191,194,198,
12to 9:11,21,27,31,35,41,43,47,53,54,55,56,59,63,68,73,84,87,94,106,110,117,136,141,144,151,153,156,157,158,159,163,164,168,170,175,178,199,200,10,15,20,28,33,38,40,49,71,86,98,102,105,111,128,138,145,146,174,176,182,183,187,189,197,198,
12to 10:1,7,8,9,31,34,39,43,53,54,58,60,65,68,70,74,76,84,87,92,106,107,113,120,129,132,144,147,151,153,156,159,161,162,163,164,170,172,174,178,183,184,190,198,11,17,25,41,46,61,69,71,85,86,89,94,96,98,100,103,105,110,119,123,131,142,158,167,168,180,181,185,191,197,
12to 11:13,20,26,27,39,43,44,59,82,86,92,105,110,116,117,118,119,124,125,129,144,147,151,153,156,157,158,159,161,162,164,168,176,178,183,194,198,7,10,15,28,37,38,60,65,71,78,90,96,109,112,123,131,142,146,166,169,172,175,185,187,188,191,199,
12to 12:
12to 13:4,7,15,17,22,24,27,28,32,41,43,45,47,54,56,57,67,73,74,77,84,85,94,101,106,113,118,120,122,124,129,136,141,147,153,156,159,162,164,165,167,177,184,185,189,2,8,10,11,31,42,48,53,66,69,83,96,98,110,111,142,145,157,158,160,169,183,187,188,194,197,198,
12to 14:2,8,28,37,38,39,51,53,55,56,57,61,63,69,78,85,86,92,95,101,103,113,117,119,122,132,136,141,151,159,161,164,169,176,177,183,184,189,191,195,196,3,11,15,17,19,26,31,41,42,46,48,60,74,80,89,94,98,109,110,147,150,153,157,171,180,182,188,192,198,
12to 15:5,7,11,15,17,20,27,28,30,32,42,43,54,56,57,58,59,61,71,83,88,92,104,110,118,119,120,122,123,129,130,132,140,149,151,162,165,169,170,172,178,183,185,190,193,198,10,19,37,38,41,45,46,48,65,70,86,103,106,138,139,145,157,167,168,174,176,179,180,181,182,187,191,195,197,199,
13to 1:6,8,15,20,23,24,26,35,36,42,43,55,57,59,65,66,69,74,76,78,84,88,94,95,100,105,108,111,114,116,118,119,129,141,142,147,149,153,156,157,160,168,173,174,180,182,183,185,189,194,198,12,16,17,22,32,45,49,53,56,60,82,83,98,110,120,123,124,131,134,169,181,186,
13to 2:11,15,17,19,24,37,43,46,52,54,56,61,66,68,85,88,94,96,100,105,108,116,136,137,139,141,146,147,153,155,156,157,160,166,167,170,174,175,179,183,184,185,186,189,197,199,4,8,10,12,18,22,23,26,41,42,49,60,74,82,83,102,103,110,120,123,126,158,164,165,171,172,
13to 3:7,8,11,14,15,19,20,24,27,37,42,44,56,57,67,77,80,81,85,92,94,95,101,108,111,113,116,118,119,120,122,128,131,137,141,142,147,148,153,157,170,172,173,180,183,184,185,187,189,191,192,197,5,10,22,23,41,46,49,53,60,62,66,71,74,83,84,110,123,124,138,158,160,165,169,181,199,
13to 4:7,9,27,29,30,42,43,44,47,55,56,59,70,73,74,78,85,87,92,95,100,101,106,108,111,115,118,122,136,137,141,142,145,149,153,156,157,159,162,166,170,174,175,178,179,180,189,192,197,10,15,23,33,41,46,53,60,65,66,80,83,84,94,102,109,114,116,126,128,138,151,167,172,177,183,186,195,199,
13to 5:6,11,14,15,20,24,28,30,31,37,43,45,46,54,55,56,57,59,65,69,70,74,78,92,95,101,108,113,114,118,123,128,129,136,137,138,139,148,149,151,157,172,174,178,180,183,188,192,193,197,5,12,18,22,23,26,33,50,60,71,77,82,93,94,98,107,110,116,117,121,126,131,134,158,160,165,169,181,
13to 6:2,8,11,14,15,21,22,25,33,44,54,55,57,67,69,70,77,95,98,100,104,108,122,128,131,134,148,149,153,158,162,166,170,174,179,181,182,183,185,187,194,197,5,6,12,18,20,24,28,47,49,56,60,62,66,71,74,78,82,84,87,93,110,116,123,124,126,138,147,156,163,167,169,180,189,
13to 7:5,8,9,11,14,15,19,21,34,35,43,45,54,57,62,63,68,80,81,83,87,92,98,101,104,108,110,111,114,119,122,123,132,136,145,149,150,156,163,166,170,171,174,175,177,186,188,193,197,198,6,10,17,20,24,33,42,49,56,61,74,82,94,102,107,116,121,126,128,137,140,165,181,
13to 8:7,9,11,14,15,20,21,27,30,41,43,45,55,56,57,63,65,66,69,73,74,76,81,85,87,88,95,96,98,108,115,119,129,132,136,138,139,141,145,146,151,159,165,166,170,173,175,180,183,184,185,186,189,192,194,197,198,4,6,8,10,42,46,50,59,62,71,80,94,103,107,110,117,120,123,149,160,163,167,181,199,
13to 9:2,11,20,21,25,27,30,35,46,54,55,59,60,63,73,83,85,93,95,100,108,114,115,119,123,131,134,137,138,141,151,153,156,157,159,163,168,174,175,177,179,180,182,186,189,192,197,12,15,41,45,50,62,77,84,94,98,110,116,117,126,158,164,167,181,183,198,
13to 10:5,11,21,25,39,41,55,56,62,63,68,74,78,88,94,108,111,116,129,139,142,147,148,153,157,158,159,162,170,173,174,179,185,188,192,197,198,8,15,17,23,24,44,46,47,60,71,77,83,98,107,114,117,123,126,138,156,163,164,165,168,172,180,
13to 11:7,15,19,30,37,43,46,55,58,60,62,64,68,69,76,77,78,83,84,88,93,94,95,101,111,115,116,123,129,138,141,142,153,157,159,162,175,179,180,184,185,186,197,198,4,10,20,26,47,53,65,66,67,74,98,103,110,117,124,126,128,137,158,163,169,188,199,
13to 12:5,7,10,11,13,14,15,17,19,21,22,27,30,37,43,45,54,56,63,65,68,69,77,83,87,93,94,95,98,100,104,108,109,110,113,116,118,119,123,128,129,134,141,145,146,156,157,162,163,165,166,174,177,179,181,184,186,8,12,20,32,33,41,42,46,47,53,60,71,74,78,80,117,151,158,160,164,168,169,180,183,188,198,
13to 13:
13to 14:5,6,9,11,12,15,17,19,24,26,28,37,41,46,47,54,55,60,62,65,67,74,81,85,93,94,96,98,100,104,114,136,139,153,165,168,179,182,184,185,188,192,194,18,23,50,56,58,77,78,80,83,84,103,113,116,117,123,131,158,164,173,177,180,196,199,
13to 15:2,7,9,13,15,17,22,25,26,30,37,44,45,58,59,77,78,80,85,87,88,93,94,95,100,101,108,111,114,118,119,120,122,129,132,134,136,151,156,157,165,167,170,174,179,182,186,188,189,197,5,8,10,20,33,47,56,60,71,110,126,128,137,138,149,158,160,163,169,171,172,183,198,
14to 1:1,2,3,6,8,9,17,19,22,23,24,32,34,41,42,49,50,55,56,64,69,72,83,92,97,101,105,107,109,119,120,122,131,134,135,139,147,149,151,156,157,161,168,169,175,183,185,192,195,196,200,38,47,58,67,76,86,88,90,103,112,113,114,125,138,171,174,182,184,191,194,199,
14to 2:12,19,24,30,33,35,41,51,56,60,61,63,78,83,106,109,114,115,116,120,121,123,131,132,135,137,146,147,150,156,161,165,167,176,185,188,189,193,199,6,11,14,28,38,46,55,58,84,85,86,90,95,101,125,127,138,151,153,170,182,183,184,187,196,
14to 3:1,5,10,11,19,20,24,30,33,41,42,44,54,56,60,61,64,69,77,80,88,92,98,101,106,109,119,120,122,123,136,137,139,140,141,146,160,164,166,168,173,177,183,184,188,189,192,199,14,31,46,58,67,83,105,112,113,114,127,135,138,147,165,181,185,187,191,
14to 4:7,8,12,15,17,19,26,30,38,41,42,46,49,53,54,55,59,60,63,65,68,69,74,78,80,83,85,92,94,97,98,102,105,107,109,116,117,119,120,122,125,132,135,136,137,139,145,146,147,149,156,157,166,177,178,180,182,195,196,198,199,200,9,11,44,47,58,67,87,88,95,100,101,112,113,127,130,141,153,159,164,165,174,181,183,191,194,
14to 5:8,9,11,12,14,15,17,24,26,28,30,31,35,39,41,43,51,55,60,69,77,78,80,88,92,93,97,106,107,109,117,119,120,125,131,134,135,136,149,153,156,157,161,166,167,169,178,180,183,188,191,195,196,198,45,46,58,87,90,95,99,101,103,127,130,141,151,175,182,185,192,193,194,
14to 6:5,7,8,9,11,17,19,20,24,41,44,48,49,52,61,67,69,71,74,78,85,92,93,109,115,117,119,122,125,136,139,146,148,149,159,163,165,166,169,175,179,180,181,183,189,191,195,198,2,6,31,58,76,95,101,103,104,112,127,137,153,171,184,185,192,194,
14to 7:1,8,10,12,15,19,30,41,50,54,55,63,69,71,78,84,86,102,106,109,114,117,119,122,123,136,137,147,149,150,153,156,161,164,168,169,171,175,178,184,186,188,200,9,11,45,47,61,87,88,95,98,101,103,112,165,172,192,193,194,195,
14to 8:8,10,12,15,17,19,30,35,43,46,50,55,56,64,78,81,88,92,101,106,109,119,122,123,125,131,145,149,163,165,168,176,179,180,181,182,183,184,186,188,193,199,6,9,47,84,85,94,98,100,111,114,127,138,151,171,172,187,192,194,
14to 9:12,15,19,32,35,36,41,45,48,54,55,56,58,60,61,69,72,80,85,94,97,98,101,102,105,107,116,123,127,138,139,146,150,161,165,176,178,180,181,183,189,194,196,198,6,26,31,46,47,49,64,84,88,95,112,114,130,135,137,141,151,153,159,167,171,172,175,182,192,
14to 10:1,7,8,9,11,12,15,17,18,23,30,36,39,41,46,48,54,56,58,60,61,65,69,80,81,83,92,94,107,112,113,116,127,132,147,160,161,163,165,168,169,173,176,178,180,184,185,191,192,198,199,14,67,84,98,103,105,114,115,133,137,159,175,187,188,195,
14to 11:7,9,17,19,23,30,35,37,38,39,44,46,49,58,59,60,65,67,71,77,78,92,94,95,99,101,105,114,119,120,122,123,131,139,146,147,163,165,169,178,184,186,188,189,194,6,11,28,31,45,47,55,64,86,125,153,159,183,187,191,192,193,196,199,
14to 12:7,10,11,12,19,24,30,32,41,46,48,51,53,54,58,59,60,62,63,69,78,80,84,88,92,106,109,110,113,117,119,123,130,131,138,146,147,151,153,156,166,167,178,183,184,185,186,191,198,31,38,45,49,77,86,90,94,98,111,112,181,187,192,194,
14to 13:4,7,8,11,12,17,20,30,34,41,42,45,48,55,56,60,61,69,98,106,109,113,114,116,117,120,121,122,123,134,136,138,146,147,153,156,157,158,166,179,180,183,184,186,191,193,198,199,6,14,26,44,46,47,76,84,94,100,105,115,141,159,165,171,172,192,194,
14to 14:
14to 15:2,5,7,14,19,20,22,24,26,30,32,36,37,42,45,48,49,54,55,56,58,72,79,85,86,92,101,102,104,106,107,112,117,119,120,122,123,136,138,157,159,163,169,171,176,178,180,182,188,191,192,195,199,9,11,44,47,87,90,95,100,130,137,151,161,172,183,184,185,194,
15to 1:10,15,17,19,32,34,37,39,43,45,54,58,61,65,72,82,86,88,90,92,94,95,101,111,114,123,132,135,137,140,143,144,146,153,154,156,157,159,162,167,168,169,175,176,182,183,186,189,191,194,195,196,2,11,41,47,55,56,57,71,83,93,97,108,110,119,120,138,147,161,166,172,173,
15to 2:10,19,22,35,39,42,43,52,58,61,65,66,68,71,83,85,86,87,88,89,90,95,97,103,108,110,114,123,132,139,144,151,156,160,168,170,172,174,181,182,192,193,195,197,199,4,16,36,45,47,48,50,56,96,100,104,116,119,126,146,154,165,171,196,
15to 3:8,9,14,20,27,31,39,60,61,65,72,73,77,85,90,103,105,106,111,113,114,120,122,123,128,129,130,131,132,135,136,137,138,143,144,165,168,169,170,178,183,185,186,4,10,11,23,35,41,42,44,45,46,57,58,71,78,80,92,93,101,104,112,116,146,160,171,172,
15to 4:17,18,19,22,26,27,35,46,47,55,56,65,66,68,70,73,83,87,88,94,95,107,111,112,113,114,122,131,144,147,151,157,159,160,162,165,172,176,178,179,180,181,182,186,189,194,196,198,199,2,10,11,25,42,45,50,58,78,84,92,97,108,120,127,128,132,138,140,145,146,156,171,
15to 5:9,14,15,20,25,26,28,36,37,39,45,55,75,90,93,94,101,105,107,117,123,136,139,144,148,154,157,158,160,161,168,169,174,178,180,182,183,185,190,192,196,197,199,5,11,30,43,50,57,58,61,71,78,79,92,95,97,102,104,110,112,120,122,128,130,137,149,156,166,172,184,
15to 6:2,7,8,14,17,20,25,28,33,36,38,41,46,47,56,59,61,64,72,77,78,79,86,87,89,93,95,96,97,98,107,112,119,123,128,129,131,136,140,144,148,151,154,156,162,168,169,170,174,175,176,178,180,183,184,186,187,197,4,5,23,26,42,44,48,58,84,92,100,110,120,122,126,134,138,139,146,165,179,193,
15to 7:8,9,15,17,19,20,24,25,37,38,39,42,45,46,48,54,55,56,58,63,79,80,82,92,96,97,102,103,111,116,122,123,126,129,132,136,139,144,146,147,154,158,160,161,162,163,165,170,174,175,177,181,184,185,186,190,194,199,4,10,11,26,35,78,93,112,114,127,128,137,138,145,149,156,183,189,193,200,
15to 8:2,8,11,26,27,30,31,39,42,45,48,50,56,58,63,71,72,85,87,92,94,95,97,100,102,105,114,123,138,139,140,144,146,151,157,160,169,170,174,181,182,186,191,194,198,5,9,10,43,55,57,83,84,88,108,126,132,145,149,154,166,173,179,183,193,199,
15to 9:15,19,25,26,27,30,33,36,38,46,47,48,50,63,70,71,72,77,82,88,91,96,98,102,103,106,112,114,123,126,144,145,159,163,165,173,174,177,182,183,189,10,11,21,23,35,45,55,80,84,95,97,100,104,110,128,137,138,139,146,161,178,197,199,200,
15to 10:2,8,14,15,17,25,31,36,37,39,47,50,54,56,58,63,64,71,72,78,83,95,96,97,100,105,107,111,113,114,117,119,123,126,129,131,136,137,138,139,140,144,147,148,153,158,159,161,162,163,170,172,174,183,184,185,186,188,5,44,88,92,93,102,108,120,130,142,156,169,171,199,
15to 11:10,11,15,20,26,39,45,46,58,68,72,74,77,78,79,86,90,94,96,103,111,114,119,122,123,126,131,137,138,143,145,146,159,161,162,169,178,179,186,190,191,9,47,71,83,88,92,95,107,120,132,142,147,149,156,193,199,
15to 12:7,9,10,13,14,20,26,27,32,36,37,39,41,42,45,46,54,55,56,58,63,65,71,73,77,78,79,86,90,94,96,101,105,113,117,132,133,136,139,147,153,156,157,159,161,162,163,177,183,184,185,194,30,92,100,102,110,116,128,130,134,138,142,145,146,160,171,178,199,
15to 13:2,7,8,11,20,24,25,26,32,33,34,39,41,47,55,56,58,67,73,87,94,95,98,100,101,102,105,113,114,124,128,131,137,138,140,145,153,156,157,158,159,160,162,165,170,181,185,186,189,192,193,194,195,9,10,42,45,50,57,71,83,92,93,108,116,120,126,132,142,146,173,179,183,184,
15to 14:8,14,17,28,35,38,41,50,52,56,60,78,80,83,86,94,95,97,98,103,105,106,107,110,123,132,134,136,137,139,145,153,159,161,169,171,174,175,176,181,182,183,184,185,187,191,192,193,194,195,198,2,9,10,11,30,48,55,58,61,84,92,100,104,112,119,120,127,135,138,146,147,165,
15to 15:

cell1:6,15,8,2,9,7,3,13,12,5,11,14,10,4,
cell2:8,4,13,11,12,9,5,6,7,1,3,10,14,15,
cell3:7,6,14,4,15,5,2,8,1,10,11,13,12,9,
cell4:9,14,8,15,3,1,12,5,7,6,2,11,10,13,
cell5:2,15,13,8,4,14,12,11,9,7,10,6,1,3,
cell6:11,12,15,5,14,1,8,10,7,13,4,9,2,3,
cell7:5,13,3,1,6,12,4,11,14,9,8,2,10,15,
cell8:4,7,14,3,6,13,5,12,1,10,9,2,11,15,
cell9:4,12,14,2,13,11,1,8,7,5,6,10,15,3,
cell10:13,1,14,6,11,5,3,7,15,9,8,2,12,4,
cell11:8,9,2,6,13,4,5,14,12,1,15,3,10,7,
cell12:10,9,6,11,5,8,15,4,3,2,1,13,14,7,
cell13:12,1,15,4,9,2,8,5,7,10,14,3,6,11,
cell14:5,12,6,15,8,2,1,11,10,3,13,7,4,9,
cell15:12,2,11,14,6,13,4,5,9,8,10,7,1,3,
