machine1:0,119,17,147,165,58,47,192,15,168,114,78,22,194,41,30,181,82,105,83,157,169,137,101,95,8,195,26,61,166,156,144,45,186,180,86,55,54,174,129,56,199,122,158,123,12,150,98,175,171,33,111,72,160,200,6,125,43,99,77,154,1,35,29,36,3,152,64,50,28,121,
machine2:0,109,119,147,165,170,58,192,15,168,94,114,22,194,108,11,85,198,193,30,82,153,112,149,83,110,169,19,120,146,95,141,189,197,166,156,2,20,186,38,86,102,187,132,60,55,54,162,56,113,12,175,151,72,118,182,37,200,6,126,44,7,154,1,124,73,133,142,68,148,42,18,49,64,34,121,
machine3:0,119,17,128,165,170,192,168,27,194,108,85,191,185,41,193,30,82,140,10,92,105,110,169,116,95,141,195,189,61,161,138,156,144,2,69,16,173,86,132,163,55,184,123,113,97,127,175,151,33,24,160,167,93,182,76,53,172,200,7,77,188,51,73,29,59,148,52,65,48,115,32,135,176,28,
machine4:0,109,119,17,128,31,47,94,22,185,183,107,92,110,116,19,137,120,8,9,26,189,197,161,166,138,145,20,69,71,67,159,132,70,122,123,103,171,57,72,160,167,118,37,164,43,88,134,190,131,74,21,84,77,154,90,51,124,79,59,36,42,65,32,106,91,143,135,
machine5:0,109,17,147,170,58,15,168,94,114,78,178,11,191,41,198,140,153,92,105,83,19,101,141,8,195,9,161,144,2,69,180,86,139,66,159,132,163,60,174,129,199,123,98,23,103,171,196,111,62,167,100,39,37,76,200,134,190,74,90,35,133,89,63,148,65,49,34,28,75,
machine6:0,109,119,165,170,27,22,178,185,183,107,198,10,153,157,14,116,146,141,8,26,197,156,144,145,46,2,173,38,86,136,187,132,96,60,55,12,127,151,196,33,100,179,43,81,74,44,68,52,42,115,49,155,143,135,50,176,
machine7:0,147,31,47,192,114,108,178,11,191,183,82,140,153,105,149,83,110,169,120,95,141,189,61,161,166,138,156,46,20,69,38,102,66,60,55,129,56,122,158,123,12,150,97,175,151,171,111,62,39,172,164,125,190,21,84,7,188,154,35,73,89,68,29,52,42,65,13,176,28,
machine8:0,109,119,17,128,165,58,15,94,114,78,108,11,85,185,107,193,30,181,153,92,157,14,110,116,19,137,120,8,195,26,189,61,197,166,138,16,173,38,86,139,187,132,96,163,174,70,56,199,122,23,33,160,167,100,6,126,88,131,7,188,154,51,89,59,48,13,143,121,
machine9:0,119,31,15,168,108,191,185,41,183,107,198,193,30,10,105,146,101,9,61,161,138,144,45,186,69,180,38,86,139,66,187,159,174,122,113,12,150,98,103,171,196,33,62,182,80,164,43,126,87,99,4,90,35,73,133,52,42,13,155,106,176,
machine10:0,119,17,128,47,15,22,108,11,41,198,30,181,82,10,92,110,19,137,120,141,8,189,61,166,144,145,45,186,69,86,71,102,66,55,54,184,199,158,123,97,175,196,33,24,72,167,200,164,43,117,21,7,77,4,1,90,51,35,73,104,142,68,148,42,115,18,135,50,75,
machine11:0,119,165,170,58,47,15,94,27,22,178,11,41,14,110,137,146,95,141,8,195,197,161,166,138,144,46,2,71,159,96,163,162,56,199,122,158,113,150,97,98,23,127,103,196,24,100,182,39,37,53,125,43,126,131,74,87,188,154,68,63,36,106,121,
machine12:0,119,128,147,31,170,58,47,192,168,94,27,78,22,194,108,178,11,85,191,185,41,183,107,198,193,30,181,140,10,92,105,112,83,157,14,110,169,19,137,120,146,101,95,141,8,9,26,189,197,166,138,156,144,45,46,20,186,69,180,173,38,67,102,136,139,66,187,159,60,54,129,70,56,199,122,158,123,113,12,150,98,23,127,175,103,171,196,33,57,111,62,72,160,100,93,130,39,37,53,172,164,25,6,125,43,88,190,131,81,74,44,21,84,77,188,4,1,90,35,124,133,104,68,63,29,59,40,36,148,42,65,32,49,106,91,143,135,152,64,28,177,121,
machine13:0,109,119,17,128,147,31,165,170,58,192,15,168,27,114,78,22,194,108,11,85,191,185,183,107,193,181,10,153,92,105,112,83,157,14,110,169,116,19,137,101,95,141,8,195,189,61,197,161,166,138,156,144,145,46,2,20,186,69,173,86,71,67,136,66,159,132,163,60,55,54,184,174,162,129,199,122,158,123,113,12,150,97,98,23,127,171,196,57,111,24,62,72,160,167,100,118,93,130,39,37,80,179,164,125,43,88,134,190,131,44,21,7,77,1,90,35,73,79,142,68,63,59,148,52,42,65,13,115,32,49,155,106,143,135,5,152,50,
machine14:0,109,119,17,128,31,165,170,58,47,192,15,168,94,27,114,78,22,194,108,178,11,85,191,41,183,107,30,181,82,140,10,153,92,112,149,83,157,169,116,19,137,120,146,101,95,141,8,195,26,189,197,161,166,138,156,144,145,45,46,186,69,180,173,38,67,102,136,159,132,55,174,162,70,56,199,158,123,113,12,150,97,23,175,151,171,196,57,111,160,167,100,182,130,39,37,76,80,53,200,179,164,25,125,43,126,88,134,131,117,74,44,21,84,87,7,188,90,35,124,73,133,142,63,59,40,148,42,65,13,115,18,32,49,152,50,177,
machine15:0,109,119,17,147,31,170,58,47,192,15,168,94,27,114,78,22,194,108,178,11,85,191,41,183,107,198,193,30,181,140,10,153,92,105,112,83,157,14,110,169,116,19,137,120,101,95,141,8,195,9,189,197,161,166,138,156,144,145,46,2,20,186,69,180,173,38,71,67,102,136,139,66,159,60,55,54,174,70,56,199,122,158,113,12,98,127,151,33,111,62,72,160,167,100,118,80,172,125,88,74,44,87,7,188,35,124,73,79,142,68,29,59,40,42,65,18,155,106,91,135,5,152,176,121,
machine16:0,109,119,17,147,31,165,170,58,192,15,168,94,114,78,22,194,108,178,11,85,191,185,107,30,82,140,153,92,105,83,157,14,110,169,116,137,101,95,8,26,61,197,138,144,46,20,69,180,173,38,86,71,102,136,139,66,159,132,60,55,54,174,129,70,122,158,123,113,12,98,23,151,103,196,33,160,93,130,39,37,53,172,125,43,126,134,190,131,74,44,21,99,77,90,51,124,133,79,142,40,36,148,65,13,18,106,91,5,50,28,75,
machine17:0,119,31,170,58,192,15,94,27,22,108,178,11,185,41,183,107,198,193,30,181,140,10,153,92,105,149,83,157,110,169,116,19,137,120,146,101,95,195,9,61,197,161,166,156,45,46,186,69,180,71,136,139,187,96,163,60,55,54,184,129,70,56,199,122,158,123,150,175,24,160,167,100,118,93,182,39,53,172,179,125,43,126,88,134,117,44,87,99,77,188,154,90,35,104,79,40,36,42,65,18,106,135,5,50,34,121,75,
machine18:0,109,119,128,31,165,170,58,192,15,168,27,114,78,194,108,178,11,191,185,41,183,107,198,193,30,181,82,140,10,153,92,112,149,157,14,110,137,120,101,95,141,8,195,9,26,189,61,197,161,166,156,144,145,45,46,186,16,38,136,139,174,129,56,199,158,123,113,150,97,127,151,103,196,33,57,72,160,100,93,130,37,80,25,6,43,88,134,190,117,74,77,188,154,1,90,51,35,124,104,29,59,40,65,18,91,152,50,28,121,
machine19:0,109,119,17,147,165,170,58,47,192,168,94,27,78,22,194,108,178,11,85,191,185,41,183,107,198,193,181,82,153,92,105,112,149,157,14,169,116,19,146,95,8,195,9,189,61,197,161,166,138,156,144,145,46,2,186,180,16,38,86,71,67,136,139,66,187,159,60,54,184,174,162,129,56,122,123,12,150,97,98,23,175,151,103,171,33,57,24,62,72,160,167,100,93,130,39,37,76,80,53,179,6,125,126,88,131,117,74,44,21,84,87,7,77,188,4,1,51,35,124,73,89,68,59,36,148,42,48,13,115,18,32,3,91,135,5,152,64,75,
machine20:0,109,119,17,128,31,165,170,58,47,192,15,168,94,114,78,22,194,108,178,11,85,191,41,183,198,193,30,181,82,140,10,153,92,105,112,157,14,110,116,137,120,146,101,95,8,195,9,26,189,166,138,156,144,145,45,46,20,186,69,180,173,38,136,66,159,96,163,60,55,184,174,129,70,56,122,158,113,12,150,97,127,175,151,103,171,196,62,72,160,167,100,182,39,53,172,179,164,25,6,125,126,88,134,190,74,21,87,7,77,188,154,4,90,51,124,104,79,29,59,40,36,148,52,65,48,13,32,49,155,91,152,176,28,121,75,
machine21:0,109,119,17,128,147,31,165,170,58,47,192,15,168,94,27,114,78,194,108,178,11,85,191,185,41,183,107,198,193,30,181,82,140,10,153,92,105,112,149,83,157,14,110,169,116,19,137,120,146,101,95,141,8,195,9,26,189,61,197,161,166,138,156,144,145,45,46,20,186,69,180,16,173,38,86,71,67,102,136,139,66,187,159,132,96,163,60,55,54,184,174,162,129,70,56,199,122,158,123,113,12,150,97,98,23,127,175,151,103,171,196,33,57,111,24,62,72,160,100,118,93,182,39,37,76,80,172,200,164,25,6,125,43,126,88,190,131,117,81,74,44,21,84,87,7,99,77,188,154,4,1,51,35,124,73,104,79,142,68,63,59,40,36,148,42,65,48,13,115,18,32,49,155,106,5,152,64,50,34,177,121,
machine22:0,109,119,17,128,31,165,170,58,47,192,15,168,94,27,114,78,22,194,108,178,11,85,191,185,41,183,107,198,193,30,181,82,140,10,153,92,105,149,83,157,14,110,169,19,137,120,146,101,95,141,8,195,9,26,189,61,197,161,166,138,144,145,45,46,2,20,186,69,180,16,173,38,71,102,136,139,66,187,159,132,96,163,60,55,54,184,174,162,129,56,199,122,158,123,12,150,97,98,23,127,175,151,103,171,196,33,57,111,62,72,160,167,100,118,93,182,130,39,37,76,80,172,179,164,25,6,125,43,126,88,134,190,131,117,81,74,21,84,87,7,99,77,188,154,4,1,90,51,35,124,73,104,63,29,59,40,148,52,42,65,48,115,18,49,106,3,135,5,152,64,50,34,176,28,121,75,
machine23:0,119,17,128,31,170,58,47,192,15,168,27,114,108,11,85,191,41,183,107,198,30,82,140,153,105,157,14,110,116,19,137,120,146,95,141,26,189,61,197,161,138,156,145,45,46,20,69,16,38,71,187,96,60,54,129,70,56,158,113,12,150,98,23,175,151,103,171,57,111,62,167,37,76,53,172,25,88,190,84,87,77,90,35,63,59,148,32,155,152,176,28,121,
machine24:0,119,147,31,165,47,15,94,27,114,194,108,11,85,191,41,183,198,193,82,140,10,153,112,83,157,19,137,120,146,101,95,141,9,26,189,61,197,138,156,144,145,45,46,2,186,69,180,173,38,86,71,67,102,136,66,187,159,96,163,55,54,129,56,199,158,123,150,97,98,175,171,33,111,160,167,93,182,130,39,53,172,200,179,164,25,6,43,88,134,117,44,21,84,7,77,188,90,35,73,104,89,68,63,59,40,36,148,65,48,115,49,106,135,64,50,34,176,28,177,121,75,
machine25:0,109,119,128,165,170,58,192,15,168,94,27,114,194,178,11,185,41,183,198,193,181,140,153,92,105,112,110,19,120,146,95,141,195,197,161,166,138,144,145,20,186,180,38,71,102,136,139,187,159,163,60,54,174,129,199,158,113,12,150,98,127,175,151,103,196,33,111,72,167,100,93,182,80,200,6,125,126,88,190,131,21,84,87,77,154,1,35,73,133,104,79,63,32,49,91,50,34,176,177,
machine26:0,165,47,192,94,78,194,108,178,11,85,191,185,41,183,107,198,82,140,10,153,92,105,112,149,83,14,169,137,8,195,9,61,161,138,144,20,186,69,180,86,71,67,102,159,163,60,54,174,56,199,158,123,113,97,98,23,151,103,196,24,160,100,93,39,37,53,164,25,43,126,88,131,117,81,74,44,84,7,77,188,1,104,142,49,50,121,
machine27:0,119,17,147,31,165,170,58,15,94,22,194,108,11,191,185,107,193,30,153,92,110,116,137,120,141,8,26,61,161,138,156,46,20,69,180,16,86,71,67,139,187,159,96,184,162,129,70,56,199,122,158,175,171,196,111,72,167,100,130,39,76,179,25,6,43,126,131,87,7,188,154,90,124,104,89,68,36,148,52,42,65,48,115,18,155,121,
machine28:0,119,17,128,165,170,58,47,192,15,168,94,114,22,108,185,183,107,193,30,181,82,140,153,92,105,149,83,157,110,116,120,146,8,26,197,138,156,144,2,20,69,173,71,67,136,139,163,60,55,54,174,129,199,113,12,98,23,151,103,171,62,160,167,118,39,37,80,172,43,88,117,74,44,21,77,188,35,133,142,63,36,148,18,106,143,5,50,176,75,
machine29:0,119,17,128,147,31,165,170,58,192,15,168,27,78,185,41,183,107,198,193,30,140,153,105,112,14,110,169,137,120,146,95,141,8,195,9,197,156,46,186,69,180,16,173,38,71,102,66,159,132,96,54,162,129,199,158,123,113,98,23,127,57,62,72,100,39,37,76,53,172,200,179,6,43,126,88,134,190,131,81,84,87,188,1,73,68,52,42,65,48,106,5,64,34,
machine30:0,119,17,147,31,170,58,47,192,114,108,178,11,85,191,185,183,198,193,30,10,92,105,112,149,83,157,169,116,19,146,195,9,26,189,61,197,138,144,45,186,180,38,86,71,67,139,187,55,54,184,129,199,12,150,97,175,171,62,72,118,93,182,39,37,172,164,6,125,126,88,131,44,21,87,99,77,188,154,4,73,79,142,63,59,65,48,13,49,106,143,176,28,
machine31:0,109,119,165,58,47,94,27,78,194,108,178,191,107,193,82,10,153,92,112,149,157,110,169,19,137,120,101,95,9,26,189,161,166,20,69,173,38,86,71,67,102,136,66,96,60,55,174,162,56,199,158,12,98,23,103,196,111,62,72,160,100,118,39,200,179,88,131,117,74,44,21,77,90,35,124,79,68,29,59,36,42,13,115,3,143,152,64,
machine32:0,119,128,31,58,15,168,94,27,78,11,191,185,183,107,198,193,30,10,92,112,157,169,116,137,146,95,8,195,26,61,161,138,156,144,145,46,20,86,71,66,187,159,132,163,54,184,129,70,56,199,122,123,12,98,103,196,72,39,37,76,53,179,164,125,43,126,88,74,44,99,188,90,35,124,73,133,79,142,68,59,36,65,28,75,
machine33:0,109,119,128,58,192,15,27,114,78,22,194,108,178,11,191,185,107,193,82,140,10,153,105,83,157,116,137,141,8,9,189,161,138,144,45,46,20,186,180,173,67,139,187,96,163,60,129,199,158,123,98,151,103,196,57,160,93,39,76,172,164,6,134,190,131,74,84,7,77,188,1,142,59,52,65,13,18,49,64,
machine34:0,109,119,147,31,165,170,47,168,94,27,78,194,178,11,41,183,30,140,92,83,14,110,169,116,141,9,26,189,161,166,138,156,144,45,69,180,16,86,71,67,102,66,132,96,163,60,55,54,174,129,70,56,158,113,98,175,151,171,111,24,160,100,118,93,39,37,172,200,179,25,43,117,84,7,77,1,90,51,68,63,59,36,42,65,13,32,106,5,176,28,
machine35:0,109,119,17,128,147,31,165,15,168,94,114,78,22,108,11,85,191,41,183,107,198,30,181,10,153,92,105,112,110,120,146,101,141,8,195,26,61,197,156,144,145,45,46,20,71,67,102,136,139,132,96,163,54,184,174,162,56,158,123,113,12,150,97,98,103,196,33,72,160,167,182,130,37,53,200,125,43,88,190,117,44,87,7,77,4,35,73,68,63,40,13,32,75,
machine36:0,109,17,128,147,165,58,47,192,15,168,94,27,194,178,11,85,191,185,41,183,107,198,193,30,181,82,140,10,153,92,105,149,83,157,110,169,120,146,101,95,141,8,195,189,197,156,144,145,46,2,69,16,38,86,66,187,159,132,60,184,162,129,199,122,158,113,175,151,196,33,167,118,93,130,39,80,53,172,164,43,88,74,21,77,188,124,73,133,79,36,42,48,115,49,106,3,176,
machine37:0,109,119,170,94,27,22,194,178,191,185,41,183,198,82,10,153,92,105,14,110,169,19,146,95,189,61,166,156,144,46,2,20,186,69,180,38,71,136,187,159,96,54,70,199,122,158,123,113,103,33,57,62,160,167,100,37,76,53,200,164,43,134,131,74,7,77,188,51,35,124,73,133,104,142,89,68,63,59,148,65,13,106,152,34,28,177,
machine38:0,109,119,128,170,47,94,27,114,78,22,194,108,178,11,85,185,41,183,107,198,181,140,10,153,92,149,83,110,116,137,95,141,8,9,26,189,166,138,156,145,45,46,20,186,180,16,86,71,67,136,66,132,96,60,55,54,174,122,158,98,175,171,196,57,111,62,160,167,100,118,93,182,179,164,6,74,44,21,84,87,77,188,104,142,68,148,52,65,13,106,5,50,177,
machine39:0,119,17,128,165,170,47,192,15,94,27,114,78,22,194,108,85,191,41,183,193,30,181,82,140,10,149,83,157,14,110,116,137,120,146,101,95,141,8,195,9,189,61,197,138,156,145,45,46,69,180,173,67,102,66,159,132,60,55,184,129,70,56,199,158,123,113,150,98,23,151,171,33,57,111,24,160,93,37,172,126,131,81,74,21,87,7,188,124,29,59,148,48,18,155,106,5,64,
machine40:0,17,128,147,165,58,47,192,15,22,11,41,198,30,157,169,116,19,137,120,101,95,141,8,26,189,61,197,138,156,145,45,20,186,180,71,136,66,159,60,184,129,199,122,158,123,113,12,98,23,127,151,103,57,167,93,53,179,25,43,126,134,190,117,74,87,7,188,4,35,73,68,59,36,148,42,65,115,32,5,28,
machine41:0,17,147,31,170,58,15,168,94,114,78,22,194,108,11,85,41,183,198,193,181,82,10,153,92,105,157,169,116,19,120,195,189,197,156,2,20,186,69,180,16,173,136,139,66,187,96,163,60,54,174,162,129,56,122,123,113,12,98,23,175,111,62,100,118,93,39,37,76,80,172,6,43,126,88,134,117,84,7,77,188,4,142,63,29,42,65,18,49,50,34,177,121,
machine42:0,109,17,147,165,58,94,114,78,178,11,191,185,41,30,181,83,157,14,169,116,101,8,9,26,61,156,144,145,45,20,69,180,86,67,139,132,60,54,184,56,199,122,12,98,175,103,171,33,57,111,24,62,130,76,80,53,200,164,6,125,43,88,117,74,44,84,7,99,188,90,89,59,42,48,32,135,64,28,177,
machine43:0,109,119,17,147,31,58,47,192,168,94,194,178,11,85,185,41,183,107,198,193,181,140,10,153,92,112,83,110,169,116,19,137,120,146,101,95,141,9,161,166,138,156,45,46,2,186,69,180,86,71,102,139,187,159,60,54,184,174,199,122,123,98,23,127,175,103,196,24,62,72,100,93,39,179,88,134,131,77,188,4,1,51,133,36,148,42,18,106,135,64,34,176,
machine44:0,119,147,165,170,58,47,192,15,168,78,178,11,85,191,41,107,198,30,153,105,112,149,83,14,110,19,120,101,95,141,8,195,9,26,189,61,166,138,46,69,180,173,38,86,136,132,96,163,55,174,158,123,150,97,175,151,103,171,160,182,130,39,37,76,80,172,179,164,6,125,126,88,134,190,117,81,84,87,99,77,35,104,68,63,52,65,48,115,49,3,135,50,176,177,121,
machine45:0,109,119,17,31,165,58,192,15,168,94,78,22,194,178,11,191,41,183,107,198,193,181,82,10,153,92,105,112,149,14,19,146,8,195,61,161,166,46,173,38,136,139,187,159,55,184,56,122,123,113,12,150,98,127,151,103,196,33,167,182,6,134,131,44,84,7,77,188,1,79,59,48,115,32,49,106,3,5,28,
machine46:0,17,128,165,58,192,94,27,194,108,178,11,183,193,30,82,140,10,92,112,14,169,116,137,120,146,8,195,26,61,166,144,145,45,2,173,136,187,159,132,96,184,162,158,123,97,175,171,72,160,100,37,172,25,126,88,131,21,77,90,35,73,133,79,32,106,64,28,75,
machine47:0,128,147,58,47,192,15,94,114,178,11,191,185,181,10,153,92,112,83,157,14,110,19,137,120,146,101,95,9,61,197,138,144,145,45,46,20,180,16,71,102,139,132,96,163,55,129,70,56,122,158,97,98,151,103,57,72,160,100,182,130,39,37,179,43,190,7,77,4,90,35,124,79,148,52,65,48,5,50,34,28,
machine48:0,17,165,170,58,47,15,168,194,108,178,85,41,183,107,198,193,10,92,105,112,149,83,110,169,137,95,9,26,61,197,161,138,156,2,186,71,67,187,163,54,184,174,162,129,70,56,199,122,97,23,127,151,196,111,100,118,130,39,172,200,179,126,134,131,117,74,44,84,87,188,90,104,142,89,42,65,13,18,32,49,91,135,
machine49:0,119,128,147,165,170,58,47,114,78,22,108,11,191,183,107,30,82,10,153,92,105,149,157,116,19,137,146,101,195,189,161,166,138,156,145,186,38,86,71,102,139,66,132,96,60,55,184,122,97,103,33,72,160,167,39,25,126,134,44,7,188,90,104,142,68,59,36,148,42,48,13,143,135,50,176,
machine50:0,119,31,165,170,47,94,114,78,194,85,191,185,41,183,30,181,140,10,92,105,112,83,157,14,19,137,120,146,95,9,189,61,161,138,45,2,20,16,173,102,139,132,55,184,56,199,123,113,196,57,111,24,100,93,182,37,80,172,200,25,88,87,154,63,36,148,48,106,64,177,

1to 1:
1to 2:12,18,19,23,29,30,31,37,42,43,47,48,53,56,65,66,69,72,94,95,97,103,107,109,113,115,116,119,120,123,125,133,138,139,144,148,154,156,157,166,167,176,181,183,185,186,192,193,196,1,8,15,22,55,61,68,82,86,89,98,110,114,121,131,132,141,150,158,160,164,189,197,199,
1to 3:12,22,23,36,37,56,60,63,64,65,72,73,86,94,108,110,111,113,116,123,138,140,142,144,152,153,156,160,161,166,167,169,180,181,186,187,190,196,199,1,20,42,43,44,47,49,58,67,69,77,88,92,122,125,128,137,141,150,159,168,175,189,191,192,
1to 4:2,7,11,12,15,17,19,23,26,30,35,38,41,43,55,58,59,65,69,70,72,74,85,88,101,102,110,113,116,118,123,124,126,135,138,142,144,145,159,162,180,181,183,200,22,27,29,42,68,82,83,92,94,105,107,109,119,122,133,137,141,153,160,167,168,170,182,189,193,195,
1to 5:1,9,12,16,23,26,28,30,34,41,54,55,58,59,61,69,71,77,82,88,91,92,93,95,99,101,109,110,119,120,123,129,133,134,138,148,154,156,161,165,166,170,175,184,190,191,192,194,15,22,37,43,51,57,98,107,108,114,128,147,153,160,163,186,197,
1to 6:2,9,17,18,20,28,29,32,33,37,48,49,51,66,71,74,76,78,82,86,91,92,95,98,101,103,109,110,115,121,138,139,146,147,148,152,154,156,160,161,162,163,165,167,180,181,184,185,189,193,194,198,3,24,35,39,41,42,57,69,72,77,88,108,122,144,150,153,168,170,171,175,196,197,
1to 7:12,15,21,26,33,38,43,45,54,55,62,65,69,78,83,102,103,105,108,109,123,132,137,139,140,144,147,148,149,154,156,161,163,165,168,175,181,184,188,191,193,194,196,198,199,200,11,17,27,34,36,44,49,57,58,67,68,86,88,112,119,122,164,171,182,186,189,197,
1to 8:6,9,12,20,21,30,33,34,42,47,54,58,62,64,65,69,71,73,83,85,99,101,109,110,122,124,144,148,154,162,165,166,169,170,173,181,182,190,193,194,199,11,15,28,49,56,76,82,94,98,114,131,153,159,163,168,172,175,189,
1to 9:9,12,19,20,28,31,38,39,41,47,53,54,56,58,59,60,63,70,72,82,83,86,93,98,101,102,106,113,116,119,120,121,148,153,156,159,161,163,170,176,198,199,200,11,15,16,17,27,35,37,77,105,107,111,123,125,129,134,137,141,158,164,171,174,175,183,186,
1to 10:7,8,9,11,12,15,20,21,30,31,34,42,56,60,61,62,65,69,86,88,94,100,103,107,110,113,120,121,123,128,134,138,148,151,153,156,159,161,162,165,168,169,175,176,180,190,196,198,199,1,17,22,27,37,58,68,71,72,82,92,114,119,124,158,170,172,185,186,191,192,200,
1to 11:6,7,17,20,26,28,30,37,38,43,45,54,59,62,63,65,66,71,72,76,83,88,90,93,103,109,118,122,125,137,138,151,152,157,159,161,162,169,171,180,183,192,193,198,200,3,8,11,22,35,36,44,49,55,58,77,82,86,92,94,108,119,131,150,163,172,199,
1to 12:2,7,17,21,30,43,63,78,86,88,93,105,107,113,116,118,119,120,124,138,145,156,157,161,162,163,165,169,180,181,198,200,1,8,15,24,37,41,51,53,55,58,69,71,77,82,89,92,94,98,110,131,132,144,147,153,164,183,185,189,191,195,
1to 13:12,15,17,21,29,32,41,45,47,54,56,58,65,66,74,77,83,85,86,93,98,100,110,113,116,118,119,120,122,138,145,148,151,153,156,159,163,166,167,170,173,180,181,184,192,193,194,198,8,11,22,28,37,42,43,55,67,69,94,123,128,134,141,150,158,160,168,174,186,197,199,
1to 14:2,7,15,31,35,41,45,47,48,53,59,60,61,62,77,78,88,93,95,101,106,109,113,115,116,119,120,122,135,145,151,161,166,169,173,175,180,181,182,184,185,189,191,193,200,1,17,28,36,43,49,55,58,64,69,71,86,92,94,98,114,123,132,133,159,171,195,199,
1to 15:2,7,17,23,26,32,38,41,42,45,47,59,63,70,74,77,78,79,82,86,91,93,95,97,100,102,103,110,113,120,122,124,132,137,138,139,145,148,151,154,156,161,163,166,169,170,178,182,190,191,192,194,198,24,28,35,36,43,50,55,56,58,72,89,92,107,108,114,134,144,160,165,171,183,185,
2to 1:2,7,11,15,24,26,41,42,56,58,59,60,61,72,74,82,84,102,103,108,114,115,119,120,123,128,137,139,153,154,156,166,167,172,173,174,181,182,183,184,185,189,190,199,1,8,12,17,21,22,28,30,35,36,45,51,62,63,71,86,98,107,110,122,126,132,150,151,157,162,163,170,
2to 2:
2to 3:4,8,12,14,15,20,24,31,35,41,46,49,50,61,66,68,72,73,80,81,92,95,98,102,106,109,119,125,139,148,150,160,167,171,173,186,187,197,1,6,10,17,19,22,30,36,38,42,43,58,60,65,69,85,100,103,105,107,108,111,116,122,123,137,141,144,156,162,163,164,199,
2to 4:11,15,22,27,30,42,43,53,54,55,66,73,74,78,83,87,88,94,95,108,114,117,120,133,135,138,139,140,146,149,150,153,158,164,167,168,171,174,178,182,186,189,191,195,197,7,14,17,19,21,35,38,47,58,62,68,69,85,100,102,105,109,113,122,131,132,141,157,162,192,198,
2to 5:11,23,24,30,31,33,41,50,55,69,74,78,82,88,94,95,99,106,108,113,114,116,117,121,137,138,139,140,148,149,150,151,154,158,161,166,172,174,178,184,185,193,195,196,197,199,15,28,43,44,46,61,96,103,107,109,110,119,120,123,144,157,170,183,192,
2to 6:4,8,11,12,15,20,22,24,31,33,41,42,55,56,59,60,61,72,77,82,89,95,97,103,104,109,114,116,119,120,123,138,146,147,148,150,154,158,166,168,174,178,179,181,182,184,185,186,195,196,197,14,16,19,21,27,30,36,38,45,52,58,62,100,105,110,113,122,126,131,136,144,156,165,198,
2to 7:4,7,10,15,23,27,38,39,41,43,49,56,59,69,78,80,85,86,88,94,97,104,107,108,110,114,115,119,121,123,140,142,144,149,150,151,158,159,161,164,174,178,182,186,188,190,191,193,198,200,1,11,14,17,26,30,33,51,61,63,65,68,70,102,103,105,126,131,132,137,141,156,157,162,163,189,195,196,199,
2to 8:2,8,9,11,15,22,33,39,47,49,52,56,62,71,72,73,77,82,87,95,97,109,119,120,138,139,144,154,158,168,173,174,176,181,186,191,193,197,198,14,16,17,18,26,38,43,46,51,63,65,69,85,98,100,107,108,122,137,163,164,165,183,199,
2to 9:11,12,15,21,27,31,46,47,48,50,61,69,71,73,82,86,98,106,125,128,140,145,146,153,159,161,174,175,176,178,181,182,183,185,189,190,197,200,19,28,38,43,45,55,85,96,102,103,108,110,113,141,151,156,165,187,195,196,198,199,
2to 10:15,17,22,27,30,37,39,47,48,50,55,66,69,72,77,78,85,86,88,92,95,97,100,102,103,106,115,119,128,129,138,139,142,143,153,158,164,173,174,178,185,186,188,191,197,1,8,16,18,43,58,61,68,107,108,120,126,132,137,141,144,155,165,171,183,196,198,199,
2to 11:10,11,15,22,26,28,31,39,43,49,55,58,59,61,71,72,75,77,78,82,84,86,90,92,107,109,120,129,138,139,141,142,145,146,154,161,166,169,176,178,186,188,193,197,198,7,12,13,18,35,36,38,46,65,85,100,103,116,119,126,136,137,143,164,195,196,
2to 12:2,8,11,13,15,24,31,51,53,58,73,85,87,94,95,104,108,109,113,117,123,139,153,158,161,167,169,171,174,176,185,188,199,4,7,10,14,16,22,27,33,36,38,43,68,69,86,89,97,98,105,110,141,144,151,156,164,183,189,196,198,
2to 13:2,8,9,10,15,20,33,41,43,47,61,66,68,73,94,95,106,108,110,113,114,115,117,119,137,138,141,145,151,153,158,167,173,181,183,184,186,188,189,190,197,198,4,6,11,16,21,22,23,28,42,46,62,65,98,100,120,122,123,126,131,156,157,164,171,
2to 14:8,9,11,14,22,24,26,41,42,43,47,49,51,52,56,58,59,68,69,74,77,78,80,84,88,96,98,102,104,106,107,109,114,115,123,133,137,139,144,146,150,151,153,156,157,159,171,174,176,181,182,183,184,185,188,190,198,4,7,33,38,46,60,86,103,105,110,119,120,122,126,
2to 15:2,8,15,20,24,26,33,38,39,41,43,48,52,56,60,68,80,92,95,101,108,110,114,119,123,127,129,137,140,142,145,146,153,154,161,176,178,179,182,185,188,199,7,10,11,14,18,19,22,28,35,42,45,47,58,86,96,97,98,100,102,105,122,138,143,144,156,157,183,197,
3to 1:1,8,10,12,15,19,20,29,30,31,35,41,42,45,47,49,54,58,60,65,69,71,77,88,93,94,101,109,110,116,118,119,120,123,127,131,137,144,146,147,148,156,157,160,161,166,173,175,181,183,191,192,193,2,32,33,36,39,59,73,78,79,83,105,113,114,128,129,132,133,135,138,168,169,170,186,199,
3to 2:8,10,11,13,19,23,29,30,31,37,41,42,44,53,58,61,69,71,72,85,88,94,106,108,110,119,121,125,127,132,136,137,141,144,146,147,148,150,153,155,158,159,160,161,167,168,169,178,181,186,187,189,191,196,197,14,33,39,47,62,73,92,105,114,116,120,122,123,135,138,139,164,199,
3to 3:
3to 4:10,11,19,20,23,27,30,31,40,41,44,46,49,54,58,67,68,70,71,72,80,83,85,92,94,95,101,102,105,110,111,118,120,125,128,136,138,141,142,144,156,158,160,167,168,174,178,179,180,189,193,194,198,199,12,22,33,47,55,56,59,66,73,91,107,114,140,147,164,191,
3to 5:1,5,14,19,23,28,31,36,38,39,41,43,45,50,54,57,60,61,65,69,70,77,78,80,83,95,109,112,116,118,120,125,130,131,136,137,138,148,152,153,156,157,158,160,166,168,185,192,199,20,30,35,55,59,92,101,106,114,122,123,132,135,169,170,190,
3to 6:1,5,6,8,11,19,23,24,27,29,41,46,49,55,57,58,59,67,70,77,80,88,90,92,104,116,125,127,128,144,146,147,152,153,157,159,160,165,166,167,171,173,175,181,185,189,192,196,198,10,14,20,22,91,112,114,129,139,148,164,168,169,186,
3to 7:1,6,8,10,11,19,20,27,31,35,37,39,41,42,43,45,49,50,54,57,59,63,65,67,68,69,72,77,80,85,88,92,93,102,106,108,111,112,113,123,128,131,136,137,138,142,144,148,150,156,157,158,159,163,169,175,177,181,184,185,189,194,195,199,12,14,30,33,55,56,79,83,97,107,114,119,129,139,160,164,168,170,190,191,
3to 8:5,6,8,9,12,31,38,41,42,43,49,62,63,65,69,72,73,77,80,84,85,90,98,105,108,110,123,125,135,136,137,146,148,152,160,162,165,167,168,171,173,175,180,181,189,190,199,20,27,39,66,81,83,88,92,100,114,122,132,144,157,188,191,
3to 9:15,19,20,23,27,28,31,35,37,38,41,45,46,53,60,63,71,73,80,95,102,105,108,111,123,128,137,138,141,145,148,150,158,159,163,164,167,168,171,172,173,175,177,179,180,183,185,186,189,192,196,197,198,199,12,14,25,32,59,67,77,88,97,106,113,119,120,144,
3to 10:1,5,8,12,30,41,42,43,46,54,55,58,60,62,63,68,69,71,72,77,78,80,83,84,85,88,93,94,98,108,110,111,114,116,120,123,124,131,136,147,148,156,158,161,164,165,168,169,179,181,186,190,191,192,195,197,198,199,14,20,37,39,47,56,67,106,128,129,140,141,143,185,188,
3to 11:9,11,19,20,27,28,31,37,38,39,45,47,49,54,55,58,59,60,62,65,71,72,77,78,88,93,95,98,111,116,123,125,128,131,137,138,141,145,146,156,157,173,178,179,180,183,186,189,192,194,197,10,12,21,30,67,97,112,114,129,144,160,164,169,185,190,191,199,
3to 12:4,8,10,11,13,14,20,24,27,31,39,41,42,45,46,53,54,63,65,68,69,77,78,80,83,88,92,94,98,106,108,118,128,130,142,144,146,152,153,156,160,163,164,165,172,177,178,183,184,189,191,198,2,17,32,56,67,101,113,119,120,122,133,138,140,141,157,168,170,
3to 13:4,12,20,23,29,31,36,37,39,41,42,44,46,50,61,62,65,67,69,77,78,80,88,93,94,95,101,108,110,116,120,123,127,136,137,138,141,145,147,153,157,158,160,163,169,171,172,173,175,180,181,197,10,17,55,59,81,92,106,114,122,129,132,148,186,188,199,
3to 14:1,4,8,15,19,26,31,38,39,41,42,49,53,58,59,60,61,64,65,67,77,80,92,93,94,98,109,119,120,123,131,134,136,137,138,153,156,159,161,165,171,175,179,181,183,184,185,192,199,14,30,46,78,79,88,111,113,127,135,141,164,168,187,188,
3to 15:8,10,11,19,20,24,31,37,41,42,43,44,46,49,50,54,58,71,72,80,93,102,108,114,116,123,127,128,130,136,137,142,144,145,153,156,159,160,161,163,165,167,171,172,173,181,183,184,189,190,193,194,197,199,2,14,25,32,55,67,83,92,97,100,107,112,113,120,129,138,139,148,169,186,191,
4to 1:7,15,26,27,30,32,37,42,45,47,54,57,59,60,65,69,79,82,83,91,95,97,98,100,101,102,105,110,113,114,118,120,123,134,137,138,140,141,153,156,160,170,172,174,178,182,183,189,192,194,199,2,8,11,19,22,55,58,68,74,85,92,106,108,109,111,115,125,152,164,180,191,193,195,196,
4to 2:8,10,27,39,41,42,53,55,58,63,68,71,74,82,87,94,95,100,102,105,107,108,113,120,121,128,137,138,141,144,146,150,151,153,164,166,178,180,182,197,9,11,15,19,21,22,33,35,38,66,69,85,92,97,106,109,135,156,176,193,195,196,199,
4to 3:8,9,19,22,27,41,44,46,55,57,58,60,65,67,68,72,74,80,92,95,101,102,105,107,108,110,112,113,118,120,128,130,131,137,138,140,146,153,158,159,160,161,168,181,183,197,10,30,31,59,66,73,85,88,111,115,132,136,155,157,167,174,177,179,180,189,191,195,196,
4to 4:
4to 5:5,9,11,22,37,43,53,55,57,58,59,60,66,69,74,78,80,85,88,91,92,94,95,97,98,101,105,107,109,110,112,119,125,128,134,136,137,140,151,153,160,170,172,180,182,183,186,192,193,197,198,18,29,30,35,38,40,65,83,108,114,116,126,152,174,199,
4to 6:8,9,19,30,33,38,41,44,53,55,57,69,82,87,90,92,94,95,100,101,105,107,110,112,119,125,127,131,136,140,144,148,156,164,166,170,178,180,181,183,186,191,194,7,18,20,22,27,47,58,65,66,74,85,88,116,135,145,152,153,155,172,173,174,179,189,
4to 7:38,39,41,46,47,54,55,65,67,74,78,79,84,87,92,94,107,112,114,128,136,144,150,164,168,186,188,189,199,15,19,21,27,30,40,62,66,69,85,88,108,109,115,125,142,152,155,169,196,
4to 8:2,7,8,9,10,11,19,22,27,30,33,39,42,47,55,57,65,66,71,72,82,83,85,87,90,92,94,95,98,107,110,117,125,128,132,136,137,138,140,141,144,145,146,159,160,165,170,181,182,183,189,194,21,26,31,35,38,40,56,62,69,73,74,84,88,101,115,135,152,162,167,168,180,186,193,
4to 9:11,30,32,33,43,45,46,53,55,56,57,59,67,69,71,73,87,92,94,95,97,98,100,105,107,113,117,119,120,127,128,131,141,150,153,158,161,167,170,180,181,182,186,191,197,15,19,20,26,27,35,38,47,63,85,114,140,145,155,157,172,176,189,
4to 10:7,8,11,27,37,39,41,42,44,46,53,57,67,72,74,82,87,92,94,98,107,112,113,114,123,127,133,138,146,153,161,164,165,168,170,174,180,181,183,186,188,191,192,197,200,9,15,20,21,31,47,54,55,58,62,66,69,78,80,84,88,100,102,106,116,126,140,142,157,167,176,194,195,196,199,
4to 11:9,13,17,30,38,39,46,55,60,65,66,67,69,71,78,88,94,95,98,105,107,114,117,118,125,138,141,145,158,164,166,188,192,197,199,20,21,26,27,29,35,54,58,62,70,74,83,106,108,122,126,142,173,178,180,189,194,
4to 12:8,10,11,13,22,30,32,37,41,46,47,53,54,57,58,59,67,68,69,73,78,82,84,94,95,100,101,110,113,118,128,130,136,138,141,142,144,146,149,156,158,160,164,165,170,178,180,182,183,188,189,191,194,7,15,21,26,27,40,65,66,70,80,92,109,115,120,140,152,174,195,
4to 13:2,11,22,23,55,56,57,67,68,73,83,87,92,94,98,101,110,113,114,118,124,126,128,131,137,141,145,149,153,160,167,168,170,186,189,191,194,195,199,7,9,12,15,21,47,65,66,69,78,85,88,100,108,116,140,155,156,174,177,179,180,
4to 14:7,8,9,11,15,17,18,22,26,35,38,41,46,53,60,79,80,82,84,92,95,102,107,113,117,123,127,131,136,147,153,158,159,161,164,165,171,178,180,183,188,189,193,2,12,47,62,63,85,88,101,114,115,125,134,167,174,191,192,195,
4to 15:8,10,13,26,31,32,39,41,42,46,47,56,59,66,67,83,94,95,101,107,110,112,113,114,118,119,120,127,128,130,132,138,144,145,146,148,149,153,158,160,165,170,181,183,191,192,197,2,9,11,19,21,30,55,58,65,85,88,92,97,100,102,106,108,122,126,136,140,142,157,177,178,186,193,199,
5to 1:9,27,31,36,39,41,50,51,59,60,61,69,72,74,77,82,83,86,90,92,93,94,95,98,99,101,108,109,110,114,122,125,126,134,135,137,144,154,157,158,161,163,165,170,174,180,185,195,196,199,6,12,15,17,19,29,43,58,113,119,120,121,123,127,129,138,140,141,148,156,175,190,198,
5to 2:14,18,20,22,27,28,50,54,55,66,75,90,92,95,97,98,108,120,128,131,135,139,140,170,174,180,181,185,186,188,189,190,192,195,196,198,11,12,30,38,42,43,58,69,85,87,103,105,107,109,110,121,122,123,127,141,144,150,151,154,156,159,175,178,
5to 3:14,20,22,30,37,41,44,46,50,55,56,58,60,69,88,90,92,93,98,100,105,106,107,108,109,110,112,114,120,123,128,136,137,138,147,153,157,158,160,167,169,180,181,184,189,190,192,196,197,11,12,29,35,38,39,42,77,79,95,101,119,130,140,148,159,161,168,175,185,193,194,198,
5to 4:9,11,22,27,31,40,50,55,57,59,65,66,69,80,82,88,90,95,105,112,114,118,119,122,130,133,135,136,137,138,139,140,144,152,153,156,157,158,160,161,168,170,174,178,180,181,182,186,188,191,192,197,198,19,30,38,44,46,54,58,70,74,79,85,87,92,101,106,107,109,124,128,145,151,193,
5to 5:
5to 6:14,18,20,22,24,25,27,28,33,37,45,54,57,58,69,70,71,72,75,82,85,88,91,92,96,104,107,110,112,116,123,126,128,129,130,136,138,153,154,157,158,160,163,168,172,179,180,181,185,189,190,191,192,198,1,12,31,38,41,53,74,78,87,90,94,101,103,109,113,127,139,140,144,151,159,165,166,170,178,187,193,194,
5to 7:8,10,11,14,20,26,31,37,39,40,44,50,57,58,60,61,69,77,88,93,95,96,99,108,114,125,126,129,136,137,139,140,142,144,147,149,152,154,156,158,160,163,174,181,182,186,188,191,193,196,197,15,27,30,45,78,79,85,92,101,103,107,109,113,119,121,122,128,132,150,151,168,175,185,187,190,
5to 8:8,9,11,26,27,30,34,40,41,46,50,55,56,58,69,71,74,80,82,92,94,95,98,99,101,114,117,122,126,128,131,137,138,139,144,151,157,158,160,168,169,170,172,179,180,185,186,188,189,190,191,197,199,39,43,45,51,87,90,105,108,109,119,120,123,124,134,140,141,154,161,166,178,192,
5to 9:11,16,25,26,30,31,33,34,40,41,50,55,58,59,60,71,82,93,96,98,106,114,117,119,130,134,136,137,140,151,153,157,165,183,186,189,197,198,199,12,15,35,39,44,46,65,69,79,85,91,92,94,101,103,105,139,150,156,161,170,172,187,190,192,
5to 10:8,14,15,20,22,23,25,39,43,50,60,61,71,75,80,93,95,96,98,102,106,108,110,112,114,116,117,122,126,129,130,134,137,139,142,149,153,157,158,160,165,169,170,172,180,188,190,191,192,195,196,197,198,199,11,18,30,42,46,53,58,65,69,78,85,92,105,107,113,119,123,124,138,140,151,159,161,168,175,194,
5to 11:9,10,11,20,22,26,28,31,39,45,46,57,58,60,61,72,77,86,92,93,96,98,107,108,116,117,118,126,131,137,138,139,142,144,149,157,160,169,172,178,180,184,186,188,189,190,191,193,196,197,199,6,15,43,44,74,75,78,79,90,94,95,99,101,102,103,119,128,173,
5to 12:9,10,11,13,20,24,26,30,31,37,40,43,45,51,54,58,61,71,77,80,90,92,94,95,96,98,100,109,117,118,119,128,131,136,147,149,153,158,160,163,165,167,169,170,178,180,183,184,186,188,191,199,17,38,39,41,42,46,65,69,85,93,107,108,110,113,122,124,130,141,144,145,151,159,172,175,193,198,
5to 13:10,14,22,23,30,33,45,50,55,60,69,71,78,92,93,95,98,100,101,105,106,108,109,114,118,122,123,126,134,137,139,147,149,153,157,158,160,167,179,180,181,186,191,192,195,197,5,11,15,19,41,43,44,46,53,65,87,94,121,127,138,140,141,145,148,163,166,170,172,175,178,190,
5to 14:8,9,14,20,30,34,37,46,50,60,61,69,74,80,88,92,98,99,101,105,109,113,117,123,125,133,134,135,139,147,149,153,165,169,174,180,181,184,188,195,196,198,1,11,17,41,42,44,51,58,65,95,122,137,138,145,151,161,163,166,178,185,190,194,
5to 15:10,11,13,20,24,25,30,31,34,41,50,59,61,71,83,90,91,96,97,114,120,123,126,134,136,137,139,140,142,144,149,151,154,157,161,169,170,183,186,189,190,196,197,17,35,39,44,45,58,78,85,92,94,101,102,103,108,112,119,124,128,130,132,138,145,148,160,172,178,184,187,194,
6to 1:8,11,12,15,16,17,22,45,47,49,53,55,56,58,59,66,72,76,82,88,94,95,97,100,110,119,123,125,126,127,131,138,148,153,154,156,157,160,165,170,174,175,180,181,185,190,193,194,198,6,9,20,26,28,30,33,51,52,64,69,91,101,109,121,122,129,144,159,166,167,168,173,192,195,
6to 2:4,8,11,12,13,19,22,26,27,31,35,37,38,41,47,49,51,56,66,68,69,78,82,100,103,110,113,116,126,127,128,129,138,145,146,150,155,156,159,160,175,176,178,184,186,197,198,2,7,14,20,28,30,44,61,72,85,87,95,108,119,120,139,144,148,153,154,157,164,166,167,171,173,174,179,180,185,189,195,
6to 3:4,7,8,12,14,22,32,36,37,39,46,49,53,57,60,61,62,67,73,92,100,103,107,108,110,127,128,129,131,145,148,150,156,159,160,175,186,191,20,21,27,28,41,52,56,58,72,101,121,130,136,137,144,146,153,158,165,166,168,169,173,184,189,197,
6to 4:11,12,13,25,26,33,38,44,47,53,54,56,58,59,65,66,67,69,70,80,82,85,97,100,101,105,107,109,110,116,124,125,126,128,136,145,146,150,152,153,156,166,167,168,175,180,189,191,193,194,2,7,8,9,19,20,27,40,41,57,72,74,78,92,95,121,144,158,164,165,170,173,174,178,179,182,197,
6to 5:5,9,11,12,14,22,31,33,37,38,51,61,77,79,82,93,94,97,100,107,116,117,125,127,128,131,134,150,154,158,160,163,175,180,184,189,197,6,20,21,30,39,58,69,78,85,91,92,95,104,109,119,120,129,137,139,144,153,167,168,170,173,178,192,
6to 6:
6to 7:4,8,11,12,21,26,31,32,33,35,38,49,51,59,62,69,88,93,98,100,103,112,123,125,126,128,140,152,154,156,157,159,160,166,175,183,184,186,190,191,194,197,10,19,20,24,27,37,46,58,60,64,84,92,104,119,122,136,144,146,147,148,149,150,153,164,165,168,171,173,178,181,198,
6to 8:5,7,12,14,18,26,27,38,41,62,66,69,76,78,80,98,123,124,125,126,129,134,136,146,159,160,161,165,175,180,183,184,186,191,192,193,194,2,21,49,58,84,85,87,88,95,105,108,148,154,166,168,169,170,173,181,182,185,187,189,197,
6to 9:9,15,19,25,35,41,48,61,67,77,88,90,91,93,97,101,103,116,123,128,129,131,144,145,150,153,158,159,165,167,170,172,175,176,180,183,186,190,192,193,194,196,197,20,27,37,46,58,60,64,71,87,104,119,120,121,146,148,166,178,179,187,
6to 10:2,5,6,9,12,18,21,25,27,37,38,48,55,58,61,62,67,69,84,85,92,98,100,107,110,115,116,117,119,124,126,128,153,156,159,170,174,175,176,185,191,193,195,20,22,30,39,78,86,87,95,104,121,122,144,146,148,164,165,168,169,178,179,180,192,197,198,
6to 11:12,18,37,38,47,49,53,56,58,59,62,66,67,68,75,76,82,92,93,94,103,116,119,122,125,129,146,156,158,160,175,183,185,186,188,189,194,7,9,13,17,19,20,26,30,39,46,52,57,60,72,78,86,136,139,157,170,174,178,179,184,192,196,197,198,
6to 12:4,7,11,17,21,32,37,39,45,48,53,56,65,67,71,77,80,88,89,92,96,97,98,100,117,124,128,129,138,146,156,158,160,166,170,178,180,181,183,186,188,191,194,198,2,3,8,9,10,20,27,28,33,41,46,51,69,84,119,136,139,147,157,159,164,167,174,179,184,
6to 13:4,7,11,12,21,26,31,44,48,53,57,71,78,85,88,93,96,100,109,115,126,127,129,131,146,156,157,163,167,180,183,184,186,189,190,191,20,22,24,37,41,59,60,61,66,77,87,92,95,119,120,136,139,148,151,159,165,168,170,173,175,179,181,187,195,197,198,
6to 14:4,15,31,32,38,47,48,57,58,59,60,61,62,69,80,88,92,94,95,103,105,110,116,125,131,150,158,163,180,181,185,189,190,193,194,6,8,9,14,17,19,20,26,39,41,49,51,64,78,84,109,119,122,130,136,147,153,159,165,168,169,175,179,182,184,187,195,196,
6to 15:7,11,17,18,22,25,33,44,48,55,57,58,67,71,78,94,95,100,101,103,124,129,138,144,145,148,154,158,160,180,183,184,185,186,193,194,197,2,14,16,26,37,72,88,92,104,108,112,114,137,139,146,147,153,159,165,166,169,170,173,174,178,182,188,189,192,196,
7to 1:9,11,19,20,21,26,30,35,41,42,47,49,51,54,56,59,64,65,67,69,77,79,82,85,86,88,92,94,101,102,103,107,108,114,115,116,118,119,120,121,122,125,129,138,141,144,147,150,151,152,158,161,165,174,175,180,184,186,191,192,15,17,27,37,93,105,109,123,124,137,140,149,160,168,171,181,189,200,
7to 2:4,10,11,13,14,18,21,26,30,33,38,42,45,47,49,56,58,63,68,84,87,92,94,96,98,102,103,107,110,113,115,116,122,125,128,131,138,144,145,146,147,148,154,155,157,158,164,165,166,174,181,184,186,191,196,197,199,15,27,31,43,61,97,100,108,114,119,129,132,137,163,188,190,
7to 3:4,5,9,10,11,19,20,25,27,30,33,39,41,46,47,49,50,54,56,63,64,67,68,77,80,88,93,94,100,101,102,103,107,109,119,120,123,128,136,138,141,147,148,157,158,164,172,177,178,180,181,185,188,190,191,193,196,1,37,70,78,105,112,114,129,137,144,150,152,160,166,169,171,
7to 4:7,10,11,15,20,21,26,35,38,49,55,57,58,59,63,67,78,82,85,87,88,92,98,101,109,117,118,122,123,126,132,136,137,144,147,149,156,162,164,186,191,192,193,195,197,27,30,46,66,69,76,94,107,108,112,114,140,166,170,189,
7to 5:9,10,11,19,23,27,31,35,37,40,43,45,50,55,65,77,79,85,88,92,98,99,100,101,102,103,106,109,112,116,117,118,119,123,129,136,139,147,148,149,154,156,160,172,174,175,178,181,185,199,1,15,17,26,30,69,70,93,107,113,124,137,140,150,151,163,166,170,190,
7to 6:4,5,8,9,14,18,19,20,21,24,25,26,30,35,38,45,47,48,49,51,59,67,69,77,82,85,87,88,92,94,95,103,115,116,122,127,129,136,139,140,144,145,148,156,160,162,164,165,175,178,184,185,186,189,191,192,193,194,195,196,17,27,33,37,46,107,109,112,121,124,149,150,152,163,166,181,188,190,
7to 7:
7to 8:10,11,14,19,20,26,38,40,41,45,49,50,54,63,64,65,77,81,83,84,85,87,88,98,99,108,109,110,119,122,123,128,132,138,140,144,146,148,158,160,162,164,168,180,184,186,188,190,193,195,196,198,17,27,33,37,43,62,82,93,105,114,137,149,150,153,165,170,181,182,
7to 9:10,11,17,19,20,25,33,35,36,38,39,40,41,43,45,47,50,54,63,68,69,71,73,80,84,85,88,94,97,103,106,107,110,119,123,126,127,131,137,139,141,145,146,148,150,151,157,158,163,175,178,181,186,189,191,193,195,197,15,21,31,46,56,76,82,108,112,114,121,129,140,161,165,168,170,171,190,200,
7to 10:8,9,10,17,24,25,26,30,36,47,48,50,56,58,67,68,77,78,81,84,92,93,94,102,103,106,108,116,117,126,127,131,140,142,144,147,149,156,157,158,160,161,162,163,164,171,175,184,191,193,194,197,198,199,200,15,23,31,39,43,69,76,82,107,112,121,123,128,137,153,165,170,188,190,
7to 11:7,9,10,11,19,21,30,35,38,39,47,49,57,59,63,77,78,82,88,94,97,101,103,107,109,110,112,114,123,125,126,132,142,147,149,156,157,158,161,162,164,166,173,178,180,191,193,197,198,15,61,64,76,93,105,119,124,131,137,144,152,160,171,200,
7to 12:4,7,8,10,13,20,39,41,45,47,48,51,62,63,65,68,77,86,88,92,93,97,100,101,107,108,109,110,117,118,122,128,132,136,139,142,147,151,157,158,160,161,162,163,164,168,184,191,193,197,15,30,37,61,72,76,94,105,114,119,131,144,149,153,165,169,182,189,200,
7to 13:4,10,11,12,21,39,41,42,45,47,54,56,60,68,77,78,84,85,87,88,92,98,100,101,106,108,116,117,122,126,128,132,136,140,142,145,147,148,158,163,164,171,177,180,183,184,186,189,191,193,197,17,23,26,30,37,62,70,83,93,94,109,114,129,137,149,169,181,
7to 14:4,7,8,9,10,11,12,14,17,19,38,42,48,49,50,51,54,58,59,62,65,67,69,77,78,79,85,86,93,98,102,103,109,110,115,116,122,127,132,139,141,144,146,147,149,153,158,161,174,175,177,184,187,192,194,195,196,199,6,26,30,31,61,76,83,87,94,107,112,119,123,137,140,150,165,166,168,169,171,181,200,
7to 15:5,7,9,10,11,14,19,21,25,35,36,37,39,45,47,49,50,56,58,63,77,86,88,92,93,94,97,100,101,102,103,104,107,108,110,114,119,122,126,128,136,139,140,144,146,154,157,158,160,163,177,184,185,186,190,191,195,197,199,30,46,61,79,82,83,112,131,137,149,165,169,
8to 1:1,6,9,17,22,26,27,33,37,41,42,50,56,65,69,71,72,74,76,84,88,94,98,100,101,108,110,123,125,134,135,144,145,157,166,176,180,183,184,191,192,3,16,31,34,43,47,49,82,90,119,128,154,160,163,165,181,182,186,193,194,195,
8to 2:11,15,18,20,27,37,39,42,45,50,52,55,58,66,69,84,85,88,98,101,103,114,121,126,135,137,141,154,158,167,171,176,179,181,183,184,189,17,26,33,38,43,51,73,90,100,119,120,128,138,157,161,164,166,170,182,187,
8to 3:8,10,11,19,20,27,31,35,37,42,43,61,66,69,85,94,95,101,105,106,110,115,118,122,128,136,137,144,148,153,157,160,168,172,180,183,185,189,191,199,9,14,25,26,46,56,57,62,63,80,90,98,107,108,123,132,134,170,181,186,
8to 4:9,10,18,27,29,42,43,46,47,50,55,58,63,82,83,87,88,92,98,100,101,105,109,114,120,122,123,130,141,146,151,152,153,160,170,174,176,180,181,183,186,191,193,199,49,59,73,80,85,108,134,139,161,166,172,178,192,195,
8to 5:6,23,31,34,37,38,40,41,43,50,56,57,65,75,88,93,94,96,98,99,101,102,103,110,114,117,123,130,135,144,145,148,149,166,167,185,188,190,198,9,15,19,27,28,39,69,77,80,95,105,109,134,138,151,154,159,160,170,172,178,181,182,193,195,199,
8to 6:6,9,14,18,21,26,27,33,42,47,48,55,56,57,61,62,66,69,72,76,94,95,98,100,101,104,105,110,117,119,122,126,144,145,146,148,151,153,157,166,170,173,176,180,181,184,185,187,189,192,193,2,8,25,38,49,51,64,107,108,109,123,128,129,154,159,163,168,186,194,195,
8to 7:6,9,10,19,23,27,30,43,50,54,56,57,66,78,81,83,84,88,97,98,101,103,104,110,117,118,122,125,140,144,152,157,160,168,171,188,189,190,193,199,15,26,31,38,46,69,72,76,82,85,87,94,108,109,123,128,129,132,137,149,163,170,181,
8to 8:
8to 9:6,15,21,27,34,38,40,47,49,54,61,62,82,84,85,88,93,95,97,100,101,105,110,111,119,120,128,130,141,144,145,146,153,158,167,176,183,185,187,189,191,194,199,2,19,31,33,56,63,69,71,77,83,87,90,98,157,163,164,170,182,193,196,197,
8to 10:9,10,20,25,26,34,37,39,43,48,55,58,61,65,78,81,84,85,88,98,102,114,137,144,153,158,169,185,188,193,6,7,8,11,15,27,38,46,56,62,64,69,76,87,94,120,129,149,162,164,165,168,170,186,192,194,195,199,
8to 11:6,10,20,37,43,55,58,64,66,69,72,74,78,83,84,85,88,92,95,97,98,99,101,103,118,137,144,158,160,166,173,176,187,188,189,190,191,193,199,9,15,19,26,27,31,39,49,59,62,63,73,82,107,109,128,132,138,139,149,154,157,171,172,180,185,186,197,198,
8to 12:10,17,19,33,37,43,46,48,49,56,62,65,66,69,74,80,84,85,87,88,92,93,94,95,97,100,104,110,115,119,123,144,153,158,166,167,172,176,179,181,188,191,197,7,26,31,59,63,71,73,77,83,107,132,159,161,162,163,164,
8to 13:2,6,8,10,11,12,15,28,33,42,43,47,50,61,63,66,69,76,83,84,85,110,111,114,117,118,121,122,124,126,157,158,160,165,166,167,168,175,179,181,185,187,188,194,195,198,199,34,56,57,60,71,74,98,108,123,137,138,149,151,163,180,183,189,192,
8to 14:6,10,11,12,14,17,19,20,26,34,42,48,52,54,56,58,62,63,64,65,81,83,84,85,88,92,99,101,103,104,114,125,135,137,144,146,153,158,173,175,176,183,188,191,192,3,9,28,47,57,60,69,77,80,96,98,105,109,119,120,132,134,139,149,151,164,170,181,193,194,199,
8to 15:10,14,17,22,28,30,34,35,41,43,47,50,58,78,83,85,88,92,94,95,96,97,100,101,110,114,117,119,122,130,132,136,144,145,146,158,165,168,186,187,188,189,191,199,2,9,15,26,46,49,56,57,63,71,73,74,77,84,105,120,123,127,134,138,154,159,160,161,162,163,192,193,
9to 1:1,6,9,15,17,19,21,31,32,34,35,45,54,59,64,66,69,71,82,84,85,88,93,94,95,108,110,114,120,121,123,128,129,131,138,140,141,144,147,150,154,161,165,170,171,190,191,192,194,198,199,200,12,50,73,103,111,119,137,153,175,176,183,187,193,197,
9to 2:7,12,15,19,26,31,33,41,55,58,61,69,89,96,97,102,110,114,119,121,123,128,138,141,144,145,146,148,153,170,171,172,175,178,183,185,186,191,193,196,197,198,11,27,35,38,98,105,125,137,155,161,163,174,187,
9to 3:11,12,14,20,26,31,35,46,54,57,60,62,63,64,69,71,85,88,93,105,106,110,111,113,115,121,123,127,128,130,135,138,140,141,144,145,146,150,153,156,159,164,168,170,171,172,177,178,186,196,197,19,21,27,39,77,80,136,137,148,160,161,173,175,183,189,192,193,
9to 4:9,19,21,25,33,35,46,47,53,56,58,59,60,65,69,82,87,88,95,102,106,113,114,120,121,123,131,137,141,144,145,150,151,153,156,157,158,164,170,172,178,180,182,183,192,195,197,198,200,11,15,27,38,63,73,85,111,125,136,146,173,174,176,186,189,
9to 5:6,14,17,19,21,25,26,31,35,36,37,38,45,46,50,58,59,61,69,75,88,92,98,100,103,110,112,114,116,123,127,131,135,139,144,150,152,153,156,165,170,172,178,199,15,33,34,54,60,77,80,90,94,105,117,119,125,129,137,138,140,146,148,157,161,174,183,189,192,197,
9to 6:2,6,14,17,19,20,21,25,27,31,35,36,38,41,48,53,59,64,66,69,72,77,86,92,95,100,103,104,110,114,116,120,127,128,129,131,134,139,140,150,151,152,153,154,170,171,178,180,194,195,196,197,198,12,28,49,56,73,80,94,96,105,117,136,146,148,158,161,174,175,176,183,186,187,
9to 7:15,25,26,27,31,35,38,41,46,48,54,56,69,77,84,87,88,93,95,98,100,102,103,106,108,110,119,123,128,129,137,144,148,156,157,158,163,164,165,171,182,187,190,191,10,11,16,19,39,45,49,50,63,82,94,111,112,114,117,145,174,175,186,193,194,197,200,
9to 8:6,11,17,19,21,27,38,45,46,48,58,64,66,69,77,83,84,87,88,95,101,110,114,115,120,123,128,135,138,140,141,148,152,154,158,159,164,166,176,182,183,185,191,192,195,196,197,198,10,15,33,34,50,60,63,80,85,98,125,137,157,173,186,189,193,194,
9to 9:
9to 10:2,11,14,20,31,36,44,46,48,56,58,60,61,62,63,64,65,69,71,72,77,84,88,92,93,100,102,103,110,113,114,116,120,121,129,140,146,151,156,161,163,165,168,170,172,175,180,183,186,199,10,16,34,39,73,96,98,111,119,138,153,158,160,174,192,
9to 11:6,9,20,26,31,46,55,62,64,65,71,84,88,94,102,107,110,119,123,128,129,137,141,144,145,147,151,156,164,165,170,171,173,178,186,188,199,11,19,35,38,45,54,56,60,77,82,90,98,111,112,138,146,157,189,193,
9to 12:9,14,15,26,27,31,32,33,36,41,45,46,48,53,56,60,65,69,71,84,87,88,89,93,95,106,109,110,112,113,115,119,120,123,128,130,133,134,141,146,152,156,163,164,170,178,180,183,186,188,198,10,12,16,19,35,37,63,77,94,96,98,103,136,145,158,167,175,187,197,
9to 13:6,11,17,19,21,25,31,32,34,46,50,53,57,58,60,61,63,65,66,67,77,87,92,93,95,106,108,110,113,116,126,131,140,141,145,148,157,158,164,167,170,177,180,183,190,192,193,195,199,10,15,16,33,45,49,80,82,83,85,111,117,136,137,146,153,174,175,186,187,196,197,198,
9to 14:6,9,11,14,31,38,41,46,48,54,57,58,65,77,84,87,88,94,101,105,119,123,131,135,146,147,150,151,153,159,171,177,180,181,182,190,191,193,195,196,198,199,10,15,19,37,45,47,63,90,98,161,174,175,176,183,187,189,192,
9to 15:15,19,25,32,35,36,37,41,45,47,50,57,58,59,63,64,72,77,87,89,95,97,102,105,110,114,129,130,137,144,145,146,151,153,156,161,165,168,170,171,172,176,177,182,186,187,192,193,198,199,10,11,16,33,39,71,90,94,111,117,175,183,
10to 1:1,8,9,15,16,17,20,23,30,39,41,43,53,54,55,58,60,64,71,72,74,78,83,86,88,90,94,105,121,122,126,138,142,144,146,149,151,161,162,165,170,174,183,184,186,190,193,199,18,22,24,35,44,61,69,84,110,139,141,153,154,158,160,168,169,172,185,192,
10to 2:11,14,15,20,22,23,30,39,43,44,50,58,62,65,68,69,86,88,90,96,98,100,105,107,108,113,114,120,121,129,131,138,144,146,153,159,161,163,165,171,175,186,187,192,196,198,199,8,24,52,61,70,103,119,123,128,137,143,151,155,156,168,181,185,188,197,
10to 3:1,5,7,20,27,30,31,37,42,43,46,50,53,56,57,58,60,67,68,69,73,88,90,94,95,105,107,108,110,113,121,127,132,136,137,138,142,144,153,159,160,162,164,165,178,180,183,186,191,196,197,198,8,23,24,39,41,54,78,81,92,100,118,128,129,139,141,148,156,158,167,168,171,173,188,
10to 4:9,14,15,18,23,25,27,30,42,46,47,50,53,56,58,60,63,65,69,74,76,83,85,87,88,92,94,102,106,107,108,114,115,116,119,121,124,126,131,137,138,139,140,141,142,153,162,164,165,170,174,186,188,191,194,198,199,8,22,31,37,39,78,98,110,117,120,158,160,169,180,181,195,
10to 5:1,9,15,17,23,30,31,36,37,39,58,60,61,69,74,78,86,88,92,94,102,107,108,114,116,120,124,127,128,129,137,140,141,153,157,158,170,178,183,188,190,192,193,198,199,18,24,41,44,50,77,85,96,98,100,105,113,117,119,123,161,165,168,169,172,180,185,197,
10to 6:5,7,8,9,14,17,20,21,26,30,31,36,37,42,46,48,53,58,71,72,77,92,103,105,107,108,112,116,126,127,128,130,131,136,138,144,146,149,153,156,165,170,174,179,183,186,192,194,196,198,11,22,41,49,61,69,86,104,147,154,155,158,168,178,180,185,188,197,
10to 7:1,10,14,15,17,26,27,30,46,48,54,56,64,67,69,71,72,78,88,94,98,100,102,107,108,114,116,119,128,131,140,146,159,162,164,170,175,183,184,186,188,190,194,195,197,198,199,18,25,35,39,41,47,50,61,103,104,110,118,126,129,137,158,161,165,181,
10to 8:7,9,10,14,17,20,22,31,34,43,47,48,54,58,60,63,74,77,87,88,95,102,107,114,115,122,126,128,146,149,157,159,165,168,172,179,181,183,191,194,196,198,6,18,25,37,39,61,69,76,98,103,110,123,151,154,158,188,195,
10to 9:9,15,17,20,21,31,34,37,39,46,48,50,54,56,58,64,67,68,69,71,72,76,82,102,106,112,115,116,121,123,129,131,134,137,140,144,151,153,159,165,167,168,170,175,178,183,186,190,193,194,198,6,35,103,110,119,120,141,148,161,185,188,191,192,195,197,
10to 10:
10to 11:9,15,17,20,23,26,31,43,47,52,53,58,60,61,65,67,71,72,74,75,76,77,82,86,88,103,107,114,115,116,119,120,128,131,138,139,142,146,157,158,172,178,185,188,190,191,192,194,195,198,199,6,11,39,54,69,78,84,93,118,156,173,
10to 12:7,9,10,14,15,27,31,36,37,39,43,46,53,55,56,58,60,61,62,63,67,68,71,74,76,78,87,92,94,95,96,97,98,107,112,138,140,142,144,151,153,162,165,168,170,172,174,175,184,185,188,194,198,199,11,22,44,54,69,70,77,100,104,105,110,113,117,148,158,191,200,
10to 13:7,9,12,14,15,17,20,23,37,39,42,43,48,52,53,54,55,56,57,58,61,65,67,68,69,71,78,85,92,94,96,108,114,116,119,120,122,124,128,129,131,134,137,138,141,142,162,165,175,179,180,183,186,190,192,197,199,8,18,22,41,47,50,93,98,100,103,110,113,117,118,123,126,158,167,169,181,185,188,
10to 14:9,12,17,20,22,34,37,47,48,55,57,58,60,62,64,69,74,77,87,88,92,98,100,106,107,116,119,120,122,123,138,139,147,153,159,161,165,168,180,184,188,190,192,193,194,196,198,199,6,11,24,54,61,76,78,84,85,93,103,104,148,169,171,181,
10to 15:5,7,14,20,26,34,36,41,42,43,46,48,55,56,57,58,67,71,72,78,83,84,92,95,100,102,103,105,114,116,122,131,134,137,138,140,144,146,153,161,162,170,171,180,183,184,186,188,193,194,197,198,199,23,31,37,39,50,61,93,96,123,126,165,173,191,195,200,
11to 1:6,8,11,15,19,20,28,29,39,47,49,55,59,60,61,70,71,76,85,86,100,101,107,108,109,110,111,114,120,125,134,142,143,149,153,154,161,163,180,182,185,186,188,191,192,193,197,199,200,1,7,9,65,72,75,77,82,94,95,116,118,144,147,156,157,171,189,194,196,
11to 2:9,10,11,15,22,26,31,35,38,42,43,48,52,53,55,60,62,66,72,96,97,98,100,119,120,123,128,132,137,151,153,164,183,185,186,187,188,189,190,191,199,13,21,27,47,61,65,68,69,71,86,108,122,131,139,144,157,178,192,196,197,198,
11to 3:10,13,23,26,27,29,35,42,44,54,58,59,73,78,88,92,101,103,107,111,112,115,118,119,120,123,125,128,129,131,137,141,143,157,158,168,171,173,178,180,186,188,191,193,199,19,20,36,39,65,68,72,86,94,108,109,136,142,169,196,197,198,
11to 4:10,11,13,19,27,31,35,43,44,46,47,49,54,55,56,58,59,66,73,78,83,92,98,100,105,107,112,114,119,124,137,138,141,153,157,158,164,170,172,173,178,180,186,188,192,199,200,7,12,18,26,30,65,67,71,74,88,95,108,118,136,140,142,144,169,189,191,193,195,196,
11to 5:6,11,13,15,28,31,38,43,45,55,58,61,65,72,77,78,86,90,92,93,94,96,98,101,103,107,110,114,117,119,123,134,137,144,154,172,173,178,183,185,190,193,195,199,9,26,30,39,79,88,108,118,129,136,139,140,157,160,161,191,192,196,197,198,
11to 6:6,7,19,22,38,44,45,48,49,58,59,60,65,76,78,88,93,110,112,117,126,129,138,149,154,163,166,170,171,172,180,182,185,186,187,190,192,193,9,20,57,72,75,82,92,95,108,109,119,146,157,165,173,174,178,179,191,194,195,196,
11to 7:9,10,13,15,26,27,30,31,35,38,39,43,45,58,59,61,83,87,98,103,108,114,117,119,123,125,129,131,137,145,149,150,154,161,163,164,173,187,193,197,199,200,8,12,19,20,21,37,69,78,82,88,94,95,116,136,144,147,157,160,184,185,188,191,198,
11to 8:10,11,20,22,26,27,30,46,58,65,66,88,94,98,108,109,115,119,124,126,137,138,144,149,151,154,157,169,172,173,176,183,188,189,194,199,6,7,8,9,12,17,19,47,57,64,69,72,77,82,83,90,95,129,132,139,159,170,174,193,195,196,198,
11to 9:6,11,15,20,28,31,35,36,38,39,43,45,53,55,67,71,83,86,93,95,102,103,105,106,110,112,114,119,125,137,141,144,146,153,164,171,172,176,178,182,185,186,187,190,191,192,193,199,12,19,21,27,47,57,60,64,73,77,98,131,138,160,173,174,189,194,
11to 10:15,31,36,37,42,46,54,55,58,61,67,71,78,85,86,92,94,98,108,112,116,124,128,142,149,161,164,168,169,170,180,183,188,190,191,194,199,8,9,12,27,30,39,57,60,69,70,72,75,88,90,131,139,140,160,165,174,193,197,198,
11to 11:
11to 12:3,7,9,10,11,26,27,30,42,43,45,46,53,54,56,58,62,65,73,77,78,86,92,93,98,101,110,115,119,123,124,136,141,142,145,161,163,164,169,172,183,191,198,13,20,57,59,67,68,75,94,95,109,118,129,133,147,156,165,178,184,185,
11to 13:6,7,9,10,11,13,15,19,22,26,28,30,31,44,45,58,65,66,67,73,87,94,101,102,108,109,117,119,123,126,128,129,137,142,149,158,180,185,186,188,193,199,12,20,27,47,56,60,74,77,83,86,95,107,116,136,138,157,170,189,192,
11to 14:6,9,10,11,19,22,26,31,35,42,44,48,53,54,58,59,60,61,62,65,78,86,94,98,103,106,114,119,125,136,138,147,149,161,164,171,180,182,183,188,192,193,194,199,7,8,38,47,68,69,82,88,92,109,112,139,144,156,157,160,165,169,178,184,185,191,195,196,198,
11to 15:9,19,23,28,30,31,35,36,44,45,49,54,55,58,60,61,65,67,70,74,86,87,94,96,100,108,112,114,117,118,120,123,124,126,128,153,161,168,169,171,176,182,183,186,187,189,193,199,13,20,26,39,56,64,68,71,82,90,92,95,116,119,129,131,132,144,156,157,165,170,178,184,185,197,
12to 1:1,2,9,16,17,20,35,41,43,45,54,55,56,61,69,82,83,92,95,105,109,114,118,119,122,124,132,133,151,156,160,161,162,186,189,193,200,8,10,15,19,42,60,65,66,70,71,74,77,86,94,110,120,141,142,145,147,167,169,182,188,192,194,199,
12to 2:11,14,15,17,26,27,30,43,53,66,68,69,74,82,86,89,94,95,105,119,128,132,133,141,156,157,158,159,163,164,176,183,188,196,198,10,12,13,31,41,42,63,78,84,96,98,103,106,109,110,113,138,144,145,146,147,151,153,166,167,169,172,174,175,185,197,
12to 3:1,5,7,11,12,14,15,20,22,26,30,36,42,44,46,54,57,58,59,71,73,77,80,88,92,94,105,107,113,116,118,128,131,136,144,153,159,160,164,165,167,169,183,189,190,191,196,197,198,199,8,19,27,33,37,41,56,60,98,106,110,119,120,123,133,147,150,158,168,181,185,187,188,
12to 4:2,7,11,15,17,20,30,41,46,53,54,58,60,63,65,66,68,73,80,88,105,107,108,113,114,118,122,125,128,132,136,140,141,145,147,162,164,165,166,169,170,186,189,194,198,200,8,10,13,19,27,38,47,69,74,78,85,92,94,98,101,110,138,146,150,152,153,156,158,159,160,167,172,175,188,191,192,
12to 5:9,11,14,22,30,34,38,39,40,41,43,51,69,79,80,82,95,105,113,114,116,119,124,125,128,129,130,133,136,141,144,147,153,157,161,163,165,170,172,185,190,198,8,10,12,28,31,53,56,60,74,78,85,92,94,100,101,102,106,109,110,123,134,138,139,145,150,151,156,158,169,174,178,180,195,199,
12to 6:5,7,9,12,15,17,20,38,45,47,48,58,78,88,92,95,114,116,120,122,124,125,129,148,156,159,162,163,169,170,174,178,180,183,184,196,197,8,13,19,21,27,32,37,53,56,59,66,71,89,100,110,119,130,134,145,146,150,153,158,166,167,179,181,182,189,192,194,195,198,
12to 7:1,11,20,24,26,30,35,44,46,56,61,68,69,70,86,87,88,101,103,112,114,120,123,128,129,132,136,147,153,159,162,163,164,165,166,178,183,184,197,198,200,27,31,33,38,41,43,54,71,77,93,94,98,100,109,110,113,119,139,141,144,145,152,156,158,160,174,175,191,
12to 8:2,7,9,11,15,28,34,38,40,43,51,55,63,73,88,92,101,105,107,110,117,122,125,128,129,136,145,146,158,164,166,168,170,174,188,190,196,3,27,33,54,56,66,69,78,84,94,96,106,109,119,144,149,160,175,176,183,185,187,191,194,198,
12to 9:11,20,27,31,35,40,41,43,47,53,55,56,59,63,68,73,87,105,106,110,117,136,144,151,156,157,158,163,164,168,170,175,178,199,200,10,15,21,28,33,38,49,54,71,84,86,94,98,102,111,128,138,141,145,146,153,159,174,176,182,183,187,189,197,198,
12to 10:1,7,8,9,11,17,31,34,39,43,46,53,54,58,60,68,70,74,76,87,92,94,105,106,107,113,119,120,129,131,132,144,153,161,162,163,164,170,174,178,183,184,190,198,25,41,61,65,69,71,84,85,86,89,96,98,100,103,110,123,142,147,151,156,158,159,167,168,172,180,181,185,191,197,
12to 11:7,13,15,20,26,27,39,43,44,59,82,86,90,92,105,110,112,116,117,118,119,124,125,129,131,147,157,161,162,164,168,172,176,178,183,191,194,198,10,28,37,38,60,65,71,78,96,109,123,142,144,146,151,153,156,158,159,166,169,175,185,187,188,199,
12to 12:
12to 13:2,4,7,11,15,17,22,24,27,28,32,41,43,45,47,48,56,57,67,73,74,77,83,94,101,106,113,118,120,122,129,136,141,153,156,157,162,164,167,184,185,189,8,10,31,42,53,54,66,69,84,85,96,98,110,111,124,142,145,147,158,159,160,165,169,177,183,187,188,194,197,198,
12to 14:2,8,11,17,26,28,37,38,39,48,51,53,55,56,57,61,63,69,78,80,86,92,94,95,101,103,113,117,119,122,132,136,157,159,161,164,169,176,183,184,189,191,195,196,3,15,19,31,41,42,46,60,74,85,89,98,109,110,141,147,150,151,153,171,177,180,182,188,192,198,
12to 15:5,7,11,15,17,20,27,28,30,32,42,43,46,48,54,56,57,58,59,61,71,83,88,92,104,110,118,119,120,122,123,129,130,132,140,157,162,165,169,170,178,183,185,190,191,193,198,10,19,37,38,41,45,65,70,86,103,106,138,139,145,149,151,167,168,172,174,176,179,180,181,182,187,195,197,199,
13to 1:6,8,12,15,16,20,23,24,26,32,35,36,42,43,45,55,57,59,60,66,69,74,76,78,84,88,95,100,105,108,111,114,116,118,119,120,129,141,142,147,149,153,156,157,160,168,169,173,174,180,181,182,183,185,189,194,198,17,22,49,53,56,65,82,83,94,98,110,123,124,131,134,186,
13to 2:10,11,12,15,17,24,37,43,46,52,54,56,60,61,66,68,85,88,94,96,100,105,108,116,137,139,141,146,147,153,155,156,157,160,164,167,170,172,174,175,179,183,184,185,186,189,197,199,4,8,18,19,22,23,26,41,42,49,74,82,83,102,103,110,120,123,126,136,158,165,166,171,
13to 3:7,8,10,14,15,19,20,24,27,37,42,44,56,57,67,77,80,81,85,92,94,95,101,108,111,113,118,119,120,122,128,131,137,141,142,147,148,157,172,173,180,181,183,184,185,187,189,191,192,197,5,11,22,23,41,46,49,53,60,62,66,71,74,83,84,110,116,123,124,138,153,158,160,165,169,170,199,
13to 4:7,9,10,27,29,30,42,43,44,47,55,56,59,70,73,74,78,80,85,87,92,94,95,100,101,106,108,109,111,118,122,128,137,141,142,149,156,157,159,162,170,172,174,175,178,179,180,189,192,197,15,23,33,41,46,53,60,65,66,83,84,102,114,115,116,126,136,138,145,151,153,166,167,177,183,186,195,199,
13to 5:6,12,14,15,20,24,28,30,31,37,43,45,46,54,55,56,57,59,69,70,74,78,92,93,95,101,108,113,114,118,123,128,129,137,138,139,149,151,157,169,172,174,178,180,181,183,188,192,193,197,5,11,18,22,23,26,33,50,60,65,71,77,82,94,98,107,110,116,117,121,126,131,134,136,148,158,160,165,
13to 6:2,8,11,12,14,15,20,21,22,24,25,28,33,44,54,55,57,60,67,69,70,77,93,98,100,104,108,122,128,131,134,147,149,153,158,162,166,169,170,174,179,182,183,185,187,194,197,5,6,18,47,49,56,62,66,71,74,78,82,84,87,95,110,116,123,124,126,138,148,156,163,167,180,181,189,
13to 7:5,8,9,14,15,19,20,21,24,34,35,43,45,54,57,61,62,63,68,80,81,83,87,92,94,101,104,108,110,111,114,119,122,123,128,132,145,149,150,156,163,170,171,174,175,177,181,186,188,193,198,6,10,11,17,33,42,49,56,74,82,98,102,107,116,121,126,136,137,140,165,166,197,
13to 8:7,9,10,11,14,15,20,21,27,30,41,43,45,46,55,56,57,63,66,69,73,74,76,80,81,85,87,88,94,95,96,108,119,120,129,132,136,138,139,141,146,149,151,159,165,170,173,175,180,183,184,185,186,189,192,194,198,4,6,8,42,50,59,62,65,71,98,103,107,110,115,117,123,145,160,163,166,167,181,197,199,
13to 9:2,12,20,21,25,27,30,35,45,46,54,55,59,60,63,73,83,85,93,94,95,100,108,114,119,123,131,134,137,138,141,151,156,157,159,163,164,168,174,177,179,180,181,182,186,189,192,11,15,41,50,62,77,84,98,110,115,116,117,126,153,158,167,175,183,197,198,
13to 10:5,11,21,24,25,39,41,46,55,56,62,63,68,74,78,88,94,108,111,116,123,129,139,142,147,157,158,159,162,164,172,173,174,179,185,188,192,197,198,8,15,17,23,44,47,60,71,77,83,98,107,114,117,126,138,148,153,156,163,165,168,170,180,
13to 11:7,15,19,20,30,37,43,46,55,58,60,62,64,68,69,76,77,78,83,84,88,93,95,101,111,128,129,138,141,142,153,157,159,162,169,175,179,180,184,185,186,197,198,4,10,26,47,53,65,66,67,74,94,98,103,110,115,116,117,123,124,126,137,158,163,188,199,
13to 12:5,7,10,11,12,13,14,15,17,19,20,21,22,27,30,32,37,43,45,54,56,63,68,69,77,80,83,87,93,94,95,100,104,108,109,110,113,116,118,119,128,129,134,141,145,146,156,157,162,163,164,165,174,177,179,184,186,8,33,41,42,46,47,53,60,65,71,74,78,98,117,123,151,158,160,166,168,169,180,181,183,188,198,
13to 13:
13to 14:5,6,9,12,15,17,19,24,26,28,37,41,46,47,54,55,60,62,67,74,80,81,85,93,96,98,100,104,114,136,139,153,164,165,168,179,182,184,185,188,192,194,11,18,23,50,56,58,65,77,78,83,84,94,103,113,116,117,123,131,158,173,177,180,196,199,
13to 15:2,7,9,13,15,17,20,22,25,26,30,37,44,45,58,59,60,77,78,80,85,87,88,93,95,100,101,108,111,114,118,119,120,122,128,129,132,134,149,151,156,157,165,167,169,170,172,174,179,182,186,188,189,197,5,8,10,33,47,56,71,94,110,126,136,137,138,158,160,163,171,183,198,
14to 1:1,2,3,6,8,9,17,19,22,23,24,32,34,41,42,49,50,55,56,64,69,72,83,86,92,97,101,105,107,109,114,119,122,131,134,135,139,147,149,151,157,161,168,169,175,182,183,185,192,195,196,200,38,47,58,67,76,88,90,103,112,113,120,125,138,156,171,174,184,191,194,199,
14to 2:19,24,30,33,35,41,51,55,56,61,63,78,83,84,85,86,95,106,109,114,115,116,121,123,131,132,135,137,146,147,150,151,153,161,165,167,176,182,185,188,189,193,199,6,11,12,14,28,38,46,58,60,90,101,120,125,127,138,156,170,183,184,187,196,
14to 3:1,5,10,11,14,19,20,24,30,33,41,42,44,56,60,61,64,69,77,80,83,88,92,98,101,109,114,119,122,123,137,139,140,141,146,160,165,166,168,173,177,183,184,188,189,192,199,31,46,54,58,67,105,106,112,113,120,127,135,136,138,147,164,181,185,187,191,
14to 4:7,8,12,15,17,19,26,30,38,41,42,46,49,53,55,59,60,63,65,68,69,74,78,80,83,85,92,94,97,98,102,105,107,109,116,117,119,120,122,125,132,136,137,139,145,146,147,149,153,156,157,159,165,166,177,178,180,182,195,196,198,199,200,9,11,44,47,54,58,67,87,88,95,100,101,112,113,127,130,135,141,164,174,181,183,191,194,
14to 5:8,9,14,15,17,24,26,28,30,31,35,39,41,43,51,55,60,69,77,80,88,92,97,106,107,109,117,120,125,131,134,135,136,149,153,157,161,166,167,169,178,180,182,183,188,191,195,196,11,12,45,46,58,78,87,90,93,95,99,101,103,119,127,130,141,151,156,175,185,192,193,194,198,
14to 6:5,7,8,9,11,17,19,20,24,41,44,48,49,52,61,67,69,71,74,92,109,115,117,119,122,125,139,146,149,153,159,163,165,166,169,175,179,180,181,183,185,189,191,195,198,2,6,31,58,76,78,85,93,95,101,103,104,112,127,136,137,148,171,184,192,194,
14to 7:1,8,11,12,15,19,30,41,50,54,55,63,69,71,84,86,98,102,109,114,117,119,122,123,136,137,147,149,150,153,156,161,165,168,169,171,175,178,184,186,188,200,9,10,45,47,61,78,87,88,95,101,103,106,112,164,172,192,193,194,195,
14to 8:8,12,15,17,19,30,35,43,46,50,55,56,64,78,81,84,85,88,92,94,98,101,106,109,114,119,122,123,125,131,145,149,163,165,168,176,179,180,182,183,184,186,188,193,199,6,9,10,47,100,111,127,138,151,171,172,181,187,192,194,
14to 9:15,19,32,35,36,41,54,55,56,60,61,69,72,80,84,85,94,97,98,101,102,105,107,112,114,116,123,127,138,139,146,150,153,159,161,165,176,178,180,182,183,189,194,196,198,6,12,26,31,45,46,47,48,49,58,64,88,95,130,135,137,141,151,167,171,172,175,181,192,
14to 10:1,7,8,9,11,12,15,17,18,23,30,36,39,41,46,56,60,61,65,69,80,81,83,84,92,94,98,107,112,114,116,127,132,147,159,160,161,163,165,168,169,173,176,178,180,184,185,191,192,198,199,14,48,54,58,67,103,105,113,115,133,137,175,187,188,195,
14to 11:7,11,17,19,23,30,35,37,38,39,44,46,49,55,59,65,67,71,77,86,92,94,95,99,101,105,114,119,120,122,123,131,139,146,147,153,159,163,169,178,184,186,188,189,194,6,9,28,31,45,47,58,60,64,78,125,165,183,187,191,192,193,196,199,
14to 12:7,19,24,30,32,41,46,48,51,53,58,59,60,62,63,69,80,84,86,88,92,94,98,109,110,112,117,119,123,131,138,146,147,151,153,166,167,178,183,184,185,186,191,198,10,11,12,31,38,45,49,54,77,78,90,106,111,113,130,156,181,187,192,194,
14to 13:4,7,8,12,17,20,30,34,41,42,48,55,56,61,69,84,94,98,109,114,116,117,120,121,122,123,134,136,138,146,147,153,157,158,159,165,166,179,180,183,184,186,191,193,198,199,6,11,14,26,44,45,46,47,60,76,100,105,106,113,115,141,156,171,172,192,194,
14to 14:
14to 15:2,5,7,11,14,19,20,22,24,26,30,32,36,37,42,49,55,56,72,79,85,86,92,95,101,102,106,107,112,117,119,122,123,136,138,157,159,163,169,171,176,178,180,182,188,191,192,195,199,9,44,45,47,48,54,58,87,90,100,104,120,130,137,151,161,172,183,184,185,194,
15to 1:10,11,15,19,34,39,43,45,54,56,58,61,65,72,82,86,90,94,95,110,111,119,123,132,135,137,140,143,144,153,154,156,157,159,162,167,168,169,172,175,176,182,183,186,189,191,194,195,196,2,17,32,37,41,47,55,57,71,83,88,92,93,97,101,108,114,120,138,146,147,161,166,173,
15to 2:22,39,42,43,52,56,58,61,65,66,68,71,83,86,87,90,95,100,103,108,110,114,116,119,123,132,139,144,151,154,156,160,168,170,172,174,181,182,192,193,195,197,199,4,10,16,19,35,36,45,47,48,50,85,88,89,96,97,104,126,146,165,171,196,
15to 3:8,9,11,20,27,31,35,39,42,60,61,65,72,73,77,85,90,103,105,106,111,113,116,120,122,123,128,129,130,131,132,135,137,138,143,144,165,168,169,170,178,183,185,186,4,10,14,23,41,44,45,46,57,58,71,78,80,92,93,101,104,112,114,136,146,160,171,172,
15to 4:11,18,22,26,27,35,42,46,47,55,56,66,68,70,73,83,87,88,94,95,107,111,112,113,120,122,131,144,145,147,151,156,157,159,160,162,165,172,176,178,179,180,181,182,186,189,194,196,199,2,10,17,19,25,45,50,58,65,78,84,92,97,108,114,127,128,132,138,140,146,171,198,
15to 5:9,11,15,20,25,26,28,30,36,39,45,55,75,90,93,94,105,107,110,117,120,123,139,144,148,149,154,156,157,158,160,161,168,169,174,178,180,182,183,185,190,192,196,197,199,5,14,37,43,50,57,58,61,71,78,79,92,95,97,101,102,104,112,122,128,130,136,137,166,172,184,
15to 6:2,7,8,14,20,25,28,33,36,38,41,42,46,47,56,59,61,64,72,77,78,79,86,87,93,95,96,98,107,110,112,119,123,128,129,131,139,140,144,148,151,154,156,162,168,169,170,174,175,176,178,180,183,184,186,187,197,4,5,17,23,26,44,48,58,84,89,92,97,100,120,122,126,134,136,138,146,165,179,193,
15to 7:8,9,11,15,17,19,20,24,25,38,39,42,45,46,54,55,56,58,63,79,80,82,96,102,103,111,116,122,123,126,129,132,139,144,145,146,147,149,154,156,158,160,161,162,163,165,170,174,175,181,184,185,186,190,194,199,4,10,26,35,37,48,78,92,93,97,112,114,127,128,136,137,138,177,183,189,193,200,
15to 8:8,11,26,27,30,31,39,42,45,50,63,71,72,87,94,95,100,102,105,123,138,139,140,144,145,146,149,151,154,157,160,169,170,174,181,182,186,194,199,2,5,9,10,43,48,55,56,57,58,83,84,85,88,92,97,108,114,126,132,166,173,179,183,191,193,198,
15to 9:11,15,21,25,26,27,30,33,36,38,46,47,50,63,70,71,72,77,82,88,91,96,98,103,110,112,123,126,139,144,145,159,163,165,173,174,182,183,189,199,10,19,23,35,45,48,55,80,84,95,97,100,102,104,106,114,128,137,138,146,161,177,178,197,200,
15to 10:2,8,15,25,31,36,39,47,50,54,56,58,63,64,71,72,78,83,92,95,96,100,105,107,111,113,117,119,123,126,129,131,137,138,139,140,144,147,148,153,156,158,159,161,162,163,170,172,174,183,184,185,186,188,199,5,14,17,37,44,88,93,97,102,108,114,120,130,136,142,169,171,
15to 11:9,10,11,15,20,26,39,45,46,58,68,72,74,77,78,79,86,90,94,96,103,111,114,119,120,122,123,126,131,137,138,143,145,149,156,159,161,162,169,178,179,186,190,191,199,47,71,83,88,92,95,107,132,142,146,147,193,
15to 12:7,9,10,13,14,20,26,27,30,36,39,41,42,45,46,54,55,58,63,71,73,77,78,79,86,90,94,96,105,110,113,116,117,132,133,139,145,147,156,157,159,161,162,163,183,184,194,32,37,56,65,92,100,101,102,128,130,134,136,138,142,146,153,160,171,177,178,185,199,
15to 13:7,8,11,20,24,25,26,32,33,34,39,41,42,47,55,73,87,92,94,95,98,100,105,113,116,120,124,128,131,137,138,140,145,156,157,158,159,160,162,165,170,181,186,189,192,193,194,2,9,10,45,50,56,57,58,67,71,83,93,101,102,108,114,126,132,142,146,153,173,179,183,184,185,195,
15to 14:8,11,28,30,35,38,41,50,52,56,60,78,80,83,86,94,95,97,98,103,105,107,110,119,120,123,132,134,137,139,145,159,161,169,171,174,175,176,181,182,183,184,185,192,193,194,195,2,9,10,14,17,48,55,58,61,84,92,100,104,106,112,127,135,136,138,146,147,153,165,187,191,198,
15to 15:

cell1:6,15,8,2,9,7,3,13,12,5,11,14,10,4,
cell2:8,4,13,11,12,9,5,6,7,1,3,10,14,15,
cell3:7,6,14,4,15,5,2,8,1,10,11,13,12,9,
cell4:9,14,8,15,3,1,12,5,7,6,2,11,10,13,
cell5:2,15,13,8,4,14,12,11,9,7,10,6,1,3,
cell6:11,12,15,5,14,1,8,10,7,13,4,9,2,3,
cell7:5,13,3,1,6,12,4,11,14,9,8,2,10,15,
cell8:4,7,14,3,6,13,5,12,1,10,9,2,11,15,
cell9:4,12,14,2,13,11,1,8,7,5,6,10,15,3,
cell10:13,1,14,6,11,5,3,7,15,9,8,2,12,4,
cell11:8,9,2,6,13,4,5,14,12,1,15,3,10,7,
cell12:10,9,6,11,5,8,15,4,3,2,1,13,14,7,
cell13:12,1,15,4,9,2,8,5,7,10,14,3,6,11,
cell14:5,12,6,15,8,2,1,11,10,3,13,7,4,9,
cell15:12,2,11,14,6,13,4,5,9,8,10,7,1,3,
