machine1:0,29,1,99,125,200,111,45,41,180,12,169,86,156,95,82,72,55,158,54,192,8,78,101,61,15,165,58,152,122,166,105,3,194,22,26,47,181,168,174,195,114,144,186,98,154,157,43,83,137,35,121,6,171,175,129,150,64,30,56,17,199,147,33,28,50,36,119,77,160,123,
machine2:0,182,1,118,142,124,200,133,151,102,12,169,86,68,156,120,7,146,198,149,85,95,34,82,72,153,55,54,110,162,197,108,192,73,112,170,15,165,58,166,44,141,60,2,194,22,18,168,42,11,20,114,94,186,49,154,193,83,19,121,6,175,187,189,64,30,56,132,147,109,113,126,37,38,119,148,
machine3:0,29,24,182,76,200,32,52,93,53,41,163,151,115,169,86,156,127,140,7,97,85,95,82,161,55,51,185,48,110,108,192,73,191,61,170,165,105,141,2,10,194,138,173,16,27,168,92,195,144,172,184,69,116,193,65,135,175,189,176,30,59,132,17,33,113,128,28,119,148,167,77,188,160,123,
machine4:0,190,57,118,91,79,67,124,32,159,120,131,72,21,161,51,90,107,185,134,110,197,8,9,84,122,166,22,26,138,47,143,183,70,42,20,92,94,69,116,145,154,43,137,103,19,65,171,135,189,31,59,71,132,17,109,128,37,88,36,74,106,119,164,167,77,160,123,
machine5:0,89,190,62,76,200,111,139,133,41,180,163,159,86,140,23,198,178,34,153,161,90,134,8,9,78,191,101,170,15,63,58,196,105,141,60,2,168,11,92,174,195,66,114,94,144,49,69,98,83,103,19,65,100,35,171,75,129,132,17,199,147,109,37,28,74,148,167,123,39,
machine6:0,81,155,52,179,151,115,12,86,68,156,127,96,146,198,178,153,55,107,185,197,8,170,165,196,44,136,141,60,2,10,22,26,14,173,143,183,27,42,144,49,116,145,157,43,100,135,187,46,176,132,33,109,38,50,74,119,
machine7:0,89,29,190,62,125,111,52,151,102,12,169,68,156,120,140,7,97,149,178,95,82,21,153,161,55,158,110,108,192,73,84,191,61,122,166,105,141,60,13,138,47,183,42,11,20,66,114,172,69,154,83,65,35,171,175,189,129,46,150,31,176,56,147,28,38,164,188,123,39,
machine8:0,89,139,163,86,120,96,7,23,85,131,153,51,107,185,48,110,197,108,8,78,61,15,165,58,122,166,13,26,138,14,173,181,16,143,70,11,92,174,195,114,94,116,154,157,193,137,19,100,121,6,187,189,30,56,59,132,17,199,33,109,126,128,88,38,119,167,188,160,
machine9:0,182,4,99,62,155,80,52,139,45,133,41,180,159,12,86,146,198,161,90,107,185,108,73,9,191,101,61,15,196,122,105,10,13,138,183,168,42,174,66,144,186,69,98,43,193,103,35,171,87,187,150,31,176,30,33,113,126,38,106,119,164,
machine10:0,117,24,4,1,104,142,200,45,41,102,115,86,68,120,7,97,198,82,72,21,55,51,158,90,54,110,108,8,73,61,15,196,166,141,10,22,47,181,18,42,11,92,66,144,186,184,69,145,43,137,19,35,135,175,189,75,30,71,17,199,33,128,50,119,164,148,167,77,123,
machine11:0,24,182,125,53,41,163,159,68,127,96,23,146,97,178,95,131,161,158,110,162,197,8,170,15,63,165,58,196,122,166,141,2,22,138,14,47,27,11,195,94,144,98,154,43,137,103,100,121,87,46,150,56,71,199,113,126,37,36,74,106,119,188,39,
machine12:0,29,190,57,4,1,104,91,62,81,130,125,67,124,32,40,111,25,93,139,45,53,133,41,180,159,102,12,169,68,156,127,120,140,23,146,198,85,178,95,131,72,21,158,90,107,185,54,110,197,108,192,8,9,112,78,84,191,101,170,63,58,196,152,122,166,105,44,136,141,60,10,194,22,26,138,14,47,173,181,143,183,27,70,168,42,11,20,92,66,94,144,172,186,49,69,98,157,43,177,193,83,137,103,19,65,100,35,121,6,171,135,175,187,189,129,46,150,64,31,30,56,59,199,147,33,113,128,37,88,28,38,36,74,106,119,164,148,77,188,160,123,39,
machine13:0,24,190,57,1,118,62,130,155,80,125,142,79,67,32,111,52,93,179,163,5,159,115,12,169,86,68,156,127,7,23,97,85,95,131,72,21,153,161,55,158,90,107,185,54,134,110,162,197,108,192,8,73,112,78,191,101,61,170,15,63,165,58,196,152,122,166,105,44,136,141,60,2,10,13,194,22,138,14,173,181,143,183,27,168,42,11,20,92,174,195,66,114,144,186,49,184,69,98,116,145,157,43,193,83,137,19,65,100,35,171,135,189,129,46,150,31,59,71,132,17,199,147,109,113,128,37,88,50,106,119,164,148,167,77,160,123,39,
machine14:0,117,57,182,130,80,125,142,76,67,124,200,32,40,111,25,45,53,179,133,41,180,151,159,102,115,12,169,156,120,140,7,23,146,97,149,85,178,95,131,82,21,153,161,55,158,90,107,134,162,197,108,192,8,73,112,78,84,191,101,170,15,63,165,58,196,152,166,44,136,141,10,13,194,22,26,138,47,173,181,18,183,27,70,168,42,11,92,174,195,114,94,144,186,49,69,116,145,157,43,177,83,137,19,65,100,35,171,175,87,189,46,150,31,30,56,59,132,17,199,109,113,126,128,37,88,38,50,74,119,164,148,167,188,160,123,39,
machine15:0,29,118,91,62,155,80,125,142,79,67,124,40,111,139,41,180,5,151,159,102,12,169,68,156,127,120,140,7,198,85,178,95,72,153,161,55,158,107,54,110,197,108,192,8,73,9,112,78,191,101,170,15,58,152,122,166,105,44,136,141,60,2,10,194,22,138,14,47,173,181,18,183,27,70,168,42,11,20,92,174,195,66,114,94,144,172,186,69,98,116,145,157,193,83,137,19,65,100,35,121,135,87,189,46,31,176,30,56,59,71,17,199,147,33,109,113,88,38,74,106,119,167,188,160,
machine16:0,190,99,91,130,125,142,79,124,40,93,139,53,133,180,5,151,159,102,12,169,86,140,23,85,178,95,131,82,21,153,55,51,158,90,107,185,54,134,110,197,108,192,8,78,191,101,61,170,15,165,58,196,122,105,44,136,60,13,194,22,26,138,14,173,18,70,168,11,20,92,174,66,114,94,144,172,69,98,116,157,43,83,137,103,65,75,129,46,31,30,71,132,17,147,33,109,113,126,37,28,38,50,36,74,106,119,148,77,160,123,39,
machine17:0,117,24,182,104,118,99,125,79,40,93,139,45,53,179,41,180,163,5,169,156,120,96,140,146,198,149,178,95,34,153,161,55,158,90,107,185,54,134,110,197,108,192,9,101,61,170,15,58,122,166,105,44,136,60,10,22,181,18,183,27,70,42,11,92,195,94,172,186,184,69,116,154,157,43,193,83,137,19,65,100,35,121,135,175,87,187,75,129,46,150,31,30,56,71,199,126,88,50,36,106,119,167,77,188,160,123,39,
machine18:0,117,29,190,57,1,104,91,130,80,124,40,25,93,139,45,41,151,156,127,120,140,97,198,149,178,95,82,72,153,161,51,158,90,107,185,134,110,197,108,192,8,9,112,78,191,101,61,170,15,165,58,196,152,166,136,141,10,194,26,14,181,16,18,183,27,168,11,92,174,195,114,144,186,145,154,157,43,193,137,103,65,100,35,121,6,189,129,46,150,31,30,56,59,199,33,109,113,128,37,88,28,38,50,74,119,77,188,160,123,
machine19:0,89,117,24,57,4,1,91,62,130,80,125,76,67,124,32,93,139,53,179,41,180,5,151,159,115,12,169,86,68,156,7,23,146,97,198,149,85,178,95,131,82,72,21,153,161,51,107,185,54,48,162,197,108,192,8,73,9,112,78,84,191,61,170,165,58,152,122,166,105,44,136,3,60,2,13,194,22,138,14,47,181,16,18,183,27,168,42,11,92,174,195,66,94,144,186,184,98,116,145,157,193,103,19,100,35,6,171,135,175,87,187,189,75,129,46,150,64,56,59,71,17,147,33,109,126,37,88,38,36,74,119,148,167,77,188,160,123,39,
machine20:0,29,190,182,4,104,91,62,155,125,79,124,32,40,52,25,45,53,179,41,180,163,151,159,12,156,127,120,96,140,7,146,97,198,85,178,95,82,72,21,153,55,51,158,90,134,48,110,108,192,8,9,112,78,191,101,170,15,165,58,196,152,122,166,105,136,60,10,13,194,22,26,138,14,47,173,181,183,70,168,11,20,92,174,195,66,114,94,144,172,186,49,184,69,116,145,154,157,193,137,103,65,100,121,6,171,175,87,189,75,129,46,150,31,176,30,56,59,17,109,113,126,128,88,28,38,36,74,119,164,148,167,77,188,160,39,
machine21:0,117,24,190,57,182,4,1,104,118,99,62,81,155,80,125,142,79,76,67,124,200,32,40,111,25,93,139,45,41,180,163,5,151,159,102,115,12,169,86,68,156,127,120,96,140,7,23,146,97,198,149,85,178,95,131,34,82,72,21,153,161,55,51,158,107,185,54,48,110,162,197,108,192,8,73,9,112,78,84,191,101,61,170,15,63,165,58,196,152,122,166,105,44,136,141,60,10,13,194,26,138,14,47,173,181,16,18,183,27,70,168,42,11,20,92,174,195,66,114,94,144,172,186,49,184,69,98,116,145,154,157,43,177,193,83,137,103,19,65,100,35,121,6,171,175,87,187,189,129,46,150,64,31,30,56,59,71,132,17,199,147,33,109,113,126,128,37,88,38,50,36,74,106,119,164,148,77,188,160,123,39,
machine22:0,117,29,190,57,182,4,1,104,118,99,62,81,130,80,125,76,124,40,111,52,25,93,139,45,179,41,180,163,5,151,159,102,115,12,169,127,120,96,140,7,23,146,97,198,149,85,178,95,131,34,82,72,21,153,161,55,51,158,90,107,185,54,134,48,110,162,197,108,192,8,73,9,78,84,191,101,61,170,15,63,165,58,196,152,122,166,105,136,3,141,60,2,10,194,22,26,138,14,47,173,181,16,18,183,27,168,42,11,20,92,174,195,66,114,94,144,172,186,49,184,69,98,145,154,157,43,193,83,137,103,19,65,100,35,121,6,171,135,175,87,187,189,75,129,46,150,64,31,176,30,56,59,71,132,17,199,33,109,126,128,37,88,28,38,50,74,106,119,164,148,167,77,188,160,123,39,
machine23:0,190,57,62,155,76,32,111,25,45,53,41,151,12,156,120,96,140,23,146,198,85,95,82,153,161,158,90,107,54,110,197,108,192,84,191,61,170,15,63,58,152,105,141,60,26,138,14,47,16,183,27,70,168,11,20,114,172,69,98,116,145,157,137,103,19,35,121,171,175,87,187,189,129,46,150,31,176,30,56,59,71,17,113,128,37,88,28,38,119,148,167,77,
machine24:0,89,117,182,104,130,67,200,40,111,25,93,45,53,179,41,180,163,159,102,115,86,68,156,120,96,140,7,146,97,198,85,95,34,82,21,153,55,158,90,54,134,48,197,108,73,9,112,84,191,101,61,15,63,165,44,136,141,2,10,194,26,138,47,173,183,27,11,66,114,94,144,172,186,49,69,98,145,157,43,177,193,83,137,19,65,35,121,6,171,135,175,187,189,75,129,46,150,64,31,176,56,59,71,199,147,33,88,28,38,50,36,106,119,164,148,167,77,188,160,123,39,
machine25:0,190,182,1,104,91,80,125,79,200,32,111,93,139,133,41,180,163,151,159,102,12,127,120,140,146,198,178,95,131,34,72,21,153,161,158,185,54,110,197,192,73,112,84,170,15,63,165,58,196,166,105,136,141,60,194,138,181,183,27,168,11,20,92,174,195,114,94,144,186,49,98,145,154,177,193,103,19,100,35,6,175,87,187,129,150,176,71,199,33,109,113,126,128,88,38,50,119,167,77,
machine26:0,117,24,1,104,81,142,67,25,93,53,41,180,163,151,159,102,169,86,140,7,23,97,198,149,85,178,131,82,153,161,158,107,185,54,108,192,8,9,112,78,84,191,61,165,196,105,44,60,10,194,138,14,47,183,11,20,92,174,195,94,144,186,49,69,98,43,83,137,103,100,121,56,71,199,113,126,37,88,50,74,164,77,188,160,123,39,
machine27:0,89,104,130,155,76,67,124,111,52,25,139,179,180,159,115,86,68,156,120,96,7,131,72,153,161,158,90,107,185,48,110,162,108,8,191,61,170,15,165,58,196,122,141,194,22,26,138,16,18,70,42,11,20,92,94,184,69,116,154,43,193,137,65,100,121,6,171,175,87,187,129,46,31,30,56,71,17,199,147,126,36,119,148,167,188,39,
machine28:0,117,118,62,80,142,67,139,133,163,5,151,12,156,120,140,23,146,149,82,21,153,55,107,185,54,110,197,108,192,8,170,15,63,165,58,105,44,136,60,2,22,26,138,47,173,181,18,143,183,168,20,92,174,114,94,144,172,69,98,116,157,43,193,83,103,35,171,75,129,176,30,71,17,199,113,128,37,88,50,36,74,106,119,148,167,77,188,160,39,
machine29:0,190,57,1,62,81,76,200,52,53,179,41,180,5,159,102,169,68,156,127,120,96,140,23,146,198,95,131,34,72,153,158,107,185,54,134,48,110,162,197,192,8,73,9,112,78,84,170,15,165,58,105,141,14,173,16,183,27,168,42,195,66,172,186,69,98,43,193,137,65,100,6,87,129,46,64,31,30,71,132,17,199,147,113,126,128,37,88,38,106,119,188,123,39,
machine30:0,182,4,118,99,62,125,142,79,67,93,139,45,180,12,169,86,146,97,198,149,85,178,131,72,21,55,185,54,48,197,108,192,73,9,112,191,61,170,63,58,105,44,10,13,26,138,47,143,183,11,92,195,114,144,172,186,49,184,116,154,157,193,83,19,65,6,171,175,87,187,189,129,150,31,176,30,59,71,17,199,147,126,37,88,28,38,106,119,164,77,188,39,
machine31:0,117,29,118,62,79,67,124,200,111,179,102,115,12,169,86,68,120,96,23,149,178,95,131,82,72,21,153,161,55,158,90,107,110,162,108,9,112,78,191,101,165,58,196,152,166,44,136,3,60,10,13,194,26,47,173,143,27,42,20,92,174,66,94,69,98,157,193,137,103,19,100,35,189,64,56,59,71,199,109,88,38,36,74,119,77,160,39,
machine32:0,99,125,142,79,76,124,53,179,133,163,159,12,169,86,68,156,146,198,95,72,161,90,107,185,54,8,73,112,78,191,61,15,58,196,122,44,10,26,138,183,27,70,168,11,20,92,195,66,94,144,184,98,116,145,157,43,193,137,103,65,35,187,75,129,46,31,30,56,59,71,132,199,126,128,37,88,28,36,74,119,164,188,123,39,
machine33:0,190,57,1,142,76,67,52,93,139,45,180,163,151,96,140,7,178,131,82,153,161,158,107,185,134,108,192,8,9,78,84,191,15,58,196,105,141,60,10,13,194,22,138,173,18,27,11,20,114,144,172,186,49,98,116,157,193,83,137,103,65,6,187,189,129,46,64,59,199,109,128,74,119,164,77,188,160,123,39,
machine34:0,117,24,1,118,67,200,32,111,25,93,45,179,41,180,163,5,151,102,169,86,68,156,96,140,7,178,161,55,51,158,90,54,110,9,78,84,170,63,165,166,141,60,13,194,26,138,14,47,16,183,27,70,168,42,11,92,174,66,94,144,172,69,98,116,43,83,65,100,171,175,189,129,31,176,30,56,59,71,132,147,109,113,37,28,36,106,119,77,160,39,
machine35:0,117,190,182,4,130,125,67,200,32,40,139,45,53,41,163,102,12,68,156,120,96,7,146,97,198,85,72,153,158,107,54,110,162,197,108,8,73,112,78,191,101,61,15,63,165,196,105,44,136,141,10,13,22,26,181,183,168,11,20,92,174,195,114,94,144,184,98,145,43,103,35,87,75,46,150,31,30,56,71,132,17,147,33,109,113,128,37,88,119,167,77,160,123,
machine36:0,118,130,80,79,124,93,53,133,41,151,159,115,169,86,156,120,140,146,198,149,85,178,95,82,21,153,158,107,185,48,110,162,197,192,8,73,191,101,15,165,58,196,122,105,3,141,60,2,10,194,47,181,16,183,27,168,42,11,92,195,66,94,144,172,49,184,69,145,157,43,193,83,175,187,189,129,46,176,30,132,17,199,147,33,109,113,128,88,38,36,74,106,164,167,77,188,39,
machine37:0,89,57,104,62,142,76,124,200,53,133,41,180,159,169,68,156,96,7,146,198,178,95,131,34,82,153,51,158,185,54,134,110,73,191,61,170,63,152,122,166,105,136,2,10,13,194,22,14,183,27,70,20,92,94,144,186,69,43,177,103,19,65,100,35,187,189,46,59,71,199,33,109,113,37,28,38,74,106,119,164,148,167,77,188,160,123,
machine38:0,57,182,104,118,62,142,67,111,52,93,45,179,41,180,5,86,68,156,96,140,198,149,85,178,95,21,153,55,158,107,185,54,110,108,8,9,78,84,170,196,122,166,44,136,141,60,10,13,194,22,26,138,47,181,16,183,27,11,20,92,174,66,114,94,186,98,116,145,177,83,137,65,100,6,171,175,87,189,46,71,132,109,128,50,74,106,119,164,148,167,77,188,160,
machine39:0,29,24,57,81,155,67,124,111,93,45,41,180,5,151,159,102,156,120,140,7,23,146,149,85,95,131,82,21,55,158,48,110,197,108,192,8,9,78,191,101,61,170,15,165,141,60,10,194,22,138,14,47,173,181,18,183,27,70,195,66,114,94,172,184,69,98,116,145,157,193,83,137,171,87,189,129,46,150,64,30,56,59,132,17,199,33,113,126,128,37,74,106,119,148,188,160,123,
machine40:0,117,190,57,4,32,25,93,45,53,179,41,180,5,151,159,115,12,169,68,156,127,120,7,23,198,95,158,134,197,192,8,73,101,61,15,165,58,122,136,141,60,22,26,138,47,42,11,20,66,186,184,98,116,145,157,43,137,103,19,65,35,87,189,129,30,59,71,17,199,147,113,126,128,28,36,74,148,167,188,123,
machine41:0,117,29,4,118,62,80,142,76,111,93,139,41,180,163,12,169,156,120,96,7,23,198,85,34,82,153,54,134,162,197,108,78,84,170,15,63,58,122,105,136,60,2,10,194,22,173,181,16,18,183,168,42,11,20,92,174,195,66,114,94,172,186,49,69,98,116,157,43,177,193,19,65,100,121,6,175,187,189,129,31,56,17,147,113,126,37,88,50,77,188,123,39,
machine42:0,89,117,24,57,99,62,130,80,125,76,67,200,32,111,139,45,53,41,180,12,169,86,156,7,178,90,185,54,48,8,9,78,84,191,101,61,165,58,122,44,60,26,14,181,42,11,20,114,94,144,184,69,98,116,145,157,43,177,83,103,6,171,135,175,64,30,56,59,132,17,199,147,33,109,88,28,74,164,188,
machine43:0,24,4,1,62,93,139,45,179,133,41,180,159,102,169,86,156,127,120,140,23,146,198,85,178,95,131,34,72,153,161,51,107,185,54,134,110,192,9,112,101,58,196,122,166,141,60,2,10,194,138,47,181,18,183,168,42,11,92,174,94,186,184,69,98,116,193,83,137,103,19,100,135,175,187,46,64,31,176,71,17,199,147,109,88,36,106,119,148,77,188,123,39,
machine44:0,117,190,182,104,99,81,130,80,125,76,52,179,41,180,163,151,115,86,68,120,96,97,198,149,85,178,95,153,55,158,107,134,48,110,192,8,9,112,78,84,191,101,61,170,15,63,165,58,166,105,136,3,141,26,138,14,47,173,168,11,174,195,172,49,69,177,83,103,19,65,35,121,6,171,135,175,87,189,46,150,176,30,132,147,126,37,88,38,50,119,164,77,160,123,39,
machine45:0,182,1,79,32,139,41,5,151,159,115,12,127,7,146,198,149,178,131,82,153,161,55,107,134,48,192,8,112,78,84,191,61,15,165,58,196,122,166,105,44,136,3,10,194,22,14,173,181,183,168,11,92,195,94,49,184,98,193,103,19,6,187,46,150,31,56,59,17,33,109,113,28,38,106,119,167,77,188,123,
machine46:0,79,32,25,45,133,159,169,120,96,140,146,97,178,131,82,72,21,158,90,162,108,192,8,73,112,61,165,58,166,136,2,10,194,26,14,173,183,27,11,92,195,94,144,172,184,116,145,193,137,100,35,171,175,187,75,64,30,132,17,126,128,37,88,28,106,77,160,123,
machine47:0,190,57,182,4,130,79,124,52,139,45,179,180,163,5,151,102,120,96,7,146,97,178,95,34,72,153,55,158,90,185,48,110,197,192,9,112,191,101,61,15,58,122,10,138,14,47,181,16,70,11,20,92,114,94,144,98,145,157,43,83,137,103,19,65,100,35,129,46,56,71,132,147,128,37,28,50,148,77,160,39,
machine48:0,89,117,104,118,91,130,142,67,200,32,111,179,41,163,151,169,156,127,23,97,198,149,85,178,95,131,161,90,107,54,134,110,162,197,108,9,112,84,61,170,15,165,58,196,122,105,44,2,10,13,194,26,138,47,18,183,70,168,42,92,174,172,186,49,184,193,83,137,65,100,135,87,187,129,56,71,17,199,126,74,188,39,
machine49:0,104,142,25,139,102,86,68,156,96,7,146,97,149,82,72,153,161,55,90,107,134,48,108,78,191,101,170,165,58,122,166,105,44,60,10,13,22,138,47,143,183,42,11,92,195,66,114,186,184,116,145,157,137,103,19,135,189,176,30,59,71,132,147,33,126,128,38,50,36,119,148,167,188,160,39,
machine50:0,24,57,182,80,200,111,25,93,139,45,41,102,120,140,146,85,95,161,55,185,48,9,112,78,191,61,170,63,165,196,105,2,10,194,138,14,47,173,181,16,183,20,92,114,94,172,184,154,157,177,83,137,19,100,87,189,64,31,30,56,132,199,113,37,88,36,106,119,148,123,

1to 1:
1to 2:23,29,30,42,48,56,65,94,123,125,133,148,156,166,167,181,185,196,1,8,12,15,18,19,22,31,37,43,47,53,55,61,66,68,69,72,82,86,89,95,97,98,103,107,109,110,113,114,115,116,119,120,121,131,132,138,139,141,144,150,154,157,158,160,164,176,183,186,189,192,193,197,199,
1to 3:23,49,56,64,94,110,111,123,141,142,144,160,161,166,180,181,190,196,199,1,12,20,22,36,37,42,43,44,47,58,60,63,65,67,69,72,73,77,86,88,92,108,113,116,122,125,128,137,138,140,150,152,153,156,159,167,168,169,175,186,187,189,191,192,
1to 4:2,7,12,17,19,23,41,55,59,65,82,101,102,110,123,138,142,144,168,180,181,200,11,15,22,26,27,29,30,35,38,42,43,58,68,69,70,72,74,83,85,88,92,94,105,107,109,113,116,118,119,122,124,126,133,135,137,141,145,153,159,160,162,167,170,182,183,189,193,195,
1to 5:16,23,34,41,55,59,61,82,92,99,101,110,123,129,133,134,148,156,165,166,184,190,1,9,12,15,22,26,28,30,37,43,51,54,57,58,69,71,77,88,91,93,95,98,107,108,109,114,119,120,128,138,147,153,154,160,161,163,170,175,186,191,192,194,197,
1to 6:17,29,48,49,76,82,92,101,110,138,147,148,154,156,160,165,167,168,184,185,189,2,3,9,18,20,24,28,32,33,35,37,39,41,42,51,57,66,69,71,72,74,77,78,86,88,91,95,98,103,108,109,115,121,122,139,144,146,150,152,153,161,162,163,170,171,175,180,181,193,194,196,197,198,
1to 7:12,15,49,55,102,123,137,147,148,154,165,175,181,184,188,191,196,198,199,200,11,17,21,26,27,33,34,36,38,43,44,45,54,57,58,62,65,67,68,69,78,83,86,88,103,105,108,109,112,119,122,132,139,140,144,149,156,161,163,164,168,171,182,186,189,193,194,197,
1to 8:12,20,30,34,42,49,64,83,99,101,110,122,148,165,168,173,190,6,9,11,15,21,28,33,47,54,56,58,62,65,69,71,73,76,82,85,94,98,109,114,124,131,144,153,154,159,162,163,166,169,170,172,175,181,182,189,193,194,199,
1to 9:19,39,41,56,58,59,60,72,82,86,101,102,113,119,148,200,9,11,12,15,16,17,20,27,28,31,35,37,38,47,53,54,63,70,77,83,93,98,105,106,107,111,116,120,121,123,125,129,134,137,141,153,156,158,159,161,163,164,170,171,174,175,176,183,186,198,199,
1to 10:7,12,34,42,56,60,61,86,94,100,110,123,134,138,148,156,161,165,190,196,198,1,8,9,11,15,17,20,21,22,27,30,31,37,58,62,65,68,69,71,72,82,88,92,103,107,113,114,119,120,121,124,128,151,153,158,159,162,168,169,170,172,175,176,180,185,186,191,192,199,200,
1to 11:6,7,30,49,59,76,82,88,90,125,137,161,192,198,200,3,8,11,17,20,22,26,28,35,36,37,38,43,44,45,54,55,58,62,63,65,66,71,72,77,83,86,92,93,94,103,108,109,118,119,122,131,138,150,151,152,157,159,162,163,169,171,172,180,183,193,199,
1to 12:2,7,17,30,86,88,119,161,165,198,200,1,8,15,21,24,37,41,43,51,53,55,58,63,69,71,77,78,82,89,92,93,94,98,105,107,110,113,116,118,120,124,131,132,138,144,145,147,153,156,157,162,163,164,169,180,181,183,185,189,191,195,
1to 13:15,17,29,41,56,77,83,100,110,119,122,141,148,151,153,156,173,181,184,198,8,11,12,21,22,28,32,37,42,43,45,47,54,55,58,65,66,67,69,74,85,86,93,94,98,113,116,118,120,123,128,134,138,145,150,158,159,160,163,166,167,168,170,174,180,186,192,193,194,197,199,
1to 14:2,7,41,48,49,59,61,95,101,113,119,122,135,161,175,181,184,185,189,200,1,15,17,28,31,35,36,43,45,47,53,55,58,60,62,64,69,71,77,78,86,88,92,93,94,98,106,109,114,115,116,120,123,132,133,145,151,159,166,169,171,173,180,182,191,193,195,199,
1to 15:2,7,17,23,41,42,59,78,82,86,100,102,110,113,122,137,148,161,166,178,190,192,198,24,26,28,32,35,36,38,43,45,47,50,55,56,58,63,70,72,74,77,79,89,91,92,93,95,97,103,107,108,114,120,124,132,134,138,139,144,145,151,154,156,160,163,165,169,170,171,182,183,185,191,194,
2to 1:2,7,11,24,26,56,58,59,60,61,72,74,82,102,115,123,137,139,166,173,181,182,183,184,185,190,199,1,8,12,15,17,21,22,28,30,35,36,41,42,45,51,62,63,71,84,86,98,103,107,108,110,114,119,120,122,126,128,132,150,151,153,154,156,157,162,163,167,170,172,174,189,
2to 2:
2to 3:4,10,24,46,49,50,60,65,66,68,80,81,85,92,102,125,139,141,150,156,171,173,187,1,6,8,12,14,15,17,19,20,22,30,31,35,36,38,41,42,43,58,61,69,72,73,95,98,100,103,105,106,107,108,109,111,116,119,122,123,137,144,148,160,162,163,164,167,186,197,199,
2to 4:11,22,27,30,43,54,55,74,78,83,88,94,95,117,133,135,140,141,149,150,153,158,167,168,171,182,191,195,7,14,15,17,19,21,35,38,42,47,53,58,62,66,68,69,73,85,87,100,102,105,108,109,113,114,120,122,131,132,138,139,146,157,162,164,174,178,186,189,192,197,198,
2to 5:23,24,30,41,50,55,74,78,82,88,94,95,99,106,108,113,117,137,138,139,140,149,150,161,166,174,195,197,199,11,15,28,31,33,43,44,46,61,69,96,103,107,109,110,114,116,119,120,121,123,144,148,151,154,157,158,170,172,178,183,184,185,192,193,196,
2to 6:4,11,22,24,33,41,42,55,56,59,60,72,77,82,89,95,97,123,147,150,168,181,182,195,197,8,12,14,15,16,19,20,21,27,30,31,36,38,45,52,58,61,62,100,103,104,105,109,110,113,114,116,119,120,122,126,131,136,138,144,146,148,154,156,158,165,166,174,178,179,184,185,186,196,198,
2to 7:4,7,10,23,27,38,39,41,43,49,56,59,65,80,86,88,94,97,104,105,107,108,110,115,140,142,144,149,156,159,161,174,182,188,190,191,198,200,1,11,14,15,17,26,30,33,51,61,63,68,69,70,78,85,102,103,114,119,121,123,126,131,132,137,141,150,151,157,158,162,163,164,178,186,189,193,195,196,199,
2to 8:8,15,22,39,47,49,52,56,62,65,71,73,77,82,85,97,109,139,144,154,158,168,173,176,191,198,2,9,11,14,16,17,18,26,33,38,43,46,51,63,69,72,87,95,98,100,107,108,119,120,122,137,138,163,164,165,174,181,183,186,193,197,199,
2to 9:27,46,47,50,71,73,82,86,106,125,140,153,156,159,161,176,182,190,197,200,11,12,15,19,21,28,31,38,43,45,48,55,61,69,85,96,98,102,103,108,110,113,128,141,145,146,151,165,174,175,178,181,183,185,187,189,195,196,198,199,
2to 10:22,27,30,39,50,55,66,77,86,88,92,95,97,100,102,106,139,142,143,164,173,185,188,191,1,8,15,16,17,18,37,43,47,48,58,61,68,69,72,78,85,103,107,108,115,119,120,126,128,129,132,137,138,141,144,153,155,158,165,171,174,178,183,186,196,197,198,199,
2to 11:10,11,22,26,28,39,43,49,55,58,59,61,65,71,72,75,77,86,90,92,107,109,141,142,146,161,166,169,176,198,7,12,13,15,18,31,35,36,38,46,78,82,84,85,100,103,116,119,120,126,129,136,137,138,139,143,145,154,164,178,186,188,193,195,196,197,
2to 12:2,8,13,24,51,58,94,104,105,108,113,117,161,169,171,176,185,4,7,10,11,14,15,16,22,27,31,33,36,38,43,53,68,69,73,85,86,87,89,95,97,98,109,110,123,139,141,144,151,153,156,158,164,167,174,183,188,189,196,198,199,
2to 13:41,43,47,65,68,94,95,106,108,110,113,117,119,137,141,158,173,181,190,198,2,4,6,8,9,10,11,15,16,20,21,22,23,28,33,42,46,61,62,66,73,98,100,114,115,120,122,123,126,131,138,145,151,153,156,157,164,167,171,183,184,186,188,189,197,
2to 14:8,14,22,24,41,42,43,49,51,52,56,58,59,60,68,74,77,78,80,88,102,104,106,107,114,115,123,133,146,150,157,159,174,176,181,182,183,185,188,190,198,4,7,9,11,26,33,38,46,47,69,84,86,96,98,103,105,109,110,119,120,122,126,137,139,144,151,153,156,171,184,
2to 15:2,8,10,24,26,38,39,41,43,52,56,60,68,80,92,108,110,114,137,138,140,142,146,153,176,182,185,199,7,11,14,15,18,19,20,22,28,33,35,42,45,47,48,58,86,95,96,97,98,100,101,102,105,119,122,123,127,129,143,144,145,154,156,157,161,178,179,183,188,197,
3to 1:1,8,12,29,30,35,41,42,45,47,60,93,94,101,110,113,119,120,127,128,137,144,147,148,156,166,173,175,181,183,191,2,10,15,19,20,31,32,33,36,39,49,54,58,59,65,69,71,73,77,78,79,83,88,105,109,114,116,118,123,129,131,132,133,135,138,146,157,160,161,168,169,170,186,192,193,199,
3to 2:8,11,13,23,29,30,37,41,53,58,72,85,94,106,108,110,120,121,127,139,141,147,148,153,158,159,160,168,181,186,187,189,191,196,197,10,14,19,31,33,39,42,44,47,61,62,69,71,73,88,92,105,114,116,119,122,123,125,132,135,136,137,138,144,146,150,155,161,164,167,169,178,199,
3to 3:
3to 4:11,20,23,27,30,31,40,41,44,54,67,68,72,83,94,102,105,110,111,114,120,141,144,158,189,193,194,198,199,10,12,19,22,33,46,47,49,55,56,58,59,66,70,71,73,80,85,91,92,95,101,107,118,125,128,136,138,140,142,147,156,160,164,167,168,174,178,179,180,191,
3to 5:1,14,23,28,36,41,45,50,54,57,60,61,77,80,83,114,116,120,138,152,153,158,160,166,168,185,5,19,20,30,31,35,38,39,43,55,59,65,69,70,78,92,95,101,106,109,112,118,122,123,125,130,131,132,135,136,137,148,156,157,169,170,190,192,199,
3to 6:8,11,19,23,24,27,29,41,55,57,59,67,77,80,90,92,104,114,116,125,127,128,139,144,152,160,165,175,181,185,189,196,198,1,5,6,10,14,20,22,46,49,58,70,88,91,112,129,146,147,148,153,157,159,164,166,167,168,169,171,173,186,192,
3to 7:1,6,8,10,11,27,35,41,43,45,49,50,57,59,63,65,67,68,80,92,93,102,106,111,112,114,131,136,139,148,158,159,163,175,184,185,189,199,12,14,19,20,30,31,33,37,39,42,54,55,56,69,72,77,79,83,85,88,97,107,108,113,119,123,128,129,137,138,142,144,150,156,157,160,164,168,169,170,177,181,190,191,194,195,
3to 8:8,12,31,41,49,62,63,72,77,85,90,108,110,135,148,152,162,173,175,190,199,5,6,9,20,27,38,39,42,43,65,66,69,73,80,81,83,84,88,92,98,100,105,114,122,123,125,132,136,137,144,146,157,160,165,167,168,171,180,181,188,189,191,
3to 9:20,23,27,28,35,41,45,53,63,80,102,105,108,111,113,120,128,141,145,148,158,159,163,175,183,185,186,189,196,198,199,12,14,15,19,25,31,32,37,38,46,59,60,67,71,73,77,88,95,97,106,119,123,137,138,144,150,164,167,168,171,172,173,177,179,180,192,197,
3to 10:1,8,12,30,37,41,42,55,62,63,68,72,77,80,83,85,93,94,108,110,111,114,120,124,128,129,131,147,158,168,181,186,190,191,197,198,5,14,20,39,43,46,47,54,56,58,60,67,69,71,78,84,88,98,106,116,123,136,140,141,143,148,156,161,164,165,169,179,185,188,192,195,199,
3to 11:11,27,28,37,38,45,47,54,55,59,60,62,65,72,77,93,111,123,125,129,131,138,141,145,180,186,194,9,10,12,19,20,21,30,31,39,49,58,67,71,78,88,95,97,98,112,114,116,128,137,144,146,156,157,160,164,169,173,178,179,183,185,189,190,191,192,197,199,
3to 12:4,10,11,13,14,24,27,41,45,53,63,68,77,83,94,106,108,113,120,128,144,152,153,156,160,163,184,189,191,198,2,8,17,20,31,32,39,42,46,54,56,65,67,69,78,80,88,92,98,101,118,119,122,130,133,138,140,141,142,146,157,164,165,168,170,172,177,178,183,
3to 13:4,12,23,29,36,41,42,44,50,62,65,67,80,93,94,101,110,120,127,136,138,141,145,147,153,158,163,173,197,10,17,20,31,37,39,46,55,59,61,69,77,78,81,88,92,95,106,108,114,116,122,123,129,132,137,148,157,160,169,171,172,175,180,181,186,188,199,
3to 14:4,19,26,38,39,41,42,49,53,58,59,60,61,64,67,77,93,94,113,119,120,123,137,153,156,159,171,181,183,185,1,8,14,15,30,31,46,65,78,79,80,88,92,98,109,111,127,131,134,135,136,138,141,161,164,165,168,175,179,184,187,188,192,199,
3to 15:8,10,11,20,24,31,41,42,44,50,54,58,72,80,93,102,108,113,114,120,127,129,136,139,144,145,153,156,160,163,171,173,181,183,184,189,190,197,199,2,14,19,25,32,37,43,46,49,55,67,71,83,92,97,100,107,112,116,123,128,130,137,138,142,148,159,161,165,167,169,172,186,191,193,194,
4to 1:2,7,15,19,26,27,30,32,42,45,54,57,58,59,60,79,83,97,100,101,102,105,108,110,111,113,114,118,123,134,137,140,153,156,172,174,178,183,189,192,193,196,199,8,11,22,37,47,55,65,68,69,74,82,85,91,92,95,98,106,109,115,120,125,138,141,152,160,164,170,180,182,191,194,195,
4to 2:8,10,19,27,38,39,41,42,53,55,58,68,71,82,87,94,97,100,102,108,113,121,137,144,146,150,164,166,176,178,180,196,199,9,11,15,21,22,33,35,63,66,69,74,85,92,95,105,106,107,109,120,128,135,138,141,151,153,156,182,193,195,197,
4to 3:8,9,22,27,41,55,57,58,60,65,67,68,72,73,80,92,101,102,105,107,108,110,111,112,113,118,137,140,158,159,161,181,189,196,10,19,30,31,44,46,59,66,74,85,88,95,115,120,128,130,131,132,136,138,146,153,155,157,160,167,168,174,177,179,180,183,191,195,197,
4to 4:
4to 5:5,9,11,22,43,55,57,58,59,60,66,69,74,78,80,85,88,94,95,97,101,107,109,110,112,125,128,134,136,137,140,172,183,186,192,199,18,29,30,35,37,38,40,53,65,83,91,92,98,105,108,114,116,119,126,151,152,153,160,170,174,180,182,193,197,198,
4to 6:8,9,19,20,30,33,41,55,58,87,90,107,110,112,125,136,140,144,148,153,156,164,166,173,178,180,181,186,189,191,7,18,22,27,38,44,47,53,57,65,66,69,74,82,85,88,92,94,95,100,101,105,116,119,127,131,135,145,152,155,170,172,174,179,183,194,
4to 7:39,41,47,54,55,62,65,67,69,79,92,94,112,114,128,136,144,150,164,169,186,188,189,196,199,15,19,21,27,30,38,40,46,66,74,78,84,85,87,88,107,108,109,115,125,142,152,155,168,
4to 8:2,7,8,9,10,11,21,22,27,30,33,38,39,42,47,55,62,65,66,71,72,73,82,87,90,95,98,107,110,125,136,137,140,144,145,146,162,165,181,183,189,19,26,31,35,40,56,57,69,74,83,84,85,88,92,94,101,115,117,128,132,135,138,141,152,159,160,167,168,170,180,182,186,193,194,
4to 9:11,20,30,32,43,45,55,59,67,71,73,92,95,97,105,107,113,120,128,141,150,153,161,176,181,186,189,197,15,19,26,27,33,35,38,46,47,53,56,57,63,69,85,87,94,98,100,114,117,119,127,131,140,145,155,157,158,167,170,172,180,182,191,
4to 10:8,11,20,21,27,39,41,42,58,62,67,72,74,78,82,84,94,112,113,114,123,138,153,161,164,165,170,174,176,180,181,183,186,188,191,192,196,199,200,7,9,15,31,37,44,46,47,53,54,55,57,66,69,80,87,88,92,98,100,102,106,107,116,126,127,133,140,142,146,157,167,168,194,195,197,
4to 11:9,13,17,20,30,38,39,55,60,62,66,67,71,78,105,114,118,122,125,138,141,145,164,166,188,189,192,197,199,21,26,27,29,35,46,54,58,65,69,70,74,83,88,94,95,98,106,107,108,117,126,142,158,173,178,180,194,
4to 12:8,11,13,21,22,30,32,41,47,54,58,59,67,68,73,78,82,94,95,101,110,113,118,136,138,142,144,146,149,156,164,165,178,188,189,194,7,10,15,26,27,37,40,46,53,57,65,66,69,70,80,84,92,100,109,115,120,128,130,140,141,152,158,160,170,174,180,182,183,191,195,
4to 13:2,11,21,22,23,55,57,67,68,69,73,78,87,98,101,110,113,114,118,126,137,145,149,153,160,186,191,199,7,9,12,15,47,56,65,66,83,85,88,92,94,100,108,116,124,128,131,140,141,155,156,167,168,170,174,177,179,180,189,194,195,
4to 14:2,7,8,9,11,15,17,18,22,26,35,41,53,60,62,79,80,92,102,107,113,123,134,136,147,159,161,164,165,171,178,180,188,189,12,38,46,47,63,82,84,85,88,95,101,114,115,117,125,127,131,153,158,167,174,183,191,192,193,195,
4to 15:2,8,13,19,26,31,32,39,41,42,47,59,66,67,83,95,97,101,107,110,112,113,114,118,127,138,144,145,148,149,165,181,183,192,193,199,9,10,11,21,30,46,55,56,58,65,85,88,92,94,100,102,106,108,119,120,122,126,128,130,132,136,140,142,146,153,157,158,160,170,177,178,186,191,197,
5to 1:6,12,17,27,31,36,39,41,51,58,59,60,72,74,77,82,83,86,90,92,93,98,99,101,110,120,123,125,126,127,129,134,135,137,141,144,148,154,156,157,161,165,170,174,180,185,196,9,15,19,29,43,50,61,69,94,95,108,109,113,114,119,121,122,138,140,158,163,175,190,195,198,199,
5to 2:12,18,22,27,50,54,55,66,69,75,85,87,90,92,95,97,98,103,107,109,123,127,128,131,135,139,140,141,144,150,154,156,174,181,188,189,190,192,196,198,11,14,20,28,30,38,42,43,58,105,108,110,120,121,122,151,159,170,175,178,180,185,186,195,
5to 3:12,14,30,35,37,41,44,46,50,55,56,58,60,69,88,90,93,95,98,100,106,108,109,110,112,119,120,123,128,130,138,140,153,167,168,169,180,181,185,189,190,192,196,197,11,20,22,29,38,39,42,77,79,92,101,105,107,114,136,137,147,148,157,158,159,160,161,175,184,193,194,198,
5to 4:11,22,27,31,40,50,55,59,66,70,74,80,82,85,87,88,90,92,95,105,107,109,112,114,118,122,124,128,130,133,135,136,138,139,140,144,145,153,156,157,158,160,161,168,170,174,178,180,181,182,188,191,192,197,198,9,19,30,38,44,46,54,57,58,65,69,79,101,106,119,137,151,152,186,193,
5to 5:
5to 6:1,12,14,18,22,24,27,28,37,54,57,58,70,71,72,74,75,82,87,88,91,94,101,103,104,110,112,116,123,127,128,138,144,153,154,158,160,165,166,168,170,172,179,180,181,185,189,190,191,192,198,20,25,31,33,38,41,45,53,69,78,85,90,92,96,107,109,113,126,129,130,136,139,140,151,157,159,163,178,187,193,194,
5to 7:8,10,11,14,26,31,39,40,44,45,57,58,60,77,78,85,88,92,93,99,103,107,108,109,125,126,128,132,136,139,140,142,144,149,150,154,156,160,168,174,181,182,185,188,191,196,15,20,27,30,37,50,61,69,79,95,96,101,113,114,119,121,122,129,137,147,151,152,158,163,175,186,187,190,193,197,
5to 8:8,9,11,26,27,30,40,41,45,55,56,58,69,71,74,80,82,87,92,94,98,99,101,117,120,122,123,124,128,131,134,137,138,139,141,144,151,154,160,166,168,169,170,172,179,180,186,188,189,190,191,199,34,39,43,46,50,51,90,95,105,108,109,114,119,126,140,157,158,161,178,185,192,197,
5to 9:11,12,15,16,26,30,31,33,40,41,46,50,55,58,59,60,82,85,92,93,94,98,106,117,119,130,134,136,140,150,151,153,156,157,170,172,183,189,198,199,25,34,35,39,44,65,69,71,79,91,96,101,103,105,114,137,139,161,165,186,187,190,192,197,
5to 10:8,15,22,23,39,43,50,60,61,69,71,75,78,80,85,92,93,95,98,102,106,107,110,112,116,117,123,124,126,130,134,137,139,142,149,153,157,158,165,168,169,170,172,190,191,192,195,196,197,198,199,11,14,18,20,25,30,42,46,53,58,65,96,105,108,113,114,119,122,129,138,140,151,159,160,161,175,180,188,194,
5to 11:6,10,11,15,22,26,31,39,45,46,58,60,61,72,78,86,92,93,94,95,98,103,108,116,117,118,126,128,131,138,139,142,144,149,160,169,172,173,178,180,186,188,189,190,197,9,20,28,43,44,57,74,75,77,79,90,96,99,101,102,107,119,137,157,184,191,193,196,199,
5to 12:10,11,13,17,24,26,30,31,40,43,51,54,58,61,69,80,85,90,92,94,98,100,109,117,118,124,128,130,131,136,141,144,145,149,153,160,165,167,169,170,172,178,180,183,186,188,191,199,9,20,37,38,39,41,42,45,46,65,71,77,93,95,96,107,108,110,113,119,122,147,151,158,159,163,175,184,193,198,
5to 13:10,22,23,30,46,50,55,69,78,87,92,93,94,98,100,101,106,114,118,122,123,126,127,134,137,139,141,145,148,149,153,157,158,160,166,167,170,172,179,180,181,186,191,192,197,5,11,14,15,19,33,41,43,44,45,53,60,65,71,95,105,108,109,121,138,140,147,163,175,178,190,195,
5to 14:1,8,14,17,30,46,50,69,74,80,88,98,99,101,105,109,117,123,125,133,134,135,137,139,145,149,153,166,169,174,180,181,185,188,198,9,11,20,34,37,41,42,44,51,58,60,61,65,92,95,113,122,138,147,151,161,163,165,178,184,190,194,195,196,
5to 15:10,11,13,17,24,30,31,35,41,50,59,83,85,90,91,94,97,103,114,120,123,124,128,130,132,134,136,137,139,140,142,144,145,148,149,151,154,157,160,161,169,170,172,183,189,190,197,20,25,34,39,44,45,58,61,71,78,92,96,101,102,108,112,119,126,138,178,184,186,187,194,196,
6to 1:6,8,9,11,12,15,17,22,30,47,49,55,56,58,59,66,69,72,76,82,91,95,97,100,109,110,119,122,123,125,126,127,129,131,138,148,153,154,156,157,160,167,170,174,175,180,181,185,190,192,194,195,198,16,20,26,28,33,45,51,52,53,64,88,94,101,121,144,159,165,166,168,173,193,
6to 2:4,8,12,13,19,20,22,26,30,31,37,44,47,49,51,56,61,66,68,69,72,82,95,100,103,108,110,113,116,120,127,128,138,146,150,153,154,155,157,159,160,164,176,178,180,184,185,186,195,197,198,2,7,11,14,27,28,35,38,41,78,85,87,119,126,129,139,144,145,148,156,166,167,171,173,174,175,179,189,
6to 3:4,7,8,12,20,22,32,36,37,39,46,56,58,60,61,62,67,72,73,92,103,107,108,110,127,128,131,136,146,148,150,153,159,160,169,175,184,186,191,197,14,21,27,28,41,49,52,53,57,100,101,121,129,130,137,144,145,156,158,165,166,168,173,189,
6to 4:9,12,13,26,44,54,57,58,59,65,66,67,69,70,72,80,82,85,97,100,101,105,107,109,110,116,124,125,126,128,136,146,150,152,153,156,164,167,168,180,182,191,197,2,7,8,11,19,20,25,27,33,38,40,41,47,53,56,74,78,92,95,121,144,145,158,165,166,170,173,174,175,178,179,189,193,194,
6to 5:5,6,9,12,14,20,22,30,31,37,38,51,58,61,69,77,79,82,91,93,97,107,109,116,117,120,125,127,128,129,131,134,150,153,154,158,160,163,175,184,192,197,11,21,33,39,78,85,92,94,95,100,104,119,137,139,144,167,168,170,173,178,180,189,
6to 6:
6to 7:4,8,11,12,20,21,26,31,32,37,38,46,51,58,59,62,69,84,93,100,103,112,122,123,125,126,128,140,149,150,152,154,156,157,159,160,164,168,178,181,184,186,190,191,197,10,19,24,27,33,35,49,60,64,88,92,98,104,119,136,144,146,147,148,153,165,166,171,173,175,183,194,198,
6to 8:5,7,12,14,18,26,27,38,41,58,62,66,69,76,80,84,95,105,108,123,124,125,126,129,136,146,154,159,160,161,165,169,180,181,182,184,185,186,191,192,197,2,21,49,78,85,87,88,98,134,148,166,168,170,173,175,183,187,189,193,194,
6to 9:9,15,19,25,37,46,48,58,61,67,77,91,93,97,101,103,116,119,120,123,128,131,144,146,150,153,158,159,165,167,170,175,176,178,179,180,183,186,190,192,194,196,197,20,27,35,41,60,64,71,87,88,90,104,121,129,145,148,166,172,187,193,
6to 10:2,5,9,12,18,20,21,25,27,30,37,38,48,55,58,61,62,67,69,84,85,92,95,100,107,110,115,116,117,119,122,124,126,128,153,156,159,164,168,169,170,174,175,176,178,179,185,191,192,195,197,6,22,39,78,86,87,98,104,121,144,146,148,165,180,193,198,
6to 11:9,12,13,17,18,20,30,37,46,47,57,58,59,62,66,67,68,75,76,82,92,93,103,116,119,122,125,129,146,157,158,160,178,183,184,185,186,188,189,192,194,196,197,7,19,26,38,39,49,52,53,56,60,72,78,86,94,136,139,156,170,174,175,179,198,
6to 12:4,7,8,9,17,20,21,32,37,39,46,48,65,67,69,71,77,80,84,88,89,92,97,117,119,124,128,129,138,139,146,156,157,158,160,164,170,178,180,181,183,184,186,188,191,198,2,3,10,11,27,28,33,41,45,51,53,56,96,98,100,136,147,159,166,167,174,179,194,
6to 13:4,7,12,20,21,26,31,37,44,48,53,61,66,71,77,78,85,88,93,95,109,115,120,126,127,131,136,146,156,157,163,167,168,175,180,181,184,186,189,190,191,195,197,11,22,24,41,57,59,60,87,92,96,100,119,129,139,148,151,159,165,170,173,179,183,187,198,
6to 14:4,6,8,9,15,17,20,31,32,38,48,58,59,60,61,62,69,80,84,88,92,95,103,105,109,110,116,122,125,131,150,153,158,163,169,175,179,181,182,184,185,190,195,196,14,19,26,39,41,47,49,51,57,64,78,94,119,130,136,147,159,165,168,180,187,189,193,194,
6to 15:7,11,17,18,22,25,37,44,48,55,58,67,71,72,78,95,100,101,103,108,114,124,129,138,144,148,153,154,158,160,169,178,182,183,184,185,186,188,192,196,197,2,14,16,26,33,57,88,92,94,104,112,137,139,145,146,147,159,165,166,170,173,174,180,189,193,194,
7to 1:9,15,19,20,21,30,35,41,42,47,49,51,56,59,64,65,67,69,77,79,82,85,86,88,92,94,101,102,103,107,108,109,114,115,118,119,120,121,122,123,125,129,138,141,144,147,150,151,152,158,161,165,168,174,175,180,184,186,191,11,17,26,27,37,54,93,105,116,124,137,140,149,160,171,181,189,192,200,
7to 2:4,11,13,14,18,21,26,30,31,38,42,47,49,56,58,63,87,92,94,102,103,107,113,115,116,122,125,128,129,131,132,137,138,144,145,146,147,148,154,155,157,158,164,166,174,181,186,190,191,197,199,10,15,27,33,43,45,61,68,84,96,97,98,100,108,110,114,119,163,165,184,188,196,
7to 3:1,4,5,9,11,19,20,27,30,41,46,47,49,50,56,63,64,67,68,77,80,88,93,94,100,101,102,103,107,109,119,120,123,128,129,136,137,138,147,148,152,157,158,164,177,180,181,188,190,191,10,25,33,37,39,54,70,78,105,112,114,141,144,150,160,166,169,171,172,178,185,193,196,
7to 4:7,15,20,21,26,30,35,38,46,49,55,57,58,59,63,66,67,69,85,87,88,92,98,101,107,109,117,118,122,123,126,136,137,144,147,149,156,162,164,170,186,191,193,197,10,11,27,76,78,82,94,108,112,114,132,140,166,189,192,195,
7to 5:1,9,11,19,23,27,31,35,40,43,45,50,55,65,69,77,79,85,88,92,98,99,100,101,102,103,106,107,109,112,116,117,118,119,123,129,136,137,139,147,148,149,154,156,160,163,170,174,175,181,190,199,10,15,17,26,30,37,70,93,113,124,140,150,151,166,172,178,185,
7to 6:4,5,9,14,18,19,20,24,30,33,35,38,45,46,48,49,51,59,67,69,77,82,85,87,88,92,94,95,103,107,109,115,121,122,127,129,136,139,140,144,145,148,152,156,160,162,163,164,175,184,185,186,190,191,8,17,21,25,26,27,37,47,112,116,124,149,150,165,166,178,181,188,189,192,193,194,195,196,
7to 7:
7to 8:10,14,19,20,33,38,40,41,45,49,50,54,63,64,65,77,81,83,85,87,88,98,99,108,109,119,122,123,128,137,138,140,144,146,148,158,160,162,164,165,168,170,180,182,186,188,190,198,11,17,26,27,37,43,62,82,84,93,105,110,114,132,149,150,153,181,184,193,195,196,
7to 9:15,17,19,20,25,31,35,38,39,40,41,43,45,46,47,50,56,63,69,71,73,80,85,88,94,97,103,106,107,119,121,123,126,127,129,131,137,139,141,145,148,150,151,157,158,161,163,165,168,170,175,181,186,190,191,197,10,11,21,33,36,54,68,76,82,84,108,110,112,114,140,146,171,178,189,193,195,200,
7to 10:9,10,15,17,24,25,30,31,48,50,56,58,67,69,77,78,81,92,93,94,102,106,107,108,117,121,123,126,127,128,131,140,144,147,149,156,157,158,160,161,162,163,164,165,170,171,175,184,190,191,197,198,199,200,8,23,26,36,39,43,47,68,76,82,84,103,112,116,137,142,153,188,193,194,
7to 11:7,9,11,15,19,21,30,35,38,39,49,57,59,63,77,88,94,97,101,103,107,109,112,114,123,125,126,147,149,152,156,157,158,161,162,164,166,173,180,191,197,10,47,61,64,76,78,82,93,105,110,119,124,131,132,137,142,144,160,171,178,193,198,200,
7to 12:4,7,8,10,13,20,39,41,45,48,51,63,65,77,86,88,92,93,97,100,101,107,108,109,110,117,118,122,128,132,136,139,147,151,157,158,160,161,162,163,164,165,168,182,184,191,193,15,30,37,47,61,62,68,72,76,94,105,114,119,131,142,144,149,153,169,189,197,200,
7to 13:4,12,21,30,39,41,42,45,47,54,56,68,77,78,85,87,88,92,98,100,101,106,108,109,117,122,128,129,136,140,145,147,148,158,163,164,171,180,184,186,189,191,197,10,11,17,23,26,37,60,62,70,83,84,93,94,114,116,126,132,137,142,149,169,177,181,183,193,
7to 14:4,7,8,9,12,14,17,19,26,31,38,42,48,49,50,51,54,58,59,65,67,69,77,79,85,86,93,102,103,107,109,110,115,122,123,127,132,139,141,144,149,153,158,161,168,174,175,187,199,6,10,11,30,61,62,76,78,83,87,94,98,112,116,119,137,140,146,147,150,165,166,169,171,177,181,184,192,194,195,196,200,
7to 15:5,7,9,11,14,19,21,25,30,35,45,46,49,50,56,58,63,77,79,86,88,92,93,94,97,100,101,102,103,104,107,108,114,119,122,126,128,136,137,139,140,144,154,157,158,160,163,165,177,184,186,190,191,197,199,10,36,37,39,47,61,82,83,110,112,131,146,149,169,185,195,
8to 1:1,9,16,17,22,26,27,31,33,37,41,42,47,49,50,56,65,69,71,72,74,82,84,88,94,98,100,101,108,110,119,123,125,134,135,145,154,157,160,163,165,166,180,181,182,184,192,193,195,3,6,34,43,76,90,128,144,176,183,186,191,194,
8to 2:11,15,18,20,27,33,37,38,39,42,45,50,52,55,58,66,69,84,85,88,98,103,114,119,120,121,126,135,137,138,141,154,158,164,167,171,176,179,181,182,183,184,187,17,26,43,51,73,90,100,101,128,157,161,166,170,189,
8to 3:8,10,11,14,19,20,25,27,31,35,37,42,43,46,57,61,63,66,69,80,85,94,95,98,101,105,106,107,108,110,115,118,122,128,136,137,144,148,153,157,160,168,172,180,181,183,185,189,199,9,26,56,62,90,123,132,134,170,186,191,
8to 4:9,10,27,29,42,43,46,47,49,50,55,58,63,80,82,83,85,87,92,100,105,109,114,120,122,123,130,139,141,146,151,152,153,160,170,174,178,180,181,183,186,193,199,18,59,73,88,98,101,108,134,161,166,172,176,191,192,195,
8to 5:15,19,23,31,34,37,38,39,40,41,43,50,56,57,65,69,75,77,80,88,93,95,96,98,99,102,110,114,123,130,135,138,145,148,149,151,154,160,166,167,178,181,182,185,190,193,198,199,6,9,27,28,94,101,103,105,109,117,134,144,159,170,172,188,195,
8to 6:6,8,9,14,18,21,25,26,27,33,38,42,47,48,49,51,55,56,57,61,62,66,69,72,95,98,100,104,105,107,108,110,119,122,126,129,144,145,146,148,151,153,154,157,163,170,173,180,181,184,185,189,192,193,194,2,64,76,94,101,109,117,123,128,159,166,168,176,186,187,195,
8to 7:6,9,10,15,19,23,27,30,31,38,43,46,50,54,56,57,66,69,72,78,81,82,83,84,85,87,88,97,104,108,110,118,122,125,129,137,140,152,157,160,163,168,171,181,188,189,190,193,199,26,76,94,98,101,103,109,117,123,128,132,144,149,170,
8to 8:
8to 9:6,15,19,21,27,31,33,34,38,40,47,54,61,62,63,69,71,77,84,85,87,90,93,95,97,98,100,101,105,110,119,120,128,130,141,145,146,153,158,163,164,167,176,182,183,185,187,189,191,193,194,196,197,199,2,49,56,82,83,88,111,144,157,170,
8to 10:6,7,8,9,10,15,20,25,26,34,37,38,39,43,46,48,55,58,61,65,69,78,81,84,85,87,88,102,114,120,129,137,144,153,158,164,165,169,185,193,194,195,199,11,27,56,62,64,76,94,98,149,162,168,170,186,188,192,
8to 11:6,10,15,19,20,31,37,39,43,49,55,58,63,64,66,69,72,74,78,82,83,84,85,92,95,97,98,99,101,103,107,118,137,138,139,154,158,160,166,171,173,176,180,187,190,193,197,198,9,26,27,59,62,73,88,109,128,132,144,149,157,172,185,186,188,189,191,199,
8to 12:7,10,17,19,31,33,37,43,46,48,56,62,63,65,66,69,71,74,77,80,84,85,87,88,92,93,95,97,100,104,107,110,115,119,123,144,158,163,164,167,172,176,179,181,188,191,197,26,49,59,73,83,94,132,153,159,161,162,166,
8to 13:2,6,8,10,11,12,15,28,33,42,43,47,50,57,60,61,63,66,69,71,74,83,84,85,98,108,110,114,118,121,122,124,126,137,138,151,157,158,160,163,167,168,175,179,180,181,183,185,187,188,194,195,34,56,76,111,117,123,149,165,166,189,192,198,199,
8to 14:10,11,12,14,17,19,20,26,34,42,47,48,52,54,56,57,58,60,62,63,64,65,69,77,80,81,83,84,85,88,92,96,98,99,101,103,104,114,119,120,125,135,137,139,144,146,151,158,164,173,175,191,192,193,199,3,6,9,28,105,109,132,134,149,153,170,176,181,183,188,194,
8to 15:10,14,15,17,22,26,28,30,34,35,41,43,46,47,49,50,57,58,63,71,74,77,78,83,85,92,95,96,97,100,101,110,114,119,120,122,127,130,132,136,138,144,145,146,154,158,159,160,163,165,168,186,187,191,193,199,2,9,56,73,84,88,94,105,117,123,134,161,162,188,189,192,
9to 1:1,6,9,15,17,19,21,31,32,34,35,45,50,54,59,64,66,69,71,82,84,85,88,93,94,95,108,110,114,119,120,121,123,128,129,131,137,138,140,141,144,147,150,153,154,161,165,170,171,176,190,191,192,194,198,199,200,12,73,103,111,175,183,187,193,197,
9to 2:7,11,12,15,19,27,31,33,38,41,55,58,61,69,89,96,97,105,110,114,119,121,125,128,137,138,141,144,145,148,153,155,170,171,175,178,183,185,186,191,193,196,197,198,26,35,98,102,123,146,161,163,172,174,187,
9to 3:11,12,14,20,26,27,31,35,46,54,57,60,62,63,64,69,80,85,88,93,105,110,111,113,115,121,123,127,128,130,135,137,138,140,141,144,145,146,148,150,153,156,159,160,164,168,171,172,177,178,186,189,196,197,19,21,39,71,77,106,136,161,170,173,175,183,192,193,
9to 4:9,11,15,19,21,25,27,33,35,38,46,47,53,56,58,59,60,69,82,85,87,88,95,106,113,114,120,121,123,125,131,137,141,144,145,150,151,153,156,157,158,164,170,176,178,180,182,183,186,189,192,195,197,200,63,65,73,102,111,136,146,172,173,174,198,
9to 5:6,15,17,19,21,31,33,35,37,38,45,46,50,54,58,59,61,69,75,80,88,92,94,98,100,103,105,110,112,114,116,117,119,123,125,127,131,135,137,139,144,148,150,152,153,156,157,165,170,172,174,189,199,14,25,26,34,36,60,77,90,129,138,140,146,161,178,183,192,197,
9to 6:2,6,14,17,19,20,21,27,28,31,35,38,41,53,59,64,66,69,72,77,80,86,92,94,95,96,100,103,104,105,110,114,116,117,120,127,128,129,131,139,140,148,150,151,152,153,154,158,161,170,171,176,178,180,186,187,194,195,196,197,198,12,25,36,48,49,56,73,134,136,146,174,175,183,
9to 7:10,11,15,26,27,31,35,38,41,45,46,48,50,54,56,69,77,84,87,88,93,94,95,98,100,103,108,110,114,117,119,123,128,129,137,144,148,156,157,158,163,164,165,171,174,182,186,187,190,191,194,200,16,19,25,39,49,63,82,102,106,111,112,145,175,193,197,
9to 8:6,10,11,15,17,19,21,27,33,38,45,46,48,50,58,64,66,69,77,80,83,84,85,87,88,95,98,101,110,114,115,120,125,128,135,137,138,140,141,148,152,154,157,158,159,164,176,182,183,185,186,189,192,194,195,196,197,34,60,63,123,166,173,191,193,198,
9to 9:
9to 10:2,10,11,20,31,44,46,56,58,60,61,62,63,64,65,69,72,77,84,88,92,93,96,98,100,102,103,110,113,114,116,119,120,121,129,138,140,146,151,153,156,158,160,161,163,165,168,175,180,186,199,14,16,34,36,39,48,71,73,111,170,172,174,183,192,
9to 11:6,9,11,20,31,38,45,46,54,55,62,64,71,77,84,88,94,98,102,107,110,119,128,129,137,138,141,144,145,147,151,156,157,164,170,171,173,178,186,188,189,199,19,26,35,56,60,65,82,90,111,112,123,146,165,193,
9to 12:9,10,14,15,26,27,31,32,33,37,41,45,46,53,56,60,65,69,84,87,88,89,93,94,95,96,98,109,110,112,113,115,119,120,128,130,133,141,146,152,156,158,163,164,170,178,180,186,188,197,198,12,16,19,35,36,48,63,71,77,103,106,123,134,136,145,167,175,183,187,
9to 13:6,10,11,15,17,19,21,31,32,33,34,45,46,50,53,57,58,60,61,63,65,66,77,80,85,87,92,93,95,108,110,113,116,117,126,131,137,140,141,145,148,153,157,164,167,170,177,180,183,186,190,192,193,195,198,199,16,25,49,67,82,83,106,111,136,146,158,174,175,187,196,197,
9to 14:6,9,10,11,15,31,37,38,41,45,46,47,54,57,58,65,77,84,87,88,94,98,101,105,119,131,135,146,147,150,151,153,159,171,174,176,177,180,181,182,183,189,190,193,195,196,199,14,19,48,63,90,123,161,175,187,191,192,198,
9to 15:10,11,15,19,32,33,35,37,41,45,47,50,57,58,59,63,72,77,87,89,94,95,97,102,105,110,114,117,129,130,137,144,145,146,151,153,156,161,165,168,170,171,176,177,182,186,187,192,193,198,199,16,25,36,39,64,71,90,111,172,175,183,
10to 1:1,8,9,15,16,17,20,23,30,39,41,43,53,54,55,58,60,61,64,69,71,72,74,83,84,88,90,94,105,110,121,122,126,138,141,142,144,146,149,151,158,160,161,165,168,170,172,174,183,184,186,190,192,193,199,18,22,24,35,44,78,86,139,153,154,162,169,185,
10to 2:11,14,15,20,22,30,39,43,44,50,58,62,65,68,69,86,88,90,96,98,100,103,105,107,108,113,114,119,120,121,123,129,131,138,144,146,153,156,159,161,163,165,168,175,186,187,192,196,197,198,199,8,23,24,52,61,70,128,137,143,151,155,171,181,185,188,
10to 3:1,5,20,27,30,31,37,41,42,43,46,50,53,56,57,60,67,68,69,73,78,88,90,92,94,95,100,105,107,108,110,113,121,127,132,136,137,138,141,144,153,156,158,159,160,162,164,165,167,168,178,180,183,186,191,196,197,198,7,8,23,24,39,54,58,81,118,128,129,139,142,148,171,173,188,
10to 4:9,14,15,18,25,27,30,42,46,50,53,56,60,63,65,69,74,76,78,83,85,87,88,92,94,98,102,106,107,108,110,114,119,121,124,126,131,137,138,139,140,153,160,162,164,165,170,174,180,186,188,191,194,195,198,199,8,22,23,31,37,39,47,58,115,116,117,120,141,142,158,169,181,
10to 5:1,9,15,17,30,31,36,37,39,41,60,61,69,74,78,86,88,92,94,96,98,100,107,108,114,119,120,123,124,127,128,129,137,140,153,157,158,161,168,170,172,178,180,183,188,190,192,193,197,198,199,18,23,24,44,50,58,77,85,102,105,113,116,117,141,165,169,185,
10to 6:5,7,8,9,14,17,20,21,26,30,31,36,37,41,42,46,48,53,69,72,77,86,92,103,105,107,108,112,126,127,128,130,131,136,138,144,146,147,149,153,156,165,168,170,174,179,180,183,185,186,192,196,197,198,11,22,49,58,61,71,104,116,154,155,158,178,188,194,
10to 7:1,10,14,15,17,26,27,30,41,46,48,54,56,61,64,67,69,72,78,88,94,98,100,107,108,114,119,128,131,140,146,159,161,164,170,175,183,184,186,188,190,194,195,197,198,199,18,25,35,39,47,50,71,102,103,104,110,116,118,126,129,137,158,162,165,181,
10to 8:9,10,14,17,20,22,31,34,43,48,54,58,60,63,69,74,77,87,88,95,98,107,110,114,122,123,126,128,146,149,157,159,165,168,172,179,181,183,191,195,196,198,6,7,18,25,37,39,47,61,76,102,103,115,151,154,158,188,194,
10to 9:9,15,17,20,21,31,34,37,39,46,48,50,54,56,58,64,67,68,69,71,72,76,82,102,103,106,112,119,121,123,129,131,134,137,140,144,151,153,159,161,165,167,168,170,175,178,183,185,186,190,191,192,193,195,197,198,6,35,110,115,116,120,141,148,188,194,
10to 10:
10to 11:9,15,17,20,23,26,31,43,52,53,58,60,61,65,67,69,72,74,75,76,77,82,84,88,93,103,107,114,119,120,128,131,139,142,146,156,157,158,172,178,185,188,190,191,192,195,198,199,6,11,39,47,54,71,78,86,115,116,118,138,173,194,
10to 12:9,10,14,15,27,31,36,37,39,43,46,53,55,56,58,60,61,62,63,67,68,69,71,74,76,87,92,94,95,96,97,98,100,107,112,138,140,142,144,151,153,158,165,168,170,172,174,175,184,188,191,194,198,199,7,11,22,44,54,70,77,78,104,105,110,113,117,148,162,185,200,
10to 13:9,12,14,15,17,20,23,37,39,41,42,43,48,52,53,54,55,56,57,58,61,65,67,68,69,71,85,92,93,94,96,98,100,108,114,119,120,122,123,124,128,129,131,134,137,142,165,167,175,179,180,183,186,190,192,197,199,7,8,18,22,47,50,78,103,110,113,116,117,118,126,138,141,158,162,169,181,185,188,
10to 14:9,12,17,20,22,34,37,47,48,55,57,60,62,64,69,74,77,78,84,87,88,92,93,98,106,107,116,119,120,122,123,139,147,153,159,161,165,168,180,184,188,190,192,193,196,198,199,6,11,24,54,58,61,76,85,100,103,104,138,148,169,171,181,194,
10to 15:5,14,20,26,34,36,41,42,43,46,48,55,56,57,58,61,67,71,72,83,84,92,93,95,96,100,103,105,114,122,123,131,134,137,138,140,144,146,153,161,170,180,183,184,186,188,191,193,194,195,197,198,199,7,23,31,37,39,50,78,102,116,126,162,165,171,173,200,
11to 1:6,7,8,11,15,19,20,28,29,39,47,49,55,59,60,61,65,71,76,82,85,86,95,100,101,107,108,109,110,111,114,116,118,120,125,134,142,143,144,147,149,153,154,156,157,161,163,180,182,185,186,188,189,191,192,193,194,197,199,200,1,9,70,72,75,77,94,171,196,
11to 2:9,10,11,15,22,26,31,35,38,42,43,47,48,52,53,55,60,61,62,65,66,69,71,72,86,96,97,98,100,119,120,123,128,132,137,139,144,151,153,157,164,185,186,187,188,189,190,191,192,196,197,13,21,27,68,108,122,131,178,183,198,199,
11to 3:10,13,19,23,26,27,29,35,36,39,42,44,54,58,59,65,73,78,86,88,92,101,103,107,109,111,115,118,119,120,123,125,128,129,131,136,137,141,142,143,157,158,168,171,173,178,186,188,191,193,196,197,199,20,68,72,94,108,112,169,180,198,
11to 4:7,10,11,13,18,19,26,27,30,31,35,43,46,47,49,54,55,56,58,59,65,66,71,73,78,83,88,92,95,98,100,105,107,114,118,119,124,136,137,138,141,142,144,153,157,158,164,170,172,173,178,186,188,189,192,193,195,200,12,44,67,74,108,112,140,169,180,191,196,199,
11to 5:6,9,11,13,15,26,28,30,31,38,39,43,45,55,61,65,72,77,78,86,88,92,94,96,98,101,103,107,110,114,117,118,119,123,134,136,137,139,144,154,157,172,173,178,183,185,190,192,193,195,197,199,58,79,90,93,108,129,140,160,161,191,196,198,
11to 6:6,7,19,22,38,44,45,48,49,57,59,60,65,76,78,82,88,92,95,109,110,112,117,119,126,129,138,146,149,154,157,163,166,170,171,172,174,179,182,185,186,187,190,192,193,194,195,196,9,20,58,72,75,93,108,165,173,178,180,191,
11to 7:9,10,13,15,19,20,26,27,30,31,35,38,39,43,45,58,59,61,69,78,83,87,88,95,98,103,108,114,117,119,123,125,129,131,136,137,144,145,147,149,150,154,157,161,163,164,173,187,193,197,198,200,8,12,21,37,82,94,116,160,184,185,188,191,199,
11to 8:6,7,9,10,11,19,20,22,26,27,30,46,47,57,58,65,66,69,72,83,88,94,95,98,108,109,115,119,124,126,132,137,138,139,144,149,151,154,157,159,169,170,172,173,174,176,183,188,189,193,194,195,196,198,199,8,12,17,64,77,82,90,129,
11to 9:6,11,12,15,19,20,28,31,35,36,38,39,43,45,47,53,55,57,60,67,71,83,86,93,95,103,105,106,110,114,119,125,137,141,144,146,153,164,171,172,173,174,176,178,182,185,186,187,189,190,191,192,193,194,199,21,27,64,73,77,98,102,112,131,138,160,
11to 10:15,30,31,36,37,39,42,46,54,55,57,58,60,61,67,69,71,72,78,85,86,88,92,94,98,108,112,116,124,128,139,142,149,161,164,168,169,170,174,180,188,190,191,193,194,197,199,8,9,12,27,70,75,90,131,140,160,165,183,198,
11to 11:
11to 12:3,7,9,10,11,20,26,27,30,42,43,45,46,53,54,56,57,58,62,65,73,77,78,86,92,93,95,98,101,110,115,118,119,123,124,136,141,142,145,147,156,161,163,164,169,172,191,198,13,59,67,68,75,94,109,129,133,165,178,183,184,185,
11to 13:6,7,9,10,11,13,15,19,20,22,26,28,30,31,45,47,56,58,60,65,66,67,73,83,86,87,94,95,101,108,109,117,119,123,126,128,129,136,137,142,149,157,158,170,185,186,188,189,192,193,199,12,27,44,74,77,102,107,116,138,180,
11to 14:6,7,9,10,11,19,22,26,31,35,42,44,47,48,53,54,58,59,60,61,62,65,69,78,82,86,88,92,94,98,103,106,109,112,114,119,125,136,138,139,144,147,149,156,157,161,164,171,182,188,192,193,194,195,196,199,8,38,68,160,165,169,178,180,183,184,185,191,198,
11to 15:9,19,20,23,26,28,30,31,35,36,39,45,49,54,55,56,58,60,61,65,67,71,74,86,87,92,94,95,96,100,108,114,116,117,118,119,120,123,124,126,128,132,144,153,156,157,161,168,169,170,171,176,178,182,183,186,187,189,193,197,13,44,64,68,70,82,90,112,129,131,165,184,185,199,
12to 1:1,2,9,10,15,16,17,19,20,35,41,42,43,45,54,56,60,61,65,69,70,71,77,82,83,86,92,94,95,105,109,114,118,119,122,124,132,133,141,142,147,151,156,160,161,162,169,186,188,189,192,193,194,200,8,55,66,74,110,120,145,167,182,199,
12to 2:10,11,12,14,15,26,27,30,31,41,42,43,53,63,66,68,69,74,78,82,84,86,89,94,95,98,103,105,113,119,128,132,133,141,144,145,146,147,151,156,157,158,159,163,164,166,167,169,172,175,176,183,188,196,198,13,17,96,106,109,110,138,153,174,185,197,
12to 3:1,5,7,8,11,12,14,15,19,20,22,26,30,33,36,37,41,42,44,46,54,56,57,58,59,60,71,73,77,80,88,92,94,105,107,110,113,116,118,119,123,128,131,136,144,147,153,158,159,160,164,165,167,169,181,183,187,189,190,191,196,197,198,199,27,98,106,120,133,150,168,185,188,
12to 4:2,7,10,11,15,17,20,30,38,41,46,47,53,54,58,60,63,65,66,68,69,73,78,80,85,88,92,94,98,101,105,107,108,113,114,118,122,125,128,132,136,141,145,146,147,152,158,159,160,162,164,165,166,169,170,172,175,186,188,189,192,194,198,200,8,13,19,27,74,110,138,140,150,153,156,167,191,
12to 5:9,10,11,12,14,22,28,30,31,34,38,39,40,41,43,51,56,60,69,78,79,80,82,85,92,94,95,100,101,105,113,114,116,119,123,124,125,128,129,130,133,134,136,141,144,147,151,153,156,157,158,161,163,165,169,170,172,178,180,185,190,198,8,53,74,102,106,109,110,138,139,145,150,174,195,199,
12to 6:5,7,9,12,15,17,19,20,21,32,37,38,45,47,48,53,56,58,71,78,88,92,95,100,110,114,116,119,120,122,124,125,129,130,134,145,146,148,156,158,159,162,163,166,167,169,170,174,178,179,180,181,183,184,189,192,194,196,197,198,8,13,27,59,66,89,150,153,182,195,
12to 7:1,11,20,24,26,30,31,33,35,38,41,44,46,54,56,61,68,69,70,71,77,86,87,88,94,98,100,101,103,112,113,114,119,120,123,128,129,132,136,141,144,145,147,152,153,158,159,160,162,163,164,165,166,175,178,183,184,197,198,200,27,43,93,109,110,139,156,174,191,
12to 8:2,7,9,11,15,28,33,34,38,40,43,51,54,56,63,69,73,78,84,88,92,94,101,105,107,109,110,117,119,122,125,128,129,136,144,145,146,158,160,164,166,168,170,174,175,183,187,188,190,194,196,3,27,55,66,96,106,149,176,185,191,198,
12to 9:10,11,15,20,21,27,28,31,33,35,38,40,41,43,47,49,53,54,56,59,63,68,71,73,84,86,87,94,105,106,110,111,117,128,136,141,144,145,146,151,156,157,158,159,163,164,168,170,175,178,183,187,189,199,200,55,98,102,138,153,174,176,182,197,198,
12to 10:1,7,8,9,11,31,34,39,41,43,46,53,54,58,60,65,68,69,70,71,74,76,84,86,87,92,94,98,100,103,105,106,107,110,113,119,120,123,129,131,132,142,144,147,151,153,156,158,159,161,162,163,164,170,172,174,178,180,181,183,184,190,198,17,25,61,85,89,96,167,168,185,191,197,
12to 11:7,10,13,15,20,26,27,28,38,39,43,44,59,60,65,71,78,82,86,90,92,105,110,112,116,117,118,119,123,124,125,129,131,142,144,146,147,151,156,157,158,159,161,162,164,166,168,169,172,175,176,178,183,187,188,191,194,198,37,96,109,153,185,199,
12to 12:
12to 13:2,7,10,11,15,22,24,27,28,31,32,41,42,43,45,47,48,53,54,56,57,67,69,73,74,77,83,84,85,94,101,106,111,113,118,120,122,124,129,136,141,142,145,147,153,156,157,158,159,160,162,164,165,167,169,177,183,184,185,187,188,189,194,4,8,17,66,96,98,110,197,198,
12to 14:2,8,11,15,17,19,26,28,31,37,38,39,41,42,46,48,51,53,56,57,60,61,63,69,78,80,85,86,92,94,95,98,101,103,113,117,119,122,132,136,141,147,151,157,159,161,164,169,171,176,177,180,183,184,188,189,191,192,195,196,3,55,74,89,109,110,150,153,182,198,
12to 15:5,7,11,15,19,20,27,28,30,32,38,41,42,43,45,46,48,54,56,57,58,59,61,65,70,71,83,86,88,92,103,104,110,118,119,120,122,123,129,130,132,140,151,157,162,165,167,169,170,172,178,179,180,181,183,185,187,190,191,193,198,10,17,37,106,138,139,145,149,168,174,176,182,195,197,199,
13to 1:6,8,12,15,16,17,20,22,23,24,26,35,36,42,43,45,49,53,55,57,59,65,66,69,74,76,78,84,88,94,95,98,100,105,108,110,111,114,116,118,119,120,123,129,131,141,142,147,149,153,156,157,160,168,169,173,174,180,181,182,183,185,189,194,198,32,56,60,82,83,124,134,186,
13to 2:8,10,11,15,17,18,19,22,23,24,26,37,41,42,43,46,49,52,54,56,61,66,68,74,85,88,94,96,100,102,103,105,108,110,116,120,123,136,137,139,141,146,147,153,155,156,157,160,164,166,167,170,171,172,174,175,179,183,184,185,186,189,197,199,4,12,60,82,83,126,158,165,
13to 3:7,8,10,11,14,15,19,20,22,23,24,27,37,41,42,44,46,49,53,56,57,62,67,71,74,77,80,81,85,92,94,95,101,108,110,111,113,116,118,119,120,122,123,128,131,137,141,142,147,148,153,157,160,170,172,173,180,181,183,184,185,187,189,191,192,197,199,5,60,66,83,84,124,138,158,165,169,
13to 4:7,9,10,15,23,27,29,30,33,41,42,43,44,46,47,53,55,56,59,65,70,73,74,78,80,85,87,92,94,95,100,101,102,106,108,109,111,114,115,116,118,122,126,136,137,141,142,145,149,153,156,157,159,162,166,167,170,172,174,175,178,179,180,189,192,197,199,60,66,83,84,128,138,151,177,183,186,195,
13to 5:6,11,14,15,20,22,23,24,26,28,30,31,33,37,43,45,46,50,54,55,56,57,59,65,69,70,71,74,78,92,93,94,95,98,101,108,110,113,114,116,117,118,121,123,128,129,131,136,137,138,139,148,149,151,157,160,169,172,174,178,180,181,183,188,192,193,197,5,12,18,60,77,82,107,126,134,158,165,
13to 6:2,6,8,11,12,14,15,18,20,21,22,24,25,28,33,44,47,49,54,55,57,62,67,69,70,71,74,77,78,82,93,95,98,100,104,108,110,116,122,123,131,134,147,148,149,153,156,158,162,166,167,169,170,174,179,180,181,182,183,185,187,194,197,5,56,60,66,84,87,124,126,128,138,163,189,
13to 7:5,8,9,11,14,15,17,19,20,21,24,33,34,35,42,43,45,49,54,57,61,62,63,68,74,80,81,82,83,87,92,94,98,101,102,104,108,110,111,114,116,119,121,122,123,126,128,132,136,137,140,145,149,150,156,163,166,170,171,174,175,177,181,186,188,193,197,198,6,10,56,107,165,
13to 8:6,7,8,9,10,11,14,15,20,21,27,30,41,42,43,45,46,50,55,56,57,62,63,65,66,69,71,73,74,76,80,81,85,87,88,94,95,96,98,103,108,110,115,117,119,120,123,129,132,136,138,139,141,145,146,149,151,159,160,165,166,167,170,173,175,180,181,183,184,185,186,189,192,194,197,198,199,4,59,107,163,
13to 9:2,11,15,20,21,25,27,30,35,41,45,46,50,54,55,59,60,62,63,73,83,85,93,94,95,98,100,108,110,114,115,116,117,119,123,126,131,134,137,138,141,151,153,156,157,158,159,163,164,167,168,174,177,179,180,181,182,186,189,192,197,12,77,84,175,183,198,
13to 10:5,8,11,15,17,21,24,25,39,41,44,46,47,55,56,62,63,68,71,74,78,88,94,98,108,111,114,116,117,123,129,139,142,147,148,153,156,157,158,159,162,164,170,172,173,174,179,180,185,188,192,197,198,23,60,77,83,107,126,138,163,165,168,
13to 11:7,15,19,20,26,30,37,43,46,47,53,55,58,60,62,64,65,68,69,76,77,78,83,84,88,93,94,95,98,101,103,110,111,115,116,117,123,126,128,129,137,138,141,142,153,157,158,159,162,169,175,179,180,184,185,186,188,197,198,199,4,10,66,67,74,124,163,
13to 12:5,7,8,10,11,13,14,15,17,19,20,21,22,27,30,33,37,41,42,43,45,46,47,53,54,56,63,65,68,69,71,77,78,80,83,87,93,94,95,98,100,104,108,109,110,113,116,117,118,119,123,129,134,141,145,146,156,157,160,162,163,164,165,166,174,177,179,180,181,184,186,12,32,60,74,128,151,158,168,169,183,188,198,
13to 13:
13to 14:5,6,9,11,12,15,17,19,24,26,28,37,41,46,47,50,54,55,60,62,65,67,74,78,80,81,85,93,94,96,98,100,103,104,113,114,116,117,123,131,136,139,153,158,164,165,168,173,179,180,182,184,185,188,192,194,199,18,23,56,58,77,83,84,177,196,
13to 15:2,7,8,9,13,15,17,20,22,25,26,30,33,37,44,45,47,58,59,77,78,80,85,87,88,93,94,95,100,101,108,110,111,114,118,119,120,122,126,129,132,134,136,137,138,149,151,156,157,160,165,167,169,170,171,172,174,179,182,186,188,189,197,5,10,56,60,71,128,158,163,183,198,
14to 1:1,2,3,6,8,9,17,19,22,23,24,32,34,41,42,49,50,55,56,64,69,72,76,83,86,88,90,92,97,101,103,105,107,109,114,119,120,122,125,131,134,135,138,139,147,149,151,156,157,161,168,169,174,175,182,183,184,185,191,192,194,195,196,199,200,38,47,58,67,112,113,171,
14to 2:11,12,14,19,24,28,30,33,35,41,51,55,56,60,61,63,78,83,84,85,86,90,95,101,106,109,114,115,116,120,121,123,125,131,132,135,137,138,146,147,150,151,153,156,161,165,167,170,176,182,183,184,185,188,189,193,199,6,38,46,58,127,187,196,
14to 3:1,5,10,11,14,19,20,24,30,31,33,41,42,44,54,56,60,61,64,69,77,80,83,88,92,98,101,105,106,109,114,119,120,122,123,136,137,138,139,140,141,146,160,164,165,166,168,173,177,183,184,185,188,189,191,192,199,46,58,67,112,113,127,135,147,181,187,
14to 4:7,8,9,11,12,15,17,19,26,30,38,41,42,44,46,47,49,53,54,55,58,59,60,63,65,68,69,74,78,80,83,85,88,92,94,97,98,101,102,105,107,109,116,117,119,120,122,125,132,135,136,137,139,141,145,146,147,149,153,156,157,159,165,166,174,177,178,180,182,183,191,194,195,196,198,199,200,67,87,95,100,112,113,127,130,164,181,
14to 5:8,9,11,12,14,15,17,24,26,28,30,31,35,39,41,43,51,55,60,69,77,78,80,88,90,92,93,97,101,103,106,107,109,117,119,120,125,127,131,134,135,136,141,149,151,153,156,157,161,166,167,169,175,178,180,182,183,185,188,191,192,193,195,196,198,45,46,58,87,95,99,130,194,
14to 6:2,5,6,7,8,9,11,17,19,20,24,31,41,44,48,49,52,58,61,67,69,71,74,76,78,85,92,93,101,103,104,109,115,117,119,122,125,127,136,139,146,148,149,153,159,163,165,166,169,171,175,179,180,181,183,184,185,189,191,192,194,195,198,95,112,137,
14to 7:1,8,9,10,11,12,15,19,30,41,50,54,55,61,63,69,71,78,84,86,88,98,101,102,103,106,109,114,117,119,122,123,136,137,147,149,150,153,156,161,164,165,168,169,171,175,178,184,186,188,193,194,195,200,45,47,87,95,112,172,192,
14to 8:6,8,9,10,12,15,17,19,30,35,43,46,47,50,55,56,64,78,81,84,85,88,92,94,98,101,106,109,114,119,122,123,125,131,138,145,149,151,163,165,168,176,179,180,181,182,183,184,186,188,193,194,199,100,111,127,171,172,187,192,
14to 9:6,12,15,19,31,32,35,36,41,45,47,48,49,54,55,56,58,60,61,69,72,80,84,85,88,94,97,98,101,102,105,107,112,114,116,123,127,138,139,141,146,150,151,153,159,161,165,167,171,175,176,180,181,182,183,189,192,194,196,198,26,46,64,95,130,135,137,172,178,
14to 10:1,7,8,9,11,12,14,15,17,18,23,30,36,39,41,46,48,54,56,58,60,61,65,69,80,81,83,84,92,94,98,103,105,107,112,113,114,115,116,127,132,133,147,159,160,161,163,165,168,169,173,175,176,178,180,184,185,188,191,192,195,198,199,67,137,187,
14to 11:6,7,9,11,17,19,23,28,30,31,35,37,38,39,44,46,47,49,55,58,59,60,65,67,71,77,78,86,92,94,95,99,101,105,114,119,120,122,123,125,131,139,146,147,153,159,163,165,169,178,183,184,186,188,189,191,193,194,199,45,64,187,192,196,
14to 12:7,10,11,12,19,24,30,31,32,41,46,48,49,51,53,54,58,59,60,62,63,69,77,78,80,84,86,88,90,92,94,98,106,109,110,112,113,117,119,123,130,131,138,146,147,151,153,156,166,167,183,184,185,186,191,194,198,38,45,111,178,181,187,192,
14to 13:4,6,7,8,11,12,14,17,20,30,34,41,42,44,45,47,48,55,56,60,61,69,76,84,94,98,105,106,109,113,114,115,116,117,120,121,122,123,134,136,138,141,146,147,153,156,157,158,159,165,166,171,179,180,183,184,186,191,192,193,194,198,199,26,46,100,172,
14to 14:
14to 15:2,5,7,9,11,14,19,20,22,24,26,30,32,36,37,42,44,45,47,48,49,54,55,56,58,72,79,85,86,90,92,95,101,102,104,106,107,112,117,119,120,122,123,136,138,151,157,159,161,163,169,171,176,178,180,182,183,185,188,191,192,194,195,199,87,100,130,137,172,184,
15to 1:2,10,11,15,17,19,32,34,37,39,41,43,45,54,55,56,58,61,65,72,82,83,86,88,90,92,94,95,101,108,110,111,114,119,120,123,132,135,137,140,143,144,146,153,154,156,157,159,162,166,167,168,169,172,173,175,176,182,183,186,189,191,194,195,196,47,57,71,93,97,138,147,161,
15to 2:10,19,22,35,39,42,43,52,56,58,61,65,66,68,71,83,85,86,87,88,89,90,95,96,97,100,103,108,110,114,116,119,123,126,132,139,144,146,151,154,156,160,165,168,170,171,172,174,181,182,192,193,195,197,199,4,16,36,45,47,48,50,104,196,
15to 3:8,9,10,11,14,20,23,27,31,35,39,41,42,44,58,60,61,65,72,73,77,85,90,92,103,105,106,111,113,114,116,120,122,123,128,129,130,131,132,135,136,137,138,143,144,160,165,168,169,170,171,172,178,183,185,186,4,45,46,57,71,78,80,93,101,104,112,146,
15to 4:2,10,11,17,18,19,22,25,26,27,35,42,46,47,55,56,58,65,66,68,70,73,83,87,88,92,94,95,107,108,111,112,113,114,120,122,128,131,132,138,140,144,145,147,151,156,157,159,160,162,165,171,172,176,178,179,180,181,182,186,189,194,196,198,199,45,50,78,84,97,127,146,
15to 5:5,9,11,14,15,20,25,26,28,30,36,37,39,43,45,55,58,75,90,93,94,101,102,105,107,110,112,117,120,123,128,130,136,137,139,144,148,149,154,156,157,158,160,161,166,168,169,172,174,178,180,182,183,185,190,192,196,197,199,50,57,61,71,78,79,92,95,97,104,122,184,
15to 6:2,5,7,8,14,17,20,23,25,28,33,36,38,41,42,44,46,47,56,58,59,61,64,72,77,78,79,86,87,89,93,95,96,97,98,100,107,110,112,119,120,123,126,128,129,131,134,136,139,140,144,148,151,154,156,162,165,168,169,170,174,175,176,178,180,183,184,186,187,193,197,4,26,48,84,92,122,138,146,179,
15to 7:8,9,11,15,17,19,20,24,25,35,37,38,39,42,45,46,48,54,55,56,58,63,79,80,82,92,96,97,102,103,111,116,122,123,126,128,129,132,136,137,138,139,144,145,146,147,149,154,156,158,160,161,162,163,165,170,174,175,177,181,183,184,185,186,189,190,193,194,199,4,10,26,78,93,112,114,127,200,
15to 8:2,5,8,9,11,26,27,30,31,39,42,43,45,48,50,55,56,58,63,71,72,83,85,87,88,92,94,95,97,100,102,105,108,114,123,126,132,138,139,140,144,145,146,149,151,154,157,160,166,169,170,173,174,181,182,183,186,191,193,194,198,199,10,57,84,179,
15to 9:11,15,19,21,23,25,26,27,30,33,35,36,38,46,47,48,50,55,63,70,71,72,77,82,88,91,96,98,100,102,103,106,110,112,114,123,126,128,137,138,139,144,145,146,159,163,165,173,174,177,178,182,183,189,199,10,45,80,84,95,97,104,161,197,200,
15to 10:2,5,8,14,15,17,25,31,36,37,39,44,47,50,54,56,58,63,64,71,72,78,83,88,92,95,96,97,100,102,105,107,108,111,113,114,117,119,120,123,126,129,130,131,136,137,138,139,140,142,144,147,148,153,156,158,159,161,162,163,169,170,171,172,174,183,184,185,186,188,199,93,
15to 11:9,10,11,15,20,26,39,45,46,58,68,72,74,77,78,79,83,86,88,90,94,96,103,107,111,114,119,120,122,123,126,131,132,137,138,142,143,145,146,149,156,159,161,162,169,178,179,186,190,191,193,199,47,71,92,95,147,
15to 12:7,9,10,13,14,20,26,27,30,32,36,37,39,41,42,45,46,54,55,56,58,63,65,71,73,77,78,79,86,90,92,94,96,100,101,105,110,113,116,117,128,130,132,133,134,136,139,142,145,147,153,156,157,159,161,162,163,171,177,178,183,184,185,194,199,102,138,146,160,
15to 13:2,7,8,9,10,11,20,24,25,26,32,33,34,39,41,42,47,55,56,58,67,73,83,87,92,94,95,98,100,101,102,105,108,113,114,116,120,124,126,128,131,132,137,138,140,142,145,153,156,157,158,159,160,162,165,170,173,181,183,185,186,189,192,193,194,195,45,50,57,71,93,146,179,184,
15to 14:2,8,9,10,11,14,17,28,30,35,38,41,50,52,55,56,58,60,78,80,83,86,94,95,97,98,100,103,105,106,107,110,119,120,123,132,134,136,137,139,145,146,153,159,161,165,169,171,174,175,176,181,182,183,184,185,187,191,192,193,194,195,198,48,61,84,92,104,112,127,135,138,147,
15to 15:

cell1:15,14,13,12,11,10,9,8,7,6,5,4,3,2,
cell2:15,14,13,12,11,10,9,8,7,6,5,4,3,1,
cell3:15,14,13,12,11,10,9,8,7,6,5,4,2,1,
cell4:15,14,13,12,11,10,9,8,7,6,5,3,2,1,
cell5:15,14,13,12,11,10,9,8,7,6,4,3,2,1,
cell6:15,14,13,12,11,10,9,8,7,5,4,3,2,1,
cell7:15,14,13,12,11,10,9,8,6,5,4,3,2,1,
cell8:15,14,13,12,11,10,9,7,6,5,4,3,2,1,
cell9:15,14,13,12,11,10,8,7,6,5,4,3,2,1,
cell10:15,14,13,12,11,9,8,7,6,5,4,3,2,1,
cell11:15,14,13,12,10,9,8,7,6,5,4,3,2,1,
cell12:15,14,13,11,10,9,8,7,6,5,4,3,2,1,
cell13:15,14,12,11,10,9,8,7,6,5,4,3,2,1,
cell14:15,13,12,11,10,9,8,7,6,5,4,3,2,1,
cell15:14,13,12,11,10,9,8,7,6,5,4,3,2,1,
