machine1:0,20,47,110,39,52,78,108,66,27,111,49,107,88,116,5,83,70,118,115,91,106,26,65,93,60,73,54,98,34,119,33,18,113,48,45,28,96,31,62,6,112,89,12,40,92,9,99,24,32,75,23,105,103,50,59,63,36,14,69,101,85,15,95,21,35,56,22,2,94,90,46,11,87,100,55,80,38,37,30,74,29,120,3,
machine2:0,110,52,78,108,66,27,111,107,88,5,83,70,115,26,65,93,60,54,119,113,48,45,28,31,6,112,89,12,40,9,99,24,75,105,50,59,63,36,14,69,101,85,15,95,21,35,22,2,94,46,11,87,100,55,80,38,37,30,74,29,120,3,
machine3:0,20,79,47,110,39,16,52,78,64,108,66,8,104,27,114,61,111,49,4,107,88,116,97,53,84,77,5,117,83,70,118,115,91,106,26,65,43,76,93,82,68,60,73,54,25,102,10,72,98,1,34,119,33,18,113,48,58,45,41,7,28,13,96,31,62,6,17,112,57,89,51,12,40,92,42,9,99,24,32,75,23,105,67,103,50,59,63,36,14,69,101,85,44,71,15,109,95,21,35,19,56,22,2,94,90,81,46,11,87,100,55,80,38,37,30,74,29,120,86,3,
machine4:0,52,78,27,107,5,83,70,26,93,54,119,28,6,112,89,12,9,99,24,75,105,63,36,101,95,35,22,94,11,87,100,55,80,38,37,30,74,29,3,
machine5:0,20,79,47,39,52,78,64,108,66,8,111,49,107,116,97,5,117,83,70,115,91,26,65,76,93,82,68,54,102,10,72,98,1,34,33,18,113,48,58,45,41,7,28,96,31,62,17,112,57,89,51,12,40,92,42,9,99,24,75,23,105,67,103,50,59,63,36,14,69,101,85,44,71,15,109,95,21,19,56,22,2,94,90,81,46,11,87,100,55,80,38,37,30,74,29,120,86,3,
machine6:0,8,111,5,117,70,102,34,7,112,12,92,9,75,67,36,14,71,15,109,2,90,81,46,11,87,100,55,80,37,30,74,29,120,86,
machine7:0,47,52,8,111,49,116,97,5,117,70,91,26,93,68,102,72,34,33,48,58,45,41,7,28,31,62,17,112,57,89,12,40,92,9,99,24,75,67,59,63,36,14,69,101,85,71,15,109,95,21,19,56,2,90,81,46,11,87,100,55,80,38,37,30,74,29,120,86,
machine8:0,47,52,64,66,8,111,49,116,97,5,117,83,70,115,91,26,65,93,68,102,72,34,33,18,48,58,45,41,7,28,31,62,17,112,57,89,12,40,92,42,9,99,24,75,23,105,67,103,50,59,63,36,14,69,101,85,44,71,15,109,95,21,19,56,22,2,90,81,46,11,87,100,55,80,38,37,30,74,29,120,86,
machine9:0,47,52,8,111,116,97,5,117,70,91,102,34,33,48,58,41,7,28,31,62,112,57,89,12,40,92,9,99,75,67,59,63,36,14,71,15,109,95,19,56,2,90,81,46,11,87,100,55,80,38,37,30,74,29,120,86,
machine10:0,47,39,52,78,64,104,27,114,61,111,4,88,116,77,5,70,118,115,91,106,26,43,76,93,82,60,73,54,25,10,72,98,1,34,119,18,113,48,58,45,41,7,28,13,96,31,62,6,57,89,51,12,92,42,9,99,24,32,75,23,105,67,103,50,59,63,36,14,69,101,85,44,71,15,109,95,21,35,19,56,22,2,90,81,46,11,87,100,55,80,38,37,30,74,29,120,86,
machine11:0,39,52,78,64,104,27,111,88,77,5,115,91,106,26,43,76,93,73,25,10,72,1,18,48,58,45,7,28,6,57,89,51,12,42,9,99,24,32,75,23,105,59,63,36,14,85,44,71,15,95,21,19,22,2,90,81,46,11,87,55,80,38,37,30,74,29,120,86,
machine12:0,52,27,5,91,106,26,76,93,25,1,18,48,7,57,9,99,32,59,63,36,14,71,95,21,22,90,81,87,55,80,38,37,30,74,120,86,
machine13:0,20,79,47,16,78,64,108,66,8,27,111,49,4,107,84,77,5,83,70,118,115,91,106,26,65,93,82,68,60,73,54,102,10,72,98,1,34,119,113,48,58,45,7,28,13,17,112,57,89,12,40,42,9,24,32,23,105,67,103,59,63,36,14,69,101,15,109,95,21,35,56,2,94,90,81,46,11,87,100,55,80,38,37,30,29,120,86,3,
machine14:0,20,79,47,66,8,27,111,49,107,84,77,5,70,118,115,91,106,26,93,82,68,60,54,102,98,34,119,58,45,7,13,17,57,89,40,9,24,32,23,105,103,59,63,36,69,15,21,35,56,81,46,11,87,100,55,80,38,30,29,120,
machine15:0,66,8,27,111,49,84,77,70,118,91,26,93,82,68,102,98,34,45,13,89,105,103,63,69,21,35,81,46,87,100,80,38,30,29,120,
machine16:0,47,108,27,97,53,77,70,115,91,106,26,43,93,10,98,34,113,48,58,45,41,96,40,42,9,99,32,105,63,36,14,69,44,71,15,109,95,21,35,19,56,90,81,100,55,80,74,29,120,
machine17:0,20,79,47,110,39,78,108,66,8,104,27,114,49,4,107,116,97,53,77,5,83,70,115,91,106,26,65,43,93,68,73,54,102,10,72,98,1,34,119,33,113,48,58,45,41,7,28,96,112,57,89,51,12,40,92,42,9,99,32,23,105,67,50,63,36,14,69,85,44,71,15,109,95,21,35,19,56,22,94,90,81,46,87,100,55,80,38,37,30,74,29,120,86,
machine18:0,52,66,27,114,61,111,49,4,107,97,53,5,91,106,26,43,93,82,73,25,102,10,98,18,113,48,58,45,28,13,96,31,112,57,89,40,42,9,99,32,105,103,50,59,63,36,14,69,101,85,71,15,109,95,21,19,56,2,94,90,81,46,11,87,55,80,38,37,30,74,29,120,
machine19:0,114,61,111,107,97,5,91,106,26,93,82,25,102,113,45,28,13,96,31,89,40,9,105,103,50,59,63,36,14,69,15,109,95,21,19,56,2,94,90,81,46,11,87,55,80,38,37,30,74,29,120,
machine20:0,39,52,66,104,27,114,61,111,49,4,107,116,97,53,5,70,91,106,26,43,93,82,73,54,25,102,10,98,34,18,113,48,58,45,28,13,96,31,62,17,112,57,89,40,42,9,99,32,75,23,105,103,50,59,63,36,14,69,101,85,71,15,109,95,21,35,19,56,22,2,94,90,81,46,11,87,100,55,80,38,37,30,74,29,120,86,3,
machine21:0,61,5,106,26,93,25,102,113,45,31,89,40,9,105,50,59,69,15,109,95,21,19,56,2,81,46,11,87,55,80,38,37,30,74,29,120,
machine22:0,16,66,104,111,49,107,116,97,53,84,5,70,26,76,82,68,60,73,72,34,119,33,48,58,45,41,28,13,31,6,112,57,89,51,12,92,42,9,99,24,32,75,23,105,103,50,59,63,36,14,69,101,85,44,15,109,21,35,19,56,94,90,81,46,11,87,100,55,80,38,37,30,74,29,120,
machine23:0,16,66,111,49,107,116,84,5,26,76,68,73,72,34,119,33,48,58,45,28,31,6,112,57,89,92,42,9,99,24,32,23,103,59,63,36,69,15,109,21,35,19,56,94,81,46,11,87,100,55,80,38,30,74,29,120,
machine24:0,110,16,64,66,8,104,114,61,111,49,4,107,88,116,97,53,84,77,5,117,70,115,91,26,65,43,76,82,68,60,73,25,102,10,72,1,34,119,33,113,48,58,45,41,28,13,31,6,17,112,57,89,51,12,40,92,42,9,99,24,32,75,23,105,67,103,50,59,63,36,14,69,101,85,44,71,15,109,95,21,35,19,56,22,2,94,90,81,46,11,87,100,55,80,38,37,30,74,29,120,
machine25:0,107,26,68,34,33,48,58,28,57,89,92,9,24,32,103,59,63,36,69,15,35,19,46,87,100,55,38,30,29,

1to 1:
1to 2:20,76,108,33,17,72,85,90,112,55,59,36,29,
1to 3:51,4,18,54,62,106,44,71,32,42,19,35,21,105,30,
1to 4:118,3,77,86,13,119,57,49,23,14,70,46,91,111,
1to 5:114,73,92,115,67,10,7,47,50,94,15,22,28,74,38,
1to 6:43,104,96,102,101,75,99,103,98,27,81,11,95,40,63,80,37,
1to 7:110,84,53,65,25,60,41,6,1,12,24,82,31,2,100,58,113,69,120,56,87,
2to 1:3,117,83,97,18,52,62,10,7,107,75,34,57,98,2,109,11,46,89,87,9,74,38,
2to 2:
2to 3:76,64,41,47,116,101,50,99,85,23,28,70,111,29,
2to 4:79,20,108,78,1,102,68,15,95,63,58,69,80,59,36,120,37,48,
2to 5:65,33,96,54,72,44,49,5,40,93,21,
2to 6:39,94,100,112,26,56,
2to 7:51,115,67,8,66,103,19,55,91,45,105,30,
3to 1:88,64,92,13,47,72,24,82,31,27,22,23,70,113,69,111,59,56,
3to 2:39,78,54,115,75,57,98,81,95,21,37,9,
3to 3:
3to 4:60,12,103,90,109,55,87,
3to 5:86,104,1,106,34,85,71,42,100,46,91,80,26,105,48,
3to 6:61,114,4,73,52,62,10,116,50,15,5,28,14,58,93,45,120,89,30,
3to 7:77,43,32,35,63,38,
4to 1:65,67,79,66,60,102,101,12,78,5,68,32,63,
4to 2:47,64,7,107,45,34,10,8,87,11,100,30,105,
4to 3:86,77,118,72,26,89,119,1,15,36,24,58,2,82,14,46,91,38,93,
4to 4:
4to 5:55,83,29,4,69,98,27,35,120,
4to 6:90,54,21,42,113,109,48,
4to 7:16,57,80,81,17,13,9,28,37,23,94,70,
5to 1:110,20,77,108,41,104,96,116,100,35,40,93,80,37,48,30,
5to 2:79,83,86,51,92,12,66,94,23,28,109,14,26,
5to 3:39,43,78,115,67,10,7,57,98,27,81,120,56,9,
5to 4:8,106,42,112,113,21,45,89,
5to 5:
5to 6:34,71,22,19,70,55,91,69,36,29,87,74,38,
5to 7:97,73,102,107,72,119,68,50,99,44,85,49,90,15,5,95,46,
6to 1:86,85,39,17,54,36,106,55,49,120,
6to 2:3,5,103,42,101,18,82,99,52,93,89,31,19,80,
6to 3:100,25,96,13,37,11,113,48,
6to 4:9,32,107,73,40,28,94,2,105,
6to 5:53,81,14,97,43,95,66,63,57,90,58,56,112,45,
6to 6:
6to 7:109,29,61,4,114,75,116,22,34,71,26,111,59,74,
7to 1:19,21,99,114,42,26,81,112,29,51,91,8,16,45,61,14,90,76,119,33,105,44,
7to 2:48,41,15,97,58,102,38,113,71,69,22,63,68,1,65,117,24,40,50,111,
7to 3:92,59,74,103,95,104,73,88,6,
7to 4:66,64,4,67,56,34,10,115,11,5,101,84,
7to 5:12,87,109,70,32,89,36,116,30,9,
7to 6:82,53,46,2,23,107,17,31,25,49,35,
7to 7:

cell1:7,4,5,2,3,6,
cell2:5,3,1,4,7,6,
cell3:1,2,6,4,7,5,
cell4:1,3,2,7,5,6,
cell5:2,7,3,1,4,6,
cell6:5,1,2,3,4,7,
cell7:3,6,5,4,2,1,
