machine1:0,9,6,11,1,4,7,5,3,14,2,13,8,10,12,
machine2:0,9,11,1,7,3,14,13,8,10,
machine3:0,9,6,11,1,4,7,5,3,14,2,13,8,10,12,
machine4:0,9,3,14,10,
machine5:0,9,6,1,4,7,5,3,14,2,13,8,12,
machine6:0,6,1,4,5,14,2,13,8,12,
machine7:0,9,6,11,1,4,7,5,3,14,2,13,8,12,
machine8:0,6,1,4,5,14,13,8,
machine9:0,9,6,11,1,4,7,8,12,
machine10:0,9,6,11,1,7,8,
machine11:0,9,6,11,1,4,7,3,13,8,10,12,
machine12:0,9,6,

1to 1:
1to 2:2,5,14,11,8,
1to 3:10,6,9,12,
2to 1:6,9,7,1,12,
2to 2:
2to 3:3,11,4,13,
3to 1:13,3,4,8,
3to 2:1,7,
3to 3:

cell1:2,3,
cell2:3,1,
cell3:2,1,
