machine1:0,76,81,142,12,143,66,59,72,108,11,30,20,85,123,135,140,33,44,93,49,87,61,53,115,41,101,111,7,113,125,103,57,19,104,9,122,117,65,92,149,119,82,70,96,88,132,118,48,29,147,62,25,114,10,13,130,40,27,42,17,89,137,126,5,24,22,150,129,124,127,121,146,35,105,109,6,138,83,73,1,45,4,98,77,128,56,112,34,131,8,106,
machine2:0,51,76,81,36,46,142,79,75,12,120,143,66,37,59,72,15,108,110,11,97,30,20,148,85,123,135,63,134,140,33,44,93,49,87,139,61,141,99,53,115,41,101,111,7,113,125,103,64,57,52,19,32,104,69,9,122,116,117,65,3,92,149,80,136,119,82,145,38,70,23,96,26,31,88,107,132,118,48,29,50,147,62,25,21,2,114,68,71,90,39,55,10,13,130,16,78,40,86,27,144,42,17,14,47,89,137,126,28,60,5,133,24,22,150,129,58,124,54,95,127,121,84,146,35,100,43,105,91,109,94,6,138,83,73,1,45,4,98,77,102,74,18,128,56,112,67,34,131,8,106,
machine3:0,81,59,72,108,85,134,93,139,61,99,53,115,113,125,19,32,122,65,80,136,70,23,96,31,88,132,29,50,25,21,2,71,39,10,16,40,27,14,28,60,22,150,129,124,54,95,146,35,100,105,94,138,83,73,1,4,102,74,18,56,112,34,131,8,106,
machine4:0,51,81,142,75,143,59,72,15,108,110,148,85,135,134,140,33,44,93,139,61,99,53,115,101,7,113,125,103,52,19,32,104,69,9,122,116,65,92,149,80,136,82,145,38,70,23,96,31,88,132,29,50,25,21,2,114,71,39,10,13,16,40,86,27,42,17,14,47,89,137,126,28,60,5,133,22,150,129,124,54,95,127,121,84,146,35,100,105,91,109,94,6,138,83,73,1,45,4,98,77,102,74,18,128,56,112,67,34,131,8,106,
machine5:0,81,36,46,142,79,120,66,37,59,72,15,110,11,97,20,148,85,123,63,134,140,49,87,61,141,99,53,115,41,101,111,113,125,103,64,57,52,19,32,104,69,9,122,116,117,65,3,92,149,80,119,82,145,38,70,23,96,26,31,88,107,132,118,48,29,50,147,25,21,2,68,71,90,39,55,10,13,130,16,78,40,86,27,144,42,17,14,47,89,137,28,60,5,133,24,22,150,129,58,124,54,95,127,121,84,146,35,100,43,105,109,94,6,138,83,73,1,45,4,98,77,102,74,18,128,56,112,67,34,131,8,106,
machine6:0,81,46,142,79,37,59,72,15,97,20,85,63,134,49,87,61,141,99,53,115,41,113,125,103,57,52,19,104,69,9,122,3,92,149,119,82,38,70,23,96,26,31,88,132,118,48,29,50,25,21,2,71,39,55,10,130,40,86,27,144,42,17,89,137,28,60,5,133,24,22,150,129,58,124,95,127,121,84,146,35,100,43,105,109,6,83,1,45,4,98,77,102,74,18,56,112,34,131,8,106,
machine7:0,59,15,63,53,115,125,103,52,19,104,9,122,92,149,119,82,38,96,132,118,29,71,27,17,137,28,60,5,22,95,35,43,109,83,1,45,98,77,74,18,56,112,34,131,106,
machine8:0,51,76,81,79,12,66,37,59,15,108,110,11,97,20,123,135,63,33,44,93,49,87,139,141,53,115,41,101,111,7,113,125,103,64,57,52,19,32,104,69,9,122,117,65,3,92,149,136,119,82,145,38,70,23,96,26,31,88,107,132,118,29,62,25,21,2,114,68,71,90,39,55,10,13,130,16,78,40,86,27,144,42,17,14,47,89,137,126,28,60,5,133,24,22,150,129,58,124,54,95,127,121,84,146,100,43,105,91,109,94,6,138,83,73,1,45,4,98,77,102,74,18,128,56,112,67,34,131,8,106,
machine9:0,51,76,81,12,66,59,15,108,11,20,135,63,93,87,139,141,53,115,7,113,125,103,64,57,19,32,104,69,9,122,117,65,3,92,149,136,119,82,70,23,31,88,132,118,25,21,2,68,71,90,39,10,13,130,16,78,40,86,27,144,42,17,14,47,89,137,126,28,60,5,133,24,22,150,129,124,54,95,127,121,146,43,105,91,109,94,6,138,83,73,1,45,4,98,77,102,74,18,128,56,112,67,131,8,106,
machine10:0,51,81,15,63,87,53,115,7,113,103,57,32,104,69,119,88,118,25,68,71,39,10,27,144,42,17,14,47,137,28,60,5,150,129,54,121,146,43,105,109,6,83,73,45,4,98,77,102,74,128,112,67,131,8,106,
machine11:0,51,81,36,75,120,143,66,59,72,108,110,11,135,140,93,49,139,99,53,101,7,113,125,103,19,104,69,122,117,65,92,80,38,70,96,26,31,88,132,48,21,68,71,55,10,13,16,78,40,86,144,17,47,89,137,60,150,129,95,121,35,100,43,105,6,138,73,45,74,56,34,8,
machine12:0,51,76,81,36,46,75,120,143,66,59,72,108,110,11,97,148,123,135,63,134,140,44,93,49,87,139,61,141,99,53,115,101,7,113,125,103,64,19,104,69,9,122,117,65,92,80,136,119,145,38,70,23,96,26,31,88,132,118,48,50,147,62,25,21,2,114,68,71,90,39,55,10,13,130,16,78,40,86,144,42,17,14,47,89,137,126,28,60,133,22,150,129,58,124,95,121,84,146,35,100,43,105,91,109,94,6,138,73,1,45,4,77,102,74,18,56,112,67,34,131,8,106,
machine13:0,51,76,81,36,46,79,75,12,120,143,66,37,72,15,108,110,11,30,20,148,123,135,63,134,33,93,49,87,139,61,141,99,53,115,101,111,113,125,103,64,52,19,32,104,69,9,122,116,117,3,92,80,136,119,82,145,38,26,31,88,107,132,118,48,29,50,147,62,25,21,2,114,68,71,90,39,55,10,13,130,16,78,40,86,27,144,42,17,14,47,89,137,126,28,60,5,133,24,22,150,129,58,124,54,95,127,121,84,35,100,43,105,91,109,6,138,83,73,1,45,4,98,102,74,18,128,56,112,67,34,131,8,106,
machine14:0,76,81,120,37,72,108,110,11,30,20,63,134,33,93,87,139,141,53,115,113,103,52,19,104,9,122,116,3,92,80,82,38,26,31,107,132,118,48,29,50,147,62,25,21,114,68,71,90,55,13,130,16,78,40,27,144,42,17,14,47,89,137,126,28,60,133,24,22,150,129,58,124,54,95,127,35,100,43,105,91,109,6,138,83,73,1,45,4,98,102,74,18,128,56,112,67,34,131,8,106,
machine15:0,81,120,72,11,30,63,134,87,141,113,104,122,92,80,82,26,107,132,48,29,50,147,62,25,21,68,71,55,13,16,78,40,144,42,17,14,47,89,137,126,28,60,133,24,22,150,129,58,124,127,35,100,43,105,91,109,6,138,83,73,1,45,98,102,74,18,56,112,67,131,8,106,

1to 1:
1to 2:17,22,23,27,33,44,51,56,80,113,125,127,128,137,143,146,
1to 3:10,11,13,14,35,36,37,40,41,42,46,50,55,57,59,63,66,67,70,73,84,98,100,103,104,110,111,116,120,134,144,
1to 4:1,3,12,21,24,25,28,29,31,34,54,76,81,82,89,92,93,95,97,101,107,108,122,123,131,133,149,
1to 5:16,26,38,47,60,61,68,69,71,74,78,90,91,94,109,118,124,126,129,130,135,138,140,148,
1to 6:2,9,18,19,20,48,53,64,75,87,88,99,102,106,115,141,145,
2to 1:84,133,135,102,92,109,8,142,9,10,45,73,21,53,100,116,94,126,124,40,1,131,
2to 2:
2to 3:31,61,85,52,39,106,4,34,99,127,2,140,148,145,60,86,
2to 4:19,70,114,15,125,113,91,104,138,65,47,
2to 5:134,14,143,150,103,51,121,132,7,105,115,72,75,96,77,50,35,136,146,59,
2to 6:137,112,129,82,5,93,6,32,17,25,27,74,56,110,83,89,29,128,16,95,33,139,42,54,
3to 1:119,146,115,2,43,71,82,89,137,132,145,90,86,147,54,77,99,140,122,80,85,69,113,
3to 2:14,109,15,16,59,92,32,13,38,142,138,149,88,
3to 3:
3to 4:10,56,96,37,83,98,57,27,118,106,68,117,111,49,129,11,20,23,105,5,121,124,79,
3to 5:18,95,8,58,131,133,9,100,40,6,65,31,112,25,110,120,63,22,97,101,87,53,104,45,42,
3to 6:46,72,28,148,34,21,39,107,67,123,50,81,4,150,36,52,103,66,125,47,134,1,
4to 1:4,7,18,23,26,27,32,41,44,51,59,63,68,96,104,106,112,114,117,127,141,
4to 2:2,5,6,9,25,29,31,39,40,42,52,53,60,67,71,74,83,84,86,100,101,102,103,110,121,122,124,129,132,135,139,150,
4to 3:3,8,17,21,24,28,45,47,64,65,69,77,94,109,115,119,125,128,130,131,146,149,
4to 4:
4to 5:1,10,13,19,43,49,62,66,70,76,81,88,89,93,108,145,
4to 6:11,15,22,37,38,55,58,73,78,79,90,91,92,98,105,113,126,136,144,
5to 1:17,19,25,34,35,36,39,48,49,56,58,62,65,66,67,70,75,95,97,101,121,125,134,139,150,
5to 2:28,45,61,73,81,99,106,112,114,133,
5to 3:1,23,38,43,72,74,80,88,96,102,105,117,123,132,138,141,
5to 4:2,4,6,7,16,18,22,44,55,64,77,78,84,87,94,110,130,136,137,144,
5to 5:
5to 6:8,10,13,14,26,31,60,63,68,69,71,86,100,108,109,118,119,120,122,131,147,
6to 1:81,42,129,83,47,144,72,22,74,55,130,16,13,91,15,136,138,61,148,105,107,12,79,6,52,123,143,111,24,38,30,76,5,93,3,
6to 2:104,8,18,98,35,115,69,126,108,116,50,
6to 3:133,53,89,29,56,95,118,90,9,101,20,19,58,54,82,26,124,87,49,121,122,78,147,48,
6to 4:14,40,71,150,127,45,17,86,67,112,43,51,135,32,132,60,145,88,103,33,128,62,119,
6to 5:137,28,4,11,80,113,73,141,92,117,102,21,114,139,34,39,84,64,46,
6to 6:

cell1:6,5,4,3,2,
cell2:4,5,1,3,6,
cell3:1,6,5,4,2,
cell4:6,5,3,2,1,
cell5:6,4,3,2,1,
cell6:2,5,4,1,3,
