machine1:0,76,41,149,70,142,9,108,24,127,12,35,30,93,72,25,130,61,48,143,19,29,13,109,85,66,111,42,123,1,33,44,147,20,113,6,131,135,65,92,140,106,125,119,105,11,132,49,101,96,88,115,57,117,7,62,126,114,87,22,104,53,17,83,73,98,82,5,81,146,150,4,27,121,122,103,138,10,118,59,124,56,77,129,45,89,137,8,40,128,34,112,
machine2:0,76,41,120,51,3,149,38,70,50,84,46,134,142,9,79,75,108,24,127,68,36,12,35,141,30,93,72,25,130,61,48,37,143,19,94,29,13,26,116,15,63,109,97,85,66,111,144,102,42,148,69,123,28,110,55,1,33,44,64,78,74,100,147,20,113,6,131,135,65,52,136,92,140,80,106,125,119,105,11,132,49,101,96,145,88,107,139,115,57,117,90,23,60,86,7,62,32,126,114,87,22,39,104,43,53,21,58,31,18,17,83,73,98,82,5,81,16,146,150,4,99,27,121,122,91,2,47,95,103,138,10,118,59,124,56,77,129,54,71,45,14,89,137,8,40,133,128,34,112,67,
machine3:0,70,50,134,108,35,93,72,25,61,19,94,29,85,102,28,1,74,100,113,131,65,136,80,106,125,105,132,96,88,139,115,23,60,32,22,39,53,21,31,18,83,73,81,16,146,150,4,99,27,122,2,95,138,10,59,124,56,129,54,71,14,8,40,34,112,
machine4:0,51,149,38,70,50,84,134,142,9,75,108,127,35,93,72,25,61,143,19,94,29,13,116,15,109,85,102,42,148,69,28,110,1,33,44,74,100,113,6,131,135,65,52,136,92,140,80,106,125,105,132,101,96,145,88,139,115,23,60,86,7,32,126,114,22,39,104,53,21,31,18,17,83,73,98,82,5,81,16,146,150,4,99,27,121,122,91,2,47,95,103,138,10,59,124,56,77,129,54,71,45,14,89,137,8,40,133,128,34,112,67,
machine5:0,41,120,3,149,38,70,50,84,46,134,142,9,79,24,127,68,36,35,141,72,25,130,61,48,37,19,94,29,13,26,116,15,63,109,97,85,66,111,144,102,42,148,69,123,28,110,55,1,64,78,74,100,147,20,113,6,131,65,52,92,140,80,106,125,119,105,11,132,49,101,96,145,88,107,115,57,117,90,23,60,86,32,87,22,39,104,43,53,21,58,31,18,17,83,73,98,82,5,81,16,146,150,4,99,27,121,122,2,47,95,103,138,10,118,59,124,56,77,129,54,71,45,14,89,137,8,40,133,128,34,112,67,
machine6:0,41,3,149,38,70,50,84,46,134,142,9,79,24,127,35,141,72,25,130,61,48,37,19,29,26,15,63,109,97,85,144,102,42,69,28,55,1,74,100,20,113,6,131,52,92,106,125,119,105,132,49,96,88,115,57,23,60,86,87,22,39,104,43,53,21,58,31,18,17,83,98,82,5,81,146,150,4,99,27,121,122,2,95,103,10,118,59,124,56,77,129,71,45,89,137,8,40,133,34,112,
machine7:0,149,38,9,35,19,29,15,63,109,28,1,74,131,52,92,106,125,119,132,96,115,60,22,104,43,53,18,17,83,98,82,5,27,122,95,103,118,59,56,77,71,45,137,34,112,
machine8:0,76,41,51,3,149,38,70,84,9,79,108,24,127,68,12,141,93,25,130,37,19,94,29,13,26,15,63,109,97,66,111,144,102,42,69,123,28,110,55,1,33,44,64,78,74,100,20,113,6,131,135,65,52,136,92,106,125,119,105,11,132,49,101,96,145,88,107,139,115,57,117,90,23,60,86,7,62,32,126,114,87,22,39,104,43,53,21,58,31,18,17,83,73,98,82,5,81,16,146,150,4,27,121,122,91,2,47,95,103,138,10,118,59,124,56,77,129,54,71,45,14,89,137,8,40,133,128,34,112,67,
machine9:0,76,51,3,149,70,9,108,24,127,68,12,141,93,25,130,19,94,13,15,63,109,66,144,102,42,69,28,1,64,78,74,20,113,6,131,135,65,136,92,106,125,119,105,11,132,88,139,115,57,117,90,23,60,86,7,32,126,87,22,39,104,43,53,21,31,18,17,83,73,98,82,5,81,16,146,150,4,27,121,122,91,2,47,95,103,138,10,118,59,124,56,77,129,54,71,45,14,89,137,8,40,133,128,112,67,
machine10:0,51,68,25,15,63,109,144,102,42,69,28,74,113,6,131,106,119,105,88,115,57,60,7,32,87,39,104,43,53,17,83,73,98,5,81,146,150,4,27,121,47,103,10,118,77,129,54,71,45,14,137,8,128,112,67,
machine11:0,120,51,38,70,75,108,68,36,35,93,72,48,143,19,13,26,66,144,69,110,55,78,74,100,113,6,135,65,92,140,80,125,105,11,132,49,101,96,88,139,117,60,86,7,104,43,53,21,31,17,73,81,16,150,99,121,122,47,95,103,138,10,59,56,129,71,45,89,137,8,40,34,
machine12:0,76,120,51,38,70,50,84,46,134,9,75,108,68,36,35,141,93,72,25,130,61,48,143,19,94,13,26,63,109,97,66,144,102,42,148,69,123,28,110,55,1,44,64,78,74,100,147,113,6,131,135,65,136,92,140,80,106,125,119,105,11,132,49,101,96,145,88,139,115,117,90,23,60,86,7,62,126,114,87,22,39,104,43,53,21,58,31,18,17,73,81,16,146,150,4,99,121,122,91,2,47,95,103,138,10,118,59,124,56,77,129,71,45,14,89,137,8,40,133,34,112,67,
machine13:0,76,120,51,3,38,50,84,46,134,9,79,75,108,24,127,68,36,12,35,141,30,93,72,25,130,61,48,37,143,19,29,13,26,116,15,63,109,66,111,144,102,42,148,69,123,28,110,55,1,33,64,78,74,100,147,20,113,6,131,135,52,136,92,80,106,125,119,105,11,132,49,101,145,88,107,139,115,117,90,60,86,62,32,126,114,87,22,39,104,43,53,21,58,31,18,17,83,73,98,82,5,81,16,150,4,99,27,121,122,91,2,47,95,103,138,10,118,124,56,129,54,71,45,14,89,137,8,40,133,128,34,112,67,
machine14:0,76,120,3,38,50,134,9,108,24,127,68,35,141,30,93,72,25,130,48,37,19,29,13,26,116,63,109,144,102,42,28,110,55,1,33,78,74,100,147,20,113,6,131,52,92,80,106,105,11,132,107,139,115,90,60,62,126,114,87,22,104,43,53,21,58,31,18,17,83,73,98,82,81,16,150,4,27,122,91,47,95,103,138,118,124,56,129,54,71,45,14,89,137,8,40,133,128,34,112,67,
machine15:0,120,50,134,24,127,68,35,141,30,72,25,48,29,13,26,63,109,144,102,42,28,55,1,78,74,100,147,113,6,131,92,80,106,105,11,132,107,60,62,126,87,22,104,43,21,58,18,17,83,73,98,82,81,16,150,122,91,47,138,124,56,129,71,45,14,89,137,8,40,133,112,67,

1to 1:
1to 2:17,22,23,27,33,44,51,56,80,113,125,127,128,137,143,146,
1to 3:10,11,13,14,35,36,37,40,41,42,46,50,55,57,59,63,66,67,70,73,84,98,100,103,104,110,111,116,120,134,144,
1to 4:1,3,12,21,24,25,28,29,31,34,54,76,81,82,89,92,93,95,97,101,107,108,122,123,131,133,149,
1to 5:16,26,38,47,60,61,68,69,71,74,78,90,91,94,109,118,124,126,129,130,135,138,140,148,
1to 6:2,9,18,19,20,48,53,64,75,87,88,99,102,106,115,141,145,
2to 1:142,116,135,84,92,9,94,126,21,100,102,53,109,124,1,133,10,40,131,45,8,73,
2to 2:
2to 3:85,140,148,61,52,86,145,99,39,127,2,60,31,34,4,106,
2to 4:114,15,70,65,91,113,47,125,19,138,104,
2to 5:143,7,75,134,51,96,136,77,50,132,105,121,59,14,72,35,103,150,146,115,
2to 6:33,32,93,82,139,110,54,29,5,25,16,128,17,83,95,89,112,42,56,129,137,6,27,74,
3to 1:122,69,71,113,80,77,99,115,137,54,89,132,86,140,147,85,145,146,90,2,43,82,119,
3to 2:138,88,59,38,13,149,92,16,109,32,14,142,15,
3to 3:
3to 4:129,124,121,105,5,11,106,27,23,49,98,20,68,83,118,79,117,56,111,10,57,96,37,
3to 5:45,104,42,22,31,53,112,131,6,63,25,40,87,8,110,133,101,100,65,18,97,9,120,95,58,
3to 6:1,125,47,4,103,150,81,67,66,50,34,134,28,52,39,21,36,72,123,107,148,46,
4to 1:41,44,141,26,7,117,32,51,114,96,23,68,127,63,59,112,27,4,106,18,104,
4to 2:135,101,52,139,84,110,9,86,39,29,5,25,100,2,132,102,121,122,53,83,60,124,103,42,129,150,40,31,6,74,67,71,
4to 3:64,3,149,119,65,24,94,130,21,77,128,69,47,125,17,109,146,28,131,115,45,8,
4to 4:
4to 5:76,93,70,66,62,49,145,13,43,108,81,89,19,1,88,10,
4to 6:79,37,15,78,90,136,92,58,91,126,113,55,11,38,144,105,98,22,73,
5to 1:36,97,48,101,75,134,70,139,66,62,49,65,58,39,25,121,125,17,95,19,35,56,150,34,67,
5to 2:61,114,99,81,112,133,106,28,45,73,
5to 3:123,141,117,96,23,80,43,38,132,102,105,72,1,88,138,74,
5to 4:44,64,7,78,87,136,84,110,94,130,55,16,77,144,2,137,22,6,4,18,
5to 5:
5to 6:120,26,147,119,86,68,13,118,108,100,63,69,122,14,109,60,10,31,131,71,8,
6to 1:81,42,129,83,47,144,72,22,74,55,130,16,13,91,15,136,138,61,148,105,107,12,79,6,52,123,143,111,24,38,30,76,5,93,3,
6to 2:104,8,18,98,35,115,69,126,108,116,50,
6to 3:133,53,89,29,56,95,118,90,9,101,20,19,58,54,82,26,124,87,49,121,122,78,147,48,
6to 4:14,40,71,150,127,45,17,86,67,112,43,51,135,32,132,60,145,88,103,33,128,62,119,
6to 5:137,28,4,11,80,113,73,141,92,117,102,21,114,139,34,39,84,64,46,
6to 6:

cell1:6,5,4,3,2,
cell2:3,5,4,6,1,
cell3:5,2,6,4,1,
cell4:1,6,5,2,3,
cell5:1,4,3,6,2,
cell6:2,5,4,1,3,
