machine1:0,76,59,41,19,149,70,53,40,142,113,12,92,9,24,127,108,143,35,30,48,130,61,93,42,13,29,88,104,72,85,81,11,66,111,65,123,135,140,115,33,44,25,20,147,87,57,7,49,103,125,89,17,6,122,119,117,1,105,101,98,131,128,109,96,118,10,132,62,114,22,82,129,146,121,137,83,5,126,106,150,73,27,4,138,45,77,56,124,8,34,112,
machine2:0,51,76,55,59,41,19,149,3,70,84,53,40,46,141,142,113,79,75,12,92,9,24,127,108,143,36,35,30,120,48,130,50,38,61,93,42,37,94,13,148,26,21,74,29,116,88,15,104,72,97,85,81,11,69,66,111,28,144,134,65,68,123,135,140,110,78,115,33,64,44,25,20,102,139,60,147,63,87,100,31,57,7,49,103,32,125,136,89,17,6,122,80,23,119,117,1,105,101,52,98,131,145,107,128,14,90,109,18,96,118,86,91,10,132,99,62,47,114,22,71,16,82,39,129,146,2,58,121,137,83,5,126,106,150,43,73,54,95,27,4,138,45,77,56,67,124,133,8,34,112,
machine3:0,59,19,70,53,40,113,108,35,50,61,93,94,21,74,29,88,72,85,81,28,134,65,115,25,102,139,60,100,31,32,125,136,122,80,23,1,105,131,14,18,96,10,132,99,22,71,16,39,129,146,2,83,106,150,73,54,95,27,4,138,56,124,8,34,112,
machine4:0,51,59,19,149,70,84,53,40,142,113,75,92,9,127,108,143,35,50,38,61,93,42,94,13,148,21,74,29,116,88,15,104,72,85,81,69,28,134,65,135,140,110,115,33,44,25,102,139,60,100,31,7,103,32,125,136,89,17,6,122,80,23,1,105,101,52,98,131,145,128,14,109,18,96,86,91,10,132,99,47,114,22,71,16,82,39,129,146,2,121,137,83,5,126,106,150,73,54,95,27,4,138,45,77,56,67,124,133,8,34,112,
machine5:0,55,59,41,19,149,3,70,84,53,40,46,141,142,113,79,92,9,24,127,36,35,120,48,130,50,38,61,42,37,94,13,148,26,21,74,29,116,88,15,104,72,97,85,81,11,69,66,111,28,144,134,65,68,123,140,110,78,115,64,25,20,102,60,147,63,87,100,31,57,49,103,32,125,89,17,6,122,80,23,119,117,1,105,101,52,98,131,145,107,128,14,90,109,18,96,118,86,10,132,99,47,22,71,16,82,39,129,146,2,58,121,137,83,5,106,150,43,73,54,95,27,4,138,45,77,56,67,124,133,8,34,112,
machine6:0,55,59,41,19,149,3,70,84,53,40,46,141,142,113,79,92,9,24,127,35,48,130,50,38,61,42,37,26,21,74,29,88,15,104,72,97,85,81,69,28,144,134,115,25,20,102,60,63,87,100,31,57,49,103,125,89,17,6,122,23,119,1,105,52,98,131,109,18,96,118,86,10,132,99,22,71,82,39,129,146,2,58,121,137,83,5,106,150,43,95,27,4,45,77,56,124,133,8,34,112,
machine7:0,59,19,149,53,92,9,35,38,74,29,15,104,28,115,60,63,103,125,17,122,119,1,52,98,131,109,18,96,118,132,22,71,82,137,83,5,106,43,95,27,45,77,56,34,112,
machine8:0,51,76,55,59,41,19,149,3,70,84,53,40,141,113,79,12,92,9,24,127,108,130,38,93,42,37,94,13,26,21,74,29,88,15,104,97,81,11,69,66,111,28,144,65,68,123,135,110,78,115,33,64,44,25,20,102,139,60,63,87,100,31,57,7,49,103,32,125,136,89,17,6,122,23,119,117,1,105,101,52,98,131,145,107,128,14,90,109,18,96,118,86,91,10,132,62,47,114,22,71,16,82,39,129,146,2,58,121,137,83,5,126,106,150,43,73,54,95,27,4,138,45,77,56,67,124,133,8,34,112,
machine9:0,51,76,59,19,149,3,70,53,40,141,113,12,92,9,24,127,108,130,93,42,94,13,21,74,88,15,104,81,11,69,66,28,144,65,68,135,78,115,64,25,20,102,139,60,63,87,31,57,7,103,32,125,136,89,17,6,122,23,119,117,1,105,98,131,128,14,90,109,18,118,86,91,10,132,47,22,71,16,82,39,129,146,2,121,137,83,5,126,106,150,43,73,54,95,27,4,138,45,77,56,67,124,133,8,112,
machine10:0,51,53,113,42,74,88,15,104,81,69,28,144,68,115,25,102,60,63,87,57,7,103,32,17,6,119,105,98,131,128,14,109,118,10,47,71,39,129,146,121,137,83,5,106,150,43,73,54,27,4,45,77,67,8,112,
machine11:0,51,55,59,19,70,53,40,113,75,92,108,143,36,35,120,48,38,93,13,26,21,74,88,104,72,81,11,69,66,144,65,68,135,140,110,78,139,60,100,31,7,49,103,125,89,17,6,122,80,117,105,101,96,86,10,132,99,47,71,16,129,121,137,150,43,73,95,138,45,56,8,34,
machine12:0,51,76,55,59,19,70,84,53,40,46,141,113,75,92,9,108,143,36,35,120,48,130,50,38,61,93,42,94,13,148,26,21,74,88,104,72,97,81,11,69,66,28,144,134,65,68,123,135,140,110,78,115,64,44,25,102,139,60,147,63,87,100,31,7,49,103,125,136,89,17,6,122,80,23,119,117,1,105,101,131,145,14,90,109,18,96,118,86,91,10,132,99,62,47,114,22,71,16,39,129,146,2,58,121,137,126,106,150,43,73,95,4,138,45,77,56,67,124,133,8,34,112,
machine13:0,51,76,55,19,3,84,53,40,46,141,113,79,75,12,92,9,24,127,108,143,36,35,30,120,48,130,50,38,61,93,42,37,13,148,26,21,74,29,116,88,15,104,72,81,11,69,66,111,28,144,134,68,123,135,110,78,115,33,64,25,20,102,139,60,147,63,87,100,31,49,103,32,125,136,89,17,6,122,80,119,117,1,105,101,52,98,131,145,107,128,14,90,109,18,118,86,91,10,132,99,62,47,114,22,71,16,82,39,129,2,58,121,137,83,5,126,106,150,43,73,54,95,27,4,138,45,56,67,124,133,8,34,112,
machine14:0,76,55,19,3,53,40,141,113,92,9,24,127,108,35,30,120,48,130,50,38,93,42,37,13,26,21,74,29,116,104,72,81,11,28,144,134,68,110,78,115,33,25,20,102,139,60,147,63,87,100,31,103,89,17,6,122,80,1,105,52,98,131,107,128,14,90,109,18,118,91,132,62,47,114,22,71,16,82,129,58,137,83,126,106,150,43,73,54,95,27,4,138,45,56,67,124,133,8,34,112,
machine15:0,55,40,141,113,92,24,127,35,30,120,48,50,42,13,26,21,74,29,104,72,81,11,28,144,134,68,78,25,102,60,147,63,87,100,89,17,6,122,80,1,105,98,131,107,14,109,18,91,132,62,47,22,71,16,82,129,58,137,83,126,106,150,43,73,138,45,56,67,124,133,8,112,

1to 1:
1to 2:17,22,23,27,33,44,51,56,80,113,125,127,128,137,143,146,
1to 3:10,11,13,14,35,36,37,40,41,42,46,50,55,57,59,63,66,67,70,73,84,98,100,103,104,110,111,116,120,134,144,
1to 4:1,3,12,21,24,25,28,29,31,34,54,76,81,82,89,92,93,95,97,101,107,108,122,123,131,133,149,
1to 5:16,26,38,47,60,61,68,69,71,74,78,90,91,94,109,118,124,126,129,130,135,138,140,148,
1to 6:2,9,18,19,20,48,53,64,75,87,88,99,102,106,115,141,145,
2to 1:84,133,135,102,92,109,8,142,9,10,45,73,21,53,100,116,94,126,124,40,1,131,
2to 2:
2to 3:31,61,85,52,39,106,4,34,99,127,2,140,148,145,60,86,
2to 4:19,70,114,15,125,113,91,104,138,65,47,
2to 5:134,14,143,150,103,51,121,132,7,105,115,72,75,96,77,50,35,136,146,59,
2to 6:137,112,129,82,5,93,6,32,17,25,27,74,56,110,83,89,29,128,16,95,33,139,42,54,
3to 1:122,69,71,113,80,77,99,115,137,54,89,132,86,140,147,85,145,146,90,2,43,82,119,
3to 2:138,88,59,38,13,149,92,16,109,32,14,142,15,
3to 3:
3to 4:129,124,121,105,5,11,106,27,23,49,98,20,68,83,118,79,117,56,111,10,57,96,37,
3to 5:45,104,42,22,31,53,112,131,6,63,25,40,87,8,110,133,101,100,65,18,97,9,120,95,58,
3to 6:1,125,47,4,103,150,81,67,66,50,34,134,28,52,39,21,36,72,123,107,148,46,
4to 1:41,44,141,26,7,117,32,51,114,96,23,68,127,63,59,112,27,4,106,18,104,
4to 2:135,101,52,139,84,110,9,86,39,29,5,25,100,2,132,102,121,122,53,83,60,124,103,42,129,150,40,31,6,74,67,71,
4to 3:64,3,149,119,65,24,94,130,21,77,128,69,47,125,17,109,146,28,131,115,45,8,
4to 4:
4to 5:76,93,70,66,62,49,145,13,43,108,81,89,19,1,88,10,
4to 6:79,37,15,78,90,136,92,58,91,126,113,55,11,38,144,105,98,22,73,
5to 1:17,19,25,34,35,36,39,48,49,56,58,62,65,66,67,70,75,95,97,101,121,125,134,139,150,
5to 2:28,45,61,73,81,99,106,112,114,133,
5to 3:1,23,38,43,72,74,80,88,96,102,105,117,123,132,138,141,
5to 4:2,4,6,7,16,18,22,44,55,64,77,78,84,87,94,110,130,136,137,144,
5to 5:
5to 6:8,10,13,14,26,31,60,63,68,69,71,86,100,108,109,118,119,120,122,131,147,
6to 1:81,42,129,83,47,144,72,22,74,55,130,16,13,91,15,136,138,61,148,105,107,12,79,6,52,123,143,111,24,38,30,76,5,93,3,
6to 2:104,8,18,98,35,115,69,126,108,116,50,
6to 3:133,53,89,29,56,95,118,90,9,101,20,19,58,54,82,26,124,87,49,121,122,78,147,48,
6to 4:14,40,71,150,127,45,17,86,67,112,43,51,135,32,132,60,145,88,103,33,128,62,119,
6to 5:137,28,4,11,80,113,73,141,92,117,102,21,114,139,34,39,84,64,46,
6to 6:

cell1:6,5,4,3,2,
cell2:4,5,1,3,6,
cell3:5,2,6,4,1,
cell4:1,6,5,2,3,
cell5:6,4,3,2,1,
cell6:2,5,4,1,3,
