machine1:0,76,41,59,149,70,24,108,142,9,53,19,127,143,12,35,48,130,61,29,13,40,85,88,30,66,111,93,65,104,123,81,140,42,135,33,44,147,20,49,113,125,92,119,7,57,101,132,96,115,103,89,117,87,6,11,62,72,25,17,114,146,118,126,121,82,105,22,5,129,150,10,73,4,27,122,1,109,138,45,83,124,137,128,77,98,56,34,106,112,131,8,
machine2:0,51,76,55,41,59,3,149,70,84,24,46,38,108,141,142,79,9,75,53,120,19,127,143,36,12,35,48,130,61,37,94,29,13,26,116,15,40,97,85,88,30,66,111,144,93,65,74,104,69,148,123,81,140,42,134,63,135,64,110,33,44,78,102,139,147,20,49,113,52,136,125,31,80,92,119,7,60,57,101,132,96,32,145,115,103,107,89,117,87,23,86,6,11,50,21,62,72,25,17,114,68,90,39,146,43,118,126,58,121,47,18,28,82,105,16,22,5,99,129,150,10,73,95,4,100,27,122,1,91,54,109,2,138,45,83,124,14,137,128,77,98,71,56,133,34,106,112,131,8,67,
machine3:0,59,70,108,53,19,35,61,94,29,40,85,88,93,65,74,81,134,102,139,113,136,125,31,80,60,132,96,32,115,23,50,21,72,25,39,146,18,28,105,16,22,99,129,150,10,73,95,4,100,27,122,1,54,2,138,83,124,14,71,56,34,106,112,131,8,
machine4:0,51,59,149,70,84,38,108,142,9,75,53,19,127,143,35,61,94,29,13,116,15,40,85,88,93,65,74,104,69,148,81,140,42,134,135,110,33,44,102,139,113,52,136,125,31,80,92,7,60,101,132,96,32,145,115,103,89,23,86,6,50,21,72,25,17,114,39,146,126,121,47,18,28,82,105,16,22,5,99,129,150,10,73,95,4,100,27,122,1,91,54,109,2,138,45,83,124,14,137,128,77,98,71,56,133,34,106,112,131,8,67,
machine5:0,55,41,59,3,149,70,84,24,46,38,141,142,79,9,53,120,19,127,36,35,48,130,61,37,94,29,13,26,116,15,40,97,85,88,66,111,144,65,74,104,69,148,123,81,140,42,134,63,64,110,78,102,147,20,49,113,52,125,31,80,92,119,60,57,101,132,96,32,145,115,103,107,89,117,87,23,86,6,11,50,21,72,25,17,68,90,39,146,43,118,58,121,47,18,28,82,105,16,22,5,99,129,150,10,73,95,4,100,27,122,1,54,109,2,138,45,83,124,14,137,128,77,98,71,56,133,34,106,112,131,8,67,
machine6:0,55,41,59,3,149,70,84,24,46,38,141,142,79,9,53,19,127,35,48,130,61,37,29,26,15,40,97,85,88,144,74,104,69,81,42,134,63,102,20,49,113,52,125,31,92,119,60,57,132,96,115,103,89,87,23,86,6,50,21,72,25,17,39,146,43,118,58,121,18,28,82,105,22,5,99,129,150,10,95,4,100,27,122,1,109,2,45,83,124,137,77,98,71,56,133,34,106,112,131,8,
machine7:0,59,149,38,9,53,19,35,29,15,74,104,63,52,125,92,119,60,132,96,115,103,17,43,118,18,28,82,22,5,95,27,122,1,109,45,83,137,77,98,71,56,34,106,112,131,
machine8:0,51,76,55,41,59,3,149,70,84,24,38,108,141,79,9,53,19,127,12,130,37,94,29,13,26,15,40,97,88,66,111,144,93,65,74,104,69,123,81,42,63,135,64,110,33,44,78,102,139,20,49,113,52,136,125,31,92,119,7,60,57,101,132,96,32,145,115,103,107,89,117,87,23,86,6,11,21,62,25,17,114,68,90,39,146,43,118,126,58,121,47,18,28,82,105,16,22,5,129,150,10,73,95,4,100,27,122,1,91,54,109,2,138,45,83,124,14,137,128,77,98,71,56,133,34,106,112,131,8,67,
machine9:0,51,76,59,3,149,70,24,108,141,9,53,19,127,12,130,94,13,15,40,88,66,144,93,65,74,104,69,81,42,63,135,64,78,102,139,20,113,136,125,31,92,119,7,60,57,132,32,115,103,89,117,87,23,86,6,11,21,25,17,68,90,39,146,43,118,126,121,47,18,28,82,105,16,22,5,129,150,10,73,95,4,27,122,1,91,54,109,2,138,45,83,124,14,137,128,77,98,71,56,133,106,112,131,8,67,
machine10:0,51,53,15,88,144,74,104,69,81,42,63,102,113,119,7,60,57,32,115,103,87,6,25,17,68,39,146,43,118,121,47,28,105,5,129,150,10,73,4,27,54,109,45,83,14,137,128,77,98,71,106,112,131,8,67,
machine11:0,51,55,59,70,38,108,75,53,120,19,143,36,35,48,13,26,40,88,66,144,93,65,74,104,69,81,140,135,110,78,139,49,113,125,31,80,92,7,60,101,132,96,103,89,117,86,6,11,21,72,17,68,43,121,47,105,16,99,129,150,10,73,95,100,122,138,45,137,71,56,34,8,
machine12:0,51,76,55,59,70,84,46,38,108,141,9,75,53,120,19,143,36,35,48,130,61,94,13,26,40,97,88,66,144,93,65,74,104,69,148,123,81,140,42,134,63,135,64,110,44,78,102,139,147,49,113,136,125,31,80,92,119,7,60,101,132,96,145,115,103,89,117,87,23,86,6,11,50,21,62,72,25,17,114,68,90,39,146,43,118,126,58,121,47,18,28,105,16,22,99,129,150,10,73,95,4,100,122,1,91,109,2,138,45,124,14,137,77,71,56,133,34,106,112,131,8,67,
machine13:0,51,76,55,3,84,24,46,38,108,141,79,9,75,53,120,19,127,143,36,12,35,48,130,61,37,29,13,26,116,15,40,88,30,66,111,144,93,74,104,69,148,123,81,42,134,63,135,64,110,33,78,102,139,147,20,49,113,52,136,125,31,80,92,119,60,101,132,32,145,115,103,107,89,117,87,86,6,11,50,21,62,72,25,17,114,68,90,39,43,118,126,58,121,47,18,28,82,105,16,22,5,99,129,150,10,73,95,4,100,27,122,1,91,54,109,2,138,45,83,124,14,137,128,98,71,56,133,34,106,112,131,8,67,
machine14:0,76,55,3,24,38,108,141,9,53,120,19,127,35,48,130,37,29,13,26,116,40,30,144,93,74,104,81,42,134,63,110,33,78,102,139,147,20,113,52,31,80,92,60,132,115,103,107,89,87,6,11,50,21,62,72,25,17,114,68,90,43,118,126,58,47,18,28,82,105,16,22,129,150,73,95,4,100,27,122,1,91,54,109,138,45,83,124,14,137,128,98,71,56,133,34,106,112,131,8,67,
machine15:0,55,24,141,120,127,35,48,29,13,26,40,30,144,74,104,81,42,134,63,78,102,147,113,80,92,60,132,107,89,87,6,11,50,21,62,72,25,17,68,43,126,58,47,18,28,82,105,16,22,129,150,73,100,122,1,91,109,138,45,83,124,14,137,98,71,56,133,106,112,131,8,67,

1to 1:
1to 2:27,127,56,17,125,128,23,143,33,51,146,113,44,137,22,80,
1to 3:67,84,41,50,100,57,46,98,37,116,104,63,13,14,111,40,11,66,70,134,110,59,55,35,103,144,42,10,73,120,36,
1to 4:1,12,93,31,54,29,76,101,24,122,82,95,34,108,107,133,92,21,28,97,89,149,81,123,131,3,25,
1to 5:91,38,71,129,61,47,130,90,69,94,148,126,140,118,68,124,138,26,74,109,60,135,78,16,
1to 6:2,141,99,75,102,18,88,20,115,53,64,19,48,9,87,145,106,
2to 1:84,133,135,102,92,109,8,142,9,10,45,73,21,53,100,116,94,126,124,40,1,131,
2to 2:
2to 3:31,61,85,52,39,106,4,34,99,127,2,140,148,145,60,86,
2to 4:19,70,114,15,125,113,91,104,138,65,47,
2to 5:134,14,143,150,103,51,121,132,7,105,115,72,75,96,77,50,35,136,146,59,
2to 6:137,112,129,82,5,93,6,32,17,25,27,74,56,110,83,89,29,128,16,95,33,139,42,54,
3to 1:122,69,71,113,80,77,99,115,137,54,89,132,86,140,147,85,145,146,90,2,43,82,119,
3to 2:138,88,59,38,13,149,92,16,109,32,14,142,15,
3to 3:
3to 4:129,124,121,105,5,11,106,27,23,49,98,20,68,83,118,79,117,56,111,10,57,96,37,
3to 5:45,104,42,22,31,53,112,131,6,63,25,40,87,8,110,133,101,100,65,18,97,9,120,95,58,
3to 6:1,125,47,4,103,150,81,67,66,50,34,134,28,52,39,21,36,72,123,107,148,46,
4to 1:41,44,141,26,7,117,32,51,114,96,23,68,127,63,59,112,27,4,106,18,104,
4to 2:135,101,52,139,84,110,9,86,39,29,5,25,100,2,132,102,121,122,53,83,60,124,103,42,129,150,40,31,6,74,67,71,
4to 3:64,3,149,119,65,24,94,130,21,77,128,69,47,125,17,109,146,28,131,115,45,8,
4to 4:
4to 5:76,93,70,66,62,49,145,13,43,108,81,89,19,1,88,10,
4to 6:79,37,15,78,90,136,92,58,91,126,113,55,11,38,144,105,98,22,73,
5to 1:67,17,125,19,58,25,34,49,35,121,39,66,48,75,56,101,134,150,95,65,139,62,97,36,70,
5to 2:45,112,28,133,99,114,61,73,81,106,
5to 3:138,88,105,102,80,23,43,1,38,74,117,72,96,132,123,141,
5to 4:4,2,77,130,137,16,55,22,136,6,64,110,87,144,44,78,94,84,18,7,
5to 5:
5to 6:10,8,60,14,63,68,118,108,71,147,119,86,31,69,13,131,100,122,109,120,26,
6to 1:81,42,129,83,47,144,72,22,74,55,130,16,13,91,15,136,138,61,148,105,107,12,79,6,52,123,143,111,24,38,30,76,5,93,3,
6to 2:104,8,18,98,35,115,69,126,108,116,50,
6to 3:133,53,89,29,56,95,118,90,9,101,20,19,58,54,82,26,124,87,49,121,122,78,147,48,
6to 4:14,40,71,150,127,45,17,86,67,112,43,51,135,32,132,60,145,88,103,33,128,62,119,
6to 5:137,28,4,11,80,113,73,141,92,117,102,21,114,139,34,39,84,64,46,
6to 6:

cell1:3,6,5,4,2,
cell2:4,5,1,3,6,
cell3:5,2,6,4,1,
cell4:1,6,5,2,3,
cell5:2,1,6,4,3,
cell6:2,5,4,1,3,
