machine1:0,4,8,82,1,91,59,2,75,107,31,60,104,109,57,56,86,30,7,42,61,27,15,69,16,94,71,5,89,3,53,84,102,28,25,80,92,44,99,24,83,32,20,101,74,6,66,11,65,54,88,51,100,12,62,29,18,77,46,21,14,36,106,26,37,38,52,
machine2:0,4,8,82,95,1,91,68,59,39,40,2,75,107,73,31,60,17,104,90,64,13,109,57,56,72,86,30,7,42,87,61,27,50,41,22,15,69,16,94,71,5,89,108,3,53,55,84,102,28,25,80,92,44,70,99,35,24,93,67,83,96,23,43,32,19,47,20,101,74,6,81,63,49,76,58,48,34,66,11,98,105,65,54,103,9,10,88,79,51,100,97,33,12,78,62,29,18,77,46,21,45,110,14,36,106,85,26,37,38,52,
machine3:0,4,8,82,39,87,61,27,41,69,16,5,89,28,44,70,99,24,93,83,96,23,32,19,101,6,81,63,49,58,66,98,65,54,97,33,78,29,18,77,46,21,45,110,14,36,106,85,26,37,38,52,
machine4:0,4,8,82,91,59,39,2,73,17,104,64,56,72,30,7,87,61,27,50,41,22,15,69,16,94,5,89,108,3,84,102,28,25,80,92,44,70,99,35,24,93,67,83,96,23,32,19,47,101,6,81,63,49,58,34,66,11,98,65,54,9,51,100,97,33,78,29,18,77,46,21,45,110,14,36,106,85,26,37,38,52,
machine5:0,4,8,82,95,1,91,68,59,40,2,107,73,31,60,17,90,64,13,109,57,56,72,86,7,42,87,61,27,50,41,22,15,69,16,94,71,5,89,108,3,53,55,84,102,80,92,44,70,99,35,24,93,67,83,96,23,43,32,19,47,20,101,74,6,81,63,49,76,48,66,11,98,105,65,54,103,9,10,88,79,51,100,97,33,12,78,62,29,18,46,21,45,110,36,106,85,26,37,38,
machine6:0,8,82,1,91,68,2,107,60,17,13,56,72,7,42,87,61,27,50,41,22,15,69,16,71,5,89,108,53,55,84,102,80,92,70,99,35,24,93,67,83,96,43,32,19,47,20,74,6,81,63,76,48,66,11,98,105,65,54,9,10,88,79,51,100,97,78,29,18,46,21,45,85,26,37,
machine7:0,1,91,68,2,17,13,56,7,87,27,41,22,71,5,89,108,53,102,80,24,67,32,19,81,63,48,11,98,9,10,88,79,51,100,97,78,45,85,26,
machine8:0,8,1,68,40,2,75,107,73,104,57,72,30,42,87,61,41,22,5,89,108,55,84,28,80,44,99,35,93,67,96,23,43,19,101,74,81,63,58,11,105,65,54,103,10,79,51,33,12,78,62,29,46,21,45,110,14,36,85,26,37,
machine9:0,4,8,82,95,1,68,59,40,2,75,107,73,31,17,104,90,57,56,72,86,30,7,42,87,61,27,50,41,22,15,69,94,71,5,89,108,3,53,55,84,28,25,80,44,99,35,24,93,67,83,96,23,43,32,19,47,101,74,81,63,49,76,58,34,66,11,98,105,65,54,103,10,88,79,51,97,33,12,78,62,29,18,46,21,45,110,14,36,85,26,37,
machine10:0,4,8,82,95,91,68,39,40,2,107,31,60,17,104,90,64,109,57,56,72,30,7,42,87,50,41,22,15,69,108,53,55,84,25,80,92,99,35,24,83,101,74,81,63,49,34,11,98,79,51,97,33,78,46,21,14,85,37,
machine11:0,4,8,82,95,1,91,68,59,39,40,2,75,107,73,31,60,17,104,90,64,13,109,57,56,72,86,30,7,42,87,27,50,41,22,15,69,16,94,71,89,108,53,55,84,102,28,25,80,92,70,99,35,24,67,83,23,47,20,101,74,6,81,63,49,76,58,48,34,66,11,98,65,103,88,79,51,100,97,33,78,62,29,77,46,21,110,14,106,85,26,37,38,52,

1to 1:
1to 2:109,26,70,1,22,64,108,101,13,37,72,36,29,59,51,61,84,40,10,30,65,97,21,41,96,2,105,45,78,73,74,20,8,24,43,33,17,54,23,28,103,89,110,14,44,9,32,92,19,94,83,12,
1to 3:100,102,53,38,85,69,73,3,97,50,18,60,104,11,82,31,95,15,24,62,70,52,107,59,90,26,29,71,25,46,27,58,33,67,88,99,51,4,34,55,75,86,77,87,98,106,68,39,94,91,
2to 1:95,60,32,73,57,18,42,6,19,106,79,55,94,44,69,61,4,1,91,35,80,87,
2to 2:
2to 3:90,13,31,12,105,76,40,10,58,64,73,48,101,43,37,16,103,30,57,23,28,75,45,36,62,2,104,42,19,68,107,96,59,79,55,49,72,66,53,110,93,47,83,44,54,33,74,61,108,46,89,84,17,1,67,5,22,85,21,14,11,15,26,35,80,98,8,56,87,82,27,78,29,63,65,51,41,99,81,7,
3to 1:109,70,31,20,105,76,58,32,73,48,101,43,34,77,16,103,50,30,23,28,75,92,52,88,2,104,68,107,96,59,49,66,97,93,47,83,44,86,33,69,74,61,108,89,84,17,5,21,11,26,98,8,56,82,24,27,78,29,63,65,51,41,99,81,7,
3to 2:90,10,100,37,50,57,102,88,45,36,62,18,71,42,6,19,38,106,79,55,3,49,72,53,47,86,74,46,4,67,22,85,11,15,26,35,80,87,65,99,81,7,
3to 3:

cell1:2,3,
cell2:1,3,
cell3:1,2,
