machine1:0,86,109,38,3,36,74,20,65,57,59,46,92,42,52,16,26,84,15,27,102,71,83,100,80,24,53,88,8,60,54,12,82,2,5,32,31,89,51,37,30,99,4,29,62,56,107,91,7,75,14,44,28,104,101,21,6,61,106,66,11,77,18,1,69,94,25,
machine2:0,23,86,109,38,3,36,74,96,20,65,72,57,43,59,46,92,42,52,50,16,26,70,105,10,90,85,97,84,15,27,102,71,45,33,83,100,80,24,53,67,88,35,9,68,8,110,60,19,54,12,82,2,5,40,32,31,64,103,89,13,78,51,37,79,17,41,30,99,4,29,95,62,56,107,91,93,7,75,39,73,14,44,47,28,104,101,21,6,61,49,76,58,48,34,106,66,81,11,77,98,18,63,1,69,108,94,22,87,55,25,
machine3:0,23,38,36,96,65,46,52,16,26,70,85,97,27,45,33,83,24,8,110,19,54,82,5,32,89,78,37,41,99,4,29,93,39,14,44,28,101,21,6,61,49,58,106,66,81,77,98,18,63,69,87,
machine4:0,23,38,3,36,96,65,72,59,46,92,52,50,16,26,70,85,97,84,15,27,102,45,33,83,100,80,24,67,35,9,8,110,19,54,82,2,5,32,64,89,78,51,37,17,41,30,99,4,29,56,91,93,7,39,73,14,44,47,28,104,101,21,6,61,49,58,34,106,66,81,11,77,98,18,63,69,108,94,22,87,25,
machine5:0,23,86,109,38,3,36,74,96,20,65,72,57,43,59,46,92,42,50,16,26,70,105,10,90,85,97,84,15,27,102,71,45,33,83,100,80,24,53,67,88,35,9,68,8,110,60,19,54,12,82,2,5,40,32,31,64,103,89,13,78,51,37,79,17,41,99,4,29,95,62,56,107,91,93,7,73,44,47,101,21,6,61,49,76,48,106,66,81,11,98,18,63,1,69,108,94,22,87,55,
machine6:0,74,96,20,65,72,43,46,92,42,50,16,26,70,105,10,85,97,84,15,27,102,71,45,83,100,80,24,53,67,88,35,9,68,8,60,19,54,82,2,5,32,89,13,78,51,37,79,17,41,99,29,56,107,91,93,7,47,21,6,61,76,48,66,81,11,98,18,63,1,69,108,22,87,55,
machine7:0,26,10,85,97,27,102,71,45,100,80,24,53,67,88,9,68,19,2,5,32,89,13,78,51,79,17,41,56,91,7,48,81,11,98,63,1,108,22,87,
machine8:0,23,36,74,96,65,72,57,43,46,42,26,105,10,85,84,45,33,80,67,35,68,8,110,19,54,12,2,5,40,103,89,78,51,37,79,41,30,99,29,62,107,93,75,73,14,44,28,104,101,21,61,58,81,11,63,1,108,22,87,55,
machine9:0,23,86,3,36,74,96,65,72,57,43,59,46,42,50,26,105,10,90,85,97,84,15,27,71,45,33,83,80,24,53,67,88,35,68,8,110,19,54,12,82,2,5,40,32,31,103,89,78,51,37,79,17,41,30,99,4,29,95,62,56,107,93,7,75,73,14,44,47,28,104,101,21,61,49,76,58,34,66,81,11,98,18,63,1,69,108,94,22,87,55,25,
machine10:0,109,74,72,57,46,92,42,50,90,85,97,84,15,33,83,80,24,53,35,68,8,60,82,2,40,31,64,78,51,37,79,17,41,30,99,4,95,56,107,91,7,39,14,104,101,21,49,34,81,11,98,63,69,108,22,87,55,25,
machine11:0,23,86,109,38,74,20,65,72,57,59,46,92,42,52,50,16,26,70,90,85,97,84,15,27,102,71,33,83,100,80,24,53,67,88,35,68,8,110,60,82,2,40,31,64,103,89,13,78,51,37,79,17,41,30,99,4,29,95,62,56,107,91,7,75,39,73,14,47,28,104,101,21,6,49,76,58,48,34,106,66,81,11,77,98,63,1,69,108,94,22,87,55,25,

1to 1:
1to 2:109,26,70,1,22,64,108,101,13,37,72,36,29,59,51,61,84,40,10,30,65,97,21,41,96,2,105,45,78,73,74,20,8,24,43,33,17,54,23,28,103,89,110,14,44,9,32,92,19,94,83,12,
1to 3:100,102,53,38,85,69,73,3,97,50,18,60,104,11,82,31,95,15,24,62,70,52,107,59,90,26,29,71,25,46,27,58,33,67,88,99,51,4,34,55,75,86,77,87,98,106,68,39,94,91,
2to 1:95,60,32,73,57,18,42,6,19,106,79,55,94,44,69,61,4,1,91,35,80,87,
2to 2:
2to 3:90,13,31,12,105,76,40,10,58,64,73,48,101,43,37,16,103,30,57,23,28,75,45,36,62,2,104,42,19,68,107,96,59,79,55,49,72,66,53,110,93,47,83,44,54,33,74,61,108,46,89,84,17,1,67,5,22,85,21,14,11,15,26,35,80,98,8,56,87,82,27,78,29,63,65,51,41,99,81,7,
3to 1:109,70,31,20,105,76,58,32,73,48,101,43,34,77,16,103,50,30,23,28,75,92,52,88,2,104,68,107,96,59,49,66,97,93,47,83,44,86,33,69,74,61,108,89,84,17,5,21,11,26,98,8,56,82,24,27,78,29,63,65,51,41,99,81,7,
3to 2:90,10,100,37,50,57,102,88,45,36,62,18,71,42,6,19,38,106,79,55,3,49,72,53,47,86,74,46,4,67,22,85,11,15,26,35,80,87,65,99,81,7,
3to 3:

cell1:2,3,
cell2:1,3,
cell3:1,2,
