machine1:0,187,107,30,17,63,108,219,142,206,32,147,67,226,207,240,136,225,47,62,148,159,224,99,46,193,218,76,197,134,222,90,236,143,152,97,185,41,228,36,65,52,59,195,204,123,175,164,119,135,79,177,160,132,250,12,120,188,230,232,80,154,13,227,42,201,68,94,88,202,208,111,96,101,44,178,3,239,26,15,9,171,138,190,184,87,20,91,40,242,151,49,146,102,55,25,85,19,141,223,149,122,84,163,75,6,221,217,70,237,100,16,4,93,244,145,131,212,33,73,60,196,57,50,161,82,127,66,199,238,179,210,246,130,248,114,113,86,29,126,77,200,234,203,192,156,21,125,140,155,186,166,153,124,69,72,24,64,109,247,245,54,183,104,172,229,189,95,173,249,48,78,38,92,121,215,162,37,39,133,117,220,182,7,144,209,71,11,157,191,174,110,198,56,74,235,241,23,51,112,137,168,165,233,105,243,5,231,34,211,45,31,22,118,214,129,169,53,58,181,35,150,89,139,10,103,176,83,216,43,61,14,1,8,167,205,170,116,18,158,128,27,115,106,2,180,213,81,194,98,28,
machine2:0,187,107,30,17,63,108,219,142,206,147,67,226,207,240,225,47,46,193,218,76,197,134,90,236,143,152,97,185,228,65,52,59,195,204,123,119,79,177,132,250,12,188,230,154,13,227,42,68,94,88,208,111,96,101,178,239,15,9,138,190,184,91,40,242,151,146,102,25,85,19,141,223,149,122,75,6,217,70,237,100,4,93,244,131,212,33,73,60,196,50,161,82,127,66,199,238,179,130,248,113,29,126,77,200,234,203,192,21,125,140,186,166,124,72,109,247,245,54,183,104,172,229,189,95,173,249,48,78,38,92,121,215,162,39,133,117,220,182,144,209,71,11,157,110,198,56,74,235,241,112,137,168,233,105,243,5,231,34,211,45,22,118,214,129,169,53,181,35,150,89,139,10,103,176,83,216,61,14,1,8,167,205,170,116,18,158,128,27,115,106,2,180,213,81,194,98,28,
machine3:0,187,107,30,17,63,108,219,142,206,225,197,134,90,236,143,152,65,204,119,250,188,154,13,42,68,94,88,111,96,239,190,91,40,146,25,85,19,141,223,149,122,217,70,237,100,4,131,212,73,60,161,82,127,199,238,179,130,113,192,21,125,186,166,72,109,247,183,104,172,189,95,48,78,38,92,121,215,162,133,117,182,209,71,11,74,235,241,112,137,168,233,105,243,231,34,211,45,22,118,214,53,181,150,89,139,176,83,61,14,1,8,167,205,116,18,158,128,27,115,106,2,81,194,98,
machine4:0,30,17,63,142,32,147,67,226,207,136,47,62,148,159,193,76,197,134,222,236,185,41,228,36,65,59,195,204,123,175,164,119,135,177,160,132,250,12,232,80,227,42,68,88,208,101,3,239,26,9,171,138,190,87,20,91,40,242,49,146,102,55,25,85,19,141,223,149,122,163,6,217,70,237,100,16,4,93,244,145,131,212,33,73,60,57,161,82,127,66,199,238,179,130,114,113,29,126,77,200,234,203,192,156,21,125,140,155,186,166,153,124,69,72,24,64,109,247,245,54,183,104,172,229,189,95,173,249,78,38,92,121,215,162,37,39,133,117,220,182,7,144,209,71,11,157,191,174,110,198,56,74,235,241,23,51,112,137,168,165,233,105,243,5,231,34,211,45,31,22,118,214,129,169,53,58,181,35,150,89,10,103,176,83,216,43,61,14,1,8,167,205,170,18,158,128,27,115,106,2,180,213,81,194,98,28,
machine5:0,17,63,142,147,67,226,207,136,47,62,193,76,222,185,41,59,195,204,123,164,119,135,132,232,80,42,68,88,101,3,239,26,9,138,87,20,91,40,146,102,55,25,85,19,141,223,122,163,6,217,70,100,16,4,93,244,131,212,73,60,161,82,127,199,179,114,113,29,126,77,203,192,156,21,125,155,186,166,153,124,69,72,24,109,247,245,54,183,104,172,229,189,95,173,249,78,92,121,215,39,133,117,220,182,144,209,71,11,157,191,174,110,56,74,235,241,23,112,137,165,233,105,243,5,231,34,211,45,31,22,214,129,53,181,35,150,89,10,103,176,83,216,43,1,8,167,205,170,18,158,128,106,2,180,81,194,98,28,
machine6:0,17,63,67,226,207,136,47,193,185,195,204,132,80,68,3,239,138,40,102,55,25,141,122,6,217,16,93,131,212,60,161,127,199,179,114,29,77,192,156,21,125,186,166,153,124,69,72,24,109,247,245,54,183,172,249,92,215,39,133,182,71,174,110,56,235,112,165,45,214,129,53,181,35,150,89,10,103,83,216,43,1,205,128,106,2,81,194,28,
machine7:0,107,17,63,108,32,147,67,226,240,47,62,148,159,224,99,218,134,90,236,143,152,97,41,228,65,52,59,195,204,119,135,177,160,132,12,120,188,230,232,80,154,13,42,68,94,88,202,208,111,96,44,239,26,15,9,171,138,190,184,87,20,91,40,151,49,146,102,55,25,19,223,149,122,84,163,75,6,221,217,70,237,16,4,93,244,145,131,212,73,60,196,57,50,161,82,127,66,199,238,179,210,130,113,86,29,126,77,234,203,192,21,125,140,155,186,166,153,124,69,72,24,64,109,245,54,183,104,172,229,189,95,249,48,78,38,92,121,215,162,37,39,133,220,182,7,144,209,71,11,191,174,110,56,74,235,241,23,51,112,137,165,233,105,243,5,231,34,211,45,31,22,118,214,129,169,53,58,181,35,150,89,139,10,103,176,83,216,43,61,14,1,8,167,205,170,18,158,128,27,115,106,2,180,213,81,194,98,28,
machine8:0,107,17,63,108,32,147,67,226,47,62,159,99,97,65,52,59,195,204,119,177,160,132,120,230,13,42,68,94,88,208,96,44,239,15,9,171,138,190,184,87,20,40,49,102,19,223,122,84,75,6,217,237,16,4,244,131,212,73,60,196,57,50,161,127,66,199,179,130,113,86,29,77,203,21,125,155,186,166,153,124,69,72,24,64,109,245,183,104,229,189,95,48,92,121,215,162,39,220,182,144,209,71,191,174,110,56,74,235,241,23,112,137,165,233,105,243,5,231,34,211,45,31,22,118,214,129,53,181,35,150,89,139,10,103,176,83,216,43,14,1,8,167,205,170,18,158,27,115,106,180,213,81,194,98,28,
machine9:0,107,63,108,226,47,62,99,65,59,195,204,160,132,13,42,88,208,15,9,184,87,20,40,49,102,223,122,84,75,6,217,237,16,244,131,212,73,60,57,50,161,127,179,130,113,203,125,155,186,166,124,69,72,24,64,109,245,183,104,229,95,92,121,220,209,71,174,56,74,241,137,165,233,105,211,45,31,118,129,53,35,150,89,139,10,103,176,83,216,43,14,8,167,18,27,115,106,180,213,81,194,98,28,
machine10:0,17,108,206,32,67,240,136,225,159,99,46,218,197,134,222,152,65,59,204,175,132,250,120,13,42,201,88,202,208,171,138,190,87,40,242,49,146,55,25,19,149,6,217,70,100,4,93,244,73,60,161,82,199,238,179,113,86,234,192,156,125,72,183,104,172,189,95,173,38,92,162,220,182,71,11,174,56,74,241,112,137,233,105,243,231,34,211,45,31,22,129,169,53,181,150,139,10,176,8,167,18,158,27,115,106,2,180,213,81,98,28,
machine11:0,30,17,108,219,206,32,147,67,207,240,136,225,47,62,159,99,46,218,197,134,222,90,152,36,65,59,204,175,119,79,177,132,250,120,188,232,80,154,13,42,201,88,202,208,96,101,26,15,171,138,190,87,40,242,151,49,146,102,55,25,85,19,223,149,122,84,163,6,221,217,70,237,100,16,4,93,244,145,131,212,33,73,60,50,161,82,199,238,179,210,246,113,86,29,126,234,192,156,21,125,140,155,186,153,72,109,247,183,104,172,229,189,95,173,249,48,78,38,92,162,37,117,220,182,7,144,209,71,11,157,174,198,56,74,235,241,23,51,112,137,168,165,233,105,243,231,34,211,45,31,22,118,214,129,169,53,58,181,35,150,89,139,10,103,176,83,216,43,14,1,8,167,18,158,128,27,115,106,2,180,213,81,194,98,28,
machine12:0,187,17,159,224,99,218,134,90,143,52,195,204,123,175,135,132,250,120,230,80,154,13,42,68,94,96,178,26,15,9,138,91,102,55,25,19,141,223,122,84,6,217,100,16,4,93,131,212,33,60,50,199,179,210,248,113,86,29,126,200,234,203,156,186,166,124,69,24,247,245,54,183,104,172,229,189,249,78,121,37,39,133,117,182,7,144,209,71,11,174,56,74,235,241,51,112,137,168,165,105,5,34,211,22,214,129,169,53,58,181,35,103,176,83,216,43,14,1,8,170,115,180,213,81,194,28,
machine13:0,187,17,63,108,32,226,207,136,159,224,99,46,218,76,197,134,90,143,97,228,52,59,195,204,123,175,164,119,135,132,250,120,188,230,232,80,154,13,42,201,68,94,88,208,96,101,178,3,239,26,15,9,138,87,20,91,242,49,146,102,55,25,19,141,223,149,122,84,163,6,221,217,237,100,16,4,93,131,212,33,73,60,196,50,82,66,199,179,210,246,248,114,113,86,29,126,77,200,234,203,156,21,140,155,186,166,124,69,24,109,247,245,54,183,104,172,229,189,173,249,48,78,38,92,121,215,162,37,39,133,117,220,182,7,144,209,71,11,157,191,174,110,56,74,235,241,23,51,112,137,168,165,105,243,5,34,211,45,31,22,118,214,129,169,53,58,181,35,150,89,139,103,176,83,216,43,61,14,1,8,205,170,158,27,115,106,180,213,81,194,98,28,
machine14:0,17,207,47,148,193,76,222,36,52,195,164,135,79,177,132,250,154,227,202,208,96,101,44,3,26,9,190,184,87,40,25,19,122,70,237,100,244,145,131,212,73,57,82,66,199,210,246,130,114,113,86,77,234,192,21,155,186,166,153,124,109,247,104,172,189,95,173,249,48,38,220,182,7,144,157,191,198,56,74,235,241,51,112,137,105,5,231,211,45,31,22,118,129,169,58,181,150,10,103,176,43,61,1,8,167,205,116,18,158,27,115,106,213,
machine15:0,17,63,108,219,32,67,207,47,148,224,193,76,197,222,152,41,228,36,52,59,195,204,164,119,135,79,177,132,250,12,230,80,154,13,227,201,88,202,208,111,96,101,44,178,3,239,26,15,9,171,138,190,184,87,20,40,151,146,102,25,19,141,223,122,6,221,70,237,100,16,4,244,145,131,212,73,60,196,57,50,161,82,127,66,199,238,210,246,130,248,114,113,86,29,126,77,200,234,192,156,21,125,155,186,166,153,124,69,64,109,247,245,54,183,104,172,229,189,95,173,249,48,38,92,121,215,39,133,220,182,7,144,209,71,157,191,198,56,74,235,241,23,51,112,137,168,165,233,105,5,231,34,211,45,31,22,118,129,169,53,58,181,35,150,89,10,103,176,83,216,43,61,14,1,8,167,205,170,116,18,158,128,27,115,106,180,213,81,194,98,28,

1to 1:
1to 2:12,142,36,160,85,101,33,164,141,175,117,191,110,70,78,203,198,157,57,130,149,234,5,55,7,124,215,16,162,169,205,237,11,166,105,183,249,22,34,241,186,199,
1to 3:236,184,120,151,75,41,139,188,170,32,61,147,163,245,145,66,54,24,2,87,192,58,80,133,42,244,223,118,190,144,103,235,165,35,229,214,1,60,14,45,73,
1to 4:79,225,30,240,90,171,232,173,48,134,37,174,126,233,72,231,217,10,180,38,53,98,29,212,220,137,4,167,176,74,31,67,28,8,
1to 5:97,178,123,242,135,200,93,51,179,140,156,86,39,26,210,23,49,43,209,50,92,63,181,109,172,243,59,213,83,138,56,
1to 6:227,248,116,111,246,196,114,202,20,221,52,64,15,230,153,69,96,238,127,168,154,82,113,95,128,247,216,121,125,161,132,81,21,112,150,129,6,89,211,146,115,189,18,27,158,194,182,106,71,104,
2to 1:236,227,123,185,30,193,171,170,232,173,61,147,163,134,245,226,238,177,119,49,80,47,244,25,63,72,118,95,10,17,53,29,88,35,229,129,176,14,67,89,146,8,
2to 2:
2to 3:12,160,228,64,203,51,153,39,195,62,5,124,102,181,125,40,11,109,180,21,183,208,243,22,115,158,106,28,71,
2to 4:242,159,93,65,32,136,222,145,168,234,2,55,192,162,209,113,92,216,161,190,204,165,59,214,6,60,45,56,131,182,186,
2to 5:175,114,20,117,78,3,157,91,69,66,68,24,126,87,42,100,122,121,217,132,239,166,144,38,105,77,212,137,155,211,189,73,194,241,
2to 6:36,148,41,76,191,197,207,70,57,250,130,26,9,23,16,169,223,205,231,19,213,4,83,34,138,31,199,
3to 1:107,228,196,240,64,110,65,230,78,153,57,91,48,99,68,127,234,55,7,233,169,102,205,181,231,125,40,132,180,150,98,243,59,83,34,138,211,131,18,28,
3to 2:148,159,135,171,93,179,37,226,66,238,177,23,87,49,47,92,223,63,122,121,161,217,10,172,53,19,155,213,214,167,74,56,27,104,
3to 3:
3to 4:218,188,15,70,152,51,140,86,84,149,119,62,50,244,237,25,95,128,11,81,105,112,229,1,89,146,189,194,71,199,
3to 5:143,224,120,191,90,94,170,203,61,163,13,9,174,5,154,82,58,16,162,133,21,204,17,103,208,235,29,88,129,220,249,4,14,115,158,182,106,8,
3to 6:12,151,44,145,39,195,54,210,126,192,215,80,43,108,239,166,144,109,38,77,183,165,212,176,60,73,186,
4to 1:206,219,85,46,120,151,242,202,218,117,197,15,32,70,136,222,152,179,140,157,156,86,250,149,62,168,23,2,192,82,16,209,42,92,108,161,190,144,204,112,235,165,249,213,56,115,27,158,
4to 2:147,153,163,119,233,43,100,102,25,181,118,128,247,231,125,40,81,38,17,98,137,1,89,18,106,
4to 3:221,65,78,13,134,96,26,174,126,162,47,113,72,122,216,172,29,129,19,220,176,83,34,67,211,241,8,
4to 4:
4to 5:201,101,246,33,159,139,207,232,99,84,37,234,55,7,169,180,150,35,229,214,6,31,131,28,104,
4to 6:79,171,173,198,51,48,177,58,237,10,105,103,53,208,88,155,22,167,74,14,45,
5to 1:143,248,187,224,101,246,33,164,159,221,52,139,188,191,90,94,3,84,24,154,215,113,100,247,122,11,217,239,81,183,208,212,1,4,74,60,45,189,73,194,186,199,
5to 2:76,207,136,173,51,140,156,134,250,39,9,195,174,54,82,80,133,216,109,235,88,35,59,138,182,71,
5to 3:97,196,135,20,218,110,15,93,230,232,179,91,99,69,37,226,149,68,119,23,7,169,50,205,237,25,132,38,77,112,150,98,137,213,6,31,146,131,27,104,
5to 4:46,175,197,96,26,210,49,58,43,42,102,108,223,118,144,21,17,103,243,19,155,22,34,14,211,158,
5to 5:
5to 6:201,228,141,200,170,32,61,13,157,86,245,87,124,209,92,204,172,229,220,249,56,241,28,8,
6to 1:178,184,201,44,141,148,135,41,76,207,198,13,66,26,9,195,210,5,124,133,43,50,237,166,105,77,19,137,155,22,31,
6to 2:228,114,20,200,193,32,3,222,245,69,145,127,126,58,244,113,190,239,180,21,204,103,112,150,208,29,212,220,6,60,67,115,131,
6to 3:224,111,202,52,152,130,177,234,82,233,16,209,63,95,128,121,81,17,88,59,4,167,74,189,194,182,199,
6to 4:219,36,101,221,156,250,238,87,7,154,80,47,100,181,247,122,40,132,109,183,172,235,35,129,249,83,138,18,73,241,106,104,
6to 5:164,197,48,96,54,119,168,215,102,108,223,25,118,216,53,98,165,1,176,89,45,146,27,186,71,
6to 6:

cell1:2,5,3,6,4,
cell2:1,6,5,4,3,
cell3:1,6,5,2,4,
cell4:1,5,6,3,2,
cell5:1,3,2,6,4,
cell6:1,2,3,4,5,
