machine1:0,10,26,1,69,74,12,63,67,22,76,78,57,19,24,21,72,8,4,62,33,11,73,66,30,16,77,71,18,52,60,55,37,31,43,5,47,58,80,65,34,13,25,3,23,15,46,61,64,51,2,
machine2:0,10,26,1,70,69,74,12,63,67,22,44,76,78,57,19,24,21,72,20,8,54,75,42,4,62,33,11,73,66,30,16,77,71,18,52,60,55,29,37,48,31,6,43,5,47,58,50,80,65,34,13,36,41,56,25,59,3,23,17,45,15,53,35,68,39,9,46,61,64,38,28,79,14,40,27,49,32,7,51,2,
machine3:0,69,63,21,33,30,16,52,55,29,6,43,5,80,65,36,25,59,23,17,45,35,68,39,9,46,61,64,38,28,79,14,40,27,49,32,7,51,2,
machine4:0,10,69,63,67,22,44,76,19,24,21,8,54,75,42,4,62,33,11,73,66,30,16,77,71,18,52,55,29,48,31,6,43,5,47,80,65,34,13,36,41,56,25,59,23,17,45,35,68,39,9,46,61,64,38,28,79,14,40,27,49,32,7,51,2,
machine5:0,70,69,74,22,57,19,24,72,20,62,66,77,71,18,60,55,29,37,48,31,47,58,50,80,34,13,36,41,56,59,3,23,45,15,53,35,39,9,46,38,79,14,27,49,32,7,
machine6:0,10,26,1,70,69,74,12,63,67,22,44,76,78,57,19,24,72,20,54,75,42,4,62,11,73,66,30,77,71,18,52,60,55,29,37,48,31,6,5,47,58,50,80,65,34,13,36,41,56,59,3,23,45,15,53,35,39,9,46,61,38,28,79,14,40,27,49,32,7,51,2,
machine7:0,26,1,70,74,12,63,44,78,24,72,20,8,54,75,42,4,62,73,66,30,71,29,37,48,31,5,58,50,65,13,36,41,56,59,3,17,15,53,68,39,9,64,14,27,32,7,51,2,
machine8:0,10,26,1,70,74,12,63,67,22,44,76,78,57,24,21,72,20,8,54,75,42,4,62,33,11,73,66,30,16,77,71,52,60,55,29,37,48,31,6,43,5,58,50,65,13,36,41,56,25,59,3,23,17,15,53,68,39,9,46,61,64,38,28,14,40,27,32,7,51,2,

1to 1:
1to 2:34,56,33,24,18,5,76,51,47,36,32,67,29,8,28,54,61,27,4,
1to 3:7,14,45,80,66,30,23,37,58,13,73,55,1,42,79,11,15,3,46,38,71,48,31,
1to 4:65,77,53,78,20,72,39,75,62,2,64,44,68,57,9,6,
2to 1:55,80,45,59,21,73,22,65,62,23,40,49,17,30,6,
2to 2:
2to 3:4,61,44,69,52,77,29,35,28,36,39,54,75,19,9,34,
2to 4:16,14,56,10,67,5,8,38,33,63,42,25,41,31,66,43,
3to 1:5,12,18,20,35,52,63,67,69,77,57,27,72,41,19,44,78,47,26,
3to 2:13,14,31,38,40,46,49,59,62,65,66,42,6,10,79,71,2,
3to 3:
3to 4:7,11,22,23,29,50,51,55,60,61,70,30,73,1,76,74,24,58,32,54,37,48,
4to 1:24,4,32,16,46,28,36,13,70,50,15,25,10,76,43,60,71,51,74,3,
4to 2:9,68,21,39,52,75,17,11,64,22,7,48,
4to 3:26,12,53,2,41,63,59,40,56,27,
4to 4:

cell1:3,2,4,
cell2:3,4,1,
cell3:4,2,1,
cell4:1,2,3,
