machine1:0,66,90,52,53,61,83,54,32,48,82,34,15,21,91,88,46,63,85,59,18,22,29,73,13,92,95,11,49,60,64,74,25,5,16,80,23,39,78,2,7,62,69,40,70,71,12,19,27,65,99,3,100,57,31,
machine2:0,30,66,90,52,38,61,33,55,58,4,54,48,96,8,67,15,24,21,26,35,59,18,22,49,60,74,79,72,5,16,17,80,23,37,39,89,2,7,28,70,14,71,27,3,44,1,
machine3:0,90,43,61,50,41,33,83,87,32,42,21,81,91,26,88,84,35,22,29,95,11,93,5,16,76,80,20,78,56,62,69,14,12,19,47,1,68,
machine4:0,66,90,38,41,55,4,8,67,15,10,45,81,91,26,88,84,46,63,35,59,29,13,36,92,64,93,5,17,80,94,98,20,37,39,89,2,62,69,14,71,77,12,19,27,6,9,47,75,
machine5:0,30,66,90,43,53,61,50,33,55,58,54,87,48,82,96,8,34,67,21,91,26,88,84,63,85,35,59,18,22,29,73,13,92,64,74,79,5,16,94,20,23,78,2,7,56,62,69,28,70,71,77,19,6,9,47,65,99,1,31,68,86,
machine6:0,30,90,52,61,50,55,4,32,42,48,96,8,34,15,21,45,81,88,84,46,63,85,35,18,29,13,64,72,93,17,94,98,23,37,89,56,62,28,70,71,19,27,47,99,100,44,57,51,75,
machine7:0,30,66,38,53,50,41,33,55,83,4,54,87,42,82,96,67,15,21,81,91,59,22,29,13,36,92,60,74,79,5,16,20,37,2,62,28,70,77,97,12,19,65,3,100,86,
machine8:0,90,43,52,33,83,4,87,96,8,34,67,15,24,21,45,26,88,84,46,36,92,95,11,49,74,93,5,76,94,20,2,56,69,40,70,14,6,47,100,57,1,31,68,
machine9:0,30,66,38,83,54,42,48,8,34,67,24,91,88,84,46,85,35,59,18,22,29,13,92,11,49,60,74,79,25,93,5,16,80,20,39,89,62,71,97,12,6,9,65,99,3,75,
machine10:0,66,43,52,50,33,55,58,4,32,42,48,67,10,91,46,35,59,22,29,73,92,95,79,25,5,16,76,80,20,23,37,78,89,2,7,56,69,28,14,71,12,9,3,57,51,68,
machine11:0,66,52,61,41,33,32,82,96,67,81,91,26,88,18,29,73,13,92,11,49,60,64,74,5,17,76,94,20,23,39,62,69,28,40,70,77,12,19,6,9,65,57,
machine12:0,30,66,90,52,38,53,61,50,41,33,55,4,54,32,42,48,82,96,8,34,67,15,24,21,45,81,91,26,88,84,46,85,35,18,22,29,73,13,36,95,11,49,60,64,74,79,25,72,93,5,16,17,76,80,94,98,20,23,37,39,78,89,2,7,56,62,69,28,40,14,77,12,19,6,47,99,3,100,44,1,51,75,31,
machine13:0,30,66,90,43,52,53,61,50,41,55,58,83,4,54,87,32,42,48,96,8,67,15,24,21,10,45,81,26,88,84,85,35,59,18,22,29,73,13,36,92,95,49,60,64,74,79,25,5,16,76,80,94,98,20,23,37,39,78,89,2,7,56,62,69,28,40,70,14,71,97,12,19,27,6,9,47,99,3,57,1,51,31,68,86,
machine14:0,30,66,90,43,52,38,53,61,50,55,58,83,4,54,87,48,82,8,34,67,15,24,45,81,91,26,88,84,46,63,85,35,59,18,22,29,73,13,36,92,95,11,49,60,64,74,79,25,93,5,16,17,76,80,94,20,23,37,39,78,89,2,7,56,62,69,28,40,71,97,12,19,27,6,9,47,65,99,44,1,75,31,68,86,
machine15:0,66,90,43,52,38,53,61,33,55,58,4,54,32,42,48,82,96,34,67,15,24,21,45,81,91,26,88,84,46,63,85,35,59,18,22,29,13,36,92,11,49,74,25,72,93,5,16,17,80,94,98,20,23,37,39,89,2,56,62,69,28,40,70,14,71,77,12,19,27,6,9,47,65,99,3,100,57,1,75,31,86,
machine16:0,30,90,43,52,38,61,50,33,55,58,83,4,54,32,42,82,96,67,15,24,10,45,81,91,88,84,63,85,35,59,22,73,92,95,49,64,74,25,72,93,5,16,17,76,80,94,20,23,39,78,89,2,7,62,69,28,70,14,71,77,97,12,6,9,47,100,57,1,51,75,68,
machine17:0,30,66,90,43,52,38,61,41,55,58,83,87,42,48,82,8,34,67,15,24,45,81,91,26,88,84,85,35,59,18,22,29,73,13,36,92,95,11,60,64,74,79,72,93,5,16,17,76,80,98,20,23,37,78,2,69,28,70,77,97,19,27,6,9,47,65,99,44,51,75,
machine18:0,30,66,90,43,52,38,53,61,41,33,55,58,83,4,54,32,42,96,8,34,67,15,24,21,10,45,81,91,26,88,84,46,85,35,59,18,29,73,13,36,92,95,49,60,64,74,93,5,16,17,76,80,94,20,23,39,2,56,69,70,97,12,19,27,6,47,99,3,100,44,57,31,
machine19:0,30,66,90,43,52,38,53,61,50,33,55,58,83,4,54,32,42,48,82,67,15,24,21,10,45,91,26,88,84,46,63,35,59,18,22,29,73,13,95,11,49,60,64,74,79,72,93,5,16,17,94,20,23,37,39,78,89,2,7,56,62,69,28,70,14,77,97,12,27,6,9,47,65,3,100,44,57,1,75,31,68,
machine20:0,30,66,43,52,38,61,50,41,33,55,58,4,54,32,42,48,82,96,34,67,15,24,21,45,81,91,26,88,84,46,63,85,35,59,18,22,29,73,13,92,95,11,49,60,64,79,25,93,5,17,76,80,94,98,20,23,39,78,89,7,56,69,28,40,14,71,97,12,19,6,9,47,99,3,44,57,1,75,
machine21:0,30,66,90,43,52,38,53,61,50,41,33,55,58,83,4,54,87,32,42,48,82,96,8,67,15,24,21,10,45,81,91,26,88,84,63,85,35,59,22,29,73,13,36,92,95,11,49,60,64,74,79,25,72,93,5,16,17,76,80,94,98,20,23,37,39,78,89,2,7,56,62,69,28,40,70,14,71,77,12,19,27,6,9,47,65,99,3,100,44,57,1,51,75,31,68,86,
machine22:0,30,66,90,43,52,38,53,61,50,33,55,58,83,4,54,87,32,42,48,82,96,8,34,67,15,24,21,10,45,81,91,26,88,84,46,63,85,35,59,18,22,29,73,13,36,92,95,11,49,60,64,74,79,25,72,93,5,16,17,80,94,98,20,23,37,39,78,89,2,7,56,62,69,28,70,14,71,12,19,27,6,9,47,65,99,3,100,44,57,1,51,75,31,68,86,
machine23:0,30,66,90,43,52,38,61,50,41,33,55,58,83,87,32,82,96,8,67,24,21,45,81,91,26,88,84,46,22,29,73,13,36,92,95,11,49,60,64,74,79,93,16,80,94,20,39,78,2,7,56,62,69,28,40,70,77,12,19,27,6,9,99,3,100,57,75,
machine24:0,90,43,52,38,61,50,41,33,83,4,54,87,42,48,96,15,24,21,45,81,91,88,84,46,63,59,18,22,29,73,13,36,92,49,64,25,93,5,16,80,94,20,23,37,39,2,7,62,69,28,70,77,12,27,6,9,47,99,3,44,51,31,68,
machine25:0,30,66,90,52,53,61,33,55,58,54,32,42,48,82,34,67,24,21,10,81,91,63,85,35,59,73,13,92,11,49,60,64,74,79,25,72,93,5,16,76,80,94,20,23,78,89,2,62,28,40,70,14,97,12,19,27,6,9,100,44,57,1,51,31,68,86,

1to 1:
1to 2:1,3,4,8,12,13,17,23,32,33,34,37,40,46,47,48,50,52,53,56,57,58,60,65,68,69,70,71,74,77,79,82,83,85,87,95,99,100,39,43,88,96,2,19,89,55,98,22,42,20,28,63,93,78,35,62,26,29,41,21,66,5,11,84,67,59,27,30,16,91,
1to 3:3,5,7,11,12,15,16,18,24,25,26,29,31,32,34,36,38,40,43,46,48,50,52,53,54,56,61,62,66,67,69,70,71,79,81,83,88,95,96,22,47,35,98,14,73,21,42,84,89,2,94,41,23,37,55,78,20,1,19,30,90,28,44,59,6,80,
1to 4:1,5,7,8,11,12,13,15,19,21,23,25,29,30,32,34,38,39,43,46,47,48,52,53,54,56,57,60,61,63,65,66,69,70,71,74,87,91,92,2,37,27,31,62,26,35,67,93,28,85,88,78,80,90,84,89,6,59,44,20,
1to 5:4,5,7,8,13,15,17,18,21,23,27,29,32,38,47,52,54,61,62,69,70,71,73,74,77,79,82,91,93,96,100,6,75,94,72,33,11,98,58,43,90,9,67,39,2,55,66,42,64,80,37,78,88,22,59,26,20,41,19,30,85,
1to 6:3,4,11,12,14,15,18,19,24,26,27,29,30,31,32,33,38,43,46,47,48,49,52,54,55,58,60,61,62,64,68,69,71,74,77,78,81,82,83,84,88,89,91,94,95,99,66,44,85,7,59,63,1,20,39,75,93,80,21,28,5,22,41,67,
1to 7:4,14,15,16,17,19,20,23,25,27,32,38,45,48,50,52,54,56,58,61,62,64,65,66,68,69,70,71,79,83,92,91,93,47,84,8,5,6,75,89,39,78,80,43,59,88,21,33,26,90,2,94,22,29,55,30,35,41,
1to 8:1,3,4,7,13,18,20,21,22,24,25,27,28,29,33,34,37,38,42,46,48,49,52,54,56,58,60,62,63,65,66,68,70,71,81,84,87,88,92,93,95,96,99,26,47,67,91,79,80,94,19,35,85,78,55,39,10,2,16,59,6,32,5,
1to 9:1,4,7,11,12,13,14,18,22,23,24,25,29,30,31,32,33,36,37,38,41,43,49,52,53,54,57,58,60,61,62,64,66,67,68,69,70,74,76,78,81,83,92,93,21,63,85,86,88,89,19,27,39,59,75,91,48,84,35,55,94,2,16,20,5,26,28,80,9,
2to 1:5,10,13,15,16,17,18,19,21,23,26,30,32,33,34,41,42,46,48,49,58,62,63,66,68,71,74,76,77,92,94,96,54,36,56,69,65,59,11,55,82,88,50,61,91,12,70,83,29,20,78,22,4,67,64,39,90,2,93,84,
2to 2:
2to 3:1,2,3,4,7,8,9,16,18,19,20,22,23,26,30,35,37,38,42,45,47,48,49,50,51,55,60,66,71,74,76,80,81,83,85,86,91,92,95,6,13,98,69,96,5,25,57,78,24,62,12,88,39,67,15,46,94,17,56,84,90,29,28,52,89,
2to 4:1,2,5,7,8,11,16,18,19,20,26,31,34,37,40,46,57,62,66,74,75,76,80,85,86,89,92,94,97,52,35,88,71,27,50,84,61,15,67,60,70,29,87,79,25,91,9,23,54,59,56,13,36,69,96,49,81,12,4,24,28,64,90,93,39,55,58,
2to 5:2,4,5,7,10,11,12,16,19,20,22,24,28,30,32,33,34,35,36,37,41,42,45,46,50,53,56,65,71,73,75,76,79,80,81,85,89,90,92,94,97,100,39,57,93,52,82,9,96,29,74,61,13,47,83,17,18,15,23,66,59,69,64,67,70,91,21,6,58,84,88,
2to 6:3,4,10,11,18,20,24,26,32,35,37,40,45,52,53,55,59,66,67,68,69,70,74,75,81,83,85,89,91,92,94,97,99,15,73,49,9,50,71,84,78,29,38,58,21,33,60,93,88,90,56,12,28,44,54,5,14,6,64,17,
2to 7:2,8,11,14,16,20,22,25,26,32,33,37,41,42,43,45,48,51,52,59,60,62,64,70,71,74,75,76,80,82,83,84,86,88,89,91,94,99,17,19,24,69,67,54,21,47,92,6,78,50,15,58,29,56,93,61,65,96,27,85,4,5,55,81,9,
2to 8:2,4,8,9,10,11,13,16,18,20,26,30,32,33,34,35,37,51,53,59,60,65,68,73,75,79,80,84,85,86,90,92,94,24,42,89,83,12,66,88,81,28,7,71,57,47,49,87,70,29,91,5,56,3,21,62,69,98,67,96,
2to 9:2,4,7,10,11,13,14,16,20,22,23,24,25,26,27,32,35,37,38,40,41,42,46,48,51,53,54,57,59,60,62,68,72,75,77,83,86,92,94,96,97,100,88,67,78,84,70,79,21,52,64,58,56,90,18,76,91,73,36,5,55,69,39,50,89,81,66,74,85,49,28,
3to 1:1,3,5,7,8,11,14,18,20,24,26,28,29,35,41,42,45,46,47,49,50,52,53,56,57,59,60,61,66,68,69,72,79,80,83,84,87,91,92,95,99,100,96,64,73,67,10,30,39,2,88,62,55,22,90,13,48,16,17,77,21,23,78,
3to 2:3,5,8,9,14,16,17,21,24,25,26,28,29,30,34,35,40,42,45,46,47,49,51,53,56,57,58,59,60,61,62,64,66,73,76,77,79,81,82,83,84,87,89,91,92,95,99,36,23,50,67,69,2,4,96,37,94,20,55,78,90,85,48,74,13,88,18,
3to 3:
3to 4:1,4,5,6,7,8,9,11,14,15,16,17,24,25,28,30,31,35,45,46,52,53,55,57,59,60,61,71,74,76,77,79,81,84,88,89,91,92,94,95,96,97,100,18,39,73,13,20,48,40,47,37,54,62,67,56,85,2,38,69,90,22,58,
3to 5:1,5,6,7,13,14,15,16,17,19,21,24,28,30,31,34,35,39,41,42,43,44,45,46,49,51,55,56,57,60,61,66,69,74,75,78,79,80,81,83,84,87,88,89,91,93,95,52,53,76,32,10,18,36,59,38,70,2,73,23,85,48,12,22,90,94,96,67,37,47,64,54,50,
3to 6:1,2,3,5,6,9,11,14,15,20,21,24,26,28,29,31,32,33,35,37,39,40,41,42,44,45,46,48,49,57,59,60,66,67,69,71,74,75,77,78,79,80,81,83,84,89,92,97,99,100,23,64,10,30,38,53,56,61,94,73,22,50,90,13,17,68,12,95,54,18,52,
3to 7:1,2,3,5,8,10,11,15,20,22,24,25,28,29,35,37,39,40,41,43,45,47,49,50,51,55,56,57,64,66,69,75,77,78,79,80,82,84,85,89,92,100,16,30,90,76,96,62,67,70,38,17,32,14,61,21,48,98,52,54,68,88,
3to 8:1,5,6,7,8,9,11,14,15,16,18,21,23,24,26,28,29,30,35,39,46,49,50,51,55,58,59,60,61,62,66,71,73,79,80,83,84,87,89,92,95,99,13,20,10,68,38,42,81,88,2,96,17,12,37,90,22,98,48,56,64,53,3,36,4,
3to 9:1,5,13,15,16,20,22,24,25,26,28,30,31,35,39,41,42,45,46,48,49,51,55,56,57,64,66,67,69,73,74,75,78,79,80,81,84,87,91,92,93,94,97,85,68,7,18,53,38,2,54,90,21,50,37,52,77,14,95,70,10,61,36,88,76,
4to 1:1,2,4,5,7,9,13,24,26,27,28,29,31,34,36,39,43,45,46,47,52,53,55,60,61,62,64,67,68,72,77,79,81,84,89,90,92,93,99,35,87,15,85,21,38,80,54,88,25,69,63,71,33,98,57,91,3,74,32,70,48,37,66,59,58,56,
4to 2:1,2,4,5,7,8,9,11,18,20,21,24,25,27,28,29,36,38,40,43,44,45,49,50,52,54,59,60,61,62,65,66,70,74,76,85,86,89,90,93,94,96,100,56,13,17,92,39,67,82,71,80,34,88,6,46,57,15,69,87,35,55,84,3,83,12,
4to 3:1,2,8,9,11,12,13,15,16,24,25,26,27,28,29,32,34,37,42,44,45,46,47,49,52,53,57,60,61,62,66,69,76,78,85,86,87,88,89,90,96,99,38,54,67,55,80,20,48,84,6,31,83,18,70,74,79,36,4,39,17,21,58,35,71,
4to 4:
4to 5:2,4,5,9,13,15,18,19,21,24,26,28,29,30,36,37,43,44,45,46,48,49,50,52,53,54,60,61,62,63,65,67,70,73,75,76,81,82,85,90,93,100,57,58,55,56,23,35,74,12,92,83,6,91,84,11,20,69,64,80,88,34,71,16,77,
4to 6:4,5,9,18,20,21,24,26,27,28,29,30,33,42,43,44,46,47,49,50,52,53,55,58,59,60,62,63,66,67,68,70,74,75,78,79,81,82,85,89,99,84,91,32,3,39,83,54,94,38,64,80,92,17,93,88,12,40,45,15,57,69,13,6,11,56,31,25,
4to 7:2,5,8,11,19,24,26,27,28,29,32,37,40,43,45,47,49,52,54,56,60,61,62,66,67,75,76,81,85,86,87,89,90,92,93,96,16,55,13,21,4,82,25,99,58,57,20,9,71,74,83,79,30,63,64,69,6,38,48,80,84,59,88,15,
4to 8:1,2,4,5,6,9,11,13,15,16,21,24,28,31,34,37,48,49,52,53,56,60,62,64,65,68,69,70,71,75,78,81,85,86,88,89,90,93,8,30,46,18,38,92,58,84,32,20,66,25,17,59,3,79,54,91,80,22,61,
4to 9:1,2,5,9,12,24,25,26,27,28,29,39,44,46,47,48,49,50,52,53,54,55,56,57,60,61,62,67,68,69,70,74,75,76,79,84,85,86,88,89,90,91,93,96,21,36,4,63,66,81,22,80,59,31,38,40,13,72,11,20,33,77,23,30,58,92,6,15,16,64,94,
5to 1:2,3,5,6,9,11,12,13,15,16,17,18,19,22,26,30,32,33,34,35,36,38,39,41,43,45,46,50,52,53,55,57,58,60,61,63,65,66,67,69,70,72,73,74,76,80,82,84,85,88,90,91,92,94,96,99,100,47,68,59,62,95,89,7,23,93,21,64,42,27,37,20,
5to 2:3,4,6,9,13,14,15,16,18,22,27,29,32,36,41,42,45,47,49,50,52,55,56,57,58,60,61,64,67,69,74,75,76,78,81,82,83,85,92,94,95,96,97,99,66,2,7,51,17,24,23,59,20,5,70,93,19,100,44,28,38,25,90,21,88,
5to 3:1,2,5,6,7,10,12,14,15,16,17,18,22,23,24,26,28,30,35,39,41,46,47,48,49,51,53,54,55,56,58,61,67,69,70,74,76,80,81,84,85,89,90,92,93,95,96,97,98,99,25,52,78,13,44,88,21,62,38,64,42,77,11,59,37,45,66,
5to 4:4,5,6,7,9,12,13,14,16,18,20,22,24,27,28,30,31,33,34,36,38,39,43,44,46,49,50,55,56,57,60,61,63,67,69,71,74,75,76,78,79,81,83,84,85,90,91,95,99,100,52,59,66,89,23,35,45,47,15,62,93,19,92,25,29,88,97,64,21,58,2,70,
5to 5:
5to 6:1,3,5,6,9,10,12,13,14,15,17,18,22,26,27,28,29,30,32,39,41,42,43,45,46,47,49,50,53,55,60,61,63,71,73,74,75,80,81,82,84,85,88,91,100,95,24,52,68,89,35,58,38,93,44,20,59,70,11,19,97,99,64,66,72,
5to 7:5,6,8,10,12,15,16,22,26,29,30,32,36,41,43,44,47,49,50,54,55,56,58,59,61,63,65,67,69,70,73,74,75,78,80,81,85,93,94,96,100,35,37,21,72,24,64,45,23,62,89,20,38,76,88,7,17,82,51,92,2,52,66,42,
5to 8:3,4,5,6,7,9,10,12,14,16,17,18,22,24,26,30,32,34,36,38,39,43,44,46,49,52,53,54,55,56,58,60,61,70,71,73,74,75,79,80,85,91,93,96,98,45,90,92,19,2,59,88,95,20,51,48,42,27,23,64,13,35,81,68,89,11,78,84,
5to 9:2,6,7,9,16,18,22,26,28,29,30,36,41,42,45,48,49,50,53,54,55,57,58,61,63,64,66,69,73,74,77,80,81,82,84,85,88,89,91,93,94,51,52,23,68,44,97,62,24,33,47,59,70,13,92,38,5,35,
6to 1:2,9,13,17,20,21,22,24,25,28,29,30,32,39,40,41,42,43,46,47,49,50,52,58,60,61,62,64,66,67,68,69,70,74,77,79,82,83,85,89,90,91,92,98,35,12,88,1,11,27,72,59,19,23,84,7,54,94,53,78,26,33,63,38,15,93,
6to 2:4,5,6,9,11,13,17,18,20,21,26,28,29,30,32,37,41,43,46,47,52,53,61,64,65,66,67,68,69,70,73,75,79,80,82,83,88,89,90,91,92,96,97,56,95,57,59,60,15,12,27,85,19,81,23,93,24,49,76,33,100,94,54,
6to 3:1,4,5,9,11,12,13,16,18,20,21,24,25,26,28,29,30,31,32,33,35,37,38,39,40,41,42,46,53,55,56,60,61,62,64,66,67,68,69,74,78,79,80,83,89,94,97,15,7,52,85,81,48,49,54,95,76,17,91,90,58,14,59,19,23,45,
6to 4:4,6,9,11,13,18,22,25,29,31,32,34,37,38,43,45,46,47,48,49,50,53,54,55,56,58,60,61,62,63,67,68,70,75,80,81,84,89,90,91,92,15,85,76,30,39,66,88,35,24,52,69,23,19,12,99,83,26,1,28,
6to 5:1,2,5,6,9,12,13,15,16,18,20,21,22,28,29,31,32,39,41,42,43,46,47,48,52,60,61,63,65,66,68,70,73,74,75,80,81,82,83,84,88,89,90,91,92,93,97,59,25,38,95,85,76,35,54,44,23,64,49,100,45,78,99,53,69,24,30,
6to 6:
6to 7:4,5,6,9,11,12,16,20,21,26,29,30,32,33,37,39,40,41,42,43,47,48,50,55,56,60,61,62,63,64,66,67,68,69,70,73,74,75,80,82,83,84,88,89,90,92,93,95,52,85,45,91,94,49,59,19,99,15,1,24,76,35,58,81,28,38,54,
6to 8:3,4,5,6,9,10,12,13,18,20,21,22,23,24,25,29,32,33,34,37,38,39,42,46,47,48,52,56,58,59,60,61,65,66,70,72,73,78,79,80,81,83,84,89,90,91,93,94,7,11,95,1,75,28,49,54,64,99,45,85,26,53,69,
6to 9:2,4,5,9,13,16,18,20,21,22,25,29,30,32,33,38,39,40,42,43,45,46,47,52,53,56,59,62,63,66,69,70,73,77,79,80,82,83,84,89,90,92,93,28,48,49,75,85,88,64,1,60,7,94,23,58,78,26,99,35,24,54,81,12,50,
7to 1:2,3,9,10,12,15,24,25,26,28,32,33,38,39,42,53,54,55,56,59,60,62,64,66,68,69,70,71,72,77,80,82,83,84,85,88,98,99,35,41,19,89,22,91,20,87,93,43,47,58,76,5,49,78,29,21,96,90,67,30,27,16,1,52,73,8,
7to 2:1,2,3,6,11,12,13,14,15,16,19,21,25,28,32,33,36,37,40,43,44,50,51,54,58,59,60,62,63,66,67,68,69,70,74,75,81,84,86,88,93,100,83,76,91,29,4,20,5,17,9,64,89,49,61,65,82,92,30,96,87,
7to 3:1,2,3,4,6,10,13,14,15,19,20,21,25,26,27,28,29,37,39,40,41,42,43,44,48,51,52,53,54,60,61,62,66,67,68,69,78,80,83,84,85,86,88,90,91,93,94,95,99,35,5,92,23,47,96,24,9,49,58,45,17,56,16,55,38,76,73,30,89,
7to 4:2,11,12,14,15,19,20,23,24,25,27,28,30,31,37,38,39,40,44,49,52,54,55,59,60,61,62,63,67,68,70,71,78,80,81,82,86,88,90,96,93,45,7,17,58,43,84,29,79,4,9,65,91,6,69,89,92,64,76,5,66,47,13,
7to 5:2,4,8,10,11,15,16,19,20,21,28,29,32,36,37,38,44,45,49,50,52,55,59,60,62,63,68,69,70,80,83,84,88,89,90,94,95,100,78,7,43,87,64,92,67,93,22,82,27,23,66,30,81,6,41,99,24,17,47,35,61,91,5,42,1,
7to 6:3,4,10,11,14,15,21,25,26,27,28,32,39,40,44,48,49,50,53,54,56,59,60,61,62,63,66,70,71,75,80,84,88,91,58,1,55,89,78,5,67,9,69,47,41,82,33,42,65,85,23,43,52,83,38,24,6,29,45,30,35,20,72,81,79,
7to 7:
7to 8:1,2,3,8,9,10,14,15,20,21,22,24,25,26,28,32,37,38,42,44,48,49,51,52,54,56,59,60,61,62,64,66,67,70,71,73,75,78,79,80,81,82,84,86,88,89,92,93,94,95,96,13,58,16,4,30,6,43,72,45,19,33,83,87,5,29,
7to 9:1,4,6,9,10,11,12,15,16,19,20,21,25,26,28,32,36,37,38,40,41,42,43,44,48,49,51,53,54,56,58,59,61,62,63,66,69,70,72,75,77,80,81,82,84,85,86,88,89,94,96,52,83,91,90,67,30,24,87,79,5,27,55,93,92,33,45,78,13,
8to 1:1,2,7,10,11,12,13,14,16,17,18,20,21,23,24,25,27,29,32,33,34,35,37,38,39,42,43,47,48,49,50,53,55,56,58,59,60,64,65,67,68,69,70,71,73,78,79,80,84,85,87,88,89,90,92,93,95,98,99,100,8,28,5,30,66,62,91,26,57,61,22,
8to 2:1,4,6,11,13,16,17,20,22,23,24,27,28,32,34,37,39,43,44,46,49,51,52,55,56,59,62,66,68,69,70,71,78,81,82,85,87,88,89,90,92,94,95,96,58,29,33,60,61,91,42,84,50,5,45,48,79,57,
8to 3:1,2,4,5,6,12,16,17,18,20,24,25,29,31,34,37,38,39,42,43,44,45,47,49,51,52,53,54,55,56,60,62,67,68,71,73,78,79,80,81,85,88,90,91,93,94,95,96,99,26,30,32,22,33,28,10,83,48,8,69,66,13,64,87,3,50,
8to 4:1,6,9,11,16,20,22,23,24,26,27,28,29,34,35,37,39,43,45,46,47,48,49,52,54,58,59,60,61,62,67,68,69,70,71,75,78,79,80,85,88,89,90,92,93,94,95,96,100,91,30,55,25,38,5,13,84,4,3,57,32,
8to 5:1,2,4,5,9,11,16,18,19,20,24,26,29,33,34,37,43,45,47,48,49,50,51,52,53,54,56,58,59,60,66,68,70,71,79,82,85,88,89,90,92,94,95,96,64,80,3,36,30,13,6,22,91,32,38,61,84,42,57,10,28,81,
8to 6:1,4,5,6,9,10,12,14,18,20,22,24,29,31,38,39,43,44,47,49,50,52,53,54,56,58,59,60,68,70,73,75,79,82,85,89,90,94,95,100,26,45,48,28,13,81,30,55,91,57,69,64,66,78,42,32,72,
8to 7:2,9,11,12,14,16,19,20,21,23,24,29,37,38,42,43,48,49,52,54,56,60,62,67,68,69,70,71,73,75,78,79,80,81,82,84,88,89,91,92,93,96,98,99,100,7,5,58,22,50,32,55,8,13,28,83,66,33,3,10,25,87,26,4,
8to 8:
8to 9:1,2,4,5,7,10,19,20,21,24,25,27,31,38,39,43,44,46,48,49,50,51,52,53,54,56,60,62,68,70,72,73,75,78,79,81,85,88,90,92,93,96,6,3,13,57,8,58,36,66,26,84,61,91,28,30,22,80,42,16,29,32,
9to 1:1,2,3,6,7,8,13,15,16,27,29,32,33,40,41,46,47,49,52,53,54,58,59,61,62,63,64,66,69,70,78,79,83,87,88,92,93,96,20,39,5,77,85,18,21,73,74,99,26,68,91,84,30,38,81,23,36,24,28,90,19,22,35,100,
9to 2:1,2,3,4,5,11,12,13,15,16,20,29,46,49,51,53,54,57,60,61,62,63,66,69,70,75,78,80,82,84,85,87,88,89,90,93,96,21,52,37,18,40,14,24,92,33,42,36,94,68,28,74,77,91,58,79,86,81,
9to 3:2,4,5,6,11,13,15,20,24,25,28,29,30,31,33,36,41,46,49,52,53,55,56,58,59,60,62,64,66,67,69,74,77,78,79,83,84,89,90,92,93,96,1,81,48,37,88,51,85,94,21,40,50,68,72,99,45,54,16,35,80,57,18,22,
9to 4:2,4,5,11,13,15,16,25,29,31,34,35,36,37,38,40,44,46,48,49,53,54,55,58,59,60,61,62,67,69,70,78,79,83,84,89,90,93,96,86,92,9,22,100,39,18,27,12,21,28,33,45,52,24,68,20,72,74,6,57,80,1,81,88,
9to 5:2,9,12,13,16,24,31,39,41,43,44,49,52,53,59,60,61,66,70,73,74,78,79,82,83,85,92,93,94,95,38,45,88,91,42,72,18,68,22,48,80,64,6,23,21,28,5,77,90,27,84,26,36,81,7,51,
9to 6:3,5,6,11,12,13,15,16,20,30,31,32,38,39,40,41,44,45,46,47,53,54,55,56,58,59,60,61,63,64,66,69,70,73,75,78,79,80,82,84,85,88,89,93,94,95,27,28,90,76,49,24,81,91,48,26,18,21,14,33,72,77,100,52,
9to 7:2,4,11,13,15,19,20,25,29,30,37,38,39,40,41,43,44,49,51,55,58,60,61,62,63,64,66,68,69,74,76,78,79,81,83,84,85,92,93,94,95,96,99,33,54,22,5,42,72,24,80,52,14,27,90,16,26,88,48,23,28,36,73,100,6,
9to 8:1,3,4,10,11,13,16,20,21,32,33,34,37,38,42,43,44,45,46,49,53,54,60,64,70,78,79,81,83,85,92,95,96,23,39,18,51,30,27,52,94,73,80,5,74,90,24,36,50,58,6,88,91,14,84,48,
9to 9:

cell1:6,8,2,9,7,3,5,4,
cell2:7,8,5,9,4,3,6,1,
cell3:1,6,9,2,7,5,4,8,
cell4:2,1,8,6,7,9,3,5,
cell5:2,1,3,7,6,9,8,4,
cell6:1,2,9,5,3,7,8,4,
cell7:8,1,2,9,5,3,4,6,
cell8:2,4,7,9,6,5,1,3,
cell9:4,6,2,5,7,3,1,8,
