machine1:0,49,73,53,34,66,62,46,63,100,60,13,59,74,71,29,92,61,25,21,85,69,65,2,18,32,91,39,54,52,31,64,95,88,57,78,82,23,70,48,3,40,12,7,16,11,22,15,80,83,90,19,5,99,27,
machine2:0,26,49,89,66,55,30,96,1,60,59,28,74,71,44,61,21,14,67,2,4,18,8,39,54,52,24,37,23,70,79,48,3,7,16,35,22,15,38,33,80,90,17,72,5,58,27,
machine3:0,26,56,62,68,47,1,84,50,41,87,29,61,42,21,14,69,43,32,91,95,88,78,12,16,35,11,22,81,33,80,93,83,90,19,20,5,76,
machine4:0,75,26,89,66,62,55,46,47,63,10,84,41,13,59,71,29,92,98,14,69,67,2,4,8,91,6,39,64,88,37,9,12,35,94,15,81,36,45,77,38,80,93,90,17,19,20,5,27,
machine5:0,26,56,73,53,86,34,66,62,68,55,30,47,96,1,63,84,50,13,59,28,74,71,87,29,92,61,21,85,69,67,43,65,2,18,8,91,6,54,31,64,88,78,82,23,70,79,9,48,7,16,35,94,22,77,33,90,19,20,5,58,99,
machine6:0,75,56,89,34,62,51,55,46,30,47,96,63,84,100,50,13,28,71,29,44,98,61,42,21,85,4,18,8,32,52,64,88,57,37,23,70,48,35,94,15,81,45,93,90,17,19,72,99,27,
machine7:0,97,53,86,66,62,55,30,96,100,50,41,60,13,59,28,74,87,29,92,42,21,67,65,2,4,91,54,37,82,70,79,3,12,16,22,15,81,36,77,38,33,83,19,20,5,
machine8:0,26,56,49,34,68,46,47,96,1,84,100,74,87,92,21,14,69,67,43,2,4,8,6,52,31,95,88,57,24,70,40,11,94,15,36,45,33,93,83,90,20,5,76,
machine9:0,75,97,49,89,34,66,62,46,30,84,60,13,59,74,71,29,92,42,25,85,67,65,18,8,91,6,39,54,88,24,79,9,48,3,12,16,35,11,22,38,80,93,83,20,5,99,
machine10:0,56,89,73,66,68,51,55,46,10,50,59,28,71,29,92,42,25,14,69,67,43,2,4,32,91,52,95,57,37,78,23,79,9,48,3,12,7,16,35,22,33,80,20,5,58,76,
machine11:0,26,49,73,66,62,96,41,60,13,28,74,29,92,61,69,67,65,18,32,91,6,39,52,64,88,57,82,23,70,9,40,12,11,94,81,77,33,17,19,20,5,76,
machine12:0,75,26,56,49,89,73,53,34,66,62,51,55,46,30,47,96,1,84,100,50,41,60,13,28,74,29,44,98,61,42,25,21,85,14,69,67,2,4,18,8,32,91,6,39,54,52,31,64,95,88,24,37,78,82,23,79,48,3,40,12,7,16,35,11,94,22,15,81,36,45,77,38,33,80,93,90,17,19,72,20,5,99,76,
machine13:0,97,26,56,49,89,73,53,86,66,62,68,51,55,30,47,96,1,10,84,50,41,60,13,59,28,74,71,87,29,92,98,61,42,25,21,85,14,69,67,43,2,4,18,8,32,6,39,54,52,31,64,95,88,57,24,37,78,23,70,79,9,48,3,40,12,7,16,35,94,22,15,81,36,45,80,83,90,19,20,5,58,99,76,27,
machine14:0,75,97,26,56,49,89,73,53,86,34,66,62,68,55,46,30,47,1,63,84,50,60,13,59,28,74,71,87,29,92,44,61,25,85,69,67,43,65,2,4,18,8,91,6,39,54,52,31,64,95,88,24,37,78,82,23,79,9,48,40,12,7,16,35,11,94,22,15,81,36,45,38,80,93,83,90,17,19,20,5,58,99,76,27,
machine15:0,75,26,56,49,89,53,86,34,66,62,55,46,47,96,1,63,84,100,13,59,28,74,71,29,92,98,61,42,25,21,85,14,69,67,43,65,2,4,18,32,91,6,39,54,52,31,88,57,24,37,82,23,70,9,48,3,40,12,16,35,11,94,22,15,81,36,45,77,38,33,80,93,90,17,19,72,20,5,58,99,27,
machine16:0,75,97,49,89,73,62,68,51,55,30,47,96,1,63,10,84,100,50,59,28,74,71,92,61,42,25,85,14,69,67,43,2,4,32,91,6,39,54,52,64,95,88,57,24,78,82,23,70,9,12,7,16,35,94,22,15,81,45,77,38,33,80,93,83,90,17,72,20,5,58,76,
machine17:0,75,97,26,73,34,66,51,55,30,47,84,41,60,13,59,28,74,87,29,92,44,98,61,42,85,69,67,43,65,2,18,8,91,6,52,64,95,88,24,37,78,82,23,70,79,9,48,16,35,11,22,15,81,36,45,77,38,80,93,83,90,17,19,72,20,5,58,99,76,27,
machine18:0,97,26,56,49,73,53,34,66,55,46,30,47,96,10,84,100,41,60,13,59,74,29,92,44,61,42,21,85,69,67,43,2,4,18,8,32,91,6,39,54,52,31,64,95,88,57,24,23,70,3,12,16,35,94,15,81,36,45,38,33,80,93,83,90,17,19,20,5,58,99,76,27,
machine19:0,75,97,26,56,49,89,73,53,66,62,68,55,46,30,47,1,63,10,84,100,50,60,13,59,28,74,29,44,61,42,21,14,69,67,43,65,2,4,18,32,91,6,39,54,52,31,64,95,88,57,24,37,78,82,23,70,79,9,48,3,12,7,16,35,11,94,22,15,45,77,38,33,93,83,90,17,72,20,5,58,27,
machine20:0,75,97,26,56,49,89,73,34,66,55,46,30,47,96,1,63,84,50,41,60,13,59,28,71,29,92,44,98,61,42,25,21,85,14,69,67,43,4,18,32,91,6,39,54,52,64,95,88,57,24,78,82,23,79,9,48,3,40,12,7,35,11,94,22,15,81,45,38,33,80,93,17,19,20,5,58,99,76,
machine21:0,75,26,56,49,89,73,53,86,66,62,68,51,55,30,47,96,1,63,10,84,100,50,41,60,13,59,28,74,71,87,29,92,44,98,61,42,25,21,85,14,69,67,43,65,2,4,8,32,91,6,39,54,52,31,64,95,88,57,24,37,78,82,23,70,79,9,48,3,40,12,7,16,35,11,94,22,15,81,36,45,77,38,33,80,93,83,90,17,19,72,20,5,58,99,76,27,
machine22:0,75,26,56,49,89,73,53,86,34,66,62,68,51,55,46,30,47,96,1,63,10,84,100,50,60,13,59,28,74,71,87,29,92,44,98,61,42,25,21,85,14,69,67,43,65,2,4,18,8,32,91,6,39,54,52,31,64,95,88,57,24,37,78,82,23,70,79,9,48,3,12,7,16,35,11,94,22,15,81,36,45,38,33,80,93,83,90,17,19,72,20,5,58,99,27,
machine23:0,75,26,56,49,73,66,62,55,46,30,96,84,100,50,41,60,13,28,74,87,29,92,61,21,69,67,43,2,8,32,91,6,39,52,64,95,88,57,24,78,82,70,79,9,3,40,12,7,16,11,94,22,81,36,45,77,38,33,80,93,83,90,19,20,58,99,27,
machine24:0,49,73,62,68,51,46,47,96,63,84,50,41,13,59,28,87,29,92,44,61,42,25,21,69,43,2,4,18,91,6,39,54,52,31,64,88,24,37,23,70,9,48,3,12,7,16,94,22,15,81,36,45,77,38,33,80,93,83,90,20,5,99,27,
machine25:0,97,49,89,73,53,86,34,66,62,68,51,55,30,1,63,10,100,60,13,59,28,74,92,44,61,42,25,21,85,14,67,2,32,91,6,54,52,31,64,57,24,78,82,23,70,79,9,48,40,12,16,35,11,94,81,33,80,93,90,19,72,20,5,58,76,27,

1to 1:
1to 2:1,2,3,4,5,8,11,12,13,16,17,23,32,33,34,40,46,47,48,50,52,53,56,57,58,60,65,68,70,71,77,79,82,83,85,87,88,89,99,100,39,43,69,19,95,55,98,22,37,42,29,20,28,63,93,96,78,62,26,35,41,21,66,74,84,59,67,91,27,30,
1to 3:3,7,11,12,15,16,24,25,28,29,31,32,34,35,36,40,43,46,48,50,52,53,56,61,62,66,67,69,70,71,79,80,81,83,89,22,47,5,98,14,73,78,21,88,42,84,18,94,26,41,23,37,55,20,95,2,38,54,1,19,30,90,44,59,96,6,
1to 4:1,2,5,7,8,11,13,15,19,21,23,25,29,30,32,34,38,39,43,46,47,48,52,53,54,56,57,60,61,63,65,66,70,71,74,87,89,91,92,27,37,31,62,26,35,67,93,85,28,78,80,90,84,6,12,59,69,44,88,20,
1to 5:4,5,7,8,11,13,15,18,23,27,29,32,38,47,52,54,61,62,66,69,71,73,74,77,79,80,82,91,93,100,6,75,94,72,33,98,2,58,88,17,70,43,90,9,67,39,55,42,64,37,78,19,21,22,26,59,20,41,30,85,96,
1to 6:3,4,11,14,15,19,24,27,29,30,31,32,33,43,46,47,48,49,52,54,55,58,59,60,61,62,64,66,68,69,71,74,77,78,80,81,82,83,84,89,91,94,95,99,44,18,85,7,63,1,20,39,75,93,88,21,26,28,12,38,5,22,41,67,
1to 7:4,14,15,16,17,19,20,23,25,32,38,45,48,50,52,56,58,61,62,64,65,66,68,69,71,79,80,83,89,92,91,93,84,8,47,6,75,39,78,43,70,59,2,21,33,90,88,94,22,29,26,55,27,30,5,35,41,54,
1to 8:1,3,4,7,10,13,16,18,20,22,24,25,27,28,29,33,34,35,38,42,46,48,49,52,56,58,60,62,63,65,66,68,70,71,80,81,84,87,92,93,99,47,95,26,67,79,94,19,91,37,85,55,39,2,59,96,5,6,32,54,21,78,88,
1to 9:1,4,7,11,12,13,14,18,23,24,25,26,28,30,31,32,33,35,36,38,41,43,49,52,53,54,57,58,60,61,62,64,66,67,68,69,74,76,78,80,81,83,88,89,92,93,63,85,86,19,27,39,59,21,75,91,22,48,5,84,55,94,2,37,20,16,29,70,9,
2to 1:5,10,11,13,15,16,17,18,19,21,23,26,30,32,33,34,36,41,42,46,49,50,54,58,59,62,63,64,66,67,68,69,71,74,76,77,92,94,96,56,65,55,70,82,88,61,12,29,83,20,78,22,4,91,39,90,48,2,93,84,
2to 2:
2to 3:1,2,3,4,5,7,8,9,16,18,19,20,22,23,24,26,28,29,30,37,38,42,45,47,49,50,51,55,60,66,71,74,76,80,81,83,85,86,89,91,92,95,96,6,35,69,13,98,48,25,78,62,12,88,39,67,15,46,94,57,17,56,84,90,52,
2to 4:1,2,5,7,8,11,16,18,19,20,24,26,27,29,31,34,36,37,46,50,54,59,62,64,69,74,75,76,80,85,86,89,92,94,97,52,88,35,67,71,84,40,61,15,79,60,66,70,87,25,12,91,9,23,56,13,96,49,81,57,55,28,4,90,93,39,58,
2to 5:2,4,5,7,10,11,12,16,17,18,19,20,21,22,24,30,32,33,34,36,37,41,42,45,46,50,53,56,64,65,67,71,73,75,79,80,81,85,88,89,90,92,94,96,97,100,39,57,93,52,82,9,29,76,74,61,13,69,47,83,15,70,23,28,66,59,91,35,6,58,84,
2to 6:3,4,5,10,11,12,14,15,18,20,21,24,26,32,37,40,45,50,52,53,54,59,64,66,67,68,69,70,74,75,81,83,85,88,89,91,92,94,97,99,73,9,49,71,84,78,29,38,58,33,60,93,55,90,28,56,44,35,6,17,
2to 7:2,5,8,11,14,16,20,21,22,24,25,26,27,32,33,37,41,42,43,45,50,51,52,54,59,60,62,64,67,71,74,75,80,82,83,84,86,88,89,91,94,99,17,19,69,70,47,92,6,78,76,15,58,56,93,29,61,65,96,55,85,4,48,81,9,
2to 8:2,3,4,5,8,9,10,11,13,16,18,20,21,24,26,29,30,32,33,34,35,37,49,51,53,59,60,65,67,68,73,75,79,80,84,85,86,88,89,90,92,94,91,28,42,83,12,66,7,71,81,57,47,70,87,56,62,69,98,96,
2to 9:2,4,7,10,11,13,14,16,18,20,21,22,23,24,25,26,28,32,35,36,37,38,40,41,42,46,48,49,50,51,53,54,57,59,60,62,64,68,72,75,77,83,86,89,91,92,94,96,97,100,88,67,78,84,70,79,52,58,56,90,73,55,39,5,76,27,81,66,74,69,85,
3to 1:1,3,5,7,8,11,13,14,18,20,21,26,28,29,35,41,42,45,46,47,49,50,52,53,56,57,59,60,61,66,68,69,72,79,80,83,84,87,88,90,91,92,95,96,99,100,64,73,67,10,24,30,39,2,62,22,55,48,16,17,77,23,78,
3to 2:3,8,9,13,14,16,17,21,24,25,26,28,29,30,34,35,37,40,42,45,46,47,49,51,53,56,57,58,59,60,61,64,66,69,73,74,76,77,79,81,82,83,84,87,89,91,92,95,96,99,36,23,67,2,4,50,94,20,55,78,90,85,62,48,5,88,18,
3to 3:
3to 4:1,4,5,6,7,8,9,11,13,14,15,16,17,18,25,28,30,31,35,40,45,46,52,53,55,57,59,60,61,69,71,74,76,77,79,81,84,88,89,91,92,94,95,96,97,100,39,24,73,20,47,48,37,62,54,67,56,85,2,38,90,22,58,
3to 5:1,5,6,7,13,14,15,16,17,19,21,28,30,31,34,35,38,39,41,42,43,44,45,46,49,51,52,54,55,56,57,60,61,66,69,70,74,75,76,78,79,80,81,83,84,87,88,89,90,91,93,95,96,53,32,10,18,36,59,23,2,73,85,48,12,22,24,94,67,37,47,64,50,
3to 6:1,2,3,6,9,11,13,14,15,18,20,21,26,28,29,30,31,32,33,37,39,40,41,42,44,45,46,48,52,57,59,60,66,67,69,71,74,75,77,78,79,80,81,83,84,89,92,97,99,100,49,23,64,10,38,24,35,53,56,50,61,94,5,73,22,90,17,68,12,95,54,
3to 7:1,2,3,8,10,11,15,20,21,22,25,28,29,30,35,37,39,40,41,43,45,47,49,50,51,52,55,56,57,64,66,69,70,75,76,77,78,79,80,82,84,85,88,89,90,92,96,100,16,38,5,67,17,32,14,24,61,62,48,98,54,68,
3to 8:1,6,7,8,9,11,13,14,15,16,18,21,26,28,29,30,35,36,39,46,50,51,55,58,59,60,61,66,71,73,79,80,81,83,84,87,88,89,92,95,96,99,20,62,48,10,68,38,42,23,2,24,17,49,12,90,22,98,56,64,5,53,37,3,4,
3to 9:1,13,15,16,18,20,21,22,25,26,28,30,31,35,37,38,39,41,42,45,46,48,51,54,55,56,57,64,66,67,69,70,73,74,75,76,78,79,80,81,84,87,88,91,92,93,94,97,85,68,7,53,52,2,90,50,24,77,14,95,10,61,36,5,49,
4to 1:1,2,3,4,5,7,9,13,24,26,27,28,29,31,32,34,36,39,43,45,46,47,48,52,53,55,60,61,62,64,67,68,72,77,81,89,91,92,93,99,35,87,15,80,85,21,38,54,88,25,69,63,71,33,79,98,90,57,84,74,70,66,37,59,58,56,
4to 2:1,2,3,4,5,8,9,11,18,20,21,24,25,27,28,29,36,38,40,43,44,45,49,50,52,59,60,61,62,65,66,70,74,76,85,86,89,90,93,94,96,56,7,13,17,92,67,82,71,80,34,46,39,57,15,69,6,87,88,35,55,84,100,54,83,12,
4to 3:1,2,6,8,9,11,12,15,16,18,25,26,27,28,29,34,36,42,44,45,46,47,48,49,52,53,57,60,61,62,66,67,69,76,78,80,85,86,87,88,89,90,96,99,38,54,55,20,32,84,13,31,24,83,70,74,4,79,37,39,17,58,21,35,71,
4to 4:
4to 5:2,4,5,9,13,15,18,19,21,26,28,29,30,36,37,43,44,45,46,48,49,50,53,54,60,61,62,63,64,65,67,70,73,75,76,80,81,82,85,93,52,57,58,55,56,23,35,74,12,92,83,6,91,24,84,11,100,90,20,69,88,34,71,16,77,
4to 6:3,4,5,6,9,18,20,21,26,27,28,29,30,33,42,43,44,46,47,49,50,53,55,58,59,60,62,63,64,66,67,68,70,74,75,78,81,82,85,89,99,84,91,39,25,54,83,94,38,80,92,17,93,88,12,40,45,15,79,57,69,13,24,11,56,32,31,52,
4to 7:2,5,8,11,19,24,26,27,28,29,30,40,43,45,47,48,49,54,56,60,61,62,64,66,67,75,76,80,81,85,86,87,89,92,93,96,16,37,55,13,21,32,4,82,25,90,99,57,20,9,71,74,83,58,79,63,69,6,38,52,84,59,88,15,
4to 8:1,2,3,4,5,6,9,11,15,16,18,21,24,28,30,31,32,34,37,49,52,53,56,60,62,64,65,68,69,70,71,75,78,81,85,86,89,90,93,8,46,38,92,58,88,48,79,20,66,84,25,17,59,13,54,91,80,22,61,
4to 9:1,2,5,6,9,12,22,24,25,26,27,28,29,30,36,39,44,46,47,48,49,50,53,55,56,57,60,61,62,64,67,68,69,70,74,75,76,84,85,86,89,90,91,93,96,21,4,63,66,81,59,31,38,40,54,80,58,72,13,11,20,33,77,79,23,92,15,16,52,88,94,
5to 1:2,3,5,6,12,15,16,17,19,22,26,30,32,33,34,35,36,37,38,41,43,45,46,50,52,53,55,57,58,60,61,63,65,67,68,69,70,73,76,80,82,84,85,88,90,91,92,94,96,99,100,39,47,11,18,72,74,59,62,95,89,7,13,23,93,66,21,64,9,42,27,20,
5to 2:3,4,7,14,15,16,22,27,28,29,32,36,41,42,45,47,49,50,52,55,56,58,60,61,64,67,69,75,78,81,82,83,85,92,94,95,96,97,99,100,2,9,51,17,24,66,23,59,18,20,5,70,93,6,19,44,74,38,76,25,90,21,88,13,57,
5to 3:1,2,5,7,10,11,12,13,14,15,16,17,22,23,24,26,28,30,35,37,39,41,45,46,47,48,49,51,52,53,55,56,58,61,67,69,70,74,77,78,80,81,84,85,89,90,92,93,95,96,97,98,99,25,6,44,76,88,21,62,38,64,42,59,54,66,18,
5to 4:4,5,6,7,9,12,13,14,16,20,22,24,27,28,30,31,33,34,36,38,43,44,45,46,49,50,52,55,56,60,61,63,67,69,71,75,78,79,81,83,84,85,90,91,95,99,100,59,66,76,89,39,23,35,47,15,18,62,93,19,57,92,25,29,97,64,74,21,58,2,70,88,
5to 5:
5to 6:1,3,5,10,11,12,14,15,17,18,22,26,27,28,29,30,32,39,41,42,43,45,46,47,49,50,52,53,55,60,61,63,68,71,73,74,75,80,81,82,84,85,88,91,100,95,9,24,89,35,58,38,93,66,6,44,20,13,59,70,19,97,99,64,72,
5to 7:5,6,8,10,12,15,16,22,26,29,32,36,37,41,43,44,47,49,50,52,55,56,58,59,61,63,65,67,69,70,73,74,75,76,78,80,81,85,93,94,96,100,35,21,72,54,64,24,45,23,62,89,20,38,88,66,7,17,30,82,51,92,2,42,
5to 8:3,4,5,6,7,10,11,12,14,16,17,22,24,26,32,34,36,38,43,44,45,46,48,49,52,53,54,55,56,58,60,61,68,70,71,73,75,78,79,84,85,91,93,96,98,90,92,13,19,39,2,18,30,59,80,88,95,20,51,74,42,27,23,64,9,35,81,89,
5to 9:2,7,13,16,18,22,26,28,29,36,41,42,45,48,49,50,52,53,54,55,58,61,63,64,66,68,69,73,74,77,81,82,84,85,88,89,91,93,94,51,23,44,97,62,9,33,47,24,59,70,80,57,30,6,92,38,5,35,
6to 1:2,9,13,15,17,20,21,22,24,25,28,29,30,32,39,41,42,43,46,47,49,50,52,54,58,59,60,61,62,64,66,69,70,72,74,77,79,82,83,85,89,90,91,92,98,35,12,88,1,11,27,67,19,23,84,7,68,94,26,53,78,33,63,38,40,93,
6to 2:4,5,6,9,11,13,17,18,20,21,24,26,29,30,32,37,41,43,46,47,52,53,54,59,64,65,66,67,69,70,73,75,79,80,82,83,88,90,91,92,95,96,97,100,56,57,60,85,27,76,15,68,12,19,81,23,28,93,49,94,89,61,33,
6to 3:1,4,5,9,11,12,13,15,16,17,20,21,25,26,28,29,30,31,33,35,37,38,39,41,42,46,52,53,54,55,56,58,59,60,61,62,64,66,69,74,78,79,80,83,97,7,85,24,67,89,40,81,49,94,18,95,48,68,76,91,32,90,14,19,23,45,
6to 4:4,6,9,11,13,18,22,25,29,31,34,37,38,43,45,46,47,48,49,50,52,53,54,55,56,58,60,61,62,63,66,70,75,80,81,84,90,91,92,15,32,85,67,76,30,39,88,69,23,19,68,35,12,99,83,89,26,1,28,24,
6to 5:1,2,5,6,9,12,13,15,16,18,20,21,22,28,29,31,32,39,41,42,43,46,47,48,52,54,59,60,63,65,66,70,74,75,80,81,82,83,84,88,90,91,92,93,97,100,89,25,38,76,95,68,85,35,44,23,64,45,49,73,78,99,53,61,69,24,30,
6to 6:
6to 7:4,5,6,9,11,12,15,16,20,21,26,29,30,32,33,37,39,41,42,43,47,48,50,52,54,55,56,58,59,60,61,62,63,64,66,68,69,70,73,74,75,80,82,83,84,85,88,90,92,93,95,24,67,45,91,94,49,19,89,99,1,76,40,35,81,38,28,
6to 8:3,4,5,6,9,12,13,20,21,22,23,25,29,33,34,37,38,39,42,46,47,48,52,54,56,58,59,60,61,65,66,70,72,73,78,79,80,81,83,84,89,90,91,93,7,11,24,1,18,75,28,94,95,49,10,64,99,45,85,26,32,53,69,
6to 9:2,4,5,9,13,16,18,20,21,22,25,29,30,32,33,39,42,43,45,46,47,50,52,53,54,56,58,59,62,63,66,69,70,73,77,79,80,82,83,84,85,90,92,93,89,28,48,49,75,88,24,64,1,60,7,38,94,23,78,26,99,35,81,40,12,
7to 1:2,5,8,9,10,12,15,21,24,25,26,28,32,33,38,39,42,47,49,53,54,55,56,59,60,64,66,68,69,70,71,72,73,76,77,80,82,83,84,85,88,89,98,99,35,41,19,29,22,20,87,93,91,43,58,78,62,96,90,3,30,27,52,16,1,67,
7to 2:1,2,5,6,11,12,13,14,15,19,21,25,28,32,33,36,37,43,44,50,51,54,58,59,60,61,62,63,66,67,68,69,74,75,76,81,84,86,88,89,93,100,49,83,40,91,29,4,20,70,17,92,9,64,65,82,30,96,3,16,87,
7to 3:1,2,3,4,5,6,10,13,14,15,19,20,21,24,25,26,27,28,29,30,35,37,38,39,41,42,43,44,47,49,51,52,53,54,60,61,62,66,68,69,73,76,78,80,83,84,85,86,88,90,91,93,94,95,99,92,23,96,48,9,58,45,17,56,16,55,40,67,89,
7to 4:2,5,11,12,14,15,19,20,23,24,25,27,28,30,31,37,38,39,40,44,49,54,59,60,61,62,63,68,71,76,78,79,80,81,82,86,88,89,90,96,70,93,45,7,17,58,43,84,29,55,4,9,65,67,91,6,69,92,64,66,47,13,52,
7to 5:2,4,5,8,10,11,15,16,19,20,21,24,28,32,35,36,37,38,42,44,45,49,50,55,59,60,61,62,63,68,69,80,81,83,84,88,89,94,95,100,78,47,7,43,70,87,64,92,93,22,82,29,27,23,30,66,6,41,90,99,67,91,17,52,1,
7to 6:4,5,6,10,11,21,24,26,27,28,29,32,35,38,39,40,42,44,49,50,53,54,56,59,60,61,62,63,67,70,71,75,79,80,81,84,88,89,15,58,66,1,55,3,78,9,69,41,47,82,91,33,65,85,52,23,43,83,45,48,30,14,20,72,25,
7to 7:
7to 8:1,2,5,8,9,10,14,15,20,21,22,24,25,26,28,32,37,38,42,44,49,51,54,56,59,60,61,62,64,66,71,73,75,78,79,80,81,82,84,86,88,92,93,94,95,96,13,58,89,4,16,30,6,43,72,45,19,33,83,52,70,87,3,29,48,67,
7to 9:1,4,5,6,9,10,11,12,15,19,20,21,24,25,26,28,32,36,37,38,40,41,42,43,44,48,49,51,53,54,56,58,59,61,62,63,66,67,69,72,75,77,79,80,81,82,84,85,86,88,94,96,52,83,91,90,30,87,89,16,27,55,92,93,33,45,70,78,13,
8to 1:1,2,5,7,10,11,12,13,14,16,18,20,21,23,24,25,27,28,29,30,32,33,34,35,37,38,39,42,43,48,49,50,53,55,56,57,58,59,60,62,64,65,67,68,69,70,71,73,78,79,80,84,87,89,90,92,93,95,98,99,100,17,8,66,47,26,91,88,61,85,22,
8to 2:1,4,5,6,13,16,20,22,23,24,27,28,29,32,34,37,39,43,44,46,49,50,51,52,55,56,57,59,62,66,68,69,70,71,78,81,82,87,88,89,90,91,92,94,95,96,58,33,17,60,61,42,84,45,11,79,48,85,
8to 3:1,2,4,5,6,16,18,20,24,25,29,31,32,34,37,38,39,42,43,44,49,50,51,53,54,55,56,60,62,64,68,71,73,78,79,80,81,83,85,88,90,91,93,94,99,26,67,52,12,47,96,22,33,30,10,48,28,8,69,66,17,45,95,13,87,3,
8to 4:1,5,9,11,16,20,22,23,24,26,27,28,29,34,35,37,39,43,46,47,48,49,55,57,58,59,60,61,62,67,68,69,70,71,75,78,85,89,90,91,92,93,94,95,96,100,52,13,30,25,38,79,45,4,84,88,3,6,80,32,54,
8to 5:1,4,5,9,16,18,19,20,24,26,28,29,33,34,37,43,48,49,50,51,52,53,56,57,58,60,64,66,68,70,71,79,82,89,90,91,92,94,95,96,45,11,80,3,36,30,13,2,6,59,22,88,32,85,38,81,47,61,84,42,10,54,
8to 6:1,4,5,9,10,12,14,18,20,22,24,29,31,38,39,43,44,49,50,53,55,56,58,60,64,68,70,73,75,82,89,90,94,95,100,26,28,45,48,52,59,91,13,47,54,30,57,69,85,81,6,66,78,32,42,72,79,
8to 7:2,5,9,11,12,14,16,19,20,21,23,24,28,29,37,38,42,43,48,49,50,54,55,56,60,62,67,68,69,70,71,73,75,78,79,80,81,82,83,84,89,91,92,93,96,98,99,100,7,58,22,8,13,32,66,33,3,10,25,52,87,26,4,88,
8to 8:
8to 9:1,2,4,5,7,10,16,19,20,21,24,25,27,29,31,38,39,43,44,46,48,49,50,51,53,56,57,60,62,68,70,72,73,75,78,81,85,90,91,92,93,96,52,6,3,13,8,58,36,66,26,84,61,54,28,30,22,79,80,42,88,32,
9to 1:1,2,3,6,7,15,16,18,24,26,27,29,33,35,39,40,41,46,47,49,52,53,54,58,61,62,63,64,68,69,74,78,79,83,84,87,88,91,92,93,96,20,5,77,85,59,73,99,21,70,30,38,81,32,23,36,66,28,90,19,22,100,8,13,
9to 2:1,3,4,11,12,13,14,15,16,18,20,21,29,40,42,46,49,51,53,54,57,60,61,62,63,66,68,69,74,75,78,79,80,82,84,85,87,88,90,91,93,94,96,70,52,2,37,24,92,33,5,36,28,77,89,58,86,81,
9to 3:4,6,11,13,15,18,20,21,24,25,28,29,30,31,33,35,36,40,41,45,46,49,52,53,54,55,56,57,58,59,60,62,66,67,68,69,74,78,79,84,88,90,92,93,94,96,1,2,5,81,48,37,51,85,83,50,77,72,99,64,16,80,89,22,
9to 4:4,11,15,16,18,21,25,29,31,34,35,36,37,38,39,40,44,45,46,48,49,53,54,55,57,58,60,61,62,67,68,69,70,74,78,79,83,84,88,90,93,96,2,86,92,9,22,100,13,27,12,28,33,52,89,59,20,72,6,24,5,80,1,81,
9to 5:9,12,16,18,24,26,31,39,41,42,43,44,45,49,52,53,59,60,61,68,73,74,78,79,82,83,84,85,88,91,92,93,94,38,72,64,22,48,80,66,6,23,21,28,95,5,13,77,90,2,27,36,70,81,7,51,
9to 6:3,6,11,12,14,15,16,18,20,21,31,38,39,40,41,44,45,46,47,53,54,55,56,58,59,60,61,63,66,69,73,75,78,79,80,82,84,85,88,91,93,94,89,95,27,32,70,28,30,24,90,5,76,49,81,48,64,26,33,72,77,100,13,52,
9to 7:4,11,13,14,15,19,20,24,25,26,29,37,38,39,40,41,42,43,44,49,51,54,55,58,60,61,62,63,64,68,69,74,76,78,79,81,84,85,88,92,93,94,96,99,30,33,66,22,5,72,80,83,52,27,90,16,48,23,28,36,2,73,100,6,95,
9to 8:1,3,4,10,11,14,16,18,20,21,33,34,37,38,39,42,43,44,45,46,49,53,54,60,64,74,78,79,81,83,84,85,88,91,92,94,96,23,51,30,13,27,52,73,80,70,5,90,32,50,58,24,36,6,48,95,
9to 9:

cell1:6,8,2,9,7,3,5,4,
cell2:7,8,5,9,4,3,6,1,
cell3:1,6,9,2,7,5,4,8,
cell4:2,1,8,7,6,9,3,5,
cell5:2,1,3,7,6,8,9,4,
cell6:1,2,9,3,5,7,8,4,
cell7:8,1,2,9,5,4,3,6,
cell8:2,4,7,9,6,5,1,3,
cell9:4,6,2,3,7,5,1,8,
