machine1:0,53,63,100,57,31,71,32,73,70,40,65,95,25,15,99,74,11,69,34,16,91,5,61,60,92,7,39,66,22,88,64,29,12,83,21,82,13,27,48,78,49,90,23,54,85,3,52,62,18,2,46,59,19,80,
machine2:0,71,8,70,15,89,14,37,44,74,58,16,17,5,61,79,1,60,7,39,66,22,67,4,55,21,96,27,48,24,49,38,90,23,54,3,52,18,2,59,72,26,80,33,35,30,28,
machine3:0,68,41,87,50,32,95,14,11,69,43,16,91,5,61,1,56,22,88,29,12,83,20,21,78,84,90,93,76,42,62,81,47,19,26,80,33,35,
machine4:0,63,75,41,98,71,8,10,9,77,15,89,14,37,69,17,91,5,6,92,39,66,88,67,64,29,4,12,55,20,94,13,45,27,38,84,90,93,62,2,46,59,36,81,47,19,26,80,35,
machine5:0,68,53,63,86,87,31,71,50,73,8,9,70,65,77,99,74,69,34,43,58,16,91,5,61,79,1,6,92,7,56,66,22,88,67,64,29,55,20,21,94,82,96,13,48,78,84,90,23,54,85,62,18,2,59,47,19,26,33,35,30,28,
machine6:0,63,75,100,98,57,71,50,32,8,70,15,99,89,37,44,34,17,61,51,56,88,64,29,4,55,21,94,96,13,45,27,48,84,90,23,93,85,52,42,62,18,46,72,81,47,19,35,30,28,
machine7:0,53,86,41,100,97,87,50,70,65,77,15,37,74,16,91,5,79,60,92,66,22,67,29,4,12,83,55,20,21,82,96,13,38,54,3,42,62,2,59,36,81,19,33,30,28,
machine8:0,68,100,57,87,31,8,70,40,95,15,14,74,11,69,34,43,5,1,6,92,56,88,67,4,83,20,21,94,96,45,24,49,84,90,93,76,52,2,46,36,47,26,33,
machine9:0,75,97,71,8,9,65,25,99,89,74,11,34,16,91,5,79,60,6,92,39,66,22,88,67,29,12,83,20,13,48,24,49,38,84,93,54,85,3,42,62,18,46,59,80,35,30,
machine10:0,68,57,71,50,32,73,10,9,95,25,89,14,37,69,43,58,16,91,5,51,79,92,7,56,66,22,67,29,4,12,55,20,48,78,23,76,3,52,42,2,46,59,80,33,35,28,
machine11:0,41,57,32,73,9,70,40,65,77,74,11,69,17,91,5,61,60,6,92,39,66,88,67,64,29,12,20,94,82,96,13,49,23,76,52,62,18,81,19,26,33,28,
machine12:0,53,75,41,100,98,31,50,32,73,8,40,95,77,25,15,99,89,14,37,44,74,11,69,34,16,17,91,5,61,51,79,1,60,6,7,56,39,66,22,88,67,64,29,4,12,55,20,21,94,82,96,13,45,48,78,24,49,38,84,90,23,93,76,54,85,3,52,42,62,18,2,46,72,36,81,47,19,26,80,33,35,30,28,
machine13:0,68,53,86,41,98,97,57,87,31,71,50,32,73,8,10,9,70,40,95,25,15,99,89,14,37,74,69,43,58,16,5,61,51,79,1,60,6,92,7,56,39,66,22,88,67,64,29,4,12,83,55,20,21,94,96,13,45,27,48,78,24,49,84,90,23,76,54,85,3,52,42,62,18,2,59,36,81,47,19,26,80,35,30,28,
machine14:0,68,53,63,75,86,97,87,31,71,50,73,8,9,40,65,95,25,15,99,89,37,44,74,11,69,34,43,58,16,17,91,5,61,79,1,60,6,92,7,56,39,66,22,88,67,64,29,4,12,83,55,20,94,82,13,45,27,48,78,24,49,38,84,90,23,93,76,54,85,52,62,18,2,46,59,36,81,47,19,26,80,35,30,28,
machine15:0,53,63,75,86,100,98,57,31,71,32,9,70,40,65,77,25,15,99,89,14,37,74,11,69,34,43,58,16,17,91,5,61,1,6,92,56,39,66,22,88,67,29,4,12,55,20,21,94,82,96,13,45,27,48,24,49,38,84,90,23,93,54,85,3,52,42,62,18,2,46,59,72,36,81,47,19,26,80,33,35,28,
machine16:0,68,63,75,100,97,57,71,50,32,73,10,9,70,95,77,25,15,89,14,74,69,43,58,16,17,91,5,61,51,1,6,92,7,39,22,88,67,64,4,12,83,55,20,94,82,96,45,78,24,49,38,84,90,23,93,76,54,85,52,42,62,2,59,72,81,47,80,33,35,30,28,
machine17:0,75,41,98,97,87,73,8,9,70,65,95,77,15,99,37,44,74,11,69,34,43,58,16,17,91,5,61,51,79,60,6,92,66,22,88,67,64,29,83,55,20,82,13,45,27,48,78,24,38,84,90,23,93,76,85,52,42,18,2,59,72,36,81,47,19,26,80,35,30,28,
machine18:0,53,41,100,97,57,31,32,73,8,10,70,95,15,99,44,74,69,34,43,58,16,17,91,5,61,60,6,92,56,39,66,88,67,64,29,4,12,83,55,20,21,94,96,13,45,27,24,49,38,84,90,23,93,76,54,85,3,52,42,18,2,46,59,36,81,47,19,26,80,33,35,30,
machine19:0,68,53,63,75,100,97,57,31,50,32,73,10,9,70,65,95,77,15,89,14,37,44,74,11,69,43,58,16,17,91,5,61,79,1,60,6,7,56,39,66,22,88,67,64,29,4,12,83,55,20,21,94,82,13,45,27,48,78,24,49,38,84,90,23,93,54,3,52,42,62,18,2,46,59,72,47,26,33,35,30,28,
machine20:0,63,75,41,98,97,57,71,50,32,73,9,40,95,25,15,99,89,14,44,11,69,34,43,58,17,91,5,61,79,1,60,6,92,7,56,39,66,22,88,67,64,29,4,12,55,20,21,94,82,96,13,45,48,78,24,49,38,84,23,93,76,54,85,3,52,42,18,46,59,81,47,19,26,80,33,35,30,28,
machine21:0,68,53,63,75,86,41,100,98,57,87,31,71,50,32,73,8,10,9,70,40,65,95,77,25,15,99,89,14,37,44,74,11,69,43,58,16,17,91,5,61,51,79,1,60,6,92,7,56,39,66,22,88,67,64,29,4,12,83,55,20,21,94,82,96,13,45,27,48,78,24,49,38,84,90,23,93,76,54,85,3,52,42,62,2,59,72,36,81,47,19,26,80,33,35,30,28,
machine22:0,68,53,63,75,86,100,98,57,87,31,71,50,32,73,8,10,9,70,65,95,25,15,99,89,14,37,44,74,11,69,34,43,58,16,17,91,5,61,51,79,1,60,6,92,7,56,39,66,22,88,67,64,29,4,12,83,55,20,21,94,82,96,13,45,27,48,78,24,49,38,84,90,23,93,54,85,3,52,42,62,18,2,46,59,72,36,81,47,19,26,80,33,35,30,28,
machine23:0,75,41,100,57,87,50,32,73,8,9,70,40,95,77,99,74,11,69,43,58,16,91,61,79,60,6,92,7,56,39,66,22,88,67,64,29,12,83,55,20,21,94,82,96,13,45,27,78,24,49,38,84,90,93,3,52,62,2,46,36,81,19,26,80,33,30,28,
machine24:0,68,63,41,87,31,50,73,9,70,77,25,15,99,37,44,69,43,16,91,5,61,51,6,92,7,39,22,88,64,29,4,12,83,20,21,94,96,13,45,27,48,24,49,38,84,90,23,93,54,3,52,42,62,18,2,46,59,36,81,47,80,33,28,
machine25:0,68,53,63,86,100,97,57,31,32,73,10,9,70,40,25,89,14,44,74,11,34,58,16,91,5,61,51,79,1,60,6,92,66,67,64,12,55,20,21,94,82,13,27,48,78,24,49,90,23,93,76,54,85,52,42,62,2,59,72,81,19,80,33,35,30,28,

1to 1:
1to 2:1,2,3,4,8,12,13,16,17,23,32,33,34,37,39,40,42,43,46,47,48,50,52,53,56,57,58,60,65,66,68,69,70,71,74,77,79,82,83,85,87,95,99,100,84,28,20,35,30,88,91,29,59,55,26,93,67,5,19,22,21,62,78,96,27,89,11,63,98,41,
1to 3:1,2,3,5,7,11,12,15,16,18,24,25,29,31,32,34,36,38,40,42,43,46,48,50,52,53,55,56,59,62,66,69,70,71,73,79,80,83,88,94,95,96,81,84,90,35,30,20,28,23,61,67,26,54,21,14,22,78,37,47,6,19,89,44,98,41,
1to 4:1,2,5,7,8,11,13,15,19,21,23,25,30,32,34,38,39,43,46,47,48,52,53,54,56,57,60,63,65,66,69,70,71,74,91,92,90,84,28,35,59,88,20,29,80,67,26,61,85,93,6,62,37,27,78,12,89,44,31,87,
1to 5:2,4,5,7,8,13,15,17,18,23,29,32,38,42,43,47,52,54,58,59,62,66,69,71,73,74,77,79,80,91,93,94,96,100,90,33,64,30,20,88,61,67,55,6,26,85,21,39,37,22,11,78,19,70,72,27,9,82,75,98,41,
1to 6:1,3,4,11,14,15,18,19,24,29,30,31,32,33,38,43,46,47,48,52,54,55,58,59,60,62,64,66,68,69,71,74,77,78,80,83,84,88,89,91,94,95,99,81,28,20,49,85,61,7,26,93,5,67,21,39,27,12,22,44,82,63,75,41,
1to 7:2,4,14,15,16,17,19,20,25,32,38,45,48,50,52,56,58,62,64,65,66,68,69,71,79,80,83,92,94,84,90,91,23,30,59,33,88,35,29,5,61,93,55,6,26,54,21,39,78,47,43,22,27,70,89,8,75,41,
1to 8:1,4,7,10,13,16,18,20,22,24,25,28,29,33,34,37,38,42,46,47,48,52,56,58,60,62,63,65,66,68,70,71,80,88,92,93,94,95,96,99,81,84,91,35,59,67,49,55,26,85,2,54,79,5,6,19,39,27,21,78,32,3,87,
1to 9:1,2,4,11,12,13,14,16,18,22,23,24,25,26,30,31,32,33,36,37,38,39,41,43,52,53,54,57,58,60,61,62,64,66,67,68,69,74,76,78,80,83,92,93,94,84,81,48,91,59,28,20,35,88,29,85,55,49,7,21,5,19,27,89,70,9,63,75,86,
2to 1:2,5,10,11,13,15,16,17,18,19,20,21,23,29,30,32,33,34,41,42,46,48,49,50,54,55,58,59,61,62,64,66,67,68,69,70,71,74,76,77,78,82,90,91,92,93,94,96,4,84,83,88,26,56,12,22,39,36,65,63,
2to 2:
2to 3:1,2,3,7,8,9,16,17,18,19,20,22,23,28,29,30,37,38,42,45,47,48,49,50,51,60,62,66,71,74,76,78,80,81,83,84,85,86,89,90,91,92,95,98,24,4,35,13,88,69,52,5,55,67,26,6,12,15,39,25,56,96,94,57,46,
2to 4:1,2,5,7,8,11,16,18,19,23,24,26,27,29,31,34,35,37,46,50,54,57,59,61,62,64,66,69,70,74,75,76,80,85,86,87,89,90,91,94,97,84,81,4,20,28,88,52,55,13,67,49,58,92,79,15,93,12,56,60,25,39,9,96,36,40,71,
2to 5:2,5,7,10,11,12,16,19,20,21,22,23,28,29,30,32,33,34,36,37,41,42,45,46,50,53,56,61,64,65,66,67,70,71,73,75,76,79,80,81,82,85,89,91,92,93,97,100,90,84,4,24,83,52,13,59,69,35,58,88,18,17,39,15,6,47,9,96,94,57,74,
2to 6:3,10,11,12,14,17,18,21,28,29,32,37,38,40,44,45,50,52,53,54,59,64,66,67,68,69,70,74,75,78,81,83,85,89,90,91,92,94,97,99,84,4,24,33,58,49,88,20,35,26,55,93,5,15,6,56,73,60,9,71,
2to 7:2,8,11,14,16,17,19,21,22,24,25,27,29,32,33,37,41,42,43,48,50,51,52,54,59,60,61,62,64,67,70,71,74,75,76,78,80,82,83,84,85,86,88,89,91,92,99,81,4,20,58,69,55,45,6,93,5,26,15,56,47,94,96,65,9,
2to 8:2,3,8,9,10,11,13,16,18,20,21,24,26,29,30,32,33,34,35,37,49,51,53,59,60,62,65,66,67,68,70,73,75,79,80,84,85,86,87,88,89,91,92,98,81,90,4,28,83,42,69,7,5,12,56,47,94,57,96,71,
2to 9:2,4,7,10,11,13,14,16,20,21,22,23,24,25,27,28,32,35,37,38,40,41,42,46,48,49,51,53,54,55,57,59,60,62,64,66,68,70,72,75,77,78,83,84,85,86,89,90,91,92,96,97,100,81,52,88,58,67,26,5,69,79,18,56,39,73,76,94,36,50,74,
3to 1:1,3,5,7,8,11,14,18,20,21,24,28,29,35,41,42,46,47,49,50,52,53,56,59,60,61,62,66,68,69,72,79,80,83,84,87,88,90,91,95,99,100,30,64,48,67,13,23,55,45,26,16,92,2,39,22,73,17,96,78,57,10,77,
3to 2:2,3,5,8,9,14,16,17,21,24,25,26,28,29,30,34,35,37,40,46,47,49,53,56,58,59,60,64,66,69,73,74,76,77,79,82,83,84,85,87,88,89,91,95,99,81,90,4,48,20,23,42,67,55,13,61,92,45,78,62,50,96,18,36,94,57,51,
3to 3:
3to 4:1,2,5,7,8,9,11,13,14,15,16,17,18,24,25,28,30,31,35,40,46,52,53,58,59,60,61,69,71,74,76,77,79,81,84,88,89,91,92,94,95,96,97,100,4,90,48,20,38,67,85,55,6,39,54,45,37,73,47,62,56,22,57,
3to 5:1,5,7,13,14,15,16,17,19,21,28,30,31,34,35,41,42,43,44,46,49,51,52,55,56,59,60,66,69,70,74,75,76,78,79,83,84,85,87,88,89,90,91,93,95,81,24,48,23,38,64,80,2,67,61,45,6,18,54,22,12,39,37,32,73,36,47,96,94,57,50,10,53,
3to 6:1,2,3,5,6,9,11,14,15,18,20,21,26,28,29,30,31,32,33,37,40,41,42,46,49,52,59,60,66,67,69,71,74,75,77,78,79,83,84,89,97,99,100,90,81,24,64,23,35,48,38,80,13,54,45,61,92,39,56,22,17,12,73,94,50,57,44,95,10,53,68,
3to 7:1,2,3,5,8,10,11,15,20,21,22,24,25,28,29,30,35,37,40,41,43,47,50,52,54,56,64,66,69,70,75,76,77,78,79,80,82,84,88,89,90,100,48,38,16,49,45,67,61,55,85,92,39,17,14,62,96,32,57,51,98,68,
3to 8:1,2,5,7,8,9,11,14,15,16,18,21,26,28,29,30,35,36,46,49,50,55,58,59,60,66,71,73,79,80,81,83,84,87,88,89,95,99,90,24,20,4,48,23,64,42,38,13,61,92,6,39,62,17,22,12,56,37,96,3,10,51,68,98,53,
3to 9:1,5,7,13,15,16,18,20,21,22,25,26,28,30,31,35,37,41,42,46,48,51,54,56,64,66,67,69,70,73,74,75,76,78,79,84,87,88,91,92,93,94,97,90,81,24,38,52,49,55,80,2,61,45,85,39,14,57,50,95,36,53,77,68,10,
4to 1:1,2,3,4,5,7,9,13,24,27,31,32,34,36,39,43,45,46,47,48,52,53,55,57,60,61,62,64,68,72,77,81,84,89,90,92,93,99,28,91,35,38,88,33,80,29,59,58,69,85,66,67,54,26,21,15,79,37,25,56,70,87,63,74,71,98,
4to 2:1,2,3,5,8,9,11,18,20,21,24,27,28,29,36,38,40,44,45,50,52,54,57,59,61,62,66,70,74,76,85,86,89,90,93,94,84,4,13,49,35,80,83,88,67,69,7,92,55,6,17,39,56,43,15,60,12,82,25,96,65,34,46,71,100,87,
4to 3:1,2,6,8,9,11,12,13,15,16,18,20,24,25,26,27,29,32,34,42,44,45,46,47,48,52,53,57,60,61,66,67,69,76,78,85,86,88,89,90,99,84,4,28,83,80,38,49,35,55,58,54,62,79,17,37,21,39,70,96,36,74,31,87,71,
4to 4:
4to 5:2,5,9,13,18,19,20,21,24,30,36,37,45,46,48,50,52,53,54,57,60,61,62,63,64,67,70,73,75,81,82,93,84,4,90,91,35,23,28,83,58,29,55,49,88,80,85,69,92,16,26,6,15,56,12,43,76,11,44,74,65,34,100,77,71,
4to 6:3,5,6,9,18,20,21,24,27,29,32,33,42,43,44,46,47,50,52,53,55,57,59,60,62,63,64,66,67,68,70,74,75,81,82,85,89,99,84,4,30,28,91,83,38,80,88,49,58,26,13,54,69,93,45,92,39,79,15,12,17,78,56,94,25,11,40,31,
4to 7:2,5,8,11,19,20,24,27,29,32,40,45,47,48,49,52,54,56,57,60,61,62,64,66,75,81,86,89,90,92,93,84,4,28,30,13,83,58,55,16,38,59,67,88,80,85,69,26,21,37,6,79,25,43,15,82,76,9,99,96,74,63,71,87,
4to 8:1,2,3,5,6,9,11,13,16,18,20,21,24,31,32,34,37,48,52,53,56,60,64,68,69,70,71,75,78,81,86,89,90,93,84,30,28,4,38,91,49,88,59,58,66,80,85,92,54,61,79,17,15,62,22,25,8,46,65,
4to 9:1,2,5,6,9,12,20,22,24,26,28,29,39,44,46,47,48,50,52,53,54,55,56,57,61,62,64,67,68,69,70,74,75,84,86,89,90,93,81,4,91,30,59,66,38,49,33,80,23,58,13,88,16,85,21,92,15,79,60,27,96,36,25,11,72,94,76,63,40,77,31,
5to 1:2,3,6,9,13,15,16,17,19,22,26,30,32,33,34,35,36,37,38,41,42,43,45,46,50,52,53,55,57,58,60,63,65,67,69,70,72,73,76,80,82,84,85,88,90,91,92,94,96,99,100,20,64,59,66,23,5,61,7,93,39,18,47,62,21,11,12,27,95,89,74,68,
5to 2:3,4,7,9,13,14,15,16,22,27,29,32,36,41,42,45,47,49,50,51,52,55,57,58,59,60,61,64,67,75,78,81,82,83,85,92,94,95,96,97,99,100,24,90,28,20,23,66,38,69,88,2,5,93,6,17,18,19,21,56,70,25,76,44,74,
5to 3:1,2,7,11,12,14,15,16,17,22,23,24,26,28,30,35,37,39,41,42,45,46,47,48,49,51,53,55,58,67,69,70,74,78,80,81,84,85,90,92,93,95,96,97,98,99,64,52,88,38,13,59,5,66,61,6,54,21,56,62,25,18,76,44,89,10,77,
5to 4:4,6,7,12,14,16,20,22,24,27,28,29,30,31,33,34,36,38,43,44,45,46,49,50,55,57,59,60,63,67,71,75,78,79,81,83,84,85,90,91,95,99,100,35,23,52,66,64,58,88,13,69,93,61,92,5,2,39,15,18,62,19,21,47,9,56,25,76,89,70,74,97,
5to 5:
5to 6:1,3,9,11,13,14,15,17,18,22,26,27,28,30,32,39,41,42,43,45,46,47,49,50,53,55,59,60,61,63,71,73,74,75,80,81,82,84,85,88,100,24,91,35,52,29,20,64,58,38,66,5,93,6,12,19,95,89,70,99,72,44,68,10,97,
5to 7:5,6,8,15,16,22,26,30,32,36,37,41,42,43,44,45,47,49,50,51,55,58,59,61,63,65,67,69,70,73,74,75,76,78,80,81,85,94,96,100,24,64,20,35,23,38,88,66,29,52,54,21,7,2,92,93,62,12,17,72,56,82,89,10,
5to 8:3,4,5,6,7,9,11,12,14,16,17,22,24,26,30,32,34,36,38,42,43,44,45,46,48,49,51,52,53,54,55,58,59,60,70,71,73,75,78,79,84,85,91,96,98,90,81,20,88,64,80,23,35,13,2,93,92,61,18,19,39,56,27,95,89,74,10,68,
5to 9:2,7,9,16,18,22,26,28,29,30,36,41,42,45,48,49,50,53,54,55,57,58,63,64,69,73,74,77,81,82,84,85,88,91,94,24,23,52,66,33,59,80,35,61,38,13,5,93,92,6,62,47,70,89,44,51,97,68,
6to 1:2,9,12,13,17,21,22,24,28,30,32,38,39,41,43,46,49,50,52,54,60,61,62,63,64,66,67,68,69,70,72,74,77,79,82,83,85,88,89,90,92,94,98,84,91,35,59,23,20,58,29,33,42,26,7,93,19,27,47,15,78,11,25,1,40,53,
6to 2:5,6,9,11,17,18,20,21,23,24,26,28,30,32,37,41,43,46,49,52,53,54,60,64,65,66,67,68,69,70,73,75,80,82,83,88,91,92,95,96,97,100,90,81,4,59,13,29,33,85,61,93,56,15,19,47,79,27,12,94,76,57,89,
6to 3:1,4,9,11,12,16,21,23,24,26,28,29,30,33,35,37,38,39,41,46,49,52,53,55,56,60,61,62,64,66,67,68,69,74,78,79,80,81,89,95,97,90,48,91,20,83,13,42,59,58,5,85,54,7,15,45,18,25,17,14,19,94,76,32,40,31,
6to 4:4,6,9,11,12,18,22,23,24,28,30,34,37,39,43,45,46,48,49,50,52,53,54,55,56,58,60,61,62,63,67,68,70,75,80,81,84,88,89,91,92,90,38,66,83,35,29,13,85,69,26,15,25,19,32,76,47,99,31,1,
6to 5:1,2,6,9,12,13,15,16,18,21,22,23,28,29,30,32,39,41,42,43,44,46,48,52,54,60,63,65,68,70,74,75,80,81,82,83,84,88,90,91,92,95,97,100,24,59,64,35,20,38,66,49,5,85,69,45,61,93,25,78,76,89,47,73,99,31,53,
6to 6:
6to 7:4,6,9,11,12,16,21,24,26,29,30,32,33,37,38,39,41,43,48,50,52,54,55,56,60,61,62,63,64,66,67,68,69,70,74,75,80,81,82,84,88,90,94,95,91,20,59,83,28,49,35,85,42,5,58,45,92,93,19,15,47,73,89,76,99,1,40,
6to 8:3,5,6,9,12,21,22,23,24,33,34,37,38,39,46,48,52,56,59,60,61,65,70,72,78,79,80,81,83,84,89,91,95,4,90,28,64,58,20,66,13,49,42,29,7,45,69,85,54,26,18,93,47,25,11,73,94,99,32,1,75,10,53,
6to 9:2,4,9,12,13,16,18,21,23,24,29,30,32,33,38,39,42,43,45,46,47,50,52,53,54,56,59,60,62,63,69,70,77,79,80,81,82,83,84,88,89,92,94,90,28,48,64,20,35,49,58,85,66,5,93,7,26,22,78,73,25,99,1,75,40,
7to 1:2,3,9,10,15,20,24,25,26,28,29,33,35,38,42,53,55,56,58,60,66,68,69,70,71,76,77,83,84,85,88,89,93,96,98,90,91,30,59,64,80,49,52,16,67,54,5,22,19,39,12,78,43,21,47,82,62,27,72,73,99,32,8,87,41,1,
7to 2:1,2,3,4,6,11,13,14,15,19,20,25,28,32,33,36,40,43,44,51,58,59,60,61,63,66,67,68,69,70,74,76,81,83,84,86,88,93,96,100,91,30,64,29,5,49,16,92,54,37,12,62,21,17,50,9,82,89,65,75,87,
7to 3:1,2,3,4,5,6,10,13,14,15,19,20,25,26,27,28,29,35,37,40,41,42,43,44,48,51,52,53,54,58,60,61,62,66,67,68,69,76,78,83,84,85,86,88,90,91,93,94,96,24,30,23,80,38,49,16,55,92,45,39,47,17,56,21,9,73,95,99,89,
7to 4:2,4,5,6,11,13,14,15,19,20,23,24,25,27,28,29,31,37,38,39,40,44,49,52,54,60,61,62,63,67,68,70,71,76,78,80,81,82,84,86,88,90,93,96,30,91,64,59,66,55,58,45,69,7,79,92,17,43,12,9,47,89,65,
7to 5:2,4,6,8,10,11,15,16,20,21,24,28,32,35,36,37,38,44,45,49,52,55,59,60,61,63,68,69,70,81,83,84,88,89,94,100,90,64,30,91,23,29,66,80,42,67,7,93,92,5,22,43,78,19,27,17,47,82,62,95,50,99,87,1,41,
7to 6:3,4,5,6,10,11,15,20,21,25,26,27,28,29,35,40,44,48,49,53,54,56,58,59,60,61,63,70,71,80,81,84,85,88,91,24,30,66,33,23,42,52,38,83,55,69,67,45,78,39,79,43,47,32,14,62,89,9,50,82,65,1,72,75,41,
7to 7:
7to 8:1,2,3,4,5,6,8,9,10,13,14,15,20,22,25,26,28,38,42,44,49,51,52,54,56,58,59,60,61,62,64,66,67,70,71,73,75,78,79,81,82,83,84,86,88,89,92,93,94,96,30,48,24,33,80,16,29,45,21,37,19,43,32,95,72,87,
7to 9:1,4,6,9,10,11,13,15,19,20,25,26,28,32,36,38,40,41,42,43,44,48,49,51,53,56,58,59,61,63,66,69,70,72,75,77,81,82,83,84,85,86,88,89,94,96,90,24,30,91,52,80,33,67,16,55,54,5,93,45,92,21,62,79,37,27,12,78,87,
8to 1:1,7,10,11,12,13,14,16,17,18,20,21,23,24,25,26,27,28,29,32,33,34,37,38,39,42,47,49,50,53,55,56,57,58,59,60,64,65,66,68,69,70,71,73,78,79,80,84,85,87,89,91,92,93,95,98,99,100,90,30,48,35,88,67,5,61,2,43,62,22,8,
8to 2:1,4,6,11,13,16,17,20,22,23,24,27,28,29,32,34,44,49,51,52,55,56,57,58,59,62,66,68,69,70,71,78,81,82,85,87,88,89,90,92,94,96,84,91,33,48,42,61,5,45,39,37,79,60,43,50,95,46,
8to 3:2,4,5,6,12,16,17,20,24,25,26,29,31,34,38,39,42,43,44,45,47,51,52,53,54,55,56,60,62,66,68,71,73,78,79,80,81,83,85,87,88,91,93,94,96,99,90,48,28,30,33,64,49,67,13,69,22,37,18,32,3,50,8,95,1,10,
8to 4:6,9,11,16,20,22,23,24,25,26,27,28,29,34,35,37,38,39,45,47,48,52,54,55,57,58,59,60,61,62,68,69,70,71,75,78,79,85,89,92,93,94,96,100,84,30,90,91,4,13,88,67,80,49,5,43,3,32,95,46,1,
8to 5:1,2,4,9,11,16,18,19,20,24,26,28,29,33,34,37,38,43,45,47,48,50,51,52,53,54,56,57,59,60,66,68,70,71,79,80,82,85,89,90,92,94,96,81,84,30,64,91,58,13,88,42,49,5,61,6,22,3,36,32,95,10,
8to 6:1,4,6,9,10,12,14,20,22,24,26,29,31,38,39,44,47,50,52,53,54,55,56,58,59,60,66,68,70,72,73,75,78,79,82,85,89,94,100,90,81,48,30,28,64,91,49,13,42,69,45,5,18,43,57,32,95,
8to 7:2,9,11,12,14,16,20,23,24,25,26,28,29,37,38,42,43,52,54,55,56,58,60,62,66,68,69,70,71,73,75,78,79,80,81,82,83,84,87,89,91,92,93,96,98,99,100,4,48,13,49,33,67,88,7,5,19,22,21,50,32,8,3,10,
8to 8:
8to 9:1,2,4,5,7,10,19,20,25,26,27,29,31,38,44,48,49,50,51,52,53,54,56,57,58,60,62,66,68,70,72,73,75,78,79,80,81,85,92,93,96,90,84,24,28,30,91,13,42,88,61,16,6,39,21,43,22,3,36,8,32,46,
9to 1:1,2,6,7,8,13,15,16,18,26,27,32,33,35,38,39,40,41,46,49,52,53,54,59,63,64,69,70,73,74,77,78,79,83,87,88,92,93,96,99,84,90,81,24,20,30,28,91,58,23,29,66,85,5,61,21,62,22,19,47,3,36,68,100,
9to 2:1,2,5,11,12,13,14,15,16,18,20,21,37,51,53,54,57,60,61,62,63,69,70,74,75,77,78,79,80,82,84,85,87,88,89,90,93,94,96,4,24,81,91,28,52,33,42,66,58,29,49,92,36,46,3,40,68,86,
9to 3:1,2,4,5,6,11,13,15,18,20,21,25,28,29,30,31,33,35,36,37,41,45,46,52,53,54,55,56,58,60,62,64,66,67,69,74,77,78,79,83,84,88,89,90,92,93,94,96,99,81,24,48,59,49,80,85,16,22,50,72,57,51,40,68,
9to 4:1,2,4,5,9,11,15,16,18,21,27,31,34,35,36,37,38,40,44,45,46,48,53,54,55,59,60,61,67,69,70,74,78,79,83,84,88,89,90,93,96,28,81,24,33,20,13,52,58,49,29,80,92,22,6,39,12,62,25,72,57,100,86,68,
9to 5:2,9,12,13,16,18,24,26,27,31,38,39,41,43,44,45,52,53,60,70,73,74,77,78,79,82,83,85,88,92,93,94,90,84,81,48,91,28,64,42,23,59,66,80,61,49,5,6,21,22,7,72,95,36,68,51,
9to 6:5,6,11,12,14,15,16,18,20,21,27,30,31,32,39,40,41,44,45,46,53,54,55,56,60,61,63,64,66,69,70,73,75,77,78,79,80,82,84,88,89,93,94,90,81,24,28,48,91,59,38,58,13,49,33,52,85,26,3,47,76,95,72,100,
9to 7:2,4,11,13,14,15,19,20,23,26,29,30,37,38,39,40,41,43,44,48,51,54,55,58,60,63,64,68,69,73,74,78,79,81,83,84,85,88,93,94,96,99,90,24,28,33,42,66,80,52,49,16,5,92,61,22,62,6,27,72,25,76,36,95,100,
9to 8:1,4,10,11,14,16,18,20,21,23,27,32,33,34,37,38,39,42,43,44,45,46,48,53,54,60,64,70,73,74,78,79,81,83,85,88,91,92,94,96,90,30,84,24,52,80,49,58,13,5,6,50,3,36,51,95,
9to 9:

cell1:3,9,4,7,8,2,6,5,
cell2:6,8,5,4,3,1,7,9,
cell3:2,4,8,1,6,9,5,7,
cell4:8,6,5,1,7,9,3,2,
cell5:2,8,7,9,3,6,4,1,
cell6:9,2,1,7,8,3,4,5,
cell7:9,4,8,3,5,6,1,2,
cell8:6,9,1,4,5,2,3,7,
cell9:6,5,1,8,2,7,4,3,
