machine1:0,31,71,53,40,100,63,74,34,46,65,57,99,95,82,32,70,3,11,73,25,60,27,78,12,62,39,19,22,18,15,21,92,7,2,54,5,85,61,69,16,49,13,29,80,66,88,52,23,59,83,64,91,48,90,
machine2:0,71,1,74,44,8,89,72,96,70,3,60,27,17,39,14,22,37,18,15,21,79,7,2,54,26,5,61,67,55,16,49,80,66,58,38,52,33,23,59,35,48,30,28,24,4,90,
machine3:0,68,41,87,1,95,76,50,32,11,47,43,78,12,62,56,14,19,22,21,93,26,5,61,69,16,29,80,88,42,33,35,83,20,91,81,84,90,
machine4:0,41,71,98,75,10,63,77,46,8,89,36,94,9,47,27,12,62,17,39,14,19,37,15,6,92,93,2,45,26,5,67,55,69,13,29,80,66,88,38,59,35,20,64,91,4,81,84,90,
machine5:0,68,86,87,31,71,53,63,77,1,74,34,8,65,99,94,82,50,96,9,70,73,47,43,78,62,56,19,22,18,21,79,6,92,7,2,54,26,5,85,61,67,55,69,16,13,29,66,58,88,33,23,59,35,20,64,91,48,30,28,84,90,
machine6:0,71,98,75,100,51,63,34,46,44,8,57,99,89,72,94,50,96,32,70,47,27,62,56,17,19,37,18,15,21,93,45,85,61,55,13,29,88,52,42,23,35,64,48,30,28,4,81,84,90,
machine7:0,86,41,87,97,53,100,77,74,65,36,82,50,96,70,3,60,12,62,19,22,37,15,21,79,92,2,54,5,67,55,16,13,29,66,38,42,33,59,83,20,91,30,28,4,81,
machine8:0,68,87,31,40,100,1,74,34,46,8,57,95,36,76,94,96,70,11,47,43,56,14,15,21,6,92,93,2,45,26,5,67,69,49,88,52,33,83,20,24,4,84,90,
machine9:0,71,97,75,74,34,46,8,65,99,89,9,3,11,25,60,12,62,39,22,18,79,6,92,93,54,5,85,67,16,49,13,29,80,66,88,38,42,59,35,83,20,91,48,30,24,84,
machine10:0,68,71,10,51,46,57,95,89,76,50,9,32,3,73,25,43,78,12,56,14,22,37,79,92,7,2,5,67,55,69,16,29,80,66,58,52,42,33,23,59,35,20,91,48,28,4,
machine11:0,41,40,77,74,65,57,76,94,82,96,9,32,70,11,73,60,12,62,17,39,19,18,6,92,26,5,61,67,69,49,13,29,66,88,52,33,23,20,64,91,28,81,
machine12:0,41,31,98,53,75,40,100,51,77,1,74,34,46,44,8,99,95,89,72,36,76,94,82,50,96,32,3,11,73,25,47,60,78,12,62,56,17,39,14,19,22,37,18,15,21,79,6,7,93,2,45,54,26,5,85,61,67,55,69,16,49,13,29,80,66,88,38,52,42,33,23,35,20,64,91,48,30,28,24,4,81,84,90,
machine13:0,68,86,41,87,31,71,98,97,53,10,40,51,1,74,8,57,99,95,89,36,76,94,50,96,9,32,70,3,73,25,47,60,43,27,78,12,62,56,39,14,19,22,37,18,15,21,79,6,92,7,2,45,54,26,5,85,61,67,55,69,16,49,13,29,80,66,58,88,52,42,23,59,35,83,20,64,48,30,28,24,4,81,84,90,
machine14:0,68,86,87,31,71,97,53,75,40,63,1,74,34,46,44,8,65,99,95,89,36,76,94,82,50,9,11,73,25,47,60,43,27,78,12,62,56,17,39,19,22,37,18,15,79,6,92,7,93,2,45,54,26,5,85,61,67,55,69,16,49,13,29,80,66,58,88,38,52,23,59,35,83,20,64,91,48,30,28,24,4,81,84,90,
machine15:0,86,31,71,98,53,75,40,100,63,77,1,74,34,46,65,57,99,89,72,36,94,82,96,9,32,70,3,11,25,47,43,27,12,62,56,17,39,14,19,22,37,18,15,21,6,92,93,2,45,54,26,5,85,61,67,55,69,16,49,13,29,80,66,58,88,38,52,42,33,23,59,35,20,91,48,28,24,4,81,84,90,
machine16:0,68,71,97,75,10,100,51,63,77,1,74,57,95,89,72,76,94,82,50,96,9,32,70,73,25,47,43,78,12,62,17,39,14,22,15,6,92,7,93,2,45,54,5,85,61,67,55,69,16,49,80,58,88,38,52,42,33,23,59,35,83,20,64,91,30,28,24,4,81,84,90,
machine17:0,41,87,98,97,75,51,77,74,34,44,8,65,99,95,72,36,76,82,9,70,11,73,47,60,43,27,78,17,19,22,37,18,15,79,6,92,93,2,45,26,5,85,61,67,55,69,16,13,29,80,66,58,88,38,52,42,23,59,35,83,20,64,91,48,30,28,24,81,84,90,
machine18:0,41,31,97,53,10,100,74,34,46,44,8,57,99,95,36,76,94,96,32,70,3,73,47,60,43,27,12,56,17,39,19,18,15,21,6,92,93,2,45,54,26,5,85,61,67,55,69,16,49,13,29,80,66,58,88,38,52,42,33,23,59,35,83,20,64,91,30,24,4,81,84,90,
machine19:0,68,31,97,53,75,10,100,63,77,1,74,46,44,65,57,95,89,72,94,82,50,9,32,70,3,11,73,47,60,43,27,78,12,62,56,17,39,14,22,37,18,15,21,79,6,7,93,2,45,54,26,5,61,67,55,69,16,49,13,29,66,58,88,38,52,42,33,23,59,35,83,20,64,91,48,30,28,24,4,84,90,
machine20:0,41,71,98,97,75,40,63,1,34,46,44,57,99,95,89,76,94,82,50,96,9,32,3,11,73,25,47,60,43,78,12,56,17,39,14,19,22,18,15,21,79,6,92,7,93,45,54,26,5,85,61,67,55,69,49,13,29,80,66,58,88,38,52,42,33,23,59,35,20,64,91,48,30,28,24,4,81,84,
machine21:0,68,86,41,87,31,71,98,53,75,10,40,100,51,63,77,1,74,44,8,65,57,99,95,89,72,36,76,94,82,50,96,9,32,70,3,11,73,25,47,60,43,27,78,12,62,56,17,39,14,19,22,37,15,21,79,6,92,7,93,2,45,54,26,5,85,61,67,55,69,16,49,13,29,80,66,58,88,38,52,42,33,23,59,35,83,20,64,91,48,30,28,24,4,81,84,90,
machine22:0,68,86,87,31,71,98,53,75,10,100,51,63,1,74,34,46,44,8,65,57,99,95,89,72,36,94,82,50,96,9,32,70,3,11,73,25,47,60,43,27,78,12,62,56,17,39,14,19,22,37,18,15,21,79,6,92,7,93,2,45,54,26,5,85,61,67,55,69,16,49,13,29,80,66,58,88,38,52,42,33,23,59,35,83,20,64,91,48,30,28,24,4,81,84,90,
machine23:0,41,87,75,40,100,77,74,46,8,57,99,95,36,94,82,50,96,9,32,70,3,11,73,60,43,27,78,12,62,56,39,19,22,21,79,6,92,7,93,2,45,26,61,67,55,69,16,49,13,29,80,66,58,88,38,52,33,83,20,64,91,30,28,24,81,84,90,
machine24:0,68,41,87,31,51,63,77,46,44,99,36,94,50,96,9,70,3,73,25,47,43,27,12,62,39,22,37,18,15,21,6,92,7,93,2,45,54,5,61,69,16,49,13,29,80,88,38,52,42,33,23,59,83,20,64,91,48,28,24,4,81,84,90,
machine25:0,68,86,31,97,53,10,40,100,51,63,1,74,34,44,57,89,72,76,94,82,9,32,70,11,73,25,60,27,78,12,62,14,19,21,79,6,92,93,2,54,5,85,61,67,55,16,49,13,80,66,58,52,42,33,23,59,35,20,64,91,48,30,28,24,81,90,

1to 1:
1to 2:1,3,5,8,11,12,13,17,23,27,32,33,34,37,40,43,46,47,48,50,52,53,56,57,58,60,63,65,66,68,69,71,74,77,78,79,82,83,85,87,88,89,99,41,98,100,95,96,70,62,39,19,22,21,93,2,26,67,55,16,29,42,59,35,20,91,30,28,4,84,
1to 3:3,7,11,12,15,16,25,29,31,32,34,35,36,38,40,43,46,50,52,53,56,61,62,66,69,70,71,73,78,79,80,81,83,88,89,94,96,41,98,1,44,95,47,14,19,22,37,18,21,6,2,54,26,5,67,55,42,23,59,20,48,30,28,24,84,90,
1to 4:1,5,7,8,11,13,15,19,21,23,32,34,35,38,39,43,46,47,48,52,53,54,56,57,60,61,63,65,66,69,71,74,88,89,91,87,31,44,70,25,27,78,12,62,37,6,92,93,2,26,85,67,29,80,59,20,30,28,84,90,
1to 5:5,7,8,11,13,17,18,21,23,27,29,32,38,43,47,52,54,61,62,69,71,73,74,77,79,80,88,91,93,94,96,41,98,75,100,72,82,9,70,78,39,19,22,37,15,6,2,26,85,67,55,66,58,42,33,59,20,64,30,4,90,
1to 6:3,11,14,15,19,27,29,31,32,33,43,46,47,49,52,54,58,59,60,61,62,63,68,69,71,74,77,78,80,81,83,84,88,89,94,95,99,41,75,1,44,82,12,39,22,18,21,7,93,26,5,85,67,55,66,38,20,64,91,48,30,28,24,4,
1to 7:14,15,16,17,19,20,32,33,38,48,50,52,56,58,61,62,65,66,68,69,70,71,78,79,80,83,88,89,94,41,75,8,25,47,43,27,39,22,21,6,92,93,2,45,54,26,5,55,29,23,59,35,64,91,30,4,84,90,
1to 8:1,3,7,13,18,20,21,25,27,29,33,34,35,37,38,42,46,49,52,56,58,60,62,63,65,66,68,71,80,81,84,88,93,94,96,99,87,10,95,32,70,47,78,39,19,22,79,6,92,2,54,26,5,85,67,55,16,59,91,48,28,24,4,
1to 9:1,2,11,12,13,14,18,23,25,26,27,31,32,33,35,36,37,38,41,43,49,52,53,54,57,58,60,61,62,63,66,67,68,69,74,76,78,80,81,83,88,89,93,94,86,75,9,70,39,19,22,21,92,7,5,85,55,16,29,59,20,64,91,48,30,28,24,4,84,
2to 1:2,5,10,12,13,15,16,17,18,19,21,23,26,29,32,33,34,36,41,42,46,49,50,54,55,56,58,59,62,63,66,68,69,71,74,76,77,82,84,90,93,94,96,65,70,11,78,39,22,92,61,67,88,83,20,64,91,48,30,4,
2to 2:
2to 3:1,2,3,5,6,7,8,9,12,13,16,18,19,22,23,26,28,29,30,35,38,39,42,47,49,50,51,60,66,69,71,74,76,80,83,85,86,89,90,91,98,46,57,95,94,96,25,78,62,56,17,37,15,92,45,67,55,88,52,20,48,24,4,81,84,
2to 4:1,2,5,7,8,11,12,13,16,18,19,20,23,24,26,27,29,31,34,35,36,37,39,40,46,50,54,57,59,62,66,69,74,76,80,85,86,87,89,90,94,97,71,75,96,9,70,25,60,56,15,79,92,93,61,67,55,49,58,88,52,64,91,28,4,81,84,
2to 5:2,5,6,7,10,11,12,13,15,16,17,18,19,20,21,22,23,29,32,33,34,35,36,37,41,42,46,50,53,56,65,66,69,71,73,75,79,80,81,82,84,88,89,90,93,97,100,74,57,76,94,96,9,70,47,39,92,45,85,61,67,58,52,59,83,64,91,30,28,24,4,
2to 6:3,5,6,10,11,12,15,17,18,20,21,26,29,32,35,40,44,45,50,53,54,59,66,67,68,69,70,74,83,84,85,88,89,90,91,92,94,97,99,71,75,9,73,60,78,56,14,37,93,55,49,58,38,52,33,64,28,24,4,81,
2to 7:2,5,6,8,11,14,16,19,21,22,24,25,26,27,29,32,33,41,42,43,50,51,54,56,59,60,62,64,69,70,71,74,80,82,83,84,86,88,89,91,99,75,65,76,94,96,9,47,78,17,37,15,92,93,45,85,61,67,55,58,52,20,48,4,81,
2to 8:2,3,5,8,9,10,11,12,13,16,18,20,21,24,26,29,32,33,34,35,42,51,53,56,59,60,65,66,68,69,73,79,80,84,86,87,88,89,90,92,71,98,75,57,94,96,70,47,62,37,7,85,67,49,83,91,30,28,4,81,
2to 9:2,4,7,10,11,13,14,16,18,21,22,23,24,25,26,28,32,35,36,38,40,41,42,46,48,50,51,53,54,55,56,57,59,60,62,66,68,69,72,75,77,83,86,89,90,96,97,100,74,76,94,70,73,27,78,39,37,79,92,5,85,67,49,58,88,52,20,64,91,81,84,
3to 1:1,5,7,8,11,14,18,28,29,35,41,42,46,47,49,50,52,53,56,57,59,60,61,66,68,72,79,80,83,90,95,96,99,100,87,10,77,3,73,78,62,17,39,22,21,92,2,45,26,67,55,69,16,13,88,23,20,64,91,48,30,24,84,
3to 2:2,8,9,14,16,17,21,24,25,26,28,29,30,34,35,40,46,47,49,53,56,57,59,60,61,64,66,69,73,76,77,82,83,84,85,95,96,99,87,51,74,89,36,94,50,3,78,62,37,18,79,92,45,5,67,55,13,58,88,42,23,20,91,48,4,81,90,
3to 3:
3to 4:1,2,5,6,7,8,9,11,14,15,16,17,20,25,30,31,38,46,52,53,57,58,59,60,61,71,74,76,77,81,88,89,92,94,95,96,97,100,40,73,47,62,56,39,22,37,18,79,45,54,85,67,55,69,13,35,91,48,28,24,4,84,90,
3to 5:1,5,6,7,13,14,15,16,21,28,30,31,34,35,39,41,42,43,46,49,51,55,56,57,60,61,69,74,75,76,78,79,83,85,88,90,93,95,96,87,53,10,44,89,36,94,50,32,70,73,47,12,17,19,22,37,18,2,45,54,67,80,66,38,52,23,59,64,91,48,24,81,84,
3to 6:1,2,6,9,11,14,15,21,26,28,29,31,32,37,38,39,40,41,42,46,49,57,59,60,66,67,71,74,75,77,78,89,97,99,100,68,53,10,44,95,94,50,3,73,12,56,17,22,18,79,92,45,54,5,61,69,13,80,52,33,23,35,83,20,64,48,30,24,81,84,90,
3to 7:1,2,3,8,10,11,15,20,21,22,25,29,35,37,39,40,41,43,45,47,49,50,56,57,64,66,75,76,77,78,79,80,82,84,85,96,100,68,98,51,89,32,70,62,17,14,92,54,5,61,67,55,69,16,88,38,52,48,30,28,24,90,
3to 8:1,2,6,7,8,9,11,14,15,16,18,20,21,24,26,28,29,35,36,38,39,46,49,50,55,59,60,61,71,73,79,80,81,83,84,89,95,96,99,68,87,98,53,10,51,3,12,62,56,17,22,37,92,5,13,66,58,88,42,23,64,48,30,4,90,
3to 9:1,7,13,15,16,20,22,24,25,30,31,35,39,41,42,45,46,48,49,51,56,57,64,67,73,74,75,76,78,84,85,92,93,94,97,68,87,53,10,77,95,36,50,70,14,37,18,21,79,2,54,26,5,61,55,69,80,66,88,38,52,91,28,81,90,
4to 1:1,3,5,7,13,24,28,29,31,32,34,36,39,43,45,46,48,52,53,55,60,61,62,64,67,68,77,81,89,90,91,92,93,87,71,98,63,74,57,99,72,9,70,25,47,27,56,37,15,21,79,2,54,26,85,69,80,66,58,88,38,33,59,35,4,84,
4to 2:1,2,3,5,8,11,18,20,21,24,25,28,29,36,38,40,44,45,50,52,59,61,62,65,70,74,76,86,89,90,93,100,87,71,34,46,57,94,82,96,9,60,43,27,12,56,17,39,15,6,92,7,54,85,67,55,69,49,13,80,66,88,35,83,4,84,
4to 3:1,2,8,9,11,13,15,16,18,24,25,27,28,29,32,34,36,37,38,42,44,45,46,47,48,49,52,53,57,60,61,62,67,76,78,80,85,86,87,88,89,90,31,71,74,99,96,70,12,17,39,21,79,6,54,26,55,69,66,58,35,83,20,4,84,
4to 4:
4to 5:2,4,5,9,13,15,18,19,21,24,26,28,29,30,36,37,44,45,46,48,49,50,52,53,60,61,62,63,64,65,67,70,73,75,76,80,81,82,93,100,71,77,74,34,57,11,43,12,56,6,92,54,85,55,69,16,58,88,23,35,83,20,91,84,90,
4to 6:3,5,18,20,21,27,28,29,30,32,33,42,43,44,46,49,50,52,53,55,58,59,60,62,63,64,67,68,70,74,75,81,82,89,99,31,40,57,94,9,11,25,47,78,12,56,17,39,15,79,6,92,93,45,54,26,85,69,13,80,66,88,38,83,91,24,4,84,
4to 7:2,5,8,11,19,24,27,28,29,32,37,40,45,47,48,49,52,60,61,62,64,66,67,75,76,80,81,85,86,87,89,90,92,93,71,63,74,57,99,82,96,9,25,43,56,15,21,79,6,54,26,55,69,16,13,58,88,38,59,83,20,30,4,84,
4to 8:1,2,3,5,6,11,15,16,18,21,22,24,28,31,32,34,37,48,49,52,53,60,62,64,65,68,70,71,78,81,85,86,88,89,90,93,75,46,8,9,25,56,17,79,92,54,61,69,13,80,66,58,38,59,20,91,30,4,84,
4to 9:1,2,5,12,22,25,27,28,29,36,38,39,44,46,47,48,49,50,52,53,55,57,61,62,64,67,68,70,74,76,84,85,86,88,89,90,91,93,31,75,40,63,77,72,94,96,9,11,60,56,15,21,79,6,92,54,26,69,16,13,80,66,58,33,23,59,20,30,24,4,81,
5to 1:2,3,5,9,11,13,15,17,19,22,23,26,32,33,34,36,41,43,45,46,50,52,53,55,57,58,60,61,63,65,67,69,70,72,74,76,80,82,84,85,92,94,96,99,100,68,95,89,73,47,27,12,62,39,37,18,21,6,7,93,16,66,88,38,42,59,35,20,64,91,30,90,
5to 2:3,4,6,7,9,13,14,15,16,22,23,27,29,32,36,41,42,45,47,49,50,51,52,55,58,60,61,64,66,67,70,74,75,76,81,82,83,92,94,95,96,97,99,100,44,57,25,78,56,17,19,18,21,93,2,5,85,69,88,38,59,20,28,24,90,
5to 3:1,2,5,6,7,10,14,15,16,17,22,23,24,26,28,39,41,46,47,48,49,51,52,53,54,55,58,61,67,69,70,74,76,80,81,84,85,89,90,92,93,95,96,97,98,99,77,44,11,25,78,12,62,56,37,18,21,45,13,66,88,38,42,59,35,64,30,
5to 4:4,5,7,9,13,14,16,20,22,23,24,27,28,29,30,31,33,34,36,43,44,46,49,50,52,55,60,61,63,66,67,70,71,74,75,76,79,81,83,84,91,92,95,99,100,97,57,89,25,47,78,12,62,56,39,19,18,15,21,6,93,2,45,85,69,58,88,38,59,35,64,90,
5to 5:
5to 6:1,3,5,9,10,13,14,15,17,18,22,26,27,28,29,32,39,41,42,43,46,47,49,50,52,53,55,60,61,63,70,71,73,74,75,80,81,82,84,88,91,100,68,97,44,99,95,89,72,11,12,19,6,93,45,85,66,58,38,59,35,20,64,30,24,
5to 7:5,6,8,10,15,16,22,26,29,32,36,41,43,44,45,47,50,51,52,54,55,58,59,61,63,65,67,69,70,74,75,80,81,85,92,93,94,96,100,89,72,76,82,73,78,12,62,56,17,37,21,7,2,49,66,88,38,42,23,35,20,64,30,24,
5to 8:3,4,5,6,7,9,10,14,17,22,24,26,30,32,34,36,43,44,46,48,49,51,52,53,54,55,58,60,61,70,71,74,75,79,85,91,92,93,96,98,68,95,89,11,73,27,78,12,56,39,19,18,2,45,16,13,80,88,38,42,23,59,35,20,64,81,84,90,
5to 9:2,7,9,16,18,22,26,28,29,30,36,41,42,48,50,52,53,54,55,58,61,63,64,69,70,73,74,77,81,82,84,85,89,91,92,93,94,68,97,51,44,57,47,62,6,45,5,49,13,80,66,88,38,33,23,59,35,24,
6to 1:2,9,11,12,13,15,17,20,22,24,25,27,28,30,32,38,39,41,42,43,46,47,49,50,53,54,58,59,60,61,62,63,64,66,67,69,70,72,74,77,79,82,83,85,88,89,90,91,92,94,98,68,40,1,78,19,21,7,93,26,29,52,33,23,35,84,
6to 2:4,5,6,9,11,12,13,17,18,20,21,23,24,26,27,28,30,32,37,41,43,46,47,53,54,60,64,65,66,67,69,70,73,75,79,80,82,83,88,90,91,92,94,95,96,97,100,68,57,89,76,56,19,15,93,85,61,49,29,52,33,59,81,
6to 3:1,4,5,9,11,12,13,15,16,17,20,21,23,25,26,28,29,30,31,33,35,37,39,41,42,45,46,48,53,55,56,58,59,60,61,62,64,66,67,69,74,79,80,83,90,94,97,68,40,95,89,76,32,78,14,19,18,7,54,85,49,38,52,91,24,81,
6to 4:4,6,9,11,12,13,18,22,23,25,30,31,34,37,38,43,45,46,47,48,49,50,53,54,55,56,58,60,61,62,63,67,70,75,80,81,84,88,90,91,92,68,1,99,89,76,32,39,19,15,26,85,69,29,66,52,35,83,28,24,
6to 5:1,2,5,6,9,12,13,15,16,18,20,21,22,23,28,29,30,31,32,39,41,42,43,44,46,47,48,53,54,59,60,63,65,66,70,74,75,80,81,82,83,84,88,89,90,91,92,93,97,100,68,99,95,76,73,25,78,45,85,61,69,49,38,52,35,64,24,
6to 6:
6to 7:4,5,6,9,11,12,15,16,20,21,26,29,30,32,33,37,38,39,41,42,43,45,47,48,50,52,54,55,56,58,59,60,61,62,63,64,66,67,69,70,74,75,80,82,83,84,85,88,90,92,93,94,95,68,40,1,99,89,76,73,19,49,35,91,28,24,81,
6to 8:4,5,6,9,10,11,12,13,20,21,22,23,25,33,34,37,38,39,42,46,47,48,53,56,58,59,60,61,65,66,70,72,75,79,80,81,83,89,90,91,93,94,1,99,95,32,3,73,78,18,7,45,54,26,85,69,49,29,52,64,28,24,84,
6to 9:2,4,5,9,12,13,16,18,20,21,22,23,24,25,29,30,32,33,39,42,43,45,46,47,48,53,54,56,58,59,60,62,63,66,69,70,75,77,79,80,82,83,84,85,88,90,92,93,94,40,1,99,89,50,73,78,7,26,49,38,52,35,64,28,81,
7to 1:3,5,8,9,10,12,15,16,20,21,22,24,26,28,29,32,33,35,38,39,42,47,49,53,54,55,56,59,60,64,66,67,68,69,70,71,72,73,76,77,78,80,83,84,85,87,88,89,91,93,96,98,99,41,1,82,25,43,27,62,19,2,58,52,30,90,
7to 2:3,4,5,6,11,12,14,15,16,17,19,20,21,25,30,32,33,36,37,40,43,44,49,50,54,58,59,60,61,62,63,66,67,68,69,70,74,75,76,81,83,84,86,87,88,89,91,93,96,100,51,1,65,82,9,92,2,13,29,64,28,
7to 3:2,3,4,5,6,10,14,15,16,17,19,20,21,24,26,27,28,29,37,39,40,41,42,43,44,45,47,48,49,52,53,54,55,56,58,60,61,62,66,67,68,69,73,76,78,80,83,84,85,86,88,90,91,93,94,95,96,99,51,1,89,9,25,92,13,38,23,35,30,
7to 4:4,5,11,12,13,14,15,17,19,20,23,24,27,28,29,31,37,39,40,44,45,47,49,52,54,55,59,60,61,62,63,67,68,70,71,76,78,79,80,81,82,84,86,88,89,90,91,93,96,65,9,25,43,6,92,7,2,69,66,58,38,64,30,
7to 5:4,5,6,8,10,11,15,16,17,19,20,22,24,30,32,36,37,42,44,45,47,49,50,52,55,59,60,61,62,63,67,68,69,70,78,80,83,84,87,88,89,90,91,94,95,100,41,1,99,82,43,27,21,92,7,93,2,29,66,38,23,35,64,28,81,
7to 6:3,4,5,10,11,14,20,21,24,25,26,27,28,29,32,39,40,42,44,45,47,48,49,50,53,54,55,56,59,60,61,62,63,66,67,70,71,72,75,78,79,80,84,88,89,91,41,1,65,82,9,43,15,6,85,69,58,38,52,33,23,35,83,30,81,
7to 7:
7to 8:3,4,5,6,8,9,10,13,14,15,16,20,21,22,24,26,28,30,32,37,38,42,44,45,49,52,54,56,58,59,60,61,62,64,66,67,70,71,72,73,75,78,79,80,82,84,86,87,88,92,93,94,95,96,51,1,89,25,43,19,2,29,33,83,48,81,
7to 9:4,5,6,9,10,11,12,13,15,16,19,20,21,24,26,28,32,36,37,38,40,41,42,43,44,45,48,49,53,54,55,56,58,59,61,62,63,66,67,69,70,72,75,77,78,79,80,81,82,84,85,86,87,88,91,94,96,51,1,89,25,27,92,93,52,33,83,30,90,
8to 1:1,2,5,7,10,11,12,13,14,16,17,18,21,23,24,25,27,28,29,32,33,34,35,37,38,39,42,43,48,49,50,53,55,56,57,58,59,60,62,64,65,66,67,68,69,70,71,78,79,80,84,87,88,89,91,93,95,98,99,100,8,73,47,22,92,26,85,61,20,30,90,
8to 2:1,4,5,6,13,16,17,20,22,23,24,28,29,32,34,37,39,43,44,45,49,50,51,52,55,56,57,58,59,62,68,69,70,71,78,81,82,85,87,88,89,90,91,95,96,46,94,11,60,27,79,92,61,66,42,33,48,84,
8to 3:1,2,4,5,6,12,16,17,18,20,24,25,26,29,30,31,32,34,37,38,39,42,43,44,45,49,50,51,52,53,54,55,56,60,62,64,66,67,68,71,78,79,80,81,88,91,93,95,96,99,87,10,8,94,3,73,47,22,85,69,13,33,83,48,28,90,
8to 4:1,5,6,9,11,16,22,24,25,26,28,29,30,34,35,37,38,39,43,45,47,48,49,52,54,55,57,58,59,60,61,62,67,68,69,70,71,75,78,79,85,89,91,93,95,96,100,46,94,32,3,27,92,13,80,88,23,20,4,84,90,
8to 5:1,4,5,6,9,16,18,19,20,24,28,29,30,33,34,37,38,43,45,48,49,50,51,52,53,54,56,57,58,59,60,64,66,68,70,71,79,80,82,85,88,89,90,91,95,96,10,36,94,32,3,11,47,22,92,2,26,61,13,42,81,84,
8to 6:1,4,5,6,9,10,12,14,18,20,22,24,30,31,38,39,43,44,45,49,50,52,53,54,55,56,58,59,60,64,66,68,70,72,73,75,78,79,82,85,89,91,95,100,57,94,32,47,26,69,13,29,42,48,28,81,90,
8to 7:2,5,9,11,12,14,16,19,20,23,24,25,28,37,38,42,43,48,49,50,52,54,55,56,58,60,62,66,67,68,69,70,71,73,75,78,79,80,81,82,84,88,89,91,93,96,98,99,100,87,10,8,32,3,22,21,92,7,26,13,29,33,83,4,
8to 8:
8to 9:1,2,4,5,6,7,10,19,20,25,26,29,30,31,38,39,43,44,48,49,50,51,52,53,54,56,57,58,60,62,66,68,70,72,73,75,78,79,80,81,85,88,91,93,96,46,8,36,32,3,27,22,21,92,61,16,13,42,28,24,84,90,
9to 1:1,2,3,6,7,8,13,15,18,26,27,30,32,33,35,39,40,41,46,47,49,52,53,54,58,61,62,64,66,68,69,73,78,79,83,84,85,87,88,91,92,93,99,100,63,77,74,36,96,70,19,22,21,5,16,29,38,23,59,20,28,24,81,90,
9to 2:1,2,3,4,5,11,12,13,15,16,18,20,40,42,46,49,51,53,54,57,58,60,61,62,63,66,68,69,78,79,80,82,84,85,87,88,89,90,91,93,86,75,77,74,36,94,96,70,14,37,21,92,29,52,33,28,24,81,
9to 3:1,2,4,5,6,11,13,15,18,20,24,25,28,29,30,33,35,36,40,41,45,46,52,53,54,55,57,58,59,60,62,64,66,67,68,69,74,77,78,79,83,84,85,88,89,90,92,93,99,31,51,72,94,50,96,56,22,37,21,16,49,80,48,81,
9to 4:1,2,4,5,6,11,13,15,18,25,34,35,36,37,39,40,44,45,46,48,53,54,55,57,58,60,61,62,67,68,69,70,78,79,83,84,88,89,90,93,96,86,31,100,74,72,9,27,12,22,21,92,16,49,29,80,38,52,33,59,20,28,24,81,
9to 5:2,6,9,12,13,16,18,21,24,26,28,39,41,42,43,44,45,52,53,60,61,66,68,73,74,78,79,82,83,84,85,88,91,92,93,94,95,31,51,77,72,36,70,27,22,7,5,49,80,38,23,59,64,48,81,90,
9to 6:3,5,6,11,12,13,15,16,18,20,30,31,32,39,40,41,44,45,46,47,52,53,54,55,58,60,61,63,64,66,69,73,78,79,80,82,84,85,88,89,91,93,94,95,75,100,77,72,76,70,27,56,14,21,26,49,38,33,59,48,28,24,81,90,
9to 7:2,4,6,11,13,15,19,20,23,25,26,29,30,37,39,40,41,42,43,44,48,51,52,54,55,58,60,61,62,63,64,66,68,69,73,74,76,78,79,81,83,84,85,88,92,93,94,95,96,99,100,72,36,27,14,22,5,16,49,80,38,33,28,24,90,
9to 8:1,3,4,6,10,11,13,18,20,23,30,32,33,34,37,39,42,43,44,45,46,48,53,54,58,60,64,73,78,79,81,83,84,85,88,91,92,95,96,51,74,36,94,50,70,27,14,21,5,16,49,80,38,52,24,90,
9to 9:

cell1:5,8,4,2,3,6,7,9,
cell2:8,7,3,9,4,5,6,1,
cell3:9,8,5,2,7,6,1,4,
cell4:1,2,3,9,7,6,5,8,
cell5:6,4,9,3,7,1,2,8,
cell6:7,3,4,5,1,2,9,8,
cell7:2,1,3,8,9,5,6,4,
cell8:7,5,3,2,9,1,4,6,
cell9:2,3,8,4,1,5,6,7,
