machine1:0,80,6,59,64,43,20,28,34,30,79,23,42,77,73,65,26,74,54,62,3,5,14,29,39,15,41,70,17,37,47,32,78,44,2,4,16,8,45,10,36,51,68,48,49,72,21,63,
machine2:0,50,75,58,6,13,12,59,64,69,71,56,20,28,34,30,66,46,42,77,73,65,40,61,54,3,5,19,33,14,39,11,15,41,70,17,37,47,1,25,32,27,22,44,57,35,2,16,9,45,10,51,68,49,72,21,63,
machine3:0,31,50,52,58,76,55,64,60,28,66,46,42,77,7,73,18,38,65,61,26,62,5,33,14,29,39,11,15,41,70,37,25,32,27,22,44,35,2,4,16,67,8,9,45,36,51,48,72,63,
machine4:0,31,50,59,64,69,71,60,28,34,66,79,73,18,38,65,40,61,26,74,54,62,5,33,29,41,70,17,37,47,1,32,27,22,35,2,4,67,8,9,45,10,36,51,68,48,72,
machine5:0,80,24,75,52,58,13,76,55,59,64,69,71,60,43,34,30,66,46,79,23,7,73,18,38,61,74,54,3,5,19,14,29,39,11,15,41,70,17,1,25,32,27,22,44,2,4,16,67,8,45,36,51,68,48,72,21,63,
machine6:0,50,80,75,53,52,58,13,12,76,59,71,56,60,28,23,77,7,73,18,38,40,61,3,29,39,15,41,70,17,47,1,25,32,22,78,44,57,2,16,67,8,9,45,10,36,51,48,72,21,63,
machine7:0,50,80,24,13,76,55,59,71,60,43,28,34,30,79,23,77,65,61,26,74,54,62,19,14,29,15,41,17,47,1,25,27,22,78,44,57,35,4,16,67,45,10,36,51,48,49,72,21,63,
machine8:0,53,6,69,34,30,66,79,42,77,7,73,18,38,65,54,3,29,41,70,17,47,25,32,27,78,35,2,16,67,8,9,45,10,36,51,68,48,49,21,
machine9:0,50,24,52,13,55,59,56,60,34,66,46,23,7,38,40,74,54,62,5,19,33,14,29,17,37,25,32,27,22,44,35,2,4,16,67,8,9,45,10,36,51,48,49,21,63,
machine10:0,31,80,52,13,76,55,71,56,20,30,23,77,7,18,65,40,74,62,3,19,33,39,11,15,41,47,1,25,32,44,57,35,2,4,16,67,8,9,45,10,51,68,48,49,21,63,
machine11:0,52,58,12,55,69,60,20,28,34,30,66,79,23,77,73,40,61,26,74,54,62,3,5,19,14,39,11,15,70,37,47,1,27,22,35,2,4,67,8,9,45,10,51,68,48,72,21,63,
machine12:0,31,50,80,24,75,52,6,12,76,55,59,69,71,56,60,43,28,34,30,66,46,79,23,42,77,7,73,18,38,65,61,26,74,54,62,3,5,19,33,14,29,11,15,70,17,37,47,25,32,27,22,78,44,57,35,2,4,16,67,8,9,45,10,36,51,68,48,49,72,21,63,
machine13:0,31,80,75,53,58,6,13,12,76,55,59,64,69,56,43,20,28,34,30,66,46,79,23,42,77,7,73,18,38,65,40,61,26,74,54,3,5,19,33,14,29,39,11,15,41,70,17,37,47,1,25,32,27,22,78,44,57,35,2,4,16,67,8,9,45,10,36,51,68,48,49,72,21,63,
machine14:0,31,50,80,24,75,52,58,6,13,12,76,55,59,64,69,71,56,60,43,28,30,66,46,79,23,42,77,7,18,38,65,40,61,26,74,62,3,5,19,33,14,29,39,11,15,41,17,37,47,1,25,32,27,22,78,44,57,35,2,4,16,67,8,9,45,10,36,51,68,48,49,72,21,
machine15:0,31,50,80,24,53,52,58,6,12,76,55,59,64,69,71,56,60,43,20,28,34,30,66,46,79,23,42,77,7,73,18,38,65,40,61,26,74,54,62,3,5,19,33,14,29,39,11,15,41,70,37,47,1,25,32,27,22,78,44,57,35,2,4,16,67,8,9,45,10,36,51,68,48,49,72,21,63,
machine16:0,31,50,24,75,52,6,12,55,64,69,71,43,20,28,34,30,66,79,23,7,73,18,38,65,40,61,26,74,54,62,3,5,19,33,29,39,11,41,70,17,37,47,1,25,27,22,78,44,57,35,4,16,67,8,9,45,10,51,68,48,49,72,63,
machine17:0,31,80,53,58,6,13,12,76,59,64,69,71,56,60,43,20,28,34,30,66,46,79,23,42,77,7,73,18,38,65,26,54,62,5,19,33,14,29,39,11,15,70,17,37,1,25,27,22,78,44,57,35,2,4,16,67,8,9,45,10,36,51,68,48,49,72,21,63,
machine18:0,50,80,75,53,52,58,6,13,76,55,59,56,43,20,28,34,66,46,79,23,42,18,38,40,61,26,74,54,62,3,5,19,33,14,29,39,11,15,41,17,37,47,1,25,27,22,78,44,57,35,2,4,16,67,8,9,45,10,36,51,48,49,72,21,63,
machine19:0,31,50,80,24,52,58,13,76,55,59,64,56,60,43,28,34,30,66,79,23,42,77,7,73,18,38,65,40,61,26,74,54,62,3,5,19,33,14,29,39,11,15,41,70,17,37,47,1,25,32,27,22,78,44,57,35,2,4,16,67,8,9,45,10,36,51,68,48,49,72,21,63,
machine20:0,31,80,24,75,53,52,58,6,13,12,76,55,59,64,69,71,56,20,34,30,66,46,79,23,42,77,7,73,18,38,65,40,61,26,74,54,62,3,5,19,33,14,29,39,11,15,41,70,17,37,47,1,25,32,27,22,78,44,57,35,2,4,16,67,8,9,45,10,36,51,68,48,49,72,21,63,
machine21:0,31,50,80,24,75,53,52,58,6,13,12,76,55,59,64,69,71,56,60,43,20,28,34,30,66,46,79,23,42,77,7,73,18,38,65,40,61,26,74,54,62,3,5,19,33,14,29,39,11,15,41,70,17,37,47,1,25,32,27,22,78,44,57,35,2,4,16,67,8,9,45,10,36,51,68,48,49,72,21,63,

1to 1:
1to 2:1,3,5,9,11,13,14,16,19,21,23,27,30,33,34,37,38,40,47,49,50,51,52,55,58,60,62,66,68,69,70,73,74,77,78,61,17,72,54,10,8,32,67,28,41,59,22,15,18,44,45,29,39,4,2,48,63,
1to 3:1,2,3,4,5,7,9,14,16,18,19,21,23,25,28,30,31,33,34,35,36,37,38,42,44,46,47,50,52,54,55,58,61,62,63,65,66,69,71,74,75,76,77,78,24,70,8,29,64,59,6,10,60,15,20,32,79,39,73,49,67,22,17,11,45,48,27,68,72,51,
1to 4:1,3,4,5,7,8,9,13,14,15,16,19,21,22,26,29,30,31,32,34,35,36,37,38,42,43,44,45,46,48,54,57,58,63,64,65,66,72,73,74,75,76,77,78,40,50,12,49,55,61,20,51,18,6,60,71,59,69,28,62,39,68,79,2,41,11,10,47,25,27,67,
1to 5:1,3,5,9,13,14,15,16,18,19,21,22,26,27,29,30,34,35,36,38,43,44,45,46,49,51,52,55,57,58,59,64,65,66,69,75,76,6,39,50,56,4,60,41,8,42,33,61,40,11,28,79,63,17,20,74,37,68,78,62,54,72,2,70,67,48,10,
1to 6:1,3,4,5,7,8,9,13,14,16,17,19,20,21,22,23,28,29,30,31,32,34,36,38,40,41,45,51,54,58,60,62,63,64,65,66,68,69,72,75,76,77,79,80,15,56,55,49,24,27,78,12,10,44,46,42,73,48,18,11,61,33,70,25,2,39,47,37,67,
1to 7:1,2,3,4,5,7,9,10,13,14,16,17,19,21,25,26,29,30,31,34,35,36,37,38,43,45,46,50,51,54,55,57,58,61,64,65,66,67,77,78,79,70,59,69,8,52,73,22,28,42,62,41,56,47,33,18,49,48,44,11,15,32,68,63,
2to 1:1,3,4,5,7,8,11,14,15,16,18,19,20,21,22,24,25,26,28,31,33,34,35,36,37,39,41,42,47,50,54,57,58,59,60,63,65,68,69,70,72,74,76,77,80,12,10,73,71,23,45,55,29,17,79,30,62,27,44,66,46,61,32,67,2,48,51,78,9,
2to 2:
2to 3:1,2,4,5,9,10,11,13,15,18,20,22,24,25,27,29,33,34,35,36,37,38,39,40,42,43,47,49,50,52,53,54,58,59,60,61,66,68,69,70,74,75,77,79,80,65,17,76,28,72,12,30,32,55,7,16,71,14,62,8,44,41,19,73,51,23,78,67,3,21,45,48,63,
2to 4:4,5,6,7,8,10,11,13,14,15,16,18,19,21,22,24,25,26,27,33,34,35,37,38,40,42,44,47,50,52,54,56,57,58,59,60,61,65,68,69,70,71,72,74,80,67,28,30,55,17,73,3,9,45,12,23,79,48,66,36,77,46,62,63,29,2,41,49,51,
2to 5:2,5,7,11,13,15,16,18,19,21,22,24,25,26,27,28,29,33,34,35,37,38,39,40,44,47,48,49,50,52,53,54,55,57,59,60,61,63,65,66,67,68,69,70,72,73,74,75,76,80,23,79,30,8,46,62,41,9,10,20,14,51,3,45,17,78,1,4,36,
2to 6:2,5,7,8,11,13,14,15,16,18,20,22,23,24,25,27,29,30,31,33,34,35,36,37,38,40,42,44,47,48,49,51,53,54,58,59,60,63,68,69,70,72,73,74,76,77,78,80,45,65,79,55,57,62,41,12,17,46,66,56,21,3,19,9,32,61,4,67,10,
2to 7:2,5,7,8,10,13,15,18,19,21,22,24,26,27,31,32,33,35,37,38,42,44,49,50,51,52,54,57,59,63,66,68,69,70,74,75,77,79,80,17,46,23,73,45,55,3,61,30,40,47,14,28,41,25,65,48,62,1,29,67,4,9,16,
3to 1:4,7,8,9,10,16,17,19,20,23,24,25,26,27,30,34,37,38,41,42,43,46,48,49,51,55,56,58,59,60,61,64,65,71,74,75,77,40,15,47,80,73,66,54,76,5,69,28,22,70,1,78,44,68,18,45,63,14,33,3,11,39,36,32,2,21,72,
3to 2:5,9,10,11,12,17,18,20,21,23,26,27,34,35,37,40,41,43,44,48,54,55,57,58,59,60,61,63,66,67,68,73,74,76,77,80,69,15,32,65,31,47,52,8,70,13,4,7,19,3,16,78,28,79,2,14,22,30,72,33,36,51,39,1,25,29,45,49,
3to 3:
3to 4:3,4,6,8,10,12,16,17,18,20,23,26,27,30,31,32,34,35,38,40,41,48,49,50,53,54,55,60,63,67,68,74,76,80,5,15,13,46,25,9,43,14,29,75,59,7,11,52,39,58,19,47,70,79,44,69,71,28,33,78,73,36,42,65,1,51,2,37,21,22,57,45,72,
3to 5:1,2,3,4,8,10,11,12,15,16,17,18,20,21,23,26,29,30,35,36,37,38,42,45,46,48,50,53,54,55,57,59,60,64,66,67,69,73,74,75,79,80,78,34,5,41,33,58,31,28,47,13,76,39,14,7,43,44,65,70,19,49,9,22,63,25,51,72,
3to 6:3,4,6,10,11,12,14,17,19,23,25,27,30,31,38,42,43,46,47,48,49,53,55,56,57,58,60,61,63,66,67,69,73,74,75,77,80,76,65,13,72,18,2,34,79,33,64,59,40,22,39,44,7,16,70,37,5,15,78,8,9,36,35,21,41,1,32,45,51,
3to 7:3,4,6,7,10,11,12,15,16,17,18,20,23,25,26,27,35,36,38,40,46,48,52,54,58,59,60,61,63,64,67,68,74,75,77,80,39,34,9,31,57,44,69,66,33,73,42,32,71,43,8,22,29,41,21,2,65,62,45,14,5,70,19,37,78,47,49,
4to 1:2,3,7,9,14,17,18,21,22,23,25,26,28,30,32,33,34,35,37,38,42,43,44,45,49,52,54,55,57,58,61,63,64,67,70,71,72,73,76,78,75,8,6,77,24,39,60,68,59,69,66,27,79,5,4,62,16,65,19,48,74,47,11,10,15,1,29,41,51,
4to 2:2,4,5,8,9,12,13,14,16,17,22,23,24,26,27,30,31,32,33,34,39,40,45,47,48,51,53,54,57,58,61,65,70,71,72,73,74,78,79,80,21,62,66,67,1,59,28,52,55,60,69,11,10,46,35,7,77,19,3,29,38,68,15,41,63,25,36,49,
4to 3:5,6,7,9,10,12,13,14,17,21,22,23,24,25,27,29,30,31,38,41,42,43,44,45,46,55,57,58,59,61,63,64,65,67,70,71,72,78,80,69,18,52,75,4,8,74,53,36,33,26,56,60,34,77,15,28,19,79,66,3,1,16,40,11,47,37,68,48,49,35,2,51,
4to 4:
4to 5:1,2,3,4,6,7,8,9,13,14,20,21,23,24,25,28,30,31,34,35,39,40,42,43,44,46,51,54,58,60,61,64,68,70,71,72,74,76,78,79,80,37,55,53,75,15,49,62,11,52,36,27,59,12,65,56,19,69,29,48,38,66,41,5,45,26,33,16,57,67,47,10,63,
4to 6:1,2,7,8,9,10,12,13,14,17,19,22,24,25,27,28,30,31,32,34,36,39,40,41,42,43,44,46,49,52,54,56,57,58,59,61,63,65,70,72,73,76,78,55,79,75,3,53,69,6,60,23,48,15,11,38,74,62,29,21,77,18,26,35,33,16,67,5,51,45,4,47,
4to 7:3,4,5,7,9,11,14,20,22,23,24,25,27,29,30,31,32,34,39,40,41,42,43,44,45,46,48,49,51,54,57,58,59,60,61,64,65,68,70,71,73,78,50,19,6,75,38,37,21,66,77,55,53,10,12,56,47,1,74,62,35,33,16,79,26,36,72,15,67,2,8,63,
5to 1:1,2,3,5,6,8,10,11,14,15,16,17,18,19,23,24,25,26,28,29,34,36,38,39,42,43,44,45,46,47,48,51,54,55,56,62,63,65,66,67,70,71,73,75,76,79,80,33,58,31,30,59,64,13,20,72,9,61,78,74,4,41,22,37,27,57,21,68,
5to 2:1,2,3,4,7,10,14,15,17,18,19,23,25,28,29,33,34,36,38,39,41,43,44,45,47,48,49,52,54,55,57,59,60,62,63,65,66,67,69,70,71,72,76,78,79,13,30,31,53,61,58,56,21,20,9,5,8,74,27,51,11,16,68,35,22,
5to 3:1,3,10,14,17,18,19,20,23,25,28,29,34,35,37,40,41,44,45,46,47,48,49,52,53,54,55,58,60,61,62,65,66,67,69,70,71,73,75,78,79,31,13,5,15,59,7,38,6,9,76,43,8,72,16,30,22,57,4,74,39,11,33,27,2,36,68,21,51,63,
5to 4:1,2,10,13,14,17,18,19,20,23,25,28,29,30,34,36,39,40,42,43,44,46,47,48,50,51,52,54,55,56,59,60,61,62,65,66,67,68,69,71,73,75,76,78,79,58,31,53,37,11,64,33,35,6,26,38,72,7,4,8,9,74,21,41,57,15,63,27,22,16,49,
5to 5:
5to 6:1,2,3,5,8,10,11,14,15,17,18,19,20,25,29,34,35,37,39,43,44,45,46,47,48,49,53,55,56,59,60,62,64,65,66,67,70,72,73,75,76,77,79,80,58,31,54,6,74,36,13,51,4,12,57,38,61,9,30,33,26,7,27,23,68,41,16,63,22,78,21,
5to 7:1,2,4,8,10,11,14,16,17,18,19,21,22,23,25,27,28,29,30,33,34,38,39,43,44,45,46,47,48,50,51,55,62,63,65,66,67,69,70,72,73,74,75,76,77,78,79,31,12,20,54,6,64,59,9,58,49,61,5,36,7,41,15,35,57,37,68,
6to 1:1,2,4,5,7,8,10,11,15,16,19,20,22,33,34,35,36,37,38,40,41,43,44,45,47,48,52,54,55,57,58,60,61,63,65,67,68,69,70,73,75,77,78,79,80,29,66,74,42,64,18,23,32,49,14,27,3,39,9,25,51,17,72,21,
6to 2:1,3,4,7,8,9,11,12,13,14,15,16,18,19,20,22,24,25,29,30,31,32,33,34,35,38,39,41,44,47,52,54,56,57,58,60,61,62,63,65,67,68,69,70,77,80,45,23,36,55,66,40,27,10,74,26,49,51,72,5,17,2,21,78,48,
6to 3:1,2,4,5,6,7,8,10,11,12,13,15,16,17,19,20,21,22,23,24,27,29,30,31,32,33,34,37,38,44,46,47,48,49,52,55,56,57,58,61,62,63,64,65,67,69,70,73,74,75,76,77,78,3,45,14,51,79,71,66,68,35,9,26,42,18,40,36,25,41,72,
6to 4:1,2,4,6,7,8,9,11,12,13,17,18,20,22,24,26,30,31,33,35,36,37,38,39,40,41,43,44,47,48,52,53,54,55,56,58,59,60,61,62,63,64,65,67,69,70,72,73,75,76,77,78,79,80,19,74,66,57,21,5,68,3,45,23,16,49,14,25,42,10,27,29,32,15,51,
6to 5:1,2,4,6,7,8,11,12,13,14,15,16,17,19,20,22,24,27,31,33,34,36,37,38,39,40,41,43,44,46,47,48,52,56,58,62,63,65,67,68,70,72,73,75,78,80,79,57,61,54,76,66,5,21,64,9,26,23,18,74,10,35,29,25,51,49,
6to 6:
6to 7:1,2,4,5,7,8,9,11,12,14,15,16,17,18,19,20,22,24,27,31,32,33,34,37,38,41,42,43,44,45,46,47,48,52,56,58,62,63,65,66,67,68,69,70,73,77,55,35,49,78,23,61,57,64,26,51,21,40,54,25,36,10,
7to 1:2,3,4,8,9,10,15,16,18,19,21,22,24,25,26,27,28,29,30,31,32,33,35,39,41,43,44,45,47,50,51,58,59,61,63,65,66,68,69,74,75,78,55,17,56,20,64,67,5,62,1,79,54,73,48,37,42,7,77,46,38,14,49,70,36,
7to 2:1,2,3,4,8,13,15,16,21,22,25,27,28,29,31,32,33,34,35,36,38,39,40,41,44,50,51,53,54,56,58,59,60,63,65,67,69,73,74,78,80,55,17,20,62,12,71,66,47,37,45,61,57,19,77,7,23,10,14,49,70,48,9,
7to 3:2,3,4,6,11,12,15,16,17,18,19,21,23,25,27,28,30,31,33,34,35,41,42,43,45,46,47,48,50,55,58,59,60,61,62,63,64,65,67,68,69,73,74,75,76,79,80,44,20,37,22,40,38,54,36,66,57,14,10,29,9,77,7,70,8,78,1,5,32,49,
7to 4:2,3,4,8,9,12,13,15,16,18,19,21,22,25,26,27,28,30,31,33,34,37,39,40,41,43,45,46,47,48,49,50,56,57,58,59,60,62,63,64,65,67,72,73,74,75,80,77,55,6,11,52,69,29,68,42,61,7,14,38,54,70,51,44,36,35,78,1,10,
7to 5:2,3,4,6,8,9,10,11,13,15,16,17,18,19,21,22,26,27,30,31,34,37,41,43,46,47,48,50,51,54,57,58,60,63,65,67,73,74,75,78,79,80,38,55,64,71,33,36,61,44,20,14,7,23,66,68,1,29,62,49,70,35,72,
7to 6:2,3,4,7,11,12,13,14,15,16,19,21,22,27,30,31,33,34,36,37,40,41,43,45,46,47,48,50,51,58,59,60,61,63,65,70,74,75,78,69,49,55,52,77,38,56,20,29,5,25,57,44,32,54,73,23,17,8,9,35,62,67,10,1,68,
7to 7:

cell1:7,4,2,5,6,3,
cell2:1,4,5,7,3,6,
cell3:4,2,1,5,7,6,
cell4:1,3,7,6,5,2,
cell5:2,6,7,1,3,4,
cell6:4,2,5,7,3,1,
cell7:2,4,3,5,1,6,
