machine1:0,74,79,73,70,64,63,10,72,65,39,36,32,49,47,30,21,45,16,4,14,62,28,44,51,68,8,48,6,78,29,26,2,59,41,23,5,54,34,77,37,42,17,20,15,3,80,43,
machine2:0,73,22,70,64,19,63,10,72,65,39,32,49,47,35,30,21,45,16,12,14,1,9,28,57,44,51,11,68,6,25,75,69,46,61,2,59,41,27,66,5,40,54,34,50,56,13,58,77,37,42,17,33,20,15,3,71,
machine3:0,73,55,52,22,70,38,64,63,72,65,39,7,36,32,35,45,16,4,14,9,62,28,44,51,11,8,48,25,67,29,46,61,26,2,41,27,66,5,50,58,77,18,60,37,42,33,15,76,31,
machine4:0,74,79,73,22,70,38,64,10,72,65,36,32,47,35,45,4,1,9,62,28,51,68,8,48,69,67,29,61,26,2,59,41,27,66,5,40,54,34,50,18,60,37,17,33,71,31,
machine5:0,74,79,73,55,52,22,70,38,64,19,63,72,39,7,36,32,30,21,45,16,4,14,1,44,51,11,68,8,48,25,75,69,67,29,46,61,2,59,41,27,66,23,5,54,34,13,58,18,60,17,15,3,80,24,71,76,43,
machine6:0,73,52,22,70,38,63,10,72,39,7,36,32,47,21,45,16,12,1,9,28,57,44,51,8,48,25,78,75,67,29,61,2,59,41,23,40,50,56,13,58,77,18,60,17,15,3,80,71,53,76,
machine7:0,74,79,55,22,19,63,10,72,65,36,49,47,35,30,21,45,16,4,14,1,62,28,57,44,51,48,25,78,67,29,61,26,59,41,27,23,54,34,50,13,77,60,17,15,80,24,71,76,43,
machine8:0,79,73,70,38,10,65,7,36,32,49,47,35,30,21,45,16,9,51,68,8,48,6,25,78,69,67,29,2,41,27,66,54,34,77,18,42,17,3,53,
machine9:0,74,55,52,22,38,19,63,10,7,36,32,49,35,21,45,16,4,14,9,62,44,51,8,48,25,67,29,46,2,59,27,66,23,5,40,54,34,50,56,13,60,37,17,33,24,
machine10:0,74,55,52,19,63,10,65,39,7,32,49,47,35,30,21,45,16,4,1,9,62,57,44,51,11,68,8,48,25,67,2,41,23,40,56,13,77,18,33,20,15,3,80,71,76,31,
machine11:0,74,79,73,55,52,22,70,19,63,10,72,39,47,35,30,21,45,4,12,14,1,9,62,28,51,11,68,8,48,69,67,61,26,2,27,66,23,5,40,54,34,58,77,60,37,20,15,3,
machine12:0,74,79,73,55,52,22,70,38,19,63,10,72,65,7,36,32,49,47,35,30,21,45,16,4,12,14,9,62,28,57,44,51,11,68,8,48,6,25,78,75,69,67,29,46,61,26,2,59,27,66,23,5,54,34,50,56,77,18,60,37,42,17,33,15,3,80,24,71,76,31,43,
machine13:0,74,79,73,55,22,70,38,64,19,63,10,72,65,39,7,36,32,49,47,35,30,21,45,16,4,12,14,1,9,28,57,44,51,11,68,8,48,6,25,78,75,69,67,29,46,61,26,2,59,41,27,66,23,5,40,54,34,56,13,58,77,18,37,42,17,33,20,15,3,80,53,76,31,43,
machine14:0,74,79,55,52,22,38,64,19,10,72,65,39,7,36,32,49,47,35,30,21,45,16,4,12,14,1,9,62,28,57,44,51,11,68,8,48,6,25,78,75,69,67,29,46,61,26,2,59,41,27,66,23,5,40,50,56,13,58,77,18,60,37,42,17,33,15,3,80,24,71,76,31,43,
machine15:0,74,79,73,55,52,22,70,38,64,19,63,10,72,65,39,7,36,32,49,47,35,30,21,45,16,4,12,14,1,9,62,28,57,44,51,11,68,8,48,6,25,78,69,67,29,46,61,26,2,59,41,27,66,23,5,40,54,34,50,56,58,77,18,60,37,42,33,20,15,3,80,24,71,53,76,31,43,
machine16:0,74,79,73,55,52,22,70,38,64,19,63,10,72,65,39,7,49,47,35,30,45,16,4,12,1,9,62,28,57,44,51,11,68,8,48,6,25,78,75,69,67,29,61,26,41,27,66,23,5,40,54,34,50,18,37,17,33,20,3,24,71,31,43,
machine17:0,79,73,22,70,38,64,19,63,10,72,65,39,7,36,49,35,30,21,45,16,4,12,14,1,9,62,28,57,44,51,11,68,8,48,6,25,78,69,67,29,46,26,2,59,27,66,23,5,54,34,56,13,58,77,18,60,37,42,17,33,20,15,80,71,53,76,31,43,
machine18:0,74,79,55,52,22,38,19,63,10,72,39,36,49,47,35,21,45,16,4,14,1,9,62,28,57,44,51,11,8,48,6,25,78,75,67,29,46,61,26,2,59,41,27,66,23,5,40,54,34,50,56,13,58,18,37,42,17,33,20,15,3,80,53,76,43,
machine19:0,74,79,73,55,52,22,70,38,64,19,63,10,72,65,39,7,36,32,49,47,35,30,21,45,16,4,14,1,9,62,28,57,44,51,11,68,8,48,25,78,67,29,61,26,2,59,41,27,66,23,5,40,54,34,50,56,13,58,77,18,60,37,42,17,33,15,3,80,24,76,31,43,
machine20:0,74,79,73,55,52,22,70,38,64,19,63,10,72,65,39,7,36,32,49,47,35,30,21,45,16,4,12,14,1,9,62,57,44,51,11,68,8,48,6,25,78,75,69,67,29,46,61,26,2,59,41,27,66,23,5,40,54,34,56,13,58,77,18,37,42,17,33,20,15,3,80,24,71,53,76,31,
machine21:0,74,79,73,55,52,22,70,38,64,19,63,10,72,65,39,7,36,32,49,47,35,30,21,45,16,4,12,14,1,9,62,28,57,44,51,11,68,8,48,6,25,78,75,69,67,29,46,61,26,2,59,41,27,66,23,5,40,54,34,50,56,13,58,77,18,60,37,42,17,33,20,15,3,80,24,71,53,76,31,43,

1to 1:
1to 2:1,3,5,9,10,11,13,14,19,21,23,27,33,34,37,38,40,47,49,50,51,52,55,58,59,60,62,66,67,68,69,70,73,74,77,61,17,72,54,8,32,28,41,22,15,18,44,30,29,4,39,45,2,16,48,78,63,
1to 3:1,2,3,5,6,7,9,10,16,18,19,20,21,23,25,27,28,30,31,34,35,36,37,38,42,44,45,46,49,50,52,54,55,58,59,60,61,63,65,66,67,69,71,74,75,76,77,78,24,70,8,29,64,15,62,32,79,39,73,14,11,17,33,22,47,48,72,68,4,51,
1to 4:1,3,5,6,7,8,9,10,11,13,15,19,20,21,22,26,29,30,31,32,34,35,37,38,42,43,44,45,46,47,49,54,57,58,59,63,64,65,66,67,69,73,74,75,76,77,78,79,40,50,12,14,55,61,60,4,71,18,62,28,68,39,51,2,41,36,25,27,16,72,48,
1to 5:3,5,6,9,13,14,15,16,18,19,20,21,26,27,29,30,34,35,36,38,43,44,45,46,49,51,52,55,56,57,58,59,64,65,66,67,69,70,75,76,39,50,61,41,60,8,4,42,22,40,33,28,63,62,79,17,37,74,68,78,54,11,72,2,48,1,10,
1to 6:1,3,4,5,7,8,9,13,16,17,19,20,21,23,27,28,29,30,31,32,34,36,38,40,41,45,47,49,51,54,56,58,60,62,63,64,65,66,67,68,69,70,72,75,76,77,79,80,15,33,55,22,10,14,78,24,12,44,46,42,11,73,18,61,25,48,2,39,37,
1to 7:2,3,4,5,7,9,10,13,16,17,18,19,21,25,26,29,30,31,34,35,36,37,38,43,45,46,47,49,50,51,54,55,56,57,58,59,64,65,66,67,69,70,77,78,79,8,52,73,61,28,62,42,22,41,48,14,33,44,11,1,15,32,63,68,
2to 1:1,3,7,8,11,14,15,16,18,19,20,21,22,24,25,26,28,29,31,33,34,35,36,37,39,41,42,47,50,51,57,58,60,63,65,66,67,68,69,70,71,72,74,76,77,79,80,12,73,23,54,45,59,55,32,17,10,30,27,62,4,5,44,46,61,48,2,9,78,
2to 2:
2to 3:1,2,5,9,10,13,15,16,18,20,21,22,24,25,29,33,34,35,36,37,38,39,40,41,42,43,47,49,50,51,52,53,54,58,61,62,65,66,67,68,69,70,71,74,75,77,79,80,17,59,76,72,28,32,30,12,60,7,14,55,8,44,19,73,78,23,3,45,11,48,27,4,63,
2to 4:5,6,7,8,10,13,15,18,19,21,22,24,25,26,27,29,33,34,35,38,40,41,42,44,47,50,51,52,56,57,58,59,61,65,66,67,68,69,70,71,72,74,77,79,80,3,28,30,17,55,73,60,9,45,23,12,16,48,36,63,62,11,46,37,54,14,2,4,49,
2to 5:1,2,7,10,13,15,16,18,19,21,22,24,25,26,27,28,29,33,34,37,38,39,40,41,44,47,48,49,50,51,52,53,55,57,59,60,61,62,63,65,66,67,68,69,72,73,74,75,76,79,80,23,30,8,11,9,46,20,14,3,45,5,35,54,70,4,17,78,36,
2to 6:5,7,8,10,13,15,16,18,20,21,22,24,25,29,30,31,33,34,35,36,38,40,41,42,44,47,48,49,51,53,58,59,60,63,65,66,67,68,69,72,73,74,76,77,78,79,80,45,27,57,62,55,17,12,46,3,56,19,9,32,23,37,70,61,54,11,14,4,2,
2to 7:1,5,7,8,10,13,15,16,18,19,21,22,24,26,27,29,31,32,33,35,38,40,41,42,44,49,50,51,52,54,57,63,65,66,67,68,69,74,75,77,79,80,70,17,46,23,14,2,73,45,59,3,55,61,30,47,25,28,48,62,37,4,9,
3to 1:5,7,8,9,10,16,17,19,20,23,24,25,26,27,28,30,34,36,37,38,41,42,43,46,48,49,51,55,56,58,59,60,61,64,65,66,71,74,75,77,40,15,47,80,73,54,76,22,69,1,78,44,68,45,18,63,4,14,33,3,11,70,39,32,2,21,72,
3to 2:5,9,10,11,12,17,18,20,21,23,26,27,28,30,34,35,36,37,39,41,43,44,48,51,54,55,57,58,59,60,61,66,67,68,73,74,76,77,79,80,69,15,32,65,47,31,8,70,52,4,7,19,13,16,78,2,22,72,40,33,3,14,63,1,25,29,45,49,
3to 3:
3to 4:3,5,6,8,9,12,16,17,23,27,28,30,31,32,34,35,36,37,41,48,49,50,51,53,54,55,60,63,67,68,74,76,79,80,20,40,15,25,13,46,43,14,29,18,11,59,75,7,39,52,19,47,58,26,70,44,78,33,69,71,73,42,65,2,38,21,10,22,1,57,72,4,45,
3to 5:1,2,3,8,11,12,15,16,17,18,21,23,26,28,29,30,35,36,37,42,45,46,48,50,51,53,54,55,57,59,60,64,66,67,69,73,74,75,79,80,78,33,34,41,58,31,47,13,5,38,14,76,7,44,10,43,4,20,39,70,65,19,49,9,63,22,25,72,
3to 6:3,4,6,9,11,12,14,17,19,23,25,27,30,31,36,37,42,43,46,47,48,49,51,53,55,56,57,58,60,61,63,66,67,69,73,74,75,77,79,80,76,65,13,72,18,2,33,34,40,64,38,22,59,39,44,16,7,70,8,78,15,5,35,21,41,1,32,45,10,
3to 7:3,4,5,6,7,9,10,11,12,15,16,17,23,25,26,27,33,35,36,37,38,46,48,52,54,58,59,60,61,62,63,64,66,67,68,74,75,77,80,39,34,57,31,44,69,73,42,32,20,22,71,43,21,41,29,2,8,40,18,65,45,14,70,78,19,47,49,
4to 1:2,3,5,9,10,14,17,18,21,22,23,25,26,30,32,33,34,35,37,38,39,41,42,43,44,49,52,54,55,57,58,61,63,64,65,67,70,71,73,76,75,8,6,77,24,60,68,45,59,27,7,66,69,79,28,4,62,78,48,16,19,74,47,72,11,15,1,29,51,
4to 2:2,4,5,8,9,10,12,13,14,16,17,22,23,24,26,27,29,30,31,32,33,34,38,39,40,41,48,53,54,57,58,61,63,65,69,70,72,73,74,78,79,80,21,66,67,1,71,28,59,60,55,11,52,35,46,19,7,77,3,62,51,68,15,45,25,47,36,49,
4to 3:2,5,6,9,10,12,14,17,21,22,23,24,27,28,29,30,31,33,38,41,42,43,44,46,48,49,55,57,58,59,61,63,64,65,67,69,70,71,78,80,18,52,13,4,8,74,75,36,7,45,26,53,56,60,77,34,15,51,16,19,79,72,1,66,3,25,40,47,11,68,37,35,
4to 4:
4to 5:1,2,3,4,5,6,8,9,10,13,14,20,23,24,25,29,30,31,33,34,35,39,40,41,42,43,44,46,48,54,58,60,61,64,65,68,70,72,74,76,78,79,80,37,55,11,51,15,53,75,49,66,71,36,28,27,52,59,7,12,19,56,69,38,16,62,26,45,67,57,21,47,63,
4to 6:1,2,7,8,9,10,12,14,17,19,22,24,25,27,30,31,32,33,34,36,38,39,40,41,42,43,44,46,48,49,52,56,57,58,59,61,63,65,70,72,73,76,55,79,54,3,75,53,69,13,60,23,15,6,11,74,28,62,29,21,51,45,67,35,16,77,26,18,5,4,47,78,
4to 7:2,3,4,5,9,11,14,20,22,23,24,25,27,29,30,31,32,33,34,39,41,42,43,44,46,48,49,51,54,57,58,59,60,61,64,65,68,70,71,73,78,50,19,6,38,37,75,77,55,10,21,53,66,45,12,7,56,1,40,74,62,35,47,36,26,79,16,72,67,15,8,63,
5to 1:1,2,3,4,5,6,8,10,14,15,16,17,18,19,21,23,24,25,26,28,30,31,34,38,39,42,43,44,45,46,47,48,51,54,55,59,62,64,67,68,70,73,75,76,78,79,80,71,33,58,56,29,66,72,13,20,61,74,9,65,41,11,22,36,63,37,27,57,
5to 2:1,2,3,4,7,14,15,16,17,18,19,21,23,25,28,29,31,33,34,39,43,44,45,47,48,49,52,54,55,56,57,59,60,62,65,66,67,69,70,72,76,78,13,30,10,53,58,71,9,5,20,79,8,61,74,41,36,27,38,11,51,68,35,22,63,
5to 3:1,3,7,13,14,16,17,18,19,20,21,23,25,28,29,30,34,35,37,40,41,44,45,46,47,48,49,52,53,54,55,58,59,60,62,65,66,67,69,70,73,75,78,79,31,5,15,71,61,10,38,9,6,11,8,76,72,43,4,22,57,39,74,27,33,2,36,68,63,51,
5to 4:1,2,4,7,13,14,16,17,18,19,20,21,23,25,28,30,34,39,40,42,43,44,46,47,48,50,51,52,54,55,56,59,60,62,64,65,67,68,73,75,76,78,58,71,37,31,53,26,35,33,6,79,38,69,11,36,66,8,10,9,72,29,61,74,41,57,15,63,27,22,49,
5to 5:
5to 6:1,2,3,5,7,8,11,13,14,15,17,18,19,20,21,23,25,29,34,35,37,39,43,44,45,46,47,48,49,53,54,55,59,60,62,64,67,70,72,73,75,76,77,78,80,58,31,74,6,51,79,56,4,57,36,9,12,66,33,30,38,26,27,68,41,10,65,61,16,63,22,
5to 7:1,4,7,8,10,11,14,16,17,18,19,21,22,23,25,27,28,30,33,34,39,43,44,45,46,47,48,50,51,55,59,61,64,65,67,70,72,73,74,75,76,77,78,79,69,12,20,54,31,38,6,66,58,5,9,36,49,62,15,35,29,41,57,37,2,63,68,
6to 1:1,2,4,5,7,8,10,11,15,16,19,20,22,34,35,36,37,38,40,43,44,45,47,48,52,54,55,57,58,60,61,63,67,68,70,73,75,77,78,79,80,29,74,66,65,33,69,42,64,18,23,32,49,14,9,3,27,39,25,72,21,51,17,41,
6to 2:1,2,3,4,7,8,9,11,12,13,15,16,18,19,20,22,24,25,30,31,32,33,35,38,44,45,47,52,54,57,58,60,61,62,65,68,70,77,78,80,23,36,67,55,66,40,69,10,56,27,74,63,49,14,34,26,29,51,72,39,5,17,41,21,48,
6to 3:1,2,4,5,6,7,8,10,11,12,13,15,16,17,19,20,21,22,23,24,25,27,29,30,31,32,34,37,38,41,44,46,47,48,49,52,55,56,57,58,61,62,64,70,73,74,75,76,77,78,69,3,14,65,51,79,68,66,71,35,9,26,42,67,18,36,40,33,63,45,72,
6to 4:2,4,6,7,8,9,11,12,13,16,17,18,20,22,24,26,30,31,35,36,37,38,39,40,41,43,44,45,47,48,52,53,54,55,56,58,60,61,62,63,64,65,69,70,72,73,75,76,78,80,19,59,74,66,57,21,5,33,68,1,3,23,49,14,25,42,77,79,10,27,29,32,67,15,51,
6to 5:1,2,4,6,7,8,11,12,13,14,15,16,17,19,20,24,27,31,33,36,37,38,40,43,44,46,47,48,52,56,58,61,62,63,68,70,72,73,75,78,80,79,57,34,54,76,39,66,5,21,65,64,26,9,22,29,23,51,74,10,41,18,35,25,67,49,
6to 6:
6to 7:1,2,4,5,7,8,9,11,12,14,15,16,17,18,19,20,22,24,27,31,32,37,38,41,42,43,44,45,46,47,48,52,56,58,61,62,63,65,66,67,68,69,70,73,77,55,35,49,78,23,57,34,64,26,51,21,33,40,54,36,25,10,
7to 1:2,3,8,9,10,15,16,18,19,22,24,25,26,27,28,29,31,32,33,35,41,43,44,45,47,50,51,56,58,59,61,63,66,68,69,75,78,17,55,30,20,64,67,39,5,62,1,74,79,42,54,48,73,37,7,14,77,49,38,65,4,46,70,36,21,
7to 2:1,3,4,8,13,15,22,25,27,29,31,32,33,34,35,36,38,40,41,44,50,51,53,54,56,58,59,60,63,67,69,71,73,74,78,80,55,17,62,45,20,12,66,65,28,47,16,37,21,61,19,39,57,10,7,77,23,14,49,48,2,70,9,
7to 3:2,3,11,12,15,17,18,19,23,25,27,31,33,34,35,42,43,46,47,48,50,55,58,59,60,61,62,63,64,67,68,69,73,75,76,79,80,44,65,45,20,37,22,40,6,36,54,38,66,9,16,10,14,28,29,74,57,30,70,8,77,4,7,78,1,5,21,49,41,32,
7to 4:2,3,8,9,11,12,13,15,18,19,22,25,26,27,28,30,31,33,34,37,40,41,42,43,46,47,48,49,50,51,56,57,58,59,60,62,63,64,67,72,73,74,75,80,77,55,69,52,29,6,65,45,68,61,4,39,7,14,38,70,54,44,36,21,35,78,10,1,16,
7to 5:2,3,4,8,9,10,11,13,15,16,17,18,19,21,22,26,27,30,31,33,34,37,41,43,46,47,48,50,51,54,58,60,63,67,71,73,75,78,79,80,6,38,55,62,64,36,44,61,14,20,7,23,68,66,1,65,29,74,49,35,70,57,72,
7to 6:2,3,4,7,11,12,13,14,15,19,22,27,30,31,33,34,36,37,40,41,43,45,46,47,48,50,51,56,58,59,60,61,63,65,70,74,75,78,69,77,49,55,38,52,57,29,20,25,5,21,44,32,54,73,17,23,8,16,35,67,62,10,1,9,68,
7to 7:

cell1:4,2,6,5,3,7,
cell2:1,7,4,5,3,6,
cell3:4,2,5,1,7,6,
cell4:1,7,6,5,3,2,
cell5:2,1,6,7,3,4,
cell6:3,4,5,7,2,1,
cell7:2,5,3,4,1,6,
