machine1:0,20,63,48,17,15,62,79,6,77,72,47,59,74,29,8,16,45,70,34,49,73,68,23,51,41,36,26,10,80,4,42,39,65,44,21,3,32,30,14,37,54,43,64,2,78,5,28,
machine2:0,69,20,12,63,17,13,15,75,57,11,58,6,50,27,77,72,47,59,1,16,45,70,34,9,49,33,19,66,71,73,68,51,41,10,35,42,39,65,22,44,21,40,3,32,30,56,14,37,25,54,46,64,2,5,61,28,
machine3:0,63,48,15,62,31,11,58,55,18,50,27,77,72,67,29,8,16,52,45,70,9,33,60,66,73,51,41,36,7,26,4,35,42,39,65,22,44,38,32,14,37,25,46,64,2,76,5,61,28,
machine4:0,69,48,17,62,79,31,18,50,27,72,67,47,59,74,29,8,1,45,70,34,9,33,60,66,71,73,68,51,41,36,26,10,4,35,65,22,38,40,32,37,54,64,2,5,61,28,
machine5:0,69,63,48,17,13,15,79,75,11,58,55,18,27,72,67,59,24,74,29,8,1,16,52,45,70,34,60,19,66,71,73,68,23,51,41,36,7,80,4,39,22,44,38,21,3,32,30,14,25,54,46,43,64,2,76,5,61,
machine6:0,12,63,48,17,13,15,75,57,58,18,50,77,72,67,47,59,29,8,1,16,52,45,70,9,60,71,73,23,51,41,36,7,10,80,39,22,44,38,21,40,3,32,56,25,2,78,76,53,61,28,
machine7:0,63,48,17,13,15,62,79,57,55,50,27,77,72,67,47,59,24,74,29,1,16,45,34,49,60,19,71,23,51,41,36,26,10,80,4,35,65,22,44,21,30,14,25,54,43,78,76,61,28,
machine8:0,69,48,17,79,6,18,27,77,67,47,29,8,16,45,70,34,9,49,66,73,68,51,41,36,7,10,35,42,65,38,21,3,32,30,25,54,2,78,53,
machine9:0,63,48,17,13,62,55,50,27,67,59,24,74,29,8,16,52,45,34,9,49,33,60,19,66,23,51,36,7,10,4,35,22,44,38,21,40,32,56,14,37,25,54,46,2,5,
machine10:0,20,63,48,13,15,62,31,57,11,55,18,77,67,47,74,8,1,16,52,45,9,49,33,19,71,68,23,51,41,7,10,80,4,35,39,65,44,21,40,3,32,30,56,25,2,76,
machine11:0,69,20,12,63,48,15,62,79,11,58,55,27,77,72,67,47,74,8,1,52,45,70,34,9,60,19,66,73,68,23,51,26,10,4,35,39,22,21,40,3,30,14,37,54,2,5,61,28,
machine12:0,69,12,63,48,17,15,62,79,75,31,57,11,55,6,18,50,27,77,72,67,47,59,24,74,29,8,16,52,45,70,34,9,49,33,60,19,66,71,73,68,23,51,36,7,26,10,80,4,35,42,65,22,44,38,21,3,32,30,56,14,37,25,54,46,43,2,78,76,5,61,28,
machine13:0,69,20,12,63,48,17,13,15,79,75,31,57,11,58,55,6,18,27,77,72,67,47,59,74,29,8,1,16,45,70,34,9,49,33,19,66,73,68,23,51,41,36,7,26,10,80,4,35,42,39,65,22,44,38,21,40,3,32,30,56,14,37,25,54,46,43,64,2,78,76,53,5,61,28,
machine14:0,69,12,48,17,13,15,62,79,75,31,57,11,58,55,6,18,50,27,77,72,67,47,59,24,74,29,8,1,16,52,45,9,49,33,60,19,66,71,68,23,51,41,36,7,26,10,80,4,35,42,39,65,22,44,38,21,40,3,32,30,56,14,37,25,46,43,64,2,78,76,5,61,28,
machine15:0,69,20,12,63,48,15,62,79,31,57,11,58,55,6,18,50,27,77,72,67,47,59,24,74,29,8,1,16,52,45,70,34,9,49,33,60,19,66,71,73,68,23,51,41,36,7,26,10,80,4,35,42,39,65,22,44,38,21,40,3,32,30,56,14,37,25,54,46,43,64,2,78,76,53,5,61,28,
machine16:0,69,20,12,63,48,17,62,79,75,31,57,11,55,6,18,50,27,72,67,47,24,74,29,8,1,16,52,45,70,34,9,49,33,19,66,71,73,68,23,51,41,7,26,10,4,35,39,65,22,44,38,40,3,30,37,25,54,43,64,78,5,61,28,
machine17:0,69,20,12,63,48,17,13,15,62,79,31,57,11,58,6,18,27,77,72,67,59,29,8,1,16,45,70,34,9,49,33,60,19,66,71,73,68,23,51,36,7,26,10,80,4,35,42,39,65,22,44,38,21,30,56,14,37,25,54,46,43,64,2,78,76,53,5,28,
machine18:0,20,63,48,17,13,15,62,79,75,57,11,58,55,6,18,50,27,72,67,47,59,74,29,8,1,16,52,45,34,9,49,33,19,66,23,51,41,36,26,10,80,4,35,42,39,22,44,38,21,40,3,56,14,37,25,54,46,43,2,78,76,53,5,61,28,
machine19:0,63,48,17,13,15,62,79,31,57,11,58,55,18,50,27,77,72,67,47,59,24,74,29,8,1,16,52,45,70,34,9,49,33,60,19,66,73,68,23,51,41,36,7,26,10,80,4,35,42,39,65,22,44,38,21,40,3,32,30,56,14,37,25,54,43,64,2,78,76,5,61,28,
machine20:0,69,20,12,63,48,17,13,15,62,79,75,31,57,11,58,55,6,18,27,77,72,67,47,59,24,74,29,8,1,16,52,45,70,34,9,49,33,19,66,71,73,68,23,51,41,36,7,26,10,80,4,35,42,39,65,22,44,38,21,40,3,32,30,56,14,37,25,54,46,64,2,78,76,53,5,61,
machine21:0,69,20,12,63,48,17,13,15,62,79,75,31,57,11,58,55,6,18,50,27,77,72,67,47,59,24,74,29,8,1,16,52,45,70,34,9,49,33,60,19,66,71,73,68,23,51,41,36,7,26,10,80,4,35,42,39,65,22,44,38,21,40,3,32,30,56,14,37,25,54,46,43,64,2,78,76,53,5,61,28,

1to 1:
1to 2:1,3,9,10,11,13,14,15,19,21,23,33,34,37,38,40,47,49,50,51,52,55,58,60,62,66,68,69,70,73,74,77,78,61,17,72,54,8,32,28,59,67,5,41,22,27,18,30,44,48,45,29,4,39,2,16,63,
1to 3:1,2,3,6,7,9,10,14,15,16,18,19,21,23,25,28,30,31,33,34,35,36,37,38,42,44,46,47,50,52,54,55,58,60,61,62,63,65,67,69,71,74,75,76,77,78,24,70,5,29,64,51,59,8,32,20,79,66,39,49,73,11,17,22,45,48,27,72,68,4,
1to 4:1,3,5,6,7,8,9,10,11,13,14,15,19,21,22,26,29,30,31,32,34,35,36,38,42,43,44,45,46,47,54,57,58,62,63,64,65,66,72,73,74,75,76,77,78,79,40,50,12,49,37,55,61,60,20,18,4,71,59,28,69,51,68,39,2,41,25,27,48,16,67,
1to 5:3,5,6,9,13,14,15,16,18,19,21,26,27,29,30,34,35,36,38,43,44,45,46,49,52,55,57,58,59,62,64,65,67,69,74,75,76,39,50,56,66,41,60,8,33,4,42,61,22,40,28,63,79,17,37,20,68,78,2,54,11,72,70,51,1,48,10,
1to 6:1,3,4,5,7,9,13,14,15,16,17,19,20,21,23,28,29,30,31,32,34,36,38,40,41,45,47,51,58,60,62,63,64,65,66,68,69,72,75,76,77,79,80,54,56,55,22,10,49,27,78,24,12,44,46,42,11,48,73,18,33,61,70,25,2,8,39,37,67,
1to 7:2,3,4,5,7,9,10,13,14,15,16,17,19,21,25,26,29,30,31,34,35,36,38,43,44,45,46,47,50,51,54,55,57,58,61,62,64,65,67,77,78,79,70,59,69,52,73,8,28,42,22,56,33,41,66,49,18,48,1,11,32,37,63,68,
2to 1:1,4,5,7,11,14,15,16,18,19,20,21,22,24,25,26,28,31,33,34,35,36,37,39,41,42,47,48,50,51,57,58,59,60,63,65,68,69,70,72,74,76,77,78,79,80,12,73,71,23,54,45,29,55,32,17,10,30,27,62,44,8,46,66,61,67,3,2,9,
2to 2:
2to 3:1,4,5,9,10,13,15,16,20,22,24,25,27,29,33,35,36,37,38,39,40,41,42,43,49,50,51,52,53,54,58,59,61,66,67,68,69,70,74,75,77,79,80,18,65,17,3,76,72,28,32,30,12,60,34,7,14,55,62,8,71,44,19,73,78,23,47,21,45,11,48,2,63,
2to 4:4,5,6,7,8,13,14,15,16,18,21,22,24,25,27,33,34,38,40,41,42,44,48,49,50,51,52,56,57,58,59,61,65,67,68,69,70,71,72,74,77,79,80,19,28,3,30,17,55,73,26,60,9,45,23,12,36,66,63,62,11,46,54,37,29,35,10,47,2,
2to 5:1,2,5,7,13,15,16,18,19,21,22,24,25,26,27,28,29,33,36,37,38,39,40,41,44,47,48,49,50,51,52,53,55,57,59,60,61,63,65,66,67,68,69,70,72,73,74,75,76,79,80,23,34,30,8,11,9,46,62,20,10,14,3,45,35,54,17,78,4,
2to 6:5,7,13,14,15,16,20,22,23,24,25,27,29,30,31,33,35,36,38,40,41,42,44,47,48,49,51,53,58,59,60,63,68,69,70,72,73,74,76,77,78,79,80,45,65,19,57,62,55,17,12,21,46,56,3,34,9,32,66,37,61,18,54,11,4,8,2,67,10,
2to 7:1,5,7,10,13,15,16,18,21,22,24,26,27,31,32,33,35,38,40,41,42,44,49,50,51,52,54,57,59,63,66,67,68,69,70,74,75,77,79,80,17,46,23,73,3,55,61,2,47,30,45,14,25,28,65,48,62,29,19,37,4,9,8,
3to 1:4,5,7,8,9,10,16,17,19,20,23,24,25,26,27,30,34,36,37,38,41,42,43,46,48,49,51,55,58,59,60,61,64,65,66,71,74,75,77,40,47,80,73,54,56,76,22,28,69,70,1,15,78,44,68,45,18,63,14,33,3,11,39,32,2,21,72,
3to 2:5,8,9,10,11,12,16,17,18,20,21,23,26,27,30,31,34,35,36,37,39,40,41,43,44,48,54,55,57,58,59,60,61,63,66,67,68,73,74,76,77,79,80,69,15,32,65,47,70,52,4,7,19,13,3,78,2,28,22,72,51,33,14,1,25,29,45,49,
3to 3:
3to 4:3,4,5,6,8,9,10,12,16,17,18,23,27,28,30,31,32,34,35,36,37,40,41,48,49,50,53,54,55,60,63,67,68,74,76,79,80,20,15,13,46,25,43,14,29,75,59,11,7,39,52,19,47,58,26,70,44,69,78,33,71,73,42,65,51,2,38,21,22,1,57,72,45,
3to 5:1,2,3,4,8,10,11,12,16,17,18,21,23,26,29,30,31,35,37,42,45,46,48,50,53,54,55,57,59,60,64,66,67,69,73,75,79,80,78,33,34,15,41,58,28,47,5,38,14,76,13,7,74,44,43,20,39,70,65,19,49,9,63,22,51,25,36,72,
3to 6:3,4,6,9,10,11,12,14,16,17,19,23,25,27,30,31,36,37,42,43,46,47,48,49,53,55,57,58,60,61,63,66,67,69,73,74,75,77,79,80,76,65,13,72,18,2,33,34,56,64,40,38,59,22,39,44,7,70,8,78,15,5,35,21,41,1,32,45,51,
3to 7:3,4,5,6,7,9,10,11,12,15,16,17,18,23,25,26,27,31,33,35,36,37,38,40,45,46,48,52,54,58,59,60,61,62,63,64,66,67,68,74,75,77,80,39,34,57,69,44,73,42,32,20,22,71,43,21,41,29,2,8,65,14,70,19,78,47,49,
4to 1:3,7,9,10,17,18,19,21,22,23,25,26,30,32,33,34,35,37,38,39,42,43,44,49,52,54,55,57,58,61,63,64,65,67,70,71,72,73,76,78,75,8,6,77,14,24,60,68,45,59,27,69,66,51,79,62,28,5,4,2,41,74,48,47,16,11,15,1,29,
4to 2:4,5,8,9,10,12,13,16,17,22,23,24,25,26,27,30,31,32,33,34,40,48,53,54,57,58,61,63,65,69,70,72,73,74,78,79,80,14,21,62,66,67,1,71,60,28,59,55,52,11,46,41,35,7,77,19,29,3,51,38,68,39,15,45,47,36,2,49,
4to 3:2,5,6,7,9,10,12,17,18,21,22,23,24,27,29,30,31,38,41,42,43,44,46,55,57,58,59,61,63,64,65,67,69,70,71,72,78,80,52,13,4,51,8,74,75,36,45,53,26,56,60,77,34,15,16,28,79,1,3,66,25,40,47,11,68,37,19,33,48,49,14,35,
4to 4:
4to 5:1,2,3,4,6,7,8,9,10,13,14,20,21,23,24,25,30,31,34,35,40,42,43,44,46,54,58,60,61,64,65,68,70,72,74,76,78,79,80,37,55,51,11,15,53,75,49,39,71,36,28,27,52,59,12,19,56,16,29,69,48,38,66,26,45,62,5,33,41,57,67,47,63,
4to 6:1,7,8,9,10,12,17,18,19,22,24,25,27,30,31,32,34,36,39,40,41,42,43,44,46,49,52,54,56,57,58,59,61,63,65,70,72,73,76,78,55,79,33,75,3,53,69,13,60,48,23,6,51,15,11,74,28,38,29,21,35,14,62,45,77,26,16,67,2,5,4,47,
4to 7:3,4,5,7,9,11,20,22,23,24,25,27,29,30,31,32,34,39,40,41,42,43,44,46,48,49,54,57,58,59,60,61,64,65,68,70,71,73,78,50,6,75,37,21,77,38,14,66,55,10,53,45,12,56,1,74,62,35,47,33,36,26,79,16,19,72,2,51,67,15,8,63,
5to 1:1,2,3,4,5,6,8,10,14,15,16,17,19,21,23,24,25,26,28,29,31,34,38,39,42,43,44,45,46,47,48,51,54,55,56,62,64,67,70,71,73,75,76,79,80,18,33,58,30,66,59,13,20,72,61,63,78,74,9,65,41,11,22,36,37,27,57,68,
5to 2:1,2,3,4,7,8,14,16,17,18,19,21,23,25,28,29,31,33,34,38,39,41,43,44,47,48,49,52,54,55,57,59,60,62,65,66,67,69,70,71,72,76,78,13,30,10,53,58,45,56,20,79,9,61,63,15,5,74,27,36,11,51,68,35,22,
5to 3:1,3,5,8,13,16,17,19,20,21,23,25,28,29,34,35,36,37,40,41,44,46,47,48,49,52,53,54,55,58,60,62,65,66,67,69,70,71,73,75,78,79,31,59,7,15,61,38,10,18,9,6,76,72,11,43,4,30,22,57,45,39,74,14,27,33,63,2,68,51,
5to 4:1,2,4,8,13,16,17,18,19,20,21,23,25,26,28,29,30,34,39,40,42,43,44,46,47,48,50,51,52,53,54,55,56,59,60,62,63,64,65,66,67,68,69,71,73,75,76,78,58,14,31,37,35,33,6,11,79,38,36,72,7,10,9,61,74,41,57,15,27,22,49,
5to 5:
5to 6:1,2,3,5,8,11,12,13,16,17,18,19,20,21,25,29,34,35,37,39,43,44,46,47,48,49,53,54,55,56,59,60,62,64,67,70,72,73,75,76,77,80,58,15,63,31,14,6,74,79,51,66,4,57,38,9,33,30,26,27,7,68,45,23,41,10,65,61,36,22,78,
5to 7:1,2,4,8,10,11,12,16,17,18,19,21,22,23,25,27,28,29,30,33,34,36,37,38,39,43,44,45,46,47,48,50,51,55,61,64,65,67,69,70,72,73,74,75,76,77,78,79,20,54,31,6,66,59,58,5,9,14,49,41,7,62,15,35,63,57,68,
6to 1:1,2,3,5,7,10,11,15,19,20,22,34,35,36,38,40,43,44,45,47,48,52,54,55,57,58,60,61,67,68,70,73,75,77,79,80,29,74,37,65,33,42,69,66,64,18,23,16,32,49,4,14,63,9,39,27,25,72,21,17,41,51,78,8,
6to 2:1,2,3,4,7,8,9,11,12,13,14,15,16,18,19,20,22,24,25,29,30,32,33,34,35,36,38,39,44,45,47,52,54,55,56,57,58,60,61,62,65,68,70,77,80,23,31,67,40,66,69,10,27,74,49,26,51,72,5,17,41,63,21,78,48,
6to 3:1,2,3,5,6,7,10,11,12,13,15,16,17,19,20,21,22,23,24,25,27,29,30,31,32,34,36,38,41,44,46,47,48,49,52,55,56,57,58,61,62,63,64,66,68,70,73,74,75,76,77,78,69,14,65,37,79,71,35,9,26,51,42,67,4,18,40,8,33,45,72,
6to 4:1,2,3,7,8,9,11,12,13,17,18,20,22,24,26,30,31,35,38,39,40,41,43,44,45,47,48,52,54,55,56,58,60,61,62,64,65,66,67,68,69,70,72,73,75,76,78,80,19,59,74,6,63,57,21,53,5,33,23,16,49,14,25,4,77,79,42,10,36,27,29,37,32,15,51,
6to 5:1,2,4,6,7,8,11,12,13,14,15,17,19,20,24,27,33,34,36,38,39,40,43,44,46,47,48,52,56,58,61,62,63,68,70,72,73,75,78,80,79,57,31,54,76,5,21,65,64,26,9,51,22,23,66,74,10,18,41,35,29,37,25,16,67,49,
6to 6:
6to 7:1,2,4,5,7,9,11,12,14,15,16,17,18,19,20,22,24,27,32,34,36,38,41,42,43,44,45,46,47,48,52,55,56,58,61,62,65,66,67,68,69,70,73,77,31,35,49,78,8,23,57,64,26,51,21,33,40,54,37,25,10,63,
7to 1:2,3,4,8,9,10,15,16,18,19,20,22,24,25,26,27,28,30,31,32,33,35,41,43,44,45,47,50,51,56,58,59,61,62,63,65,66,68,69,74,75,78,55,17,29,64,67,39,5,1,79,54,73,42,37,7,77,14,48,38,49,46,70,36,21,
7to 2:1,3,4,8,13,15,22,25,27,28,31,32,33,35,36,38,40,41,44,50,51,53,54,56,58,59,60,63,65,67,69,71,73,74,78,80,55,34,17,45,20,62,12,66,47,37,16,21,61,19,39,57,10,7,77,23,14,29,49,48,2,70,9,
7to 3:2,3,4,7,8,11,12,15,17,18,19,20,23,25,27,28,30,31,33,34,35,42,43,46,48,50,55,58,59,60,61,62,64,65,67,69,73,74,75,76,79,80,44,45,37,22,40,6,36,68,38,54,66,9,57,16,10,14,29,70,77,78,1,5,47,41,32,49,21,63,
7to 4:2,3,4,8,9,12,13,15,18,19,22,25,26,27,28,30,31,33,35,37,40,41,43,44,46,47,49,50,56,57,58,59,60,62,64,65,67,72,73,74,75,80,77,55,11,52,69,29,6,68,45,48,34,42,61,39,7,14,38,51,70,54,36,21,63,78,10,1,16,
7to 5:2,3,4,8,9,10,11,13,15,16,17,18,19,20,21,22,26,27,30,31,33,37,41,43,44,46,47,48,50,51,54,57,58,60,63,65,67,68,71,73,74,75,78,79,80,6,38,62,34,55,64,36,61,14,7,23,66,1,29,49,35,70,72,
7to 6:2,3,4,7,8,11,12,13,14,15,19,20,22,27,30,31,33,34,36,37,40,41,43,44,45,46,47,48,50,51,56,58,59,60,61,62,65,68,70,74,75,78,69,49,55,38,77,52,57,5,25,32,29,54,16,73,17,23,35,67,63,10,1,9,21,
7to 7:

cell1:4,7,2,6,5,3,
cell2:1,3,4,5,7,6,
cell3:4,2,1,5,7,6,
cell4:1,6,7,5,2,3,
cell5:2,6,1,7,4,3,
cell6:3,4,5,2,7,1,
cell7:2,5,3,4,1,6,
