machine1:0,72,79,74,62,63,73,36,49,47,64,70,10,16,45,48,32,6,8,68,14,30,2,26,51,28,29,78,59,5,37,54,44,34,23,42,4,39,3,77,41,21,17,15,65,80,20,43,
machine2:0,72,63,73,49,47,64,69,70,10,19,1,16,57,45,35,32,6,22,11,25,9,68,14,30,66,2,75,51,50,28,12,59,58,5,37,54,40,44,34,27,42,39,33,3,61,46,77,41,21,56,17,15,65,13,20,71,
machine3:0,72,62,63,73,36,52,55,38,64,70,16,45,35,48,32,8,22,11,25,9,14,66,2,26,51,50,28,29,58,5,37,67,44,27,42,4,39,33,61,46,77,41,7,15,65,18,76,60,31,
machine4:0,72,79,74,62,73,36,38,47,64,69,70,10,1,45,35,48,32,8,22,9,68,66,2,26,51,50,28,29,59,5,37,67,54,40,34,27,4,33,61,41,17,65,18,60,71,31,
machine5:0,72,79,74,63,73,36,52,55,38,64,69,70,19,1,16,45,48,32,8,22,11,25,68,14,30,66,2,75,51,29,59,58,5,67,54,44,34,23,27,4,39,3,61,46,41,7,21,17,15,18,13,80,76,60,24,71,43,
machine6:0,72,63,73,36,52,38,47,70,10,1,16,57,45,48,32,8,22,25,9,2,75,51,50,28,29,78,12,59,58,67,40,44,23,39,3,61,77,41,7,21,56,17,15,18,13,80,76,60,53,71,
machine7:0,72,79,74,62,63,36,49,55,47,10,19,1,16,57,45,35,48,22,25,14,30,26,51,50,28,29,78,59,67,54,44,34,23,27,4,61,77,41,21,17,15,65,13,80,76,60,24,71,43,
machine8:0,79,73,36,49,38,47,69,70,10,16,45,35,48,32,6,8,25,9,68,30,66,2,51,29,78,67,54,34,27,42,3,77,41,7,21,17,65,18,53,
machine9:0,74,62,63,36,49,52,55,38,10,19,16,45,35,48,32,8,22,25,9,14,66,2,51,50,29,59,5,37,67,54,40,44,34,23,27,4,33,46,7,21,56,17,13,60,24,
machine10:0,74,62,63,49,52,55,47,10,19,1,16,57,45,35,48,32,8,11,25,9,68,30,2,51,67,40,44,23,4,39,33,3,77,41,7,21,56,15,65,18,13,80,76,20,71,31,
machine11:0,72,79,74,62,63,73,52,55,47,69,70,10,19,1,45,35,48,8,22,11,9,68,14,30,66,2,26,51,28,12,58,5,37,67,54,40,34,23,27,4,39,3,61,77,21,15,60,20,
machine12:0,72,79,74,62,63,73,36,49,52,55,38,47,69,70,10,19,16,57,45,35,48,32,6,8,22,11,25,9,68,14,30,66,2,75,26,51,50,28,29,78,12,59,5,37,67,54,44,34,23,27,42,4,33,3,61,46,77,7,21,56,17,15,65,18,80,76,60,24,71,31,43,
machine13:0,72,79,74,63,73,36,49,55,38,47,64,69,70,10,19,1,16,57,45,35,48,32,6,8,22,11,25,9,68,14,30,66,2,75,26,51,28,29,78,12,59,58,5,37,67,54,40,44,34,23,27,42,4,39,33,3,61,46,77,41,7,21,56,17,15,65,18,13,80,76,20,53,31,43,
machine14:0,72,79,74,62,36,49,52,55,38,47,64,69,10,19,1,16,57,45,35,48,32,6,8,22,11,25,9,68,14,30,66,2,75,26,51,50,28,29,78,12,59,58,5,37,67,40,44,23,27,42,4,39,33,3,61,46,77,41,7,21,56,17,15,65,18,13,80,76,60,24,71,31,43,
machine15:0,72,79,74,62,63,73,36,49,52,55,38,47,64,69,70,10,19,1,16,57,45,35,48,32,6,8,22,11,25,9,68,14,30,66,2,26,51,50,28,29,78,12,59,58,5,37,67,54,40,44,34,23,27,42,4,39,33,3,61,46,77,41,7,21,56,15,65,18,80,76,60,20,24,53,71,31,43,
machine16:0,72,79,74,62,63,73,49,52,55,38,47,64,69,70,10,19,1,16,57,45,35,48,6,8,22,11,25,9,68,30,66,75,26,51,50,28,29,78,12,5,37,67,54,40,44,34,23,27,4,39,33,3,61,41,7,17,65,18,20,24,71,31,43,
machine17:0,72,79,62,63,73,36,49,38,64,69,70,10,19,1,16,57,45,35,48,6,8,22,11,25,9,68,14,30,66,2,26,51,28,29,78,12,59,58,5,37,67,54,44,34,23,27,42,4,39,33,46,77,7,21,56,17,15,65,18,13,80,76,60,20,53,71,31,43,
machine18:0,72,79,74,62,63,36,49,52,55,38,47,10,19,1,16,57,45,35,48,6,8,22,11,25,9,14,66,2,75,26,51,50,28,29,78,59,58,5,37,67,54,40,44,34,23,27,42,4,39,33,3,61,46,41,21,56,17,15,18,13,80,76,20,53,43,
machine19:0,72,79,74,62,63,73,36,49,52,55,38,47,64,70,10,19,1,16,57,45,35,48,32,8,22,11,25,9,68,14,30,66,2,26,51,50,28,29,78,59,58,5,37,67,54,40,44,34,23,27,42,4,39,33,3,61,77,41,7,21,56,17,15,65,18,13,80,76,60,24,31,43,
machine20:0,72,79,74,62,63,73,36,49,52,55,38,47,64,69,70,10,19,1,16,57,45,35,48,32,6,8,22,11,25,9,68,14,30,66,2,75,26,51,29,78,12,59,58,5,37,67,54,40,44,34,23,27,42,4,39,33,3,61,46,77,41,7,21,56,17,15,65,18,13,80,76,20,24,53,71,31,
machine21:0,72,79,74,62,63,73,36,49,52,55,38,47,64,69,70,10,19,1,16,57,45,35,48,32,6,8,22,11,25,9,68,14,30,66,2,75,26,51,50,28,29,78,12,59,58,5,37,67,54,40,44,34,23,27,42,4,39,33,3,61,46,77,41,7,21,56,17,15,65,18,13,80,76,60,20,24,53,71,31,43,

1to 1:
1to 2:1,3,4,9,10,11,13,14,19,23,27,33,34,37,38,40,47,49,50,51,52,55,58,59,60,62,66,67,68,69,70,73,74,77,78,61,17,72,54,8,32,28,41,5,22,15,30,18,48,44,29,39,2,16,45,21,63,
1to 3:1,2,3,6,7,9,10,16,18,19,21,23,25,27,28,30,31,33,34,35,36,37,38,42,44,45,46,49,50,52,54,55,58,59,60,61,63,65,66,67,69,71,74,75,76,77,78,24,70,5,8,29,64,15,62,20,32,79,39,73,14,22,11,17,47,48,4,68,72,51,
1to 4:1,3,5,6,7,8,9,10,11,13,15,19,21,22,26,29,30,31,32,34,35,36,37,38,40,42,43,44,45,46,49,54,55,57,58,59,62,63,64,65,66,67,69,73,74,75,76,77,78,79,50,12,14,60,61,20,4,71,18,28,39,68,51,2,41,47,25,27,48,16,72,
1to 5:3,5,6,9,13,14,15,16,18,19,22,26,27,29,30,34,35,36,38,40,43,44,45,46,49,51,52,55,56,57,58,59,64,65,66,67,69,70,75,76,39,50,61,60,41,17,8,42,33,21,62,28,79,63,20,74,37,68,78,54,11,72,1,48,2,4,10,
1to 6:1,3,4,5,7,8,9,13,16,17,19,20,21,22,23,27,28,29,30,31,32,34,36,38,40,41,45,49,51,55,56,58,60,62,63,64,65,66,67,68,69,70,72,75,76,77,79,80,15,54,14,10,24,78,12,44,46,42,11,73,18,61,33,25,48,2,39,47,37,
1to 7:2,3,4,5,7,9,10,13,16,17,18,19,25,26,29,30,31,34,35,36,37,38,43,45,46,49,50,51,54,55,56,57,58,59,62,64,65,66,67,69,70,77,78,79,8,52,73,22,28,61,42,41,48,14,47,33,21,44,11,15,1,32,68,63,
2to 1:1,3,4,7,8,11,14,15,16,18,19,20,21,22,24,25,26,28,29,31,33,34,35,36,37,39,41,42,47,50,57,58,59,60,63,65,67,68,69,70,71,72,74,76,77,79,80,12,73,23,54,55,51,32,10,30,62,27,5,44,66,46,61,45,17,48,2,78,9,
2to 2:
2to 3:1,2,4,5,9,10,13,15,16,18,20,21,24,25,29,33,35,36,37,38,39,40,42,43,47,49,50,51,52,53,54,58,59,61,62,66,67,68,69,70,71,74,75,77,79,80,17,65,76,28,72,12,30,32,60,34,55,7,14,8,44,41,19,73,23,78,3,45,11,27,48,22,63,
2to 4:4,5,6,7,8,10,13,14,15,16,18,19,21,22,24,25,27,29,33,34,35,37,38,40,42,44,47,50,51,52,56,57,58,59,61,65,67,68,69,70,71,72,74,77,79,80,3,28,30,55,17,73,26,60,9,45,12,23,48,66,36,46,62,63,11,54,41,2,49,
2to 5:2,7,10,13,15,16,18,19,21,24,25,26,27,28,29,33,37,38,39,40,44,47,48,49,50,51,52,53,55,57,59,60,61,62,63,65,66,67,68,69,72,73,74,75,76,79,80,23,34,30,8,11,46,22,41,20,14,3,9,45,5,54,35,17,70,78,1,4,36,
2to 6:5,7,8,10,13,14,15,16,18,20,24,25,29,30,31,33,35,36,37,38,40,42,44,47,48,49,51,53,57,58,59,60,63,67,68,69,72,73,74,76,77,78,79,80,22,65,27,55,62,41,12,45,46,66,56,21,3,17,34,19,9,32,23,70,61,54,11,4,2,
2to 7:5,7,8,10,13,15,16,18,19,21,24,26,27,29,31,32,33,35,37,38,42,44,49,50,52,54,57,59,63,66,67,68,69,74,75,77,79,80,70,46,23,2,73,55,3,61,30,40,47,14,28,41,25,65,48,62,22,45,1,17,51,4,9,
3to 1:4,5,7,8,9,10,11,16,17,19,20,23,24,26,27,28,30,34,36,37,38,42,43,46,48,49,51,55,56,58,59,61,64,65,66,71,74,75,77,40,15,47,80,60,73,54,76,22,69,41,1,78,44,68,18,45,63,14,33,3,39,70,25,32,2,21,72,
3to 2:5,9,10,11,12,17,18,20,21,23,26,27,28,30,34,35,36,37,39,40,43,44,48,51,54,55,57,58,59,61,63,66,67,68,73,74,76,77,79,80,69,15,32,65,31,47,52,8,70,13,60,4,7,19,16,78,2,41,22,72,33,3,14,1,25,29,45,49,
3to 3:
3to 4:3,4,5,6,8,9,11,12,16,17,20,23,27,28,30,31,32,34,35,36,40,41,48,49,50,51,53,54,55,63,67,68,74,76,79,80,15,13,46,43,14,25,29,60,75,18,59,7,52,39,58,19,47,26,70,44,69,71,33,78,73,42,65,38,2,37,21,10,22,1,57,72,45,
3to 5:1,2,3,4,8,9,11,12,15,16,17,18,20,21,23,26,28,29,30,35,36,37,42,45,46,48,50,51,53,54,55,57,59,64,66,67,69,73,74,75,79,80,78,60,34,41,58,31,13,33,47,38,5,76,14,7,43,44,10,39,65,70,19,49,22,63,25,72,
3to 6:3,4,6,9,11,12,14,17,19,23,27,30,31,36,42,43,46,47,48,49,51,53,55,56,57,58,60,61,63,66,67,69,73,74,75,77,79,80,76,65,25,13,72,18,2,34,64,59,33,38,40,22,39,44,7,16,70,37,41,5,15,78,8,35,21,1,32,45,10,
3to 7:3,4,5,6,7,9,10,11,12,15,16,17,20,23,25,26,27,35,36,38,40,45,46,48,52,54,58,59,61,62,63,64,66,67,68,74,75,77,80,60,39,34,31,57,44,69,33,73,42,32,71,22,43,8,29,21,18,2,41,65,14,70,19,37,78,47,49,
4to 1:3,5,9,10,17,18,21,22,23,25,26,30,32,33,34,35,37,38,39,41,42,43,44,45,49,52,54,55,57,58,61,63,64,65,67,70,71,73,76,78,75,8,6,77,24,14,60,59,68,69,7,66,27,79,28,4,62,2,48,16,19,74,47,11,15,1,72,29,51,
4to 2:4,5,9,10,12,13,16,17,22,23,24,26,27,29,30,31,32,33,34,38,40,41,45,47,48,53,54,57,58,61,65,69,70,72,73,74,78,79,80,14,21,62,66,60,67,71,1,28,59,52,55,11,46,35,7,77,19,3,8,51,39,68,15,63,25,2,36,49,
4to 3:2,5,6,9,10,12,13,17,21,22,23,24,27,28,29,30,31,33,38,41,42,43,44,45,48,49,55,58,59,60,61,63,64,65,67,69,70,71,78,80,18,52,75,4,8,74,7,53,36,26,46,56,51,34,77,15,16,19,79,66,3,1,72,40,25,47,11,37,68,14,57,35,
4to 4:
4to 5:1,2,3,4,5,6,9,10,13,14,20,21,23,24,25,29,30,31,33,34,35,40,41,42,43,44,48,54,58,60,61,64,65,68,70,72,74,76,78,79,80,37,55,75,53,51,15,11,46,49,66,71,62,39,52,28,36,27,59,12,7,8,56,19,69,38,26,45,16,67,47,57,63,
4to 6:1,7,8,9,10,12,13,17,19,22,24,25,27,30,31,32,33,34,36,38,39,40,41,42,43,44,46,48,49,52,54,56,58,59,61,63,65,70,72,73,76,78,55,79,75,3,53,57,69,60,6,23,15,28,74,11,62,51,29,21,16,14,77,18,26,67,35,5,2,45,4,47,
4to 7:3,4,5,9,11,20,22,23,24,25,27,29,30,31,32,33,34,39,40,41,42,43,44,45,48,49,51,54,57,58,59,60,61,64,65,68,70,71,73,78,50,19,6,75,38,37,21,14,77,55,53,10,12,66,7,56,46,47,1,74,62,35,79,26,72,36,2,16,15,67,8,63,
5to 1:1,2,3,4,5,6,10,14,15,16,18,19,21,23,24,26,28,30,31,34,38,39,42,43,44,45,47,48,51,54,55,62,64,65,68,70,73,75,76,79,80,71,33,58,17,66,56,59,29,13,20,72,61,9,46,74,78,67,41,25,11,22,37,36,27,63,8,57,
5to 2:1,2,3,4,7,14,15,16,18,19,21,23,25,28,29,31,33,34,39,43,44,45,47,48,49,52,54,55,56,57,59,60,62,65,66,69,70,72,76,78,13,30,17,10,53,58,71,20,8,79,9,61,5,74,41,27,36,38,67,11,51,68,35,22,63,
5to 3:1,3,5,7,13,14,16,17,18,19,20,21,23,28,29,30,34,35,37,40,41,44,45,46,47,48,49,52,53,54,55,58,60,62,65,66,67,69,70,73,75,79,31,15,59,71,61,38,10,6,9,76,43,8,72,11,4,22,57,74,39,33,27,25,63,2,78,36,68,51,
5to 4:1,2,4,7,13,14,16,17,18,19,20,21,23,26,28,30,34,39,40,42,43,44,46,47,48,50,51,52,53,54,55,56,59,60,62,64,65,66,67,68,73,75,76,78,58,31,71,37,11,33,35,6,79,69,38,36,8,10,9,29,61,74,41,57,72,15,25,63,27,22,49,
5to 5:
5to 6:1,2,3,5,7,8,11,13,14,15,18,19,20,21,23,25,29,34,35,37,39,43,44,45,46,47,48,49,53,54,55,59,60,62,64,65,66,70,72,73,75,76,77,80,58,31,6,74,56,79,51,4,12,57,9,36,30,33,38,26,27,68,17,41,61,67,10,78,16,22,63,
5to 7:1,4,7,10,11,14,16,17,18,19,21,22,23,27,28,30,33,34,39,43,44,45,46,47,48,50,51,55,61,64,65,67,70,72,73,74,75,76,77,78,79,69,12,20,31,54,6,38,59,66,9,58,5,49,36,62,15,29,35,41,57,25,37,2,8,63,68,
6to 1:1,2,4,5,7,8,10,11,15,16,19,20,22,33,34,35,36,37,38,40,43,44,45,47,48,52,54,55,57,58,60,61,63,67,68,70,73,75,77,78,79,80,29,66,74,69,64,42,18,23,32,49,65,14,3,39,9,25,27,41,17,72,21,51,
6to 2:1,2,3,7,8,9,11,12,13,14,15,16,18,19,20,21,22,24,25,30,31,32,33,34,35,38,39,44,47,51,52,54,57,58,60,61,62,65,68,70,77,80,23,36,67,55,66,40,69,56,10,74,27,63,26,49,29,45,72,5,41,17,4,78,48,
6to 3:1,2,4,5,6,7,8,10,11,12,13,15,16,17,19,20,21,22,23,24,25,27,29,30,31,32,33,34,37,38,41,44,46,47,48,49,52,55,56,57,58,61,62,64,65,70,73,74,75,76,77,78,69,3,14,79,71,66,68,35,9,26,42,51,18,67,40,36,63,45,72,
6to 4:2,4,7,8,9,11,12,13,17,18,20,22,24,26,30,31,33,35,36,37,38,39,41,43,44,45,47,48,52,54,55,56,58,59,60,61,63,64,65,69,70,72,73,75,76,78,80,40,19,74,66,6,57,53,21,5,68,3,1,23,62,16,49,14,42,25,77,79,10,27,29,32,15,67,51,
6to 5:1,6,7,8,11,12,14,15,16,17,19,20,24,27,31,33,34,36,37,38,39,43,44,46,47,48,52,56,58,61,63,68,70,72,73,75,78,80,79,57,4,54,76,66,5,65,40,21,64,13,9,26,51,22,62,29,23,2,18,74,41,10,35,25,67,49,
6to 6:
6to 7:1,2,4,5,7,8,9,11,12,14,15,16,17,18,19,20,21,22,24,27,31,32,33,34,37,38,41,42,43,44,45,46,47,48,51,52,56,58,61,63,65,66,67,68,69,70,73,77,55,35,49,78,23,57,64,62,26,40,54,25,36,10,
7to 1:2,3,9,10,15,16,17,18,19,20,21,22,24,25,26,27,28,29,31,32,33,35,41,43,44,45,46,47,50,51,56,58,59,61,63,65,66,68,69,75,78,55,30,64,67,39,5,62,1,79,74,42,54,73,48,37,7,77,38,14,4,49,70,36,8,
7to 2:1,3,4,13,15,17,21,22,25,27,29,31,32,33,35,36,38,40,41,44,50,51,53,54,56,58,59,63,65,67,69,71,73,74,78,80,55,34,20,62,12,66,28,47,60,37,16,45,61,57,19,39,7,77,23,10,14,49,70,48,2,8,9,
7to 3:2,3,11,12,15,17,18,19,20,23,25,27,31,33,34,35,42,43,45,46,47,48,50,55,58,59,61,62,63,64,65,67,68,69,73,75,76,79,80,44,37,6,22,40,60,38,54,36,66,9,57,28,16,14,10,30,74,29,77,7,70,8,4,78,21,1,5,41,32,49,
7to 4:2,3,9,11,12,13,15,18,19,21,22,25,26,27,28,30,31,33,37,40,41,42,43,45,46,47,48,49,50,51,56,57,58,59,60,62,63,64,65,67,72,73,74,75,80,77,8,55,52,69,29,6,68,34,61,7,4,39,14,38,54,70,44,36,35,78,1,10,16,
7to 5:2,3,4,10,11,13,15,16,17,18,19,20,21,22,26,27,30,31,33,37,41,43,46,47,48,50,51,54,57,58,60,63,65,67,71,73,75,78,79,80,6,38,8,55,34,64,36,61,44,14,7,23,66,68,1,29,74,62,9,49,70,35,72,
7to 6:2,3,4,7,11,12,13,14,15,17,19,20,21,22,27,30,31,33,34,36,37,40,41,43,45,46,47,48,50,51,56,58,59,61,63,65,70,74,75,78,69,77,49,55,52,38,60,29,5,25,57,44,32,54,73,23,8,16,35,62,67,10,1,9,68,
7to 7:

cell1:6,4,2,3,5,7,
cell2:1,4,7,3,5,6,
cell3:7,2,1,4,5,6,
cell4:1,7,5,6,2,3,
cell5:2,1,6,7,3,4,
cell6:4,3,7,5,2,1,
cell7:2,5,4,3,6,1,
