0:	6399.0	11,19,17,4,19,15,12,17,19,19,14,4,6,12,2,8,8,9,4,19,16,:	7,1,0,4,2,
1:	6399.0	11,19,17,4,19,15,12,15,9,19,14,4,6,12,2,8,8,9,4,19,16,:	6,1,1,4,3,
2:	6399.0	11,19,17,4,19,3,12,17,9,19,14,4,6,12,2,8,8,9,4,19,16,:	6,1,5,4,4,
3:	6399.0	11,19,17,4,19,3,12,17,9,19,14,4,6,12,2,8,8,9,4,19,16,:	3,1,5,4,4,
4:	6399.0	11,19,17,4,19,15,12,17,9,19,14,4,6,12,2,8,8,9,4,19,16,:	6,1,6,8,3,
5:	6411.8	11,19,17,16,19,15,12,13,9,19,14,4,8,12,2,8,5,9,4,19,16,:	5,4,8,7,2,
6:	6411.8	11,19,17,4,19,15,12,13,9,19,14,4,8,12,2,8,5,9,4,19,16,:	5,4,8,7,3,
7:	6411.8	11,19,17,6,19,15,12,13,9,19,14,4,8,12,2,8,5,9,4,19,16,:	5,4,8,7,7,
8:	6420.8	11,19,17,4,19,15,12,13,9,19,14,4,8,12,2,8,5,9,4,19,16,:	5,1,8,7,3,
9:	9304.4	3,19,17,4,19,15,12,13,9,19,14,4,8,12,2,8,5,9,4,19,16,:	5,4,8,7,3,
10:	6450.700000000001	11,19,17,4,19,15,12,17,9,19,12,4,8,12,2,8,5,9,4,19,16,:	4,1,0,4,3,
11:	6420.8	11,19,17,4,19,15,12,17,9,19,14,4,8,12,2,8,5,9,4,19,16,:	2,1,0,4,3,
12:	6420.8	11,19,17,4,19,15,12,17,18,19,14,4,8,12,2,8,5,9,4,19,16,:	2,1,0,7,3,
13:	6420.8	11,19,17,4,19,15,12,17,9,19,14,4,8,12,2,8,5,9,4,19,16,:	2,1,0,4,3,
14:	6658.800000000001	11,19,17,4,19,15,12,17,9,19,14,4,6,11,2,8,8,9,4,19,16,:	6,1,3,8,3,
15:	6399.0	11,19,17,4,19,3,12,17,9,19,14,4,6,12,2,8,8,9,4,19,16,:	2,7,0,4,3,
16:	6420.8	11,19,17,4,19,15,12,13,9,19,14,4,8,12,2,8,5,9,4,19,16,:	5,1,8,7,3,
17:	6829.299999999997	11,19,17,4,15,15,12,17,9,19,14,4,8,12,2,8,5,9,4,19,16,:	6,4,6,8,3,
18:	6411.8	11,19,17,4,19,15,12,19,9,19,14,4,8,12,2,8,5,9,4,19,16,:	7,4,8,7,3,
19:	6411.8	11,19,17,4,19,15,12,13,9,19,14,4,8,12,2,8,5,9,4,19,16,:	5,5,8,7,3,
20:	6420.8	11,19,17,4,19,15,12,13,9,19,14,4,8,12,2,8,5,9,4,3,16,:	5,1,5,7,3,
21:	6399.0	11,19,17,4,19,15,12,17,9,19,14,4,6,12,2,8,8,9,4,19,16,:	6,4,8,8,3,
22:	7535.5	11,19,17,4,19,15,12,17,9,19,14,4,8,3,2,8,5,9,4,19,16,:	2,1,0,4,3,
23:	7155.399999999999	11,19,17,4,19,15,12,13,9,19,14,4,8,9,2,8,5,9,4,19,16,:	2,4,0,4,3,
24:	6420.8	11,19,17,4,19,15,12,13,9,19,14,4,8,12,2,8,5,9,4,1,16,:	2,1,0,4,3,
25:	6411.8	11,19,17,14,19,15,12,17,9,19,14,4,8,12,2,8,5,9,4,19,16,:	2,5,0,4,3,
26:	6399.0	11,12,17,4,19,15,12,17,9,19,14,4,6,12,2,8,8,9,4,19,16,:	2,4,4,7,3,
27:	6420.8	11,19,17,4,19,15,12,13,9,19,14,4,8,12,2,8,5,9,4,19,16,:	5,1,0,4,3,
28:	6804.900000000001	11,19,17,4,19,3,12,17,9,6,14,4,6,12,2,8,8,9,4,19,16,:	0,4,8,7,3,
29:	6420.8	11,19,17,4,19,15,12,17,9,19,14,4,8,12,2,8,5,11,4,19,16,:	8,1,0,4,3,
30:	6616.200000000001	11,19,17,4,19,15,12,6,9,19,14,4,8,12,2,8,5,9,4,19,16,:	5,4,6,8,3,
31:	7120.8	11,19,17,4,19,15,12,17,9,19,14,5,6,12,2,8,8,9,4,19,16,:	6,5,8,7,3,
32:	6420.8	11,19,17,4,19,15,12,13,9,19,14,4,8,12,2,8,5,9,4,6,16,:	2,1,0,6,3,
33:	6420.8	11,19,17,4,19,15,12,13,9,19,14,4,8,12,2,8,5,9,4,19,16,:	4,1,0,4,3,
34:	8316.999999999998	11,19,17,4,9,15,12,17,9,19,14,4,8,12,2,8,5,9,4,19,16,:	5,4,8,7,3,
35:	6411.8	11,19,17,4,19,15,12,13,9,19,14,4,14,12,2,8,5,9,4,19,16,:	5,4,8,7,3,
36:	6411.8	11,19,17,4,19,15,12,13,9,19,14,4,8,12,2,8,5,9,4,19,16,:	5,4,8,7,3,
37:	6411.8	11,14,17,4,19,15,12,13,9,19,14,4,8,12,2,8,5,9,4,19,16,:	5,4,8,7,3,
38:	6420.8	11,19,17,4,19,15,12,17,9,19,14,4,8,12,2,8,5,9,4,19,16,:	6,1,7,4,3,
39:	7001.300000000001	11,19,17,4,19,15,12,13,9,19,14,16,8,12,2,8,5,9,4,19,16,:	6,1,5,4,4,
40:	6399.0	11,19,17,4,19,15,12,17,9,19,0,4,6,12,2,8,8,9,4,19,16,:	5,4,0,4,3,
41:	6399.0	11,19,17,4,19,15,12,17,9,19,14,4,6,12,2,8,8,9,4,19,16,:	2,1,8,7,3,
42:	7461.7	11,19,17,4,19,15,12,13,9,19,14,4,8,16,2,8,5,9,4,19,16,:	6,1,5,4,3,
43:	6411.8	11,19,17,4,19,15,12,13,9,19,14,4,8,12,2,16,5,9,4,19,16,:	5,4,7,7,3,
44:	6399.0	11,19,17,4,19,15,12,17,9,19,14,4,6,12,2,8,8,9,3,19,16,:	2,1,5,4,3,
45:	6399.0	11,19,17,4,19,3,12,17,9,19,14,4,6,12,2,8,8,9,4,7,16,:	6,0,0,4,4,
46:	6411.8	11,19,17,4,19,15,12,17,9,19,14,4,8,12,2,8,5,9,4,19,16,:	5,4,1,7,3,
47:	6399.0	11,19,17,4,19,15,12,17,9,19,14,4,6,12,2,8,8,9,4,12,16,:	6,6,5,4,4,
