0:	12372.1	3,16,10,17,19,7,8,11,16,11,4,6,17,13,2,12,5,6,12,7,7,4,19,6,12,:	1,0,3,8,7,1,
1:	12428.699999999997	3,15,6,2,10,10,8,11,16,11,4,6,17,13,2,12,5,6,12,7,7,4,19,6,12,:	5,5,2,6,4,1,
2:	12510.599999999999	3,16,10,17,4,7,8,11,16,11,4,6,17,13,2,12,5,1,4,7,7,4,19,6,12,:	1,5,3,6,5,4,
3:	16333.100000000002	5,15,6,2,10,10,19,8,1,4,4,13,11,13,0,9,0,6,9,0,13,8,19,6,10,:	5,5,7,4,2,1,
4:	12908.400000000001	5,15,6,2,10,10,19,14,1,11,4,13,11,13,0,9,0,6,9,0,11,8,19,6,10,:	4,4,7,6,2,3,
5:	22321.900000000005	3,14,10,17,4,7,8,11,16,11,4,6,17,13,2,12,5,6,4,7,7,4,19,6,12,:	1,5,3,6,5,4,
6:	12951.000000000002	5,15,6,2,10,10,19,14,1,11,4,13,11,13,19,9,0,6,9,0,11,8,19,6,10,:	4,5,7,7,2,3,
7:	13080.9	7,16,10,17,14,10,19,8,1,11,4,13,11,13,0,9,0,6,12,0,11,16,2,7,12,:	8,5,3,2,5,7,
8:	13743.800000000003	5,15,6,2,10,10,19,14,1,11,4,13,11,13,0,9,0,6,9,0,11,8,19,6,10,:	4,5,2,6,2,3,
9:	14483.300000000003	5,15,6,2,10,10,19,14,1,11,4,13,2,13,0,9,0,6,9,0,11,8,19,6,10,:	4,5,7,6,2,3,
10:	12880.7	7,16,6,17,14,10,19,8,1,11,4,13,11,13,0,9,0,6,12,0,11,16,2,13,12,:	8,5,3,2,4,7,
11:	12802.8	3,16,10,17,4,7,8,11,16,11,4,6,17,13,2,12,5,6,12,7,7,4,19,6,17,:	5,5,7,6,4,1,
12:	13572.399999999998	3,16,10,17,10,10,19,8,1,11,4,13,11,6,10,9,0,6,12,0,11,16,2,14,12,:	5,7,7,6,7,1,
13:	12899.499999999998	3,16,10,17,10,10,19,8,1,11,4,13,11,13,10,9,0,13,12,0,11,16,2,14,12,:	8,7,7,6,7,1,
14:	14254.6	7,16,10,17,14,10,9,11,16,11,4,6,17,13,2,12,5,6,12,7,11,16,2,13,12,:	1,5,3,2,5,7,
15:	13044.300000000001	3,16,10,17,4,7,19,8,1,11,4,13,11,13,0,9,0,6,12,15,7,4,19,6,12,:	1,5,3,6,5,4,
16:	14433.099999999999	3,16,10,17,4,7,8,11,16,11,4,2,11,13,2,12,5,6,4,7,7,4,19,6,12,:	1,5,3,7,5,4,
17:	12953.400000000003	7,16,10,17,14,10,19,8,1,11,4,6,17,13,0,9,0,6,12,0,11,16,2,13,12,:	8,7,7,3,7,1,
18:	13452.8	3,16,10,17,4,7,8,11,16,11,4,13,11,13,0,9,0,6,9,0,11,8,19,6,12,:	8,5,0,2,5,7,
19:	14538.599999999997	5,15,6,2,10,10,19,14,1,11,4,6,17,13,2,12,5,6,4,7,7,4,19,6,10,:	2,5,7,6,2,3,
20:	14408.400000000001	5,15,6,2,10,3,19,14,1,11,4,13,11,13,0,9,0,6,9,0,11,8,19,6,10,:	4,5,0,6,2,1,
21:	12940.8	7,16,10,17,14,10,19,8,1,11,4,13,11,13,0,9,0,6,12,0,11,16,10,13,12,:	5,5,5,6,2,3,
22:	12886.400000000001	5,15,6,2,10,10,19,14,1,11,4,13,11,13,0,4,0,6,9,0,11,8,19,6,10,:	5,5,7,6,4,3,
23:	13496.0	5,15,6,2,10,10,19,8,1,4,4,3,11,13,0,9,0,6,9,0,11,8,19,6,10,:	8,7,7,6,8,1,
24:	14563.0	5,15,6,2,10,10,19,14,1,11,4,13,11,13,2,12,5,6,12,7,7,4,19,6,10,:	8,7,7,6,7,7,
25:	13525.0	3,16,10,17,4,7,8,11,16,11,4,6,17,13,4,9,0,6,9,0,11,8,19,6,12,:	4,5,7,6,2,6,
26:	13307.300000000001	5,15,6,2,10,10,19,14,1,2,4,13,11,13,0,9,0,6,9,0,11,8,19,6,10,:	8,5,3,2,5,8,
27:	12908.400000000001	5,15,6,2,10,10,19,8,1,11,4,13,11,13,0,9,0,6,9,0,11,8,19,6,10,:	4,5,7,1,2,7,
28:	12906.000000000002	5,15,6,2,10,10,19,8,1,4,4,13,11,13,8,9,0,6,9,0,11,8,19,6,10,:	4,5,7,2,2,3,
29:	12372.1	3,16,10,17,4,7,8,11,16,11,4,6,17,13,2,12,5,6,4,12,7,4,19,6,12,:	1,7,3,6,7,1,
30:	12874.200000000003	7,16,10,17,14,10,19,8,1,11,4,13,11,13,0,9,0,6,12,0,11,16,2,13,12,:	4,5,3,2,2,1,
31:	13946.799999999996	3,16,10,17,12,10,19,8,1,11,4,13,11,13,10,9,0,6,12,0,11,16,2,14,12,:	8,5,7,6,5,7,
32:	14340.800000000001	5,15,6,2,10,7,8,11,16,11,4,6,17,13,2,12,5,6,12,7,11,8,19,6,7,:	5,5,7,6,2,2,
33:	14030.299999999996	3,16,10,17,4,10,19,14,1,11,4,13,11,13,0,9,0,6,9,0,7,4,19,6,12,:	5,8,7,6,2,1,
34:	12761.6	5,15,6,2,10,10,12,14,1,11,4,13,11,13,0,9,0,6,12,0,11,16,2,13,12,:	4,5,7,6,2,3,
35:	12722.3	12,16,10,17,14,10,19,8,1,11,4,13,11,13,0,9,0,6,9,0,11,8,19,6,10,:	4,5,7,6,2,7,
36:	13439.1	5,15,6,2,10,10,19,14,16,11,4,6,17,13,2,12,5,6,12,7,7,8,19,6,10,:	4,5,6,6,2,3,
37:	12809.599999999997	3,16,10,17,4,7,8,11,1,11,4,13,11,13,0,9,0,6,9,3,11,4,19,6,12,:	8,2,7,6,7,1,
38:	14651.2	5,15,6,2,10,10,19,14,13,11,4,13,11,13,0,9,0,6,12,0,11,8,19,6,10,:	3,5,3,2,4,1,
39:	12918.300000000003	7,16,10,17,14,10,19,8,1,11,4,13,11,13,0,9,0,6,9,17,11,16,2,13,12,:	8,5,7,6,5,7,
40:	12559.5	3,16,10,17,4,7,8,11,16,11,4,6,17,13,4,12,5,6,12,7,7,4,19,6,12,:	1,5,3,6,0,4,
41:	12802.8	3,16,10,17,4,7,8,11,16,2,4,6,17,13,2,12,5,6,4,7,7,4,19,6,12,:	5,7,7,6,2,1,
42:	12886.400000000001	5,15,6,2,10,10,19,14,1,11,4,13,11,13,0,9,0,6,9,0,11,8,19,6,10,:	8,3,7,6,7,1,
43:	13730.099999999999	3,16,10,17,10,10,19,8,1,11,4,13,11,5,10,9,0,6,12,0,11,16,2,14,12,:	8,7,7,6,7,1,
44:	12512.8	3,16,10,17,4,7,8,11,16,11,19,6,17,13,2,12,5,6,12,7,7,4,19,6,12,:	4,5,7,6,8,3,
45:	12612.899999999994	3,15,6,2,10,10,2,11,16,11,4,6,17,13,2,12,5,6,12,7,7,4,19,6,12,:	2,5,3,6,2,4,
46:	13524.499999999996	3,16,10,17,10,10,19,8,1,11,4,13,11,13,10,9,0,6,12,0,11,16,2,14,12,:	5,5,7,6,5,1,
47:	12510.599999999999	3,16,10,17,4,7,8,11,16,11,4,6,17,13,2,12,5,6,4,7,7,4,19,6,12,:	1,5,3,6,5,4,
