0:	235606.5	6,1,7,5,5,5,7,2,5,0,3,1,4,6,5,:	3,1,3,3,1,3,
1:	218494.0	6,1,7,5,3,5,7,2,5,0,3,1,3,6,5,:	3,2,2,1,0,1,
2:	218209.1	6,1,7,5,0,3,7,2,5,0,3,1,5,6,5,:	1,1,1,2,1,1,
3:	218134.39999999988	6,1,7,5,3,5,7,2,5,0,3,7,5,6,5,:	2,1,3,2,0,1,
4:	218461.69999999995	6,1,7,5,0,6,7,2,5,0,3,1,5,6,5,:	1,1,1,1,1,1,
5:	219527.89999999994	6,1,7,5,3,5,7,2,5,0,3,1,5,6,3,:	1,1,1,2,2,1,
6:	218492.79999999993	6,1,7,5,3,5,7,2,5,0,3,1,5,6,5,:	3,1,0,2,0,1,
7:	218254.1	6,1,9,5,5,5,7,2,5,0,3,1,3,6,5,:	3,1,3,3,1,1,
8:	219767.2	6,1,7,5,3,5,7,2,5,0,5,1,3,6,5,:	1,1,1,2,1,1,
9:	219560.29999999996	6,1,7,5,3,5,7,2,5,1,3,1,5,6,5,:	1,1,1,2,1,1,
10:	264484.89999999997	6,1,7,5,0,5,7,2,5,0,3,1,5,6,4,:	1,1,0,2,1,1,
11:	218212.6	6,1,5,5,3,5,7,2,5,0,3,1,3,6,5,:	1,1,1,0,1,1,
12:	220055.59999999986	6,1,7,5,4,5,7,2,5,0,3,1,5,6,5,:	3,1,0,2,0,1,
13:	219282.20000000007	6,1,7,5,3,5,7,3,5,0,3,1,3,6,5,:	1,1,1,2,1,0,
14:	219175.69999999992	6,1,7,5,3,5,7,2,5,0,3,2,5,6,5,:	3,1,3,2,0,1,
15:	218461.69999999995	6,1,7,5,0,5,7,2,5,0,3,1,5,6,5,:	3,0,2,1,0,1,
16:	217801.0999999999	6,1,4,5,0,5,7,2,5,0,3,1,5,6,5,:	1,1,3,3,1,1,
17:	218492.79999999993	6,1,7,5,3,5,7,2,5,0,3,1,5,6,5,:	3,1,1,2,1,1,
18:	217834.99999999994	6,1,7,5,5,5,7,2,5,0,3,1,5,6,5,:	1,1,1,2,1,3,
19:	218494.0	6,1,7,5,3,5,7,2,1,0,3,1,3,6,5,:	3,1,1,2,1,1,
20:	217292.59999999998	6,1,7,5,5,5,7,2,5,0,3,1,5,3,5,:	1,1,1,2,1,3,
21:	218494.0	6,1,7,5,3,5,7,2,5,0,3,1,3,6,5,:	3,1,3,3,1,1,
22:	218348.69999999992	6,1,7,5,0,5,7,2,5,0,3,1,3,6,5,:	1,1,3,1,0,1,
23:	295180.6	6,1,5,2,3,5,7,2,5,0,3,1,5,6,5,:	1,1,1,2,1,1,
24:	218492.79999999993	6,1,7,5,3,5,7,2,5,0,3,1,5,6,5,:	1,1,3,2,1,1,
25:	218212.6	6,1,5,5,3,5,7,2,5,0,3,1,3,6,5,:	3,1,1,2,1,1,
26:	218064.8	6,1,7,5,5,5,7,2,5,0,3,1,3,6,5,:	3,1,3,3,3,1,
27:	216444.0000000001	6,1,7,5,3,5,6,2,5,0,3,1,5,6,5,:	3,1,3,2,1,1,
28:	385193.99999999994	5,1,7,5,3,5,7,2,5,0,3,1,5,6,5,:	2,1,1,2,1,1,
29:	218494.0	6,1,7,5,3,5,7,2,5,0,3,1,3,6,5,:	1,1,1,3,1,1,
30:	218036.90000000008	6,1,7,5,3,5,7,2,5,0,3,1,1,6,5,:	3,1,3,3,1,1,
31:	218492.79999999993	6,1,7,5,3,5,7,2,5,0,3,1,5,6,5,:	3,0,3,3,1,1,
32:	218209.1	6,1,7,5,0,3,7,2,5,0,3,1,5,6,5,:	3,1,3,2,0,2,
33:	218494.0	6,1,7,5,3,5,7,2,5,0,3,1,3,6,5,:	1,1,1,2,1,2,
34:	219587.89999999997	6,1,7,5,3,5,7,2,5,3,3,1,5,6,5,:	3,1,3,2,3,1,
35:	219904.1	6,1,7,5,3,5,7,2,5,2,3,1,3,6,5,:	1,1,1,2,0,1,
36:	218492.79999999993	6,1,7,5,3,5,7,2,5,0,3,1,5,6,5,:	1,1,3,2,1,1,
37:	218461.69999999995	6,1,7,5,0,5,7,2,5,0,3,1,5,6,5,:	3,1,3,3,1,1,
38:	217979.69999999992	6,1,2,5,0,5,7,2,5,0,3,1,5,6,5,:	2,1,3,2,0,1,
39:	219560.29999999996	6,1,7,5,3,5,7,2,5,1,3,1,5,6,5,:	1,3,1,2,1,1,
40:	217250.90000000008	6,1,7,5,0,5,7,9,5,0,3,1,3,6,5,:	1,1,1,2,1,1,
41:	218492.79999999993	6,1,7,5,3,5,7,2,5,0,3,1,5,6,5,:	1,1,1,2,1,1,
42:	217991.00000000006	6,1,7,5,3,5,7,2,8,0,3,1,5,6,5,:	3,3,1,1,0,1,
43:	218492.79999999993	6,1,7,5,3,5,7,2,5,0,3,1,5,6,5,:	1,0,2,2,1,3,
44:	218064.8	6,1,7,5,5,5,7,2,5,0,3,1,3,6,5,:	3,1,3,3,1,1,
45:	219941.79999999993	6,1,7,5,5,5,7,8,5,0,3,1,3,6,5,:	3,1,3,2,0,1,
46:	219089.6	6,3,7,5,3,5,7,2,5,0,3,1,3,6,5,:	1,1,1,1,1,1,
47:	218492.79999999993	6,1,7,5,3,5,7,2,5,0,3,1,5,6,5,:	3,0,2,2,0,1,
