machine1:0,135,172,140,43,106,2,97,52,69,190,58,200,209,217,23,94,145,120,107,139,177,112,17,205,149,188,28,114,6,98,77,153,18,99,119,72,203,211,194,27,42,24,161,214,32,174,35,191,104,41,39,67,101,40,4,146,166,70,38,102,171,124,165,131,206,134,170,66,176,83,130,80,175,184,216,73,88,65,84,189,74,45,144,142,5,36,213,92,15,141,14,169,31,158,113,111,3,173,137,207,127,86,89,47,193,1,51,195,85,55,138,183,109,13,192,201,62,152,156,185,121,164,93,151,118,178,199,163,20,186,204,154,54,100,218,160,155,136,95,
machine2:0,135,150,122,172,140,43,106,2,97,52,129,69,59,187,190,37,58,63,110,200,123,209,217,26,126,23,105,179,94,145,120,107,115,139,177,112,148,75,17,196,205,149,188,28,30,10,197,159,96,114,6,98,77,64,153,18,56,99,22,119,72,203,46,117,211,60,49,167,44,194,27,42,24,161,214,32,174,29,35,90,191,104,53,41,39,212,67,68,101,40,132,4,133,146,166,168,79,70,38,102,171,124,165,215,131,87,206,134,11,210,108,82,61,143,12,170,66,176,83,130,80,21,175,220,184,216,73,8,88,65,84,189,74,45,144,142,76,125,5,36,213,92,16,15,141,180,14,169,202,162,33,31,158,113,111,3,50,173,137,147,207,127,86,89,219,47,193,7,1,51,81,157,195,85,55,181,9,138,183,78,109,13,192,19,201,62,198,152,182,156,57,185,121,208,164,93,116,71,151,128,118,91,178,48,199,163,20,186,25,204,154,54,100,218,34,160,155,136,103,95,
machine3:0,172,43,106,2,52,69,37,58,63,26,126,94,120,115,112,196,30,10,159,77,99,46,194,24,214,35,90,104,53,41,212,67,132,4,166,168,70,38,102,87,206,134,210,108,61,143,12,170,83,220,184,73,8,88,84,189,74,45,142,5,92,16,141,180,14,202,162,158,173,207,86,89,219,47,1,51,195,85,55,181,138,183,78,109,13,192,198,156,57,185,208,164,93,71,128,91,178,48,199,163,20,186,25,204,154,54,218,155,136,103,
machine4:0,135,172,140,43,106,2,97,52,129,69,37,58,63,123,217,26,126,23,105,179,94,145,120,107,115,139,177,112,148,196,205,149,30,10,197,159,114,98,77,64,153,18,56,99,119,72,46,117,211,49,44,194,24,214,35,90,104,53,41,39,212,67,68,132,4,133,166,168,70,38,102,124,215,87,206,134,210,108,61,143,12,170,176,83,130,80,21,220,184,73,8,88,65,84,189,74,45,144,142,76,5,92,16,15,141,180,14,169,202,162,31,158,113,111,3,173,137,147,207,86,89,219,47,193,7,1,51,195,85,55,181,9,138,183,78,109,13,192,19,201,62,198,182,156,57,185,121,208,164,93,116,71,151,128,118,91,178,48,199,163,20,186,25,204,154,54,100,218,34,155,136,103,95,
machine5:0,150,122,43,106,2,187,37,63,217,112,10,159,98,18,99,46,117,60,44,194,27,90,191,67,101,40,4,146,168,70,38,171,131,87,206,134,210,82,61,143,12,170,176,83,80,175,216,73,88,65,84,74,45,76,125,213,92,16,15,169,202,162,31,158,111,173,137,207,127,7,157,85,183,78,201,62,198,182,156,121,151,128,118,91,48,154,100,218,160,103,
machine6:0,135,150,122,172,140,43,106,2,187,37,63,123,217,179,145,177,112,148,75,196,149,188,30,10,159,96,98,77,64,153,18,99,22,119,46,117,211,60,49,44,194,27,24,214,32,174,90,191,104,53,39,212,67,68,101,40,4,146,168,79,70,38,102,171,124,165,215,131,87,206,134,11,210,82,61,143,12,170,66,176,83,130,80,21,175,184,216,73,8,88,65,84,74,45,144,142,76,125,5,36,213,92,16,15,141,180,169,202,162,33,31,158,111,3,173,137,147,207,127,86,89,47,193,7,1,51,81,157,195,85,55,181,138,183,78,109,13,19,201,62,198,152,182,156,185,121,164,116,151,128,118,91,48,199,20,154,100,218,160,155,103,95,
machine7:0,106,97,129,69,59,187,110,209,105,94,17,96,211,49,167,42,24,161,191,41,40,38,171,165,215,11,82,143,176,175,220,142,141,180,14,202,162,33,31,113,3,50,173,137,127,86,89,219,47,193,7,1,51,81,157,195,85,55,181,9,138,183,78,109,13,192,19,201,62,198,152,182,156,57,185,121,208,164,93,116,71,151,128,118,91,178,48,199,163,20,186,25,204,154,54,100,218,34,160,155,136,103,95,
machine8:0,150,122,172,43,106,97,52,129,69,59,187,190,63,110,123,209,217,126,105,179,94,145,120,107,139,112,75,17,188,28,197,159,96,114,6,64,22,119,203,211,60,49,167,44,194,42,24,161,214,29,90,191,104,53,41,40,133,168,79,70,38,102,171,124,165,215,87,206,134,11,210,108,82,143,170,176,130,80,21,175,220,184,216,73,189,45,142,76,125,5,213,92,16,15,141,180,14,169,202,162,33,31,158,113,111,3,50,173,137,127,86,89,219,47,193,7,1,51,81,157,195,85,55,181,9,138,183,78,109,13,192,19,201,62,198,152,182,156,57,185,121,208,164,93,116,71,151,128,118,91,178,48,199,163,20,186,25,204,154,54,100,218,34,160,155,136,103,95,
machine9:0,135,150,140,43,2,97,59,190,58,110,200,123,26,23,94,145,120,115,139,177,112,148,75,17,196,205,149,188,28,30,10,197,6,64,56,99,22,119,72,203,211,60,167,44,27,42,24,161,32,174,29,35,90,104,53,41,39,68,101,132,4,133,146,166,168,79,70,38,171,124,215,87,206,134,11,210,108,82,61,143,12,170,66,176,83,130,80,21,175,220,184,73,8,88,65,84,189,74,45,144,142,125,5,36,213,92,16,141,14,169,202,33,31,158,113,111,3,50,137,147,207,127,86,89,219,47,193,1,81,157,195,85,9,138,183,78,109,13,192,19,201,62,152,182,156,57,185,208,164,93,116,71,151,118,91,178,48,199,163,25,204,154,54,100,218,160,155,136,103,95,
machine10:0,135,43,2,97,110,200,26,94,145,120,115,139,177,112,75,149,28,30,10,197,64,56,99,72,203,211,60,167,44,42,24,161,32,174,29,35,90,104,41,39,68,101,132,4,133,146,166,168,79,70,38,171,124,215,87,206,134,11,210,108,61,143,12,66,176,130,80,21,175,220,184,73,8,65,84,189,74,45,142,125,5,36,213,92,16,141,169,202,31,158,113,111,50,137,147,207,127,86,89,219,47,193,1,81,157,195,85,9,138,183,78,109,13,19,201,62,152,156,57,185,208,164,93,71,118,91,178,48,199,163,25,154,54,100,160,155,136,103,95,
machine11:0,135,150,122,172,140,43,2,97,129,69,59,187,190,58,63,110,200,123,209,26,126,23,105,179,94,145,120,107,115,139,177,112,148,75,17,196,205,149,188,28,30,10,197,159,96,114,6,98,64,153,18,56,99,22,119,72,203,46,117,211,60,167,44,27,42,24,161,32,174,29,35,90,104,53,41,39,212,68,101,132,4,133,146,166,168,79,70,38,171,124,165,215,131,87,206,134,11,210,108,82,61,143,12,170,66,176,83,130,80,21,175,220,184,216,73,8,88,65,84,189,74,45,144,142,125,5,36,213,92,16,15,141,14,169,202,162,33,31,158,113,111,3,50,173,137,147,207,127,86,89,219,47,193,7,1,81,157,195,85,55,9,138,183,78,109,13,192,19,201,62,198,152,182,156,57,185,208,164,93,116,71,151,128,118,91,178,48,199,163,20,186,25,204,154,54,100,218,34,160,155,136,103,95,
machine12:0,135,43,97,110,26,139,177,112,149,30,167,44,24,32,174,90,39,4,168,79,171,124,215,87,206,11,210,108,66,130,80,21,184,73,65,84,189,74,142,5,36,213,92,16,169,202,31,158,113,50,137,207,86,219,193,1,157,195,9,78,13,201,152,164,118,178,48,163,54,155,136,103,95,

1to 1:
1to 2:18,148,114,35,77,52,198,172,106,14,21,72,116,68,102,135,46,26,140,121,71,10,65,118,149,137,130,192,86,94,78,154,24,92,158,
1to 3:123,36,146,194,187,181,33,150,40,83,171,207,214,101,157,152,76,215,2,8,44,147,169,138,45,206,141,125,15,142,55,47,62,111,5,176,91,193,155,184,156,
1to 4:129,69,122,81,161,108,49,139,64,197,9,51,217,25,213,128,151,112,124,201,189,100,210,195,202,1,103,20,182,16,70,109,168,85,43,
1to 5:56,205,174,29,133,212,42,59,131,132,144,34,166,204,11,57,159,196,153,216,53,93,173,12,107,186,179,60,4,41,134,163,39,178,113,164,74,87,183,136,218,220,54,84,63,73,199,95,
2to 1:56,37,123,129,69,133,58,23,212,97,132,144,177,34,166,57,159,108,83,139,214,64,197,9,19,76,99,4,145,25,8,41,44,134,88,163,178,151,112,201,136,1,54,5,84,89,176,90,155,70,109,168,43,
2to 2:
2to 3:18,67,98,211,106,104,153,53,173,7,12,119,118,128,74,87,3,100,195,143,154,92,199,16,13,158,
2to 4:180,194,52,198,181,14,126,204,116,105,102,121,93,186,179,71,164,45,120,142,192,86,218,55,78,62,219,48,38,91,95,184,170,185,
2to 5:148,35,115,172,117,21,135,207,208,140,215,2,65,30,124,31,137,80,206,189,61,130,210,15,162,47,103,182,156,
3to 1:198,74,149,183,124,77,67,85,116,127,191,196,30,131,60,180,148,68,153,143,213,86,27,182,82,78,202,121,65,66,95,130,13,63,185,49,179,174,20,96,10,12,32,217,103,
3to 2:117,39,99,218,73,51,37,177,112,90,207,164,80,88,61,147,170,201,62,1,134,159,111,
3to 3:
3to 4:87,187,11,123,162,157,211,3,19,125,137,138,206,15,193,214,216,165,188,89,21,31,158,199,76,176,47,79,75,
3to 5:16,18,22,146,24,119,128,5,48,118,98,141,154,64,92,36,104,46,33,152,151,169,184,7,145,175,160,38,8,168,155,91,
4to 1:24,42,156,113,181,33,106,114,194,190,48,141,21,137,170,53,7,208,28,110,120,6,3,11,29,219,199,175,50,209,160,40,220,107,
4to 2:31,173,100,20,133,182,195,49,183,97,104,63,217,13,19,41,215,119,210,47,169,202,85,162,189,145,
4to 3:159,70,180,22,80,191,134,51,185,109,102,38,81,73,43,127,172,
4to 4:
4to 5:96,143,213,89,142,44,123,203,62,108,192,55,116,1,161,105,187,171,78,122,94,167,86,211,150,111,193,165,176,82,201,45,79,90,75,17,138,9,188,126,
5to 1:17,98,200,171,165,211,117,126,128,31,100,61,55,72,104,71,16,215,45,203,14,15,101,167,105,75,158,26,142,80,162,150,38,119,22,111,195,81,94,115,125,157,46,2,79,188,147,206,
5to 2:139,25,69,87,151,58,204,109,44,129,83,138,93,107,141,197,143,48,179,64,89,70,95,168,219,205,220,120,185,43,193,196,3,186,23,53,113,91,184,
5to 3:10,96,30,177,149,82,39,122,112,88,19,218,216,4,90,85,198,32,164,103,170,202,212,140,68,135,27,84,210,20,144,124,66,99,
5to 4:114,130,7,5,160,54,24,28,172,152,173,209,60,118,50,155,73,92,145,208,57,163,156,13,97,178,190,175,63,154,136,34,59,169,6,110,127,183,
5to 5:

cell1:5,2,3,4,
cell2:1,5,3,4,
cell3:1,5,4,2,
cell4:5,2,3,1,
cell5:2,3,4,1,
