machine1:0,34,54,55,33,35,1,38,17,37,2,6,15,31,44,60,36,25,29,21,10,9,8,19,52,22,53,43,11,58,49,14,18,56,51,40,13,45,28,7,24,
machine2:0,34,54,20,55,33,35,1,38,32,57,46,3,17,37,2,6,15,47,31,44,60,23,59,27,36,25,29,39,21,48,10,9,8,19,30,41,4,52,22,53,43,11,42,58,49,14,18,56,51,12,40,50,16,5,13,45,26,28,7,24,
machine3:0,34,54,20,55,33,38,32,57,46,3,2,6,47,60,23,59,27,25,29,39,21,48,10,19,30,41,4,22,53,43,42,58,49,14,18,56,51,12,50,16,5,13,45,26,28,24,
machine4:0,34,54,20,55,33,35,1,38,32,57,46,3,17,37,2,6,15,47,31,44,60,23,59,27,36,25,29,39,21,48,10,9,8,19,30,41,4,52,22,53,43,11,42,58,49,14,18,56,51,12,40,50,16,5,13,45,26,28,7,24,
machine5:0,20,35,1,32,57,46,3,17,37,15,47,31,44,23,59,27,36,39,48,9,8,30,41,4,52,11,42,12,40,50,16,5,26,7,
machine6:0,34,54,20,55,33,35,1,38,32,57,46,3,17,37,2,6,15,47,31,44,60,23,59,27,36,25,29,39,21,48,10,9,8,19,30,41,4,52,22,53,43,11,42,58,49,14,18,56,51,12,40,50,16,5,13,45,26,28,7,24,

1to 1:
1to 2:55,32,56,23,20,33,34,27,6,54,57,39,46,4,41,29,38,11,9,22,59,19,25,47,21,49,15,14,18,30,53,43,51,40,50,2,48,36,17,60,58,10,13,5,3,45,35,26,12,42,28,24,16,
2to 1:37,55,32,23,20,33,34,27,1,44,6,54,57,39,46,41,29,38,9,22,59,25,47,21,15,14,18,30,31,53,43,50,2,8,48,17,60,58,10,5,3,45,26,52,12,7,42,28,24,16,
2to 2:

cell1:2,
cell2:1,
