machine1:0,23,37,40,4,7,5,28,32,30,18,2,13,3,39,26,11,19,21,34,20,31,25,8,6,35,29,1,9,10,24,38,12,33,27,16,15,36,14,17,22,
machine2:0,23,37,40,4,7,5,28,32,30,18,2,13,3,39,26,11,19,21,34,20,31,25,8,6,35,29,1,9,10,24,38,12,33,27,16,15,36,14,17,22,
machine3:0,23,37,40,4,7,5,28,32,30,18,2,13,3,39,26,11,19,21,34,20,31,25,8,6,35,29,1,9,10,24,38,12,33,27,16,15,36,14,17,22,
machine4:0,23,37,40,4,7,5,28,32,30,18,2,13,3,39,26,11,19,21,34,20,31,25,8,6,35,29,1,9,10,24,38,12,33,27,16,15,36,14,17,22,

1to 1:
1to 2:3,32,19,30,37,23,7,26,4,28,14,21,39,27,10,2,35,11,16,40,36,12,18,25,20,5,22,38,
2to 1:3,24,19,30,9,13,23,6,29,34,26,4,15,1,28,14,21,39,31,33,17,27,10,2,11,16,12,18,25,8,20,22,
2to 2:

cell1:2,
cell2:1,
