0:	4830.6	16,7,1,3,16,17,14,17,16,7,8,:	8,0,0,
1:	4419.1	16,7,1,3,16,17,14,11,16,7,8,:	5,1,2,
2:	4496.7	16,7,1,3,16,17,14,11,15,14,8,:	4,0,2,
3:	4496.7	16,7,1,3,16,17,14,11,16,14,8,:	4,0,2,
4:	4329.2	16,7,1,3,16,17,14,11,13,14,8,:	5,0,2,
5:	4490.599999999999	16,7,10,3,16,17,14,13,16,7,8,:	6,4,2,
6:	4601.599999999999	16,7,1,16,19,19,0,11,16,7,8,:	1,0,3,
7:	4578.1	16,7,1,16,19,19,5,11,16,7,8,:	8,0,3,
8:	4360.1	16,7,1,16,19,19,14,11,16,7,8,:	4,0,3,
9:	4442.3	16,7,1,16,19,19,12,11,16,7,8,:	4,0,6,
10:	4460.2	16,7,1,16,19,3,14,11,16,7,8,:	4,0,6,
11:	4358.9	16,8,1,8,12,17,14,11,3,15,8,:	5,0,2,
12:	4434.2	5,8,1,8,16,17,14,11,3,15,8,:	5,0,2,
13:	4373.9	16,8,1,8,16,17,14,11,3,17,8,:	5,0,2,
14:	4360.1	16,7,1,16,19,17,14,4,16,7,8,:	4,0,3,
15:	4845.499999999999	16,7,1,9,16,19,14,11,16,7,8,:	4,0,3,
16:	4350.099999999999	16,7,10,8,16,7,14,11,3,15,8,:	4,1,3,
17:	4476.700000000001	16,8,1,3,16,17,14,11,16,7,8,:	5,0,6,
18:	4378.8	16,7,1,16,19,19,14,11,14,14,8,:	5,0,3,
19:	4989.400000000001	16,7,1,3,3,17,14,11,16,7,8,:	4,0,2,
20:	4360.1	16,7,1,16,19,19,14,11,16,7,8,:	4,0,3,
21:	4636.6	16,1,1,16,19,19,14,11,16,7,8,:	5,0,0,
22:	4943.3	16,8,1,8,6,19,14,11,16,7,8,:	4,0,3,
23:	4399.1	16,7,1,16,16,17,14,11,3,15,8,:	4,0,8,
24:	4460.2	16,7,1,16,19,19,14,11,16,7,11,:	4,0,5,
25:	4373.9	16,8,1,8,16,17,14,11,3,15,8,:	5,0,3,
26:	4563.900000000001	16,7,1,16,12,19,14,11,16,7,8,:	7,0,2,
27:	4601.599999999999	16,7,1,16,19,19,14,11,16,7,8,:	1,0,2,
28:	5208.1	16,7,1,16,14,17,14,11,3,15,8,:	4,0,6,
29:	4526.599999999999	16,8,1,8,19,19,14,11,16,7,8,:	1,0,2,
30:	4457.500000000001	16,7,1,3,16,17,14,11,16,9,8,:	5,0,4,
31:	4503.400000000001	16,7,11,16,19,19,14,11,16,14,8,:	6,0,2,
32:	4956.3	16,7,1,16,19,19,14,11,16,7,8,:	4,7,3,
33:	5128.699999999999	16,7,10,3,16,17,14,11,16,7,3,:	3,0,3,
34:	4329.2	16,7,1,3,16,17,14,11,3,15,8,:	5,0,2,
35:	4373.9	16,8,1,8,16,17,0,11,16,7,8,:	6,0,3,
36:	5054.700000000001	16,7,1,16,19,19,14,11,16,7,8,:	4,2,3,
37:	4381.200000000001	16,7,1,16,19,19,14,11,15,7,8,:	6,0,3,
38:	4474.5	16,7,4,16,19,19,14,11,16,7,8,:	6,0,8,
39:	4329.2	16,7,1,3,16,17,14,11,4,7,8,:	5,0,2,
40:	4502.699999999999	16,8,1,8,16,17,14,11,16,7,8,:	1,0,2,
41:	4419.1	16,7,1,3,16,17,14,11,3,15,8,:	5,1,0,
42:	4439.9	16,7,1,3,16,17,14,11,16,7,4,:	4,0,7,
43:	4608.400000000001	16,7,1,9,19,19,14,11,16,7,8,:	5,0,3,
44:	4766.9	16,8,1,8,16,17,14,11,3,15,15,:	5,3,3,
45:	4788.5	16,8,16,8,16,17,14,11,3,15,8,:	7,0,2,
46:	4688.1	16,7,1,3,16,17,14,11,16,7,8,:	4,6,2,
47:	5128.699999999999	16,7,10,3,16,17,14,11,16,7,8,:	2,0,3,
