machine1:0,54,64,102,101,58,32,72,33,74,41,66,71,96,26,16,100,75,12,70,35,17,92,62,61,93,23,89,40,67,65,30,13,84,22,106,83,14,28,79,49,8,109,50,91,24,55,86,5,53,63,19,47,60,20,81,
machine2:0,102,72,71,16,6,90,38,15,45,75,108,103,110,59,17,18,62,80,61,23,40,67,68,56,22,97,28,49,8,109,50,25,39,91,24,55,53,104,19,60,73,27,81,34,36,31,29,
machine3:0,69,42,88,51,33,2,96,6,15,12,70,44,17,92,62,57,23,89,30,13,84,21,22,106,79,85,91,94,77,43,104,63,48,82,10,20,27,81,107,34,36,
machine4:0,64,76,42,102,99,72,2,9,11,78,16,90,38,15,105,70,110,18,92,93,89,40,67,68,65,30,13,21,56,95,14,46,7,28,85,39,91,94,5,63,47,60,37,48,82,10,20,1,27,81,107,36,
machine5:0,69,54,64,87,3,88,51,32,72,2,74,9,66,71,78,100,75,105,70,108,35,44,110,59,17,92,62,80,93,57,23,89,67,68,65,30,21,56,95,22,106,83,97,14,79,49,8,109,85,91,24,55,86,104,63,19,60,48,10,20,1,27,34,36,31,29,
machine6:0,64,76,101,99,58,51,72,33,2,9,71,16,100,90,38,45,105,108,35,18,52,62,57,89,65,30,56,95,22,106,97,14,46,28,49,109,85,91,24,94,86,5,43,53,104,63,19,47,73,48,82,20,1,36,31,29,
machine7:0,54,87,42,102,101,98,88,51,2,66,71,78,16,6,38,75,103,110,17,92,80,61,93,23,67,68,30,13,84,21,56,22,106,83,97,14,109,39,55,43,63,60,37,82,10,20,1,107,34,31,29,
machine8:0,69,101,58,88,32,41,71,96,16,6,15,75,105,12,70,108,35,103,44,93,57,89,68,84,21,95,22,106,97,46,8,109,50,25,85,91,94,77,5,53,104,47,37,48,1,27,34,
machine9:0,76,98,72,2,9,66,26,100,90,75,12,35,17,92,80,61,93,23,89,40,67,68,30,13,84,21,106,14,4,49,109,50,25,85,39,94,55,86,43,104,63,19,47,60,10,81,107,36,31,
machine10:0,69,102,58,51,72,33,2,74,9,11,96,26,90,38,15,105,70,108,44,110,59,17,92,52,80,93,57,23,67,68,30,13,21,56,106,4,79,49,109,24,77,43,53,47,60,10,81,107,34,36,29,
machine11:0,42,58,33,2,74,41,66,71,78,75,105,12,70,110,18,92,62,61,93,89,40,67,68,65,30,13,21,95,106,83,97,14,8,50,24,77,5,53,63,19,82,10,20,27,34,29,
machine12:0,76,102,99,3,51,32,2,9,41,26,16,6,90,15,45,108,35,103,110,17,18,62,80,57,40,13,21,56,95,22,97,14,4,46,79,8,109,50,39,91,77,55,86,5,43,53,104,63,19,47,37,20,27,36,31,
machine13:0,54,42,101,3,51,33,74,9,96,26,78,16,100,90,38,15,45,75,12,70,108,17,18,92,52,62,80,61,57,23,89,67,68,65,30,56,95,22,106,83,79,49,8,50,25,85,39,91,24,94,77,55,43,53,63,19,47,73,48,82,1,27,81,107,34,36,31,29,
machine14:0,69,87,102,98,88,2,74,9,11,41,96,26,16,6,100,38,15,105,70,44,110,59,62,80,61,93,23,89,40,67,65,30,84,56,95,22,106,97,14,46,49,8,109,50,25,85,91,77,86,43,53,104,19,60,82,10,27,81,36,31,29,
machine15:0,54,42,102,99,58,3,51,32,72,33,9,11,71,96,6,90,75,105,110,59,17,52,62,93,57,23,89,40,67,68,30,13,84,21,56,22,106,14,4,46,7,28,79,49,8,25,85,24,55,5,43,104,63,19,60,37,48,10,20,81,31,29,
machine16:0,69,54,64,76,87,102,98,3,88,51,32,72,74,9,41,66,96,26,16,6,100,90,38,45,75,105,12,70,35,103,44,110,59,17,18,92,62,80,61,93,57,23,89,40,67,68,65,30,13,84,21,56,95,106,83,14,4,46,7,28,79,49,8,109,50,25,85,39,91,24,94,77,55,86,5,53,104,63,19,47,60,37,48,82,10,20,27,81,107,36,31,29,
machine17:0,54,64,76,87,102,101,99,58,3,32,72,33,2,41,66,71,26,78,16,6,100,90,38,15,75,12,70,108,35,44,59,17,18,92,62,93,57,23,89,40,67,68,30,13,21,56,95,22,106,83,97,14,4,46,7,28,49,50,25,85,39,91,24,94,55,86,43,53,104,63,19,47,60,37,73,48,82,10,20,1,27,81,107,34,36,29,
machine18:0,69,64,76,102,101,98,58,51,72,33,2,74,9,11,71,96,26,78,16,6,90,15,75,70,44,59,17,18,92,52,62,93,23,89,40,68,65,13,84,21,56,95,83,97,46,79,8,109,50,25,85,39,91,24,94,77,55,86,43,53,63,60,73,48,82,10,1,81,107,34,36,31,29,
machine19:0,76,42,102,99,98,3,88,2,74,9,66,71,96,78,16,6,100,38,45,75,105,12,70,108,35,103,44,110,59,17,18,92,52,62,80,61,93,23,89,67,68,65,30,84,21,56,83,14,4,46,7,28,79,49,8,109,25,85,39,91,24,94,77,86,5,43,53,104,19,60,37,73,48,82,10,20,27,81,107,36,31,29,
machine20:0,54,42,101,98,58,3,32,33,2,74,11,71,96,16,6,100,45,75,105,70,108,35,44,110,59,17,18,92,62,61,93,57,89,40,67,68,65,30,13,84,21,56,95,22,106,97,14,4,46,7,28,50,25,85,39,91,24,94,77,55,86,5,43,53,104,19,47,60,37,48,82,20,1,27,81,107,34,36,31,
machine21:0,69,54,64,76,102,101,98,58,51,32,33,74,9,11,66,71,96,78,16,6,90,38,15,45,75,105,12,70,108,44,110,59,17,18,92,62,80,61,57,23,89,40,67,68,65,30,13,84,21,56,95,22,106,83,14,4,46,7,28,79,49,8,109,50,25,85,39,91,24,94,55,5,43,53,104,63,19,47,60,73,48,10,1,27,107,34,36,31,29,
machine22:0,64,76,42,99,98,58,51,72,33,74,9,41,96,26,16,6,100,90,15,45,105,12,70,108,35,103,44,110,59,18,92,62,80,61,93,57,23,89,40,67,68,65,30,13,21,56,95,22,106,83,97,14,4,46,79,49,8,109,50,25,85,39,24,94,77,55,86,5,43,53,104,19,47,60,48,82,10,20,27,81,107,34,36,31,29,
machine23:0,69,54,64,76,87,42,102,101,99,58,3,88,51,32,72,33,2,74,9,11,41,66,71,96,26,78,16,6,100,90,38,15,45,75,105,12,70,108,103,44,110,59,17,18,92,52,62,80,61,93,57,23,89,40,67,68,65,30,13,84,21,56,95,22,106,83,97,14,4,46,7,28,79,49,8,109,50,25,85,39,91,24,94,77,55,86,5,43,53,104,63,60,37,73,48,82,10,20,1,27,81,107,34,36,31,29,
machine24:0,69,54,64,76,87,102,101,99,58,3,88,51,32,72,33,2,74,9,11,66,71,96,26,16,6,100,90,38,15,45,75,105,12,70,108,35,103,44,110,59,17,18,92,52,62,80,61,93,57,23,89,40,67,68,65,30,13,84,21,56,95,22,106,83,97,14,4,46,7,28,79,49,8,109,50,25,85,39,91,24,94,55,86,5,43,53,104,63,19,47,60,37,73,48,82,10,20,1,27,81,107,34,36,31,29,
machine25:0,76,42,102,101,58,88,51,33,2,74,9,41,71,96,78,6,100,75,105,12,70,103,44,59,17,92,62,80,61,93,57,23,89,40,67,68,65,30,13,84,21,56,95,22,106,83,97,14,46,7,28,79,8,50,25,85,39,91,94,53,104,63,47,37,82,10,20,1,27,81,107,34,31,29,
machine26:0,69,64,42,102,3,88,51,32,74,9,71,26,78,16,6,100,38,45,70,44,110,17,92,52,62,93,23,89,40,65,30,13,84,21,95,22,106,97,14,46,28,49,8,109,50,25,85,39,91,24,94,55,5,43,53,63,19,47,60,37,48,82,1,81,107,34,29,
machine27:0,69,54,64,87,101,98,58,32,33,2,74,11,41,71,26,6,90,15,45,75,105,12,108,35,103,110,59,17,92,52,62,80,61,93,67,68,65,13,21,56,95,22,106,83,14,4,28,79,49,8,109,50,25,91,24,94,77,55,86,43,53,104,63,60,73,82,10,20,1,81,107,34,36,31,29,

1to 1:
1to 2:2,5,6,12,13,14,17,18,24,29,33,34,41,43,44,47,48,49,51,53,54,57,58,59,61,64,66,69,70,71,72,75,78,80,83,84,86,88,90,94,96,100,104,106,107,108,109,40,23,97,89,99,20,35,42,110,38,56,30,101,79,63,36,21,27,105,22,28,1,67,68,60,85,92,31,
1to 3:2,6,7,10,12,13,16,17,19,25,26,27,29,30,32,33,41,43,47,49,51,53,54,56,62,63,67,68,70,71,72,80,81,84,89,90,95,96,97,102,104,105,106,109,110,23,39,99,48,82,42,44,35,15,74,36,22,79,38,37,45,57,85,24,20,21,55,31,60,91,
1to 4:6,7,12,13,14,16,20,22,24,26,29,30,33,40,44,47,48,49,53,54,55,57,58,61,62,64,66,67,70,71,75,79,90,92,93,94,102,105,106,107,108,72,35,32,38,28,88,63,10,39,27,45,36,31,68,86,110,89,81,8,91,60,85,21,
1to 5:1,2,6,7,10,12,14,18,19,24,28,30,33,43,48,53,55,62,63,65,70,71,72,74,75,78,79,80,81,83,92,94,95,97,102,104,105,106,107,108,76,73,99,109,44,34,42,110,101,59,16,40,68,8,38,91,23,22,56,67,20,27,89,39,86,60,21,31,
1to 6:5,12,13,15,16,19,20,25,27,28,29,30,31,32,33,34,39,47,48,49,50,53,55,56,59,60,61,62,63,64,65,69,70,75,78,79,81,83,84,85,89,90,92,94,95,96,100,102,105,106,110,109,45,67,72,76,86,42,40,8,9,10,22,21,44,23,68,82,
1to 7:2,6,7,10,15,16,17,18,20,21,26,30,33,34,39,46,49,51,53,57,59,62,63,65,66,67,69,70,71,72,80,81,84,90,93,94,95,103,104,105,106,107,108,110,48,92,76,24,42,85,40,79,22,44,23,28,89,60,27,1,109,56,55,8,91,36,31,
1to 8:6,7,10,14,17,19,21,23,25,26,28,29,30,34,39,43,47,48,49,50,53,57,59,61,63,64,66,67,69,71,80,81,85,89,93,94,95,96,97,100,104,106,107,108,27,82,109,1,72,68,35,88,11,20,38,92,86,40,36,33,56,105,79,22,110,55,60,8,
1to 9:2,5,6,8,12,13,14,15,17,19,21,23,24,25,26,27,29,31,32,33,34,50,53,54,55,58,59,61,62,63,64,65,67,68,69,70,71,75,77,79,81,84,90,93,94,95,102,104,105,106,108,109,87,37,86,89,22,42,76,28,20,40,60,110,92,10,49,38,44,39,56,36,85,107,30,82,
2to 1:1,5,6,11,12,13,14,16,17,18,19,20,23,31,33,34,42,43,47,49,50,51,56,59,60,62,63,64,65,66,67,70,72,75,77,78,79,85,91,93,94,95,97,104,105,107,109,110,55,69,71,37,57,9,83,10,102,35,27,2,89,30,24,40,84,22,21,92,68,
2to 2:
2to 3:1,5,6,8,9,13,17,19,20,23,24,25,27,30,31,39,40,43,46,48,49,50,51,52,61,63,67,72,75,77,79,81,82,84,85,86,87,90,91,92,93,96,97,99,104,105,109,110,70,36,102,14,107,108,26,47,95,58,38,16,56,89,57,2,68,18,29,53,21,
2to 4:2,4,5,6,8,9,10,12,17,19,20,21,24,25,28,30,32,36,40,47,51,60,63,65,67,70,72,75,76,77,81,85,86,87,88,90,91,92,93,95,98,104,106,107,108,110,53,102,89,41,68,16,71,62,61,56,80,26,38,37,103,35,97,58,57,55,13,105,14,50,27,94,82,59,29,
2to 5:1,4,6,8,11,13,16,17,19,21,22,23,25,29,31,33,34,35,37,42,43,46,47,51,54,57,65,66,67,72,74,76,77,80,81,82,85,86,90,91,92,93,94,95,97,98,101,104,107,108,109,110,58,2,40,83,53,75,62,103,30,102,48,70,14,71,18,84,20,105,12,10,38,24,68,60,36,106,59,89,
2to 6:1,4,5,6,8,10,11,15,18,19,21,22,25,27,30,33,34,39,45,46,51,53,54,60,65,67,68,70,71,72,75,76,79,82,84,85,86,90,91,92,93,95,98,100,105,106,107,110,74,16,50,69,103,41,61,59,57,38,94,108,12,13,56,89,55,29,36,
2to 7:1,4,5,6,9,12,15,17,20,22,23,25,26,27,28,30,33,34,42,43,44,46,49,51,52,53,60,61,62,63,65,68,72,75,76,77,79,81,83,84,85,86,87,89,90,92,95,100,102,104,107,109,110,18,70,71,10,48,55,21,2,56,93,16,66,108,97,57,59,94,105,38,106,82,
2to 8:1,2,4,5,8,9,10,11,12,13,14,17,19,21,22,25,30,31,33,34,36,43,52,54,60,61,63,66,67,72,74,76,80,81,85,86,87,88,89,90,91,92,93,95,99,104,105,106,109,110,102,107,29,35,69,84,58,71,48,82,97,57,50,38,27,70,68,
2to 9:1,5,6,8,11,14,15,17,19,23,24,25,26,28,33,36,39,42,43,47,49,52,54,55,56,58,60,61,63,65,67,76,78,79,84,85,86,87,90,91,92,93,95,97,98,101,102,104,106,108,109,110,89,69,68,71,38,80,41,2,77,57,37,105,75,74,53,59,73,103,12,27,21,22,40,51,70,50,82,29,
3to 1:1,2,6,9,10,15,19,21,22,25,27,29,30,40,43,46,47,50,51,53,54,58,60,61,62,63,65,67,69,70,73,80,81,84,85,89,92,100,102,104,105,109,110,42,97,88,8,48,36,11,74,12,93,68,101,96,23,78,56,31,18,79,57,14,17,49,91,24,
3to 2:2,6,8,10,15,17,18,22,25,30,31,35,36,38,41,47,50,52,54,58,59,60,61,62,65,67,70,77,78,80,82,84,85,86,89,90,92,96,100,104,105,106,108,109,110,75,37,57,27,68,51,24,97,48,103,9,83,95,88,43,102,79,74,29,56,63,26,21,46,93,19,91,49,14,
3to 3:
3to 4:2,3,4,5,6,7,10,12,15,16,17,18,25,26,31,32,38,40,41,46,47,53,54,58,60,61,70,72,77,78,85,89,90,92,93,95,96,97,98,102,108,110,19,101,74,62,36,14,21,103,75,49,80,48,8,63,57,107,55,23,68,29,86,56,39,59,91,82,
3to 5:1,2,6,14,15,17,18,20,22,25,29,31,32,33,35,38,39,43,47,50,52,53,56,58,60,61,62,65,67,70,76,79,80,82,84,85,86,89,90,92,94,96,102,104,105,108,109,54,88,77,11,9,75,37,57,42,19,71,24,16,45,74,23,95,97,13,51,40,46,48,36,44,8,81,49,68,91,55,
3to 6:5,6,7,8,10,12,15,16,21,22,25,30,31,32,33,38,41,43,45,47,49,50,53,58,60,61,65,67,68,72,76,78,79,82,84,85,90,98,100,102,105,108,110,96,9,11,46,24,42,40,69,54,74,75,101,51,95,39,34,36,57,93,23,62,18,13,19,55,29,81,80,107,70,14,27,91,
3to 7:3,5,6,10,11,12,21,23,25,26,29,30,31,33,38,41,50,51,52,53,57,58,65,67,76,78,79,80,81,85,86,89,90,102,107,108,109,110,42,104,17,39,9,46,83,48,69,99,77,97,101,71,91,103,40,18,68,15,70,93,44,22,62,16,63,55,56,49,36,
3to 8:1,2,3,4,5,6,10,15,17,19,22,25,29,30,36,37,38,47,50,51,52,56,59,60,61,62,65,67,72,81,84,85,89,90,100,104,105,108,109,110,43,9,12,69,96,11,14,40,8,63,80,21,27,99,88,93,54,31,97,39,103,18,49,24,13,23,74,57,16,82,91,
3to 9:2,3,6,8,14,17,23,25,29,31,32,38,39,43,47,49,50,52,53,55,57,58,65,67,68,70,76,79,82,85,86,89,92,93,94,98,102,108,69,40,75,54,88,42,19,78,11,16,51,106,22,109,96,37,71,80,56,95,107,26,77,74,15,36,46,91,62,21,27,81,
4to 1:2,3,8,10,14,22,25,28,29,30,32,33,34,35,37,39,40,44,46,47,53,54,56,57,61,62,63,64,68,69,71,72,73,75,78,82,88,90,91,92,93,94,100,103,106,107,110,36,81,65,86,99,102,16,26,58,105,48,9,55,89,70,80,27,38,85,67,49,59,60,
4to 2:1,2,5,6,8,9,10,12,18,19,21,22,25,26,28,29,30,35,37,39,41,44,45,46,50,51,53,57,60,62,63,71,72,75,77,83,86,87,88,90,91,94,95,101,102,103,104,105,106,109,110,40,14,61,93,47,68,16,58,97,66,81,67,70,13,56,89,36,55,107,85,84,
4to 3:5,7,8,9,10,12,13,17,18,22,25,26,27,28,30,35,37,38,39,43,45,46,47,48,50,54,55,58,61,62,70,71,72,75,77,79,81,86,87,89,90,91,100,106,108,109,110,68,32,33,56,67,21,49,85,3,4,63,14,88,102,97,19,84,53,16,40,80,107,59,36,29,
4to 4:
4to 5:1,2,5,6,7,8,9,10,12,14,17,19,20,22,25,29,30,31,35,37,38,44,45,46,47,49,50,51,54,55,57,61,62,63,64,68,71,72,75,76,77,78,81,82,83,86,92,94,101,102,104,105,3,58,53,16,59,56,13,93,107,36,24,66,74,4,84,70,27,89,65,21,85,91,
4to 6:6,7,8,9,10,12,18,19,21,22,28,30,31,34,39,41,43,44,45,47,50,51,54,55,59,60,61,63,64,68,69,71,75,76,79,82,83,86,90,92,95,100,102,103,108,110,67,105,85,27,65,56,40,107,26,32,84,29,93,58,48,5,13,94,57,81,25,16,46,33,80,89,70,14,53,
4to 7:1,3,6,7,8,9,10,12,17,20,22,25,28,29,30,38,39,41,44,48,50,55,61,62,63,64,65,67,68,72,75,76,77,81,82,83,86,87,90,91,93,94,100,102,103,108,109,56,33,14,26,4,58,88,57,59,46,97,104,16,80,21,107,27,5,84,70,53,31,89,49,60,85,
4to 8:4,6,7,8,9,10,12,16,17,18,22,23,25,32,33,35,38,39,49,50,53,54,55,57,61,69,70,71,72,76,79,82,86,87,89,90,92,94,104,105,106,107,47,31,19,93,66,59,26,80,5,67,29,63,21,14,91,60,65,62,81,85,
4to 9:1,2,6,8,10,12,13,17,22,23,26,27,28,29,30,34,37,39,40,41,45,47,48,49,50,51,54,58,62,63,64,65,68,69,70,71,73,75,76,77,78,85,86,87,89,90,91,92,94,95,102,103,106,110,4,32,61,97,67,81,82,60,55,80,59,16,57,107,25,104,93,14,56,24,21,53,31,
5to 1:1,2,5,6,8,10,14,16,17,18,20,23,27,33,34,35,36,37,42,46,47,53,54,56,58,59,61,63,66,67,68,69,70,73,74,77,81,83,85,86,89,91,92,93,95,96,97,101,102,104,106,39,48,40,105,75,12,19,64,44,28,51,100,62,90,103,110,13,71,22,38,60,94,24,43,65,31,21,
5to 2:1,2,4,5,9,10,14,15,16,17,23,30,33,37,42,43,46,48,50,51,53,56,57,59,61,62,65,67,68,77,79,82,83,84,86,89,93,95,96,97,98,100,101,102,104,105,107,108,109,70,52,110,18,75,71,19,76,45,25,28,24,60,94,20,21,26,58,8,39,6,22,29,91,
5to 3:2,4,6,7,9,10,11,14,15,16,17,23,24,25,27,29,36,42,47,48,49,50,52,54,56,57,59,63,67,68,70,75,77,78,81,82,85,86,89,91,93,96,97,98,99,102,104,107,109,26,62,8,79,53,40,45,110,3,13,22,71,100,94,12,18,39,90,38,65,105,43,19,55,60,46,31,
5to 4:2,6,8,9,10,15,17,21,23,25,28,29,31,32,34,35,37,45,47,50,56,57,61,63,64,67,68,72,76,77,79,80,82,84,85,86,89,91,92,96,100,101,102,105,107,108,53,60,90,51,39,40,48,98,46,58,19,16,110,3,4,75,7,36,24,26,13,20,93,94,44,71,30,22,62,70,59,65,14,
5to 5:
5to 6:4,5,9,10,11,14,15,16,19,23,27,28,29,33,42,43,46,47,48,50,54,56,61,62,64,67,69,72,74,75,81,82,83,85,86,89,96,101,102,106,109,51,76,90,25,13,39,98,7,53,105,30,45,92,44,6,31,36,100,40,71,110,59,94,73,12,18,20,8,60,21,65,
5to 7:1,2,4,5,9,10,11,16,17,23,27,33,37,42,45,46,48,50,56,57,59,60,62,63,66,67,68,70,71,74,75,76,79,81,82,86,89,95,97,101,102,104,106,107,109,36,38,31,73,7,22,6,103,55,51,64,52,108,3,90,44,13,77,65,83,110,25,18,105,94,93,30,39,21,8,24,53,43,
5to 8:1,2,5,7,8,9,10,11,15,17,25,27,28,31,33,35,37,45,47,49,50,53,54,55,56,57,59,61,69,71,72,74,76,80,86,89,92,96,97,99,102,104,105,107,109,46,44,24,93,94,40,20,91,90,14,19,81,39,60,13,52,75,3,108,21,6,12,18,79,23,43,62,36,65,82,85,
5to 9:1,2,5,10,17,19,23,27,29,30,31,37,42,43,46,49,50,54,55,56,59,63,65,67,69,70,74,75,78,82,83,85,86,89,92,95,102,104,107,108,52,110,64,106,53,6,98,105,24,62,45,109,58,90,71,51,48,3,25,34,81,94,60,93,8,14,39,36,
6to 1:1,5,10,12,13,14,20,21,23,24,25,28,29,30,31,33,36,39,40,42,43,44,47,48,50,51,55,61,62,63,64,65,67,68,69,71,78,80,83,84,86,90,91,99,102,105,106,107,18,70,53,104,89,73,54,41,75,95,7,26,22,110,108,59,60,27,79,8,92,16,85,93,34,94,
6to 2:1,4,6,8,10,12,14,19,20,21,22,24,27,28,29,30,31,33,38,42,44,47,48,53,54,55,61,65,66,67,68,69,70,71,74,76,81,83,84,89,91,92,97,98,101,102,105,106,109,93,103,77,57,16,96,58,104,9,90,60,18,108,95,86,13,107,5,82,80,50,62,94,25,34,
6to 3:4,6,10,12,13,14,17,19,20,21,22,24,25,27,29,30,31,32,34,36,38,39,42,43,47,54,56,57,61,62,63,65,67,68,69,79,80,81,91,98,102,104,106,107,109,110,55,16,41,26,90,70,8,75,96,95,86,40,9,77,33,108,59,50,5,18,105,82,49,84,15,53,92,46,60,
6to 4:1,6,8,10,12,13,14,19,20,23,24,30,31,32,35,38,39,44,46,47,48,49,50,51,53,54,55,56,57,61,62,63,64,68,69,71,76,81,82,85,91,92,102,106,110,33,16,26,59,104,77,86,9,7,100,90,67,105,89,29,36,93,70,27,25,40,4,84,107,
6to 5:1,4,5,6,8,10,13,14,16,19,21,22,23,24,29,30,31,32,36,40,42,43,44,45,47,48,49,55,61,64,66,69,71,76,81,82,83,84,85,89,91,92,98,101,106,107,109,110,108,94,93,90,77,60,33,26,53,75,7,96,54,39,105,86,100,67,104,79,74,46,50,62,65,70,17,25,
6to 6:
6to 7:1,4,6,7,8,10,12,13,20,21,22,27,30,31,34,36,38,40,42,43,44,49,51,53,55,56,57,59,61,62,63,64,65,67,68,69,70,71,76,81,83,85,89,91,96,102,106,107,109,17,105,50,103,5,93,95,48,86,75,90,29,74,41,94,46,100,33,92,77,110,60,108,16,84,39,25,82,
6to 8:1,10,11,12,13,14,19,21,22,23,24,25,27,30,34,35,38,39,40,43,47,49,53,57,60,61,62,66,71,73,79,80,81,82,84,90,91,92,102,104,105,106,108,109,110,48,96,8,76,59,95,67,26,54,100,74,50,29,5,46,33,65,55,85,86,4,94,70,
6to 9:1,4,6,10,13,14,19,21,22,24,27,30,31,33,34,36,40,43,44,46,47,48,51,54,55,57,59,60,61,63,64,71,78,80,81,83,84,85,91,104,105,106,109,110,90,76,7,49,9,86,29,89,25,70,50,107,95,94,23,5,100,74,41,79,93,65,103,8,39,53,26,17,67,82,
7to 1:5,6,7,9,11,16,22,23,25,26,27,29,34,39,40,42,43,48,50,54,55,56,57,60,61,63,67,69,70,72,73,74,78,81,83,84,85,86,88,89,90,94,97,99,100,105,109,110,20,36,30,104,13,31,10,44,21,1,77,92,59,79,71,33,28,68,106,91,107,17,53,65,
7to 2:1,4,5,6,8,9,10,12,15,16,20,22,26,29,33,34,37,38,41,44,45,51,52,55,60,61,62,63,64,67,68,69,70,75,76,82,85,87,88,89,90,94,97,101,102,105,107,108,109,110,2,13,71,50,84,77,14,92,30,66,104,83,18,93,106,21,65,59,17,31,
7to 3:2,3,4,6,8,9,11,15,16,17,20,21,22,25,26,27,28,29,30,38,40,41,42,43,44,45,48,50,52,53,54,55,56,57,59,61,62,63,67,68,69,70,74,79,81,84,85,86,87,89,90,91,92,94,95,96,97,100,102,106,109,110,93,10,24,14,77,18,46,104,49,1,39,31,36,
7to 4:1,5,6,7,8,9,10,12,14,15,16,20,21,24,25,26,28,29,32,38,39,40,41,45,50,53,55,56,60,61,62,63,64,68,69,71,72,79,80,81,82,83,87,89,90,91,94,97,102,103,105,108,110,106,46,18,44,66,48,31,30,59,2,77,85,13,4,93,104,70,92,107,65,67,
7to 5:2,3,4,5,6,7,8,9,11,12,16,17,20,21,23,25,29,33,36,37,38,39,42,43,45,46,50,51,53,56,60,61,62,63,64,69,70,81,82,84,85,88,89,90,91,95,96,101,103,105,106,107,108,109,110,79,104,31,48,44,93,83,94,68,65,100,28,92,22,30,71,18,10,67,24,1,
7to 6:6,7,8,9,10,11,12,16,22,25,27,28,29,30,36,40,41,42,43,45,50,51,54,55,56,60,61,62,63,64,67,72,76,80,81,82,85,86,89,90,103,105,109,110,59,104,108,71,33,79,66,83,1,34,48,44,68,70,73,92,57,26,106,24,53,15,39,46,4,31,49,84,21,
7to 7:
7to 8:2,4,5,9,11,14,15,16,21,22,23,25,26,27,29,31,38,39,43,45,50,52,53,55,57,60,61,62,63,65,67,68,72,74,76,79,80,81,82,83,84,85,87,88,89,90,93,94,95,96,97,102,105,109,110,108,104,17,73,71,44,10,3,33,20,107,46,1,34,59,106,30,49,
7to 9:7,8,11,12,14,16,20,21,22,25,26,27,29,33,37,38,39,41,42,43,44,45,49,50,52,54,55,56,57,59,60,62,63,64,67,70,71,73,76,78,80,81,82,83,84,85,86,87,88,89,90,95,97,102,103,107,108,109,110,106,10,53,92,68,91,5,1,28,94,31,93,13,79,17,46,34,
8to 1:1,2,8,9,10,11,12,13,14,15,17,18,19,22,24,26,28,30,33,34,36,38,39,40,43,44,49,50,51,54,56,57,58,59,60,61,65,69,70,71,72,74,79,80,85,86,88,89,90,92,93,96,99,100,101,102,104,105,106,108,66,29,94,21,67,48,35,31,110,3,68,63,25,27,81,23,62,91,
8to 2:1,2,4,5,6,8,9,14,17,18,21,23,24,25,28,29,30,33,38,40,44,45,46,50,51,52,53,56,57,58,59,61,63,67,69,70,71,72,79,82,83,88,89,90,91,92,93,95,96,97,102,103,104,105,106,109,108,12,47,35,34,62,43,86,85,80,60,49,
8to 3:1,4,6,8,9,13,14,17,18,19,21,25,26,30,32,33,35,38,39,40,43,44,45,46,51,52,53,54,55,56,57,61,63,65,69,70,72,74,79,80,82,84,86,88,89,92,94,95,97,100,102,105,106,108,109,27,81,48,23,11,110,68,104,96,3,34,29,50,49,67,91,31,
8to 4:2,3,4,5,6,7,8,9,10,14,17,23,24,27,28,29,30,31,36,38,39,44,46,48,49,53,55,56,58,59,60,61,62,63,69,70,71,72,76,79,80,90,92,93,95,96,97,101,102,103,104,106,94,25,26,110,68,47,40,35,108,12,33,89,21,85,107,86,81,50,91,
8to 5:2,4,5,7,10,17,19,20,21,27,30,31,34,38,39,44,46,49,51,52,53,54,55,57,58,59,60,61,65,67,69,71,72,80,83,89,90,91,92,93,95,96,97,102,104,105,106,107,108,109,110,3,12,37,11,35,81,14,23,33,86,48,50,62,82,43,85,29,25,
8to 6:4,5,7,8,10,11,13,14,15,19,21,23,30,31,32,39,40,44,45,46,51,53,54,55,56,57,59,60,61,65,69,70,71,74,76,80,83,86,90,92,95,96,101,102,103,104,105,106,107,109,110,29,27,49,50,25,58,48,73,33,79,91,67,82,43,
8to 7:1,4,5,6,8,10,13,14,15,17,21,22,24,30,38,39,43,44,49,51,53,55,56,57,59,61,63,69,70,71,72,74,76,79,80,82,83,84,85,88,89,90,92,93,94,97,99,100,101,102,103,104,105,107,108,109,20,68,23,3,11,33,12,110,50,26,29,67,27,25,81,34,
8to 8:
8to 9:1,2,3,4,5,6,11,20,21,22,25,26,28,30,32,39,40,44,45,49,50,51,52,53,54,55,57,58,59,61,63,69,71,73,74,76,79,80,82,89,92,93,97,102,103,105,106,108,109,110,86,37,14,47,8,27,67,62,23,91,33,85,104,81,31,29,43,107,17,94,
9to 1:1,2,3,5,9,10,19,22,25,27,31,33,34,36,37,40,41,42,47,48,50,53,54,55,59,60,65,67,70,71,75,78,79,80,84,85,88,89,92,93,94,97,100,101,102,104,110,16,21,107,69,109,30,86,74,64,106,105,62,63,6,23,8,28,20,39,24,17,82,14,29,91,
9to 2:2,5,8,9,10,12,13,14,15,17,19,21,22,30,37,50,52,54,55,58,59,62,63,64,67,70,71,75,76,78,79,80,81,83,85,88,91,92,94,95,97,103,107,108,109,41,47,69,53,102,87,106,6,105,29,93,38,90,61,43,34,16,25,110,1,86,89,82,
9to 3:2,3,5,6,8,10,12,16,19,21,22,26,29,31,32,34,36,37,42,46,47,50,53,54,55,56,57,58,59,60,61,63,65,67,68,75,79,80,84,85,91,93,94,95,97,100,104,109,102,52,69,41,78,82,30,49,89,51,7,73,25,90,106,86,110,107,70,23,38,14,17,81,
9to 4:1,4,6,8,10,16,19,22,26,28,32,36,37,39,40,45,46,47,49,50,54,55,56,58,59,60,61,62,70,71,75,80,82,84,85,91,94,97,101,103,104,106,108,110,87,30,93,23,102,41,69,107,17,13,38,12,90,14,7,35,73,79,105,29,63,34,53,5,21,68,81,89,25,
9to 5:2,3,8,9,13,17,19,22,25,27,28,32,37,40,42,45,46,50,53,54,67,71,74,75,78,80,83,84,85,89,92,93,94,95,103,104,107,7,109,39,6,69,73,1,44,62,43,23,52,96,61,14,81,49,79,105,65,24,60,86,29,106,91,82,
9to 6:1,8,9,10,13,15,17,19,21,22,28,31,32,33,40,42,46,47,48,54,55,56,57,59,62,64,65,67,71,74,76,78,79,80,81,83,85,89,92,94,95,101,104,107,109,90,96,25,12,77,41,61,60,14,29,39,45,49,91,73,50,110,16,106,86,105,70,6,4,82,27,34,53,
9to 7:2,5,6,8,9,10,15,16,20,21,24,26,27,31,37,39,40,42,45,50,52,55,56,59,64,65,67,69,70,75,77,79,80,82,84,85,86,93,94,95,97,101,103,104,107,106,7,1,25,44,100,41,73,23,61,34,63,30,102,38,110,3,14,109,96,28,43,17,81,12,74,62,53,89,49,91,29,
9to 8:5,8,9,11,15,19,21,22,24,31,33,34,39,40,43,45,46,47,50,54,55,59,65,71,75,80,82,84,85,86,92,93,95,97,79,52,35,89,1,61,110,17,102,44,74,7,12,25,53,14,51,91,38,37,96,81,28,106,109,49,
9to 9:

cell1:9,6,3,5,8,2,4,7,
cell2:5,1,6,3,4,7,9,8,
cell3:2,1,8,5,7,6,4,9,
cell4:3,5,6,1,2,7,8,9,
cell5:3,9,8,1,7,4,2,6,
cell6:4,9,2,5,8,7,3,1,
cell7:5,2,1,3,6,8,9,4,
cell8:5,3,6,9,1,4,7,2,
cell9:5,4,2,6,7,8,1,3,
