machine1:0,6,162,54,125,13,104,67,40,134,20,109,149,155,102,110,87,86,15,137,170,68,103,55,21,88,80,39,166,150,138,4,127,144,108,28,101,179,35,10,18,96,74,131,116,132,27,70,79,154,156,89,75,169,92,90,107,148,37,141,163,30,139,135,9,53,100,171,50,56,178,34,83,51,147,82,29,118,129,61,158,123,69,112,64,24,133,91,114,65,157,1,32,22,81,2,140,72,46,36,180,176,7,59,49,94,73,128,98,45,167,164,63,8,14,62,
machine2:0,6,162,54,33,152,125,13,25,60,44,104,122,17,85,67,106,97,40,66,134,93,26,76,20,41,109,71,16,48,149,78,155,102,172,175,110,87,23,52,86,15,173,43,137,170,161,160,68,103,55,3,19,21,88,80,47,119,39,166,150,136,138,5,4,42,124,127,120,144,108,99,28,101,179,35,10,18,84,96,74,131,165,116,132,27,153,115,70,79,154,58,156,89,75,169,143,92,159,90,107,148,151,95,12,37,142,31,141,163,30,177,139,135,9,53,11,100,171,50,56,130,178,34,117,83,51,147,82,145,29,118,129,61,158,105,123,69,112,64,24,133,91,114,65,157,1,32,121,113,57,22,81,2,140,72,46,36,180,176,7,59,49,94,73,128,77,98,174,45,38,167,146,164,63,8,111,14,168,62,126,
machine3:0,6,162,54,152,25,60,122,17,85,40,66,134,93,26,76,41,109,71,16,48,149,78,155,102,87,23,52,170,161,160,68,3,80,39,138,5,4,120,108,99,101,179,10,84,74,116,27,115,79,156,89,169,143,159,90,148,151,95,142,31,141,163,177,139,9,53,171,130,178,83,51,29,118,61,105,123,24,133,114,65,157,1,32,121,81,2,140,72,180,59,49,128,77,98,38,167,146,164,
machine4:0,6,162,54,152,13,25,60,44,104,122,17,85,67,106,97,40,66,134,93,26,76,20,41,109,71,16,48,149,78,155,102,172,87,23,52,173,170,161,160,68,55,3,19,21,80,119,39,166,150,136,138,5,4,124,127,120,144,108,99,101,179,35,10,18,84,74,131,116,132,27,153,115,79,154,58,156,89,75,169,143,159,90,107,148,151,95,12,142,31,141,163,30,177,139,135,9,53,100,171,50,56,130,178,34,117,83,51,147,29,118,61,158,105,123,69,112,64,24,133,91,114,65,157,1,32,121,57,22,81,2,140,72,46,36,180,176,7,59,49,94,128,77,98,174,45,38,167,146,164,63,8,111,14,168,62,126,
machine5:0,162,33,125,13,25,44,104,122,17,67,97,66,26,76,41,109,71,16,48,149,102,172,175,110,87,23,52,15,43,137,103,55,3,88,47,150,136,5,42,127,120,28,84,165,27,153,115,70,154,58,92,159,148,95,12,37,142,31,163,30,177,135,11,130,117,147,145,29,118,129,61,105,112,91,114,32,121,113,57,81,2,46,36,180,176,7,59,73,63,8,111,14,62,126,
machine6:0,162,54,33,152,125,13,25,44,104,122,17,85,67,106,97,40,66,134,26,76,41,109,71,16,48,149,78,102,172,175,110,87,23,52,86,15,173,43,137,170,160,103,55,3,19,88,47,119,39,166,150,136,138,5,42,124,127,120,144,28,179,35,18,84,96,74,131,165,116,132,27,153,115,70,79,154,58,156,89,169,92,159,90,148,95,12,37,142,31,163,30,177,135,9,53,11,100,171,50,56,130,178,117,83,51,147,82,145,29,118,129,61,105,69,112,64,24,133,91,114,65,157,32,121,113,57,22,81,2,46,36,180,176,7,59,73,128,77,174,45,38,167,63,8,111,14,168,62,126,
machine7:0,33,152,125,13,60,104,85,106,97,66,93,20,71,155,175,23,86,15,173,43,161,55,19,21,80,47,119,39,5,4,42,124,127,108,99,101,84,96,131,165,116,132,153,115,154,58,89,75,169,143,159,107,151,95,37,142,31,30,177,139,9,11,100,56,130,178,34,117,83,51,147,82,145,129,158,105,69,64,24,91,65,121,113,22,72,46,36,176,7,94,73,128,77,174,38,146,164,63,14,168,62,126,
machine8:0,6,162,33,152,125,13,60,44,104,85,106,97,66,93,20,41,71,48,149,78,155,172,175,110,23,52,86,15,173,43,137,170,161,160,68,103,55,3,19,21,88,80,47,119,39,166,136,5,4,42,124,127,120,144,108,99,28,101,35,10,18,84,96,74,131,165,116,132,27,153,115,70,154,58,156,89,75,169,143,92,159,90,107,151,95,12,37,142,31,141,30,177,139,135,9,11,100,171,50,56,130,178,34,117,83,51,147,82,145,29,118,129,158,105,123,69,64,24,133,91,114,65,157,1,32,121,113,57,22,81,2,140,72,46,36,180,176,7,59,49,94,73,128,77,98,174,45,38,167,146,164,63,111,14,168,62,126,

1to 1:
1to 2:144,155,72,98,161,79,150,76,158,151,40,68,34,67,93,101,157,118,3,21,173,39,24,61,55,167,104,108,169,139,153,20,51,65,69,89,106,
1to 3:111,27,172,28,19,26,179,162,148,87,8,42,134,70,109,17,92,84,168,82,90,44,116,131,18,71,102,180,127,2,166,15,97,32,135,136,5,170,62,77,36,23,12,7,
1to 4:174,145,6,137,110,86,96,146,113,142,11,165,103,117,141,38,99,88,31,74,85,133,73,4,35,45,75,164,49,176,64,95,129,41,94,91,177,154,46,80,59,119,114,29,178,120,
2to 1:174,6,48,27,122,146,148,16,25,8,109,30,17,140,31,138,149,81,78,112,90,44,133,123,35,45,2,22,66,135,41,152,177,46,59,13,114,36,52,120,
2to 2:
2to 3:54,53,100,142,132,124,117,67,126,163,74,58,85,83,147,24,55,128,169,153,64,95,159,154,51,119,65,29,106,115,
2to 4:155,10,111,72,98,143,172,107,1,158,151,162,68,57,156,63,50,131,18,71,39,127,60,171,139,166,97,32,9,136,160,170,130,14,56,77,105,12,89,121,
3to 1:145,144,54,37,53,79,33,150,76,40,142,11,124,117,43,57,38,63,163,157,50,118,3,173,61,128,104,176,64,9,129,91,160,154,14,29,178,105,
3to 2:174,111,172,19,26,122,179,87,16,25,134,156,84,31,138,149,112,116,131,18,102,45,180,171,166,41,136,177,46,59,130,56,77,23,12,120,7,121,
3to 3:
3to 4:47,48,175,28,125,100,132,70,30,168,81,126,78,58,83,147,24,2,55,22,167,66,135,159,152,5,51,13,62,52,69,115,
4to 1:47,10,175,143,107,161,1,19,125,100,162,132,42,34,92,156,84,126,93,82,58,101,116,21,71,83,180,147,127,60,167,108,169,171,15,97,32,153,159,20,170,130,56,65,69,23,7,106,121,115,
4to 2:48,27,124,141,38,30,140,99,168,81,78,74,90,85,44,123,4,75,164,22,49,128,66,176,95,94,91,152,5,80,13,119,62,36,52,178,
4to 3:144,137,110,86,37,33,96,113,165,103,43,57,88,63,149,157,133,73,50,118,35,3,173,39,104,9,160,14,114,105,89,
4to 4:

cell1:2,4,3,
cell2:1,4,3,
cell3:1,4,2,
cell4:3,1,2,
