machine1:0,22,81,90,6,30,132,171,8,9,127,13,162,138,54,107,37,7,125,40,149,167,109,134,150,82,91,67,104,61,20,15,147,102,180,79,64,101,170,32,88,163,55,166,80,155,21,46,39,135,87,59,36,110,179,144,10,4,83,137,108,35,86,176,18,96,116,68,92,28,156,103,154,50,114,89,118,169,133,70,148,1,56,131,69,65,141,157,123,139,178,75,51,2,129,158,29,112,100,24,74,53,73,72,34,27,49,94,98,45,140,164,128,63,62,14,
machine2:0,22,81,90,6,30,132,171,8,9,127,13,17,162,44,138,54,33,152,107,43,37,7,122,125,60,40,149,167,85,109,134,25,150,97,26,82,3,91,67,71,42,23,104,66,78,106,61,76,20,15,41,147,102,16,180,79,48,161,172,64,101,173,84,170,32,88,175,119,52,163,124,55,166,19,80,155,21,46,39,135,87,59,160,93,36,153,110,179,136,47,144,10,4,165,83,137,120,108,35,99,86,176,18,96,5,116,68,92,28,156,103,115,154,50,114,89,118,169,143,133,70,148,1,159,56,95,151,58,131,142,31,69,65,141,12,130,157,123,139,11,177,178,117,75,51,145,2,129,158,29,112,100,24,74,113,53,73,105,72,34,27,49,57,94,77,98,174,45,140,38,121,146,164,128,63,111,168,62,126,14,
machine3:0,81,90,6,171,9,17,162,138,54,152,122,60,40,149,167,85,109,134,25,26,3,71,23,66,78,61,76,41,102,16,180,79,48,161,101,84,170,32,52,163,80,155,39,87,59,160,93,179,10,4,83,120,108,99,5,116,68,156,115,114,89,118,169,143,133,148,1,159,95,151,142,31,65,141,130,157,123,139,177,178,51,2,29,24,74,53,105,72,27,49,77,98,140,38,121,146,164,128,
machine4:0,22,81,90,6,30,132,171,8,9,127,13,17,162,44,138,54,152,107,7,122,60,40,149,167,85,109,134,25,150,97,26,3,91,67,71,23,104,66,78,106,61,76,20,41,147,102,16,180,79,48,161,172,64,101,173,84,170,32,119,52,163,124,55,166,19,80,155,21,46,39,135,87,59,160,93,36,153,179,136,144,10,4,83,120,108,35,99,176,18,5,116,68,156,115,154,50,114,89,118,169,143,133,148,1,159,56,95,151,58,131,142,31,69,65,141,12,130,157,123,139,177,178,117,75,51,2,158,29,112,100,24,74,53,105,72,34,27,49,57,94,77,98,174,45,140,38,121,146,164,128,63,111,168,62,126,14,
machine5:0,81,30,8,127,13,17,162,44,33,43,37,7,122,125,149,109,25,150,97,26,3,91,67,71,42,23,104,66,61,76,15,41,147,102,16,180,48,172,84,32,88,175,52,163,55,46,135,87,59,36,153,110,136,47,165,137,120,176,5,92,28,103,115,154,114,118,70,148,159,95,58,142,31,12,130,11,177,117,145,2,129,29,112,113,73,105,27,57,121,63,111,62,126,14,
machine6:0,22,81,90,30,132,171,8,9,127,13,17,162,44,138,54,33,152,43,37,7,122,125,40,149,167,85,109,134,25,150,97,26,82,3,91,67,71,42,23,104,66,78,106,61,76,15,41,147,102,16,180,79,48,172,64,173,84,170,32,88,175,119,52,163,124,55,166,19,46,39,135,87,59,160,36,153,110,179,136,47,144,165,83,137,120,35,86,176,18,96,5,116,92,28,156,103,115,154,50,114,89,118,169,133,70,148,159,56,95,58,131,142,31,69,65,12,130,157,11,177,178,117,51,145,2,129,29,112,100,24,74,113,53,73,105,27,57,77,174,45,38,121,128,63,111,168,62,126,14,
machine7:0,22,30,132,9,127,13,33,152,107,43,37,7,125,60,85,97,82,91,71,42,23,104,66,106,20,15,147,161,64,101,173,84,175,119,124,55,19,80,155,21,46,39,93,36,153,47,4,165,83,108,99,86,176,96,5,116,115,154,89,169,143,159,56,95,151,58,131,142,31,69,65,130,139,11,177,178,117,75,51,145,129,158,100,24,113,73,105,72,34,94,77,174,38,121,146,164,128,63,168,62,126,14,
machine8:0,22,81,90,6,30,132,171,9,127,13,162,44,33,152,107,43,37,7,125,60,149,167,85,97,82,3,91,71,42,23,104,66,78,106,20,15,41,147,180,48,161,172,64,101,173,84,170,32,88,175,119,52,124,55,166,19,80,155,21,46,39,135,59,160,93,36,153,110,136,47,144,10,4,165,83,137,120,108,35,99,86,176,18,96,5,116,68,92,28,156,103,115,154,50,114,89,118,169,143,133,70,1,159,56,95,151,58,131,142,31,69,65,141,12,130,157,123,139,11,177,178,117,75,51,145,2,129,158,29,100,24,74,113,73,105,72,34,27,49,57,94,77,98,174,45,140,38,121,146,164,128,63,111,168,62,126,14,

1to 1:
1to 2:144,155,72,98,161,79,150,76,158,151,40,68,34,67,93,101,157,118,3,21,173,39,24,61,55,167,104,108,169,139,153,20,51,65,69,89,106,
1to 3:111,27,172,28,19,26,179,162,148,87,8,42,134,70,109,17,92,84,168,82,90,44,116,131,18,71,102,180,127,2,166,15,97,32,135,136,5,170,62,77,36,23,12,7,
1to 4:174,145,6,137,110,86,96,146,113,142,11,165,103,117,141,38,99,88,31,74,85,133,73,4,35,45,75,164,49,176,64,95,129,41,94,91,177,154,46,80,59,119,114,29,178,120,
2to 1:174,6,48,27,122,146,148,16,25,8,109,30,17,140,31,138,149,81,78,112,90,44,133,123,35,45,2,22,66,135,41,152,177,46,59,13,114,36,52,120,
2to 2:
2to 3:54,53,100,142,132,124,117,67,126,163,74,58,85,83,147,24,55,128,169,153,64,95,159,154,51,119,65,29,106,115,
2to 4:155,10,111,72,98,143,172,107,1,158,151,162,68,57,156,63,50,131,18,71,39,127,60,171,139,166,97,32,9,136,160,170,130,14,56,77,105,12,89,121,
3to 1:37,54,57,144,150,40,124,142,9,117,61,64,38,11,154,145,50,163,76,79,33,160,129,178,91,3,173,157,128,105,176,14,29,53,63,43,118,104,
3to 2:131,174,26,122,18,31,111,116,177,46,149,156,59,25,84,41,166,180,7,134,87,45,77,171,179,130,172,120,121,102,138,12,56,112,19,23,16,136,
3to 3:
3to 4:30,100,78,83,48,55,47,159,135,58,62,81,132,152,167,24,2,52,147,175,125,28,69,168,51,70,13,22,66,5,115,126,
4to 1:47,10,175,143,107,161,1,19,125,100,162,132,42,34,92,156,84,126,93,82,58,101,116,21,71,83,180,147,127,60,167,108,169,171,15,97,32,153,159,20,170,130,56,65,69,23,7,106,121,115,
4to 2:48,27,124,141,38,30,140,99,168,81,78,74,90,85,44,123,4,75,164,22,49,128,66,176,95,94,91,152,5,80,13,119,62,36,52,178,
4to 3:144,137,110,86,37,33,96,113,165,103,43,57,88,63,149,157,133,73,50,118,35,3,173,39,104,9,160,14,114,105,89,
4to 4:

cell1:2,4,3,
cell2:1,4,3,
cell3:4,2,1,
cell4:3,1,2,
