machine1:0,77,96,85,68,110,104,64,15,50,9,63,17,55,67,66,39,123,106,57,20,47,25,53,5,89,32,11,93,3,76,1,113,4,111,14,78,92,58,18,90,21,127,48,97,8,34,26,10,83,45,43,79,60,56,75,35,61,109,86,91,42,98,120,107,65,29,19,
machine2:0,85,74,84,68,72,59,104,15,119,50,67,39,54,121,123,116,106,57,47,25,53,89,12,32,11,30,1,31,23,113,44,4,111,78,92,115,58,36,130,21,100,48,2,33,97,46,49,13,8,10,124,114,71,102,6,122,81,22,125,128,60,73,56,101,75,35,86,42,98,118,120,105,107,80,
machine3:0,126,104,7,64,119,17,67,39,54,116,24,57,53,11,93,23,108,44,111,58,18,21,100,127,48,2,33,97,49,34,124,114,71,95,6,45,81,125,128,60,73,56,101,69,61,86,98,120,107,19,
machine4:0,37,16,74,68,110,72,59,129,38,15,9,63,40,66,54,123,116,103,27,106,20,47,112,53,41,89,12,11,30,3,76,1,31,23,4,14,78,92,58,18,90,127,48,26,124,114,102,95,122,45,81,22,43,82,79,60,52,35,61,91,118,105,29,
machine5:0,77,51,96,99,84,110,59,126,104,87,50,40,17,55,67,70,39,121,123,24,103,62,57,47,25,53,41,12,32,11,93,3,108,28,113,44,14,92,115,18,90,130,21,48,2,33,46,49,8,26,10,83,6,122,45,79,128,73,56,52,101,69,61,86,42,98,105,80,29,19,
machine6:0,51,84,68,72,104,7,64,38,9,63,17,54,121,62,106,57,47,25,53,41,12,32,11,93,1,108,44,14,78,92,90,36,21,100,48,97,46,49,13,26,102,95,83,6,122,22,128,60,101,61,109,86,120,107,29,
machine7:0,77,117,85,16,72,126,94,50,9,17,54,121,123,24,103,106,47,25,53,5,12,93,31,23,108,113,44,92,18,36,130,21,100,48,2,33,97,8,10,124,71,102,122,45,81,82,128,69,35,86,91,42,98,120,107,80,19,
machine8:0,51,117,85,16,84,110,59,126,94,63,40,67,70,39,54,116,24,103,27,57,112,5,41,12,30,3,31,108,111,14,92,90,2,46,49,26,114,102,95,122,81,43,79,128,56,75,35,109,42,118,107,65,29,19,
machine9:0,99,110,72,88,104,38,87,17,39,116,24,103,62,106,57,20,25,53,5,11,1,108,44,4,78,58,18,130,127,48,97,46,8,34,124,71,102,83,122,45,43,79,128,75,61,109,91,42,105,107,29,19,
machine10:0,51,68,72,7,87,119,40,66,54,123,20,112,53,41,89,12,32,11,93,3,108,113,44,111,78,58,130,48,33,8,34,26,10,124,71,83,122,45,22,82,125,128,60,56,101,35,109,98,80,19,
machine11:0,37,96,99,84,110,72,88,38,87,63,17,39,54,121,116,103,27,57,20,47,112,41,89,12,32,11,3,76,1,31,108,113,44,92,115,58,18,90,21,100,127,2,33,46,49,8,34,114,71,102,122,81,22,82,60,56,52,101,75,61,91,42,65,29,
machine12:0,37,77,96,99,117,16,74,59,126,129,104,50,9,63,17,70,54,121,116,27,20,47,25,112,5,89,12,32,93,30,1,31,108,28,113,44,4,18,130,21,127,48,33,97,46,8,34,10,114,71,102,6,45,81,43,79,128,60,56,101,69,61,109,91,42,118,105,80,29,19,
machine13:0,77,51,117,85,16,72,88,87,15,63,40,17,55,70,39,54,121,116,24,103,62,27,57,47,25,112,53,5,41,12,11,93,76,31,108,113,111,78,92,115,18,130,21,127,48,33,46,13,10,114,102,95,83,6,122,128,56,101,35,61,86,91,42,98,118,105,65,
machine14:0,77,96,68,72,59,88,7,38,87,119,50,9,40,55,67,70,54,121,24,103,62,106,57,20,25,53,5,41,12,32,11,93,3,31,108,28,113,4,111,92,18,90,21,100,127,48,46,49,34,26,10,124,114,71,83,6,122,45,81,22,43,82,79,73,101,75,109,98,120,107,80,19,
machine15:0,96,117,85,74,84,110,72,59,126,94,129,64,38,119,40,66,54,123,24,62,27,106,57,47,112,53,5,89,12,32,11,93,30,3,23,108,113,44,4,111,78,92,115,58,36,130,100,127,48,2,33,46,49,8,34,10,114,102,95,83,122,45,81,43,82,125,56,52,101,75,61,109,86,91,42,105,80,65,29,19,
machine16:0,77,51,99,85,16,74,110,72,59,126,94,129,7,64,38,87,15,119,50,63,55,67,70,66,39,54,121,123,116,103,62,27,106,57,20,25,112,53,5,89,12,32,11,30,3,76,1,31,23,108,28,113,44,4,14,78,92,115,58,18,90,36,130,21,100,127,48,2,33,97,46,49,13,8,34,26,10,124,114,71,102,95,83,6,122,45,81,43,82,79,125,128,60,73,56,52,101,69,35,61,109,86,91,42,118,120,105,107,80,65,29,19,
machine17:0,37,51,99,117,85,16,74,84,68,110,126,88,38,87,15,119,63,40,17,55,67,70,66,39,54,121,116,24,103,27,106,57,20,47,25,112,53,5,41,89,12,32,11,93,3,76,1,31,108,28,113,44,4,111,14,78,92,115,58,18,90,130,21,100,127,48,2,33,97,46,49,13,8,34,26,10,124,114,71,102,95,83,122,45,81,22,43,82,79,125,128,60,73,56,52,101,75,69,35,61,109,86,91,42,98,118,107,80,65,19,
machine18:0,51,117,16,84,110,72,59,94,129,7,38,15,119,50,9,40,55,70,123,116,24,103,27,47,25,112,53,5,12,11,93,30,3,76,1,31,108,113,44,111,78,92,58,18,90,36,130,21,127,48,2,13,8,34,10,124,114,71,102,95,83,122,45,81,43,82,125,128,60,52,101,75,69,35,61,86,91,98,120,107,80,29,19,
machine19:0,77,96,99,117,85,16,68,110,72,94,38,15,50,63,40,55,67,66,121,116,24,103,62,106,57,20,47,25,112,53,41,32,93,3,31,108,28,44,4,111,92,58,18,90,130,21,100,48,2,33,49,10,124,114,71,95,83,6,122,45,22,82,79,125,60,56,101,75,69,35,61,109,91,42,98,105,107,80,65,19,
machine20:0,51,99,117,85,110,72,59,94,88,7,87,15,119,9,17,55,67,70,66,39,54,116,24,103,62,27,106,20,47,25,112,53,41,12,11,93,30,1,31,23,108,28,113,44,4,111,14,78,92,58,18,90,130,100,48,2,33,97,46,49,13,34,10,124,114,71,102,83,6,122,43,82,79,128,60,73,56,101,61,109,86,42,120,105,107,80,65,29,19,
machine21:0,99,117,16,74,68,59,94,88,104,7,87,15,119,50,9,63,40,17,67,70,66,39,54,121,123,116,24,103,62,27,106,20,47,25,112,53,5,41,89,12,32,11,93,3,76,31,23,108,28,113,44,4,111,14,78,92,115,18,90,21,100,127,48,33,97,46,49,13,8,34,26,10,114,71,102,83,6,45,81,22,82,79,125,128,60,73,56,101,69,35,61,109,86,91,42,120,107,80,65,29,19,
machine22:0,37,99,117,16,74,84,68,110,72,59,126,94,129,88,64,50,63,40,17,67,70,66,54,121,123,116,24,103,62,106,57,20,47,25,112,53,89,12,32,11,93,30,3,76,1,31,108,28,113,111,14,78,92,115,58,18,90,36,130,21,100,127,48,2,33,97,49,8,34,26,124,71,102,95,83,6,122,45,81,43,82,79,125,128,60,56,52,101,75,35,61,109,86,91,42,98,118,120,105,107,80,29,19,
machine23:0,77,99,84,110,72,59,7,64,15,9,63,40,67,70,54,103,62,27,20,47,25,112,53,5,89,12,32,11,3,76,1,108,28,113,44,111,78,92,58,90,36,130,21,100,127,48,2,33,97,49,8,34,124,71,102,83,6,122,45,82,79,125,128,60,56,101,69,35,61,109,86,91,42,98,118,120,105,107,80,65,29,19,
machine24:0,96,74,84,110,72,94,88,38,119,17,67,70,39,54,24,103,62,106,57,20,47,25,112,53,89,32,11,93,30,3,1,31,23,108,28,113,4,111,14,78,92,58,18,90,36,130,21,100,127,48,2,33,46,49,13,8,26,10,124,114,71,102,122,45,22,43,82,125,128,60,52,101,35,61,109,86,91,42,98,120,105,65,29,19,
machine25:0,51,117,85,16,74,68,72,59,94,104,64,38,15,119,50,9,63,67,121,123,24,103,27,106,57,20,47,25,112,53,5,89,12,32,11,93,30,3,76,31,23,108,113,44,4,111,14,78,92,58,18,130,21,127,48,2,33,97,8,124,114,71,102,95,83,6,122,45,81,22,43,82,79,125,73,56,52,101,75,69,35,61,91,42,98,120,105,107,80,65,29,19,
machine26:0,77,51,99,117,16,74,84,68,72,59,94,129,104,64,38,87,119,50,63,40,17,55,67,70,66,39,54,121,116,103,62,106,20,47,25,112,5,41,89,12,32,11,93,30,3,76,1,31,23,108,28,113,44,4,111,14,78,92,115,58,18,90,36,130,21,100,127,48,2,33,97,46,49,13,8,34,26,10,124,114,71,102,83,6,122,45,81,22,43,82,79,128,60,73,101,75,35,61,109,86,91,42,98,118,120,105,107,80,65,29,19,
machine27:0,37,16,74,68,72,59,126,94,88,104,64,38,87,15,119,50,9,63,40,17,67,70,66,39,123,116,24,103,62,27,106,57,20,47,25,112,53,5,89,12,11,93,1,31,23,108,113,44,4,111,14,78,92,58,18,90,130,21,100,127,48,2,33,97,46,49,13,8,34,26,124,114,71,102,95,83,6,122,45,81,82,79,125,128,60,73,56,52,75,69,35,61,109,91,42,98,120,105,107,80,65,29,
machine28:0,37,77,96,99,117,74,110,72,59,104,7,64,38,15,119,50,9,63,40,17,67,70,66,39,54,121,123,116,24,103,62,106,57,20,47,25,112,53,5,41,89,12,11,93,3,76,1,23,108,113,44,4,111,14,78,92,115,18,90,36,130,21,100,127,48,2,33,97,46,49,8,34,26,10,114,71,102,95,83,6,122,45,81,22,82,79,125,60,73,56,52,101,75,35,61,109,86,91,42,98,105,107,80,65,29,19,
machine29:0,37,51,117,85,16,84,110,72,59,94,129,88,104,7,64,38,87,15,119,50,9,63,40,17,55,67,66,39,54,123,116,24,103,62,106,57,20,47,25,112,53,41,89,12,32,3,1,31,108,28,113,44,111,14,92,18,90,36,130,21,100,127,48,33,97,46,49,13,8,34,26,10,124,71,102,83,6,122,45,81,79,128,60,56,101,75,69,35,61,109,86,91,42,98,118,105,107,80,29,19,
machine30:0,37,99,117,85,16,68,110,72,129,88,104,64,38,87,15,50,9,40,17,70,39,54,121,123,116,24,103,62,27,106,57,20,25,53,41,89,12,11,93,3,76,31,108,113,44,4,111,78,92,18,130,21,100,127,97,46,49,8,34,114,71,102,83,6,45,81,22,43,82,79,125,60,101,69,61,86,91,42,98,118,120,105,107,80,65,19,
machine31:0,99,16,74,68,110,72,59,129,88,7,38,87,15,119,50,63,17,67,70,39,121,123,116,24,103,62,27,106,57,20,112,53,5,41,89,12,11,93,30,3,1,31,108,28,113,44,4,14,92,58,18,90,130,21,100,127,48,33,97,49,34,26,10,124,114,71,102,6,122,45,81,43,82,79,125,128,60,56,52,101,75,61,109,91,42,118,120,80,29,19,
machine32:0,77,51,96,117,74,84,110,59,126,94,129,104,38,15,63,17,67,70,66,39,54,123,116,24,62,27,106,57,20,47,25,112,53,5,41,89,12,32,11,93,1,23,113,44,4,111,14,78,92,115,58,18,130,21,100,127,2,49,13,34,26,10,124,114,71,102,95,83,81,43,82,79,125,60,73,56,101,61,109,86,91,42,98,118,120,107,65,29,19,

1to 1:
1to 2:1,2,3,4,5,6,8,10,21,24,25,26,32,33,34,40,44,45,48,49,50,51,58,60,64,66,67,75,76,78,80,81,82,86,87,89,90,96,97,98,101,103,105,106,107,110,114,120,121,122,123,124,127,128,130,52,102,92,14,12,72,11,85,126,95,57,18,9,41,22,30,42,35,54,112,29,61,111,19,53,
1to 3:4,10,13,17,19,21,23,24,25,31,33,34,35,36,39,42,44,45,46,47,48,52,53,56,58,59,60,61,68,74,77,80,81,83,84,86,87,89,92,96,97,98,100,104,105,106,107,114,115,121,122,123,124,127,128,130,57,85,113,64,65,11,41,49,26,43,12,119,66,9,72,118,3,112,18,
1to 4:3,4,5,10,12,19,20,21,25,29,31,32,38,39,42,45,46,48,49,51,53,54,55,57,58,59,60,66,68,73,74,76,77,79,80,81,82,86,89,90,92,95,98,100,103,105,108,110,114,115,119,122,123,124,126,127,128,33,35,101,125,69,99,85,26,17,14,43,27,18,6,67,113,65,62,
1to 5:5,6,8,10,12,15,19,23,24,25,29,30,31,32,33,35,38,39,40,43,44,45,47,48,55,56,57,58,59,60,67,68,69,73,75,76,82,84,90,91,103,105,106,107,110,114,116,120,122,124,128,85,62,95,119,98,99,78,3,72,111,97,86,113,83,125,71,108,53,92,101,61,112,
1to 6:2,3,4,10,11,18,19,20,21,24,25,32,33,37,40,42,45,46,47,48,50,52,53,54,56,57,58,59,60,61,63,64,66,68,69,73,74,75,76,80,82,84,87,89,92,93,95,97,100,103,105,107,110,115,116,119,120,121,122,123,124,127,128,130,43,113,99,14,12,9,108,6,17,71,79,78,67,72,101,65,86,90,49,
1to 7:1,2,4,6,10,12,13,15,19,21,24,26,29,30,31,32,34,38,39,44,48,51,52,54,57,58,59,67,68,70,73,74,75,77,79,83,86,89,90,98,102,104,105,106,107,110,113,120,122,123,124,127,130,53,97,108,43,69,64,22,85,125,18,3,119,9,27,71,78,45,11,42,92,
1to 8:1,2,3,4,5,6,10,12,13,15,23,25,28,31,32,34,35,38,39,41,44,46,47,48,50,51,54,59,61,68,69,71,73,75,79,81,83,89,91,92,95,97,98,103,104,105,106,107,113,114,116,119,120,121,122,123,124,127,128,130,62,84,101,64,29,26,111,22,17,66,45,27,72,108,49,65,78,67,90,21,53,11,
1to 9:1,2,3,5,6,11,12,14,15,18,19,22,29,34,37,42,44,45,47,48,50,53,54,55,56,59,60,69,71,74,75,77,78,79,86,89,90,92,93,96,98,100,103,104,105,106,110,119,121,122,123,124,130,101,26,33,99,64,41,57,107,125,17,112,67,111,61,
1to 10:1,8,9,10,15,18,21,24,25,28,29,34,38,39,43,44,45,47,48,49,50,51,54,56,58,61,68,70,73,75,76,81,84,85,86,87,90,91,92,93,98,100,103,104,107,110,114,116,120,123,124,127,129,130,7,79,99,125,118,101,64,12,4,19,14,41,53,17,97,57,82,11,113,3,78,60,
2to 1:3,4,5,11,12,17,19,21,24,26,31,32,34,35,36,37,38,39,41,42,45,50,51,53,54,56,57,58,63,67,68,71,75,79,82,83,86,90,91,92,93,95,97,100,102,103,105,106,107,108,110,111,113,116,121,123,124,127,128,130,85,119,98,84,89,30,47,8,2,29,87,72,48,60,1,78,44,114,61,122,
2to 2:
2to 3:1,3,4,5,9,10,11,17,18,19,21,24,27,31,34,35,38,43,44,53,56,57,58,59,60,61,63,66,67,71,75,80,82,83,91,92,98,100,102,103,104,106,107,108,109,112,116,117,121,128,130,126,6,95,47,124,113,25,118,81,77,32,119,93,127,94,39,33,30,42,72,46,48,78,45,29,114,8,101,54,12,111,
2to 4:1,3,10,11,12,14,18,20,21,25,26,27,31,34,35,41,42,46,47,50,51,54,56,57,58,59,63,64,67,68,71,79,82,83,84,86,87,90,91,99,103,105,107,108,110,111,112,113,114,115,121,123,124,130,45,8,49,48,118,52,119,2,13,77,81,101,100,102,30,94,16,106,95,29,109,44,72,39,32,122,78,6,19,53,92,33,60,61,
2to 5:1,4,5,7,9,11,18,21,22,24,29,31,32,34,35,36,38,40,41,43,44,45,49,50,56,58,59,60,61,63,65,66,67,75,78,79,80,81,82,85,88,90,98,99,100,102,103,105,107,108,109,110,111,113,114,120,121,125,127,128,16,25,83,54,14,122,72,48,119,94,93,2,47,106,42,91,3,12,71,92,53,112,19,101,
2to 6:1,3,5,10,12,14,18,19,20,22,24,26,31,35,37,39,41,43,46,49,50,53,54,56,57,58,59,67,79,80,82,86,87,88,90,91,93,97,99,100,103,106,108,110,111,112,116,117,120,121,123,124,125,128,130,69,95,11,119,60,32,40,102,63,16,101,109,42,89,6,81,61,92,17,33,48,29,114,
2to 7:3,4,5,7,8,9,11,12,24,26,27,31,33,34,35,36,38,42,49,50,54,56,58,59,61,62,63,65,70,78,82,83,86,90,91,93,100,103,108,109,110,111,114,120,121,123,124,125,130,97,29,44,84,112,98,25,104,99,45,48,14,128,46,30,113,106,118,32,89,127,92,72,122,101,47,53,102,19,18,71,
2to 8:2,3,4,5,8,9,14,16,17,20,24,26,27,29,31,33,34,36,38,41,44,45,47,50,51,56,57,58,62,63,64,65,66,67,75,78,79,81,83,87,88,90,91,92,93,97,100,107,108,111,113,114,116,120,123,130,35,48,99,69,98,101,104,30,121,61,112,84,46,94,23,6,118,128,72,21,60,12,39,42,109,127,102,25,1,49,71,122,
2to 9:2,3,7,9,10,14,17,19,21,34,36,37,41,46,50,54,57,60,63,64,67,72,75,76,80,81,82,88,90,93,102,103,105,108,110,116,123,127,130,98,49,44,112,87,100,39,89,48,124,114,71,8,77,104,84,42,53,128,32,111,95,11,22,12,113,78,45,6,92,109,1,106,91,33,47,83,61,29,
2to 10:3,4,12,14,17,18,19,24,26,32,34,38,39,41,43,47,48,49,50,51,57,60,62,63,65,70,72,75,79,80,82,86,87,88,90,91,93,98,103,104,107,110,111,112,118,120,121,123,124,128,130,46,85,84,81,44,89,99,16,54,100,58,61,92,20,101,45,102,127,53,78,106,97,11,42,1,71,114,29,
3to 1:1,2,3,4,5,8,10,12,15,19,21,25,26,30,35,37,42,43,45,47,48,49,59,60,61,69,70,72,73,74,75,78,82,83,86,91,92,93,95,96,97,98,101,104,105,107,109,111,119,122,123,124,125,127,81,118,90,57,50,108,51,121,6,38,29,32,11,128,33,76,79,53,54,114,56,44,18,
3to 2:1,2,5,10,11,19,21,22,25,26,27,33,34,35,38,40,42,45,47,48,49,52,56,58,60,61,62,67,68,69,70,72,75,78,82,85,86,87,92,93,101,102,106,122,127,109,117,126,54,88,89,24,83,65,46,81,110,90,128,108,111,113,63,32,57,130,100,44,79,71,29,53,12,114,18,
3to 3:
3to 4:3,4,6,8,10,13,16,19,20,21,25,31,33,34,35,42,43,45,53,54,56,58,62,67,69,72,73,74,78,80,81,82,83,88,89,91,92,93,99,102,103,105,106,109,112,113,118,122,124,125,130,117,55,127,41,110,51,29,87,28,71,70,128,121,79,24,76,57,27,5,46,116,18,32,101,114,108,12,11,
3to 5:2,4,5,6,8,10,12,13,15,16,19,21,25,27,30,31,32,33,35,40,42,43,45,47,48,49,54,57,59,62,67,69,70,71,72,78,79,80,81,82,85,86,91,92,96,98,99,101,103,106,108,109,111,113,117,119,120,128,112,90,46,18,41,77,100,65,50,110,94,55,95,53,93,24,56,130,114,29,121,105,83,11,44,102,
3to 6:3,4,5,6,10,11,12,13,16,17,20,21,25,33,34,37,40,42,43,44,48,49,53,58,59,61,70,73,74,80,81,82,87,92,97,99,100,102,103,104,105,106,109,112,113,120,122,123,124,125,127,32,24,57,56,41,115,50,95,65,121,88,116,46,90,94,63,108,54,114,31,83,79,47,101,18,
3to 7:1,3,5,6,9,10,11,15,17,21,25,29,30,32,34,44,45,48,49,54,56,58,59,60,67,68,71,72,74,77,80,82,86,89,91,92,93,98,101,103,106,109,112,117,120,122,123,124,38,65,27,111,33,50,128,94,16,24,105,70,35,4,42,113,47,127,114,62,12,53,18,
3to 8:1,2,4,5,6,8,10,15,18,19,20,21,26,27,28,31,34,45,48,53,59,60,61,68,72,74,80,81,82,84,86,87,91,92,93,97,98,101,102,103,105,106,108,109,112,114,117,119,120,122,123,127,51,25,100,88,36,32,47,46,83,77,121,65,57,70,62,111,29,129,126,95,17,54,24,38,128,44,35,56,33,42,12,79,
3to 9:6,8,10,11,13,15,17,19,21,26,29,33,34,37,44,45,48,53,54,59,60,61,67,72,75,80,81,86,87,89,96,98,99,102,103,104,105,106,108,109,117,119,124,127,41,5,118,12,83,46,77,88,57,111,55,112,94,114,24,130,4,47,100,56,116,101,18,
3to 10:2,4,6,9,10,12,13,15,20,21,26,28,29,31,33,34,38,43,44,45,47,48,49,58,59,61,62,67,68,71,72,73,74,78,79,80,89,92,97,98,99,101,102,103,106,109,113,117,120,121,123,125,129,88,50,56,81,110,65,8,17,27,16,42,51,118,127,24,41,94,11,57,53,18,25,
4to 1:1,3,4,5,6,12,13,15,16,18,21,23,26,28,29,30,32,33,34,35,37,39,42,46,47,49,51,52,53,54,58,63,66,67,71,73,76,78,79,81,83,84,91,92,95,98,102,106,110,111,113,114,115,118,119,120,122,123,125,130,41,116,17,64,101,90,45,68,55,74,86,56,126,43,57,107,31,124,108,20,11,25,127,60,61,48,
4to 2:1,3,4,8,10,12,13,16,18,20,22,23,24,25,26,32,34,35,38,39,42,44,46,48,49,51,54,56,57,58,61,63,66,67,71,72,76,78,80,82,83,85,86,90,92,93,94,95,98,99,100,101,106,108,109,113,114,117,124,87,103,130,97,128,41,31,107,102,123,29,17,116,45,53,21,75,19,60,33,122,
4to 3:4,5,6,8,16,18,20,27,28,32,33,35,38,42,47,49,57,58,63,65,66,67,69,71,72,73,78,80,82,85,89,92,93,95,98,103,108,109,112,113,114,119,122,125,90,102,25,68,75,121,55,70,61,44,128,115,13,74,34,130,76,21,81,91,127,11,83,48,101,53,56,
4to 4:
4to 5:4,6,10,11,15,16,18,19,24,25,28,30,35,38,39,42,43,45,47,49,52,53,57,60,62,63,67,69,71,73,76,78,81,83,85,86,92,93,94,95,98,99,100,106,108,109,112,113,114,119,123,124,125,127,68,75,116,107,82,40,110,5,13,70,87,91,130,31,41,66,55,20,102,103,80,90,97,128,1,65,44,8,61,56,29,101,122,
4to 6:5,6,8,12,13,14,15,16,18,20,24,26,27,32,33,34,35,37,39,40,42,46,49,54,58,59,60,61,66,67,69,73,79,80,81,83,92,93,94,99,100,101,102,107,108,109,112,114,115,119,122,127,31,130,123,116,68,124,106,70,2,74,25,117,76,82,103,48,113,17,10,57,86,1,53,90,56,
4to 7:3,4,11,12,18,23,26,29,30,32,33,34,35,39,42,46,47,49,51,52,53,54,56,58,59,62,63,69,70,71,72,73,74,80,84,85,86,89,92,93,94,99,105,106,113,114,122,123,124,125,127,128,5,65,13,61,31,83,82,19,130,90,121,2,108,60,45,101,20,91,17,21,67,102,25,48,
4to 8:1,3,8,10,16,18,19,24,25,26,32,33,35,39,42,44,46,48,49,50,51,52,53,54,56,58,59,63,66,67,69,71,72,73,78,79,81,84,89,90,92,97,98,99,100,107,108,114,115,119,123,124,125,5,122,130,13,102,82,80,28,128,74,61,55,65,113,34,75,87,70,45,20,121,109,103,127,31,106,91,86,83,60,
4to 9:3,4,6,12,15,16,19,21,25,26,33,34,37,39,42,47,53,54,56,59,71,73,74,82,84,89,91,92,94,99,100,102,109,112,113,114,118,119,125,129,123,90,20,110,81,55,86,67,10,48,75,45,70,130,103,76,57,97,106,107,127,49,60,29,1,101,61,122,
4to 10:3,4,6,7,8,12,15,16,18,23,24,26,32,33,39,42,43,46,49,50,51,53,56,58,59,60,62,63,67,69,71,72,76,78,79,80,84,89,93,94,99,100,106,109,113,114,115,116,118,120,122,123,125,129,130,25,28,124,21,45,74,68,70,34,41,91,17,61,110,97,101,57,5,87,102,19,11,121,81,1,103,127,20,29,65,82,108,31,
5to 1:1,2,4,6,7,10,11,12,14,15,18,22,25,29,30,31,32,33,35,40,41,42,47,48,49,51,52,58,60,61,69,70,71,73,75,77,78,79,80,85,86,87,91,92,98,101,103,106,110,111,113,114,119,120,124,125,127,128,130,16,53,90,55,96,21,68,82,23,66,38,54,107,122,44,112,93,19,
5to 2:3,7,10,12,14,16,18,19,24,29,31,35,41,42,43,45,47,51,57,58,62,65,66,69,70,71,72,77,85,92,99,101,103,106,107,108,109,110,112,114,116,117,120,123,124,128,130,1,40,96,13,25,44,60,50,2,90,98,48,38,6,83,122,54,127,49,78,82,93,53,102,111,
5to 3:1,4,5,6,7,10,11,13,15,16,18,24,25,27,29,34,35,36,43,45,46,47,57,58,59,60,62,65,67,72,77,78,80,82,88,92,94,95,106,107,108,111,114,117,124,125,127,128,96,83,102,38,50,68,91,31,23,54,105,101,53,40,112,48,93,71,103,44,56,122,
5to 4:3,4,5,7,10,12,14,15,16,19,20,24,25,27,28,29,32,38,41,42,44,45,49,51,55,57,58,59,61,62,69,70,79,80,82,86,93,94,95,98,99,101,102,105,106,107,109,110,114,117,122,125,127,129,68,71,83,103,112,75,54,90,53,40,66,67,34,91,60,48,92,
5to 5:
5to 6:1,2,4,6,12,18,19,20,24,29,31,32,33,41,43,44,47,50,54,56,60,61,62,63,67,69,71,72,73,78,79,80,83,86,88,94,95,97,105,106,107,109,110,111,114,117,120,123,124,125,130,16,102,25,82,21,53,108,127,59,90,66,122,116,75,48,103,93,91,112,92,
5to 7:2,4,5,6,7,10,12,13,17,18,24,25,27,29,32,35,42,46,47,49,58,60,61,69,71,73,75,77,78,79,80,83,86,94,97,99,100,101,102,105,106,107,108,110,111,112,113,114,117,122,127,90,93,98,68,95,38,59,62,67,21,82,15,70,34,48,40,3,130,31,91,103,19,65,1,92,
5to 8:1,4,10,12,13,14,18,19,20,24,25,27,28,29,32,35,40,41,42,43,44,45,46,47,50,51,54,55,58,61,65,66,69,70,71,72,73,78,80,82,83,84,90,92,93,94,99,100,103,105,106,107,108,109,111,112,114,116,117,119,120,121,122,127,128,129,130,59,62,8,68,98,16,91,31,48,15,2,67,38,101,
5to 9:1,3,4,5,7,10,12,14,15,16,21,24,25,29,41,42,47,50,53,55,61,65,69,71,72,76,77,78,80,82,87,91,92,94,97,98,101,103,105,106,107,108,109,110,111,114,117,119,123,124,129,130,96,75,31,38,59,2,66,95,86,67,48,20,83,56,90,19,127,93,112,
5to 10:2,3,4,5,7,9,10,11,12,14,15,17,18,19,22,24,25,28,29,30,39,41,42,43,44,45,46,47,48,51,58,60,61,71,72,75,77,78,80,82,85,86,92,94,97,98,99,100,101,103,105,106,107,109,111,112,114,116,117,120,124,125,129,130,62,70,59,90,68,93,95,110,67,66,56,20,40,34,31,49,122,127,83,91,53,65,
6to 1:2,3,6,8,10,11,14,16,17,18,21,23,26,29,33,34,35,39,40,41,43,44,45,47,48,50,53,56,57,58,60,61,66,67,68,70,73,75,76,78,82,83,89,90,93,95,98,100,103,105,106,107,111,116,119,121,122,123,124,127,125,12,20,92,113,46,115,74,32,86,24,31,30,59,22,25,120,42,97,49,54,79,63,19,
6to 2:2,4,5,6,10,12,13,14,18,19,21,25,29,33,34,35,40,41,43,47,50,52,53,56,57,58,60,62,63,66,67,70,72,75,78,83,87,88,89,90,91,97,99,100,102,103,105,106,109,111,114,115,116,117,120,122,123,124,125,130,80,64,82,59,32,65,45,31,113,24,42,54,48,17,20,93,46,92,128,108,71,3,1,101,49,
6to 3:1,3,4,5,6,8,9,13,17,18,19,21,24,25,29,33,34,35,39,40,42,43,47,48,49,53,56,57,58,59,60,62,65,66,67,68,73,74,75,76,78,81,83,86,88,89,91,94,95,100,101,102,105,111,112,113,114,115,116,121,123,127,130,80,109,54,70,108,32,63,12,10,45,103,82,31,92,79,
6to 4:4,5,6,8,11,14,15,16,17,18,19,21,24,25,28,33,34,35,39,42,43,47,48,50,53,58,60,62,66,67,68,73,76,79,80,82,87,88,89,90,92,93,94,97,98,99,100,101,103,105,106,107,109,112,114,116,121,122,124,126,128,31,45,63,125,1,123,115,74,70,56,108,130,3,32,49,102,54,113,78,86,12,61,
6to 5:2,3,11,16,17,19,23,24,33,40,41,43,44,47,48,53,56,58,60,62,67,70,72,73,78,82,83,86,88,90,91,92,93,94,97,99,100,101,102,103,106,107,108,109,111,112,113,114,116,117,120,121,122,124,6,125,105,15,71,80,59,20,65,10,32,42,31,12,1,127,79,49,
6to 6:
6to 7:2,4,9,11,12,13,14,18,19,21,26,29,33,34,35,39,42,47,48,49,53,57,59,60,62,67,68,82,83,89,90,91,92,94,95,97,99,100,101,102,105,106,109,111,113,117,121,122,124,127,130,125,80,6,54,24,3,46,120,31,71,128,56,17,20,25,32,63,10,30,93,65,108,79,
6to 8:2,3,8,13,15,16,17,18,24,25,29,34,35,39,42,47,50,53,58,59,61,62,65,66,67,68,70,72,73,74,75,78,79,80,82,83,84,87,88,89,90,92,97,99,100,101,105,107,109,111,113,114,116,117,119,121,122,123,124,127,129,130,64,103,46,63,10,120,54,6,45,102,93,20,112,31,108,12,71,
6to 9:2,4,8,10,14,17,19,21,26,29,33,34,35,40,46,47,48,50,53,57,60,61,63,67,73,75,76,81,86,87,88,89,90,95,97,98,99,100,103,105,106,107,108,111,112,116,119,122,123,124,127,130,64,20,115,6,109,125,102,82,54,65,79,24,59,49,3,25,71,92,1,56,80,
6to 10:2,4,6,7,12,14,16,18,19,21,26,29,33,34,39,41,42,43,47,48,53,54,57,58,59,60,61,62,65,67,68,72,74,75,80,81,82,86,87,88,90,92,95,97,98,99,100,101,106,110,114,116,117,118,120,121,124,127,129,22,20,104,17,102,63,123,108,1,24,3,46,10,32,113,79,49,71,93,
7to 1:2,4,6,7,8,10,12,17,18,24,25,29,32,34,35,44,47,49,53,54,58,61,62,67,71,72,74,75,78,79,80,84,86,89,90,91,92,93,96,97,98,101,103,104,106,108,111,114,118,121,124,130,65,27,68,59,128,43,21,119,122,48,120,23,45,113,19,125,3,11,105,60,39,5,56,
7to 2:1,2,3,4,5,6,7,8,12,16,19,21,22,24,25,29,35,36,39,44,47,49,50,52,54,56,57,58,63,64,65,67,71,72,78,81,82,83,85,88,90,91,92,93,98,99,100,101,102,105,106,107,109,111,112,113,114,119,122,130,68,128,124,103,14,32,27,108,17,9,33,11,120,34,61,48,
7to 3:4,5,7,8,9,17,19,24,25,26,31,32,33,42,44,46,47,48,49,54,57,58,61,67,72,76,78,84,89,91,93,94,98,101,102,103,105,106,108,109,111,112,113,114,117,128,130,36,18,59,125,29,69,60,104,45,127,34,71,21,92,30,62,80,53,56,122,
7to 4:4,5,7,8,12,13,19,20,24,25,26,28,29,31,32,33,34,35,39,44,47,49,53,58,61,67,69,70,71,72,74,78,79,80,82,86,91,92,93,94,97,98,99,100,101,102,107,109,112,119,122,123,124,128,130,21,38,105,43,11,30,15,42,125,1,56,2,113,108,18,60,90,127,
7to 5:2,6,10,12,13,15,18,19,21,22,24,25,31,35,42,47,54,56,67,71,77,78,82,84,85,90,91,92,93,94,96,99,101,102,106,109,111,113,114,120,125,127,128,130,38,68,62,119,108,105,69,43,107,30,53,60,27,103,1,39,80,45,122,124,17,48,65,33,29,61,
7to 6:1,4,6,10,11,12,13,15,16,17,18,20,21,22,24,25,32,33,34,35,39,40,47,49,50,53,54,58,60,63,64,65,67,70,74,76,79,82,83,84,86,88,89,90,91,92,93,94,99,101,106,107,109,111,112,114,124,127,130,45,125,3,80,113,30,68,23,128,59,105,61,71,27,97,120,48,122,103,108,62,42,19,
7to 7:
7to 8:4,6,10,16,20,24,25,26,29,31,32,35,36,39,45,47,50,54,58,59,65,67,71,72,74,77,78,83,86,88,89,91,93,97,100,101,102,106,108,109,111,114,119,120,127,128,130,104,2,62,11,103,8,38,68,122,30,34,15,23,14,3,105,80,42,48,92,56,112,18,
7to 9:2,4,6,8,10,11,12,13,16,24,26,29,35,36,39,44,47,48,49,50,54,57,62,65,67,72,75,77,78,83,88,89,90,92,93,96,98,100,101,102,106,109,112,113,114,118,127,130,105,119,17,42,71,97,33,60,104,59,103,80,3,45,53,91,21,19,61,111,108,122,
7to 10:2,4,5,10,12,13,15,16,18,19,20,21,24,25,29,31,32,42,44,47,49,53,54,57,58,60,61,62,64,65,67,70,71,72,74,75,82,84,86,88,89,91,92,93,98,100,101,102,105,106,110,112,113,114,118,119,121,123,124,127,130,69,120,39,80,11,43,125,9,34,104,3,59,30,27,128,38,17,1,48,
8to 1:1,2,3,4,6,8,10,18,21,24,26,29,30,33,35,36,38,39,42,44,45,46,49,53,56,58,67,68,70,71,75,78,79,80,81,82,83,84,90,91,92,93,97,98,100,105,106,113,114,118,119,120,123,127,128,129,130,59,50,77,73,104,14,23,13,124,60,111,12,15,48,121,61,72,17,107,102,103,47,11,101,86,122,
8to 2:1,2,3,4,11,17,19,21,24,25,26,29,31,33,35,38,41,42,44,45,46,47,49,54,56,61,62,63,65,67,68,70,75,81,82,83,93,98,100,102,105,107,108,111,112,116,117,120,123,127,84,77,94,16,51,103,64,39,32,89,36,60,114,121,12,122,113,124,128,58,78,72,109,8,80,106,92,48,18,
8to 3:3,4,5,6,11,12,25,27,29,31,33,34,35,38,39,41,42,45,46,48,53,54,56,58,60,62,65,67,71,75,78,83,84,93,98,100,102,104,108,109,111,112,114,115,119,121,123,126,127,128,129,130,116,73,117,80,16,28,113,50,59,2,10,57,72,44,47,8,124,92,103,18,86,61,101,
8to 4:2,3,5,6,18,20,24,25,26,29,31,33,35,38,39,42,45,50,54,56,62,63,68,70,79,91,94,100,101,102,105,107,109,111,114,115,119,123,127,130,36,51,89,103,13,16,74,99,44,28,64,78,82,124,80,61,32,72,92,4,122,86,67,10,97,8,58,48,11,113,47,112,12,
8to 5:3,5,6,10,16,18,20,29,31,35,36,38,40,42,45,46,53,56,58,61,65,66,70,72,75,78,80,81,82,83,84,88,90,91,93,97,98,101,105,107,109,112,113,114,116,117,119,120,124,128,130,23,13,2,92,55,94,100,22,30,15,47,103,25,14,21,122,67,62,60,44,102,11,111,
8to 6:3,4,6,10,17,18,19,21,24,25,26,27,29,31,33,35,39,43,45,48,59,60,62,67,71,73,79,81,82,83,84,90,91,94,97,101,103,105,106,107,108,114,115,119,120,123,127,128,129,130,12,13,28,74,113,64,16,104,122,15,36,100,112,125,86,47,49,63,102,124,22,76,32,8,2,14,58,111,116,78,109,80,42,92,20,
8to 7:1,3,5,6,10,14,15,17,19,24,26,29,31,35,38,42,45,46,47,48,54,60,61,65,67,70,72,73,91,93,94,95,97,98,100,101,102,103,105,107,112,113,117,119,120,124,127,130,30,21,4,36,2,28,74,39,106,84,89,51,122,23,78,58,32,62,8,18,11,12,111,86,49,92,114,
8to 8:
8to 9:1,2,3,4,5,6,11,19,20,24,29,33,34,39,41,42,45,48,50,53,54,65,67,71,75,79,81,83,88,90,91,94,95,98,100,101,105,109,111,112,114,118,121,123,127,130,26,73,37,16,89,92,104,55,77,35,13,107,14,8,106,63,10,15,72,57,93,44,21,102,61,60,12,
8to 10:1,3,5,6,8,10,15,18,19,24,29,38,39,41,42,43,45,46,50,53,54,58,65,67,70,72,81,82,84,87,91,92,94,95,97,104,106,109,114,116,117,118,120,123,127,130,78,112,37,64,51,125,102,62,49,13,26,12,77,74,2,60,129,25,66,121,17,21,44,4,20,100,11,31,34,111,61,
9to 1:1,2,3,6,10,11,14,17,18,24,25,26,29,35,37,41,42,44,45,47,48,50,51,53,56,57,59,61,66,70,74,77,84,89,90,91,95,98,100,101,103,104,105,109,110,111,112,116,118,121,127,75,92,128,124,23,123,86,73,22,7,52,119,81,60,36,67,39,21,15,107,54,71,4,63,12,82,83,19,33,49,
9to 2:1,3,8,9,11,12,13,14,17,19,24,26,32,33,34,35,36,37,40,41,42,44,45,46,48,51,53,54,56,57,60,61,66,67,70,77,83,86,89,90,92,97,98,99,100,105,106,107,110,111,112,116,122,123,127,119,117,23,109,101,7,63,81,21,102,22,71,87,75,10,114,4,91,49,47,113,93,
9to 3:3,4,6,9,10,11,12,18,20,21,24,25,29,32,34,37,42,44,45,48,49,53,56,57,59,60,61,62,67,72,75,77,80,84,89,94,95,101,103,104,105,106,107,108,111,112,113,117,118,119,122,123,127,81,35,109,96,87,7,19,46,88,98,125,100,15,33,79,31,8,54,114,86,47,91,71,
9to 4:2,3,4,6,12,14,16,19,21,26,28,32,33,34,35,37,38,42,44,45,48,50,51,55,56,57,59,60,61,62,63,64,66,69,70,71,72,77,87,89,90,92,94,97,99,105,106,112,117,121,122,124,127,130,91,73,67,22,103,7,119,39,102,49,109,29,82,81,123,25,5,31,10,86,107,114,
9to 5:1,2,6,7,8,10,12,16,24,29,33,41,42,45,48,53,55,56,57,59,60,62,66,70,75,80,82,84,86,88,93,94,100,101,103,105,108,110,112,119,121,122,127,19,96,15,98,106,111,117,36,71,124,116,90,109,38,67,113,47,63,40,92,107,49,83,25,114,
9to 6:3,6,9,10,12,14,16,17,18,21,24,29,34,35,37,39,40,42,45,47,48,53,54,56,57,60,62,66,74,80,82,84,86,89,90,94,104,105,106,108,114,116,117,121,127,123,128,73,59,22,125,88,78,109,93,1,100,87,33,67,79,19,112,20,8,25,49,71,111,
9to 7:3,6,7,9,12,14,17,18,21,25,33,35,44,45,48,54,56,57,59,61,65,69,71,72,80,89,90,92,93,94,97,99,100,101,102,105,106,109,114,119,122,124,127,130,96,67,22,113,36,76,123,23,39,117,125,29,60,107,108,86,10,82,112,91,1,19,111,8,47,49,11,
9to 8:1,3,8,15,16,17,20,24,26,33,34,35,36,38,45,47,48,49,51,54,55,56,57,59,62,67,70,71,72,74,87,89,90,98,100,101,104,105,108,109,112,121,124,127,117,39,76,102,113,97,123,50,63,114,125,119,31,10,46,5,2,103,42,116,61,107,111,91,92,12,79,
9to 9:
9to 10:3,6,8,11,14,16,17,18,19,20,24,26,29,33,34,41,44,47,48,49,53,56,57,61,71,74,75,77,79,80,84,89,90,91,93,97,100,101,104,110,112,113,118,127,98,21,23,106,73,4,123,50,9,81,42,114,87,38,119,117,111,15,86,10,39,54,116,109,65,107,67,25,92,
10to 1:2,3,5,6,10,11,16,17,19,24,29,33,37,38,39,41,43,48,49,50,52,53,54,57,58,60,68,72,73,74,75,79,80,81,84,90,92,97,101,103,105,106,107,108,110,111,114,118,119,120,121,125,128,66,62,98,59,116,44,86,104,67,69,51,9,4,124,18,20,127,130,100,61,34,12,45,78,21,93,42,
10to 2:2,3,4,13,16,17,20,24,26,27,32,37,38,43,44,45,48,49,53,54,57,58,60,64,65,67,71,72,78,81,82,83,88,92,93,101,102,108,111,113,114,116,117,122,123,128,130,69,127,11,50,98,99,41,39,7,91,51,107,68,104,66,87,42,19,34,110,120,63,118,121,125,25,10,86,112,100,31,106,18,61,12,
10to 3:6,10,12,17,28,29,33,37,38,39,42,44,47,49,50,53,54,57,59,60,61,62,68,70,71,72,77,78,81,82,83,84,87,91,94,100,101,103,111,113,115,117,118,119,130,9,85,25,79,46,98,112,43,51,24,121,27,31,89,21,106,114,5,92,56,18,120,4,19,34,20,45,3,127,11,93,65,
10to 4:4,10,12,14,15,17,18,19,26,27,28,29,37,38,39,41,42,44,53,54,57,58,71,72,73,74,77,78,81,82,89,91,92,94,97,98,100,101,102,103,108,109,113,114,115,116,117,119,123,125,128,129,69,130,87,34,106,67,63,16,51,66,79,65,124,99,85,126,49,110,60,112,40,56,70,31,107,3,20,25,127,
10to 5:1,2,12,15,17,18,25,27,32,38,39,41,42,47,48,53,57,58,60,61,62,65,68,71,72,73,75,79,82,83,84,90,91,92,94,97,99,100,101,102,111,113,114,116,117,119,123,127,129,44,110,88,59,69,16,85,21,7,19,51,34,86,78,43,9,98,24,81,80,4,10,31,124,20,106,93,49,67,112,
10to 6:1,4,6,10,11,12,14,16,17,20,28,29,40,41,42,47,48,49,57,58,59,60,62,64,67,68,70,71,82,84,86,88,90,91,92,94,97,99,104,105,106,108,109,111,113,114,115,117,119,123,43,63,125,120,25,21,34,5,116,81,19,79,24,50,121,107,87,66,3,130,100,31,65,112,93,127,56,18,
10to 7:6,10,15,17,18,19,20,25,27,28,31,32,33,38,47,48,51,53,54,57,62,68,71,79,89,91,92,94,97,101,105,106,112,113,114,128,107,124,45,80,110,70,100,99,58,59,14,24,61,130,4,5,93,9,125,42,102,120,65,127,1,3,60,34,86,56,11,29,108,44,
10to 8:2,3,12,14,15,17,23,24,26,27,38,39,41,43,45,47,48,49,53,54,57,61,62,64,65,67,73,78,79,80,84,88,90,91,92,97,101,102,105,109,111,113,114,117,120,123,127,128,129,130,51,9,16,68,4,81,50,112,11,93,116,42,20,89,98,59,40,87,10,60,124,100,106,21,25,44,19,18,
10to 9:1,2,3,4,10,15,16,17,18,24,26,31,37,38,41,42,44,45,47,49,53,54,57,61,64,67,72,75,76,77,78,82,89,93,97,99,100,102,103,104,105,109,114,117,123,124,129,130,96,116,50,7,110,88,59,112,86,40,9,56,19,98,85,81,22,87,12,34,14,79,121,62,65,20,60,29,25,127,71,11,92,
10to 10:

cell1:10,2,3,4,6,7,8,5,9,
cell2:3,5,9,4,7,6,10,8,1,
cell3:6,10,7,4,8,9,2,5,1,
cell4:7,3,1,5,6,2,8,9,10,
cell5:4,1,3,6,8,10,2,9,7,
cell6:7,3,10,8,1,9,2,5,4,
cell7:10,5,9,8,6,4,1,2,3,
cell8:5,2,9,10,6,3,4,7,1,
cell9:3,2,10,1,6,5,7,4,8,
cell10:8,2,1,6,4,5,7,3,9,
