machine1:0,67,110,96,9,25,5,85,43,97,106,11,77,111,63,17,20,39,68,90,55,123,15,47,75,8,104,83,48,50,109,26,127,1,34,35,21,92,113,42,14,61,93,32,53,78,57,18,79,91,19,65,66,58,4,64,45,3,56,76,107,60,98,89,10,86,29,120,
machine2:0,84,44,67,59,25,114,12,85,119,54,97,106,11,111,33,2,23,39,116,68,124,71,122,13,49,123,15,47,31,75,8,104,36,48,50,105,115,121,1,102,22,35,21,74,92,113,42,32,53,81,100,78,130,57,128,72,58,30,4,101,56,118,125,6,107,80,46,60,98,89,10,86,73,120,
machine3:0,126,44,67,114,119,54,97,11,111,33,17,2,23,39,116,124,71,49,104,7,48,108,127,34,21,61,93,53,81,100,57,128,18,69,19,24,58,101,64,45,56,125,6,107,60,98,95,86,73,120,
machine4:0,16,38,40,59,110,9,114,12,103,54,43,106,11,63,20,23,37,116,68,124,122,90,123,15,47,31,129,48,105,26,127,1,102,22,112,35,41,74,92,14,61,53,81,78,18,79,82,72,91,66,58,30,4,27,45,3,118,76,52,60,89,95,29,
machine5:0,62,126,84,44,67,40,87,59,110,96,25,12,103,11,77,33,17,2,39,70,122,90,49,55,123,47,99,8,104,83,48,108,50,105,115,26,121,21,41,92,113,42,14,61,93,32,53,51,130,57,128,18,28,79,69,19,24,101,45,3,56,6,52,80,46,98,10,86,29,73,
machine6:0,62,84,44,38,9,25,12,54,97,106,11,63,17,68,122,90,13,49,47,104,83,7,36,48,108,109,26,121,1,102,22,21,41,92,14,61,93,32,53,51,100,78,57,128,72,101,64,6,107,46,60,95,86,29,120,
machine7:0,16,126,44,9,25,5,12,103,117,85,54,97,106,77,33,17,2,23,124,71,122,123,47,31,8,36,48,108,50,121,102,35,21,92,113,42,93,53,81,100,130,128,18,69,82,72,91,19,24,94,45,107,80,98,10,86,120,
machine8:0,16,126,84,67,40,59,110,114,5,12,103,117,85,54,43,111,63,2,39,70,116,122,90,49,31,75,108,109,26,102,112,35,41,92,42,14,51,81,57,128,79,19,65,24,30,94,27,3,56,118,107,46,95,29,
machine9:0,62,44,38,87,110,25,5,103,43,97,106,11,17,20,39,116,124,71,122,99,75,8,104,83,48,108,109,105,127,1,102,34,42,61,53,78,130,57,128,18,79,72,91,19,24,58,4,45,88,107,46,29,
machine10:0,44,40,87,12,119,54,11,111,33,20,68,124,71,122,123,8,83,7,48,108,109,26,22,34,112,35,41,113,93,32,53,51,78,130,128,82,72,19,66,58,101,45,3,56,125,80,60,98,89,10,
machine11:0,84,44,38,87,110,96,114,12,103,54,11,33,63,17,2,20,37,39,116,71,122,90,49,47,31,99,75,8,108,115,127,121,1,102,22,34,112,21,41,92,113,42,61,32,81,100,57,18,82,72,91,65,58,101,27,88,3,56,76,52,46,60,89,29,
machine12:0,16,126,44,59,96,9,25,114,5,12,117,54,43,97,77,33,63,17,20,37,70,116,71,47,31,99,8,129,104,48,108,50,109,105,127,121,1,102,34,112,21,74,113,42,61,93,32,81,130,128,18,28,79,69,91,19,30,4,101,27,45,56,118,6,80,46,60,89,10,29,
machine13:0,16,62,40,87,25,114,5,12,103,117,85,54,11,77,111,33,63,17,39,70,116,122,13,55,15,47,31,83,48,108,105,115,127,121,102,112,35,21,41,92,113,42,61,93,53,51,78,130,57,128,18,72,91,65,24,101,27,88,56,118,76,6,46,98,95,10,86,
machine14:0,62,38,67,40,87,59,96,9,25,114,5,12,103,119,54,43,106,11,77,111,20,70,68,124,71,122,90,49,55,31,75,83,7,48,108,50,109,26,127,121,22,34,21,41,92,113,93,32,53,81,100,57,18,28,79,82,72,19,24,4,101,45,88,3,6,107,80,46,98,10,73,120,
machine15:0,62,126,84,44,38,40,59,110,96,114,5,12,117,85,119,54,43,106,11,111,33,2,23,122,49,123,47,75,8,129,83,36,48,108,109,105,115,127,102,34,112,74,92,113,42,61,93,32,53,81,100,78,130,57,82,72,91,19,65,66,24,58,30,4,101,64,94,27,45,3,56,125,52,80,46,89,95,10,86,29,
machine16:0,16,62,126,44,38,67,87,59,110,25,114,5,12,103,85,119,54,43,97,106,11,77,33,63,2,20,23,39,70,116,124,71,122,90,13,49,55,123,15,31,99,8,129,83,7,36,48,108,50,109,105,115,26,127,121,1,102,34,112,35,21,74,92,113,42,14,61,32,53,51,81,100,78,130,57,128,18,28,79,69,82,72,91,19,65,66,58,30,4,101,64,94,27,45,3,56,118,76,125,6,107,52,80,46,60,89,95,10,86,29,73,120,
machine17:0,16,126,84,44,38,67,40,87,110,25,114,5,12,103,117,85,119,54,43,97,106,11,111,33,63,17,2,20,37,39,70,116,68,124,71,122,90,13,49,55,15,47,31,99,75,8,83,48,108,109,115,26,127,121,1,102,22,34,112,35,21,41,74,92,113,42,14,61,93,32,53,51,81,100,78,130,57,128,18,28,79,69,82,91,19,65,66,24,58,4,101,27,45,88,3,56,118,76,125,107,52,80,46,60,98,89,95,10,86,73,
machine18:0,16,84,44,38,40,59,110,9,25,114,5,12,103,117,119,43,11,111,2,70,116,124,71,122,90,13,55,123,15,47,31,75,8,129,83,7,36,48,108,50,127,1,102,34,112,35,21,92,113,61,93,53,51,81,78,130,128,18,69,82,72,91,19,24,58,30,101,94,27,45,3,76,125,107,52,80,60,98,95,10,86,29,120,
machine19:0,16,62,44,38,67,40,110,96,25,114,103,117,85,106,77,111,33,63,2,20,116,68,124,71,122,90,49,55,15,47,31,99,75,83,48,108,50,109,105,121,22,112,35,21,41,92,42,61,93,32,53,100,130,57,18,28,79,69,82,72,91,19,65,66,24,58,4,101,94,45,3,56,125,6,107,80,60,98,95,10,
machine20:0,62,44,67,87,59,110,9,25,114,12,103,117,85,119,54,43,97,106,11,111,33,17,2,20,23,39,70,116,124,71,122,90,13,49,55,15,47,31,99,83,7,48,108,109,105,1,102,34,112,41,92,113,42,14,61,93,53,51,100,78,130,128,18,28,79,82,72,19,65,66,24,58,30,4,101,94,27,88,56,6,107,80,46,60,10,86,29,73,120,
machine21:0,16,62,44,67,40,87,59,9,25,114,5,12,103,117,119,54,97,106,11,111,33,63,17,20,23,39,70,116,68,71,90,13,49,123,15,47,31,99,8,104,83,7,48,108,50,109,115,26,127,121,102,22,34,112,35,21,41,74,92,113,42,14,61,93,32,53,81,100,78,128,18,28,79,69,82,91,19,65,66,24,4,101,94,27,45,88,3,56,76,125,6,107,80,46,60,89,10,86,29,73,120,
machine22:0,16,62,126,84,67,40,59,110,25,12,103,117,54,43,97,106,11,111,33,63,17,2,20,37,70,116,68,124,71,122,90,49,123,47,31,99,75,8,129,83,36,48,108,50,109,105,115,26,127,121,1,102,34,112,35,21,74,92,113,42,14,61,93,32,53,81,100,78,130,57,128,18,28,79,82,72,91,19,66,24,58,30,101,64,94,45,88,3,56,118,76,125,6,107,52,80,60,98,89,95,86,29,120,
machine23:0,62,84,44,67,40,59,110,9,25,5,12,103,54,97,11,77,111,33,63,2,20,70,124,71,122,90,49,15,47,99,8,83,7,36,48,108,109,105,127,1,102,34,112,35,21,92,113,42,61,32,53,100,78,130,128,28,79,69,82,72,91,19,65,58,101,64,27,45,3,56,118,76,125,6,107,80,60,98,89,86,29,120,
machine24:0,62,84,38,67,110,96,25,114,103,119,54,43,106,11,111,33,17,2,20,23,39,70,124,71,122,90,13,49,47,31,8,36,48,108,109,105,26,127,1,102,22,112,35,21,74,92,113,42,14,61,93,32,53,100,78,130,57,128,18,28,82,72,91,19,65,24,58,30,4,101,94,45,88,3,125,52,46,60,98,89,10,86,29,120,
machine25:0,16,44,38,67,59,9,25,114,5,12,103,117,85,119,43,97,106,11,111,33,63,2,20,23,68,124,71,122,123,15,47,31,75,8,104,83,48,108,50,105,127,121,102,22,112,35,21,74,92,113,42,14,61,93,32,53,51,81,78,130,57,18,79,69,82,72,91,19,65,24,58,30,4,101,64,94,27,45,3,56,76,125,6,107,52,80,98,89,95,29,73,120,
machine26:0,16,62,84,44,38,67,40,87,59,25,114,5,12,103,117,119,54,43,97,106,11,77,111,33,63,17,2,20,23,39,70,116,68,124,71,122,90,13,49,55,47,31,99,75,8,129,104,83,36,48,108,50,109,105,115,26,127,121,1,102,22,34,112,35,21,41,74,92,113,42,14,61,93,32,51,81,100,78,130,128,18,28,79,82,72,91,19,65,66,58,30,4,101,64,94,45,3,118,76,6,107,80,46,60,98,89,10,86,29,73,120,
machine27:0,16,62,126,44,38,67,40,87,59,9,25,114,5,12,103,119,97,106,11,111,33,63,17,2,20,23,37,39,70,116,68,124,71,122,90,13,49,123,15,47,31,75,8,104,83,48,108,50,109,105,26,127,1,102,34,112,35,21,74,92,113,42,14,61,93,53,81,100,78,130,57,128,18,79,69,82,72,91,65,66,24,58,4,64,94,27,45,88,56,125,6,107,52,80,46,60,98,89,95,29,73,120,
machine28:0,62,44,38,67,40,59,110,96,9,25,114,5,12,103,117,119,54,97,106,11,77,111,33,63,17,2,20,23,37,39,70,116,71,122,90,49,123,15,47,99,75,8,104,83,7,36,48,108,50,109,105,115,26,127,121,1,102,22,34,112,35,21,41,74,92,113,42,14,61,93,53,81,100,78,130,57,18,79,82,72,91,19,65,66,24,4,101,64,45,3,56,76,125,6,107,52,80,46,60,98,89,95,10,86,29,73,
machine29:0,16,62,84,44,38,67,40,87,59,110,9,25,12,103,117,85,119,54,97,106,111,33,63,17,20,37,39,116,124,71,122,90,13,49,55,123,15,47,31,75,8,129,104,83,7,36,48,108,50,109,105,26,127,1,102,34,112,35,21,41,92,113,42,14,61,32,53,51,81,100,130,57,128,18,28,79,69,72,91,19,66,24,101,64,94,45,88,3,56,118,6,107,80,46,60,98,89,10,86,29,
machine30:0,16,62,44,38,40,87,110,9,25,114,12,103,117,85,54,43,97,106,11,111,17,20,37,39,70,116,68,71,49,123,15,31,99,8,129,104,83,108,50,105,127,121,102,22,34,21,41,92,113,42,61,93,53,81,100,78,130,57,18,79,69,82,72,91,19,65,24,4,101,64,27,45,88,3,118,76,125,6,107,80,46,60,98,89,86,120,
machine31:0,16,62,44,38,67,87,59,110,114,5,12,103,119,43,97,106,11,33,63,17,20,39,70,116,68,124,71,122,90,49,123,15,31,99,75,129,7,48,108,50,109,26,127,121,1,102,34,112,21,41,74,92,113,42,14,61,93,53,81,100,130,57,128,18,28,79,82,72,91,19,24,58,30,4,101,27,45,88,3,56,118,125,6,52,80,60,89,10,29,120,
machine32:0,62,126,84,44,38,67,59,110,96,25,114,5,12,117,54,43,106,11,77,111,63,17,2,20,23,39,70,116,124,71,13,49,123,15,47,129,104,83,109,115,26,127,1,102,34,112,21,41,74,92,113,42,14,61,93,32,53,51,81,100,78,130,57,18,79,82,91,19,65,66,24,58,4,101,94,27,56,118,125,107,60,98,89,95,10,86,29,73,120,

1to 1:
1to 2:1,2,3,4,5,6,8,9,10,18,21,24,25,26,33,34,40,45,48,49,50,51,57,58,61,64,66,67,75,78,80,86,87,89,90,96,97,98,101,103,105,106,107,110,114,120,123,124,127,128,130,52,102,92,14,12,72,81,32,11,85,126,95,60,41,76,22,121,30,42,35,54,112,44,29,82,19,111,122,53,
1to 3:4,9,10,13,17,18,19,21,23,24,25,31,33,34,35,36,39,42,44,45,46,47,48,49,52,53,56,57,58,59,60,61,66,68,74,77,80,83,84,86,87,89,92,96,97,98,100,104,105,106,107,114,115,118,123,124,128,130,85,113,65,64,11,41,81,26,43,121,127,119,72,3,112,12,122,
1to 4:3,4,5,10,12,14,17,18,19,20,21,25,29,31,32,39,42,45,46,48,51,53,54,55,57,58,59,66,67,68,73,74,77,79,80,82,86,89,90,92,95,98,100,103,105,108,110,115,119,122,123,124,125,126,128,33,49,35,38,101,69,99,85,26,43,27,76,114,81,6,113,65,127,62,60,
1to 5:5,6,8,10,15,19,23,24,25,29,30,31,33,35,39,40,43,45,47,55,56,57,58,59,60,61,67,68,69,73,75,78,83,84,91,103,105,106,107,108,116,120,122,124,125,128,38,85,62,110,95,98,119,99,3,72,111,97,76,90,86,113,44,71,32,114,53,48,82,101,92,12,112,
1to 6:2,3,4,9,10,11,14,17,18,19,20,21,24,25,32,33,37,40,42,45,46,48,49,50,52,53,54,56,57,58,60,61,63,64,66,67,68,69,73,74,75,78,79,80,84,87,89,93,95,97,100,101,103,105,107,108,115,116,119,120,122,123,124,127,128,130,110,59,43,99,12,82,6,76,113,71,121,72,92,65,86,47,90,
1to 7:1,2,4,6,9,10,12,13,15,18,19,21,24,26,29,30,31,34,38,39,44,48,51,52,54,57,58,59,67,68,70,73,74,75,77,78,79,83,86,89,90,98,102,104,105,106,107,108,113,120,122,123,124,125,127,130,53,97,43,32,69,64,22,85,3,119,27,71,110,45,92,11,42,
1to 8:1,2,3,4,5,6,10,13,15,17,21,23,25,28,31,32,34,35,39,41,46,48,49,50,51,54,59,61,66,67,68,69,71,73,75,78,79,83,89,91,92,95,97,98,103,104,105,106,107,108,116,119,120,122,123,124,127,128,130,62,84,101,38,114,64,29,111,26,22,113,47,12,81,45,27,72,121,65,90,44,53,11,
1to 9:1,2,3,5,6,11,12,14,15,17,18,19,22,29,33,34,37,42,44,45,47,48,50,53,54,55,56,57,59,60,61,67,69,71,74,75,77,78,79,86,89,90,93,96,98,100,101,103,104,105,106,119,122,123,124,125,130,26,99,64,41,110,107,121,112,92,111,
1to 10:1,8,9,10,15,17,18,21,24,25,28,29,34,39,43,44,45,47,48,49,50,51,54,56,57,58,60,61,68,70,73,75,78,84,85,86,87,90,91,93,98,100,101,103,107,110,116,120,123,124,125,127,129,130,7,79,104,99,118,64,81,12,114,19,4,14,41,76,53,97,38,92,11,113,3,82,
2to 1:2,3,4,5,11,12,17,19,21,24,26,31,32,34,35,36,37,38,39,41,42,45,47,50,51,53,56,57,58,63,67,68,71,75,79,83,86,90,91,92,93,95,97,100,102,103,105,106,107,108,110,111,113,116,121,123,127,128,130,85,54,119,98,84,89,30,8,29,87,72,48,124,60,1,82,78,44,114,61,122,
2to 2:
2to 3:1,3,4,5,9,11,12,17,18,19,21,24,27,31,35,38,43,44,46,47,53,56,57,58,60,61,63,66,67,71,75,78,82,83,91,93,94,98,100,102,104,106,107,109,112,117,121,128,130,6,126,95,116,124,34,113,25,118,81,77,32,119,59,10,127,39,33,30,42,72,92,80,45,108,29,114,103,8,101,54,111,48,
2to 4:1,2,3,11,12,14,16,18,19,20,21,25,26,27,31,35,41,42,46,47,48,49,50,51,53,56,57,58,61,67,68,71,78,79,83,84,86,87,90,91,94,99,105,107,108,110,111,112,113,114,115,121,122,123,124,130,59,45,8,102,118,34,52,103,119,13,77,81,101,100,30,44,106,64,95,29,82,63,72,39,109,54,10,32,6,92,33,60,
2to 5:1,2,4,5,9,11,12,16,18,19,21,22,24,29,31,32,35,36,38,40,41,43,44,45,47,49,50,53,56,58,60,63,65,66,67,71,75,78,79,82,85,88,90,92,93,94,98,99,100,102,103,105,107,108,109,110,111,112,113,114,120,121,122,125,127,128,25,83,54,14,7,48,72,59,119,106,81,42,80,34,91,3,61,101,
2to 6:1,3,5,11,12,14,16,18,19,20,22,24,26,32,35,37,39,41,43,46,49,50,53,56,57,58,67,79,82,86,87,88,90,91,93,97,99,100,106,110,111,112,117,120,121,123,125,128,130,69,54,95,59,119,124,80,60,40,102,63,101,81,109,61,89,6,31,92,17,103,10,116,33,48,108,42,29,114,
2to 7:3,4,5,8,9,11,12,18,19,24,26,27,31,32,33,34,35,36,38,42,46,47,48,49,50,53,54,56,58,61,62,63,65,70,71,78,83,86,90,91,92,93,100,109,110,111,112,114,120,121,123,124,125,130,97,29,44,59,7,84,98,25,104,45,99,14,128,113,30,106,118,122,89,127,82,101,72,102,103,108,
2to 8:2,3,4,5,8,9,12,14,16,17,20,21,23,24,26,27,29,33,34,36,38,41,44,45,46,47,48,49,50,51,56,57,58,62,63,64,65,66,67,71,75,78,79,83,87,88,90,91,93,94,97,100,107,108,111,112,113,114,116,120,123,130,35,81,99,69,98,101,104,30,121,84,6,118,128,72,61,60,92,39,42,109,31,127,102,25,1,122,
2to 9:2,3,9,11,12,14,17,19,21,34,36,37,41,46,47,48,49,50,53,57,60,64,67,71,72,75,82,88,90,92,93,102,103,105,108,110,112,116,123,127,130,98,7,44,87,100,39,89,124,114,77,104,84,8,42,128,32,10,81,111,95,76,54,63,80,22,113,78,45,109,6,1,106,33,91,61,83,29,
2to 10:3,4,11,12,14,16,17,18,19,20,24,26,32,38,39,41,43,46,47,48,49,50,51,53,57,60,62,63,65,70,71,72,75,78,79,82,86,87,88,90,91,93,98,103,104,106,107,110,111,112,118,120,121,123,128,130,80,85,124,84,34,44,81,89,99,100,92,58,54,101,45,102,127,97,42,1,61,114,29,
3to 1:1,2,3,4,8,10,12,15,18,25,26,35,37,42,43,45,47,49,51,56,57,59,61,69,70,72,73,74,76,78,83,86,91,92,95,96,97,98,101,104,105,107,109,111,119,122,123,124,125,75,118,81,90,21,50,108,60,82,121,6,48,33,38,29,30,32,128,79,127,5,53,54,114,19,93,11,44,
3to 2:1,2,5,10,11,18,19,21,22,25,26,27,33,34,35,38,40,42,44,45,47,49,52,56,58,60,61,62,67,68,69,70,72,78,85,86,89,93,101,102,106,111,114,122,130,109,127,117,126,54,88,83,24,65,87,46,81,110,90,128,108,113,57,63,12,32,75,100,79,82,71,29,53,92,48,
3to 3:
3to 4:3,4,6,8,10,13,19,20,21,25,31,33,34,35,42,43,45,51,53,54,56,58,62,67,69,72,73,74,76,78,80,81,82,83,88,89,93,99,102,103,105,106,109,112,113,114,118,122,124,125,130,117,55,41,87,110,127,29,71,28,70,128,121,16,79,24,57,18,27,92,5,46,116,32,101,91,108,12,11,
3to 5:2,4,5,6,8,10,12,13,15,18,19,21,25,27,30,31,32,33,35,40,42,43,45,47,49,54,56,57,59,62,67,69,70,71,72,78,79,80,81,82,85,86,91,92,94,96,98,99,101,103,106,109,111,112,113,117,119,120,128,130,16,90,46,65,41,77,100,114,50,110,55,95,53,93,24,29,121,83,105,11,44,48,102,108,
3to 6:3,4,5,6,10,13,20,25,31,33,34,37,40,42,43,44,47,48,49,53,57,58,59,61,70,73,74,80,81,83,94,97,99,100,102,103,104,105,106,109,112,113,120,122,123,124,125,32,24,12,56,41,115,11,82,21,17,50,65,95,121,116,88,46,16,90,63,87,108,114,54,79,101,127,92,18,
3to 7:1,3,4,5,6,9,10,11,15,17,25,29,30,32,33,34,42,44,45,47,48,49,54,56,58,59,67,68,71,72,74,77,80,86,89,92,93,94,98,101,103,106,109,111,112,117,120,122,123,124,38,65,27,50,128,16,24,60,21,70,82,35,113,105,114,127,91,62,12,53,18,
3to 8:1,2,4,5,6,8,10,15,18,19,20,21,26,27,28,31,34,42,44,45,47,48,51,53,57,59,60,61,68,72,74,80,81,82,83,84,86,92,97,98,101,102,103,105,106,109,111,112,117,119,120,122,123,127,25,100,88,36,32,65,46,93,121,77,70,17,62,114,29,129,126,95,91,87,54,24,38,128,35,56,33,12,108,79,
3to 9:4,6,8,10,13,15,19,21,26,29,33,34,37,44,45,47,48,53,54,59,60,61,67,72,75,80,81,83,86,89,94,96,98,99,102,103,104,105,106,109,111,112,117,118,119,127,130,41,5,101,57,46,124,77,12,88,55,114,24,108,87,56,100,11,17,116,18,
3to 10:2,4,6,8,9,10,12,13,15,20,21,26,28,29,31,33,34,38,42,43,44,45,47,49,51,57,58,59,61,62,67,68,71,72,73,74,78,79,80,89,92,94,97,98,99,102,103,109,113,117,118,120,121,123,125,129,88,50,56,81,110,65,101,17,27,16,127,41,24,18,53,106,11,25,48,
4to 1:1,4,5,6,12,13,15,16,17,18,21,23,26,28,29,30,31,33,35,37,41,42,46,47,49,51,52,53,63,66,67,71,73,76,79,81,83,84,86,91,98,102,106,110,111,113,114,115,116,119,120,122,123,124,125,127,130,90,64,118,45,68,95,55,92,74,43,126,58,32,54,39,57,107,101,108,20,34,3,11,78,25,60,56,61,48,
4to 2:1,3,4,8,10,12,13,16,17,18,19,20,22,23,24,26,31,34,35,38,39,41,42,44,46,48,49,51,56,57,61,63,66,67,71,72,76,78,80,83,85,86,90,93,94,95,98,99,100,101,106,108,109,113,114,116,117,124,128,130,87,103,92,97,32,58,107,102,123,25,29,45,53,21,75,54,82,60,33,122,
4to 3:4,5,6,8,13,16,18,20,27,28,33,35,38,42,47,49,57,58,61,63,66,67,69,72,73,78,80,81,85,89,93,98,108,109,112,113,114,119,122,125,127,128,90,102,25,75,68,121,55,70,44,115,74,130,76,95,34,82,21,32,65,71,91,103,11,83,92,48,53,56,101,
4to 4:
4to 5:4,5,6,10,11,15,16,18,19,24,25,28,30,35,38,40,41,42,43,45,47,49,52,53,57,60,62,63,67,69,73,76,81,83,85,86,92,93,94,95,98,99,100,109,112,113,114,116,119,123,124,125,127,128,68,75,107,110,106,13,70,91,87,82,130,31,78,66,55,56,20,102,80,90,97,1,65,39,44,108,8,103,61,71,29,101,122,
4to 6:5,6,8,10,12,13,14,15,16,17,18,20,24,26,27,31,32,33,34,35,37,39,40,42,46,49,54,60,61,66,67,69,73,79,80,81,83,86,92,93,94,99,100,101,102,103,107,109,112,113,114,115,116,119,122,124,127,130,123,68,25,70,108,106,2,74,59,76,117,48,82,57,58,1,53,90,56,
4to 7:3,4,5,11,12,17,18,19,23,26,29,30,31,32,33,35,39,42,46,47,49,51,52,53,56,58,62,63,69,70,72,73,74,80,84,85,86,89,93,94,99,105,106,113,114,122,123,124,125,127,128,65,13,54,61,83,82,108,130,90,59,121,2,60,101,45,20,91,92,21,67,102,25,34,71,48,
4to 8:1,3,5,8,10,16,18,19,24,26,31,32,33,35,39,44,46,48,49,50,51,52,53,56,66,67,69,72,73,78,79,81,84,89,90,92,97,98,99,100,107,113,114,115,119,123,124,125,127,128,130,122,59,13,103,102,121,82,63,80,28,61,74,55,34,75,54,87,65,70,20,45,108,109,58,86,42,106,91,83,25,60,71,
4to 9:3,4,6,10,12,15,16,19,21,26,33,37,39,42,47,53,73,74,76,81,82,84,86,89,91,94,99,100,102,103,109,112,113,114,119,125,127,129,130,123,90,118,20,71,110,55,67,34,48,54,59,75,45,70,92,57,97,106,107,25,49,60,29,1,101,56,61,122,
4to 10:3,4,5,6,7,8,12,15,16,17,18,19,23,24,26,33,41,43,46,49,50,51,53,56,58,60,61,62,63,67,69,70,72,76,78,80,81,84,89,93,94,99,100,103,109,113,115,116,120,122,123,124,125,127,129,130,39,25,106,59,28,42,21,45,74,68,34,101,118,91,110,97,57,87,102,11,121,1,32,79,82,20,29,71,65,108,31,114,
5to 1:1,2,4,6,7,10,15,18,21,25,29,30,31,32,33,35,40,41,42,44,47,48,49,52,58,60,61,69,70,71,75,77,78,79,80,82,85,86,87,92,98,101,106,110,111,113,114,119,120,124,125,127,128,130,16,53,55,96,91,68,73,51,23,66,103,22,11,38,54,14,107,90,122,112,93,19,12,
5to 2:3,7,10,16,18,19,24,25,29,31,35,42,43,44,45,51,57,58,60,62,65,66,69,70,71,72,77,82,85,90,92,99,101,103,106,107,108,109,110,111,112,114,116,117,120,123,124,128,130,1,40,41,96,13,50,2,98,12,48,38,6,83,122,14,54,127,49,78,93,53,47,102,
5to 3:1,4,5,6,7,10,11,13,15,16,18,24,25,27,29,34,35,36,43,44,45,46,57,58,59,60,62,65,72,77,78,80,82,88,92,94,95,106,107,108,111,112,114,117,122,124,125,127,128,96,83,102,38,50,68,91,31,23,67,54,101,105,53,40,48,103,93,71,47,56,
5to 4:3,4,5,7,10,12,15,16,19,20,24,25,27,28,29,32,34,38,41,42,44,45,49,53,55,57,58,59,60,62,69,70,79,80,82,86,93,94,95,98,99,101,102,105,106,107,109,110,112,114,117,122,125,127,129,68,71,83,51,103,54,75,90,14,40,66,67,91,61,48,92,
5to 5:
5to 6:1,2,4,6,12,18,19,20,21,24,29,31,32,33,41,43,44,47,50,54,56,59,60,61,62,63,69,71,72,78,79,80,82,83,86,88,90,94,95,97,103,105,106,107,109,110,111,112,114,116,117,120,123,124,125,130,16,102,25,53,108,127,73,66,122,67,75,48,93,91,92,
5to 7:2,4,5,6,7,10,12,13,17,18,21,24,25,27,32,34,35,42,46,49,58,59,60,61,65,69,70,75,77,78,79,80,82,83,86,91,94,95,97,99,100,101,102,103,105,106,107,108,110,111,113,114,117,122,127,130,90,93,73,98,68,38,62,67,47,15,48,112,40,3,31,19,29,1,92,71,
5to 8:1,4,10,12,13,18,19,20,24,25,27,28,29,32,35,40,41,42,43,44,45,46,47,50,54,55,58,59,65,66,69,70,71,72,78,80,82,83,84,90,91,92,93,94,99,100,103,105,106,107,108,109,111,112,114,116,117,119,120,121,122,127,128,129,130,51,61,62,8,68,73,98,14,16,31,48,15,2,67,38,101,
5to 9:3,4,5,7,10,12,15,16,21,24,25,41,42,47,50,53,55,59,65,69,71,72,76,77,78,80,82,87,90,92,94,95,97,98,101,105,106,107,108,109,110,111,112,114,117,119,123,124,129,130,31,75,96,38,2,66,86,14,20,67,83,56,48,1,103,91,29,19,127,93,61,
5to 10:2,3,4,5,7,9,10,11,15,17,18,19,24,25,28,29,34,39,41,42,43,44,45,46,48,58,59,65,70,72,75,77,78,80,82,85,86,90,92,94,95,97,98,99,100,101,103,105,106,107,109,110,111,112,114,116,117,120,124,125,129,130,22,62,61,93,68,51,67,30,66,56,20,40,31,49,14,122,127,83,47,12,91,53,71,60,
6to 1:2,3,6,8,10,11,14,16,17,18,19,21,22,23,26,29,30,34,35,39,40,43,44,45,48,49,50,53,54,56,57,58,60,61,66,67,68,70,74,75,78,82,83,89,90,92,93,95,98,100,103,105,106,107,111,116,119,121,122,123,124,125,41,12,127,20,73,113,46,32,115,86,24,31,59,25,120,42,97,76,63,79,47,33,
6to 2:2,4,6,10,12,13,14,17,19,21,25,29,32,33,34,35,40,43,47,50,52,53,56,57,58,60,62,64,65,66,70,72,75,78,83,87,88,89,90,91,92,97,99,100,102,103,105,106,109,111,114,115,116,117,120,122,123,125,130,80,63,82,59,67,45,31,113,54,41,24,18,42,20,48,124,93,46,5,128,108,71,3,1,101,49,
6to 3:1,3,4,6,8,9,10,17,19,21,24,25,29,33,34,35,39,40,42,43,48,49,53,56,57,58,59,60,62,65,67,68,70,73,74,75,76,78,81,83,86,88,89,91,92,94,95,100,101,102,103,105,111,112,113,115,116,121,123,130,80,109,54,127,108,32,5,63,13,47,66,12,114,45,82,31,18,79,
6to 4:4,6,8,11,14,15,16,17,19,21,24,25,28,33,34,35,39,42,43,48,49,50,53,58,60,61,62,66,67,68,74,79,80,82,87,88,89,90,92,93,94,97,98,99,100,101,103,105,106,107,109,112,114,116,121,122,126,128,31,45,1,123,73,124,63,115,70,56,76,108,18,130,125,3,32,5,102,113,54,78,47,86,12,
6to 5:2,3,10,11,15,16,17,19,20,23,24,33,40,43,44,48,53,56,58,60,62,65,70,72,78,82,83,86,90,91,92,93,94,97,99,100,101,102,103,106,107,109,111,112,113,116,117,120,121,122,6,73,88,125,108,105,71,124,80,41,47,59,67,1,32,42,31,127,12,114,79,49,
6to 6:
6to 7:4,9,10,12,14,19,20,21,26,29,34,35,39,42,47,48,49,53,54,57,59,60,62,68,82,83,89,90,91,92,94,97,99,100,101,102,105,106,109,111,113,117,121,122,127,130,125,80,2,6,33,24,3,46,120,31,13,71,56,18,128,17,95,25,32,63,30,124,93,67,65,108,11,79,
6to 8:3,8,10,15,16,17,18,24,25,29,34,35,39,42,47,50,53,54,58,59,61,62,63,64,65,67,68,70,72,74,75,78,80,82,83,84,87,88,89,90,92,97,99,100,101,103,105,107,109,111,113,116,117,119,121,122,123,124,127,129,130,46,13,73,114,120,108,6,45,102,66,93,20,2,112,31,12,71,79,
6to 9:4,8,10,14,17,19,21,26,29,34,35,40,47,48,49,50,53,54,57,60,61,64,65,73,75,76,81,86,87,89,90,92,97,98,99,100,103,105,106,107,111,112,116,119,122,123,124,130,20,115,6,127,46,109,102,88,125,2,33,82,79,24,59,95,67,3,25,1,71,63,56,80,108,
6to 10:2,4,6,7,10,12,14,16,18,19,21,22,26,29,32,33,34,39,42,43,47,48,53,54,57,58,59,60,61,62,65,67,68,72,74,75,80,81,82,86,87,88,90,92,97,98,99,100,101,104,106,116,117,118,120,121,124,129,20,17,102,63,114,123,95,110,108,41,93,1,24,3,46,79,113,127,71,49,
7to 1:2,5,6,7,10,11,12,17,18,24,25,29,32,34,35,39,44,48,49,53,58,60,61,71,74,75,78,79,80,84,86,89,90,91,96,97,98,101,103,104,106,108,111,114,118,121,124,130,62,65,92,27,8,68,59,128,43,93,67,122,119,120,21,23,45,113,19,125,105,54,3,72,4,47,56,
7to 2:1,2,3,4,5,6,7,8,12,16,17,19,22,24,25,29,34,35,36,39,44,47,49,52,54,56,57,58,63,64,65,67,71,78,81,83,85,88,90,91,92,93,98,99,100,101,102,105,106,107,109,111,112,113,114,119,122,50,68,128,124,82,103,14,32,27,108,9,72,33,11,120,130,21,61,48,
7to 3:4,5,7,9,17,19,24,25,26,29,31,32,33,34,42,44,46,48,49,53,57,58,61,62,67,76,78,80,84,89,91,92,94,98,101,102,103,105,106,108,109,111,112,113,114,117,127,128,130,36,47,18,59,93,125,69,104,45,72,71,60,30,21,54,8,56,122,
7to 4:4,5,7,12,15,19,20,24,26,28,31,32,33,34,35,38,39,42,44,47,49,53,58,61,67,69,70,71,74,78,79,80,86,91,92,94,97,98,99,100,101,102,107,109,112,119,122,123,124,127,128,130,21,82,105,13,43,11,30,125,1,56,25,72,2,113,108,18,8,60,90,93,29,
7to 5:1,2,6,10,12,15,17,18,19,22,24,29,31,35,38,39,42,48,53,54,56,61,62,67,71,77,78,80,84,85,90,91,94,96,99,101,102,106,109,111,113,114,120,125,127,128,13,68,108,119,105,69,43,107,30,27,103,130,21,93,122,45,82,124,92,65,60,33,47,25,
7to 6:1,4,6,10,11,12,15,16,17,18,20,21,22,24,27,32,33,34,35,39,40,42,47,49,53,54,58,60,61,62,63,64,71,74,80,83,84,86,88,89,90,91,92,93,94,99,101,106,107,109,111,112,114,124,127,130,45,13,125,3,113,30,68,23,128,59,105,70,79,50,76,97,82,120,48,122,67,103,65,108,25,19,
7to 7:
7to 8:4,6,10,15,16,20,24,25,26,29,31,32,34,35,36,38,39,42,45,47,54,58,59,65,67,71,72,74,77,78,83,88,89,91,93,97,100,101,102,106,108,109,111,114,119,120,127,128,130,104,11,2,103,50,8,68,122,30,23,3,14,105,80,48,62,86,56,112,92,18,
7to 9:2,3,4,6,10,11,12,16,17,24,26,35,36,39,42,44,48,49,53,54,57,61,65,67,75,77,78,80,83,88,89,90,91,92,93,96,98,100,101,102,106,109,112,113,114,118,127,105,119,50,47,13,33,97,60,71,104,59,103,130,72,29,62,45,21,19,8,111,108,122,
7to 10:2,3,4,5,10,12,15,16,17,19,20,24,29,30,31,32,34,38,39,42,44,48,49,53,57,58,60,61,62,64,65,71,72,74,75,80,84,86,88,89,91,93,98,100,101,102,105,106,110,112,113,114,118,119,121,123,124,127,130,69,120,11,43,125,9,104,59,70,13,27,128,54,21,67,18,25,47,82,1,92,
8to 1:1,2,3,4,6,8,10,17,21,24,26,29,30,33,35,36,38,42,44,46,47,53,67,68,70,71,72,75,78,79,80,81,82,84,90,91,92,93,97,98,100,101,105,106,113,118,119,120,123,127,128,129,130,59,50,77,73,104,14,23,58,111,39,13,60,124,56,12,121,48,15,61,107,102,11,103,49,45,83,86,114,122,18,
8to 2:1,2,3,4,12,19,21,24,25,26,29,31,32,33,35,38,41,42,45,46,47,49,54,56,62,63,65,67,68,70,72,75,81,82,83,92,93,98,100,102,105,107,108,111,112,116,117,120,123,127,84,77,94,16,103,51,58,64,39,89,36,44,60,17,122,121,113,124,128,114,78,109,8,80,61,11,106,48,18,
8to 3:3,4,6,10,25,27,28,29,31,33,34,35,38,39,41,42,48,54,56,57,60,62,65,67,71,72,75,78,83,84,93,98,100,101,102,104,108,109,111,112,115,116,119,121,123,126,127,128,129,130,5,73,114,46,117,80,16,113,50,59,2,12,58,44,47,8,124,11,92,45,103,53,18,86,61,
8to 4:2,3,5,6,10,24,25,26,28,29,31,32,33,35,38,42,44,45,47,50,54,56,62,63,64,68,70,72,79,91,92,94,100,101,105,107,109,111,115,119,123,127,130,36,51,89,103,16,74,39,99,67,13,78,82,80,124,61,102,122,4,86,97,8,48,58,11,113,114,112,18,20,12,
8to 5:3,5,6,10,16,20,29,31,35,36,42,45,46,47,65,66,70,72,75,78,80,81,82,84,88,90,93,97,98,101,105,107,109,113,116,117,119,120,124,128,130,23,112,92,2,55,94,40,91,13,18,100,38,22,30,15,53,103,25,114,58,14,21,67,62,122,44,60,102,11,56,61,111,83,
8to 6:3,4,6,10,12,17,18,19,21,24,25,26,28,29,31,32,33,35,39,42,43,45,48,59,62,67,71,73,76,79,81,82,83,84,90,91,94,97,101,103,105,106,107,108,114,115,116,119,120,123,127,128,129,130,74,113,13,64,16,122,104,36,100,112,15,60,86,125,47,63,102,124,22,27,8,2,49,14,58,111,78,109,80,20,92,
8to 7:1,3,6,10,14,19,24,26,28,29,31,32,35,38,42,46,47,48,54,65,72,73,93,94,95,97,98,100,101,103,105,107,112,113,114,117,119,120,124,127,130,45,67,30,5,21,4,36,2,74,106,122,84,60,39,89,91,51,23,78,58,17,70,11,62,15,8,18,49,12,111,102,86,61,92,
8to 8:
8to 9:1,2,3,4,5,6,10,11,12,13,19,20,24,29,33,34,39,41,42,45,48,50,54,57,65,67,71,72,75,79,81,83,88,90,94,95,98,100,101,105,109,111,114,118,121,123,127,130,26,73,37,16,89,92,104,55,77,35,112,107,8,14,106,63,15,93,44,21,53,91,102,61,60,
8to 10:1,3,6,10,13,17,19,24,29,38,41,42,43,45,46,50,53,54,65,72,81,82,84,91,92,94,95,97,104,106,109,114,116,117,118,120,123,127,130,78,112,5,87,70,37,64,8,51,49,62,102,125,12,26,77,74,15,60,2,129,25,58,66,39,121,21,44,11,4,20,100,67,31,34,18,61,111,
9to 1:1,3,4,6,11,14,17,18,25,26,29,35,37,39,41,42,44,45,47,48,50,51,53,54,57,59,60,61,63,66,67,70,74,75,77,81,82,83,84,86,89,90,91,92,95,98,100,101,103,104,105,109,110,111,112,116,118,121,127,128,124,23,123,22,73,7,52,119,24,10,36,21,15,2,107,71,12,56,19,33,49,
9to 2:1,3,8,11,12,13,14,17,19,26,32,33,35,36,37,40,41,42,44,45,46,48,51,53,54,57,60,61,63,66,67,70,75,77,83,86,89,90,92,97,98,99,100,101,102,105,106,107,110,112,116,122,123,127,119,109,117,23,7,81,9,21,22,71,24,87,10,114,4,56,91,49,47,34,111,113,93,
9to 3:3,4,6,10,11,12,18,20,21,25,32,37,42,44,45,48,49,53,54,56,57,59,60,61,62,67,72,75,77,80,81,84,86,89,94,95,103,104,105,106,107,112,117,119,122,123,127,35,109,96,87,19,7,46,88,98,29,24,125,100,15,34,111,9,113,33,118,79,31,8,108,47,91,101,71,114,
9to 4:3,4,6,12,14,16,21,25,26,28,29,32,33,34,35,37,38,44,45,48,50,51,55,57,59,60,61,62,63,64,66,67,69,70,71,72,77,81,82,87,89,90,92,94,97,99,102,103,105,106,112,117,121,122,124,127,130,91,42,2,73,22,7,119,49,109,39,123,5,31,10,56,19,107,114,86,
9to 5:1,6,7,8,12,16,25,33,41,45,48,53,55,57,59,60,62,63,66,67,70,75,80,82,83,84,86,88,90,92,93,94,100,101,103,105,106,108,110,112,119,121,122,127,96,19,98,15,117,36,71,10,111,124,42,116,2,24,109,38,113,47,107,40,56,49,29,114,
9to 6:3,6,12,14,16,17,18,21,24,25,29,34,35,37,39,40,42,45,47,48,53,54,56,57,59,60,62,66,67,74,79,80,82,84,86,89,90,94,104,105,106,108,114,116,117,121,127,123,128,73,22,125,88,9,78,109,10,93,1,100,87,33,19,112,20,8,49,71,111,
9to 7:3,6,7,11,12,17,18,21,25,29,33,35,39,44,45,48,54,56,57,59,60,61,65,67,69,71,72,80,82,89,90,92,93,94,97,99,100,102,105,106,109,112,114,119,122,124,127,96,22,113,36,76,123,23,14,117,125,9,107,108,101,86,10,91,130,1,8,111,47,19,49,
9to 8:1,3,8,15,16,17,20,24,26,33,35,36,38,42,45,47,48,49,50,51,54,55,56,57,59,61,62,63,67,70,71,72,74,79,87,89,90,92,98,100,101,102,103,104,105,109,112,121,124,127,117,39,76,113,97,123,114,34,10,125,119,31,46,5,107,2,116,108,111,91,12,
9to 9:
9to 10:3,6,8,11,14,16,17,18,19,20,25,26,29,39,41,42,44,47,48,49,50,53,54,56,57,61,67,71,74,75,77,79,80,81,84,86,89,90,91,92,93,97,100,104,106,110,112,114,118,127,98,23,73,4,24,9,34,87,10,38,119,117,111,15,123,116,109,65,101,107,113,21,33,
10to 1:2,3,5,6,10,11,16,18,19,24,29,33,34,38,39,41,43,45,48,49,50,52,54,57,58,60,62,66,68,72,73,74,75,78,79,80,81,84,86,90,92,93,97,101,103,105,106,107,108,111,114,118,119,120,121,125,127,128,110,98,59,116,37,44,67,104,53,69,51,4,9,124,20,130,17,100,61,12,21,42,
10to 2:2,3,4,13,16,17,24,26,27,32,38,41,43,44,45,48,49,50,53,54,57,58,60,64,65,66,67,71,72,81,82,83,86,87,88,92,93,107,108,111,113,117,121,123,125,127,128,130,69,11,78,101,98,99,39,37,91,7,116,51,25,68,104,42,19,114,110,34,122,102,120,63,118,20,10,112,100,31,106,18,61,12,
10to 3:6,10,24,29,33,38,39,42,44,45,46,47,50,54,59,60,61,68,71,72,77,81,82,83,84,87,91,94,100,101,103,111,113,115,117,118,119,121,127,130,9,85,25,79,70,112,98,43,37,28,21,51,57,106,31,27,89,114,5,92,53,78,18,62,120,49,4,19,34,20,3,17,11,93,12,56,65,
10to 4:4,10,12,17,18,19,26,27,29,39,41,44,49,54,57,58,71,72,73,74,77,81,82,87,89,91,92,94,97,98,100,101,103,107,108,109,113,114,115,116,117,119,123,125,127,128,129,130,69,78,34,106,67,63,66,16,37,79,65,28,51,124,53,38,102,99,85,126,14,15,110,42,60,112,40,70,31,56,3,20,25,
10to 5:1,2,15,17,18,24,25,27,32,39,41,42,47,48,49,57,58,60,61,65,68,71,72,73,75,78,79,81,82,83,84,86,88,90,91,92,94,97,99,100,101,102,111,113,114,116,117,119,123,127,129,44,62,21,59,69,16,110,85,7,19,51,34,43,9,53,98,38,80,4,10,31,20,124,106,93,67,12,112,
10to 6:1,4,6,10,11,12,16,17,18,20,24,25,29,40,41,47,48,50,56,57,58,59,60,64,65,66,67,68,70,81,82,84,86,87,88,90,91,92,94,97,99,104,105,106,107,108,109,111,113,114,115,117,119,121,123,125,43,63,28,120,14,21,34,5,116,19,71,79,3,130,100,31,112,62,93,42,49,127,
10to 7:1,6,10,15,17,18,19,24,25,27,29,31,32,33,34,45,48,51,53,54,56,57,62,68,71,79,86,89,91,92,94,97,101,105,106,107,108,112,113,125,127,128,124,80,110,70,28,100,58,59,99,14,61,130,20,4,5,93,9,38,47,42,102,120,65,3,60,11,44,114,
10to 8:2,3,14,17,24,25,26,27,39,41,43,45,47,48,50,53,54,57,64,65,67,73,79,80,81,84,87,88,90,91,92,93,97,101,105,109,111,113,114,117,120,123,127,128,129,130,51,9,62,16,4,68,112,102,11,116,42,20,15,38,89,98,59,40,23,10,78,60,124,12,61,100,49,21,106,44,19,18,
10to 9:1,2,3,4,10,15,16,18,24,25,26,29,31,41,44,45,50,54,56,61,62,64,67,71,72,75,76,77,78,81,82,86,87,88,89,93,97,99,100,102,103,104,105,109,114,117,121,123,124,129,130,49,96,116,7,42,110,37,59,112,40,19,9,98,85,22,47,17,14,12,79,34,38,57,65,53,20,60,127,11,92,
10to 10:

cell1:10,2,6,4,5,3,8,7,9,
cell2:4,5,7,9,3,10,6,8,1,
cell3:6,7,10,2,1,4,9,5,8,
cell4:7,3,10,2,8,9,5,6,1,
cell5:4,1,3,8,6,10,2,9,7,
cell6:3,7,1,5,2,9,10,4,8,
cell7:10,5,1,6,9,8,4,2,3,
cell8:2,5,3,10,9,7,4,6,1,
cell9:2,3,6,10,4,1,8,7,5,
cell10:6,2,1,8,5,4,9,3,7,
