machine1:0,96,77,68,85,64,50,104,26,55,9,110,123,89,98,43,76,66,5,120,15,14,10,32,63,58,57,75,45,35,39,17,97,4,67,78,107,3,8,34,90,109,106,86,20,113,21,47,25,127,83,91,42,53,60,1,56,65,29,11,93,19,111,79,48,92,18,61,
machine2:0,73,68,36,85,74,84,119,50,13,104,23,59,115,123,89,98,30,81,22,125,2,72,46,121,118,120,128,15,10,32,105,124,58,57,75,6,130,116,35,100,39,97,4,54,67,78,107,8,80,31,106,102,86,113,21,47,25,42,53,60,1,56,49,101,12,11,44,111,114,71,48,92,33,122,
machine3:0,7,73,69,64,119,104,23,126,95,98,24,81,125,2,120,128,124,58,57,6,45,116,100,39,17,97,54,67,107,34,86,21,127,53,60,56,49,101,108,11,93,19,44,111,114,71,48,33,18,61,
machine4:0,37,52,68,74,16,129,26,23,59,95,41,9,110,123,89,30,27,81,22,43,76,66,72,118,38,15,14,63,105,124,40,58,45,116,35,103,4,54,78,3,82,90,31,106,102,20,47,127,91,53,60,1,29,12,112,11,114,79,48,92,18,122,61,
machine5:0,96,28,73,77,52,69,99,51,84,50,104,26,55,59,126,41,115,110,123,98,24,87,70,2,46,121,128,14,10,32,105,40,57,6,45,130,103,39,17,67,3,62,8,80,90,86,113,21,47,25,83,42,53,56,49,101,108,29,12,11,93,19,44,79,48,92,33,18,122,61,
machine6:0,7,68,36,51,64,84,13,104,26,95,41,9,22,72,46,121,38,120,128,14,32,63,57,6,100,17,97,54,78,107,62,90,109,106,102,86,21,47,25,83,53,60,1,49,101,108,29,12,11,93,44,48,92,122,61,
machine7:0,77,69,36,85,50,16,94,117,23,126,9,123,98,24,81,2,72,5,121,120,128,10,124,45,130,35,100,103,17,97,54,107,82,8,80,31,106,102,86,113,21,47,25,91,42,53,108,12,93,19,44,71,48,92,33,18,122,
machine8:0,51,85,84,16,94,117,26,59,126,95,41,110,24,30,27,81,43,70,2,46,5,118,128,14,63,40,57,75,116,35,103,39,54,67,107,3,90,109,31,102,42,56,65,49,108,29,12,112,19,111,114,79,92,122,
machine9:0,88,99,104,110,24,87,43,72,46,5,38,128,105,124,58,57,75,45,130,116,103,39,17,97,4,78,107,62,8,34,109,106,102,20,25,127,83,91,42,53,1,108,29,11,19,44,71,79,48,18,122,61,
machine10:0,7,68,51,119,26,41,123,89,98,87,22,66,125,72,128,10,32,124,40,58,45,130,35,54,78,3,82,8,34,80,109,20,113,83,53,60,56,101,108,12,112,11,93,19,44,111,71,48,33,122,
machine11:0,96,37,88,52,99,84,41,115,110,89,87,27,81,22,76,2,72,46,121,38,32,63,58,57,75,116,100,103,39,17,54,3,82,8,34,90,31,102,20,113,21,47,127,91,42,60,1,56,65,49,101,108,29,12,112,11,44,114,71,92,33,18,122,61,
machine12:0,96,37,28,77,69,99,74,50,16,117,129,104,59,126,9,89,30,27,81,43,70,46,5,121,118,128,10,32,63,105,6,45,130,116,17,97,4,54,8,34,80,109,31,102,20,113,21,47,25,127,91,42,60,1,56,101,108,29,12,112,93,19,44,114,71,79,48,33,18,61,
machine13:0,88,77,51,85,16,13,117,55,95,41,115,98,24,87,27,70,76,72,46,5,121,118,128,15,10,63,105,40,57,6,130,116,35,103,39,17,54,78,62,31,102,86,113,21,47,25,127,83,91,42,53,56,65,101,108,12,112,11,93,111,114,48,92,33,18,122,61,
machine14:0,96,88,7,28,73,77,68,119,50,26,55,59,41,9,98,24,87,81,22,43,70,72,46,5,121,38,120,10,32,124,40,57,75,6,45,100,103,4,54,67,107,3,82,62,34,80,90,109,31,106,20,113,21,25,127,83,53,49,101,108,12,11,93,19,111,114,71,79,48,92,18,122,
machine15:0,96,52,36,85,64,74,84,119,94,117,129,23,59,126,95,115,110,123,89,24,30,27,81,43,66,125,2,72,46,5,38,10,32,105,40,58,57,75,45,130,100,4,54,78,3,82,62,8,34,80,109,106,102,86,113,47,127,83,91,42,53,56,65,49,101,108,29,12,112,11,93,19,44,111,114,48,92,33,122,61,
machine16:0,7,28,73,77,52,69,36,99,51,85,64,74,119,50,16,13,94,129,26,55,23,59,126,95,115,110,123,89,30,87,27,81,43,70,76,66,125,2,72,46,5,121,118,38,120,128,15,14,10,32,63,105,124,58,57,6,45,130,116,35,100,103,39,97,4,54,67,78,107,3,82,62,8,34,80,90,109,31,106,102,86,20,113,21,25,127,83,91,42,53,60,1,56,65,49,101,108,29,12,112,11,19,44,114,71,79,48,92,33,18,122,61,
machine17:0,37,88,28,73,52,68,69,99,51,85,74,84,119,16,13,117,26,55,126,95,41,115,110,89,98,24,87,27,81,22,43,70,76,66,125,2,46,5,121,118,38,128,15,14,10,32,63,124,40,58,57,75,45,130,116,35,100,103,39,17,97,4,54,67,78,107,3,82,8,34,80,90,109,31,106,102,86,20,113,21,47,25,127,83,91,42,53,60,1,56,65,49,101,108,12,112,11,93,19,44,111,114,71,79,48,92,33,18,122,61,
machine18:0,7,52,69,36,51,84,119,50,16,13,94,117,129,55,59,95,9,110,123,98,24,30,27,81,43,70,76,125,2,72,5,38,120,128,15,10,124,40,58,75,45,130,116,35,103,78,107,3,82,8,34,80,90,31,102,86,113,21,47,25,127,83,91,53,60,1,101,108,29,12,112,11,93,19,44,111,114,71,48,92,18,122,61,
machine19:0,96,28,77,68,69,99,85,50,16,94,117,55,95,41,110,98,24,22,66,125,2,72,121,38,15,10,32,63,105,124,40,58,57,75,6,45,130,116,35,100,103,4,67,107,3,82,62,80,90,109,31,106,20,21,47,25,83,91,42,53,60,56,65,49,101,108,112,93,19,44,111,114,71,79,48,92,33,18,122,61,
machine20:0,88,7,28,73,99,51,85,119,13,94,117,55,23,59,41,9,110,24,30,87,27,43,70,66,2,72,46,120,128,15,14,10,105,124,58,6,130,116,100,103,39,17,97,4,54,67,78,107,82,62,34,80,90,109,31,106,102,86,20,113,47,25,83,42,53,60,1,56,65,49,101,108,29,12,112,11,93,19,44,111,114,71,79,48,92,33,18,122,61,
machine21:0,88,7,28,73,68,69,99,74,119,50,16,13,94,117,104,26,23,59,41,9,115,123,89,24,87,27,81,22,70,76,66,125,46,5,121,120,128,15,14,10,32,63,40,6,45,116,35,100,103,39,17,97,4,54,67,78,107,3,82,62,8,34,80,90,109,31,106,102,86,20,113,21,47,25,127,83,91,42,53,60,56,65,49,101,108,29,12,112,11,93,19,44,111,114,71,79,48,92,33,18,61,
machine22:0,37,88,28,52,68,36,99,64,74,84,50,16,94,117,129,26,59,126,95,115,110,123,89,98,24,30,81,43,70,76,66,125,2,72,121,118,120,128,14,32,63,105,124,40,58,57,75,6,45,130,116,35,100,103,17,97,54,67,78,107,3,82,62,8,34,80,90,109,31,106,102,86,20,113,21,47,25,127,83,91,42,53,60,1,56,49,101,108,29,12,112,11,93,19,111,71,79,48,92,33,18,122,61,
machine23:0,7,28,77,69,36,99,64,84,59,9,110,89,98,27,70,76,125,2,72,5,118,120,128,15,32,63,105,124,40,58,6,45,130,35,100,103,97,54,67,78,107,3,82,62,8,34,80,90,109,102,86,20,113,21,47,25,127,83,91,42,53,60,1,56,65,49,101,108,29,12,112,11,19,44,111,71,79,48,92,33,122,61,
machine24:0,96,88,28,52,36,74,84,119,13,94,26,23,110,89,98,24,30,22,43,70,125,2,72,46,38,120,128,14,10,32,105,124,58,57,45,130,35,100,103,39,17,4,54,67,78,3,82,62,8,90,109,31,106,102,86,20,113,21,47,25,127,91,42,53,60,1,65,49,101,108,29,112,11,93,19,111,114,71,48,92,33,18,122,61,
machine25:0,73,52,68,69,51,85,64,74,119,50,16,94,117,104,23,59,95,9,123,89,98,24,30,27,81,22,43,76,125,2,72,5,121,38,120,15,14,32,63,105,124,58,57,75,6,45,130,35,103,97,4,67,78,107,3,82,8,80,31,106,102,20,113,21,47,25,127,83,91,42,53,56,65,101,108,29,12,112,11,93,19,44,111,114,71,79,48,92,33,18,122,61,
machine26:0,28,73,77,68,36,99,51,64,74,84,119,50,16,13,94,117,129,104,26,55,23,59,41,115,89,98,30,87,81,22,43,70,76,66,2,72,46,5,121,118,38,120,128,14,10,32,63,105,124,40,58,75,6,45,130,116,35,100,103,39,17,97,4,54,67,78,107,3,82,62,8,34,80,90,109,31,106,102,86,20,113,21,47,25,127,83,91,42,60,1,65,49,101,108,29,12,112,11,93,19,44,111,114,71,79,48,92,33,18,122,61,
machine27:0,37,88,73,52,68,69,64,74,119,50,16,13,94,104,26,23,59,126,95,9,123,89,98,24,87,27,81,70,66,125,2,72,46,5,38,120,128,15,14,63,105,124,40,58,57,75,6,45,130,116,35,100,103,39,17,97,4,67,78,107,82,62,8,34,80,90,109,31,106,102,20,113,21,47,25,127,83,91,42,53,60,1,56,65,49,108,29,12,112,11,93,44,111,114,71,79,48,92,33,18,122,61,
machine28:0,96,37,7,73,77,52,36,99,64,74,119,50,117,104,26,23,59,95,41,9,115,110,123,89,98,24,81,22,70,76,66,125,2,72,46,5,121,38,15,14,10,63,105,40,57,75,6,45,130,116,35,100,103,39,17,97,4,54,67,78,107,3,82,62,8,34,80,90,109,106,102,86,20,113,21,47,25,127,83,91,42,53,60,1,56,65,49,101,108,29,12,112,11,93,19,44,111,114,71,79,48,92,33,18,122,61,
machine29:0,37,88,7,28,69,36,51,85,64,84,119,50,16,13,94,117,129,104,26,55,59,41,9,110,123,89,98,24,87,81,66,72,46,118,38,128,15,14,10,32,63,105,124,40,57,75,6,45,130,116,35,100,103,39,17,97,54,67,107,3,62,8,34,80,90,109,31,106,102,86,20,113,21,47,25,127,83,91,42,53,60,1,56,49,101,108,29,12,112,19,44,111,71,79,48,92,33,18,122,61,
machine30:0,37,88,68,69,99,85,64,50,16,117,129,104,41,9,110,123,89,98,24,87,27,81,22,43,70,76,125,72,46,121,118,38,120,15,105,40,57,6,45,130,116,100,103,39,17,97,4,54,78,107,3,82,62,8,34,80,31,106,102,86,20,113,21,25,127,83,91,42,53,60,65,49,101,108,12,11,93,19,44,111,114,71,79,92,18,61,
machine31:0,88,7,28,52,68,99,74,119,50,16,129,26,59,41,110,123,89,24,30,87,27,81,43,70,125,72,5,121,118,38,120,128,15,14,10,63,124,58,57,75,6,45,130,116,100,103,39,17,97,4,67,3,82,62,34,80,90,109,31,106,102,20,113,21,127,91,42,53,60,1,56,49,101,108,29,12,112,11,93,19,44,114,71,79,48,92,33,18,122,61,
machine32:0,96,73,77,51,74,84,13,94,117,129,104,26,23,59,126,95,41,115,110,123,89,98,24,27,81,43,70,66,125,2,5,118,38,120,15,14,10,32,63,124,58,57,130,116,100,39,17,4,54,67,78,107,82,62,34,109,106,102,86,20,113,21,47,25,127,83,91,42,53,60,1,56,65,49,101,29,12,112,11,93,19,44,111,114,71,79,92,18,61,

1to 1:
1to 2:1,2,3,4,5,6,8,9,10,18,24,25,26,33,40,41,45,48,49,50,51,54,57,58,61,64,66,67,75,76,78,80,81,82,86,87,89,90,96,97,98,101,105,106,107,110,120,123,127,130,11,12,14,19,21,22,29,30,32,34,35,42,44,52,53,60,72,85,92,95,102,103,111,112,114,121,122,124,126,128,
1to 3:4,9,10,13,17,18,19,23,25,31,33,35,36,39,41,42,44,45,46,47,48,52,53,56,57,58,59,60,61,66,77,80,81,83,84,86,87,89,92,96,97,98,100,104,105,106,107,115,119,123,124,127,128,130,3,11,12,21,24,26,34,43,49,64,65,68,72,74,85,112,113,114,118,121,122,
1to 4:4,5,10,12,14,18,19,20,21,25,29,31,33,38,39,42,45,46,48,51,54,55,57,58,59,66,67,68,73,76,77,79,80,81,82,86,89,90,92,95,98,100,101,103,105,108,110,115,119,122,123,125,126,127,3,6,17,26,27,32,35,43,49,53,60,62,65,69,74,85,99,113,114,124,128,
1to 5:5,6,8,10,15,19,23,25,29,30,31,33,35,38,39,40,43,44,45,47,48,55,56,57,58,59,60,61,67,68,69,71,73,75,76,78,82,84,90,98,101,106,108,110,116,119,120,122,125,128,3,12,24,32,53,62,72,83,85,86,91,92,95,97,99,103,105,107,111,112,113,114,124,
1to 6:2,4,9,10,11,14,18,19,20,21,25,33,37,40,42,45,46,47,48,50,52,53,54,56,57,58,60,61,63,64,66,67,68,69,71,73,75,76,78,79,80,82,84,87,89,92,93,95,97,100,105,107,108,110,115,116,119,120,122,123,124,127,130,3,6,12,17,24,32,43,49,59,65,72,74,86,90,99,101,103,113,121,128,
1to 7:1,2,4,6,9,10,12,13,15,18,19,26,29,30,31,34,38,39,44,45,48,51,52,54,57,58,59,70,71,73,75,77,78,79,83,86,89,90,98,102,105,106,108,110,113,119,120,123,125,127,130,3,11,21,22,24,27,32,42,43,53,64,67,68,69,74,85,92,97,104,107,122,124,
1to 8:1,2,4,5,6,10,13,15,23,25,28,31,32,35,38,39,41,45,46,47,48,50,51,54,59,61,66,67,69,71,73,75,78,79,81,83,84,89,92,95,97,98,101,103,105,106,108,113,116,119,120,122,123,124,127,128,130,3,11,12,17,21,22,26,27,29,34,44,49,53,62,64,65,68,72,90,91,104,107,111,114,121,
1to 9:1,2,5,6,11,12,14,15,18,19,22,29,33,34,37,41,42,44,45,47,48,50,53,54,55,56,57,59,60,61,69,71,75,77,78,79,86,89,90,92,96,98,100,105,106,110,119,122,123,124,125,130,3,17,26,64,67,74,93,99,101,103,104,107,111,112,121,
1to 10:1,8,9,10,15,18,24,25,28,29,38,39,41,43,44,45,47,48,49,50,51,54,56,57,58,61,70,73,75,76,78,81,82,84,85,86,87,90,92,93,98,100,104,110,114,116,123,124,125,127,129,130,3,4,7,11,12,14,17,19,21,34,53,60,64,68,79,91,97,99,101,103,107,113,118,120,
2to 1:2,3,4,5,8,11,17,19,21,24,26,31,34,35,36,37,38,39,41,42,45,51,53,56,57,58,63,67,68,71,79,82,85,86,90,91,92,93,95,97,98,100,102,105,106,107,108,110,111,113,114,116,119,121,123,127,128,130,1,12,29,30,32,44,47,48,50,54,60,61,72,75,78,83,84,87,89,103,122,124,
2to 2:
2to 3:1,4,5,8,9,10,11,17,18,19,24,27,31,34,35,38,43,44,46,53,56,57,58,59,60,61,63,66,67,75,77,78,80,82,83,91,93,94,98,100,102,104,106,107,109,112,113,114,116,117,119,121,127,128,130,3,6,12,21,25,29,30,32,33,39,42,45,47,48,54,71,72,81,92,95,101,103,108,111,118,124,126,
2to 4:1,2,8,10,11,14,16,18,19,20,21,25,26,27,31,34,35,41,42,46,47,49,50,51,53,56,57,58,59,64,67,68,71,77,78,79,82,83,84,86,87,90,91,94,99,100,105,107,108,110,112,113,114,115,119,121,123,124,130,3,6,12,13,29,30,32,33,39,44,45,48,52,54,60,61,63,72,81,92,95,101,102,103,106,109,111,118,122,
2to 5:1,2,4,5,7,9,11,16,18,22,24,29,31,34,35,36,38,40,41,43,44,45,49,53,56,58,59,60,61,63,65,66,67,78,79,80,81,82,85,88,90,92,93,94,98,99,100,105,107,108,109,110,111,113,114,119,120,121,125,127,128,3,12,14,19,21,25,32,42,47,48,50,54,71,72,75,83,91,101,102,103,106,112,122,
2to 6:1,5,10,11,12,16,17,18,19,20,22,24,26,29,31,35,37,39,40,41,43,46,49,53,56,57,58,59,67,69,79,80,82,86,87,88,90,91,93,97,99,100,103,106,109,110,111,112,114,116,117,119,120,121,123,125,128,130,3,6,14,32,33,42,48,50,54,60,61,63,81,89,92,95,101,102,108,124,
2to 7:4,5,7,8,9,11,12,18,19,24,26,27,29,31,33,34,35,36,38,42,46,49,53,54,56,58,59,61,62,63,65,70,78,82,83,86,90,91,92,93,97,98,99,100,103,104,109,110,111,113,114,120,121,123,124,125,127,3,14,25,30,32,44,45,47,48,50,71,72,84,89,101,102,106,108,112,118,122,128,130,
2to 8:2,3,4,5,8,9,16,17,20,21,23,24,26,27,29,33,34,36,38,41,42,44,45,46,47,49,50,51,56,57,58,62,63,64,65,66,67,69,75,78,79,81,83,87,88,90,91,93,94,97,98,99,100,104,107,108,109,113,114,116,120,121,123,127,130,1,6,12,14,25,30,31,35,39,48,60,61,71,72,84,92,101,102,111,112,118,122,128,
2to 9:2,3,7,9,10,11,12,17,19,21,29,34,36,37,41,42,46,49,50,53,57,60,64,67,72,75,76,77,80,81,82,83,88,90,92,93,98,100,102,103,104,105,108,109,110,113,114,116,123,127,130,1,6,8,14,22,32,33,39,44,45,47,48,54,61,63,71,78,84,87,89,91,95,106,111,112,124,128,
2to 10:3,4,11,12,16,17,18,19,20,24,26,29,32,34,38,39,41,43,46,47,48,49,51,53,57,58,60,62,63,65,70,71,72,75,78,79,80,82,85,86,87,88,90,91,93,97,98,99,100,103,104,106,107,110,112,114,118,120,121,123,127,128,130,1,14,42,44,45,50,54,61,81,84,89,92,101,102,111,124,
3to 1:1,2,3,4,5,6,8,10,12,15,18,19,21,25,26,30,32,35,37,42,43,44,45,47,48,49,50,51,54,57,59,61,69,70,72,73,74,75,78,81,82,86,90,91,93,95,97,101,104,105,107,108,109,111,121,122,123,124,125,127,11,29,33,38,53,56,60,76,79,83,92,96,98,114,118,119,128,
3to 2:1,2,5,10,11,18,19,21,22,25,26,27,33,34,35,38,40,42,44,45,46,47,48,49,52,56,58,60,61,62,63,67,68,69,70,71,72,75,78,81,82,83,86,87,90,93,101,102,106,108,109,111,113,114,122,127,130,12,24,29,32,53,54,57,65,79,85,88,89,92,100,110,117,126,128,
3to 3:
3to 4:3,4,5,6,8,10,13,16,19,20,21,24,25,31,32,33,34,35,42,43,45,51,53,54,56,58,62,67,69,71,72,73,74,78,80,81,82,88,89,91,93,99,102,103,105,106,108,109,112,113,114,118,121,122,124,125,130,11,12,18,27,28,29,41,46,55,57,70,76,79,83,87,92,101,110,116,117,127,128,
3to 5:2,4,5,6,8,10,12,13,15,16,18,19,21,25,27,30,31,32,33,35,40,42,43,44,45,46,47,48,49,50,54,57,59,62,67,69,70,71,72,78,79,80,81,82,86,90,91,93,94,99,101,102,106,108,109,111,112,113,117,120,121,128,130,11,24,29,41,53,55,56,65,77,83,85,92,95,96,98,100,103,105,110,114,119,
3to 6:3,4,5,6,10,11,12,13,16,17,20,21,25,31,33,34,37,40,42,43,44,48,49,50,53,57,58,59,61,63,70,73,74,80,81,82,87,90,94,97,99,100,102,104,105,106,108,109,112,113,120,121,122,123,124,125,127,18,24,32,41,46,47,54,56,65,79,83,88,92,95,101,103,114,115,116,
3to 7:1,3,5,6,10,11,15,17,21,24,25,29,30,32,33,34,44,48,49,50,54,56,58,59,67,68,72,74,77,80,82,86,89,91,93,94,98,101,106,109,111,112,113,117,120,122,123,124,4,9,12,16,18,27,35,38,42,45,47,53,60,62,65,70,71,92,103,105,114,127,128,
3to 8:1,2,4,5,6,8,10,15,18,19,20,21,25,26,27,28,31,32,34,44,48,51,53,57,59,60,61,68,72,74,80,81,82,83,84,87,91,93,97,101,102,105,106,108,109,111,112,114,117,120,121,122,123,127,12,17,24,29,33,35,36,38,42,45,46,47,54,56,62,65,70,77,79,86,88,92,95,98,100,103,119,126,128,129,
3to 9:5,6,8,10,11,13,15,17,19,21,24,26,29,33,34,37,44,45,48,53,54,59,60,61,67,72,75,80,81,83,86,87,89,94,96,99,102,104,105,106,108,109,111,112,117,118,124,127,130,4,12,18,41,46,47,55,56,57,77,88,98,100,101,103,114,116,119,
3to 10:2,4,6,9,10,12,13,15,20,21,25,26,28,29,31,33,38,43,44,45,47,48,49,50,51,57,58,59,61,62,67,68,72,73,74,78,79,80,81,89,92,94,97,98,99,101,102,106,109,113,117,118,120,121,123,125,129,8,11,16,17,18,24,27,34,41,42,53,56,65,71,88,103,110,127,
4to 1:1,4,6,12,13,17,21,23,26,28,29,31,32,33,34,35,37,41,42,47,48,49,51,52,53,54,56,57,58,63,66,67,68,71,74,76,81,83,84,86,91,95,98,101,106,110,111,113,114,115,118,119,120,122,123,124,125,130,3,5,11,15,16,18,20,25,30,39,43,45,46,55,60,61,64,73,78,79,90,92,102,107,108,116,126,127,
4to 2:1,3,4,8,10,12,13,16,17,18,20,21,22,23,24,25,26,31,32,34,35,39,41,42,44,48,49,51,54,56,57,58,61,63,66,67,71,72,75,76,78,80,85,86,90,93,94,95,98,99,101,102,103,106,108,109,113,114,117,122,128,19,29,33,38,45,46,53,60,82,83,87,92,97,100,107,116,123,124,130,
4to 3:4,6,8,13,16,18,20,21,28,32,33,34,35,42,47,48,49,57,58,65,66,67,68,69,72,73,75,78,80,81,85,89,91,93,95,98,102,103,108,109,112,114,119,122,128,5,11,25,27,38,44,53,55,56,61,63,70,71,74,76,82,83,90,92,101,113,115,121,125,127,130,
4to 4:
4to 5:1,4,6,10,11,16,18,19,24,25,28,30,31,35,41,42,43,45,47,49,52,53,56,57,62,63,67,68,69,71,73,76,81,85,86,91,92,93,94,95,98,99,100,101,103,106,109,113,114,119,122,123,125,127,128,5,8,13,15,20,29,38,39,40,44,55,60,61,65,66,70,75,78,80,82,83,87,90,97,102,107,108,110,112,116,124,130,
4to 6:1,2,5,6,8,10,12,13,14,17,20,24,26,27,31,32,33,34,35,37,39,40,42,46,48,49,54,57,58,59,61,66,67,68,74,79,80,81,83,86,92,93,94,99,101,103,107,109,112,114,115,119,122,124,127,15,16,18,25,53,56,60,69,70,73,76,82,90,100,102,106,108,113,116,117,123,130,
4to 7:2,3,4,5,11,12,17,21,23,26,29,30,31,32,33,34,35,39,42,45,47,48,49,51,52,53,54,56,58,59,62,67,69,70,72,74,80,84,85,86,89,91,92,93,94,102,105,106,114,122,123,124,127,128,13,18,19,20,25,46,60,61,63,65,71,73,82,83,90,99,101,108,113,121,125,130,
4to 8:1,8,10,18,19,24,26,31,32,33,34,35,39,44,45,48,49,51,52,53,54,56,58,59,63,66,67,71,72,75,78,81,84,89,90,91,92,98,102,103,107,114,115,119,122,123,124,128,3,5,13,16,20,25,28,42,46,50,55,60,61,65,69,70,73,74,79,80,82,83,86,87,97,99,100,106,108,109,113,121,125,127,130,
4to 9:1,4,6,10,12,16,19,21,25,26,33,34,37,39,42,45,47,48,53,54,56,57,59,67,71,73,74,75,81,82,84,86,89,91,94,99,101,103,109,114,118,119,122,125,129,3,15,20,29,49,55,60,61,70,76,90,92,97,100,102,106,107,110,112,113,123,127,130,
4to 10:4,5,6,7,8,12,15,16,17,18,21,23,24,26,31,32,33,34,41,43,45,49,51,53,56,57,58,59,60,62,67,68,69,70,72,74,76,78,80,81,84,89,91,93,94,103,106,109,113,114,115,116,118,120,122,123,124,125,129,130,1,3,11,19,20,25,28,29,39,42,46,50,61,63,65,71,79,82,87,97,99,100,101,102,108,110,121,127,
5to 1:1,2,4,6,7,10,11,15,16,18,23,25,29,30,31,32,33,35,40,41,42,44,47,48,49,51,52,54,58,60,61,68,69,70,71,73,75,77,78,80,86,87,91,92,98,103,106,110,111,112,113,114,119,120,124,128,130,12,14,19,21,22,38,53,55,66,79,82,85,90,93,96,101,107,122,125,127,
5to 2:3,7,10,16,18,19,24,29,31,35,38,45,47,51,54,57,58,60,62,65,66,69,70,71,77,85,90,92,99,101,103,106,107,108,109,110,112,114,116,117,120,123,124,128,130,1,2,6,12,13,14,25,40,41,42,43,44,48,49,50,53,72,78,82,83,93,96,98,102,111,122,127,
5to 3:1,4,5,6,7,10,11,15,16,18,23,24,25,27,34,35,36,38,45,46,47,54,56,57,58,59,60,62,65,68,72,77,78,80,82,88,92,94,95,103,106,107,108,111,112,114,117,122,124,128,13,29,31,40,43,44,48,50,53,67,71,83,91,93,96,101,102,105,125,127,
5to 4:3,4,5,7,10,12,15,16,19,20,24,25,27,28,29,32,38,41,44,45,49,51,53,54,55,57,58,59,60,61,62,68,69,70,80,82,86,94,95,98,99,101,103,105,106,107,109,110,112,114,117,122,127,129,14,34,40,42,48,66,67,71,75,79,83,90,91,92,93,102,125,
5to 5:
5to 6:1,4,6,12,16,18,19,20,21,25,31,32,33,41,43,47,50,54,56,60,61,62,63,69,71,72,73,78,79,80,83,86,88,90,94,95,97,103,105,106,107,109,110,111,112,114,116,117,120,123,124,130,2,24,29,44,48,53,59,66,67,75,82,91,92,93,102,108,122,125,127,
5to 7:4,5,6,7,10,12,15,17,18,24,25,27,32,35,46,47,49,58,60,61,62,65,68,69,71,73,75,77,78,80,86,94,95,99,100,101,103,106,107,108,110,111,112,113,114,117,122,130,1,2,3,13,19,21,29,31,34,38,40,42,48,59,67,70,79,82,83,90,91,92,93,97,98,102,105,127,
5to 8:1,4,10,12,14,15,16,18,19,20,25,27,28,29,32,35,40,41,42,45,46,47,50,51,54,55,58,61,62,65,66,68,69,70,71,72,73,78,82,84,90,92,94,99,100,101,103,106,107,108,109,111,112,114,116,117,119,120,121,122,127,128,129,130,2,8,13,24,31,38,43,44,48,59,67,80,83,91,93,98,105,
5to 9:3,4,5,7,10,12,15,16,20,24,25,41,47,50,53,55,56,61,65,69,76,77,78,80,82,86,87,90,91,92,94,95,97,98,101,103,106,107,108,109,110,111,112,114,117,119,123,124,129,130,1,2,14,19,21,29,31,38,42,48,59,66,67,71,72,75,83,93,96,105,127,
5to 10:2,3,4,5,7,9,10,11,15,17,18,19,20,25,28,30,39,41,42,45,46,47,48,51,56,60,61,65,68,71,72,75,77,78,80,82,86,90,92,94,95,98,99,100,101,103,106,107,109,111,112,116,117,120,124,129,130,12,14,22,24,29,31,34,40,43,44,49,53,58,59,62,66,67,70,83,85,91,93,97,105,110,114,122,125,127,
6to 1:2,6,10,11,12,14,16,18,22,23,26,30,33,34,35,39,40,41,45,46,47,48,49,53,56,57,60,61,66,67,68,70,73,74,75,76,78,82,83,86,89,90,95,98,100,103,105,106,107,111,113,116,119,121,122,124,3,8,17,19,20,21,24,25,29,31,32,42,43,44,50,54,58,59,63,79,92,93,97,115,120,123,125,127,
6to 2:2,4,6,10,13,14,17,19,25,29,33,34,35,40,41,43,45,46,50,52,53,56,57,60,62,63,65,66,70,83,87,88,89,90,100,103,105,106,111,114,115,116,117,120,122,124,125,130,1,3,5,12,18,20,21,24,31,32,42,47,48,49,54,58,59,64,67,71,72,75,78,80,82,91,92,93,97,99,101,102,108,109,113,123,128,
6to 3:1,3,4,6,10,13,19,24,25,33,35,39,40,42,43,45,47,49,53,54,56,57,60,62,67,68,73,74,76,83,86,88,89,94,95,100,102,103,105,111,112,113,114,115,116,121,123,130,5,8,9,12,17,18,21,29,31,32,34,48,58,59,63,65,66,70,75,78,79,80,81,82,91,92,101,108,109,127,
6to 4:4,6,11,12,14,15,16,17,19,21,24,25,28,32,33,34,35,39,42,45,47,48,49,54,58,60,62,66,68,73,74,76,79,80,82,86,87,88,89,90,92,94,98,103,105,106,107,109,112,114,116,121,122,123,126,128,130,1,3,5,8,18,31,43,50,53,56,61,63,67,70,78,93,97,99,100,101,102,108,113,115,124,125,
6to 5:2,3,10,11,16,17,19,20,23,24,32,33,40,41,47,56,60,62,65,70,73,78,82,83,86,88,90,92,94,97,99,100,103,105,106,107,109,111,112,113,114,116,117,120,121,122,124,1,6,12,15,31,42,43,44,48,49,53,58,59,67,71,72,79,80,91,93,101,102,108,125,127,
6to 6:
6to 7:4,10,11,12,13,14,19,20,21,26,32,33,34,35,39,42,46,48,49,57,59,60,68,82,83,89,90,94,95,97,100,105,106,109,111,117,121,122,124,130,2,3,6,9,17,18,24,25,29,30,31,47,53,54,56,62,63,65,67,71,79,80,91,92,93,99,101,102,108,113,120,125,127,128,
6to 8:3,8,10,13,15,16,17,18,24,25,29,35,39,42,45,46,47,53,58,59,61,63,67,68,70,73,74,79,80,82,83,84,87,88,89,90,92,97,99,100,103,105,107,109,111,113,114,116,117,119,122,129,130,2,6,12,20,31,34,50,54,62,64,65,66,71,72,75,78,93,101,102,108,112,120,121,123,124,127,
6to 9:4,10,14,19,21,26,34,35,40,46,47,49,57,60,61,63,65,73,76,87,88,89,90,95,98,99,103,105,106,107,111,112,116,119,122,130,1,2,3,6,8,17,20,24,25,29,33,48,50,53,54,56,59,64,67,71,75,79,80,81,82,86,92,97,100,102,108,109,115,123,124,125,127,
6to 10:2,4,6,7,10,12,14,16,18,19,22,26,33,39,41,42,46,47,48,54,57,59,60,61,63,68,74,75,80,82,86,87,88,90,92,95,97,98,99,101,104,106,110,113,114,116,117,118,120,121,129,1,3,17,20,21,24,29,32,34,43,49,53,58,62,65,67,71,72,79,81,93,100,102,108,123,124,127,
7to 1:2,4,6,7,8,10,11,17,18,24,25,29,35,39,43,45,48,54,56,58,61,71,75,78,79,80,84,89,91,96,97,98,101,104,106,108,111,113,119,124,125,128,130,3,5,12,19,21,23,27,32,34,44,47,49,53,59,60,62,65,67,68,72,74,86,90,92,93,103,105,114,118,120,121,122,
7to 2:2,3,4,5,6,7,8,17,19,21,22,24,25,29,32,35,36,39,44,47,49,50,52,54,56,57,58,64,65,78,81,85,88,91,92,93,98,99,100,101,105,106,107,109,112,113,114,119,120,124,1,9,11,12,14,16,27,33,34,48,61,63,67,68,71,72,82,83,90,102,103,108,111,122,128,130,
7to 3:4,5,7,8,9,17,19,24,26,29,32,33,34,45,48,49,53,54,56,57,58,61,67,71,76,78,80,84,89,91,92,93,94,98,101,103,105,106,108,109,111,112,117,125,130,18,21,25,30,31,36,42,44,46,47,59,60,62,69,72,102,104,113,114,122,127,128,
7to 4:2,4,5,7,8,13,20,24,26,28,29,33,35,39,43,44,56,58,61,67,69,70,78,79,80,91,92,93,94,97,98,100,101,102,107,109,112,119,122,123,124,125,128,130,1,11,12,15,18,19,21,25,30,31,32,34,38,42,47,49,53,60,71,72,74,82,86,90,99,105,108,113,127,
7to 5:2,6,10,13,15,17,18,21,22,24,25,29,31,35,39,43,45,48,53,54,56,67,71,77,78,80,84,85,91,93,94,96,99,101,102,106,109,111,113,114,119,120,124,125,127,1,12,19,27,30,33,38,42,47,60,61,62,65,68,69,82,90,92,103,105,107,108,122,128,130,
7to 6:4,6,10,13,15,18,21,22,24,27,32,33,35,39,45,49,50,54,58,60,64,74,76,80,84,86,88,89,91,92,93,94,99,101,106,107,109,111,112,120,124,127,128,130,1,3,11,12,16,17,19,20,23,25,30,34,40,42,47,48,53,59,61,62,63,65,67,68,70,71,79,82,83,90,97,103,105,108,113,114,122,125,
7to 7:
7to 8:2,4,6,10,20,24,25,26,29,34,35,36,39,45,50,54,56,58,59,65,67,71,72,74,77,78,80,86,88,89,91,97,100,101,102,106,108,109,114,119,120,127,130,3,8,11,14,15,16,18,23,30,31,32,38,42,47,48,62,68,83,92,93,103,104,105,111,112,122,128,
7to 9:2,3,4,6,8,10,13,17,24,26,29,35,36,39,44,45,48,50,53,54,57,65,71,75,77,78,80,88,89,90,92,93,96,98,100,101,102,106,109,112,113,119,127,11,12,16,19,21,33,42,47,49,59,60,61,62,67,72,83,91,97,103,104,105,108,111,114,118,122,130,
7to 10:2,3,4,5,10,12,13,15,17,18,19,21,24,25,29,31,32,39,42,43,44,47,48,54,57,58,60,61,62,64,65,71,72,74,75,80,84,86,88,89,91,93,98,100,101,105,106,110,112,119,123,124,127,128,130,1,9,11,16,20,27,30,34,38,49,53,59,67,69,70,82,92,102,104,113,114,118,120,121,125,
8to 1:1,4,6,8,15,18,21,23,24,26,30,35,36,38,39,42,44,46,47,48,53,58,59,67,68,70,71,72,75,77,78,80,81,82,83,84,90,92,93,97,98,101,102,103,104,105,106,114,118,120,123,128,129,130,2,3,10,11,12,13,14,17,29,33,45,49,50,56,60,61,73,79,86,91,100,107,111,113,119,121,122,124,127,
8to 2:1,2,4,16,17,19,21,24,25,26,31,32,35,38,42,44,45,46,47,48,51,56,61,62,63,65,67,68,70,72,75,77,81,82,83,92,93,100,102,103,105,108,111,112,116,117,123,128,3,8,11,12,18,29,33,36,39,41,49,54,58,60,64,78,80,84,89,94,98,106,107,109,113,114,120,121,122,124,127,
8to 3:4,6,16,25,27,29,31,35,38,39,42,46,48,56,58,59,60,62,67,71,72,75,78,83,84,101,102,104,108,109,112,114,115,121,123,127,128,129,130,2,3,5,8,10,11,12,18,28,33,34,41,44,45,47,50,53,54,57,61,65,73,80,86,92,93,98,100,103,111,113,116,117,119,124,126,
8to 4:3,6,11,16,18,20,24,25,26,29,31,32,33,35,38,39,45,47,48,50,51,56,62,63,64,68,70,72,92,94,99,100,101,102,105,109,111,115,2,4,5,8,10,12,13,28,36,42,44,54,58,61,67,74,78,79,80,82,86,89,91,97,103,107,112,113,114,119,122,123,124,127,130,
8to 5:3,5,6,10,11,15,16,18,20,23,30,31,35,36,38,40,45,46,47,58,61,65,66,70,72,75,78,80,81,82,83,84,88,90,91,97,98,101,102,103,105,107,109,112,113,116,117,120,124,128,130,2,13,14,21,22,25,29,42,44,53,55,56,60,62,67,92,93,94,100,111,114,119,122,
8to 6:4,6,15,16,17,18,19,20,21,24,25,26,29,31,32,33,35,39,45,48,59,60,62,67,71,73,81,82,83,84,90,94,97,101,102,104,105,108,114,115,123,125,128,129,130,2,3,8,10,12,13,14,22,27,28,36,42,43,47,49,58,63,64,74,76,78,79,80,86,91,92,100,103,106,107,109,111,112,113,116,119,120,122,124,127,
8to 7:1,3,6,10,14,15,17,19,24,26,29,30,31,32,35,38,42,46,47,48,51,54,60,61,65,67,70,72,73,91,93,94,97,98,100,101,102,105,112,113,117,119,120,124,127,130,2,4,5,8,11,12,18,21,23,28,36,39,45,49,58,62,74,78,84,86,89,92,95,103,106,107,111,114,122,
8to 8:
8to 9:1,2,3,4,6,15,16,19,20,24,29,39,42,45,48,50,54,67,71,72,75,77,81,83,88,90,91,93,94,101,102,104,105,109,111,112,114,118,121,123,127,130,5,8,10,11,12,13,14,21,26,33,34,35,37,41,44,53,55,57,60,61,63,65,73,79,89,92,95,98,100,106,107,
8to 10:1,6,8,15,18,19,20,24,29,38,39,42,45,46,50,53,54,58,65,67,70,72,77,81,82,84,92,94,97,102,104,109,114,116,117,118,120,121,125,127,130,2,3,4,5,10,11,12,13,17,21,25,26,31,34,37,41,43,44,49,51,60,61,62,64,66,74,78,87,91,95,100,106,111,112,123,129,
9to 1:1,2,3,11,12,14,17,18,19,24,25,26,29,35,37,42,44,45,47,49,50,51,53,59,60,66,70,74,77,83,86,89,90,91,92,98,100,101,103,104,105,110,111,116,118,121,127,4,6,7,10,15,21,22,23,33,36,39,41,48,52,54,56,57,61,63,67,71,73,75,81,82,84,95,107,109,112,119,123,124,128,
9to 2:1,3,8,11,12,13,14,19,24,26,33,34,35,36,37,40,42,44,46,47,49,51,53,54,60,66,67,70,77,83,86,89,90,92,97,98,99,100,101,102,105,106,107,110,112,114,116,122,123,127,4,7,9,10,17,21,22,23,32,41,45,48,56,57,61,63,71,75,81,87,91,93,109,111,113,117,119,
9to 3:3,4,6,10,11,12,18,19,20,21,24,25,31,34,37,42,44,48,49,53,57,59,60,61,62,67,72,75,77,80,86,89,94,98,100,101,103,104,105,106,107,108,112,113,117,118,122,123,125,127,7,8,9,15,29,32,33,35,45,46,47,54,56,71,79,81,84,87,88,91,95,96,109,111,114,119,
9to 4:3,4,6,12,14,16,21,26,28,31,34,35,37,38,42,44,48,50,51,55,57,59,60,61,62,63,66,67,69,70,71,72,77,87,89,90,92,94,97,99,102,105,106,112,117,121,122,124,127,130,2,5,7,10,19,22,25,29,32,33,39,45,49,56,64,73,81,82,86,91,103,107,109,114,119,123,
9to 5:1,2,6,7,8,12,16,24,33,42,45,53,55,57,59,60,62,66,67,70,75,80,82,83,86,88,92,93,94,100,101,103,105,108,110,112,121,122,10,15,19,25,29,36,38,40,41,47,48,49,56,63,71,84,90,96,98,106,107,109,111,113,114,116,117,119,124,127,
9to 6:3,6,12,14,16,17,18,19,21,24,29,34,35,37,39,40,42,45,48,53,54,56,59,60,62,66,74,80,82,86,89,90,94,100,104,105,106,108,112,114,116,117,121,127,1,8,9,10,20,22,25,33,47,49,57,67,71,73,78,79,84,87,88,93,109,111,123,125,128,
9to 7:3,6,7,11,12,18,21,25,33,35,44,45,47,48,54,56,57,59,60,65,67,69,71,72,80,89,90,92,93,94,97,99,101,102,105,106,107,109,114,122,124,125,127,130,1,8,9,10,14,17,19,22,23,29,36,39,49,61,76,82,86,91,96,100,108,111,112,113,117,119,123,
9to 8:1,3,8,12,15,16,17,20,24,26,31,33,34,35,36,38,42,48,49,50,51,54,55,59,62,67,70,71,72,74,87,89,90,92,97,98,101,102,104,105,108,109,112,121,124,125,127,2,5,10,39,45,46,47,56,57,61,63,76,79,91,100,103,107,111,113,114,116,117,119,123,
9to 9:
9to 10:3,6,8,11,14,16,17,18,19,24,26,29,34,42,44,47,49,50,53,56,61,65,71,74,75,77,79,80,86,89,90,91,92,93,97,98,101,107,110,112,113,118,127,4,9,10,15,20,21,23,25,33,38,39,41,48,54,57,67,73,81,84,87,100,104,106,109,111,114,116,117,119,123,
10to 1:2,3,5,6,10,11,12,16,17,18,19,24,29,34,37,38,39,42,43,45,48,49,50,52,53,57,58,59,60,61,62,66,67,68,72,74,75,78,79,80,81,84,86,90,92,93,97,101,103,105,106,107,108,114,118,119,120,121,124,125,127,128,4,9,20,21,33,41,44,51,54,69,73,98,100,104,110,111,116,130,
10to 2:2,3,4,12,13,16,17,24,26,27,32,37,38,41,42,43,44,45,48,49,50,53,57,58,60,61,64,65,66,67,68,71,72,78,81,82,83,86,88,91,92,93,99,101,102,107,108,111,114,116,117,121,122,123,125,127,128,130,7,10,11,18,19,20,25,31,34,39,51,54,63,69,87,98,100,104,106,110,112,113,118,120,
10to 3:3,6,10,17,24,25,28,29,33,37,38,39,42,43,44,45,46,47,49,50,53,56,57,59,60,61,62,65,68,70,71,72,77,78,81,82,83,84,87,91,92,94,100,101,103,111,113,115,117,118,119,121,127,130,4,5,9,11,12,18,19,20,21,27,31,34,51,54,79,85,89,93,98,106,112,114,120,
10to 4:3,4,10,12,15,17,18,19,25,26,27,28,29,37,39,41,42,44,49,53,56,57,58,70,71,72,74,77,78,81,82,89,91,92,94,97,98,99,100,101,102,103,107,108,109,113,114,115,116,117,119,123,124,125,127,128,129,14,16,20,31,34,38,40,51,54,60,63,65,66,67,69,73,79,85,87,106,110,112,126,130,
10to 5:1,2,15,17,18,24,25,27,32,39,41,42,43,47,49,53,57,58,59,60,61,62,65,67,68,71,72,75,78,79,80,82,83,84,86,88,90,91,92,94,97,99,100,101,102,111,112,113,114,116,117,119,123,124,127,129,4,7,9,10,12,16,19,20,21,31,34,38,44,48,51,69,73,81,85,93,98,106,110,
10to 6:1,3,4,6,10,11,12,16,17,18,20,24,28,29,40,41,42,43,47,48,49,50,56,57,58,59,60,62,64,65,66,68,70,71,82,84,86,88,90,91,92,94,97,99,105,106,107,108,109,111,113,114,115,117,119,121,123,125,5,14,19,21,25,31,34,63,67,79,81,87,93,100,104,112,116,120,127,130,
10to 7:1,3,6,10,14,17,18,19,24,25,27,28,31,32,34,42,45,47,48,51,53,54,56,57,59,61,62,68,70,71,79,80,86,89,91,92,94,97,99,101,102,105,106,107,108,112,114,124,125,127,128,4,5,9,11,15,20,29,33,38,44,58,60,65,93,100,110,113,120,130,
10to 8:2,3,14,17,24,26,27,39,42,43,45,47,48,50,53,54,57,59,61,62,64,65,68,78,79,80,88,90,91,92,93,97,101,102,105,109,111,113,114,117,120,123,124,127,128,129,130,4,9,10,11,12,15,16,18,19,20,21,23,25,38,40,41,44,49,51,60,67,73,81,84,87,89,98,100,106,112,116,
10to 9:1,2,3,4,10,14,15,16,17,18,20,24,26,31,37,41,42,44,45,47,50,53,54,56,57,59,61,62,64,65,71,72,75,76,77,78,82,86,88,89,92,93,97,98,99,100,102,103,105,109,112,114,117,121,123,124,129,130,7,9,11,12,19,22,25,29,34,38,40,49,60,67,79,81,85,87,96,104,110,116,127,
10to 10:

cell1:6,8,2,9,7,3,5,10,4,
cell2:9,6,10,7,8,4,3,1,5,
cell3:4,9,7,8,5,1,2,6,10,
cell4:8,7,5,6,3,9,2,10,1,
cell5:6,7,10,8,1,2,4,9,3,
cell6:5,4,9,1,3,2,8,7,10,
cell7:1,2,4,10,6,9,8,3,5,
cell8:7,5,9,6,4,3,1,2,10,
cell9:8,10,3,5,7,4,2,6,1,
cell10:8,6,4,9,7,3,2,1,5,
