machine1:0,111,20,18,113,48,79,11,93,25,61,1,53,21,17,4,47,67,9,106,56,97,76,8,45,78,60,91,39,14,109,3,123,10,66,86,107,15,127,19,92,90,34,89,5,83,65,43,63,64,57,42,29,58,55,96,35,104,110,32,26,85,98,75,50,120,77,68,
machine2:0,111,122,71,113,48,74,33,11,121,25,49,1,31,116,53,21,44,4,47,67,106,56,114,97,8,12,78,60,102,54,39,2,123,10,130,101,23,86,107,15,119,125,92,6,22,89,100,57,42,36,124,58,81,13,35,118,104,72,32,85,115,80,30,98,75,59,50,120,46,105,73,128,84,68,
machine3:0,111,108,18,71,48,33,11,93,61,49,116,53,21,17,44,67,126,56,114,97,45,60,54,39,2,101,23,86,107,127,19,119,125,6,34,100,64,57,124,58,81,104,98,69,120,95,24,73,128,7,
machine4:0,122,112,20,18,48,79,74,11,61,1,38,31,116,53,4,47,40,9,106,114,76,12,45,78,60,91,102,54,14,3,123,66,23,15,127,92,27,90,22,89,43,63,124,29,58,82,103,81,35,52,37,118,72,110,26,30,41,129,59,105,16,95,68,
machine5:0,122,108,18,113,48,79,33,11,121,93,25,61,49,53,21,17,44,47,62,40,67,126,56,8,12,45,39,2,14,3,123,10,130,101,86,19,92,6,90,83,87,57,42,29,51,55,96,103,70,52,104,110,32,26,115,80,28,98,41,69,59,50,46,105,99,77,24,73,128,84,
machine6:0,122,108,48,11,121,93,25,61,49,1,38,53,21,17,44,47,62,9,106,97,12,78,60,102,54,14,109,101,86,107,92,6,90,22,100,83,63,64,57,36,29,51,13,104,72,32,26,41,120,46,95,128,84,68,7,
machine7:0,122,108,18,71,113,48,33,121,93,25,31,53,21,17,44,47,126,9,106,97,117,8,12,45,91,102,54,2,123,10,130,23,86,107,19,92,100,5,42,36,124,82,103,81,35,72,85,80,98,69,50,120,77,94,16,24,128,
machine8:0,111,122,112,108,79,49,31,116,40,67,126,56,114,117,12,102,54,39,2,14,109,3,107,19,92,27,90,5,65,43,63,57,42,29,51,103,81,70,35,118,110,26,85,30,41,75,59,46,94,16,95,24,128,84,
machine9:0,122,20,108,18,71,48,79,11,25,61,1,38,116,53,17,44,4,62,106,97,8,45,78,91,102,39,109,130,107,127,19,34,5,83,43,87,57,42,124,29,58,103,104,72,110,75,46,105,99,24,128,88,
machine10:0,111,122,112,20,108,71,113,48,33,11,93,53,44,40,56,8,12,45,78,60,54,109,3,123,10,130,66,101,19,119,125,34,22,89,83,87,124,51,58,82,35,72,32,26,80,98,41,128,68,7,
machine11:0,122,112,20,108,18,71,113,33,11,121,61,49,1,38,31,116,21,17,44,47,56,114,76,8,12,60,91,102,54,39,2,3,101,127,92,27,90,34,22,89,100,65,87,63,57,42,29,58,82,96,103,81,52,37,72,110,32,115,41,75,46,99,84,88,
machine12:0,112,20,108,18,71,113,48,79,74,33,121,93,25,61,1,31,116,21,17,44,4,47,126,9,56,114,97,117,8,12,45,60,91,102,54,109,10,130,101,127,19,27,6,34,89,5,43,63,42,29,96,81,70,37,118,104,32,80,30,28,129,69,59,50,46,105,99,77,16,128,
machine13:0,111,122,112,108,18,113,48,33,11,121,93,25,61,31,116,53,21,17,47,62,40,56,114,76,117,12,78,91,102,54,39,10,130,101,86,15,127,92,27,6,5,83,65,87,63,57,42,51,55,103,13,70,35,118,72,85,115,98,41,46,105,77,16,95,24,128,88,
machine14:0,111,122,20,108,18,71,113,48,79,11,121,93,25,49,38,31,53,21,4,62,40,67,9,106,114,12,45,54,109,3,10,101,107,127,19,119,92,6,90,34,22,100,5,83,43,87,57,124,55,82,96,103,81,70,72,32,26,80,28,98,41,75,59,50,120,46,77,24,73,68,7,88,
machine15:0,111,122,112,108,113,48,74,33,11,93,61,49,38,53,44,4,47,62,40,126,106,56,114,117,8,12,45,78,91,102,54,2,109,3,123,10,130,66,101,23,86,127,19,119,125,92,27,34,89,100,5,83,65,43,64,57,42,36,29,58,82,96,81,52,72,110,32,85,115,80,30,129,75,59,46,105,94,95,24,84,
machine16:0,122,112,20,108,18,71,113,48,79,74,33,11,121,25,61,49,1,38,31,116,53,21,44,4,62,67,126,106,56,114,97,76,8,12,45,78,60,91,102,54,39,2,14,109,3,123,10,130,66,101,23,86,107,15,127,19,119,125,92,27,6,90,34,89,100,5,83,65,43,87,63,64,57,42,36,124,29,51,58,55,82,103,81,13,70,35,52,118,72,110,32,26,85,115,80,30,28,129,69,59,50,120,46,105,99,77,94,16,95,73,128,7,
machine17:0,111,122,112,20,108,18,71,113,48,79,74,33,11,121,93,25,61,49,1,38,31,116,53,21,17,44,4,47,40,67,126,106,56,114,97,76,117,8,12,45,78,60,91,102,54,39,2,14,109,3,10,130,66,101,86,107,15,127,19,119,125,92,27,90,34,22,89,100,5,83,65,43,87,63,57,42,124,51,58,55,82,103,81,13,70,35,52,37,118,110,32,26,85,115,80,28,98,41,75,69,46,99,16,95,24,73,128,84,68,88,
machine18:0,111,122,112,108,18,71,113,48,11,93,25,61,1,38,31,116,53,21,44,47,40,9,114,76,117,8,12,45,78,60,91,102,2,3,123,10,130,101,86,107,15,127,19,119,125,92,27,90,34,5,83,43,36,124,29,51,58,55,82,103,81,13,70,35,52,72,110,80,30,98,129,75,69,59,50,120,94,16,95,24,128,84,7,
machine19:0,111,122,112,20,108,18,71,48,79,33,121,93,25,61,49,38,31,116,53,21,44,4,47,62,40,67,106,56,114,117,45,60,91,2,109,3,10,130,66,101,107,15,19,125,92,6,90,22,100,83,65,63,57,42,124,58,55,82,96,103,35,72,110,32,85,80,28,98,41,75,69,50,105,99,77,94,16,95,24,68,
machine20:0,111,122,112,20,108,18,71,113,48,79,33,11,93,25,61,49,1,31,116,53,17,44,4,47,62,67,9,106,56,114,97,117,12,78,60,102,54,39,2,14,109,10,130,66,101,23,86,107,15,19,119,92,27,6,90,34,100,83,65,43,87,42,124,29,51,58,55,82,103,13,70,72,110,85,80,30,28,41,59,120,46,105,99,94,24,73,128,7,88,
machine21:0,111,112,20,108,18,71,113,48,79,74,33,11,121,93,25,61,49,31,116,53,21,17,44,4,47,62,40,67,9,106,56,114,97,76,117,8,12,45,78,60,91,102,54,39,14,109,3,123,10,66,101,23,86,107,15,127,19,119,125,92,27,6,90,34,22,89,100,5,83,65,87,63,42,29,82,103,81,13,70,35,104,32,26,115,80,28,41,69,59,50,120,46,99,94,16,24,73,128,68,7,88,
machine22:0,111,122,112,20,108,18,71,113,48,79,74,33,11,121,93,25,61,49,1,31,116,53,21,17,47,62,40,67,126,106,56,97,76,117,8,12,45,78,60,91,102,54,2,14,109,3,123,130,66,101,86,107,127,19,125,92,6,90,34,89,100,83,43,63,64,57,42,36,124,29,58,82,103,81,70,35,52,37,118,72,110,32,26,115,80,30,28,98,129,75,59,50,120,105,99,94,16,95,24,128,84,68,88,
machine23:0,111,122,112,20,108,71,113,48,79,33,11,25,61,49,1,53,21,44,47,62,40,67,9,56,97,76,8,12,45,78,60,91,102,54,2,109,3,130,101,86,107,15,127,19,125,92,27,6,90,34,89,100,5,83,65,63,64,42,36,124,29,58,82,103,70,35,118,72,110,32,80,28,98,69,59,120,105,99,77,128,84,7,
machine24:0,111,122,112,20,108,18,71,113,48,74,33,11,93,25,61,49,1,38,31,53,21,17,4,47,62,67,106,114,8,45,78,60,91,102,54,39,2,14,109,3,10,130,101,23,86,127,19,119,125,92,90,22,89,100,65,43,57,42,36,124,29,58,82,96,103,13,70,35,52,72,110,32,26,30,28,98,120,46,105,94,24,128,84,88,
machine25:0,111,122,112,20,108,18,71,113,48,79,74,33,11,121,93,25,61,38,31,53,21,44,4,47,67,9,106,56,114,97,76,117,8,12,45,78,91,102,2,14,3,123,130,101,23,107,15,127,19,119,125,92,27,6,22,89,5,83,65,43,63,64,57,42,124,29,51,58,82,103,81,35,52,104,72,32,85,80,30,98,75,69,59,50,120,105,94,16,95,24,73,68,
machine26:0,111,122,112,20,108,18,71,113,48,79,74,33,11,121,93,25,61,49,1,38,31,116,21,17,44,4,47,62,40,67,106,114,97,76,117,8,12,45,78,60,91,102,54,39,2,14,109,3,10,130,66,101,23,86,107,127,19,119,92,6,90,34,22,89,100,5,83,65,43,87,63,64,42,36,124,29,51,58,55,82,103,81,13,70,35,118,104,72,32,26,115,80,30,28,98,41,129,75,59,50,120,46,105,99,77,94,16,73,128,84,68,
machine27:0,111,122,112,20,108,18,71,113,48,79,74,33,11,93,25,61,49,1,38,31,116,53,21,17,44,4,47,62,40,67,126,9,106,56,114,97,8,12,45,78,60,91,102,39,2,14,109,123,130,66,23,107,15,127,119,125,92,27,6,90,34,89,100,5,83,65,87,63,64,57,42,124,29,58,82,103,81,13,70,35,52,37,104,72,26,80,98,75,69,59,50,120,46,105,94,16,95,24,73,128,68,88,
machine28:0,111,122,112,20,108,18,71,113,48,79,74,33,11,121,93,25,61,49,1,38,116,53,21,17,44,4,47,62,40,67,9,106,56,114,97,76,117,8,12,45,78,60,91,102,54,39,2,14,109,3,123,10,130,66,101,23,86,107,15,127,19,119,125,92,6,90,34,22,89,100,5,83,65,63,64,57,42,36,29,82,96,103,81,70,35,52,37,104,72,110,26,115,80,98,41,75,59,50,46,105,99,77,95,24,73,7,
machine29:0,111,122,112,20,108,18,71,113,48,79,33,25,61,49,1,38,31,116,53,21,17,44,47,62,40,67,9,106,56,97,117,8,12,45,60,91,102,54,39,14,109,3,123,10,130,66,101,86,107,15,127,19,119,92,6,90,34,89,100,83,87,63,64,57,42,36,124,29,51,55,103,81,13,35,37,118,104,72,110,32,26,85,80,28,98,41,129,75,69,59,50,46,105,94,16,24,128,84,7,88,
machine30:0,111,20,108,18,71,113,79,11,121,93,25,61,49,38,31,116,53,21,17,44,4,62,40,9,106,114,97,76,117,8,12,45,78,60,91,102,54,39,3,123,130,101,86,107,15,127,19,125,92,27,6,34,22,89,100,83,65,43,87,64,57,42,82,103,81,70,37,118,104,72,110,85,80,98,41,129,69,50,120,46,105,99,16,24,68,88,
machine31:0,122,112,20,108,18,71,113,48,79,74,33,11,121,93,61,49,1,38,31,116,53,21,17,44,4,62,67,106,56,114,97,12,45,60,91,102,39,14,109,3,123,10,130,101,15,127,19,119,125,92,27,6,90,34,89,100,5,43,87,63,57,42,124,29,58,82,103,81,70,52,118,72,110,26,80,30,28,41,129,75,59,50,120,99,16,24,128,68,7,88,
machine32:0,111,112,20,18,71,113,79,74,11,93,25,61,49,1,38,116,53,21,17,44,4,47,62,67,126,106,56,114,117,12,78,60,91,102,54,39,2,14,109,123,10,130,66,101,23,86,107,15,127,19,125,92,27,34,89,100,5,83,65,43,63,57,42,124,29,51,58,82,96,81,13,70,118,104,110,32,26,115,98,41,129,59,120,77,94,95,24,73,84,

1to 1:
1to 2:1,2,3,4,5,6,8,10,19,21,24,25,26,32,33,40,45,48,49,50,51,54,57,58,60,64,66,67,72,75,76,78,80,82,86,87,89,90,96,97,101,103,105,106,107,110,114,120,122,123,124,127,128,130,52,102,92,14,12,81,11,85,126,95,18,9,41,98,22,121,30,42,35,29,112,44,61,111,34,53,
1to 3:10,12,13,17,19,21,23,24,25,31,33,35,36,39,42,44,46,47,48,49,52,53,56,57,58,59,60,61,72,77,80,83,84,86,87,89,92,96,97,100,104,105,106,107,114,115,118,119,122,123,124,127,128,130,85,113,64,65,11,68,41,81,4,26,43,98,121,74,34,66,9,3,45,112,18,
1to 4:3,5,10,12,17,19,21,25,29,31,32,39,42,46,48,49,51,54,57,58,59,60,66,68,73,76,77,79,80,82,86,89,92,95,98,100,101,103,105,108,110,115,119,122,123,124,126,127,128,45,33,55,35,38,74,125,69,99,85,26,14,4,43,27,18,114,81,6,67,113,65,90,53,62,20,
1to 5:5,8,10,12,15,19,23,24,25,29,30,31,32,33,35,39,40,43,44,45,47,56,57,58,59,60,67,68,69,72,73,75,76,78,82,83,84,91,101,103,106,119,120,122,124,128,38,6,85,62,110,105,95,98,99,3,111,55,97,116,90,86,113,125,71,108,114,92,48,53,107,61,112,
1to 6:2,3,10,11,18,19,20,21,24,25,32,33,37,40,42,45,46,47,48,49,50,52,53,54,56,57,58,60,61,63,64,66,68,69,72,73,75,76,78,80,82,84,87,89,90,92,93,95,97,100,101,103,105,107,115,119,120,122,123,124,127,128,130,74,110,59,43,113,99,14,17,12,9,108,6,71,79,121,67,116,65,4,86,
1to 7:1,2,10,12,13,15,19,21,24,26,29,30,31,32,34,38,39,44,48,51,52,54,57,58,59,70,73,75,77,78,79,83,86,89,90,98,102,105,106,113,119,120,122,123,124,127,130,6,97,108,53,43,69,74,4,64,22,85,125,104,68,18,45,3,9,27,71,107,110,67,11,42,92,
1to 8:1,2,3,5,10,12,13,15,23,25,28,31,32,35,39,41,45,46,47,48,49,50,51,54,59,61,69,71,72,73,75,78,79,83,84,89,90,91,92,95,97,98,101,103,105,106,113,119,120,121,122,123,124,127,128,130,62,38,114,64,4,104,29,68,26,17,22,34,6,66,81,27,108,111,116,65,44,67,107,21,53,11,
1to 9:1,2,3,5,11,12,14,15,18,19,33,34,37,42,44,47,48,50,54,56,57,59,60,69,71,75,77,78,79,86,89,90,92,93,96,100,101,103,105,106,119,122,123,124,130,6,98,26,104,55,99,64,53,74,22,41,67,110,107,125,121,45,17,112,111,29,61,
1to 10:1,8,9,10,15,17,18,21,24,25,28,43,44,47,48,49,50,51,54,56,57,58,61,70,73,75,76,78,79,82,84,86,87,90,91,92,93,98,100,101,103,104,110,120,123,124,127,129,130,7,39,99,125,85,34,68,118,64,81,12,114,4,14,41,45,97,53,38,116,29,107,11,113,3,60,19,
2to 1:2,3,4,5,11,12,17,19,21,24,26,31,32,34,35,36,37,38,39,41,42,47,51,56,57,58,63,67,68,71,79,83,86,91,92,93,95,97,98,100,102,103,105,106,107,108,110,111,113,114,116,121,122,123,124,127,128,130,85,54,119,50,53,84,89,30,8,29,87,72,90,48,75,60,45,1,82,78,44,61,
2to 2:
2to 3:1,3,4,5,10,11,17,18,19,21,24,27,31,35,38,43,44,47,56,57,58,61,63,66,71,72,75,78,80,82,83,91,92,93,98,100,102,104,106,107,108,112,114,117,121,128,130,6,126,109,95,116,46,124,34,113,25,118,81,77,32,119,59,60,127,94,39,33,9,67,30,42,53,29,45,103,8,101,54,12,111,48,
2to 4:1,2,3,10,11,12,14,18,19,20,21,25,26,27,31,35,41,42,45,46,47,48,51,56,57,58,63,64,67,68,71,72,78,79,83,84,86,87,90,91,99,100,105,107,108,110,111,112,113,114,115,121,123,124,130,59,8,102,118,52,34,103,119,49,13,77,81,101,30,94,16,44,106,50,95,29,82,39,54,32,122,6,109,92,33,53,60,61,
2to 5:1,2,4,5,9,11,18,19,21,24,29,31,32,35,36,38,40,41,43,44,45,47,50,53,56,58,61,63,65,66,67,71,78,79,80,82,83,85,88,93,98,99,100,102,103,105,107,109,110,111,113,114,120,121,125,127,128,16,25,54,14,122,7,72,48,22,108,59,119,94,106,75,81,42,49,34,91,3,90,12,60,92,112,101,
2to 6:1,3,5,10,12,14,17,18,19,20,24,26,31,35,37,39,41,43,46,49,50,53,56,57,58,79,80,82,86,87,88,91,93,97,99,100,106,108,110,111,112,114,120,121,123,124,125,128,130,69,54,95,59,11,119,60,32,40,102,90,63,16,117,81,101,109,42,67,22,89,6,61,92,103,116,33,48,29,
2to 7:3,4,5,8,11,12,19,24,26,27,31,33,34,35,36,38,42,46,48,49,50,53,54,56,58,61,62,63,65,70,71,72,78,83,86,90,91,93,98,104,108,109,110,111,114,120,121,123,124,125,130,97,29,44,59,45,7,84,112,25,99,14,9,128,30,113,106,118,32,47,89,127,82,92,101,102,100,103,18,122,
2to 8:2,3,4,5,8,9,14,16,17,20,24,26,27,29,33,34,35,36,38,41,44,45,46,47,48,51,56,57,58,62,63,64,65,66,71,72,75,78,79,83,87,88,91,92,93,97,98,104,107,111,113,114,116,120,122,123,130,81,50,99,69,101,61,30,121,112,84,94,108,23,6,118,128,12,100,21,60,67,39,42,109,31,127,90,102,25,1,49,
2to 9:2,3,9,10,14,17,19,21,34,36,37,41,45,46,48,53,57,63,64,71,72,75,76,80,82,88,90,93,98,100,102,103,104,105,110,114,116,123,127,130,7,49,44,112,87,39,89,124,50,8,77,84,109,42,60,128,32,81,111,95,11,47,54,22,12,113,78,6,92,1,106,67,91,33,83,61,108,29,
2to 10:3,4,12,14,17,19,20,24,26,32,38,39,41,43,45,46,47,48,49,50,51,53,57,60,62,63,65,70,71,72,75,78,79,80,82,86,87,88,89,91,93,98,103,104,106,107,110,111,112,118,120,121,123,124,128,130,85,84,81,34,44,61,99,16,58,90,92,54,101,102,127,100,18,97,11,42,1,114,29,
3to 1:1,2,3,4,8,10,12,15,21,25,26,30,42,43,45,47,48,49,59,61,69,70,72,73,74,75,76,78,82,83,86,91,92,95,96,97,101,104,105,107,109,111,123,124,125,98,81,118,37,90,57,50,35,108,93,60,119,51,121,6,38,29,32,128,79,127,5,54,33,114,19,53,56,11,44,18,122,
3to 2:1,2,5,10,11,19,21,22,25,26,27,33,34,38,40,42,44,45,47,52,53,56,58,60,61,62,63,67,69,70,72,75,78,82,85,86,92,93,100,101,106,109,122,130,127,117,126,88,35,83,89,24,68,65,87,114,48,46,81,110,90,128,108,111,113,32,57,54,102,79,71,29,49,12,18,
3to 3:
3to 4:3,4,6,8,10,13,16,19,20,21,24,25,31,33,42,43,45,53,54,56,58,62,69,72,73,76,78,80,81,82,83,88,89,91,92,99,101,102,103,105,106,109,112,113,114,118,122,124,125,130,117,55,41,110,87,127,51,67,29,74,28,71,70,128,35,121,79,57,27,5,46,116,18,34,32,93,108,12,11,
3to 5:2,4,5,6,8,10,12,13,15,16,19,21,25,27,30,31,32,33,40,42,43,45,47,48,54,55,57,59,62,69,70,71,72,78,79,81,82,85,86,91,92,96,99,100,101,102,103,106,108,109,111,113,117,128,130,112,120,90,119,46,18,41,114,77,65,50,110,94,35,83,98,95,53,24,56,29,80,67,121,105,11,93,44,49,
3to 6:3,4,5,6,10,11,12,13,16,17,20,21,25,31,33,34,40,42,43,44,48,49,53,58,59,61,63,70,73,80,81,82,83,92,97,99,100,103,104,105,106,109,112,113,114,122,123,124,24,32,57,74,56,41,115,50,95,65,37,121,88,116,46,90,94,125,108,120,87,54,102,101,79,127,47,18,
3to 7:1,3,5,6,10,11,15,17,21,24,25,29,30,32,42,44,48,49,53,54,56,58,59,68,71,72,77,82,86,89,91,92,93,98,101,106,109,112,117,123,124,38,65,67,80,27,111,33,50,9,128,103,94,16,74,120,105,60,70,35,122,34,4,113,47,45,127,62,12,18,114,
3to 8:1,2,4,5,6,8,10,15,18,19,20,21,25,26,27,28,31,34,42,44,48,53,59,60,61,72,74,80,81,82,83,84,86,91,92,93,97,100,101,105,106,108,109,112,117,119,123,127,51,68,47,88,36,32,46,77,121,65,57,70,62,111,114,103,29,129,126,95,98,87,45,17,54,24,38,120,128,35,56,33,12,102,79,122,
3to 9:6,8,10,13,15,17,19,21,24,26,29,33,34,44,45,47,48,53,54,55,59,60,61,67,72,75,80,81,83,86,89,96,99,100,102,103,104,105,106,108,109,114,117,127,130,119,41,37,5,101,118,12,46,57,77,124,88,111,112,94,98,87,4,56,116,11,18,
3to 10:2,4,6,9,10,11,12,13,15,20,21,25,26,28,29,31,33,38,42,43,44,45,47,48,58,59,61,62,68,71,72,73,78,79,80,89,92,97,98,99,102,103,106,109,113,117,121,123,129,88,50,56,81,110,65,8,101,125,17,27,16,51,74,118,127,94,41,57,24,34,18,120,53,67,49,
4to 1:1,3,4,5,6,11,12,13,15,16,17,18,21,23,28,29,30,32,33,37,39,42,46,47,49,51,52,53,54,56,63,66,71,73,74,76,79,81,83,84,91,92,98,101,106,110,111,113,114,115,118,120,122,123,125,127,130,41,116,64,90,45,68,95,26,55,119,86,126,43,58,57,107,31,124,108,20,102,34,35,67,78,25,60,61,48,
4to 2:1,3,4,8,12,13,16,17,18,19,20,22,23,24,29,32,34,38,39,42,44,46,48,49,51,54,56,57,61,63,66,71,72,76,78,80,82,83,86,90,92,93,94,95,98,99,100,101,106,108,113,114,117,123,124,109,87,103,130,97,128,41,35,85,58,31,107,102,26,25,10,116,67,45,53,21,75,60,33,122,
4to 3:4,5,8,11,13,16,18,20,28,32,33,38,42,47,49,57,58,63,65,66,72,73,78,80,81,82,85,89,93,98,101,103,108,109,112,113,114,119,122,125,127,35,90,102,25,68,75,121,55,70,61,44,128,115,69,27,74,92,95,76,34,130,21,6,71,91,67,83,48,53,56,
4to 4:
4to 5:4,5,11,15,16,18,19,24,25,28,29,35,38,39,42,43,45,47,49,52,53,56,57,60,62,63,67,73,76,81,83,86,92,93,94,95,98,99,100,101,108,109,110,112,113,119,123,124,125,127,68,75,116,107,82,40,85,69,106,13,70,30,87,91,130,31,78,41,66,103,55,20,6,80,90,10,97,128,1,65,44,102,8,61,71,114,122,
4to 6:5,8,10,12,13,14,15,16,17,18,20,24,26,32,33,34,35,37,39,40,42,46,49,54,60,61,66,69,73,74,79,80,81,83,92,93,94,99,100,101,108,109,115,117,119,122,123,127,31,130,67,116,68,124,25,106,70,2,59,76,82,103,102,27,114,48,113,6,107,57,58,112,86,1,53,90,56,
4to 7:3,4,5,11,12,17,18,19,23,26,29,32,33,39,42,46,47,49,51,52,53,54,56,58,62,63,67,69,70,72,73,74,80,84,85,86,89,92,93,94,99,101,105,106,113,122,123,124,125,127,128,13,65,30,61,31,83,82,130,90,59,121,2,108,60,45,20,91,35,21,114,102,25,34,71,48,
4to 8:1,3,5,8,16,18,19,24,32,33,39,44,46,48,49,51,52,53,54,55,56,63,66,69,72,73,78,79,81,84,89,90,92,97,98,99,100,108,114,115,123,124,125,127,122,59,25,13,35,130,121,102,107,82,80,28,128,74,50,119,61,65,113,26,34,75,87,70,45,20,10,109,58,103,86,42,31,106,91,67,83,60,71,
4to 9:3,4,6,10,12,15,16,19,21,29,33,37,39,42,47,53,54,56,73,74,81,82,84,89,91,94,99,100,101,109,110,112,113,118,123,125,127,129,90,20,71,55,86,26,34,119,67,48,59,75,114,45,70,130,103,76,107,57,97,106,102,25,49,60,1,61,92,122,
4to 10:3,4,5,7,8,11,12,15,16,17,18,19,23,24,29,32,33,39,43,46,49,51,53,56,58,60,62,63,72,74,76,78,80,81,84,93,94,99,100,101,109,110,113,114,115,116,118,120,122,123,125,127,129,130,69,106,25,59,28,124,50,42,21,89,6,45,102,68,70,34,41,26,91,61,97,57,87,121,1,103,82,79,20,67,71,65,108,31,
5to 1:1,2,4,6,7,10,12,14,15,18,22,25,29,30,31,32,33,35,40,41,42,47,48,49,51,52,53,58,60,61,69,70,71,78,79,80,85,86,87,92,98,101,106,110,111,113,114,119,120,124,125,127,128,130,16,55,96,77,91,75,21,68,73,82,23,66,103,38,54,107,11,90,122,44,112,93,19,
5to 2:3,7,10,14,16,18,19,24,25,29,31,35,42,43,45,48,51,53,57,58,62,65,66,69,70,71,85,90,92,99,101,103,106,107,108,109,110,112,114,116,117,120,123,124,128,130,77,1,41,40,96,13,44,60,50,2,12,72,98,122,38,6,83,54,127,49,78,82,93,47,102,111,
5to 3:1,4,5,6,7,10,15,16,18,24,25,27,29,31,34,35,36,43,45,46,53,56,57,58,59,60,62,65,67,68,72,77,78,80,82,92,94,95,101,106,107,108,111,112,114,117,122,124,125,127,128,96,83,102,38,50,91,88,23,13,54,105,40,48,103,93,71,44,11,47,
5to 4:3,4,5,7,10,12,14,15,16,19,20,24,25,27,28,29,32,34,38,41,42,44,45,49,51,53,55,57,58,59,61,62,67,69,70,79,80,82,86,93,94,95,98,99,101,102,105,106,107,109,110,112,114,117,122,125,127,129,68,71,83,103,54,75,90,40,66,91,60,48,92,
5to 5:
5to 6:1,2,4,6,18,19,20,24,29,31,32,33,41,43,44,47,50,53,54,56,59,60,61,62,63,67,69,71,72,78,79,80,83,86,90,94,95,97,103,105,106,107,109,110,111,112,114,116,117,120,123,124,125,130,16,12,102,25,82,88,21,108,127,73,66,122,75,48,93,91,92,
5to 7:2,4,5,6,7,10,12,17,18,24,25,27,31,32,34,35,46,49,58,59,60,61,65,67,68,69,70,77,78,79,80,83,86,94,95,97,99,100,101,102,103,105,106,107,108,110,111,112,113,114,117,122,127,90,93,73,98,13,38,21,62,47,82,15,48,40,42,3,130,75,91,19,1,29,92,71,
5to 8:1,4,10,12,18,19,20,24,25,27,28,29,32,35,40,41,43,44,45,46,47,48,50,51,54,55,58,59,61,65,66,67,68,69,70,71,72,78,80,82,83,84,90,92,93,94,99,100,101,103,105,106,107,108,109,111,112,114,116,117,119,120,122,127,128,129,130,62,8,13,73,98,14,16,91,31,15,2,121,38,42,
5to 9:3,4,5,7,10,14,15,16,24,25,31,41,42,47,50,53,55,56,59,61,65,67,69,71,76,78,80,82,87,90,92,94,95,97,98,101,105,106,107,108,109,110,111,112,114,117,119,123,124,129,130,96,72,75,38,77,2,66,86,20,83,21,1,103,91,29,19,48,127,93,12,
5to 10:2,3,4,5,7,9,10,12,14,15,17,18,19,22,24,25,28,29,30,34,39,41,43,44,45,46,48,51,53,56,58,59,60,61,65,67,68,70,72,78,80,82,85,86,90,92,94,95,97,98,99,100,101,103,105,107,109,110,111,112,114,116,117,120,124,125,129,130,62,75,93,42,77,66,20,40,11,31,49,122,127,83,47,106,91,71,
6to 1:2,6,8,10,11,14,16,17,18,19,21,26,29,33,34,35,39,40,41,44,45,47,48,49,50,53,54,56,57,60,61,66,67,68,70,75,78,82,83,89,90,92,93,95,98,100,103,105,106,107,111,116,119,120,121,122,123,124,127,125,12,20,86,73,43,113,46,32,23,115,58,74,24,31,30,59,22,25,42,97,76,79,63,3,
6to 2:2,4,5,6,10,13,14,17,18,21,25,29,33,34,35,40,41,43,45,47,48,49,50,52,53,56,60,62,66,70,71,72,75,78,83,87,88,89,90,91,92,97,99,102,103,105,106,109,111,114,115,116,117,120,122,123,124,125,130,80,58,63,64,82,59,67,65,31,113,54,24,57,32,42,20,93,46,128,108,100,3,1,19,101,12,
6to 3:1,3,4,5,6,8,9,13,17,18,19,21,24,25,29,33,34,35,39,40,42,43,45,47,49,53,56,59,60,62,65,66,67,68,70,73,74,75,76,78,81,83,88,89,91,92,94,95,100,102,103,105,109,111,112,113,115,116,121,123,127,130,80,54,32,57,63,48,58,12,114,10,86,108,82,31,101,79,
6to 4:4,5,6,8,11,14,15,16,17,18,19,21,24,25,28,33,34,35,39,42,45,47,48,49,50,53,58,60,61,62,66,67,68,79,80,82,87,88,89,90,92,93,94,97,98,99,100,101,103,105,106,107,109,112,114,116,121,122,124,126,128,31,43,125,1,123,73,63,115,74,70,56,76,108,130,3,32,102,86,54,113,78,12,
6to 5:2,3,6,11,15,16,17,19,24,33,40,41,44,47,49,53,56,60,62,70,72,78,82,83,86,88,90,91,92,93,94,97,99,101,102,103,105,106,107,108,109,111,112,113,116,117,120,121,122,124,127,23,73,125,100,71,43,80,59,20,48,65,58,67,10,1,32,42,31,12,114,79,
6to 6:
6to 7:4,6,9,11,12,13,14,18,19,21,26,29,33,34,35,39,42,47,48,49,53,54,57,59,60,62,68,82,83,89,90,91,92,94,97,99,100,102,105,106,109,111,117,120,121,122,124,127,130,125,80,2,24,71,3,46,31,128,56,95,17,20,25,32,63,10,113,30,101,93,67,65,108,79,
6to 8:3,6,8,13,15,16,17,18,24,25,29,34,35,39,42,45,47,50,53,54,58,59,62,65,66,67,68,70,71,72,74,75,78,79,80,82,83,87,88,89,90,92,97,99,101,103,105,107,109,111,113,116,117,119,120,121,122,123,124,127,129,130,64,46,84,100,63,73,114,10,102,93,20,12,2,112,61,31,108,
6to 9:4,6,8,10,14,17,19,21,26,29,34,35,40,46,47,49,50,53,54,60,61,73,75,76,81,86,87,88,89,90,92,97,98,99,103,105,106,107,108,109,111,112,116,119,122,123,124,127,130,64,20,115,125,102,2,33,82,65,79,24,59,95,67,100,3,25,1,71,57,63,48,56,80,
6to 10:2,4,6,7,12,14,16,18,21,26,29,32,33,34,39,41,42,47,48,49,53,54,59,60,61,62,65,67,68,72,74,75,80,81,82,87,88,90,92,97,98,99,100,104,106,116,117,118,120,121,124,127,129,22,43,20,17,102,63,114,123,95,19,110,108,86,93,1,58,24,3,46,10,57,113,79,101,71,
7to 1:2,4,5,6,7,8,10,11,12,17,18,25,29,32,34,35,39,43,44,48,49,53,54,58,61,62,67,71,72,74,75,78,79,80,86,89,90,91,93,96,97,98,104,106,108,111,118,119,121,124,128,130,65,92,27,68,59,3,84,24,101,21,122,120,23,113,19,125,105,45,60,103,47,56,114,
7to 2:1,2,3,4,6,7,8,12,16,17,19,21,22,25,29,32,34,35,36,39,44,47,49,50,52,54,56,57,58,64,65,67,71,72,78,81,82,83,85,88,90,91,92,93,98,99,100,102,105,106,107,109,112,113,114,119,120,122,128,130,68,103,124,14,27,9,101,24,63,5,33,11,111,61,108,48,
7to 3:4,7,8,9,17,19,25,26,31,32,33,34,42,44,46,48,49,53,54,57,58,61,62,67,69,72,76,78,80,89,91,93,94,98,101,102,103,105,106,108,109,111,112,113,117,127,128,130,36,18,84,59,47,125,5,29,24,104,45,71,21,92,30,114,56,60,122,
7to 4:4,7,8,12,13,19,20,24,26,28,31,32,33,34,35,38,39,42,43,44,49,53,58,61,67,69,70,71,72,74,78,79,80,82,86,90,91,92,93,94,97,98,101,102,107,109,112,119,122,123,124,127,128,130,21,105,11,99,100,30,15,125,1,56,25,2,5,113,108,18,60,47,29,
7to 5:1,2,6,10,12,13,15,17,18,19,21,22,31,35,38,39,42,43,45,48,53,54,56,62,67,69,71,77,78,80,82,85,90,91,93,94,96,99,102,106,109,111,113,114,119,120,125,127,128,130,68,108,105,60,103,84,107,30,24,27,47,122,124,92,101,65,33,25,29,61,
7to 6:1,4,6,10,11,12,13,15,16,18,20,21,22,24,27,32,33,34,35,39,40,42,45,49,50,53,54,58,60,62,64,67,70,71,74,76,79,80,82,83,86,88,89,90,91,92,93,94,97,99,101,106,107,109,111,112,120,124,127,128,130,125,3,113,30,84,68,23,59,105,61,63,17,48,122,103,65,47,108,25,19,114,
7to 7:
7to 8:4,6,8,10,16,20,24,25,26,29,31,32,34,35,36,38,39,42,45,50,54,58,59,62,65,67,71,72,74,77,78,83,88,89,91,93,97,100,102,106,108,109,114,119,120,127,128,130,47,104,2,11,103,111,122,68,30,15,23,101,3,14,105,80,48,86,92,56,112,18,
7to 9:2,4,6,8,10,11,12,13,16,17,24,26,35,36,39,42,44,45,48,49,50,53,54,57,60,62,65,67,72,75,77,78,80,83,88,89,90,92,93,96,97,98,101,102,106,109,112,113,118,119,127,130,105,100,114,71,47,33,104,59,103,29,3,91,21,19,61,111,108,122,
7to 10:2,4,5,10,12,13,15,16,17,18,19,20,21,29,31,32,34,38,39,42,43,44,48,49,53,54,57,58,60,61,62,64,65,67,69,70,71,72,74,75,80,82,86,88,89,91,93,98,101,102,105,106,110,112,113,118,119,121,123,124,127,128,130,120,11,125,9,24,104,3,59,84,30,100,27,25,47,1,114,92,
8to 1:1,4,6,8,17,18,21,23,24,26,29,30,33,35,36,38,39,42,44,45,46,47,50,53,58,59,67,68,70,71,72,75,77,78,80,81,82,84,90,91,92,93,97,98,100,102,105,106,113,118,119,120,123,127,128,129,130,10,73,104,14,13,124,60,111,56,2,12,121,15,48,61,107,103,49,83,3,11,101,86,114,122,79,
8to 2:1,2,4,11,12,17,21,24,25,26,29,31,33,35,38,41,42,44,45,46,49,54,56,61,62,63,65,67,68,70,72,75,77,81,82,83,93,98,100,102,103,105,107,108,111,112,116,117,123,127,128,84,94,16,51,64,39,32,89,36,60,114,121,122,19,113,124,58,78,120,3,109,80,47,106,8,92,48,18,
8to 3:4,6,11,25,27,28,29,31,33,34,35,38,39,41,42,45,46,48,50,53,54,56,57,58,59,60,62,65,67,71,72,75,78,83,84,98,100,102,104,108,109,111,112,115,116,121,123,126,127,128,129,130,5,73,114,117,80,16,93,113,2,10,12,119,44,47,8,124,92,3,103,18,86,61,101,
8to 4:3,5,6,18,20,24,25,26,28,29,31,33,35,38,39,42,44,45,47,50,54,56,62,63,68,70,72,74,79,91,94,99,100,105,107,109,111,114,115,119,123,127,130,36,122,51,2,89,103,13,16,64,78,82,124,80,61,32,102,92,4,86,67,10,97,8,58,48,11,101,113,112,12,
8to 5:3,5,6,10,16,18,20,22,23,29,30,31,35,36,38,40,42,45,46,47,53,58,61,65,66,70,72,75,78,80,81,82,84,88,90,91,97,98,100,101,102,105,107,109,112,113,116,117,120,124,128,130,13,92,55,2,94,119,15,93,25,14,21,114,67,62,122,103,60,44,11,56,111,83,
8to 6:4,6,10,12,17,18,20,21,22,24,25,26,27,28,29,31,33,35,39,43,45,48,59,60,62,67,71,73,74,79,81,82,83,84,90,91,94,97,100,102,103,105,106,107,108,114,115,116,119,123,125,127,128,129,130,13,113,64,16,104,122,19,15,36,112,86,3,47,63,124,76,32,8,2,120,14,58,111,78,109,80,49,42,92,101,
8to 7:3,6,10,14,15,17,24,26,28,29,30,31,35,38,42,45,46,48,54,60,61,65,67,72,73,74,91,93,94,95,97,98,100,101,103,105,107,112,113,114,117,120,124,127,130,5,21,4,36,2,39,106,84,122,89,51,23,119,78,58,32,70,8,62,18,49,11,1,47,12,111,102,19,86,92,
8to 8:
8to 9:1,2,3,4,5,6,11,12,20,24,29,33,34,39,41,42,45,48,50,53,54,57,65,67,71,72,75,77,81,83,88,90,91,94,95,98,100,102,105,109,111,112,114,118,121,123,127,130,26,73,37,79,16,89,92,104,55,35,13,107,14,8,106,19,63,15,10,93,44,21,61,101,60,
8to 10:1,6,8,15,17,18,20,24,29,38,39,41,42,43,45,46,50,53,54,58,65,67,72,74,77,81,82,84,91,92,94,95,97,100,102,104,106,109,114,116,117,118,120,123,125,127,130,78,112,5,87,70,37,64,49,62,51,13,26,12,2,60,129,25,10,66,121,21,44,4,3,11,31,34,19,111,61,
9to 1:1,2,3,6,10,11,12,14,17,18,24,25,26,29,35,37,41,42,44,45,47,48,50,51,57,59,60,63,66,70,74,75,77,81,82,83,84,86,89,90,91,92,95,98,100,101,103,104,105,109,110,111,112,116,118,121,127,53,128,124,23,123,73,22,7,52,119,36,67,39,21,15,107,54,71,4,61,56,19,33,49,
9to 2:1,3,8,9,11,12,13,14,19,24,26,32,33,34,35,36,37,40,41,42,44,46,47,48,51,54,57,60,63,66,67,70,75,77,83,86,89,90,92,97,98,99,100,102,105,106,107,110,111,112,116,122,123,127,119,117,23,109,101,7,45,81,21,17,22,71,87,10,114,4,56,91,53,49,113,61,93,
9to 3:3,4,6,9,10,11,12,18,20,21,24,25,29,32,34,37,42,44,48,49,57,59,60,61,62,67,75,77,80,81,84,86,88,89,94,95,98,101,103,104,105,106,107,108,109,111,112,113,117,119,122,123,127,35,96,87,7,19,46,125,100,15,33,72,53,118,79,45,31,8,54,47,91,56,71,114,
9to 4:2,3,4,6,12,14,16,19,21,25,26,28,29,32,33,34,35,37,38,44,48,50,51,55,57,59,60,62,63,64,66,67,69,70,71,77,81,82,87,89,90,92,94,97,99,102,103,105,106,109,112,117,121,122,124,127,130,91,42,73,45,22,10,7,119,39,49,123,5,72,31,56,107,114,86,61,
9to 5:1,2,6,7,8,10,12,16,24,25,33,45,53,55,57,59,60,62,63,66,67,70,75,80,82,83,84,86,88,90,92,93,94,98,100,101,103,105,106,108,110,112,116,119,121,122,19,96,41,15,71,111,117,36,124,42,109,38,107,113,47,40,56,49,29,127,114,48,
9to 6:3,6,9,12,14,16,17,18,21,24,25,29,34,35,37,39,40,42,45,48,54,56,57,59,60,62,66,74,80,82,84,86,88,89,90,94,104,105,106,108,112,114,116,117,121,127,123,128,73,22,125,53,78,109,93,1,100,87,10,33,67,79,19,47,20,8,49,71,111,
9to 7:3,6,7,9,12,14,18,21,25,29,33,35,44,45,47,48,54,56,57,59,60,65,67,69,71,80,82,89,90,92,93,94,97,99,100,101,105,106,107,109,114,119,122,124,127,130,96,22,113,36,76,123,23,39,117,61,125,108,102,86,17,10,112,91,72,1,19,111,8,49,11,
9to 8:1,3,12,15,16,17,20,24,26,33,34,35,36,38,42,49,50,51,54,56,57,59,61,62,63,67,70,71,74,87,89,90,92,98,100,101,102,103,104,105,108,109,112,116,121,124,127,117,8,39,76,113,97,123,114,55,125,119,47,31,45,107,10,48,46,5,72,2,111,91,79,
9to 9:
9to 10:3,6,8,11,14,16,17,18,19,24,25,26,33,34,42,44,47,48,49,50,56,57,61,71,74,75,77,80,81,84,86,89,90,91,92,93,97,98,100,101,106,107,110,112,113,114,116,118,127,23,123,104,79,73,4,9,87,38,119,117,41,111,15,39,54,10,109,67,65,20,53,21,29,
10to 1:2,3,5,10,11,16,19,24,29,33,34,38,39,41,42,43,45,48,49,52,53,54,57,58,61,67,68,72,73,74,75,78,79,80,81,84,90,92,97,101,103,105,106,107,108,111,114,118,119,120,121,125,128,110,66,62,59,50,116,37,44,86,60,98,104,69,51,9,4,124,18,20,130,17,127,100,6,12,21,93,
10to 2:2,3,4,10,13,16,17,20,24,26,27,32,38,41,42,43,44,45,48,49,53,54,57,58,61,64,65,67,68,71,72,81,82,83,87,88,92,93,101,102,107,108,111,113,114,117,121,122,127,128,130,69,11,50,78,98,99,37,39,7,91,116,51,25,104,66,19,110,60,34,120,63,118,125,123,86,112,100,31,106,18,12,
10to 3:3,10,12,29,33,38,39,42,44,45,46,47,54,56,57,60,61,68,71,72,77,81,82,83,84,87,91,92,94,100,101,103,111,113,115,117,118,119,121,130,9,85,25,79,70,98,43,37,28,51,24,112,50,31,59,6,106,89,114,27,5,49,78,18,62,34,120,4,21,19,127,17,11,53,93,20,65,
10to 4:3,4,10,12,14,15,17,18,19,26,27,29,38,39,41,44,49,54,56,57,58,67,71,72,73,74,77,81,82,87,89,91,92,94,97,98,100,101,102,103,107,108,109,113,114,115,116,117,119,123,125,127,128,129,69,130,78,34,60,106,63,37,16,51,66,79,65,28,124,53,99,85,126,110,42,40,70,112,31,20,25,
10to 5:1,2,10,12,15,17,18,25,27,32,38,39,41,42,47,48,49,57,58,59,61,65,67,68,71,72,73,75,78,79,80,81,82,83,84,90,91,92,94,97,99,101,111,113,114,116,117,119,123,127,129,44,62,88,69,16,110,85,7,19,51,34,86,21,43,9,53,24,98,60,4,31,100,124,20,106,93,102,112,
10to 6:1,3,4,11,12,14,16,17,20,25,29,40,41,47,48,56,57,58,59,64,65,67,68,70,81,82,84,86,87,88,91,92,94,99,104,105,106,107,108,109,111,113,114,115,117,119,121,43,63,28,125,120,123,21,34,5,116,19,71,79,24,50,6,97,66,130,100,112,31,10,60,90,62,93,42,49,127,18,
10to 7:1,3,10,15,17,18,19,20,25,27,29,32,33,34,38,42,45,47,48,51,53,54,56,57,59,61,62,68,71,79,80,89,91,92,94,97,101,102,105,106,107,112,113,114,128,124,110,70,28,100,99,58,14,24,130,4,5,93,9,125,6,120,65,31,127,60,86,11,108,44,
10to 8:2,3,10,12,14,15,17,23,24,25,26,27,38,39,41,43,45,47,48,53,54,57,59,61,64,65,67,68,73,79,80,81,84,87,88,91,92,97,101,102,105,109,111,113,114,117,120,123,127,128,129,130,51,9,16,62,4,50,112,11,93,116,98,89,40,42,49,78,60,124,20,100,106,21,90,44,19,18,
10to 9:1,2,3,4,15,16,18,20,22,24,25,26,29,38,41,44,45,47,49,54,56,57,59,61,64,67,71,72,75,76,77,78,81,82,87,89,92,93,98,99,100,102,103,104,105,109,114,117,121,124,129,130,123,96,116,50,7,31,42,110,37,88,112,86,10,40,97,9,19,85,12,17,14,79,62,65,53,60,34,127,11,
10to 10:

cell1:6,10,2,5,4,3,7,8,9,
cell2:3,4,7,5,9,6,10,8,1,
cell3:6,9,7,10,4,2,5,1,8,
cell4:3,10,7,2,1,5,6,8,9,
cell5:4,3,6,1,2,10,8,9,7,
cell6:7,10,8,5,2,1,3,9,4,
cell7:10,8,1,9,6,5,4,3,2,
cell8:2,10,9,5,3,4,6,7,1,
cell9:2,1,6,10,3,4,8,5,7,
cell10:1,8,2,4,6,9,5,3,7,
