machine1:0,38,54,43,44,56,28,49,5,14,55,22,17,9,59,50,21,39,58,2,53,45,25,34,30,35,60,4,51,48,62,27,33,26,36,61,12,18,
machine2:0,38,24,37,54,43,44,46,56,20,28,1,6,49,5,32,7,8,14,55,22,17,9,23,10,59,40,52,19,13,57,50,21,3,39,15,58,41,2,47,53,45,31,42,25,16,34,11,30,35,60,4,51,48,62,27,33,26,64,36,61,63,12,29,18,
machine3:0,38,37,43,46,5,7,22,9,19,57,39,45,31,34,30,60,4,48,27,64,36,
machine4:0,38,37,54,43,46,56,49,5,7,22,17,9,23,52,19,57,50,3,39,45,31,25,16,34,30,35,60,4,48,62,27,26,64,36,61,29,
machine5:0,38,37,54,43,46,56,5,7,22,9,19,57,39,45,31,16,34,30,60,4,48,27,26,64,36,
machine6:0,38,24,37,54,43,44,46,56,20,28,1,49,5,7,8,55,22,17,9,23,59,52,19,57,50,3,39,15,41,47,45,31,25,16,34,11,30,35,60,4,51,48,62,27,26,64,36,61,63,12,29,
machine7:0,38,37,54,43,46,56,1,49,5,7,8,22,17,9,23,59,52,19,57,50,3,39,15,41,47,45,31,25,16,34,11,30,35,60,4,51,48,62,27,26,64,36,61,63,12,29,
machine8:0,38,5,7,22,57,39,31,34,30,60,4,48,27,64,36,
machine9:0,38,24,37,43,5,14,55,22,17,9,40,52,19,57,21,39,15,53,45,31,42,25,16,34,30,35,60,4,48,27,33,26,64,36,61,63,12,29,
machine10:0,38,24,37,43,5,55,17,9,52,19,21,39,15,45,31,25,16,34,30,35,60,4,27,33,26,64,36,61,63,12,29,
machine11:0,38,24,37,54,43,46,20,6,5,8,14,55,22,17,9,23,59,40,52,19,13,57,50,21,39,15,58,2,47,53,45,31,42,25,16,34,11,30,35,60,4,48,62,27,33,26,64,36,61,63,12,29,18,
machine12:0,38,24,52,19,21,39,15,45,31,25,30,4,27,26,64,63,29,
machine13:0,38,24,37,54,43,46,20,6,5,32,17,9,23,10,59,52,19,13,21,3,39,15,58,2,47,53,45,31,25,16,11,35,60,4,51,48,62,27,64,61,63,29,
machine14:0,38,43,46,6,5,32,17,23,52,19,21,3,39,15,2,47,53,45,31,25,16,11,35,60,4,51,48,62,63,29,
machine15:0,38,24,37,54,43,44,46,56,20,6,49,5,32,7,8,14,55,22,17,9,23,10,59,52,19,13,50,21,3,39,15,58,2,47,53,45,31,25,16,11,35,60,4,51,48,62,27,64,61,63,12,29,18,
machine16:0,43,46,6,5,32,17,52,19,3,39,45,31,25,60,4,62,63,29,
machine17:0,38,24,37,54,43,44,46,49,5,7,22,9,10,52,50,3,39,15,41,47,45,42,25,16,34,30,60,4,51,48,62,27,33,26,64,36,61,63,12,18,
machine18:0,38,24,37,54,44,5,7,22,52,50,39,41,47,45,25,16,34,30,60,4,51,62,27,33,26,64,36,61,63,12,18,
machine19:0,38,24,37,54,43,44,46,1,49,5,32,7,8,55,22,17,9,10,52,13,57,50,3,39,15,58,41,47,45,31,42,25,16,34,30,60,4,51,48,62,27,33,26,64,36,61,63,12,18,
machine20:0,38,24,37,54,44,5,7,52,50,45,60,62,27,61,12,
machine21:0,38,24,37,54,43,28,1,6,49,5,32,7,8,14,55,17,9,23,10,59,40,52,19,57,50,21,3,39,58,2,47,53,45,31,42,25,16,34,11,30,35,60,4,51,48,62,27,33,26,64,36,61,63,12,29,18,
machine22:0,43,6,5,32,55,17,39,47,25,60,48,29,18,
machine23:0,38,37,43,28,6,49,5,32,55,17,9,23,59,40,57,50,3,39,47,45,42,25,16,11,30,60,4,48,62,27,33,64,36,61,63,12,29,18,
machine24:0,38,24,37,54,43,28,6,49,5,32,8,55,17,9,23,10,59,40,19,57,50,3,39,47,45,31,42,25,16,11,30,35,60,4,51,48,62,27,33,26,64,36,61,63,12,29,18,
machine25:0,38,43,28,6,5,32,55,17,9,3,39,47,25,16,60,4,48,64,36,61,29,18,

1to 1:
1to 2:38,44,56,54,28,52,12,3,
1to 3:36,2,61,64,31,16,27,48,24,30,35,34,
1to 4:4,18,60,58,15,49,10,53,46,7,45,
1to 5:1,63,13,41,26,47,51,
1to 6:21,6,25,62,19,39,29,57,33,
2to 1:41,8,46,23,35,7,22,51,26,43,48,
2to 2:
2to 3:59,19,50,29,37,25,5,
2to 4:20,56,62,47,24,9,12,39,
2to 5:15,57,55,38,36,30,61,64,17,4,45,
2to 6:1,3,11,31,49,63,16,52,
3to 1:14,59,19,33,11,57,50,29,54,52,25,
3to 2:20,46,23,24,9,63,39,17,45,
3to 3:
3to 4:13,6,8,16,37,55,38,43,5,
3to 5:42,18,34,22,62,12,48,
3to 6:40,58,53,47,26,60,27,
4to 1:32,62,31,21,20,
4to 2:43,29,55,51,15,27,61,64,22,48,
4to 3:58,4,53,17,23,11,63,
4to 4:
4to 5:8,10,54,50,25,24,16,3,60,44,37,
4to 6:18,2,12,5,59,35,38,14,9,
5to 1:58,44,18,9,37,55,36,12,27,30,39,64,17,4,
5to 2:8,7,34,49,62,60,5,
5to 3:13,15,46,33,47,26,54,52,
5to 4:32,31,22,63,
5to 5:
5to 6:42,50,51,61,43,45,
6to 1:40,10,28,1,2,42,34,49,24,16,38,60,61,45,5,
6to 2:59,35,57,50,47,37,36,30,4,
6to 3:14,6,21,8,55,39,43,
6to 4:3,19,11,23,54,52,27,25,64,17,48,
6to 5:32,7,31,9,
6to 6:

cell1:6,3,2,5,4,
cell2:6,4,1,3,5,
cell3:6,1,4,5,2,
cell4:3,6,1,5,2,
cell5:3,4,2,1,6,
cell6:5,3,1,2,4,
