machine1:0,113,93,98,139,29,132,99,119,123,28,72,84,65,54,122,121,124,45,10,91,100,108,128,80,13,68,136,32,104,26,7,27,114,24,57,94,34,44,1,88,127,47,115,2,62,37,97,60,43,102,77,48,6,41,96,18,56,49,140,46,85,110,39,36,92,4,51,50,8,109,67,86,17,78,3,20,101,58,42,12,
machine2:0,31,113,93,90,98,103,82,95,139,29,132,99,116,119,123,28,118,134,53,72,84,65,14,81,54,137,23,126,61,122,83,121,124,45,105,131,33,10,91,69,100,108,128,80,5,63,13,68,136,32,104,26,138,7,120,133,27,114,24,66,55,57,35,19,15,94,34,44,71,1,88,127,135,21,130,47,111,129,115,2,62,59,74,16,87,37,22,97,75,60,52,70,107,43,102,77,48,25,6,64,40,11,41,96,30,18,38,56,49,140,46,85,110,39,36,76,92,4,125,51,106,117,73,50,9,8,109,79,67,86,17,89,78,3,20,101,112,58,42,12,
machine3:0,31,93,95,132,28,118,134,72,126,121,124,10,108,128,80,32,138,7,120,133,24,55,57,19,71,88,135,130,47,129,115,62,74,16,87,37,48,6,40,30,38,49,140,46,110,39,36,76,125,51,73,9,109,79,67,86,17,89,3,20,101,112,58,42,12,
machine4:0,31,93,90,82,95,29,132,99,123,28,118,134,72,84,65,14,54,137,23,126,83,121,124,131,33,10,108,128,80,5,63,13,68,32,26,138,7,120,133,27,24,66,55,57,35,19,15,94,34,44,71,1,88,135,21,130,47,111,129,115,2,62,59,74,16,87,37,22,97,60,70,107,77,48,25,6,64,40,41,96,30,18,38,56,49,140,46,85,110,39,36,76,92,4,125,51,106,117,73,50,9,8,109,79,67,86,17,89,78,3,20,101,112,58,42,12,
machine5:0,93,90,98,103,95,29,132,99,116,123,28,134,53,72,84,65,14,81,54,137,23,126,61,122,83,121,45,105,131,33,91,69,100,108,128,80,68,104,26,138,7,120,133,27,24,55,57,35,19,15,94,34,44,71,1,88,127,21,130,47,111,129,2,62,59,16,87,37,22,97,75,60,52,70,107,43,102,77,48,25,6,64,40,11,41,96,30,18,38,56,49,140,46,85,110,39,36,76,4,125,51,106,73,50,9,8,109,79,67,86,17,89,3,20,101,112,58,42,12,
machine6:0,93,90,98,103,95,29,132,99,28,134,72,81,23,126,122,121,45,131,100,108,128,80,68,104,138,7,120,133,27,24,55,57,35,19,94,34,44,71,1,88,21,130,111,62,59,16,87,37,22,75,60,52,70,107,43,102,77,48,25,6,64,40,11,41,30,18,38,56,49,140,46,85,110,39,36,76,4,125,51,73,50,9,109,79,67,86,17,89,3,20,101,112,58,42,12,
machine7:0,93,95,29,99,134,45,100,108,80,68,104,7,120,24,55,57,94,34,44,71,1,21,111,59,16,87,60,52,107,43,102,77,25,6,64,40,11,41,18,38,56,49,140,85,110,39,36,76,125,51,73,9,109,79,67,86,17,20,101,112,42,12,
machine8:0,31,93,90,98,82,95,139,99,116,119,123,28,118,134,53,72,84,65,14,81,137,126,61,83,121,124,45,105,131,10,91,69,100,108,128,5,68,136,32,104,26,138,7,120,133,27,114,24,55,57,19,15,94,34,44,71,1,88,127,21,130,47,111,129,115,2,62,59,74,16,87,37,22,97,60,52,107,43,102,77,48,25,6,64,40,41,96,18,38,56,49,140,46,85,110,39,36,76,92,4,51,106,117,73,50,9,8,109,79,67,86,17,89,78,3,20,101,112,58,42,12,
machine9:0,31,98,95,139,99,119,123,28,118,53,72,84,65,81,61,83,45,105,131,10,69,100,128,5,68,136,32,104,138,7,120,114,24,55,57,19,15,34,44,71,88,127,21,47,111,115,62,74,16,87,37,97,60,52,107,43,102,77,25,40,96,38,56,49,140,46,85,110,39,36,76,4,51,117,73,50,9,109,79,67,86,89,78,3,20,101,112,58,42,12,
machine10:0,95,139,119,53,72,84,65,61,45,105,131,69,100,128,5,68,136,104,138,120,114,24,55,57,19,15,34,88,47,111,115,16,37,60,52,77,25,40,96,56,49,140,46,39,76,4,51,117,9,109,79,86,89,78,3,20,112,58,42,12,
machine11:0,103,82,95,139,132,72,81,54,23,121,128,5,68,26,7,55,57,35,19,94,34,44,88,135,47,129,2,62,74,37,97,75,52,43,77,25,6,40,11,41,96,30,38,56,49,46,85,110,39,36,76,4,106,117,8,109,79,86,17,89,78,3,20,101,112,58,42,12,
machine12:0,31,113,93,90,103,82,95,139,29,132,99,116,119,28,118,134,53,72,84,65,81,54,137,23,83,121,124,45,33,91,100,108,128,5,63,13,68,136,26,7,133,114,24,66,55,57,35,19,94,34,44,71,88,135,130,47,111,129,115,2,62,74,37,22,97,75,52,107,43,77,48,25,6,64,40,11,41,96,30,38,56,49,46,85,110,39,36,76,4,51,106,117,50,9,8,109,79,67,86,17,89,78,3,20,101,112,58,42,12,
machine13:0,31,113,93,95,29,123,134,72,84,65,81,54,124,131,33,69,128,63,13,7,120,27,66,19,34,44,71,21,130,47,111,115,2,59,74,87,75,60,52,70,107,43,77,48,64,40,11,38,140,85,76,92,4,125,51,9,79,67,89,101,112,58,
machine14:0,31,113,93,90,98,95,29,132,116,123,134,53,72,84,65,14,81,54,23,126,122,121,124,45,131,33,10,91,69,100,108,128,5,63,13,136,104,7,120,27,66,55,19,15,34,44,71,1,135,21,130,47,111,115,2,62,59,74,87,37,97,75,60,52,70,107,43,77,48,25,6,64,40,11,41,96,30,38,56,49,140,85,76,92,4,125,51,106,117,73,9,8,109,79,67,86,17,89,78,20,101,112,58,42,12,

1to 1:
1to 2:103,118,126,35,14,61,81,102,29,80,122,99,23,45,98,92,87,90,53,123,18,125,133,129,70,16,138,22,104,21,55,94,17,11,50,59,1,24,28,26,57,75,96,132,27,100,36,120,2,31,43,130,65,46,131,84,30,72,88,7,73,108,93,71,40,4,110,6,107,25,68,121,95,115,64,3,134,19,42,76,41,60,89,62,67,48,37,39,58,109,52,44,49,86,140,34,51,85,38,56,111,77,12,112,128,9,101,79,20,
1to 3:113,119,82,116,13,14,63,135,122,23,66,45,90,53,123,5,91,137,136,15,70,54,97,83,117,124,22,55,94,17,59,57,96,132,27,78,2,130,69,65,84,30,72,7,73,108,71,40,4,6,121,95,64,47,134,19,42,76,60,89,58,109,52,44,49,86,34,85,38,8,77,12,112,128,101,20,
2to 1:29,41,80,116,32,91,27,72,95,81,23,90,12,82,71,37,15,48,126,108,36,106,110,47,34,101,46,120,87,86,133,100,102,128,76,62,57,24,88,94,138,56,130,125,67,140,79,17,60,97,49,52,16,42,70,111,122,21,99,22,121,55,109,26,112,8,74,132,105,92,7,14,84,44,18,117,137,61,83,107,38,69,127,77,68,20,73,
2to 2:
2to 3:1,50,85,38,140,112,48,86,10,96,9,133,64,65,87,100,139,51,93,104,107,108,11,46,35,39,89,43,131,101,110,115,56,71,3,98,124,12,7,79,20,103,28,30,25,75,58,52,76,41,114,37,
3to 1:42,2,13,53,83,5,14,100,139,45,118,128,76,84,30,116,28,121,93,55,137,25,54,72,107,88,104,97,39,109,89,81,113,71,58,47,90,36,82,63,29,135,132,68,85,124,6,125,48,26,37,115,4,20,120,67,94,98,19,96,123,46,92,95,62,108,126,130,101,21,43,9,15,59,65,133,134,56,110,49,79,129,12,112,17,27,41,131,3,70,51,75,10,40,64,66,1,33,50,111,31,114,11,117,
3to 2:55,73,38,20,47,99,97,24,109,76,128,37,86,17,74,8,87,119,25,49,52,116,71,78,106,57,64,117,136,5,7,108,107,
3to 3:

cell1:3,2,
cell2:3,1,
cell3:2,1,
