machine1:0,119,113,139,98,99,132,28,57,84,136,65,72,54,102,122,124,121,123,4,62,91,10,128,78,100,80,13,32,27,114,115,7,58,26,94,44,1,88,127,3,47,2,37,85,97,60,43,48,6,77,96,46,92,41,50,51,8,109,67,17,86,101,29,34,12,140,108,36,24,45,56,104,110,20,68,18,42,93,39,49,
machine2:0,119,113,81,118,90,103,82,5,95,139,53,98,99,132,116,28,19,57,84,136,65,14,72,120,54,23,137,102,122,124,126,61,121,83,123,105,131,4,62,87,69,91,10,128,33,78,111,100,80,63,13,32,138,133,27,114,66,115,35,7,58,15,26,94,44,1,52,88,127,31,21,135,130,3,47,129,2,71,59,74,38,117,37,9,22,85,97,75,60,70,107,43,48,6,64,77,11,55,96,30,46,76,92,125,40,89,106,41,50,51,8,109,67,79,17,86,16,112,101,134,29,34,12,140,108,36,25,24,45,73,56,104,110,20,68,18,42,93,39,49,
machine3:0,118,95,132,28,19,57,72,120,124,126,121,62,87,10,128,80,32,138,133,115,7,58,88,31,135,130,3,47,129,71,74,38,37,9,48,6,55,30,46,76,125,40,89,51,109,67,79,17,86,16,112,101,134,12,140,108,36,24,73,110,20,42,93,39,49,
machine4:0,118,90,82,5,95,99,132,28,19,57,84,65,14,72,120,54,23,137,124,126,121,83,123,131,4,62,87,10,128,33,78,111,80,63,13,32,138,133,27,66,115,35,7,58,15,26,94,44,1,88,31,21,135,130,3,47,129,2,71,59,74,38,117,37,9,22,85,97,60,70,107,48,6,64,77,55,96,30,46,76,92,125,40,89,106,41,50,51,8,109,67,79,17,86,16,112,101,134,29,34,12,140,108,36,25,24,73,56,110,20,68,18,42,93,39,49,
machine5:0,81,90,103,95,53,98,99,132,116,28,19,57,84,65,14,72,120,54,23,137,102,122,126,61,121,83,123,105,131,4,62,87,69,91,128,33,111,100,80,138,133,27,35,7,58,15,26,94,44,1,52,88,127,21,130,3,47,129,2,71,59,38,37,9,22,85,97,75,60,70,107,43,48,6,64,77,11,55,96,30,46,76,125,40,89,106,41,50,51,8,109,67,79,17,86,16,112,101,134,29,34,12,140,108,36,25,24,45,73,56,104,110,20,68,18,42,93,39,49,
machine6:0,81,90,103,95,98,99,132,28,19,57,72,120,23,102,122,126,121,131,4,62,87,128,111,100,80,138,133,27,35,7,58,94,44,1,52,88,21,130,3,71,59,38,37,9,22,85,75,60,70,107,43,48,6,64,77,11,55,30,46,76,125,40,89,41,50,51,109,67,79,17,86,16,112,101,134,29,34,12,140,108,36,25,24,45,73,56,104,110,20,68,18,42,93,39,49,
machine7:0,95,99,57,120,102,87,111,100,80,7,94,44,1,52,21,71,59,38,9,85,60,107,43,6,64,77,11,55,76,125,40,41,51,109,67,79,17,86,16,112,101,134,29,34,12,140,108,36,25,24,45,73,56,104,110,20,68,18,42,93,39,49,
machine8:0,119,81,118,90,82,5,95,139,53,98,99,116,28,19,57,84,136,65,14,72,120,137,102,124,126,61,121,83,123,105,131,4,62,87,69,91,10,128,78,111,100,32,138,133,27,114,115,7,58,15,26,94,44,1,52,88,127,31,21,130,3,47,129,2,71,59,74,38,117,37,9,22,85,97,60,107,43,48,6,64,77,55,96,46,76,92,40,89,106,41,50,51,8,109,67,79,17,86,16,112,101,134,34,12,140,108,36,25,24,45,73,56,104,110,20,68,18,42,93,39,49,
machine9:0,119,81,118,5,95,139,53,98,99,28,19,57,84,136,65,72,120,102,61,83,123,105,131,4,62,87,69,10,128,78,111,100,32,138,114,115,7,58,15,44,52,88,127,31,21,3,47,71,74,38,117,37,9,85,97,60,107,43,77,55,96,46,76,40,89,50,51,109,67,79,86,16,112,101,34,12,140,36,25,24,45,73,56,104,110,20,68,42,39,49,
machine10:0,119,5,95,139,53,19,57,84,136,65,72,120,61,105,131,4,69,128,78,111,100,138,114,115,58,15,52,88,3,47,117,37,9,60,77,55,96,46,76,40,89,51,109,79,86,16,112,34,12,140,25,24,45,56,104,20,68,42,39,49,
machine11:0,81,103,82,5,95,139,132,19,57,72,54,23,121,4,62,128,78,35,7,58,26,94,44,52,88,135,3,47,129,2,74,38,117,37,85,97,75,43,6,77,11,55,96,30,46,76,40,89,106,41,8,109,79,17,86,112,101,34,12,36,25,56,110,20,68,42,39,49,
machine12:0,119,113,81,118,90,103,82,5,95,139,53,99,132,116,28,19,57,84,136,65,72,54,23,137,124,121,83,4,62,91,128,33,78,111,100,63,13,133,114,66,115,35,7,58,26,94,44,52,88,31,135,130,3,47,129,2,71,74,38,117,37,9,22,85,97,75,107,43,48,6,64,77,11,55,96,30,46,76,40,89,106,41,50,51,8,109,67,79,17,86,112,101,134,29,34,12,108,36,25,24,45,56,110,20,68,42,93,39,49,
machine13:0,113,81,95,19,84,65,72,120,54,124,123,131,4,87,69,128,33,111,63,13,27,66,115,7,58,44,52,31,21,130,47,2,71,59,74,38,9,85,75,60,70,107,43,48,64,77,11,76,92,125,40,89,51,67,79,112,101,134,29,34,140,93,
machine14:0,113,81,90,5,95,53,98,132,116,19,84,136,65,14,72,120,54,23,122,124,126,121,123,131,4,62,87,69,91,10,128,33,78,111,100,63,13,27,66,115,7,58,15,44,1,52,31,21,135,130,47,2,71,59,74,38,117,37,9,85,97,75,60,70,107,43,48,6,64,77,11,55,96,30,76,92,125,40,89,106,41,51,8,109,67,79,17,86,112,101,134,29,34,12,140,108,25,45,73,56,104,20,42,93,49,

1to 1:
1to 2:103,118,126,35,14,61,81,102,29,80,122,99,23,45,98,92,87,90,53,123,18,125,133,129,70,16,138,22,104,21,55,94,17,11,50,59,1,24,28,26,57,75,96,132,27,100,36,120,2,31,43,130,65,46,131,84,30,72,88,7,73,108,93,71,40,4,110,6,107,25,68,121,95,115,64,3,134,19,42,76,41,60,89,62,67,48,37,39,58,109,52,44,49,86,140,34,51,85,38,56,111,77,12,112,128,9,101,79,20,
1to 3:113,119,82,116,13,14,63,135,122,23,66,45,90,53,123,5,91,137,136,15,70,54,97,83,117,124,22,55,94,17,59,57,96,132,27,78,2,130,69,65,84,30,72,7,73,108,71,40,4,6,121,95,64,47,134,19,42,76,60,89,58,109,52,44,49,86,34,85,38,8,77,12,112,128,101,20,
2to 1:29,41,80,116,32,91,27,72,95,81,23,90,12,82,71,37,15,48,126,108,36,106,110,47,34,101,46,120,87,86,133,100,102,128,76,62,57,24,88,94,138,56,130,125,67,140,79,17,60,97,49,52,16,42,70,111,122,21,99,22,121,55,109,26,112,8,74,132,105,92,7,14,84,44,18,117,137,61,83,107,38,69,127,77,68,20,73,
2to 2:
2to 3:1,50,85,38,140,112,48,86,10,96,9,133,64,65,87,100,139,51,93,104,107,108,11,46,35,39,89,43,131,101,110,115,56,71,3,98,124,12,7,79,20,103,28,30,25,75,58,52,76,41,114,37,
3to 1:42,2,13,53,83,5,14,100,139,45,118,128,76,84,30,116,28,121,93,55,137,25,54,72,107,88,104,97,39,109,89,81,113,71,58,47,90,36,82,63,29,135,132,68,85,124,6,125,48,26,37,115,4,20,120,67,94,98,19,96,123,46,92,95,62,108,126,130,101,21,43,9,15,59,65,133,134,56,110,49,79,129,12,112,17,27,41,131,3,70,51,75,10,40,64,66,1,33,50,111,31,114,11,117,
3to 2:55,73,38,20,47,99,97,24,109,76,128,37,86,17,74,8,87,119,25,49,52,116,71,78,106,57,64,117,136,5,7,108,107,
3to 3:

cell1:3,2,
cell2:3,1,
cell3:2,1,
