machine1:0,26,11,34,25,4,18,3,39,33,37,9,21,36,1,8,24,30,22,32,40,7,17,23,10,28,20,16,
machine2:0,26,11,34,4,3,39,33,37,9,21,36,1,8,24,22,40,7,23,28,20,
machine3:0,26,11,34,25,4,18,3,29,39,33,2,37,9,6,21,31,36,35,1,19,12,27,8,24,30,22,32,40,7,17,38,23,13,10,28,14,5,20,15,16,
machine4:0,11,34,3,39,33,37,9,21,1,24,22,40,28,
machine5:0,26,11,34,3,39,33,2,37,9,6,21,31,35,12,27,8,30,22,40,7,17,38,23,28,14,5,20,16,
machine6:0,26,3,39,33,6,21,31,35,27,8,30,14,
machine7:0,26,11,34,3,39,33,2,37,9,6,21,31,35,1,12,27,8,24,30,22,40,7,17,38,23,13,28,14,5,20,15,16,
machine8:0,39,33,6,35,8,14,
machine9:0,26,11,34,4,39,33,37,9,6,21,31,1,19,12,27,8,30,22,40,7,38,13,10,14,20,16,
machine10:0,26,11,34,4,33,37,9,31,1,12,8,30,22,40,7,38,13,10,14,16,
machine11:0,26,11,34,25,4,3,39,33,37,9,6,21,31,36,1,19,12,27,8,30,22,40,7,17,38,13,10,14,5,20,15,16,
machine12:0,34,4,37,9,12,22,40,7,10,14,16,
machine13:0,11,34,25,4,3,39,33,37,9,6,21,31,36,35,1,19,8,24,30,22,32,7,17,13,10,14,5,15,16,
machine14:0,11,34,4,3,37,9,6,21,31,1,19,24,22,7,17,10,14,5,15,
machine15:0,11,34,25,4,18,3,39,33,2,37,9,6,21,31,36,35,1,19,8,24,30,22,32,7,17,23,13,10,14,5,20,15,16,
machine16:0,11,34,3,9,6,21,31,1,7,17,
machine17:0,26,11,4,3,29,39,33,2,37,9,21,35,12,27,8,30,22,40,7,38,28,20,15,
machine18:0,26,11,4,3,29,39,33,37,9,21,12,27,30,22,7,28,15,
machine19:0,26,11,4,3,29,39,33,2,37,9,21,31,35,12,27,8,24,30,22,32,40,7,17,38,23,10,28,20,15,
machine20:0,26,29,33,37,9,21,27,22,7,28,
machine21:0,26,34,25,18,3,29,39,37,9,6,21,31,1,22,40,7,17,23,10,14,20,15,16,
machine22:0,26,34,25,18,3,39,37,6,21,1,22,40,17,10,14,20,16,
machine23:0,26,34,25,4,18,3,29,39,33,37,9,6,21,31,36,35,1,12,30,22,32,40,7,17,38,23,13,10,28,14,20,15,16,
machine24:0,26,34,18,3,39,6,21,1,
machine25:0,11,34,25,4,3,29,39,33,2,37,21,31,24,30,22,40,7,17,13,10,15,
machine26:0,11,34,4,3,33,37,21,30,22,7,13,10,15,
machine27:0,26,11,34,25,4,3,29,39,33,2,37,9,6,21,31,1,12,27,24,30,22,40,7,17,13,10,14,5,15,
machine28:0,11,34,37,22,7,

1to 1:
1to 2:38,8,14,15,39,
1to 3:5,16,27,13,26,20,4,10,
1to 4:32,36,2,22,
1to 5:31,
1to 6:18,29,28,6,40,33,
1to 7:25,17,3,9,11,30,34,37,
2to 1:37,33,35,16,28,11,27,
2to 2:
2to 3:7,39,9,14,31,17,
2to 4:3,1,23,34,13,6,
2to 5:30,8,12,
2to 6:21,15,26,38,
2to 7:40,24,
3to 1:12,40,17,30,31,7,
3to 2:6,1,
3to 3:
3to 4:19,8,9,37,
3to 5:38,26,20,21,
3to 6:16,14,10,34,
3to 7:5,27,15,22,
4to 1:21,5,25,13,18,8,19,6,
4to 2:7,31,20,
4to 3:33,22,36,34,30,
4to 4:
4to 5:37,11,24,2,39,35,
4to 6:9,3,17,32,23,
4to 7:4,1,
5to 1:9,4,38,24,
5to 2:26,22,40,27,2,28,23,
5to 3:3,11,12,15,
5to 4:33,17,10,21,7,
5to 5:
5to 6:31,37,35,20,
5to 7:39,29,
6to 1:3,23,36,
6to 2:30,17,13,35,
6to 3:1,21,
6to 4:39,15,14,25,4,20,16,
6to 5:33,9,10,22,32,
6to 6:
6to 7:7,12,
7to 1:39,1,26,15,29,10,2,14,
7to 2:21,34,5,12,33,
7to 3:37,40,6,25,
7to 4:31,11,24,
7to 5:7,3,4,
7to 6:30,22,13,
7to 7:

cell1:4,6,3,2,7,5,
cell2:3,5,6,1,4,7,
cell3:5,7,2,6,4,1,
cell4:5,2,6,3,7,1,
cell5:3,4,2,6,7,1,
cell6:2,5,7,3,4,1,
cell7:4,3,5,6,2,1,
