machine1:0,39,25,4,8,18,26,11,3,22,34,9,36,33,21,30,1,37,24,17,7,10,32,23,20,28,40,16,
machine2:0,39,4,8,26,11,3,22,34,9,36,33,21,1,37,24,7,23,20,28,40,
machine3:0,5,39,2,25,4,8,18,26,11,3,22,29,34,9,36,33,21,35,6,30,31,12,1,27,19,37,24,38,17,13,7,10,32,23,20,14,28,15,40,16,
machine4:0,39,11,3,22,34,9,33,21,1,37,24,28,40,
machine5:0,5,39,2,8,26,11,3,22,34,9,33,21,35,6,30,31,12,27,37,38,17,7,23,20,14,28,40,16,
machine6:0,39,8,26,3,33,21,35,6,30,31,27,14,
machine7:0,5,39,2,8,26,11,3,22,34,9,33,21,35,6,30,31,12,1,27,37,24,38,17,13,7,23,20,14,28,15,40,16,
machine8:0,39,8,33,35,6,14,
machine9:0,39,4,8,26,11,22,34,9,33,21,6,30,31,12,1,27,19,37,38,13,7,10,20,14,40,16,
machine10:0,4,8,26,11,22,34,9,33,30,31,12,1,37,38,13,7,10,14,40,16,
machine11:0,5,39,25,4,8,26,11,3,22,34,9,36,33,21,6,30,31,12,1,27,19,37,38,17,13,7,10,20,14,15,40,16,
machine12:0,4,22,34,9,12,37,7,10,14,40,16,
machine13:0,5,39,25,4,8,11,3,22,34,9,36,33,21,35,6,30,31,1,19,37,24,17,13,7,10,32,14,15,16,
machine14:0,5,4,11,3,22,34,9,21,6,31,1,19,37,24,17,7,10,14,15,
machine15:0,5,39,2,25,4,8,18,11,3,22,34,9,36,33,21,35,6,30,31,1,19,37,24,17,13,7,10,32,23,20,14,15,16,
machine16:0,11,3,34,9,21,6,31,1,17,7,
machine17:0,39,2,4,8,26,11,3,22,29,9,33,21,35,30,12,27,37,38,7,20,28,15,40,
machine18:0,39,4,26,11,3,22,29,9,33,21,30,12,27,37,7,28,15,
machine19:0,39,2,4,8,26,11,3,22,29,9,33,21,35,30,31,12,27,37,24,38,17,7,10,32,23,20,28,15,40,
machine20:0,26,22,29,9,33,21,27,37,7,28,
machine21:0,39,25,18,26,3,22,29,34,9,21,6,31,1,37,17,7,10,23,20,14,15,40,16,
machine22:0,39,25,18,26,3,22,34,21,6,1,37,17,10,20,14,40,16,
machine23:0,39,25,4,18,26,3,22,29,34,9,36,33,21,35,6,30,31,12,1,37,38,17,13,7,10,32,23,20,14,28,15,40,16,
machine24:0,39,18,26,3,34,21,6,1,
machine25:0,39,2,25,4,11,3,22,29,34,33,21,30,31,37,24,17,13,7,10,15,40,
machine26:0,4,11,3,22,34,33,21,30,37,13,7,10,15,
machine27:0,5,39,2,25,4,26,11,3,22,29,34,9,33,21,6,30,31,12,1,27,37,24,17,13,7,10,14,15,40,
machine28:0,11,22,34,37,7,

1to 1:
1to 2:38,8,14,15,39,
1to 3:5,16,27,13,26,20,4,10,
1to 4:32,36,2,22,
1to 5:31,
1to 6:18,29,28,6,40,33,
1to 7:25,17,3,9,11,30,34,37,
2to 1:35,16,28,27,33,11,37,
2to 2:
2to 3:14,17,9,31,39,7,
2to 4:23,6,13,3,1,34,
2to 5:12,8,30,
2to 6:38,26,15,21,
2to 7:24,40,
3to 1:12,40,17,30,31,7,
3to 2:6,1,
3to 3:
3to 4:19,8,9,37,
3to 5:38,26,20,21,
3to 6:16,14,10,34,
3to 7:5,27,15,22,
4to 1:5,6,8,13,18,19,21,25,
4to 2:7,20,31,
4to 3:22,30,33,34,36,
4to 4:
4to 5:2,11,24,35,37,39,
4to 6:3,9,17,23,32,
4to 7:1,4,
5to 1:24,4,38,9,
5to 2:23,22,28,40,27,2,26,
5to 3:15,11,3,12,
5to 4:7,21,10,17,33,
5to 5:
5to 6:37,20,35,31,
5to 7:29,39,
6to 1:3,23,36,
6to 2:30,17,13,35,
6to 3:1,21,
6to 4:39,15,14,25,4,20,16,
6to 5:33,9,10,22,32,
6to 6:
6to 7:7,12,
7to 1:14,10,15,2,29,1,26,39,
7to 2:33,12,34,5,21,
7to 3:6,25,37,40,
7to 4:11,24,31,
7to 5:7,4,3,
7to 6:13,22,30,
7to 7:

cell1:4,6,3,2,7,5,
cell2:7,5,4,1,6,3,
cell3:5,7,2,6,4,1,
cell4:7,5,3,2,1,6,
cell5:1,6,7,4,3,2,
cell6:2,5,7,3,4,1,
cell7:5,1,6,3,2,4,
