machine1:0,194,99,74,172,65,102,98,17,108,177,11,68,150,132,3,56,13,178,37,175,44,60,75,41,196,109,166,7,160,63,168,45,192,157,151,165,81,185,119,147,52,182,107,112,23,130,83,64,82,156,191,101,141,30,131,5,24,34,31,103,80,51,181,135,50,136,2,42,27,123,167,43,183,162,126,90,36,62,100,29,110,159,35,32,113,198,70,171,25,169,122,72,10,96,59,94,14,76,49,134,47,146,118,21,67,71,180,152,154,1,200,12,179,66,104,86,145,128,55,89,138,58,9,48,79,91,114,161,54,20,46,158,33,187,163,120,92,197,6,97,26,137,139,39,69,57,78,19,142,93,189,148,15,190,121,186,140,4,116,85,111,53,199,143,22,84,16,127,133,144,38,105,173,117,125,153,87,73,170,174,193,155,95,164,18,88,195,149,188,124,40,61,8,28,106,176,115,77,129,184,
machine2:0,172,17,3,166,63,107,83,156,101,30,131,34,31,103,135,2,42,123,100,171,96,47,71,180,66,104,145,128,55,9,161,46,158,163,120,92,26,137,139,39,69,57,78,142,93,148,15,190,140,4,116,85,199,84,16,144,38,105,125,153,87,174,155,18,88,124,106,
machine3:0,194,172,65,98,17,68,3,75,196,166,63,45,185,107,83,64,82,156,191,101,141,30,131,24,34,31,103,181,135,136,2,42,123,183,162,126,90,36,62,100,32,198,171,122,72,96,76,49,47,67,71,180,12,179,66,104,86,145,128,55,89,138,58,9,48,91,114,161,54,20,46,158,33,187,163,120,92,197,26,137,139,39,69,57,78,19,142,93,189,148,15,190,121,186,140,4,116,85,111,53,199,84,16,127,144,38,105,173,117,125,153,87,73,170,174,193,155,95,164,18,88,195,149,124,28,106,129,
machine4:0,194,99,74,172,65,98,17,177,11,68,3,37,75,196,109,166,7,160,63,168,45,157,165,185,107,130,83,64,82,156,191,101,141,30,131,5,24,34,31,103,51,181,135,136,2,42,27,123,183,162,126,90,36,62,100,29,110,159,35,32,113,198,171,25,169,122,72,96,59,94,76,49,134,47,118,21,67,71,180,152,12,179,66,104,86,145,128,55,89,138,58,9,48,79,91,114,161,54,20,46,158,33,187,163,120,92,197,6,97,26,137,139,39,69,57,78,19,142,93,189,148,15,190,121,186,140,4,116,85,111,53,199,22,84,16,127,133,144,38,105,173,117,125,153,87,73,170,174,193,155,95,164,18,88,195,149,188,124,40,8,28,106,77,129,
machine5:0,172,17,3,75,196,166,63,185,107,83,64,156,191,101,141,30,131,24,34,31,103,181,135,136,2,42,123,162,90,36,62,100,32,171,122,72,96,76,49,47,67,71,180,12,179,66,104,145,128,55,58,9,48,114,161,54,20,46,158,163,120,92,197,26,137,139,39,69,57,78,142,93,189,148,15,190,121,140,4,116,85,111,199,84,16,144,38,105,173,125,153,87,174,193,155,18,88,195,149,124,28,106,
machine6:0,172,65,98,17,68,41,191,30,131,24,34,103,50,42,123,100,159,32,113,171,122,72,10,59,49,47,71,180,152,154,104,86,145,128,55,138,58,9,161,20,46,158,120,92,197,97,26,137,139,39,69,78,93,189,15,190,85,111,53,143,22,84,127,133,144,38,105,173,125,153,87,73,170,174,193,155,95,88,195,188,124,77,
machine7:0,172,65,98,17,68,41,112,156,191,141,30,131,24,34,103,181,50,136,42,123,183,126,62,100,159,32,113,171,169,122,72,10,59,14,76,49,47,21,67,71,180,152,154,1,200,104,86,145,128,55,89,138,58,9,48,161,20,46,158,33,120,92,197,97,26,137,139,39,69,57,78,19,142,93,189,148,15,190,186,140,4,85,111,53,199,143,22,84,16,127,133,144,38,105,173,117,125,153,87,73,170,174,193,155,95,88,195,188,124,28,115,77,
machine8:0,172,65,98,17,68,41,191,30,131,24,34,103,181,50,42,123,183,126,62,100,159,32,113,171,169,122,72,10,59,76,49,47,67,71,180,152,154,200,104,86,145,128,55,138,58,9,48,161,20,46,158,120,92,197,97,26,137,139,39,69,78,19,142,93,189,148,15,190,140,4,85,111,53,199,143,22,84,127,133,144,38,105,173,117,125,153,87,73,170,174,193,155,95,88,195,188,124,28,115,77,
machine9:0,74,172,65,98,17,108,177,11,68,3,56,13,75,41,109,160,63,45,165,81,119,147,107,112,23,130,64,156,191,101,141,30,131,24,34,31,103,80,51,181,135,50,136,2,42,27,123,183,162,126,36,62,100,29,159,35,32,113,70,171,25,169,122,72,10,96,59,94,14,76,49,134,47,118,21,67,71,180,152,154,1,200,12,179,66,104,86,145,128,55,89,138,58,9,48,79,161,54,20,46,158,33,187,163,120,92,197,6,97,26,137,139,39,69,57,78,19,142,93,189,148,15,190,121,186,140,4,116,85,111,53,199,143,22,84,16,127,133,144,38,105,173,117,125,153,87,73,170,174,193,155,95,18,88,195,149,188,124,8,28,106,176,115,77,
machine10:0,172,65,98,17,11,68,75,41,109,160,165,119,147,112,130,156,191,101,141,30,131,24,34,103,80,181,50,136,2,42,27,123,183,126,36,62,100,29,159,35,32,113,171,169,122,72,10,96,59,14,76,49,47,21,67,71,180,152,154,1,200,179,66,104,86,145,128,55,89,138,58,9,48,79,161,54,20,46,158,33,120,92,197,6,97,26,137,139,39,69,57,78,19,142,93,189,148,15,190,186,140,4,85,111,53,199,143,22,84,16,127,133,144,38,105,173,117,125,153,87,73,170,174,193,155,95,88,195,149,188,124,28,176,115,77,
machine11:0,172,65,98,17,41,30,131,24,34,103,100,159,113,171,122,72,10,49,71,180,154,104,86,145,55,138,58,9,161,20,46,158,120,92,97,137,139,39,78,190,53,22,84,127,133,144,38,105,125,87,170,174,155,95,88,195,188,124,
machine12:0,65,98,17,108,177,68,150,175,109,166,151,81,119,147,112,23,130,83,64,82,156,191,101,30,131,5,24,34,31,103,181,2,42,123,183,162,126,62,100,110,159,113,198,70,171,169,122,72,10,96,76,49,134,47,146,71,180,152,154,200,179,104,86,145,128,55,89,138,58,9,48,79,91,114,161,54,20,46,158,33,187,163,120,197,6,97,26,137,139,39,69,78,19,142,93,189,148,15,190,121,186,140,4,116,111,199,22,84,127,144,38,105,173,117,125,153,87,73,170,174,155,95,18,88,195,149,188,124,40,61,28,106,176,77,
machine13:0,65,108,68,175,109,151,119,23,130,83,64,156,191,101,30,131,24,103,181,2,42,123,183,126,100,159,113,171,122,72,10,76,146,71,154,200,179,104,86,145,128,55,89,138,9,79,91,161,54,20,46,158,33,120,197,6,97,26,137,139,39,69,78,19,142,93,189,148,15,190,121,140,4,111,199,84,127,144,38,105,173,117,125,153,87,73,170,174,155,95,88,195,149,188,124,28,106,77,
machine14:0,172,65,98,17,108,177,68,150,132,3,56,178,37,175,75,41,109,166,63,157,151,81,119,147,52,182,112,23,130,83,64,82,156,191,101,141,30,131,5,24,34,31,103,80,181,135,2,42,123,43,183,162,126,62,100,29,110,159,113,198,70,171,25,169,122,72,10,96,59,76,49,134,47,146,71,180,152,154,200,179,66,104,86,145,128,55,89,138,58,9,48,79,91,114,161,54,20,46,158,33,187,163,120,92,197,6,97,26,137,139,39,69,78,19,142,93,189,148,15,190,121,186,140,4,116,85,111,53,199,143,22,84,16,127,133,144,38,105,173,117,125,153,87,73,170,174,155,95,18,88,195,149,188,124,40,61,28,106,176,77,129,184,
machine15:0,65,108,119,83,156,191,30,24,181,2,183,100,159,113,171,122,72,10,146,71,154,104,86,145,55,9,79,91,54,20,158,33,197,26,139,39,69,142,189,148,190,140,4,111,199,84,127,144,38,117,125,153,87,73,170,95,195,124,106,
machine16:0,65,17,177,68,3,37,75,166,7,160,151,83,82,156,191,101,30,131,24,34,31,103,80,181,135,42,123,167,183,162,90,36,62,100,29,35,32,113,198,171,25,122,72,96,14,76,49,134,47,118,71,180,152,154,200,12,179,66,104,86,145,55,89,138,58,9,48,79,91,114,54,20,46,158,33,187,163,120,92,197,97,137,139,39,69,57,78,19,142,93,189,15,190,121,186,140,116,85,111,53,199,143,22,84,16,127,133,144,38,105,173,117,153,170,174,155,164,18,88,195,124,40,61,106,77,129,
machine17:0,65,177,68,37,75,166,160,151,83,82,156,191,101,131,34,31,103,80,181,135,42,123,183,36,100,29,198,122,72,96,14,76,49,47,71,180,152,154,200,12,66,104,86,145,55,89,138,58,9,79,114,54,20,46,158,187,163,120,92,197,97,137,139,69,57,78,142,93,189,15,190,121,140,116,85,111,53,199,143,22,84,16,127,133,144,38,105,173,117,153,170,174,155,88,195,124,40,106,77,
machine18:0,65,98,17,108,177,68,132,3,37,75,196,166,7,160,45,157,151,147,182,107,112,83,82,156,191,101,141,30,131,24,34,31,103,80,51,181,135,136,2,42,123,167,183,162,126,90,36,62,100,29,35,32,113,198,171,25,122,72,96,14,76,49,134,47,146,118,67,71,180,152,154,200,12,179,66,104,86,145,55,89,138,58,9,48,79,91,114,161,54,20,46,158,33,187,163,120,92,197,97,26,137,139,39,69,57,78,19,142,93,189,148,15,190,121,186,140,4,116,85,111,53,199,143,22,84,16,127,133,144,38,105,173,117,125,153,87,170,174,155,95,164,18,88,195,149,188,124,40,61,28,106,176,115,77,129,
machine19:0,37,166,151,82,156,191,131,34,103,135,123,100,198,122,96,71,180,152,154,66,104,86,145,55,9,79,20,46,158,187,120,197,139,78,93,190,121,140,116,85,111,199,143,16,127,133,144,38,117,153,155,88,124,106,77,
machine20:0,99,74,172,65,98,17,177,68,132,44,60,41,7,63,168,45,157,151,81,185,119,182,107,83,64,82,156,191,101,141,30,131,24,34,103,80,51,181,135,50,136,2,42,27,123,43,183,162,126,90,36,62,100,29,110,159,35,32,113,198,70,171,25,169,122,72,10,59,94,14,76,49,134,47,146,118,21,67,71,152,154,1,200,179,104,86,145,128,55,89,138,9,48,79,91,114,161,54,20,46,158,33,187,163,120,92,197,6,97,26,137,139,39,69,57,78,19,142,93,189,148,15,190,121,186,140,4,116,85,111,53,199,143,22,84,16,127,133,144,38,105,173,117,125,153,87,73,170,174,193,155,95,164,18,88,195,149,188,124,40,61,8,28,106,176,115,77,129,
machine21:0,172,64,156,191,141,30,24,34,103,181,42,123,100,198,171,122,10,94,49,47,71,154,200,104,145,89,138,9,48,54,20,97,139,39,19,142,93,190,140,4,116,85,84,127,173,153,87,170,193,155,95,88,195,28,
machine22:0,74,172,41,63,83,64,82,156,191,141,30,131,24,34,103,181,135,136,42,123,43,90,36,100,110,159,113,198,70,171,169,122,72,10,94,76,49,134,47,21,67,71,152,154,200,104,145,128,55,89,138,9,48,79,161,54,20,158,33,187,163,120,92,197,97,26,137,139,39,57,78,19,142,93,189,148,15,190,121,186,140,4,116,85,111,53,199,143,22,84,16,127,133,144,38,105,173,117,125,153,87,73,170,174,193,155,95,18,88,195,188,124,40,8,28,77,
machine23:0,74,172,60,41,63,83,64,82,156,191,141,30,131,24,34,103,51,181,135,136,2,42,27,123,43,183,126,90,36,62,100,29,110,159,35,113,198,70,171,169,122,72,10,94,76,49,134,47,21,67,71,152,154,200,179,104,86,145,128,55,89,138,9,48,79,114,161,54,20,46,158,33,187,163,120,92,197,6,97,26,137,139,39,69,57,78,19,142,93,189,148,15,190,121,186,140,4,116,85,111,53,199,143,22,84,16,127,133,144,38,105,173,117,125,153,87,73,170,174,193,155,95,18,88,195,149,188,124,40,8,28,115,77,129,
machine24:0,74,172,83,64,82,156,191,141,30,131,24,34,103,181,135,136,42,123,36,100,110,113,198,70,171,122,10,94,49,47,71,152,154,200,104,145,128,55,89,138,9,48,79,161,54,20,158,33,120,92,197,97,137,139,39,78,19,142,93,189,148,190,121,186,140,4,116,85,111,53,199,143,84,16,127,144,38,105,173,117,125,153,87,73,170,174,193,155,95,18,88,195,124,8,28,
machine25:0,99,74,172,65,102,98,17,108,11,68,132,56,178,37,60,41,109,166,7,160,63,168,45,192,185,147,52,182,112,23,130,83,64,82,156,191,101,141,30,131,5,24,34,103,80,51,181,135,50,136,42,123,167,43,183,162,126,90,36,62,100,29,32,113,198,70,171,25,122,72,10,96,14,76,49,47,146,118,21,71,180,152,154,1,200,66,104,86,145,128,55,89,138,58,9,91,114,161,54,20,46,158,187,163,120,197,6,97,26,137,139,39,69,57,78,19,142,93,189,148,15,190,121,186,140,4,116,85,111,53,199,143,22,84,16,127,133,144,38,105,173,117,153,87,73,170,174,155,95,164,18,88,195,188,124,61,28,115,129,
machine26:0,172,102,98,17,108,11,68,56,178,60,63,182,130,83,156,141,131,5,24,34,103,80,181,50,123,167,43,183,162,90,62,100,29,113,70,171,25,122,10,96,14,76,49,47,118,71,180,152,154,1,200,66,104,86,145,128,55,89,138,58,9,114,161,54,20,158,187,163,120,197,6,97,137,139,39,69,57,78,19,142,93,189,190,121,186,140,4,116,85,111,53,199,143,22,84,16,127,133,144,38,105,117,153,87,73,170,174,155,95,18,88,195,188,124,61,28,
machine27:0,102,17,83,131,103,80,181,123,183,90,62,100,70,122,10,96,76,47,180,152,154,1,200,104,86,145,128,55,138,58,9,114,161,54,20,187,163,97,139,39,69,57,78,142,189,186,140,4,116,85,111,53,199,143,22,84,16,127,133,144,38,117,153,87,73,170,88,188,124,61,
machine28:0,194,172,98,17,68,56,37,60,41,160,63,168,147,23,130,83,191,141,30,131,24,34,103,80,181,2,42,123,43,183,90,36,62,100,29,159,113,70,171,122,72,10,96,59,76,49,47,146,67,71,180,152,154,200,179,104,86,145,128,89,138,9,79,114,161,54,20,46,158,120,197,6,97,26,139,39,69,57,78,142,93,189,148,15,190,121,186,140,4,116,85,111,53,199,143,84,16,127,133,144,38,105,173,117,125,153,87,73,170,193,155,95,18,88,195,149,188,124,40,8,176,115,77,184,
machine29:0,172,68,56,37,60,41,160,168,130,83,191,30,131,24,34,103,80,181,42,183,90,36,62,100,29,113,171,122,72,10,96,59,76,49,47,146,67,71,180,152,154,200,179,104,145,128,89,9,114,161,54,20,158,120,197,6,26,139,39,69,57,78,142,190,121,186,140,116,85,111,53,199,84,127,133,144,38,105,173,117,153,87,73,170,193,155,18,88,195,188,124,8,176,77,
machine30:0,194,99,172,65,102,98,17,11,68,150,132,56,13,37,60,41,160,63,168,192,185,147,23,130,83,156,191,101,141,30,131,24,34,31,103,80,181,2,42,123,43,183,126,90,36,62,100,29,159,32,113,198,70,171,122,72,10,96,59,76,49,47,146,21,67,71,180,152,154,200,179,104,86,145,128,55,89,138,58,9,79,91,114,161,54,20,46,158,33,163,120,92,197,6,97,26,137,139,39,69,57,78,19,142,93,189,148,15,190,121,186,140,4,116,85,111,53,199,143,22,84,16,127,133,144,38,105,173,117,125,153,87,73,170,174,193,155,95,18,88,195,149,188,124,40,61,8,28,176,115,77,129,184,
machine31:0,37,60,160,168,191,131,24,34,42,183,90,62,100,29,171,122,10,76,47,180,152,154,104,128,89,161,54,20,120,197,39,69,142,190,121,140,116,85,111,53,199,84,127,133,105,173,153,87,73,193,88,195,188,
machine32:0,194,74,172,65,102,98,17,108,177,11,68,132,3,56,13,37,60,75,41,109,166,7,160,45,192,151,119,52,182,107,23,83,64,156,191,101,141,30,131,5,24,34,31,103,80,51,181,135,50,136,2,42,167,183,126,90,62,100,29,159,35,32,113,198,171,25,169,122,72,10,96,59,94,76,49,146,118,67,71,180,152,154,1,200,179,104,86,145,128,55,89,138,9,48,91,114,161,54,20,46,158,33,187,163,120,92,197,6,97,26,137,139,39,69,57,78,19,142,93,189,148,15,190,121,186,140,4,116,85,111,53,199,143,22,84,16,127,133,144,38,105,173,117,125,153,87,73,170,193,155,95,164,18,88,195,149,188,124,40,61,8,28,106,176,115,
machine33:0,74,98,11,68,132,37,75,41,109,166,160,192,151,119,52,107,23,83,64,156,191,101,30,131,24,34,103,80,51,181,135,50,136,2,62,100,159,32,113,198,171,25,122,72,10,96,76,49,118,67,71,180,152,154,1,200,104,86,145,128,55,89,138,9,48,91,161,54,20,46,158,33,163,120,92,197,97,26,137,139,39,69,78,19,142,148,15,190,121,186,140,4,116,85,53,199,143,22,84,16,127,133,144,38,105,173,117,153,87,73,155,164,88,195,188,124,40,28,106,176,115,
machine34:0,68,132,75,160,119,23,83,30,131,24,34,103,80,51,135,2,159,113,171,25,72,10,76,49,67,71,180,152,154,1,200,104,86,145,9,161,54,46,158,33,163,120,97,26,137,139,69,78,142,148,15,190,121,140,4,116,53,199,143,22,127,144,38,105,173,117,153,87,73,155,164,195,188,124,106,176,
machine35:0,194,99,172,65,102,98,17,108,11,132,3,56,13,178,37,44,60,75,41,109,166,63,45,165,185,147,182,107,23,130,83,64,82,156,191,101,141,30,131,5,24,34,31,80,51,135,50,136,42,27,123,183,126,36,62,100,159,35,32,113,198,171,25,169,72,10,96,59,94,14,76,49,134,47,146,118,67,71,180,152,154,1,200,12,179,104,86,145,128,55,89,138,58,9,48,79,91,114,161,20,46,158,33,187,163,120,92,197,6,97,26,139,39,69,78,19,142,93,189,148,15,190,140,4,116,85,111,53,199,22,84,16,127,133,144,38,105,173,117,125,153,87,73,170,174,193,155,95,164,18,88,195,149,188,124,40,28,106,176,77,129,
machine36:0,172,98,17,132,3,56,44,63,45,165,147,182,23,83,82,156,191,101,141,30,131,24,34,80,51,135,50,136,42,27,123,36,62,100,159,35,113,198,171,25,72,10,96,94,76,49,47,71,180,152,1,200,12,179,104,86,145,128,89,58,9,48,79,91,114,20,46,158,33,120,6,97,139,39,78,19,142,93,189,148,15,190,140,4,111,53,199,22,84,16,127,133,144,38,105,173,117,125,153,87,170,95,18,88,195,149,124,40,28,77,129,
machine37:0,17,56,23,83,156,191,101,30,131,24,135,27,123,62,100,159,113,198,10,76,49,47,180,200,12,179,145,89,9,48,79,91,46,33,120,6,139,39,78,142,148,15,4,111,53,199,127,38,173,153,170,18,88,195,149,124,77,
machine38:0,194,99,98,17,108,177,11,68,150,3,178,175,44,60,166,7,63,45,157,81,185,147,182,107,112,23,83,64,156,191,101,141,30,131,5,24,34,31,103,181,136,2,42,123,183,126,36,62,100,29,110,159,35,32,113,198,171,25,169,122,72,10,96,59,14,76,49,47,71,180,200,12,179,66,104,86,145,128,55,138,9,48,79,114,161,54,20,46,158,187,163,120,92,197,97,26,137,139,39,69,57,78,142,93,189,148,15,190,121,186,140,4,116,85,111,53,199,143,84,16,127,133,144,38,105,173,117,125,153,87,73,170,174,193,155,95,164,18,88,195,149,188,124,40,61,8,28,106,176,115,77,129,184,
machine39:0,194,98,108,68,3,178,175,44,60,166,7,147,107,83,156,191,30,131,5,24,34,31,103,136,2,42,123,183,62,100,29,159,113,198,171,25,72,10,96,59,47,71,200,12,179,66,104,86,145,128,9,79,114,161,54,20,46,158,187,120,92,197,97,139,39,69,57,78,142,93,189,15,190,121,186,140,4,85,53,199,143,84,16,127,133,144,38,105,173,117,125,153,87,73,170,174,193,155,95,18,88,195,149,188,124,40,176,77,184,
machine40:0,98,68,147,107,83,156,191,30,131,5,34,31,103,42,159,198,72,10,71,12,66,104,145,9,79,161,54,158,187,120,197,97,139,39,69,78,142,93,189,15,190,121,186,140,4,85,199,84,16,127,133,144,38,173,117,125,87,170,174,193,155,18,88,195,124,40,176,77,

1to 1:
1to 2:81,35,148,46,94,23,115,21,58,162,56,41,17,48,49,152,32,124,145,71,161,137,
1to 3:61,146,119,189,184,62,198,76,183,15,54,149,121,142,98,79,179,187,89,172,80,34,24,9,
1to 4:157,67,129,120,116,147,31,2,197,30,
1to 5:74,168,122,110,1,16,27,104,43,151,19,99,134,185,51,36,77,135,186,78,143,97,140,
1to 6:112,130,178,70,132,85,160,18,11,88,82,57,39,96,138,66,95,173,93,84,188,20,4,144,
1to 7:13,150,102,91,10,123,37,38,6,153,154,113,171,159,195,26,170,
1to 8:167,117,86,52,90,75,73,22,105,193,126,200,25,92,141,127,133,53,
1to 9:50,164,100,165,28,108,40,3,101,14,12,107,118,139,64,125,163,176,174,60,190,158,65,33,83,191,199,55,87,
1to 10:194,5,44,175,182,177,169,59,111,128,114,180,47,69,
2to 1:136,186,11,103,86,29,75,159,134,147,172,108,106,64,93,170,73,104,55,87,
2to 2:
2to 3:23,112,65,176,169,141,144,16,22,191,161,111,85,49,124,
2to 4:160,177,80,35,189,135,145,34,126,148,24,97,125,101,154,152,42,32,20,133,105,
2to 5:116,188,119,8,59,88,18,9,
2to 6:109,10,162,50,14,69,183,63,123,163,78,68,128,174,117,72,153,
2to 7:98,200,137,149,84,28,127,143,190,173,
2to 8:74,118,2,62,19,107,115,4,1,121,41,38,71,30,155,197,
2to 9:27,58,67,51,94,130,79,187,15,56,25,96,6,138,46,26,113,53,195,
2to 10:66,179,12,171,81,36,181,3,45,57,122,156,100,17,131,92,
3to 1:81,66,175,52,129,5,110,130,31,195,58,82,59,100,152,116,95,33,30,17,120,153,139,
3to 2:174,187,142,109,119,134,123,89,70,197,97,69,20,92,25,155,125,127,87,140,
3to 3:
3to 4:103,96,98,158,166,122,9,141,53,124,
3to 5:177,38,106,111,46,179,15,137,126,83,73,170,
3to 6:24,37,186,71,76,101,54,143,22,148,
3to 7:78,43,2,93,176,77,79,4,68,172,188,138,180,88,117,47,18,181,131,
3to 8:151,65,156,104,40,29,61,182,135,191,80,6,144,163,49,149,199,113,42,
3to 9:132,154,178,63,173,86,91,189,23,72,19,105,39,200,171,
3to 10:150,62,198,108,159,64,112,190,147,48,183,16,133,161,85,10,84,26,55,34,145,
4to 1:28,196,162,179,61,54,37,127,34,132,96,62,19,126,166,3,88,137,143,4,156,16,
4to 2:180,139,33,86,188,158,107,191,199,65,47,103,144,78,26,153,
4to 3:151,157,177,68,25,77,131,108,114,106,195,181,39,100,140,
4to 4:
4to 5:133,82,92,136,115,138,35,93,146,118,90,67,48,29,149,42,117,155,98,154,123,69,
4to 6:189,164,58,49,200,51,38,198,32,53,142,17,135,83,171,
4to 7:101,15,147,31,163,104,55,80,174,141,183,161,
4to 8:76,45,7,89,122,160,95,84,97,87,111,120,170,190,
4to 9:182,75,145,134,36,71,20,24,124,
4to 10:79,72,197,187,186,9,30,121,148,113,
5to 1:177,70,164,169,91,193,65,41,2,149,47,26,158,69,144,24,84,
5to 2:27,50,29,106,176,126,138,10,120,171,34,170,
5to 3:81,43,132,82,63,48,33,135,163,174,18,148,123,95,155,105,71,30,
5to 4:7,162,14,51,25,40,187,198,28,46,22,68,17,83,54,39,72,49,104,173,
5to 5:
5to 6:74,61,146,90,36,64,6,98,122,154,181,191,113,199,131,140,190,124,
5to 7:21,8,67,60,57,152,89,121,156,86,142,20,42,145,87,
5to 8:172,101,186,183,125,85,188,143,161,16,88,195,100,
5to 9:44,45,1,129,35,179,114,77,159,141,116,128,97,92,197,9,
5to 10:157,110,99,107,185,136,76,103,200,139,93,
6to 1:111,115,101,50,99,146,21,56,63,183,190,189,78,
6to 2:74,45,108,116,118,122,4,121,53,100,
6to 3:170,70,162,28,29,171,113,10,117,173,73,88,47,42,154,38,197,
6to 4:167,161,37,180,155,112,55,66,91,61,65,62,19,127,181,174,188,140,95,191,
6to 5:172,120,86,156,132,22,14,182,103,129,105,26,85,57,89,200,153,
6to 6:
6to 7:192,90,36,168,41,130,199,133,126,30,139,34,97,9,24,
6to 8:152,114,128,5,136,93,51,15,164,64,72,145,187,20,137,131,
6to 9:109,102,76,166,198,80,135,17,32,18,
6to 10:178,25,142,23,7,54,46,11,98,96,49,138,104,39,123,68,158,83,71,
7to 1:184,168,160,60,40,114,198,46,122,76,174,68,148,83,197,199,145,
7to 2:13,179,79,2,77,96,19,163,85,154,181,72,24,38,
7to 3:56,58,41,101,159,186,125,116,158,190,
7to 4:146,176,89,78,26,117,92,113,139,170,84,153,
7to 5:70,193,80,6,33,141,128,10,47,95,161,54,39,171,34,127,55,144,71,131,100,
7to 6:102,43,185,21,115,129,23,147,91,65,29,62,152,121,73,120,111,155,42,16,195,87,
7to 7:
7to 8:192,132,37,8,57,32,28,138,103,189,17,18,69,173,124,9,
7to 9:194,59,172,98,180,22,188,156,4,142,133,140,30,
7to 10:63,31,126,15,86,137,143,53,191,105,
8to 1:192,94,109,151,119,107,8,118,67,176,32,138,89,18,97,161,113,39,173,140,124,
8to 2:51,169,193,57,80,6,149,15,135,76,200,117,143,133,111,16,131,
8to 3:75,5,3,64,96,19,180,78,26,92,53,139,72,55,145,153,87,
8to 4:182,115,90,106,186,163,85,121,137,171,195,
8to 5:45,50,164,91,25,40,114,68,4,181,142,158,20,30,
8to 6:167,52,7,1,56,60,41,28,116,103,86,156,100,
8to 7:61,23,160,59,179,33,46,122,125,22,128,191,54,105,71,
8to 8:
8to 9:13,37,146,11,136,31,48,62,183,152,73,148,95,155,88,69,34,49,93,104,170,84,
8to 10:35,166,29,2,101,141,189,120,42,127,144,199,24,38,
9to 1:13,178,44,182,185,80,6,98,141,128,188,10,200,117,133,155,171,72,71,131,9,
9to 2:165,75,1,11,136,59,36,3,31,28,22,156,95,39,42,105,190,
9to 3:134,130,129,147,40,126,152,69,127,93,199,
9to 4:12,118,82,58,48,77,149,33,183,15,76,47,18,123,142,111,88,38,
9to 5:94,169,79,41,176,187,125,189,53,139,49,195,84,124,87,
9to 6:45,172,19,180,46,89,158,104,145,
9to 7:99,132,146,56,63,193,65,114,62,85,73,17,148,120,16,197,144,
9to 8:194,102,109,35,166,23,67,91,108,106,96,198,159,154,83,55,153,
9to 9:
9to 10:14,60,32,116,163,78,4,97,20,173,140,
10to 1:150,157,7,45,12,112,36,25,79,48,77,15,125,85,121,181,123,142,53,191,20,42,
10to 2:8,14,147,63,64,101,189,73,18,54,113,88,93,195,104,84,
10to 3:166,66,46,128,103,188,86,137,200,143,
10to 4:107,164,179,29,57,114,138,156,4,199,100,190,87,
10to 5:61,2,198,62,32,159,28,183,163,174,17,148,173,24,
10to 6:182,136,108,187,141,26,97,133,139,55,197,105,170,30,9,
10to 7:184,194,185,115,129,11,40,186,116,76,158,92,95,83,155,39,69,72,49,124,
10to 8:177,169,60,59,3,31,176,98,180,10,68,78,34,140,
10to 9:5,99,193,106,126,149,47,117,120,161,111,16,127,144,131,153,38,
10to 10:

cell1:8,5,10,9,3,6,7,4,2,
cell2:8,10,1,4,9,5,6,3,7,
cell3:9,8,4,5,1,7,2,10,6,
cell4:9,1,2,7,3,5,8,6,10,
cell5:10,9,3,2,1,6,4,7,8,
cell6:9,1,7,8,5,4,10,2,3,
cell7:6,1,3,8,2,9,10,5,4,
cell8:6,1,4,5,7,2,9,3,10,
cell9:8,2,3,7,4,1,6,5,10,
cell10:1,8,7,3,5,4,2,9,6,
