machine1:0,50,7,4,66,92,44,25,14,22,87,36,96,23,8,35,77,80,97,43,37,30,45,32,84,17,11,13,98,16,46,89,85,18,86,40,65,39,27,81,93,3,83,12,70,52,19,90,94,79,10,48,63,49,47,72,76,31,28,38,26,54,67,53,99,34,64,41,57,21,74,68,95,78,42,59,9,91,24,1,
machine2:0,50,25,14,22,87,36,96,23,8,97,43,30,32,84,17,11,13,98,16,46,89,85,86,65,27,81,93,3,83,12,70,52,19,90,79,10,48,63,49,72,76,31,28,38,26,54,67,99,34,57,21,74,68,95,78,42,59,9,91,24,1,
machine3:0,50,7,88,4,66,75,92,33,44,51,25,60,29,5,6,14,22,87,36,96,23,71,8,55,35,77,80,61,69,97,43,37,56,30,45,20,32,84,17,11,13,98,16,46,89,85,18,86,40,65,39,27,58,81,93,3,83,15,12,62,70,52,19,90,94,79,2,100,10,82,48,63,49,47,72,76,31,28,38,26,54,67,53,73,99,34,64,41,57,21,74,68,95,78,42,59,9,91,24,1,
machine4:0,32,13,16,89,86,65,81,93,83,52,90,79,48,63,49,72,76,31,26,99,34,74,68,78,42,59,9,91,24,1,
machine5:0,50,7,66,75,92,44,60,29,14,36,23,8,35,77,97,43,84,17,11,13,98,16,46,85,18,86,65,27,81,3,83,12,70,52,19,90,94,79,100,10,48,63,49,47,72,28,38,26,67,53,73,99,34,64,41,57,21,74,68,78,42,59,9,24,1,
machine6:0,50,7,66,75,60,14,23,8,35,77,97,43,84,17,11,13,98,16,46,85,18,65,3,83,12,70,19,90,94,79,100,10,63,47,72,28,38,26,67,53,34,64,57,21,74,68,78,42,59,9,1,
machine7:0,50,7,4,66,75,92,44,25,60,29,5,14,36,23,71,8,35,77,61,97,43,37,56,84,17,11,13,98,16,46,89,85,18,86,40,65,39,27,81,3,83,12,70,52,19,90,94,79,2,100,10,82,48,63,49,47,72,76,28,38,26,67,53,73,99,34,64,41,57,21,74,68,78,42,59,9,91,24,1,
machine8:0,14,77,17,13,98,18,65,3,12,70,90,94,79,100,10,63,47,38,26,67,53,64,57,21,74,68,78,42,59,9,
machine9:0,7,75,51,25,23,8,35,80,61,97,43,56,30,45,84,17,11,13,98,16,89,85,40,65,39,27,81,93,3,83,12,62,70,19,90,94,79,2,82,48,63,49,47,72,76,31,28,38,26,54,67,53,73,99,34,64,41,21,74,68,95,78,42,59,9,91,24,1,
machine10:0,7,75,51,25,23,8,35,80,61,97,43,30,45,84,11,16,89,85,65,93,3,83,70,19,90,94,79,2,48,63,47,72,28,38,26,54,67,53,99,34,64,41,21,74,68,95,78,42,9,91,1,
machine11:0,7,75,33,51,25,22,23,71,8,55,35,80,61,69,97,43,37,56,30,45,84,17,11,13,98,16,46,89,85,18,86,40,65,39,27,58,81,93,3,83,15,12,62,70,19,90,94,79,2,100,10,82,48,63,49,47,72,76,31,28,38,26,54,67,53,73,99,34,64,41,21,74,68,95,78,42,59,9,91,24,1,
machine12:0,7,75,25,23,8,35,97,43,84,11,3,83,19,90,94,2,47,72,28,67,53,99,64,41,21,78,42,9,
machine13:0,50,7,88,33,44,60,29,5,6,22,96,8,55,35,80,61,69,97,30,45,84,17,11,13,98,16,89,85,40,65,39,27,58,81,93,3,83,15,70,52,19,90,94,79,2,10,82,48,63,49,72,28,54,53,73,99,34,64,41,57,21,74,68,95,78,42,59,9,91,24,1,
machine14:0,50,7,88,44,60,5,6,22,96,8,35,80,97,30,45,84,17,11,13,98,16,85,65,27,58,81,93,3,83,70,19,94,79,2,10,63,72,28,54,53,73,64,41,57,21,74,68,95,42,59,9,91,24,1,
machine15:0,50,7,88,4,33,44,51,60,29,5,6,22,36,96,8,55,35,77,80,61,69,97,43,56,30,45,20,84,17,11,13,98,16,46,89,85,86,40,65,39,27,58,81,93,3,83,15,12,62,70,52,19,90,94,79,2,10,82,48,63,49,47,72,31,28,54,53,73,99,34,64,41,57,21,74,68,95,78,42,59,9,91,24,1,
machine16:0,50,7,88,44,60,96,35,80,30,17,11,13,98,85,65,27,3,83,70,94,79,2,63,72,28,53,64,41,21,59,91,24,1,
machine17:0,4,6,14,22,87,23,71,8,35,80,69,97,43,56,30,20,84,17,11,13,98,85,18,86,65,39,27,58,81,3,83,15,62,70,52,90,94,79,2,100,10,82,48,72,76,31,28,38,26,54,53,73,34,64,57,21,74,68,95,78,42,59,9,91,24,1,
machine18:0,4,14,23,35,80,97,43,56,30,20,84,17,11,13,98,85,86,65,27,58,81,3,83,15,62,70,52,90,94,79,2,100,10,82,48,72,76,31,38,26,54,53,73,34,57,21,74,68,95,78,42,59,9,91,1,
machine19:0,50,4,92,33,25,60,5,6,14,22,87,23,71,8,55,35,80,69,97,43,37,56,30,20,32,84,17,11,13,98,46,85,18,86,40,65,39,27,58,81,93,3,83,15,62,70,52,19,90,94,79,2,100,10,82,48,63,49,47,72,76,31,28,38,26,54,67,53,73,99,34,64,41,57,21,74,68,95,78,42,59,9,91,24,1,
machine20:0,4,14,23,35,43,84,17,11,13,98,85,86,58,81,3,15,62,70,52,94,100,10,82,48,72,26,54,53,73,34,57,21,74,68,78,91,1,

1to 1:
1to 2:5,57,82,21,36,83,26,50,23,85,43,7,94,78,64,
1to 3:76,55,62,12,38,1,67,93,40,100,27,79,3,59,2,35,
1to 4:16,22,77,6,61,42,73,86,39,46,74,4,89,49,95,11,34,52,97,65,
1to 5:69,20,81,56,37,17,8,87,71,31,54,90,70,47,13,25,99,41,28,24,
2to 1:37,29,4,44,14,66,89,56,12,73,100,9,86,13,34,79,1,
2to 2:
2to 3:71,10,75,39,82,48,81,21,28,74,78,85,8,65,17,63,24,
2to 4:5,27,40,83,70,50,19,7,99,41,68,90,84,53,
2to 5:92,60,18,64,38,11,76,67,26,43,59,98,91,3,72,
3to 1:71,22,45,61,75,39,18,47,58,25,15,16,81,43,99,10,48,7,19,8,11,97,90,53,
3to 2:56,89,40,86,49,27,13,34,91,72,3,59,
3to 3:
3to 4:33,51,62,31,82,98,63,17,85,64,78,
3to 5:55,46,93,80,83,30,23,94,42,9,35,65,68,79,2,84,
4to 1:88,20,96,36,51,80,57,54,30,63,70,24,17,94,68,2,64,84,3,59,
4to 2:77,29,44,61,12,60,16,81,98,28,52,97,9,35,65,1,79,
4to 3:69,45,46,47,58,95,43,83,49,99,41,90,42,91,72,53,
4to 4:
4to 5:6,22,33,40,73,86,15,74,10,48,19,85,21,
5to 1:5,32,33,78,92,62,49,38,60,82,98,27,50,95,23,52,76,67,91,72,21,
5to 2:25,4,39,46,63,100,47,48,14,74,41,10,24,2,68,53,42,84,
5to 3:73,37,97,70,11,34,18,31,26,15,54,19,
5to 4:69,28,55,80,9,56,58,93,94,30,13,57,8,35,1,
5to 5:

cell1:5,4,2,3,
cell2:1,3,5,4,
cell3:1,4,2,5,
cell4:2,5,1,3,
cell5:3,1,4,2,
