machine1:0,14,8,3,5,10,9,11,6,13,1,4,7,12,2,
machine2:0,14,8,3,10,9,11,13,1,7,
machine3:0,14,8,3,5,10,9,11,6,13,1,4,7,12,2,
machine4:0,14,3,10,9,
machine5:0,14,8,3,5,9,6,13,1,4,7,12,2,
machine6:0,14,8,5,6,13,1,4,12,2,
machine7:0,14,8,3,5,9,11,6,13,1,4,7,12,2,
machine8:0,14,8,5,6,13,1,4,
machine9:0,8,9,11,6,1,4,7,12,
machine10:0,8,9,11,6,1,7,
machine11:0,8,3,10,9,11,6,13,1,4,7,12,
machine12:0,9,6,

1to 1:
1to 2:2,5,8,11,14,
1to 3:12,9,6,10,
2to 1:12,9,7,6,1,
2to 2:
2to 3:11,3,4,13,
3to 1:3,8,4,13,
3to 2:7,1,
3to 3:

cell1:2,3,
cell2:3,1,
cell3:1,2,
