machine1:0,14,9,8,6,5,1,4,13,7,3,2,11,10,12,
machine2:0,14,9,8,1,13,7,3,11,10,
machine3:0,14,9,8,6,5,1,4,13,7,3,2,11,10,12,
machine4:0,14,9,3,10,
machine5:0,14,9,8,6,5,1,4,13,7,3,2,12,
machine6:0,14,8,6,5,1,4,13,2,12,
machine7:0,14,9,8,6,5,1,4,13,7,3,2,11,12,
machine8:0,14,8,6,5,1,4,13,
machine9:0,9,8,6,1,4,7,11,12,
machine10:0,9,8,6,1,7,11,
machine11:0,9,8,6,1,4,13,7,3,11,10,12,
machine12:0,9,6,

1to 1:
1to 2:2,5,8,11,14,
1to 3:12,9,6,10,
2to 1:6,9,7,1,12,
2to 2:
2to 3:3,11,4,13,
3to 1:13,3,4,8,
3to 2:1,7,
3to 3:

cell1:2,3,
cell2:3,1,
cell3:2,1,
