machine1:0,144,104,45,125,44,33,211,175,113,48,135,66,75,69,198,13,214,27,165,93,89,106,138,51,215,5,128,19,179,212,86,52,40,110,206,178,22,94,171,192,62,154,150,99,139,111,50,77,220,174,119,61,133,145,187,115,184,123,121,207,72,67,53,199,87,43,219,180,204,155,149,101,29,159,120,2,118,164,46,127,158,129,32,1,107,57,191,202,90,157,197,208,188,63,109,162,177,24,81,26,203,64,151,12,170,117,80,28,60,83,195,167,141,23,78,176,200,213,210,161,41,37,193,108,182,131,59,124,6,166,8,36,163,217,209,172,96,95,76,189,3,91,71,31,54,132,30,21,169,168,35,183,146,142,17,68,38,190,137,136,70,126,14,97,16,10,73,185,58,100,218,9,122,88,116,148,196,201,65,4,114,181,34,49,74,15,160,84,20,186,25,205,105,140,7,98,82,216,134,85,11,42,56,103,47,18,156,112,152,147,143,194,102,153,55,92,39,79,130,173,
machine2:0,144,104,45,125,44,33,211,175,113,48,135,66,75,69,198,214,128,19,40,206,178,22,94,171,192,62,154,99,139,111,50,77,174,119,61,133,145,187,115,184,123,121,207,72,67,53,199,43,180,204,155,101,29,159,120,2,118,164,46,158,129,32,1,107,57,191,202,90,157,208,63,109,162,177,24,81,26,203,64,151,170,117,80,28,60,83,195,167,141,23,78,176,200,213,210,161,41,37,193,108,182,131,59,124,6,166,8,36,163,217,209,172,96,76,189,3,91,71,31,54,132,30,21,169,168,35,183,146,17,68,38,190,137,136,70,126,14,97,16,10,73,58,100,218,122,88,116,148,196,201,65,181,34,49,74,15,160,84,20,186,25,205,105,140,7,82,216,134,85,11,103,47,18,156,152,147,143,102,153,55,92,39,130,173,
machine3:0,104,45,125,113,48,135,214,128,19,178,22,94,171,154,99,139,111,174,119,145,187,115,184,123,121,72,67,53,43,204,155,101,120,2,118,46,158,32,1,57,191,157,208,63,109,162,24,81,26,203,64,151,170,117,80,28,60,83,195,141,23,78,176,200,213,210,161,41,37,193,108,131,124,6,166,8,163,217,209,172,76,189,3,91,71,31,132,21,168,183,68,38,126,97,10,73,58,100,218,122,88,148,201,65,181,49,160,84,25,205,7,47,18,156,152,147,143,153,92,39,
machine4:0,144,104,45,125,44,33,211,175,48,135,66,69,198,13,214,27,165,93,89,106,138,51,215,5,128,19,179,212,86,52,40,110,206,178,22,94,171,192,62,154,150,99,139,111,50,77,220,174,119,61,133,145,187,115,184,123,121,207,72,67,53,87,43,219,180,204,155,149,101,29,159,120,2,118,164,127,158,129,32,1,107,57,191,202,90,157,197,208,188,63,109,162,24,81,26,203,64,151,12,170,117,80,28,60,195,167,141,23,78,176,200,213,210,161,37,193,108,182,59,124,6,166,8,36,163,217,209,172,96,95,76,189,3,91,71,31,54,132,30,21,169,168,35,183,142,17,68,38,190,137,136,70,126,14,16,10,73,185,58,100,218,9,122,88,116,148,201,65,4,114,181,34,49,74,15,160,84,20,186,25,205,105,140,98,82,216,85,11,42,103,47,18,156,112,152,147,143,194,102,153,92,39,79,130,173,
machine5:0,104,45,125,44,211,48,135,69,198,13,214,27,165,93,89,106,138,51,215,179,212,86,40,110,206,178,94,192,62,154,150,99,139,111,50,77,220,119,61,133,115,184,123,121,72,67,53,87,43,219,180,204,155,149,101,29,159,120,2,118,164,127,158,129,107,57,191,202,90,157,197,188,109,162,24,81,26,203,64,151,12,170,117,80,28,60,195,167,141,23,176,200,213,210,161,37,193,108,182,59,124,6,166,8,36,163,217,209,172,96,95,76,189,3,91,71,31,54,132,30,21,169,35,183,17,68,38,190,137,136,70,126,16,10,73,185,58,100,218,9,122,88,116,148,201,65,4,114,181,49,74,15,160,84,20,186,25,205,105,140,82,216,85,42,47,18,112,143,194,102,39,
machine6:0,125,44,211,48,135,198,13,214,27,165,89,138,51,215,179,212,86,40,110,206,178,94,62,154,150,99,139,50,119,133,115,121,72,53,87,43,219,180,204,149,127,129,107,57,191,202,90,157,197,188,162,203,64,151,170,117,80,28,60,195,167,141,23,176,200,213,193,108,182,124,6,166,8,163,96,95,76,189,3,91,71,31,54,132,30,169,35,183,17,68,190,136,70,16,10,185,58,218,88,201,65,181,49,74,20,186,25,105,85,143,
machine7:0,125,175,113,135,69,93,5,94,133,184,121,199,87,219,149,46,127,162,177,12,170,60,83,37,166,209,172,96,76,71,21,168,35,146,142,17,68,38,70,126,14,97,16,10,73,185,58,100,218,9,122,88,116,148,196,201,65,4,114,181,34,49,74,15,160,84,20,186,25,205,105,140,7,98,82,216,134,85,11,42,56,103,47,18,156,112,152,147,143,194,102,153,55,92,39,79,130,173,
machine8:0,144,125,33,211,175,113,48,135,66,75,69,13,93,5,128,86,52,40,110,178,22,94,171,192,62,150,77,220,119,133,145,187,184,123,121,207,199,87,43,219,204,155,149,101,29,159,164,46,127,158,129,32,57,191,90,157,197,208,188,63,109,162,177,24,26,64,151,12,170,28,60,83,195,167,141,213,210,161,37,108,131,124,6,166,8,36,163,209,172,96,95,76,189,3,91,71,31,54,132,30,21,169,168,35,183,146,142,17,68,38,137,136,70,126,14,97,16,10,73,185,58,100,218,9,122,88,116,148,196,201,65,4,114,181,34,49,74,15,160,84,20,186,25,205,105,140,7,98,82,216,134,85,11,42,56,103,47,18,156,112,152,147,143,194,102,153,55,92,39,79,130,173,
machine9:0,104,45,44,33,211,175,113,48,75,69,13,214,27,93,106,5,128,19,86,52,110,22,62,154,150,50,220,119,72,43,219,180,101,29,120,164,127,1,107,57,191,202,157,208,63,109,26,64,151,117,80,28,141,23,161,41,37,108,131,59,124,6,36,163,209,172,95,3,91,54,132,21,168,35,183,142,17,38,137,136,70,126,97,16,73,100,116,148,196,34,160,84,20,186,205,98,82,85,11,42,56,103,47,18,156,112,152,194,102,55,92,79,173,
machine10:0,144,104,45,44,33,211,175,113,48,135,66,75,69,198,13,214,27,165,93,89,106,138,51,215,5,128,19,179,212,86,52,40,110,206,178,22,94,62,154,150,99,139,111,50,77,220,174,119,61,133,187,115,184,123,207,72,199,87,43,219,180,204,155,149,101,29,120,2,118,164,46,127,32,1,107,57,191,202,90,157,208,188,63,109,162,177,81,26,64,151,12,170,117,80,28,83,195,167,141,23,78,200,210,161,41,37,108,182,131,59,124,6,166,8,36,163,209,172,95,76,189,3,91,31,54,132,30,21,168,35,183,146,142,17,38,190,137,136,70,126,97,16,73,185,100,88,116,148,196,201,65,4,181,34,49,15,160,84,20,186,25,205,105,7,98,82,134,85,11,42,56,103,47,18,156,112,152,147,143,194,102,153,55,92,39,79,130,173,

1to 1:
1to 2:192,53,165,40,67,107,193,171,212,153,122,158,19,71,203,217,87,207,26,93,169,197,15,202,109,129,57,33,62,94,16,52,155,190,86,154,188,180,117,79,42,63,213,189,13,167,60,98,156,8,102,88,39,31,21,3,157,168,143,17,
1to 3:114,134,159,56,187,46,14,131,74,196,11,83,147,218,66,58,130,7,216,181,136,185,4,194,148,12,28,36,186,161,73,65,43,116,10,20,191,119,95,184,103,219,92,201,47,205,54,91,
1to 4:174,215,206,61,78,27,177,138,115,118,22,99,128,179,55,139,34,150,199,2,220,214,182,59,29,183,132,32,126,164,200,49,152,25,162,105,137,160,108,170,172,70,30,64,85,76,166,
2to 1:145,106,174,114,159,176,61,78,1,144,138,72,74,89,198,68,128,179,124,147,218,66,58,50,220,211,59,216,112,80,210,136,142,90,185,132,121,44,200,148,151,209,161,65,152,163,37,69,116,162,105,20,160,108,133,175,119,219,30,76,205,54,166,91,
2to 2:
2to 3:192,40,5,24,122,125,149,9,208,87,207,169,197,140,34,150,109,29,16,84,204,183,48,79,126,96,63,35,213,189,98,141,6,102,100,135,39,137,170,3,64,85,143,
2to 4:187,111,212,153,51,19,23,178,120,11,15,195,45,81,77,123,104,62,101,130,94,127,190,86,154,188,117,4,42,173,194,12,28,167,156,8,110,18,31,38,95,157,201,82,
3to 1:5,24,171,125,158,149,71,9,208,26,140,195,34,97,129,199,57,33,62,94,127,155,86,204,48,126,96,173,35,13,60,141,6,100,88,135,18,21,170,172,82,17,
3to 2:145,14,178,22,68,128,124,77,123,101,112,181,210,142,132,32,121,4,194,164,28,49,186,163,37,25,43,110,162,10,38,191,70,92,30,201,47,166,
3to 3:
3to 4:113,56,40,146,75,144,87,196,93,211,7,16,52,84,136,90,185,148,189,151,36,209,73,102,69,116,39,20,133,175,119,184,103,219,3,168,143,205,54,91,
4to 1:23,107,123,79,178,186,120,134,109,187,43,77,165,113,180,81,131,12,51,191,47,146,63,84,181,46,104,93,130,38,83,111,11,45,52,168,75,95,92,202,110,98,207,101,41,
4to 2:5,150,215,80,144,209,183,204,106,100,214,208,6,182,184,1,69,48,64,65,72,35,44,73,133,211,147,99,36,151,50,161,2,137,29,135,175,27,66,172,103,139,198,141,206,149,118,115,90,85,89,
4to 3:31,127,76,220,49,177,70,157,22,160,153,164,105,156,97,188,195,124,167,57,33,142,163,155,37,108,210,26,21,25,18,13,8,42,88,15,32,82,152,173,55,112,17,
4to 4:

cell1:2,4,3,
cell2:4,3,1,
cell3:1,2,4,
cell4:2,3,1,
