machine1:0,144,104,45,125,44,33,211,175,113,48,75,66,69,198,27,13,93,106,214,89,165,138,51,215,5,128,110,179,19,212,86,52,40,191,206,180,178,154,107,22,2,202,94,115,171,182,53,150,118,111,77,50,192,220,62,155,99,174,207,29,133,145,121,187,67,72,199,28,87,123,204,219,135,101,159,164,120,1,149,57,127,158,63,61,46,129,81,90,32,109,170,188,162,177,24,80,26,203,197,157,139,64,151,12,193,208,184,167,176,83,195,141,23,131,43,217,136,71,117,213,161,166,60,210,37,41,163,78,108,8,200,59,124,189,91,36,209,21,172,119,96,73,3,95,31,35,54,132,65,88,169,168,30,6,146,183,17,68,70,38,190,185,137,76,16,14,126,97,58,10,34,142,4,218,9,122,116,148,196,201,186,100,114,49,7,205,84,105,74,181,25,20,15,160,140,82,216,134,98,85,47,42,11,103,112,102,156,143,56,152,147,153,18,194,55,92,39,79,130,173,
machine2:0,144,104,45,125,44,33,211,175,113,48,75,66,69,198,214,128,19,40,191,206,180,178,154,107,22,2,202,94,115,171,182,53,118,111,77,50,192,62,155,99,174,207,29,133,145,121,187,67,72,199,28,123,204,135,101,159,164,120,1,57,158,63,61,46,129,81,90,32,109,170,162,177,24,80,26,203,157,139,64,151,193,208,184,167,176,83,195,141,23,131,43,217,136,71,117,213,161,166,60,210,37,41,163,78,108,8,200,59,124,189,91,36,209,21,172,119,96,73,3,31,35,54,132,65,88,169,168,30,6,146,183,17,68,70,38,190,137,76,16,14,126,97,58,10,34,218,122,116,148,196,201,186,100,49,7,205,84,105,74,181,25,20,15,160,140,82,216,134,85,47,11,103,102,156,143,152,147,153,18,55,92,39,130,173,
machine3:0,104,45,125,113,48,214,128,19,191,178,154,22,2,94,115,171,53,118,111,155,99,174,145,121,187,67,72,28,123,204,135,101,120,1,57,158,63,46,81,32,109,170,162,24,80,26,203,157,139,64,151,193,208,184,176,83,195,141,23,131,43,217,71,117,213,161,166,60,210,37,41,163,78,108,8,200,124,189,91,209,21,172,119,73,3,31,132,65,88,168,6,183,68,38,76,126,97,58,10,218,122,148,201,100,49,7,205,84,181,25,160,47,156,143,152,147,153,18,92,39,
machine4:0,144,104,45,125,44,33,211,175,48,66,69,198,27,13,93,106,214,89,165,138,51,215,5,128,110,179,19,212,86,52,40,191,206,180,178,154,107,22,2,202,94,115,171,182,53,150,118,111,77,50,192,220,62,155,99,174,207,29,133,145,121,187,67,72,28,87,123,204,219,135,101,159,164,120,1,149,57,127,158,63,61,129,81,90,32,109,170,188,162,24,80,26,203,197,157,139,64,151,12,193,208,184,167,176,195,141,23,43,217,136,71,117,213,161,166,60,210,37,163,78,108,8,200,59,124,189,91,36,209,21,172,119,96,73,3,95,31,35,54,132,65,88,169,168,30,6,183,17,68,70,38,190,185,137,76,16,14,126,58,10,34,142,4,218,9,122,116,148,201,186,100,114,49,205,84,105,74,181,25,20,15,160,140,82,216,98,85,47,42,11,103,112,102,156,143,152,147,153,18,194,92,39,79,130,173,
machine5:0,104,45,125,44,211,48,69,198,27,13,93,106,214,89,165,138,51,215,110,179,212,86,40,191,206,180,178,154,107,2,202,94,115,182,53,150,118,111,77,50,192,220,62,155,99,29,133,121,67,72,28,87,123,204,219,135,101,159,164,120,149,57,127,158,61,129,81,90,109,170,188,162,24,80,26,203,197,157,139,64,151,12,193,184,167,176,195,141,23,43,217,136,71,117,213,161,166,60,210,37,163,108,8,200,59,124,189,91,36,209,21,172,119,96,73,3,95,31,35,54,132,65,88,169,30,6,183,17,68,70,38,190,185,137,76,16,126,58,10,4,218,9,122,116,148,201,186,100,114,49,205,84,105,74,181,25,20,15,160,140,82,216,85,47,42,112,102,143,18,194,39,
machine6:0,125,44,211,48,198,27,13,214,89,165,138,51,215,110,179,212,86,40,191,206,180,178,154,107,202,94,115,182,53,150,50,62,99,133,121,72,28,87,204,219,135,149,57,127,129,90,170,188,162,80,203,197,157,139,64,151,193,167,176,195,141,23,43,136,71,117,213,166,60,163,108,8,200,124,189,91,119,96,3,95,31,35,54,132,65,88,169,30,6,183,17,68,70,190,185,76,16,58,10,218,201,186,49,105,74,181,25,20,85,143,
machine7:0,125,175,113,69,93,5,94,133,121,199,87,219,135,149,127,46,170,162,177,12,184,83,71,166,60,37,209,21,172,96,73,35,65,88,168,146,17,68,70,38,185,76,16,14,126,97,58,10,34,142,4,218,9,122,116,148,196,201,186,100,114,49,7,205,84,105,74,181,25,20,15,160,140,82,216,134,98,85,47,42,11,103,112,102,156,143,56,152,147,153,18,194,55,92,39,79,130,173,
machine8:0,144,125,33,211,175,113,48,75,66,69,13,93,5,128,110,86,52,40,191,178,22,94,171,150,77,192,220,62,155,207,29,133,145,121,187,199,28,87,123,204,219,135,101,159,164,149,57,127,158,63,46,129,90,32,109,170,188,162,177,24,26,197,157,64,151,12,208,184,167,83,195,141,131,43,136,71,213,161,166,60,210,37,163,108,8,124,189,91,36,209,21,172,119,96,73,3,95,31,35,54,132,65,88,169,168,30,6,146,183,17,68,70,38,185,137,76,16,14,126,97,58,10,34,142,4,218,9,122,116,148,196,201,186,100,114,49,7,205,84,105,74,181,25,20,15,160,140,82,216,134,98,85,47,42,11,103,112,102,156,143,56,152,147,153,18,194,55,92,39,79,130,173,
machine9:0,104,45,44,33,211,175,113,48,75,69,27,13,93,106,214,5,128,110,19,86,52,191,180,154,107,22,202,150,50,220,62,29,72,28,219,101,164,120,1,57,127,63,109,80,26,157,64,151,208,141,23,131,43,136,117,161,37,41,163,108,59,124,91,36,209,21,172,119,73,3,95,35,54,132,168,6,183,17,70,38,137,16,126,97,34,142,116,148,196,186,100,205,84,20,160,82,98,85,47,42,11,103,112,102,156,56,152,18,194,55,92,79,173,
machine10:0,144,104,45,44,33,211,175,113,48,75,66,69,198,27,13,93,106,214,89,165,138,51,215,5,128,110,179,19,212,86,52,40,191,206,180,178,154,107,22,2,202,94,115,182,150,118,111,77,50,220,62,155,99,174,207,29,133,187,72,199,28,87,123,204,219,135,101,164,120,1,149,57,127,63,61,46,81,90,32,109,170,188,162,177,80,26,157,139,64,151,12,208,184,167,83,195,141,23,131,43,136,117,161,166,210,37,41,163,78,108,8,200,59,124,189,91,36,209,21,172,119,73,3,95,31,35,54,132,65,88,168,30,6,146,183,17,70,38,190,185,137,76,16,126,97,34,142,4,116,148,196,201,186,100,49,7,205,84,105,181,25,20,15,160,82,134,98,85,47,42,11,103,112,102,156,143,56,152,147,153,18,194,55,92,39,79,130,173,

1to 1:
1to 2:17,87,143,190,153,212,94,171,180,202,109,21,71,197,26,31,102,189,33,13,67,193,192,155,15,60,213,39,93,16,62,107,42,19,40,203,117,52,86,157,122,53,88,57,207,217,156,168,63,79,165,129,167,169,98,3,154,158,188,8,
1to 3:191,58,20,194,56,219,66,187,65,185,218,91,130,114,116,74,7,136,184,181,131,11,73,147,186,83,148,103,134,92,196,47,46,161,159,4,10,216,201,43,54,14,12,28,36,205,95,119,
1to 4:78,25,206,215,2,170,174,138,132,76,150,162,105,61,160,59,22,34,108,182,128,49,183,55,177,200,27,118,30,70,172,164,179,115,64,85,139,220,214,29,152,32,126,166,99,199,137,
2to 1:145,106,174,114,159,176,61,78,1,144,138,72,74,89,198,68,128,179,124,147,218,66,58,50,220,211,59,216,112,80,210,136,142,90,185,132,121,44,200,148,151,209,161,65,152,163,37,69,116,162,105,20,160,108,133,175,119,219,30,76,205,54,166,91,
2to 2:
2to 3:192,40,5,24,122,125,149,9,208,87,207,169,197,140,34,150,109,29,16,84,204,183,48,79,126,96,63,35,213,189,98,141,6,102,100,135,39,137,170,3,64,85,143,
2to 4:187,111,212,153,51,19,23,178,120,11,15,195,45,81,77,123,104,62,101,130,94,127,190,86,154,188,117,4,42,173,194,12,28,167,156,8,110,18,31,38,95,157,201,82,
3to 1:26,35,34,155,82,208,149,60,195,88,127,57,86,171,96,9,24,94,100,173,158,62,6,5,140,126,170,17,21,199,33,125,13,18,97,48,129,172,71,204,135,141,
3to 2:124,22,14,47,128,194,68,145,92,142,43,25,32,164,186,112,77,181,132,121,162,201,4,178,110,28,166,191,49,38,210,163,10,37,101,123,30,70,
3to 3:
3to 4:211,185,7,36,168,84,16,40,90,39,151,175,119,91,113,196,69,73,219,146,189,133,103,143,93,102,184,116,56,75,52,54,209,3,87,205,136,144,20,148,
4to 1:113,134,187,165,41,146,107,111,46,75,51,23,131,178,120,207,93,11,45,202,83,81,109,77,123,104,101,130,181,52,84,180,79,63,12,186,98,43,110,38,191,95,92,168,47,
4to 2:106,215,206,5,27,1,144,149,72,115,208,118,89,198,99,139,147,150,66,2,50,211,214,182,29,80,204,183,90,48,44,35,151,36,209,161,73,65,141,6,100,135,69,137,133,175,172,184,103,64,85,
4to 3:153,177,22,26,15,195,55,124,97,57,33,220,112,127,210,155,142,188,32,42,173,164,49,13,167,152,163,156,37,8,25,88,18,105,160,31,108,21,70,157,76,82,17,
4to 4:

cell1:2,3,4,
cell2:4,3,1,
cell3:2,1,4,
cell4:1,2,3,
