machine1:0,76,160,58,127,156,153,39,20,49,65,85,96,147,42,130,218,105,98,11,177,79,152,92,116,7,122,15,185,219,82,16,148,12,70,35,205,140,47,149,74,83,114,142,9,216,134,181,184,93,14,106,29,67,164,192,73,50,158,97,5,126,24,2,175,207,69,75,217,198,89,27,138,128,22,52,155,51,107,4,206,25,178,214,165,90,129,111,120,40,33,145,94,203,34,208,118,101,57,176,53,63,133,72,86,99,144,88,187,204,123,113,196,170,110,77,201,193,108,146,80,174,28,171,167,109,121,115,10,202,182,139,117,210,215,162,46,161,172,213,199,64,100,191,43,36,19,32,95,159,143,186,61,209,163,197,154,59,166,21,87,151,211,44,37,157,168,66,26,150,62,8,112,48,103,13,188,31,132,119,60,91,54,200,18,131,220,141,169,179,180,41,23,124,71,1,45,81,212,102,84,189,78,135,30,195,125,3,104,173,55,137,194,68,6,38,17,136,56,190,183,
machine2:0,76,160,58,156,153,39,20,49,65,85,96,147,130,218,105,11,177,152,92,116,7,122,15,82,16,148,70,35,205,140,47,74,83,216,134,181,184,14,29,67,164,192,73,50,158,97,126,24,2,175,207,69,75,217,198,128,22,155,107,206,25,178,214,90,129,111,120,40,33,145,94,203,34,208,118,101,57,176,53,63,133,72,99,144,88,187,204,123,113,196,170,77,201,193,108,146,80,174,28,171,167,109,121,115,10,202,182,139,117,210,162,46,161,172,213,199,64,100,191,43,36,19,32,159,143,186,61,209,163,154,59,166,21,151,211,44,37,157,168,66,26,62,8,48,103,31,132,119,60,91,54,200,18,131,141,169,180,41,23,124,71,1,45,81,102,84,189,78,135,30,195,125,3,104,173,55,137,68,6,38,17,136,190,183,
machine3:0,76,160,58,156,153,39,49,65,147,218,152,92,7,122,148,205,47,83,181,184,67,73,158,97,126,24,2,217,128,22,155,25,178,214,111,120,145,94,203,208,118,101,57,176,53,63,72,99,88,187,204,123,113,170,201,193,108,80,174,28,171,109,121,115,10,139,117,210,162,46,161,172,213,64,100,191,43,19,32,143,209,163,154,166,21,151,37,157,168,26,8,48,31,132,119,60,91,200,18,131,141,41,23,124,71,1,45,81,84,189,78,135,195,125,3,104,68,6,38,183,
machine4:0,76,160,58,127,156,153,39,20,49,65,85,96,147,42,130,218,105,98,11,79,152,92,116,122,15,185,219,82,16,148,12,70,35,205,140,47,149,74,114,142,9,216,181,184,93,14,106,29,67,164,192,73,50,158,5,126,24,2,175,207,69,217,198,89,27,138,128,22,52,155,51,107,4,206,25,178,214,165,90,129,111,120,40,33,145,94,203,34,208,118,101,57,176,53,63,133,72,86,99,144,88,187,204,123,170,110,77,201,193,108,80,174,28,171,167,109,121,115,10,202,182,139,117,210,215,162,161,172,213,64,100,191,43,36,19,32,95,159,143,186,61,209,163,197,154,59,166,21,87,151,211,44,37,157,168,66,26,150,62,8,112,48,103,13,188,31,132,119,60,91,54,200,18,220,141,169,179,180,23,124,71,1,45,81,212,102,84,189,78,135,30,195,125,3,104,173,137,194,68,6,38,17,136,190,183,
machine5:0,76,160,58,127,39,20,49,65,85,96,42,218,105,116,122,15,185,219,82,16,148,12,70,35,205,140,47,149,74,114,9,216,181,184,93,106,29,67,164,192,73,50,158,126,24,2,69,217,198,89,27,138,155,51,107,4,206,25,178,214,165,90,129,111,120,40,94,203,118,101,57,176,53,133,72,86,99,88,204,123,170,110,77,201,193,108,80,28,167,109,121,115,10,202,182,139,117,210,215,162,161,172,213,64,100,191,43,36,95,159,143,186,61,209,163,197,154,59,166,21,87,151,211,44,37,157,26,150,62,8,112,48,13,188,31,132,119,60,91,54,200,18,220,141,169,179,180,23,124,71,45,81,212,102,84,189,135,30,195,125,3,104,137,194,68,6,38,17,136,190,183,
machine6:0,76,58,127,20,49,65,85,96,218,105,185,219,16,70,35,149,74,181,50,198,89,27,138,51,107,206,25,178,214,165,90,129,40,94,203,57,176,53,133,72,86,99,88,204,170,110,201,193,108,80,28,167,121,115,10,202,182,139,117,215,162,213,64,191,43,95,143,186,163,197,154,166,87,151,211,44,157,150,62,8,48,13,188,31,132,119,60,91,54,200,141,169,179,180,23,124,71,212,189,135,30,195,125,3,68,6,17,136,190,183,
machine7:0,76,160,58,127,156,153,39,20,49,65,85,96,147,42,130,218,105,98,11,177,79,152,92,116,7,122,15,185,219,82,16,148,12,70,35,205,140,47,149,74,83,114,142,9,216,134,181,184,93,14,73,97,5,126,175,69,4,25,94,34,133,88,113,196,170,201,146,121,10,162,46,172,199,100,143,186,209,166,21,87,37,168,112,103,60,18,71,102,84,135,125,173,55,194,68,38,17,56,
machine8:0,76,160,58,127,156,153,39,20,49,65,85,96,147,42,130,218,105,98,11,177,79,152,92,116,7,122,15,185,219,82,16,148,12,70,35,205,140,47,149,74,83,114,142,9,216,134,181,184,93,14,29,164,192,73,158,97,5,126,24,175,207,69,75,128,22,52,155,4,25,178,90,129,40,33,145,94,34,208,101,57,63,133,86,144,88,187,204,123,113,196,170,110,77,201,108,146,28,171,167,109,121,10,210,162,46,161,172,213,199,64,100,191,43,36,32,95,159,143,186,209,163,197,166,21,87,151,211,37,157,168,66,26,150,62,8,112,48,103,13,188,31,132,119,60,91,54,18,131,220,141,169,124,71,102,84,189,135,30,195,125,3,173,55,137,194,68,6,38,17,136,56,183,
machine9:0,160,127,156,20,85,42,98,11,79,152,92,116,219,82,16,148,70,35,205,47,142,93,106,29,164,73,50,97,5,126,175,69,75,27,128,22,52,107,214,120,33,34,208,101,57,63,72,86,113,196,110,108,80,28,109,202,117,161,172,64,100,191,43,36,19,95,186,209,163,154,59,21,151,211,44,37,157,168,26,150,62,112,48,103,13,132,119,91,54,18,131,220,141,180,41,23,124,1,45,102,84,3,104,173,55,137,194,6,38,17,136,56,183,
machine10:0,76,160,127,156,153,39,20,49,65,85,147,42,130,105,98,11,177,79,152,92,116,7,15,185,219,82,16,148,12,70,35,205,47,149,83,142,134,181,184,93,106,29,164,73,50,97,5,126,2,175,207,69,75,198,89,27,138,128,22,52,155,51,107,4,206,25,178,214,165,90,111,120,40,33,94,34,208,118,101,57,63,133,72,86,99,144,88,187,204,123,113,196,170,110,77,201,108,146,80,174,28,167,109,115,202,182,139,117,210,215,162,46,161,172,199,64,100,191,43,36,19,32,95,143,186,61,209,163,154,59,166,21,87,151,211,44,37,157,168,66,26,150,62,8,112,48,103,13,188,31,132,119,91,54,200,18,131,220,141,179,180,41,23,124,1,45,81,212,102,84,189,78,135,30,195,3,104,173,55,137,194,6,38,17,136,56,190,183,

1to 1:
1to 2:17,87,143,190,153,212,94,171,180,202,109,21,71,197,26,31,102,189,33,13,67,193,192,155,15,60,213,39,93,16,62,107,42,19,40,203,117,52,86,157,122,53,88,57,207,217,156,168,63,79,165,129,167,169,98,3,154,158,188,8,
1to 3:191,58,20,194,56,219,66,187,65,185,218,91,130,114,116,74,7,136,184,181,131,11,73,147,186,83,148,103,134,92,196,47,46,161,159,4,10,216,201,43,54,14,12,28,36,205,95,119,
1to 4:78,25,206,215,2,170,174,138,132,76,150,162,105,61,160,59,22,34,108,182,128,49,183,55,177,200,27,118,30,70,172,164,179,115,64,85,139,220,214,29,152,32,126,166,99,199,137,
2to 1:145,106,174,114,159,176,61,78,1,144,138,72,74,89,198,68,128,179,124,147,218,66,58,50,220,211,59,216,112,80,210,136,142,90,185,132,121,44,200,148,151,209,161,65,152,163,37,69,116,162,105,20,160,108,133,175,119,219,30,76,205,54,166,91,
2to 2:
2to 3:192,40,5,24,122,125,149,9,208,87,207,169,197,140,34,150,109,29,16,84,204,183,48,79,126,96,63,35,213,189,98,141,6,102,100,135,39,137,170,3,64,85,143,
2to 4:187,111,212,153,51,19,23,178,120,11,15,195,45,81,77,123,104,62,101,130,94,127,190,86,154,188,117,4,42,173,194,12,28,167,156,8,110,18,31,38,95,157,201,82,
3to 1:26,35,34,155,82,208,149,60,195,88,127,57,86,171,96,9,24,94,100,173,158,62,6,5,140,126,170,17,21,199,33,125,13,18,97,48,129,172,71,204,135,141,
3to 2:124,22,14,47,128,194,68,145,92,142,43,25,32,164,186,112,77,181,132,121,162,201,4,178,110,28,166,191,49,38,210,163,10,37,101,123,30,70,
3to 3:
3to 4:211,185,7,36,168,84,16,40,90,39,151,175,119,91,113,196,69,73,219,146,189,133,103,143,93,102,184,116,56,75,52,54,209,3,87,205,136,144,20,148,
4to 1:113,134,187,165,41,146,107,111,46,75,51,23,131,178,120,207,93,11,45,202,83,81,109,77,123,104,101,130,181,52,84,180,79,63,12,186,98,43,110,38,191,95,92,168,47,
4to 2:106,215,206,5,27,1,144,149,72,115,208,118,89,198,99,139,147,150,66,2,50,211,214,182,29,80,204,183,90,48,44,35,151,36,209,161,73,65,141,6,100,135,69,137,133,175,172,184,103,64,85,
4to 3:153,177,22,26,15,195,55,124,97,57,33,220,112,127,210,155,142,188,32,42,173,164,49,13,167,152,163,156,37,8,25,88,18,105,160,31,108,21,70,157,76,82,17,
4to 4:

cell1:2,3,4,
cell2:4,3,1,
cell3:2,1,4,
cell4:1,2,3,
