machine1:0,35,25,4,1,2,13,27,31,19,30,9,23,29,5,32,7,36,15,17,3,16,8,34,10,21,26,12,22,18,6,
machine2:0,35,4,2,13,31,30,23,29,32,7,36,17,3,16,8,10,26,12,22,
machine3:0,35,24,25,4,1,14,2,13,27,31,28,19,30,9,23,29,11,5,32,7,20,36,15,17,33,3,16,8,34,10,21,26,12,22,18,6,
machine4:0,35,4,2,31,23,29,32,16,8,10,26,12,
machine5:0,35,24,25,4,1,14,2,13,28,19,30,9,23,29,5,7,20,36,17,3,16,8,34,10,21,26,12,18,6,
machine6:0,24,2,23,29,7,20,17,16,8,10,
machine7:0,35,24,25,14,2,13,19,23,29,7,20,17,16,8,34,10,26,
machine8:0,35,24,25,14,2,13,19,30,9,23,29,7,20,36,17,3,16,8,34,10,21,26,12,18,6,
machine9:0,24,14,2,23,29,7,20,17,16,8,34,10,26,
machine10:0,35,24,25,4,1,14,13,31,30,9,23,36,15,33,3,8,10,21,18,6,
machine11:0,35,24,1,14,13,30,9,23,36,15,33,3,10,21,6,
machine12:0,35,24,25,4,1,14,2,13,31,28,30,9,23,29,11,32,7,36,15,33,3,8,34,10,21,26,22,18,6,
machine13:0,24,1,14,30,9,23,15,33,6,
machine14:0,35,24,25,4,1,14,2,13,27,31,28,9,23,29,11,5,32,36,15,17,3,16,8,10,21,26,12,22,18,
machine15:0,24,25,14,2,13,27,31,28,9,23,11,36,16,8,10,21,26,22,18,
machine16:0,24,25,14,27,28,9,11,16,8,10,21,22,
machine17:0,35,24,25,4,1,14,2,19,30,9,23,29,5,7,36,17,33,3,16,8,34,10,21,26,12,22,18,6,
machine18:0,35,24,25,4,23,7,17,16,8,26,
machine19:0,35,24,25,4,1,14,2,19,9,23,29,7,36,17,33,16,8,34,10,21,26,12,22,18,
machine20:0,35,24,25,4,1,14,2,19,9,23,29,5,7,36,17,33,16,8,34,10,21,26,12,22,18,
machine21:0,35,24,25,4,1,2,23,29,7,17,16,8,34,10,21,26,22,18,

1to 1:
1to 2:20,12,1,9,10,
1to 3:28,30,18,21,8,
1to 4:15,14,17,26,16,24,
1to 5:6,33,22,34,4,35,36,
2to 1:5,17,
2to 2:
2to 3:6,7,29,26,24,
2to 4:28,13,23,1,35,36,8,
2to 5:19,30,12,3,21,14,10,25,2,
3to 1:32,11,31,15,33,4,9,2,24,
3to 2:13,34,3,21,35,
3to 3:
3to 4:22,29,25,
3to 5:18,23,1,7,8,
4to 1:13,22,27,28,35,36,29,
4to 2:18,4,2,25,
4to 3:10,23,11,32,3,31,14,
4to 4:
4to 5:5,9,16,24,26,
5to 1:19,30,3,23,14,1,7,25,
5to 2:5,6,17,29,26,16,8,
5to 3:34,9,36,2,
5to 4:18,12,21,4,10,
5to 5:

cell1:5,3,2,4,
cell2:1,4,5,3,
cell3:1,2,4,5,
cell4:3,1,2,5,
cell5:1,4,2,3,
