machine1:0,85,92,23,30,97,27,70,38,86,24,13,98,71,33,72,80,19,87,7,20,14,68,81,73,9,94,2,26,18,84,76,74,12,40,95,67,55,50,25,32,93,17,34,90,8,5,29,6,88,83,56,63,16,35,47,59,60,46,45,89,100,42,79,1,4,54,21,36,69,15,66,
machine2:0,31,85,92,23,22,78,99,39,30,97,27,44,70,49,38,86,24,51,96,13,98,71,33,72,75,91,80,19,87,7,20,10,14,68,81,73,9,94,2,26,18,84,61,76,74,12,48,40,95,67,55,3,50,65,62,25,32,93,17,52,34,90,8,5,29,6,88,82,83,56,63,16,35,47,59,41,60,11,46,45,58,89,100,64,53,42,79,57,28,77,1,4,54,21,36,69,37,15,43,66,
machine3:0,92,23,78,70,86,24,98,33,72,80,10,14,68,81,9,94,2,26,18,84,74,48,40,67,62,52,5,29,88,82,83,63,35,47,41,11,46,45,58,89,100,42,79,1,21,36,69,37,15,43,66,
machine4:0,31,92,23,22,78,99,97,27,70,86,24,51,96,13,98,71,33,72,75,91,80,19,7,20,10,14,68,81,9,94,2,26,18,84,61,76,74,12,48,40,95,67,55,3,62,25,52,8,5,29,6,88,82,83,63,16,35,47,41,11,46,45,58,89,100,53,42,79,28,77,1,4,21,36,69,37,15,43,66,
machine5:0,85,92,23,22,78,99,30,97,27,44,70,49,38,24,51,96,13,98,71,33,75,91,80,19,87,20,68,81,9,26,18,84,76,74,12,48,40,55,3,62,32,93,52,34,90,8,6,82,83,56,63,16,35,47,41,60,11,45,58,89,64,57,28,77,1,4,21,36,69,15,66,
machine6:0,31,85,92,23,22,78,99,39,30,97,27,44,70,49,38,86,24,51,96,13,98,71,33,72,75,91,80,19,87,20,10,14,68,81,9,2,26,18,84,61,76,74,12,48,40,95,67,55,3,62,32,93,17,52,34,90,8,5,6,82,83,56,63,16,35,47,59,41,60,11,46,45,58,89,64,42,57,28,77,1,4,54,21,36,69,37,15,66,
machine7:0,85,92,99,27,49,38,86,51,98,71,33,91,19,14,26,61,48,95,55,50,65,62,93,52,90,29,88,82,83,56,63,16,41,60,11,46,58,89,100,53,79,57,77,1,4,21,37,43,
machine8:0,31,85,92,23,22,78,99,39,27,44,70,49,38,86,51,98,71,33,72,75,91,19,20,10,14,68,73,9,94,2,26,18,61,74,48,95,67,55,50,65,62,25,32,93,17,52,34,90,8,5,29,6,88,82,83,56,63,16,35,47,59,41,60,11,46,45,58,89,100,53,42,79,57,28,77,1,4,21,36,37,15,43,66,
machine9:0,31,23,78,99,39,30,97,44,86,24,96,13,71,80,19,7,14,68,73,94,18,61,74,67,55,3,65,62,25,32,17,34,90,8,29,6,82,56,16,35,47,41,60,46,45,100,64,53,28,4,54,36,69,37,15,43,
machine10:0,31,85,92,23,22,78,99,39,30,97,44,70,38,86,24,96,13,98,71,33,72,75,91,80,19,87,7,20,10,14,68,73,94,26,18,84,61,74,40,95,67,55,3,50,65,62,25,32,93,17,52,34,90,8,29,6,88,82,83,56,63,16,35,47,59,41,60,46,45,58,89,100,64,53,42,57,28,1,4,54,36,69,37,15,43,66,

1to 1:
1to 2:99,53,29,68,43,67,20,37,98,25,22,5,100,75,86,8,94,96,26,11,
1to 3:3,4,87,24,30,6,63,49,54,9,81,19,21,45,85,12,55,83,89,35,
1to 4:38,59,18,48,82,62,57,73,74,51,32,58,36,77,27,23,
1to 5:47,80,72,13,70,93,14,42,50,44,61,78,64,15,39,
2to 1:62,89,88,36,40,35,16,3,82,2,92,4,24,
2to 2:
2to 3:77,13,27,28,80,22,41,76,66,46,74,
2to 4:68,98,78,42,53,10,21,79,19,61,71,33,91,86,9,52,45,94,37,75,55,99,72,14,67,
2to 5:97,96,95,29,84,7,8,69,1,20,31,
3to 1:1,11,34,47,52,58,67,68,71,75,77,80,98,61,78,33,20,51,76,99,
3to 2:2,10,15,19,23,40,48,62,63,69,70,72,81,83,84,95,92,91,97,21,12,
3to 3:
3to 4:4,5,6,8,16,31,39,41,17,26,85,66,49,
3to 5:18,22,28,30,35,36,45,46,54,56,57,60,82,89,90,59,38,3,37,
4to 1:70,31,91,79,10,17,5,90,9,15,29,25,55,50,8,100,45,93,
4to 2:47,51,46,27,6,88,1,58,18,28,
4to 3:33,36,34,37,42,95,14,59,56,60,11,86,44,2,61,82,52,48,
4to 4:
4to 5:23,32,19,41,94,92,74,62,63,71,75,99,26,16,73,68,83,65,43,85,66,
5to 1:56,38,7,46,6,63,69,84,97,83,86,18,60,26,53,28,43,57,41,65,95,66,87,
5to 2:78,4,33,13,74,42,52,55,24,14,16,
5to 3:1,92,23,70,64,72,98,40,91,10,39,32,67,71,31,15,93,17,58,96,
5to 4:25,20,88,100,44,89,35,90,47,22,34,
5to 5:

cell1:5,2,3,4,
cell2:4,5,1,3,
cell3:5,4,1,2,
cell4:5,3,1,2,
cell5:2,4,1,3,
