machine1:0,27,12,20,70,93,72,83,92,85,33,6,81,38,5,63,67,86,89,59,50,55,42,87,2,25,21,17,84,79,98,24,26,69,76,95,34,4,88,9,40,23,7,14,100,71,13,90,32,97,1,56,66,47,30,74,18,94,80,60,73,45,35,8,16,68,46,19,29,54,15,36,
machine2:0,37,49,22,51,27,12,91,20,70,48,93,72,83,92,75,85,33,6,81,38,10,5,63,67,86,89,52,11,59,50,58,55,42,87,2,25,21,57,53,77,17,84,79,98,24,26,31,69,76,95,34,4,88,9,40,44,23,7,14,43,100,71,13,90,32,65,97,1,41,56,66,78,47,30,74,18,94,80,39,99,60,96,73,62,45,35,3,8,16,68,28,64,61,46,19,29,54,15,82,36,
machine3:0,37,70,48,72,83,92,33,81,10,5,63,67,86,89,52,11,58,42,2,21,84,79,98,24,26,69,88,9,40,23,14,43,100,1,41,66,78,47,74,18,94,80,62,45,35,68,46,29,15,82,36,
machine4:0,37,22,51,27,12,91,20,70,48,72,83,92,75,33,6,81,10,5,63,67,86,89,52,11,58,55,42,2,25,21,53,77,84,79,98,24,26,31,69,76,95,4,88,9,40,23,7,14,43,100,71,13,97,1,41,66,78,47,74,18,94,80,99,96,62,45,35,3,8,16,68,28,61,46,19,29,15,82,36,
machine5:0,49,22,51,27,12,91,20,70,48,93,83,92,75,85,33,6,81,38,63,89,52,11,58,55,87,21,57,77,84,98,24,26,69,76,34,4,9,40,44,23,71,13,90,32,97,1,41,56,66,78,47,30,74,18,80,99,60,96,62,45,35,3,8,16,68,28,64,19,15,82,36,
machine6:0,37,49,22,51,27,12,91,20,70,48,93,72,83,92,75,85,33,6,81,38,10,5,63,67,86,89,52,11,59,58,55,42,87,2,21,57,77,17,84,98,24,26,31,69,76,95,34,4,9,40,44,23,14,71,13,90,32,97,1,41,56,66,78,47,30,74,18,80,39,99,60,96,62,45,35,3,8,16,68,28,64,61,46,19,54,15,82,36,
machine7:0,37,49,51,27,91,48,93,83,92,85,33,38,63,86,89,52,11,50,58,55,21,57,53,77,79,98,26,95,4,88,14,43,100,71,90,65,1,41,56,99,60,62,16,61,46,19,29,82,
machine8:0,37,49,22,51,27,91,20,70,48,93,72,83,92,75,85,33,6,38,10,5,63,67,86,89,52,11,59,50,58,55,42,2,25,21,57,53,77,17,79,98,26,31,95,34,4,88,9,44,23,14,43,100,71,90,32,65,1,41,56,66,78,47,74,18,94,39,99,60,73,62,45,35,8,16,68,28,61,46,19,29,15,82,36,
machine9:0,37,6,67,86,55,25,53,17,24,31,69,34,4,44,23,7,14,43,100,71,13,90,32,65,97,41,56,78,47,30,74,18,94,80,39,99,60,96,73,62,45,35,3,8,16,68,28,64,61,46,19,29,54,15,82,36,
machine10:0,37,22,91,20,70,93,72,83,92,75,85,33,6,38,10,63,67,86,89,52,59,50,58,55,42,87,25,57,53,17,84,98,24,26,31,69,95,34,4,88,40,44,23,7,14,43,100,71,13,90,32,65,97,1,41,56,66,78,47,30,74,18,94,80,39,99,60,96,73,62,45,35,3,8,16,68,28,64,61,46,19,29,54,15,82,36,

1to 1:
1to 2:99,53,29,68,43,67,20,37,98,25,22,5,100,75,86,8,94,96,26,11,
1to 3:3,4,87,24,30,6,63,49,54,9,81,19,21,45,85,12,55,83,89,35,
1to 4:38,59,18,48,82,62,57,73,74,51,32,58,36,77,27,23,
1to 5:47,80,72,13,70,93,14,42,50,44,61,78,64,15,39,
2to 1:4,82,92,2,24,16,3,35,36,40,89,88,62,
2to 2:
2to 3:74,46,66,41,22,76,80,28,27,77,13,
2to 4:67,14,99,72,55,37,75,45,52,94,86,33,19,9,71,91,61,79,42,10,21,68,78,53,98,
2to 5:1,31,20,69,8,84,29,7,95,96,97,
3to 1:52,78,99,67,33,61,11,51,20,75,76,71,34,68,58,77,80,1,98,47,
3to 2:62,95,92,63,97,91,21,70,12,15,84,19,83,23,40,81,48,72,10,69,2,
3to 3:
3to 4:26,66,6,49,85,31,17,4,41,16,5,8,39,
3to 5:45,28,89,37,35,46,60,59,3,38,82,36,57,18,22,56,90,30,54,
4to 1:70,10,31,91,79,17,5,90,15,29,8,9,55,25,45,50,100,93,
4to 2:47,46,51,6,27,1,58,88,28,18,
4to 3:36,42,33,37,34,95,14,56,59,60,86,11,52,61,82,2,44,48,
4to 4:
4to 5:19,23,41,32,74,94,62,92,63,71,16,99,75,26,68,83,73,65,43,66,85,
5to 1:38,7,65,87,69,97,56,53,60,43,84,57,66,95,46,26,63,6,41,18,28,86,83,
5to 2:24,13,55,14,33,4,78,74,16,42,52,
5to 3:64,17,91,39,32,72,96,70,92,31,40,71,93,10,98,23,58,67,1,15,
5to 4:44,20,22,25,88,34,100,47,90,35,89,
5to 5:

cell1:5,2,3,4,
cell2:3,1,5,4,
cell3:1,5,4,2,
cell4:5,3,1,2,
cell5:1,3,4,2,
