machine1:0,85,92,70,86,38,27,24,33,81,72,87,98,9,20,2,67,26,84,7,76,14,71,12,13,23,40,55,95,97,50,25,93,17,32,30,90,74,94,34,80,5,6,88,18,83,63,56,73,47,59,60,16,89,45,8,68,35,100,29,46,19,42,79,1,4,21,69,54,15,36,66,
machine2:0,31,85,92,22,39,70,49,86,38,75,27,24,51,91,33,81,44,72,87,10,98,9,20,2,67,26,84,7,76,14,71,12,48,13,23,40,55,95,97,50,96,65,25,93,17,32,30,52,90,74,94,34,78,80,5,6,88,18,83,63,56,73,99,47,62,59,60,41,3,16,11,89,58,45,8,68,35,100,29,61,46,53,19,64,42,79,57,77,1,28,4,21,69,54,37,82,15,43,36,66,
machine3:0,92,70,86,24,33,81,72,10,98,9,2,67,26,84,14,48,23,40,52,74,94,78,80,5,88,18,83,63,47,62,41,11,89,58,45,68,35,100,29,46,42,79,1,21,69,37,82,15,43,36,66,
machine4:0,31,92,22,70,86,75,27,24,51,91,33,81,72,10,98,9,20,2,67,26,84,7,76,14,71,12,48,13,23,40,55,95,97,96,25,52,74,94,78,80,5,6,88,18,83,63,99,47,62,41,3,16,11,89,58,45,8,68,35,100,29,61,46,53,19,42,79,77,1,28,4,21,69,37,82,15,43,36,66,
machine5:0,85,92,22,70,49,38,75,27,24,51,91,33,81,44,87,98,9,20,26,84,76,71,12,48,13,23,40,55,97,96,93,32,30,52,90,74,34,78,80,6,18,83,63,56,99,47,62,60,41,3,16,11,89,58,45,8,68,35,19,64,57,77,1,28,4,21,69,82,15,36,66,
machine6:0,31,85,92,22,39,70,49,86,38,75,27,24,51,91,33,81,44,72,87,10,98,9,20,2,67,26,84,76,14,71,12,48,13,23,40,55,95,97,96,93,17,32,30,52,90,74,34,78,80,5,6,18,83,63,56,99,47,62,59,60,41,3,16,11,89,58,45,8,68,35,61,46,19,64,42,57,77,1,28,4,21,69,54,37,82,15,36,66,
machine7:0,85,92,49,86,38,27,51,91,33,98,26,14,71,48,55,95,50,65,93,52,90,88,83,63,56,99,62,60,41,16,11,89,58,100,29,61,46,53,19,79,57,77,1,4,21,37,82,43,
machine8:0,31,85,92,22,39,70,49,86,38,75,27,51,91,33,44,72,10,98,9,20,2,67,26,14,71,48,23,55,95,50,65,25,93,17,32,52,90,74,94,34,78,5,6,88,18,83,63,56,73,99,47,62,59,60,41,16,11,89,58,45,8,68,35,100,29,61,46,53,19,42,79,57,77,1,28,4,21,37,82,15,43,36,66,
machine9:0,31,39,86,24,44,67,7,14,71,13,23,55,97,96,65,25,17,32,30,90,74,94,34,78,80,6,18,56,73,99,47,62,60,41,3,16,45,8,68,35,100,29,61,46,53,19,64,28,4,69,54,37,82,15,43,36,
machine10:0,31,85,92,22,39,70,86,38,75,24,91,33,44,72,87,10,98,20,67,26,84,7,14,71,13,23,40,55,95,97,50,96,65,25,93,17,32,30,52,90,74,94,34,78,80,6,88,18,83,63,56,73,99,47,62,59,60,41,3,16,89,58,45,8,68,35,100,29,61,46,53,19,64,42,57,1,28,4,69,54,37,82,15,43,36,66,

1to 1:
1to 2:99,53,29,68,43,67,20,37,98,25,22,5,100,75,86,8,94,96,26,11,
1to 3:3,4,87,24,30,6,63,49,54,9,81,19,21,45,85,12,55,83,89,35,
1to 4:38,59,18,48,82,62,57,73,74,51,32,58,36,77,27,23,
1to 5:47,80,72,13,70,93,14,42,50,44,61,78,64,15,39,
2to 1:3,24,2,92,40,88,82,4,35,62,16,36,89,
2to 2:
2to 3:76,13,22,27,77,66,46,41,80,74,28,
2to 4:21,9,79,91,53,72,61,55,75,14,71,33,99,94,10,37,98,78,67,19,42,86,45,52,68,
2to 5:7,20,69,97,96,31,84,29,95,1,8,
3to 1:99,78,33,61,51,20,76,52,67,11,75,71,34,68,77,58,80,1,98,47,
3to 2:95,21,92,97,12,91,62,70,63,84,15,19,81,40,23,83,48,72,10,69,2,
3to 3:
3to 4:66,26,49,6,85,17,31,4,41,16,5,39,8,
3to 5:37,28,45,35,60,46,3,59,38,89,82,57,22,36,56,18,90,54,30,
4to 1:70,10,31,91,79,17,5,90,15,29,8,9,55,25,45,50,100,93,
4to 2:47,46,51,6,27,1,58,88,28,18,
4to 3:36,42,33,37,34,95,14,56,59,60,86,11,52,61,82,2,44,48,
4to 4:
4to 5:19,23,41,32,74,94,62,92,63,71,16,99,75,26,68,83,73,65,43,66,85,
5to 1:38,7,65,87,69,97,56,53,60,43,84,57,66,95,46,26,63,6,41,18,28,86,83,
5to 2:24,13,55,14,33,4,78,74,16,42,52,
5to 3:64,17,91,39,32,72,96,70,92,31,40,71,93,10,98,23,58,67,1,15,
5to 4:44,20,22,25,88,34,100,47,90,35,89,
5to 5:

cell1:5,2,3,4,
cell2:5,3,4,1,
cell3:1,4,2,5,
cell4:5,3,1,2,
cell5:1,3,4,2,
