53375.7
53375.7
53375.7
53375.7
53375.7
53375.7
53375.7
53375.7
53375.7
53375.7
53375.7
53375.7
53375.7
53375.7
53375.7
53375.7
53375.7
53375.7
53375.7
52820.19999999999
52820.19999999999
52820.19999999999
52820.19999999999
52820.19999999999
52820.19999999999
52820.19999999999
52820.19999999999
52820.19999999999
52820.19999999999
52820.19999999999
52820.19999999999
52820.19999999999
52820.19999999999
52820.19999999999
52820.19999999999
52820.19999999999
52820.19999999999
52820.19999999999
52820.19999999999
52820.19999999999
52820.19999999999
52820.19999999999
52820.19999999999
52614.19999999999
52614.19999999999
52614.19999999999
52614.19999999999
52614.19999999999
52614.19999999999
52614.19999999999
52614.19999999999
52614.19999999999
52614.19999999999
52614.19999999999
52614.19999999999
52614.19999999999
52614.19999999999
52614.19999999999
52614.19999999999
52614.19999999999
52614.19999999999
52614.19999999999
52614.19999999999
52614.19999999999
52614.19999999999
52614.19999999999
52614.19999999999
52614.19999999999
52614.19999999999
52614.19999999999
52614.19999999999
52614.19999999999
52614.19999999999
52614.19999999999
52614.19999999999
52614.19999999999
52614.19999999999
52614.19999999999
52614.19999999999
52614.19999999999
52614.19999999999
52614.19999999999
52336.79999999999
52336.79999999999
52336.79999999999
52336.79999999999
52336.79999999999
52336.79999999999
52336.79999999999
52336.79999999999
52336.79999999999
52336.79999999999
52336.79999999999
52336.79999999999
52336.79999999999
52336.79999999999
52336.79999999999
52336.79999999999
52336.79999999999
52336.79999999999
