119662.59999999996
117740.50000000004
117296.19999999995
117296.19999999995
117296.19999999995
117296.19999999995
117296.19999999995
116971.99999999999
116971.99999999999
116971.99999999999
116971.99999999999
116971.99999999999
116971.99999999999
116971.99999999999
116971.99999999999
116971.99999999999
116971.99999999999
116272.09999999995
116272.09999999995
116272.09999999995
116272.09999999995
116272.09999999995
116272.09999999995
116272.09999999995
116272.09999999995
116272.09999999995
116272.09999999995
116272.09999999995
116272.09999999995
116272.09999999995
116272.09999999995
116272.09999999995
116272.09999999995
116272.09999999995
116272.09999999995
116272.09999999995
115608.80000000002
115608.80000000002
115608.80000000002
115608.80000000002
115608.80000000002
115608.80000000002
115608.80000000002
115608.80000000002
115608.80000000002
115608.80000000002
115608.80000000002
115608.80000000002
115608.80000000002
115608.80000000002
115608.80000000002
115608.80000000002
115608.80000000002
115608.80000000002
115608.80000000002
115608.80000000002
115608.80000000002
115608.80000000002
115608.80000000002
115608.80000000002
115608.80000000002
115608.80000000002
115608.80000000002
115608.80000000002
115608.80000000002
115608.80000000002
115608.80000000002
115608.80000000002
115608.80000000002
115608.80000000002
115608.80000000002
115608.80000000002
115608.80000000002
115608.80000000002
115608.80000000002
115608.80000000002
115608.80000000002
115608.80000000002
115608.80000000002
115608.80000000002
115608.80000000002
115608.80000000002
115233.79999999999
115233.79999999999
115233.79999999999
115233.79999999999
115233.79999999999
115038.2
115038.2
115038.2
115038.2
114892.7
114892.7
114892.7
114892.7
114892.7
114892.7
114892.7
114892.7
114892.7
