machine1:0,171,106,111,12,174,115,159,146,198,123,72,90,42,197,149,61,131,1,179,113,59,5,124,153,27,189,196,108,40,151,192,126,138,193,104,130,195,116,97,29,127,177,51,109,63,49,176,101,185,160,119,154,117,158,56,188,100,114,173,184,25,105,103,164,169,167,145,157,76,136,142,190,144,84,9,22,16,187,156,94,148,75,133,194,14,71,38,30,43,86,24,165,77,135,8,134,35,64,172,175,53,99,46,50,183,122,4,81,200,199,39,95,137,162,121,87,68,66,107,125,147,41,93,161,32,74,62,186,178,3,73,52,118,139,170,83,180,150,96,128,78,36,15,65,57,7,34,112,26,140,182,67,88,54,141,11,110,2,10,47,89,21,98,166,120,13,44,31,80,155,28,19,45,152,69,70,143,20,129,33,85,79,18,23,92,191,168,181,132,163,102,58,37,55,48,6,17,91,82,60,
machine2:0,115,72,149,5,124,189,196,108,40,151,192,126,138,193,195,116,97,29,127,177,51,109,63,49,101,185,160,119,154,117,158,56,100,114,173,184,25,105,103,164,169,167,157,76,136,142,190,144,84,22,16,187,156,94,148,133,194,14,71,38,30,43,86,24,165,77,135,8,134,35,64,172,175,53,99,46,50,183,122,81,200,199,95,137,162,121,87,68,107,125,147,41,93,161,32,62,186,178,3,73,52,139,170,83,180,150,128,78,36,15,65,57,7,34,112,26,140,182,67,88,54,141,11,110,2,10,47,89,21,98,166,120,13,44,31,80,155,28,19,45,152,69,70,143,20,129,33,85,79,18,23,92,191,168,181,132,163,102,58,37,55,48,6,17,91,82,60,
machine3:0,115,149,124,189,196,108,40,151,126,138,116,97,29,127,177,51,63,49,101,160,154,117,158,56,100,173,184,25,169,167,157,76,136,142,190,144,84,22,187,156,94,148,133,71,38,43,86,24,77,135,8,35,64,172,175,53,99,46,50,183,81,200,199,95,68,125,147,41,161,62,3,73,52,170,83,180,150,65,57,7,34,112,26,140,88,141,110,10,21,166,44,31,80,28,45,152,69,70,143,20,85,18,23,92,168,181,163,102,37,6,
machine4:0,171,106,111,12,174,115,159,146,198,123,72,90,42,197,149,61,131,1,179,113,59,124,153,27,189,196,108,40,151,126,193,104,130,195,116,97,127,177,51,109,63,49,176,101,185,160,119,154,117,158,56,188,100,114,173,184,25,105,103,164,169,167,157,76,136,142,190,84,9,22,16,187,156,94,148,75,133,194,14,71,38,30,43,86,24,135,8,35,64,172,175,53,99,46,183,122,4,81,200,199,39,95,137,162,121,87,68,66,107,125,147,41,93,161,32,74,62,186,178,3,73,52,118,139,170,83,180,96,128,36,15,65,57,7,34,26,182,67,88,54,141,11,110,10,47,89,21,98,166,120,13,44,31,80,155,28,19,45,152,69,70,143,20,129,33,85,79,18,23,92,191,168,181,132,163,102,58,37,55,48,6,17,91,82,60,
machine5:0,171,111,12,174,115,146,198,123,72,90,42,149,61,131,1,179,113,59,124,153,27,189,196,108,40,151,126,193,104,130,195,116,127,177,51,109,63,49,176,101,185,160,119,154,117,188,100,114,173,184,25,105,103,164,167,157,76,136,142,84,9,22,16,187,156,94,148,194,71,38,30,43,86,24,135,8,35,64,172,175,99,46,183,122,4,200,39,95,137,162,121,87,66,93,161,32,74,62,186,178,3,73,52,118,139,170,180,96,128,36,15,65,57,7,34,26,182,88,54,141,11,110,10,47,21,166,120,13,44,31,80,155,28,19,45,152,69,70,143,20,129,33,85,79,18,23,92,191,168,181,132,163,102,58,37,55,48,6,17,91,82,60,
machine6:0,111,12,115,123,72,90,42,61,131,179,113,153,189,196,108,151,126,130,195,116,109,49,176,101,185,160,119,117,100,184,105,167,157,76,136,84,16,156,94,148,194,71,38,30,43,24,135,172,175,183,122,4,39,95,137,162,87,93,161,32,62,186,3,73,139,170,96,128,36,15,26,141,10,47,166,44,80,155,152,85,18,92,191,168,132,163,58,37,55,48,6,17,91,60,
machine7:0,171,106,12,174,159,123,72,149,113,59,5,124,153,189,40,151,192,126,138,104,195,116,97,29,127,63,49,101,160,119,173,25,105,103,164,169,145,190,84,16,156,94,148,133,38,77,135,8,35,64,50,81,200,39,162,121,68,107,125,147,74,186,178,73,170,180,150,78,65,57,112,67,88,54,2,10,47,21,98,31,28,70,143,20,85,79,191,181,132,163,37,48,17,91,82,
machine8:0,171,106,111,12,174,115,159,198,123,72,90,42,197,149,131,1,113,59,5,124,153,27,189,108,40,151,192,126,138,104,130,195,116,97,29,127,109,63,49,101,160,119,154,117,158,56,188,100,173,25,105,103,164,169,145,157,76,136,190,144,84,22,16,187,156,94,148,75,133,194,71,38,30,43,165,77,135,8,134,35,64,172,50,183,81,200,39,162,121,68,107,125,147,41,74,62,186,178,3,73,118,139,170,180,150,96,78,65,57,34,112,140,67,88,54,141,11,110,2,10,47,21,98,166,120,13,31,155,28,19,69,70,143,20,85,79,18,23,191,181,132,163,102,58,37,55,48,6,17,91,82,60,
machine9:0,146,198,90,42,197,1,5,124,27,108,193,104,29,109,176,185,119,154,188,100,184,25,145,157,76,9,16,75,133,14,43,86,165,134,35,64,172,53,99,50,183,122,4,39,137,162,121,87,68,66,107,125,93,161,74,186,178,3,118,83,150,96,128,36,15,65,57,112,26,140,182,88,54,141,11,2,47,89,21,166,120,13,80,28,45,152,69,70,143,20,129,33,18,23,92,191,168,181,132,102,58,48,6,17,91,82,60,
machine10:0,106,111,159,146,198,123,72,90,42,197,61,131,1,179,113,59,5,124,153,27,108,151,192,126,193,104,130,195,97,29,127,109,49,176,185,160,119,154,117,158,188,100,114,184,25,105,103,164,167,145,157,76,136,142,144,84,9,22,16,94,148,75,133,194,14,71,38,30,43,86,165,77,135,8,134,35,64,172,175,53,99,46,50,183,122,4,199,39,95,137,162,121,87,68,66,107,125,147,93,161,32,74,62,186,178,3,73,118,139,170,83,150,96,128,78,36,15,65,57,7,34,112,26,140,182,88,54,141,11,110,2,47,89,21,98,166,120,13,44,31,80,155,28,19,45,152,69,70,143,20,129,33,85,18,23,92,191,168,181,132,163,102,58,37,48,6,17,91,82,60,

1to 1:
1to 2:106,114,40,61,51,177,149,171,9,196,14,26,185,167,107,118,75,136,131,109,12,115,41,124,158,36,137,83,197,200,81,156,147,173,184,68,116,181,100,154,162,84,108,175,97,64,135,151,103,47,3,38,
1to 3:145,174,5,134,187,138,159,78,113,22,165,144,56,189,29,27,195,127,63,190,72,169,140,71,125,183,101,126,62,16,194,148,180,139,119,25,198,132,117,69,20,157,21,143,141,172,
1to 4:192,146,179,122,87,15,193,66,142,178,11,130,34,182,50,86,4,49,105,39,95,59,8,92,44,102,168,186,31,13,96,170,133,98,160,191,54,76,70,30,17,
2to 1:1,101,191,23,35,15,31,70,34,82,48,89,28,8,80,186,62,187,87,157,163,67,155,113,180,153,24,152,93,44,46,71,6,33,111,142,99,122,182,69,128,170,53,88,94,4,95,141,21,199,25,172,13,52,190,18,32,92,123,198,66,54,60,10,168,30,133,
2to 2:
2to 3:178,55,96,151,160,79,106,74,120,102,188,115,156,81,135,173,110,76,37,11,73,104,3,124,38,118,42,57,116,121,41,90,17,43,91,12,58,158,
2to 4:161,183,16,68,132,109,9,22,175,26,164,85,176,61,148,19,7,131,166,75,36,84,97,83,129,103,65,143,139,45,181,20,
3to 1:40,149,171,112,178,136,11,55,2,79,130,57,120,200,58,49,181,105,39,154,162,59,108,102,43,104,97,42,96,121,90,64,98,47,85,166,17,
3to 2:174,159,153,67,19,56,189,111,23,127,63,169,125,34,183,123,126,194,35,164,65,28,48,163,31,18,10,20,170,191,143,70,82,
3to 3:
3to 4:145,106,134,150,165,144,77,27,1,195,107,118,94,74,72,140,158,197,155,147,6,188,110,73,100,119,117,60,69,88,37,151,21,141,38,91,
4to 1:114,5,159,78,150,22,19,14,77,185,29,176,127,7,167,107,45,74,125,161,124,137,197,147,126,16,184,194,148,129,164,188,65,110,73,139,100,132,37,135,3,91,
4to 2:46,146,113,53,179,93,33,199,32,27,193,1,195,99,128,94,89,72,71,130,57,120,86,80,152,155,62,58,49,6,105,39,119,25,59,198,43,117,104,60,42,88,121,90,98,160,157,172,76,
4to 3:192,153,112,111,23,75,136,131,109,2,123,50,35,68,28,48,163,154,162,84,8,108,186,18,13,64,133,103,47,54,85,82,166,30,
4to 4:

cell1:3,2,4,
cell2:4,3,1,
cell3:4,2,1,
cell4:1,2,3,
