machine1:0,146,9,4,197,176,181,61,1,179,193,111,66,59,39,196,40,108,130,51,86,27,105,122,177,26,87,185,96,154,36,100,114,184,83,167,14,11,75,97,15,142,117,140,188,49,136,194,134,24,34,118,77,178,165,182,183,175,64,53,99,22,200,199,46,95,52,94,162,147,93,161,32,43,187,69,168,70,158,92,198,137,170,191,47,128,115,65,7,110,106,88,90,80,98,102,10,157,19,107,45,89,120,44,144,141,155,166,163,129,31,149,131,109,13,28,164,23,171,152,56,139,62,33,42,76,58,18,192,41,67,74,60,71,6,153,55,48,172,3,91,2,159,85,30,35,73,72,138,127,133,123,8,145,143,174,16,151,126,119,57,12,148,150,189,29,82,37,63,50,101,121,160,186,20,116,79,5,113,112,81,156,21,195,17,25,78,103,54,124,169,180,132,173,125,135,104,84,190,38,68,
machine2:0,181,193,196,40,108,51,86,105,122,177,26,87,185,154,36,100,114,184,83,167,14,11,97,15,142,117,140,49,136,194,134,24,34,77,178,165,182,183,175,64,53,99,22,200,199,46,95,52,94,162,147,93,161,32,43,187,69,168,70,158,92,137,170,191,47,128,115,65,7,110,88,80,98,102,10,157,19,107,45,89,120,44,144,141,155,166,163,129,31,149,109,13,28,164,23,152,56,139,62,33,76,58,18,192,41,67,60,71,6,55,48,172,3,91,2,85,30,35,73,72,138,127,133,8,143,16,151,126,119,57,148,150,189,29,82,37,63,50,101,121,160,186,20,116,79,5,112,81,156,21,195,17,25,78,103,54,124,169,180,132,173,125,135,84,190,38,68,
machine3:0,181,196,40,108,51,86,177,26,154,100,184,83,167,97,142,117,140,49,136,24,34,77,183,175,64,53,99,22,200,199,46,95,52,94,147,161,43,187,69,168,70,158,92,170,115,65,7,110,88,80,102,10,157,45,44,144,141,166,163,31,149,28,23,152,56,62,76,18,41,71,6,172,3,85,35,73,138,127,133,8,143,151,126,57,148,150,189,29,37,63,50,101,160,20,116,112,81,156,21,25,124,169,180,173,125,135,84,190,38,68,
machine4:0,146,9,4,197,176,181,61,1,179,193,111,66,59,39,196,40,108,130,51,86,27,105,122,177,26,87,185,96,154,36,100,114,184,83,167,14,11,75,97,15,142,117,188,49,136,194,24,34,118,178,182,183,175,64,53,99,22,200,199,46,95,52,94,162,147,93,161,32,43,187,69,168,70,158,92,198,137,170,191,47,128,115,65,7,110,106,88,90,80,98,102,10,157,19,107,45,89,120,44,141,155,166,163,129,31,149,131,109,13,28,164,23,171,152,56,139,62,33,42,76,58,18,41,67,74,60,71,6,153,55,48,172,3,91,159,85,30,35,73,72,127,133,123,8,143,174,16,151,126,119,57,12,148,189,82,37,63,101,121,160,186,20,116,79,113,81,156,21,195,17,25,103,54,124,169,180,132,173,125,135,104,84,190,38,68,
machine5:0,146,9,4,176,181,61,1,179,193,111,66,59,39,196,40,108,130,51,86,27,105,122,177,26,87,185,96,154,36,100,114,184,167,11,15,142,117,188,49,136,194,24,34,118,178,182,183,175,64,99,22,200,46,95,52,94,162,93,161,32,43,187,69,168,70,92,198,137,170,191,47,128,115,65,7,110,88,90,80,102,10,157,19,45,120,44,141,155,166,163,129,31,149,131,109,13,28,164,23,171,152,139,62,33,42,76,58,18,74,60,71,6,153,55,48,172,3,91,85,30,35,73,72,127,123,8,143,174,16,151,126,119,57,12,148,189,82,37,63,101,121,160,186,20,116,79,113,156,21,195,17,25,103,54,124,180,132,173,135,104,84,38,
machine6:0,4,176,61,179,111,39,196,108,130,105,122,26,87,185,96,36,100,184,167,15,117,49,136,194,24,183,175,95,94,162,93,161,32,43,168,92,137,170,191,47,128,115,90,80,10,157,44,141,155,166,163,131,109,152,139,62,42,76,58,18,60,71,6,153,55,48,172,3,91,85,30,73,72,123,16,151,126,119,12,148,189,37,101,160,186,116,113,156,195,17,132,135,84,38,
machine7:0,181,59,39,40,105,97,49,77,178,64,200,94,162,147,70,170,191,47,65,106,88,98,10,107,163,31,149,28,164,171,192,67,74,153,48,91,2,159,85,35,73,72,138,127,133,123,8,145,143,174,16,151,126,119,57,12,148,150,189,29,82,37,63,50,101,121,160,186,20,116,79,5,113,112,81,156,21,195,17,25,78,103,54,124,169,180,132,173,125,135,104,84,190,38,68,
machine8:0,197,181,1,111,59,39,40,108,130,27,105,96,154,100,11,75,97,117,140,188,49,136,194,134,34,118,77,178,165,183,64,22,200,94,162,147,43,187,69,70,158,198,170,191,47,115,65,110,106,88,90,98,102,10,157,19,107,120,144,141,155,166,163,31,149,131,109,13,28,164,23,171,56,139,62,42,76,58,18,192,41,67,74,60,71,6,153,55,48,172,3,91,2,159,85,30,35,73,72,138,127,133,123,8,145,143,174,16,151,126,119,57,12,148,150,189,29,82,37,63,50,101,121,160,186,20,116,79,5,113,112,81,156,21,195,17,25,78,103,54,124,169,180,132,173,125,135,104,84,190,38,68,
machine9:0,146,9,4,197,176,181,1,193,66,39,108,86,27,122,26,87,185,96,154,36,100,184,83,14,11,75,15,140,188,134,118,178,165,182,183,64,53,99,162,93,161,43,69,168,70,92,198,137,191,47,128,65,88,90,80,102,157,107,45,89,120,141,166,129,109,13,28,23,152,33,42,76,58,18,74,60,6,48,172,3,91,2,35,133,145,143,16,119,57,150,29,82,50,121,186,20,5,112,21,17,25,54,124,132,125,104,68,
machine10:0,146,9,4,197,176,181,61,1,179,193,111,66,59,39,108,130,86,27,105,122,26,87,185,96,154,36,100,114,184,83,167,14,11,75,97,15,142,117,140,188,49,136,194,134,34,118,77,178,165,182,183,175,64,53,99,22,199,46,95,94,162,147,93,161,32,43,69,168,70,158,92,198,137,170,191,47,128,65,7,110,106,88,90,80,98,102,157,19,107,45,89,120,44,144,141,155,166,163,129,31,131,109,13,28,164,23,152,139,62,33,42,76,58,18,192,74,60,71,6,153,48,172,3,91,2,159,85,30,35,73,72,127,133,123,8,145,143,16,151,126,119,57,148,150,29,82,37,50,121,160,186,20,5,113,112,21,195,17,25,78,103,54,124,132,125,135,104,84,38,68,

1to 1:
1to 2:106,114,40,61,51,177,149,171,9,196,14,26,185,167,107,118,75,136,131,109,12,115,41,124,158,36,137,83,197,200,81,156,147,173,184,68,116,181,100,154,162,84,108,175,97,64,135,151,103,47,3,38,
1to 3:145,174,5,134,187,138,159,78,113,22,165,144,56,189,29,27,195,127,63,190,72,169,140,71,125,183,101,126,62,16,194,148,180,139,119,25,198,132,117,69,20,157,21,143,141,172,
1to 4:192,146,179,122,87,15,193,66,142,178,11,130,34,182,50,86,4,49,105,39,95,59,8,92,44,102,168,186,31,13,96,170,133,98,160,191,54,76,70,30,17,
2to 1:187,24,46,113,53,52,153,93,67,122,87,33,199,15,32,111,1,23,99,66,128,142,94,89,190,71,34,182,123,101,80,152,155,4,62,35,180,6,28,48,163,25,95,198,8,92,44,168,186,31,18,10,60,69,88,13,170,133,157,21,191,141,54,172,70,82,30,
2to 2:
2to 3:106,118,178,74,11,55,12,115,79,57,41,124,158,120,81,156,58,173,116,188,110,73,102,43,104,42,96,121,37,90,135,151,160,3,76,38,17,91,
2to 4:61,22,9,19,26,176,7,75,45,131,109,161,36,183,83,16,148,129,68,164,181,65,139,84,132,175,97,20,103,143,85,166,
3to 1:40,149,171,112,178,136,11,55,2,79,130,57,120,200,58,49,181,105,39,154,162,59,108,102,43,104,97,42,96,121,90,64,98,47,85,166,17,
3to 2:174,159,153,67,19,56,189,111,23,127,63,169,125,34,183,123,126,194,35,164,65,28,48,163,31,18,10,20,170,191,143,70,82,
3to 3:
3to 4:145,106,134,150,165,144,77,27,1,195,107,118,94,74,72,140,158,197,155,147,6,188,110,73,100,119,117,60,69,88,37,151,21,141,38,91,
4to 1:114,5,159,78,150,22,19,14,77,185,29,176,127,7,167,107,45,74,125,161,124,137,197,147,126,16,184,194,148,129,164,188,65,110,73,139,100,132,37,135,3,91,
4to 2:46,146,113,53,179,93,33,199,32,27,193,1,195,99,128,94,89,72,71,130,57,120,86,80,152,155,62,58,49,6,105,39,119,25,59,198,43,117,104,60,42,88,121,90,98,160,157,172,76,
4to 3:192,153,112,111,23,75,136,131,109,2,123,50,35,68,28,48,163,154,162,84,8,108,186,18,13,64,133,103,47,54,85,82,166,30,
4to 4:

cell1:3,2,4,
cell2:4,1,3,
cell3:4,2,1,
cell4:1,2,3,
