machine1:0,18,119,27,136,45,123,39,124,113,29,2,99,139,26,57,65,100,24,78,13,42,32,114,93,85,91,28,3,98,10,4,104,84,54,102,132,47,94,122,58,68,110,36,72,97,101,80,108,92,7,86,6,121,127,17,1,41,62,34,115,56,46,128,88,44,50,49,43,96,77,37,67,20,140,51,109,48,60,8,12,
machine2:0,81,35,103,61,18,119,27,82,90,15,33,118,136,5,45,137,123,39,124,113,29,2,135,99,139,26,105,57,65,100,129,24,53,120,16,78,117,13,55,21,40,42,32,66,116,59,114,93,85,63,91,28,95,23,3,98,87,10,52,4,14,104,84,54,102,132,47,83,94,131,126,122,58,68,30,110,36,19,133,70,72,97,101,80,71,125,108,76,92,7,86,134,106,31,64,6,121,127,17,1,41,62,138,73,34,25,69,112,115,22,56,46,128,74,11,88,44,50,49,130,43,107,38,75,96,111,77,37,67,89,20,9,140,51,109,48,60,8,12,79,
machine3:0,118,39,124,135,57,129,24,120,16,55,40,42,32,93,28,95,3,87,10,132,47,126,58,30,110,36,19,133,72,101,80,71,125,108,76,7,86,134,31,6,121,17,62,138,73,112,115,46,128,74,88,49,130,38,37,67,89,20,9,140,51,109,48,12,79,
machine4:0,35,18,27,82,90,15,33,118,5,137,123,39,124,29,2,135,99,26,57,65,129,24,120,16,78,117,13,55,21,40,42,32,66,59,93,85,63,28,95,23,3,87,10,4,14,84,54,132,47,83,94,131,126,58,68,30,110,36,19,133,70,72,97,101,80,71,125,108,76,92,7,86,134,106,31,64,6,121,17,1,41,62,138,73,34,25,112,115,22,56,46,128,74,88,44,50,49,130,107,38,96,111,77,37,67,89,20,9,140,51,109,48,60,8,12,79,
machine5:0,81,35,103,61,18,27,90,15,33,45,137,123,39,29,2,99,26,105,57,65,100,129,24,53,120,16,55,21,40,42,116,59,93,85,91,28,95,23,3,98,87,52,4,14,104,84,54,102,132,47,83,94,131,126,122,58,68,30,110,36,19,133,70,72,97,101,80,71,125,108,76,7,86,134,106,64,6,121,127,17,1,41,62,138,73,34,25,69,112,22,56,46,128,11,88,44,50,49,130,43,107,38,75,96,111,77,37,67,89,20,9,140,51,109,48,60,8,12,79,
machine6:0,81,35,103,18,27,90,45,39,29,99,57,100,24,120,16,55,21,40,42,59,93,85,28,95,23,3,98,87,52,4,104,102,132,94,131,126,122,58,68,30,110,36,19,133,70,72,101,80,71,125,108,76,7,86,134,64,6,121,17,1,41,62,138,73,34,25,112,22,56,46,128,11,88,44,50,49,130,43,107,38,75,111,77,37,67,89,20,9,140,51,109,48,60,12,79,
machine7:0,18,45,39,29,99,57,100,24,120,16,55,21,40,42,59,93,85,95,87,52,104,102,94,68,110,36,101,80,71,125,108,76,7,86,134,64,6,17,1,41,73,34,25,112,56,11,44,49,43,107,38,111,77,67,20,9,140,51,109,60,12,79,
machine8:0,81,61,18,119,27,82,90,15,118,136,5,45,137,123,39,124,2,99,139,26,105,57,65,100,129,24,53,120,16,78,117,55,21,40,42,32,116,59,114,93,85,91,28,95,3,98,87,10,52,4,14,104,84,102,47,83,94,131,126,58,68,110,36,19,133,72,97,101,71,108,76,92,7,86,134,106,31,64,6,121,127,17,1,41,62,138,73,34,25,69,112,115,22,56,46,128,74,88,44,50,49,130,43,107,38,96,111,77,37,67,89,20,9,140,51,109,48,60,8,12,79,
machine9:0,81,61,119,15,118,136,5,45,123,39,99,139,105,57,65,100,24,53,120,16,78,117,55,21,40,42,32,114,85,28,95,3,98,87,10,52,4,104,84,102,47,83,131,58,68,110,36,19,72,97,101,71,76,7,86,31,127,62,138,73,34,25,69,112,115,56,46,128,74,88,44,50,49,43,107,38,96,111,77,37,67,89,20,9,140,51,109,60,12,79,
machine10:0,61,119,15,136,5,45,39,139,105,57,65,100,24,53,120,16,78,117,55,40,42,114,95,3,52,4,104,84,47,131,58,68,19,72,76,86,138,34,25,69,112,115,56,46,128,88,49,96,111,77,37,89,20,9,140,51,109,60,12,79,
machine11:0,81,35,103,82,5,39,2,135,139,26,57,129,78,117,55,40,42,85,95,23,3,52,4,54,132,47,94,58,68,30,110,36,19,72,97,101,76,7,86,106,6,121,17,41,62,34,25,112,56,46,128,74,11,88,44,49,43,38,75,96,77,37,89,20,109,8,12,79,
machine12:0,81,35,103,119,82,90,33,118,136,5,45,137,39,124,113,29,2,135,99,139,26,57,65,100,129,24,53,78,117,13,55,40,42,66,116,114,93,85,63,91,28,95,23,3,52,4,84,54,132,47,83,94,58,68,30,110,36,19,133,72,97,101,71,108,76,7,86,134,106,31,64,6,121,17,41,62,34,25,112,115,22,56,46,128,74,11,88,44,50,49,130,43,107,38,75,96,111,77,37,67,89,20,9,51,109,48,8,12,79,
machine13:0,81,27,33,123,124,113,29,2,65,120,13,21,40,66,59,93,85,63,95,87,52,4,84,54,47,131,58,19,70,72,101,71,125,76,92,7,134,31,64,34,69,112,115,128,74,11,44,130,43,107,38,75,111,77,67,89,9,140,51,48,60,79,
machine14:0,81,27,90,15,33,136,5,45,123,124,113,29,2,135,65,100,53,120,78,117,13,55,21,40,42,66,116,59,93,85,63,91,95,23,98,87,10,52,4,14,104,84,54,132,47,131,126,122,58,30,19,70,72,97,101,71,125,108,76,92,7,86,134,106,31,64,6,121,17,1,41,62,73,34,25,69,112,115,56,128,74,11,44,49,130,43,107,38,75,96,111,77,37,67,89,20,9,140,51,109,48,60,8,12,79,

1to 1:
1to 2:35,80,66,18,138,33,50,1,57,120,78,4,37,39,140,38,77,
1to 3:103,87,91,16,21,28,26,2,30,88,73,25,3,42,49,34,51,8,
1to 4:118,126,61,81,102,98,90,53,129,104,27,100,31,131,93,110,68,115,62,56,111,112,9,101,
1to 5:119,82,13,135,45,137,97,117,124,22,132,84,72,7,6,95,47,58,44,128,
1to 6:113,122,23,123,5,136,15,54,55,59,96,130,69,65,108,40,121,64,134,19,76,60,89,109,52,86,85,
2to 1:118,126,32,10,29,125,133,54,83,59,31,46,74,7,40,25,68,19,86,85,111,
2to 2:
2to 3:35,99,23,123,18,129,15,24,131,93,106,107,64,47,134,60,140,9,79,
2to 4:92,22,96,36,65,84,72,88,95,3,41,67,48,39,58,44,51,
2to 5:90,5,94,17,57,2,130,30,42,49,38,112,20,
2to 6:13,14,63,66,70,132,27,78,73,71,4,6,34,8,77,12,101,
3to 1:38,109,79,112,44,107,52,128,121,22,76,60,137,24,70,129,57,127,69,62,37,106,122,99,71,65,102,33,105,95,94,36,23,80,
3to 2:20,8,73,111,56,101,132,86,55,17,110,108,125,67,133,12,34,126,96,41,29,
3to 3:
3to 4:6,40,85,89,120,77,59,138,19,42,2,130,4,21,123,16,28,26,134,50,1,45,14,
3to 5:3,9,83,46,51,64,100,48,91,103,35,116,
3to 6:58,25,30,75,7,43,53,11,140,87,84,97,
4to 1:77,67,8,49,34,140,84,88,18,92,97,120,48,138,14,15,72,82,91,116,
4to 2:60,62,42,74,94,26,117,130,21,16,47,106,99,24,87,32,
4to 3:44,68,121,69,7,128,109,83,127,36,137,55,17,100,46,22,61,105,27,90,81,
4to 4:
4to 5:52,76,12,101,71,115,39,110,89,28,108,93,43,114,86,65,96,139,133,85,50,
4to 6:20,79,37,41,56,51,107,131,124,104,112,98,38,10,1,
5to 1:4,9,11,17,26,41,50,53,55,56,66,89,90,96,113,114,130,134,139,
5to 2:3,6,19,25,28,31,36,46,48,51,54,58,63,68,76,79,82,83,88,93,95,97,118,121,124,128,129,137,
5to 3:12,33,39,40,43,45,62,65,71,75,84,94,108,110,111,133,
5to 4:5,7,8,20,24,37,38,47,49,57,64,74,78,99,107,109,116,117,119,136,
5to 5:
5to 6:2,29,44,67,72,81,91,106,115,135,
6to 1:117,1,75,12,27,21,101,43,20,132,47,124,81,93,63,45,100,2,13,42,58,
6to 2:134,64,10,131,112,49,9,15,92,123,115,90,135,89,109,107,30,5,
6to 3:19,70,59,126,56,67,98,120,4,37,125,85,29,48,95,54,104,72,116,6,14,
6to 4:108,106,71,52,25,87,17,86,76,128,97,73,55,
6to 5:136,40,74,78,79,33,62,77,41,121,31,111,11,34,23,53,
6to 6:

cell1:5,2,4,6,3,
cell2:1,3,6,4,5,
cell3:2,1,4,6,5,
cell4:6,3,1,2,5,
cell5:6,4,3,2,1,
cell6:2,5,3,1,4,
