machine1:0,18,119,27,136,45,39,123,124,113,29,2,99,139,26,57,65,100,24,78,13,42,32,114,93,91,28,3,85,98,10,4,104,84,54,102,132,47,94,122,58,68,110,36,72,97,101,80,108,92,7,86,6,121,127,17,1,41,62,34,115,56,46,128,88,44,50,49,43,96,77,37,67,20,140,51,109,48,60,8,12,
machine2:0,81,35,103,61,18,119,27,82,90,15,33,118,136,5,45,137,39,123,124,113,29,2,135,99,139,26,105,57,65,100,129,24,53,120,16,78,117,13,55,21,40,42,32,66,116,59,114,93,63,91,28,95,3,23,85,98,87,10,4,14,104,84,54,102,132,47,83,94,131,126,122,58,68,30,110,36,19,133,52,70,72,97,76,101,80,71,125,108,92,7,86,134,106,31,64,6,121,127,17,1,41,62,138,73,34,25,69,112,115,22,56,46,128,74,11,88,44,50,49,130,43,107,38,75,96,111,77,37,67,89,20,9,140,51,109,48,60,8,12,79,
machine3:0,118,39,124,135,57,129,24,120,16,55,40,42,32,93,28,95,3,87,10,132,47,126,58,30,110,36,19,133,72,76,101,80,71,125,108,7,86,134,31,6,121,17,62,138,73,112,115,46,128,74,88,49,130,38,37,67,89,20,9,140,51,109,48,12,79,
machine4:0,35,18,27,82,90,15,33,118,5,137,39,123,124,29,2,135,99,26,57,65,129,24,120,16,78,117,13,55,21,40,42,32,66,59,93,63,28,95,3,23,85,87,10,4,14,84,54,132,47,83,94,131,126,58,68,30,110,36,19,133,70,72,97,76,101,80,71,125,108,92,7,86,134,106,31,64,6,121,17,1,41,62,138,73,34,25,112,115,22,56,46,128,74,88,44,50,49,130,107,38,96,111,77,37,67,89,20,9,140,51,109,48,60,8,12,79,
machine5:0,81,35,103,61,18,27,90,15,33,45,137,39,123,29,2,99,26,105,57,65,100,129,24,53,120,16,55,21,40,42,116,59,93,91,28,95,3,23,85,98,87,4,14,104,84,54,102,132,47,83,94,131,126,122,58,68,30,110,36,19,133,52,70,72,97,76,101,80,71,125,108,7,86,134,106,64,6,121,127,17,1,41,62,138,73,34,25,69,112,22,56,46,128,11,88,44,50,49,130,43,107,38,75,96,111,77,37,67,89,20,9,140,51,109,48,60,8,12,79,
machine6:0,81,35,103,18,27,90,45,39,29,99,57,100,24,120,16,55,21,40,42,59,93,28,95,3,23,85,98,87,4,104,102,132,94,131,126,122,58,68,30,110,36,19,133,52,70,72,76,101,80,71,125,108,7,86,134,64,6,121,17,1,41,62,138,73,34,25,112,22,56,46,128,11,88,44,50,49,130,43,107,38,75,111,77,37,67,89,20,9,140,51,109,48,60,12,79,
machine7:0,18,45,39,29,99,57,100,24,120,16,55,21,40,42,59,93,95,85,87,104,102,94,68,110,36,52,76,101,80,71,125,108,7,86,134,64,6,17,1,41,73,34,25,112,56,11,44,49,43,107,38,111,77,67,20,9,140,51,109,60,12,79,
machine8:0,81,61,18,119,27,82,90,15,118,136,5,45,137,39,123,124,2,99,139,26,105,57,65,100,129,24,53,120,16,78,117,55,21,40,42,32,116,59,114,93,91,28,95,3,85,98,87,10,4,14,104,84,102,47,83,94,131,126,58,68,110,36,19,133,52,72,97,76,101,71,108,92,7,86,134,106,31,64,6,121,127,17,1,41,62,138,73,34,25,69,112,115,22,56,46,128,74,88,44,50,49,130,43,107,38,96,111,77,37,67,89,20,9,140,51,109,48,60,8,12,79,
machine9:0,81,61,119,15,118,136,5,45,39,123,99,139,105,57,65,100,24,53,120,16,78,117,55,21,40,42,32,114,28,95,3,85,98,87,10,4,104,84,102,47,83,131,58,68,110,36,19,52,72,97,76,101,71,7,86,31,127,62,138,73,34,25,69,112,115,56,46,128,74,88,44,50,49,43,107,38,96,111,77,37,67,89,20,9,140,51,109,60,12,79,
machine10:0,61,119,15,136,5,45,39,139,105,57,65,100,24,53,120,16,78,117,55,40,42,114,95,3,4,104,84,47,131,58,68,19,52,72,76,86,138,34,25,69,112,115,56,46,128,88,49,96,111,77,37,89,20,9,140,51,109,60,12,79,
machine11:0,81,35,103,82,5,39,2,135,139,26,57,129,78,117,55,40,42,95,3,23,85,4,54,132,47,94,58,68,30,110,36,19,52,72,97,76,101,7,86,106,6,121,17,41,62,34,25,112,56,46,128,74,11,88,44,49,43,38,75,96,77,37,89,20,109,8,12,79,
machine12:0,81,35,103,119,82,90,33,118,136,5,45,137,39,124,113,29,2,135,99,139,26,57,65,100,129,24,53,78,117,13,55,40,42,66,116,114,93,63,91,28,95,3,23,85,4,84,54,132,47,83,94,58,68,30,110,36,19,133,52,72,97,76,101,71,108,7,86,134,106,31,64,6,121,17,41,62,34,25,112,115,22,56,46,128,74,11,88,44,50,49,130,43,107,38,75,96,111,77,37,67,89,20,9,51,109,48,8,12,79,
machine13:0,81,27,33,123,124,113,29,2,65,120,13,21,40,66,59,93,63,95,85,87,4,84,54,47,131,58,19,52,70,72,76,101,71,125,92,7,134,31,64,34,69,112,115,128,74,11,44,130,43,107,38,75,111,77,67,89,9,140,51,48,60,79,
machine14:0,81,27,90,15,33,136,5,45,123,124,113,29,2,135,65,100,53,120,78,117,13,55,21,40,42,66,116,59,93,63,91,95,23,85,98,87,10,4,14,104,84,54,132,47,131,126,122,58,30,19,52,70,72,97,76,101,71,125,108,92,7,86,134,106,31,64,6,121,17,1,41,62,73,34,25,69,112,115,56,128,74,11,44,49,130,43,107,38,75,96,111,77,37,67,89,20,9,140,51,109,48,60,8,12,79,

1to 1:
1to 2:35,80,66,18,138,33,50,1,57,120,78,4,37,39,140,38,77,
1to 3:103,87,91,16,21,28,26,2,30,88,73,25,3,42,49,34,51,8,
1to 4:118,126,61,81,102,98,90,53,129,104,27,100,31,131,93,110,68,115,62,56,111,112,9,101,
1to 5:119,82,13,135,45,137,97,117,124,22,132,84,72,7,6,95,47,58,44,128,
1to 6:113,122,23,123,5,136,15,54,55,59,96,130,69,65,108,40,121,64,134,19,76,60,89,109,52,86,85,
2to 1:118,126,32,10,29,125,133,54,83,59,31,46,74,7,40,25,68,19,86,85,111,
2to 2:
2to 3:35,99,23,123,18,129,15,24,131,93,106,107,64,47,134,60,140,9,79,
2to 4:92,22,96,36,65,84,72,88,95,3,41,67,48,39,58,44,51,
2to 5:90,5,94,17,57,2,130,30,42,49,38,112,20,
2to 6:13,14,63,66,70,132,27,78,73,71,4,6,34,8,77,12,101,
3to 1:105,102,80,122,99,23,127,137,129,70,22,33,94,24,57,36,69,65,71,106,107,121,95,76,60,62,37,109,52,44,38,112,128,79,
3to 2:126,29,125,133,55,17,96,132,73,108,110,41,67,86,34,56,8,111,12,101,20,
3to 3:
3to 4:14,45,123,16,138,21,50,59,1,28,26,120,2,130,40,4,6,134,19,42,89,85,77,
3to 5:103,116,35,91,83,100,46,64,3,48,51,9,
3to 6:87,53,97,11,75,43,84,30,7,25,58,140,
4to 1:116,91,72,82,15,48,120,88,138,140,34,97,49,8,92,14,84,18,77,67,
4to 2:32,24,106,47,87,130,16,42,21,62,26,74,60,99,117,94,
4to 3:27,81,90,46,100,128,22,109,17,36,55,105,7,121,137,61,44,83,69,127,68,
4to 4:
4to 5:50,85,86,96,133,65,139,93,108,43,39,89,101,110,115,71,12,28,52,76,114,
4to 6:1,38,112,10,104,107,131,51,56,98,124,79,20,41,37,
5to 1:113,114,66,139,90,53,55,17,11,50,26,96,130,4,134,41,89,56,9,
5to 2:82,118,63,137,129,54,97,83,124,28,36,31,46,88,93,6,25,68,121,95,3,19,76,48,58,51,128,79,
5to 3:45,133,33,94,75,43,65,84,108,71,40,110,62,39,111,12,
5to 4:119,116,99,5,136,117,24,57,78,74,7,107,64,47,37,109,49,38,8,20,
5to 5:
5to 6:81,135,29,91,2,72,106,115,67,44,
6to 1:117,1,75,12,27,21,101,43,20,132,47,124,81,93,63,45,100,2,13,42,58,
6to 2:134,64,10,131,112,49,9,15,92,123,115,90,135,89,109,107,30,5,
6to 3:19,70,59,126,56,67,98,120,4,37,125,85,29,48,95,54,104,72,116,6,14,
6to 4:108,106,71,52,25,87,17,86,76,128,97,73,55,
6to 5:136,40,74,78,79,33,62,77,41,121,31,111,11,34,23,53,
6to 6:

cell1:5,2,4,6,3,
cell2:1,3,6,4,5,
cell3:5,4,6,1,2,
cell4:1,6,5,3,2,
cell5:1,6,2,4,3,
cell6:2,5,3,1,4,
