machine1:0,2,3,34,45,37,26,46,8,18,20,48,47,39,40,10,38,31,49,28,11,30,7,50,13,32,23,25,41,42,22,4,15,44,21,24,12,1,16,19,17,5,36,29,6,43,27,35,33,9,14,
machine2:0,2,3,34,45,37,26,46,8,18,20,48,47,39,40,10,38,31,49,28,11,30,7,50,13,32,23,25,41,42,22,4,15,44,21,24,12,1,16,19,17,5,36,29,6,43,27,35,33,9,14,
machine3:0,2,3,34,45,37,26,46,8,18,20,48,47,39,40,10,38,31,49,28,11,30,7,50,13,32,23,25,41,42,22,4,15,44,21,24,12,1,16,19,17,5,36,29,6,43,27,35,33,9,14,
machine4:0,2,3,34,45,37,26,46,8,18,20,48,47,39,40,10,38,31,49,28,11,30,7,50,13,32,23,25,41,42,22,4,15,44,21,24,12,1,16,19,17,5,36,29,6,43,27,35,33,9,14,

1to 1:
1to 2:49,20,28,47,48,22,40,3,24,38,39,26,10,32,15,50,2,
1to 3:1,8,5,42,31,23,46,34,25,13,37,36,18,30,12,43,11,7,
2to 1:45,19,30,43,14,6,23,27,21,44,41,13,1,33,17,16,36,11,5,12,25,
2to 2:
2to 3:32,50,9,24,29,35,4,49,15,48,39,40,
3to 1:3,9,29,26,35,4,28,10,2,47,38,20,22,
3to 2:45,19,37,14,46,6,7,27,21,44,41,34,33,17,16,31,42,18,8,
3to 3:

cell1:2,3,
cell2:3,1,
cell3:2,1,
