machine1:0,24,32,45,27,37,23,46,3,9,2,43,30,50,14,19,15,7,48,26,39,49,13,11,6,16,34,29,44,4,36,21,18,35,40,31,41,12,10,17,28,33,1,5,42,8,25,38,47,22,20,
machine2:0,24,32,45,27,37,23,46,3,9,2,43,30,50,14,19,15,7,48,26,39,49,13,11,6,16,34,29,44,4,36,21,18,35,40,31,41,12,10,17,28,33,1,5,42,8,25,38,47,22,20,
machine3:0,24,32,45,27,37,23,46,3,9,2,43,30,50,14,19,15,7,48,26,39,49,13,11,6,16,34,29,44,4,36,21,18,35,40,31,41,12,10,17,28,33,1,5,42,8,25,38,47,22,20,
machine4:0,24,32,45,27,37,23,46,3,9,2,43,30,50,14,19,15,7,48,26,39,49,13,11,6,16,34,29,44,4,36,21,18,35,40,31,41,12,10,17,28,33,1,5,42,8,25,38,47,22,20,

1to 1:
1to 2:49,20,28,47,48,22,40,3,24,38,39,26,10,32,15,50,2,
1to 3:1,8,5,42,31,23,46,34,25,13,37,36,18,30,12,43,11,7,
2to 1:23,12,27,5,45,6,36,14,33,41,11,16,43,17,25,1,30,19,13,21,44,
2to 2:
2to 3:29,50,35,24,32,15,4,9,49,39,48,40,
3to 1:3,9,29,26,35,4,28,10,2,47,38,20,22,
3to 2:45,19,37,14,46,6,7,27,21,44,41,34,33,17,16,31,42,18,8,
3to 3:

cell1:2,3,
cell2:1,3,
cell3:2,1,
