machine1:0,31,13,76,27,83,85,7,30,80,50,2,22,74,8,82,52,44,37,10,89,55,39,88,3,1,43,40,70,68,59,90,25,56,87,24,69,64,4,53,12,15,60,61,32,46,36,71,58,84,19,66,63,62,29,77,21,73,81,23,14,
machine2:0,31,6,13,76,54,27,83,85,7,30,48,78,80,50,42,2,22,20,49,74,8,82,52,57,86,44,47,37,67,10,89,17,55,28,39,88,75,41,3,34,1,43,40,18,70,68,59,90,25,56,87,24,69,64,4,53,9,79,12,15,60,51,35,16,61,11,32,5,26,46,36,71,58,65,84,19,66,63,33,62,29,38,77,21,73,81,72,23,14,45,
machine3:0,31,6,13,27,30,42,74,57,47,37,28,39,34,59,90,56,87,24,69,64,4,9,79,12,60,51,35,16,61,32,5,26,46,36,71,58,65,84,19,63,62,29,38,77,73,81,72,23,45,
machine4:0,31,6,13,76,54,27,83,85,7,30,48,78,80,50,42,2,22,20,49,74,82,52,57,86,44,47,37,10,89,17,55,28,39,88,75,41,3,34,1,43,40,18,68,59,90,25,56,87,24,69,64,4,53,9,79,12,60,51,35,16,61,32,5,26,46,36,71,58,65,84,19,66,63,33,62,29,38,77,73,81,72,23,14,45,
machine5:0,13,76,83,85,7,30,48,78,80,50,42,2,22,20,49,74,8,52,44,37,67,10,89,55,39,88,41,1,40,70,68,25,24,53,9,15,51,35,11,32,5,58,65,66,38,23,14,
machine6:0,31,6,13,76,54,27,83,85,7,30,48,78,80,50,42,2,22,20,49,74,8,52,57,86,44,47,37,67,10,89,17,55,39,88,75,41,3,34,1,40,18,70,68,59,25,24,4,53,9,79,12,15,51,35,11,32,5,26,46,36,71,58,65,84,66,63,33,62,29,38,21,73,81,72,23,14,45,
machine7:0,31,54,27,83,7,48,2,82,86,67,89,17,55,28,75,41,3,43,18,59,90,56,87,69,64,9,15,51,16,61,11,5,46,36,71,65,84,66,63,33,62,29,77,21,81,72,14,
machine8:0,31,6,13,54,27,83,85,7,30,48,78,80,2,22,20,49,8,82,52,57,86,47,67,89,17,55,28,39,75,41,3,34,43,18,70,59,90,56,87,24,69,64,4,9,79,15,60,51,16,61,11,32,5,26,46,36,71,65,84,19,66,63,33,62,29,38,77,21,73,81,72,23,14,45,

1to 1:
1to 2:19,72,68,86,88,26,82,71,45,2,32,75,77,65,29,20,
1to 3:6,47,74,27,79,42,78,83,50,84,66,34,9,22,73,4,49,46,89,36,23,14,80,
1to 4:28,43,16,54,33,11,87,18,21,81,70,30,38,8,17,41,63,64,59,56,52,
2to 1:48,28,43,16,74,54,27,40,90,31,58,87,35,42,30,78,83,60,84,41,64,55,4,49,51,7,5,
2to 2:
2to 3:10,53,25,76,37,1,44,88,85,57,39,3,45,24,63,2,59,12,13,29,
2to 4:47,19,26,61,66,34,69,62,77,89,14,80,
3to 1:12,15,17,18,21,26,52,59,67,68,70,53,8,3,1,25,81,72,11,71,86,13,44,10,76,57,33,37,
3to 2:5,7,14,35,36,40,41,46,50,51,58,62,80,22,9,38,54,6,
3to 3:
3to 4:4,20,23,24,31,55,65,73,75,83,84,85,49,39,78,79,32,48,
4to 1:46,9,34,65,82,85,2,89,62,75,24,39,66,47,45,20,6,69,29,32,22,36,61,
4to 2:13,56,17,3,73,31,27,79,52,48,63,60,81,33,55,57,90,18,23,
4to 3:67,71,30,86,72,51,5,15,7,38,
4to 4:

cell1:4,2,3,
cell2:3,1,4,
cell3:2,4,1,
cell4:2,1,3,
