machine1:0,62,2,10,27,39,83,30,55,70,19,43,31,59,87,53,88,64,40,80,3,68,82,7,4,52,44,74,69,85,50,1,25,12,37,56,8,46,71,60,36,32,89,76,58,63,24,61,90,29,13,77,22,81,23,73,66,15,21,14,84,
machine2:0,62,2,10,48,27,39,83,86,78,30,34,55,28,70,19,9,43,17,41,31,18,33,59,87,53,88,47,64,40,80,79,3,68,82,7,4,52,57,44,74,69,67,85,75,50,1,25,42,12,37,56,5,35,8,46,54,6,26,71,60,36,32,89,11,76,58,63,65,51,38,24,61,20,90,29,13,77,22,81,23,16,73,66,72,49,45,15,21,14,84,
machine3:0,62,27,39,30,34,28,19,9,31,59,87,47,64,79,4,57,74,69,42,12,37,56,5,35,46,6,26,71,60,36,32,58,63,65,51,38,24,61,90,29,13,77,81,23,16,73,72,45,84,
machine4:0,62,2,10,48,27,39,83,86,78,30,34,55,28,19,9,43,17,41,31,18,33,59,87,53,88,47,64,40,80,79,3,68,82,7,4,52,57,44,74,69,85,75,50,1,25,42,12,37,56,5,35,46,54,6,26,71,60,36,32,89,76,58,63,65,51,38,24,61,20,90,29,13,77,22,81,23,16,73,66,72,49,45,14,84,
machine5:0,2,10,48,39,83,78,30,55,70,9,41,53,88,40,80,68,7,52,44,74,67,85,50,1,25,42,37,5,35,8,32,89,11,76,58,65,51,38,24,20,13,22,23,66,49,15,14,
machine6:0,62,2,10,48,27,39,83,86,78,30,34,55,70,9,17,41,31,18,33,59,53,88,47,40,80,79,3,68,7,4,52,57,44,74,67,85,75,50,1,25,42,12,37,5,35,8,46,54,6,26,71,36,32,89,11,76,58,63,65,51,38,24,20,29,13,22,81,23,73,66,72,49,45,15,21,14,84,
machine7:0,62,2,48,27,83,86,55,28,9,43,17,41,31,18,33,59,87,64,3,82,7,69,67,75,56,5,46,54,71,36,89,11,63,65,51,61,90,29,77,81,16,66,72,15,21,14,84,
machine8:0,62,2,48,27,39,83,86,78,30,34,55,28,70,19,9,43,17,41,31,18,33,59,87,47,64,80,79,3,82,7,4,52,57,69,67,85,75,56,5,8,46,54,6,26,71,60,36,32,89,11,63,65,51,38,24,61,20,90,29,13,77,22,81,23,16,73,66,72,49,45,15,21,14,84,

1to 1:
1to 2:2,20,29,65,77,32,82,45,26,71,75,88,72,19,68,86,
1to 3:9,14,23,36,49,73,80,78,89,50,34,79,22,27,42,46,47,83,74,66,6,84,4,
1to 4:52,56,59,41,81,18,8,70,30,11,63,33,17,21,16,64,87,38,43,28,54,
2to 1:48,28,43,16,74,54,27,40,90,31,58,87,35,42,30,78,83,60,84,41,64,55,4,49,51,7,5,
2to 2:
2to 3:10,53,25,76,37,1,44,88,85,57,39,3,45,24,63,2,59,12,13,29,
2to 4:47,19,26,61,66,34,69,62,77,89,14,80,
3to 1:12,53,26,70,68,21,18,25,67,59,17,52,1,10,72,11,8,81,15,3,44,76,86,71,33,57,13,37,
3to 2:46,5,40,80,50,58,35,62,36,14,41,51,7,54,38,22,9,6,
3to 3:
3to 4:85,24,4,65,20,55,23,31,73,83,75,84,39,78,48,49,79,32,
4to 1:20,22,24,29,32,36,39,45,61,62,65,66,69,75,89,46,2,85,34,6,47,82,9,
4to 2:18,23,52,55,57,60,63,90,81,73,33,56,3,79,17,48,13,31,27,
4to 3:5,7,15,38,51,30,71,86,72,67,
4to 4:

cell1:2,4,3,
cell2:3,1,4,
cell3:4,2,1,
cell4:3,1,2,
