machine1:0,129,113,24,80,70,50,32,122,25,139,3,104,22,117,77,125,118,18,20,53,33,102,127,79,90,36,75,12,128,148,107,26,133,108,27,31,35,149,47,11,112,9,124,63,48,86,94,98,28,119,67,110,49,106,10,134,114,19,54,34,4,89,17,68,8,97,16,115,60,83,72,39,58,150,6,74,73,137,88,100,103,15,71,59,
machine2:0,5,109,129,113,51,24,138,121,80,70,92,44,14,142,50,41,87,32,122,45,144,25,95,139,3,104,22,117,77,125,65,38,118,18,69,20,53,33,145,102,127,111,79,37,101,90,36,85,57,75,123,12,143,128,30,76,116,148,99,107,26,133,84,108,2,147,140,130,23,27,93,131,29,31,35,64,66,52,56,149,47,11,136,112,13,9,124,63,82,141,1,48,86,40,94,98,61,28,119,78,67,46,110,49,106,10,134,114,19,54,34,21,135,42,4,89,120,17,68,8,97,16,115,60,83,126,91,96,105,72,7,39,58,150,132,6,74,55,146,62,73,137,88,100,43,103,15,71,81,59,
machine3:0,5,109,129,113,51,24,138,121,80,70,92,44,14,142,50,41,87,32,122,45,144,25,95,139,3,104,77,125,65,38,118,18,69,53,33,102,127,37,123,99,107,2,131,29,56,13,1,28,106,19,4,89,17,8,115,60,83,96,105,58,132,6,74,137,88,43,81,
machine4:0,5,109,129,113,51,24,138,121,80,70,92,44,14,142,50,41,87,32,122,45,144,25,95,139,3,104,22,117,77,125,65,38,118,18,69,53,33,145,102,127,111,37,36,85,57,123,12,143,30,76,116,99,107,133,2,147,140,130,23,93,131,29,31,35,64,66,52,56,47,11,112,13,124,82,1,40,98,61,28,119,78,67,110,106,10,134,19,34,21,42,4,89,17,8,115,60,83,126,91,96,105,58,150,132,6,74,146,62,73,137,88,43,103,71,81,
machine5:0,5,109,129,113,51,24,138,121,80,70,92,14,142,50,41,87,32,122,45,144,25,95,139,3,104,22,117,77,125,65,38,118,18,69,20,53,145,102,127,79,37,101,36,85,143,128,76,116,148,133,84,108,2,147,27,93,131,29,31,35,64,66,52,56,149,47,11,136,112,13,9,124,63,82,141,1,48,86,40,98,61,28,119,78,67,46,110,49,106,10,134,114,19,54,34,21,135,42,4,89,120,17,68,8,97,16,115,60,83,126,91,105,72,7,39,58,150,132,6,74,55,146,62,73,137,88,100,43,103,15,71,81,59,
machine6:0,5,109,129,113,51,24,138,121,80,92,14,142,50,87,32,122,45,144,25,95,3,104,22,125,118,18,69,53,102,127,101,85,128,76,133,108,27,93,131,29,64,66,52,56,11,136,112,13,9,124,63,82,141,1,48,86,40,98,28,119,67,46,49,106,10,134,114,19,54,34,21,135,42,89,120,17,68,8,97,16,115,60,83,126,91,105,72,7,39,150,132,6,74,55,146,62,73,137,88,100,43,103,15,71,81,59,
machine7:0,5,109,129,113,51,138,92,14,50,87,122,45,25,95,22,125,69,53,101,108,27,131,66,56,11,112,13,9,63,82,141,1,86,40,119,49,106,10,134,34,21,42,120,17,68,97,115,83,126,91,105,72,7,39,150,132,6,74,55,146,62,73,137,43,15,71,81,59,
machine8:0,5,109,129,113,51,138,121,80,70,92,44,14,41,32,122,45,144,25,95,139,104,22,117,77,125,65,38,118,18,69,20,53,33,145,102,127,111,101,90,36,57,75,123,12,30,76,99,26,133,84,108,2,147,140,130,23,27,93,131,29,31,35,64,52,56,47,11,136,112,13,9,124,63,82,1,48,40,94,98,61,28,78,67,46,110,49,106,10,134,19,54,34,21,135,42,4,89,120,17,68,8,16,115,60,83,126,91,96,105,72,7,39,58,150,132,6,74,55,146,73,137,88,100,43,103,71,81,59,
machine9:0,109,129,113,51,138,121,80,70,92,14,32,122,45,144,25,95,139,104,22,77,125,38,118,18,69,20,53,102,101,90,12,99,26,84,108,2,140,130,23,27,93,131,31,35,64,56,47,136,112,13,9,124,63,82,1,40,94,98,61,28,67,110,49,106,10,134,19,54,34,21,135,42,4,89,120,17,8,16,115,60,83,91,96,105,72,7,39,58,150,132,6,74,55,146,73,137,88,100,43,103,71,81,59,
machine10:0,109,129,113,138,121,92,14,45,144,25,104,22,125,38,118,18,20,53,26,108,2,27,93,131,35,56,47,112,63,40,98,61,106,134,19,54,4,89,8,16,115,60,83,91,96,105,72,7,39,58,150,132,74,55,73,137,88,100,103,71,81,
machine11:0,109,129,113,138,121,70,92,14,50,87,122,45,144,95,104,22,65,69,53,102,127,101,57,75,123,128,76,116,99,133,84,140,130,23,27,131,29,31,35,56,149,136,112,9,124,63,141,1,48,86,40,94,28,78,34,21,42,17,68,8,16,60,83,96,105,150,132,74,55,73,137,43,103,15,71,81,
machine12:0,5,109,129,113,24,138,121,80,70,92,44,14,50,87,122,45,144,25,95,104,22,117,125,65,69,20,53,33,145,102,127,101,90,85,57,75,123,128,30,76,116,148,99,107,26,133,84,140,130,23,27,93,131,29,31,35,56,149,47,11,136,112,9,124,63,82,141,1,48,86,40,94,98,61,28,119,78,46,110,49,106,10,19,54,34,21,135,42,4,89,120,17,68,8,16,115,60,83,126,96,105,150,132,6,74,55,62,73,137,100,43,103,15,71,81,59,
machine13:0,5,109,129,113,24,138,121,70,92,87,122,45,144,25,95,139,3,104,22,117,77,125,65,38,118,18,20,53,145,102,127,111,79,37,90,85,57,143,128,30,148,99,107,26,133,84,108,2,147,130,23,27,93,131,29,31,35,66,52,56,149,47,11,112,13,9,124,63,82,141,1,48,86,40,94,98,61,28,119,78,67,110,106,10,114,19,54,34,21,135,42,4,89,17,68,8,16,115,60,83,126,96,105,72,7,39,150,132,6,74,146,62,73,137,88,100,43,103,15,71,81,59,
machine14:0,5,109,129,113,24,92,87,122,45,25,95,139,104,22,117,77,65,38,118,18,53,102,111,79,37,90,57,143,128,26,133,108,2,147,130,23,27,93,131,29,31,35,66,52,56,149,47,11,112,13,9,124,82,141,1,48,86,40,98,28,119,78,67,106,10,114,19,34,21,135,42,4,89,17,68,8,16,115,60,126,96,105,72,39,150,132,6,74,146,73,137,88,100,43,103,15,71,81,59,
machine15:0,87,122,45,104,77,38,18,143,128,26,147,130,131,29,31,35,66,52,56,149,47,112,13,124,82,141,1,40,98,28,119,78,67,106,10,114,19,21,42,4,17,8,60,105,72,150,132,6,146,88,100,103,71,81,59,

1to 1:
1to 2:12,142,33,140,58,61,126,110,57,21,105,17,83,104,73,
1to 3:97,116,143,46,51,66,135,136,13,20,134,119,9,50,72,10,88,103,95,34,47,150,67,6,131,
1to 4:44,64,41,7,91,39,52,70,139,117,80,84,23,55,65,16,54,42,109,25,144,146,89,56,74,18,4,71,
1to 5:120,15,123,107,76,48,26,78,149,62,93,99,69,127,102,5,59,124,121,63,81,19,125,137,138,35,60,22,
1to 6:79,114,141,148,30,94,87,43,82,92,100,130,113,122,24,53,129,133,28,27,31,98,112,106,45,
2to 1:3,4,14,32,42,64,69,74,76,77,89,91,99,103,107,119,125,150,123,137,81,139,145,11,66,116,19,13,
2to 2:
2to 3:18,35,37,53,56,58,71,98,105,106,132,146,41,127,142,78,
2to 4:8,43,60,73,82,83,88,102,115,147,2,93,111,126,36,
2to 5:1,17,23,24,28,29,34,45,65,95,104,117,30,33,85,44,
2to 6:6,10,21,25,38,40,67,96,110,118,131,144,52,22,124,
3to 1:28,108,25,35,109,127,55,68,101,114,5,56,86,141,92,93,
3to 2:38,129,8,2,45,67,24,50,138,62,64,122,95,121,87,52,118,32,36,88,143,51,134,1,77,82,144,80,
3to 3:
3to 4:10,61,29,72,76,31,104,27,13,124,125,63,69,136,40,112,133,49,22,58,131,
3to 5:47,73,105,106,74,116,100,113,4,132,110,21,53,150,103,6,14,70,16,
3to 6:3,139,17,37,83,102,115,39,54,147,145,117,66,119,9,20,85,42,11,18,128,34,78,
4to 1:1,6,22,27,31,45,47,49,51,57,67,104,105,106,130,132,134,147,96,61,9,20,48,120,78,113,36,12,
4to 2:5,10,18,23,25,29,30,35,53,65,70,71,76,127,131,133,137,146,28,69,117,41,44,
4to 3:7,14,32,38,39,42,43,59,60,77,81,91,92,93,102,118,122,129,139,145,144,
4to 4:
4to 5:8,11,40,54,55,56,68,80,82,83,98,115,46,112,140,135,75,101,84,
4to 6:2,4,16,19,63,72,74,89,90,95,99,108,109,121,125,126,138,150,26,13,111,
5to 1:8,112,115,53,129,98,122,144,70,21,110,46,140,100,85,50,10,82,136,34,16,75,
5to 2:40,14,124,130,22,43,60,119,42,78,145,
5to 3:133,28,11,89,141,138,117,120,148,80,84,128,126,15,54,49,31,17,87,109,101,62,
5to 4:121,5,132,19,92,123,96,103,106,90,113,20,81,57,33,94,
5to 5:
5to 6:71,137,104,56,1,35,73,29,59,48,135,61,107,86,47,65,68,149,
6to 1:143,111,15,135,7,90,26,52,37,62,84,23,2,128,38,102,118,63,88,95,29,146,83,138,60,40,73,71,
6to 2:85,3,93,99,92,147,113,109,11,132,81,103,47,125,150,31,98,112,115,
6to 3:79,86,48,61,70,149,68,65,108,5,24,124,121,19,137,74,45,4,8,
6to 4:30,110,100,127,21,122,59,105,129,34,77,17,6,1,
6to 5:148,94,87,96,126,9,43,57,145,130,25,133,89,27,131,
6to 6:

cell1:3,2,4,5,6,
cell2:6,3,5,4,1,
cell3:4,1,2,6,5,
cell4:3,6,2,5,1,
cell5:6,2,4,1,3,
cell6:5,1,3,2,4,
