machine1:0,19,34,7,44,2,53,11,28,26,18,17,33,35,36,58,60,27,12,25,46,51,50,22,32,4,15,45,57,40,3,16,41,6,43,47,55,31,1,9,23,30,13,59,5,24,38,20,29,10,48,42,39,52,54,49,
machine2:0,14,19,8,44,53,11,28,26,18,17,37,33,35,58,60,27,25,46,51,50,22,32,4,21,45,40,3,56,16,41,6,43,47,55,31,1,9,23,30,13,59,5,24,38,20,29,10,48,42,52,54,49,
machine3:0,14,34,7,8,2,11,28,26,18,37,36,58,60,27,12,25,46,51,50,22,32,4,15,21,45,57,40,3,56,16,41,6,47,55,31,1,9,23,30,13,59,5,24,38,20,29,10,48,42,39,54,49,
machine4:0,14,8,44,11,28,26,18,33,36,58,60,12,25,46,51,32,4,15,21,40,56,16,41,43,55,31,9,23,30,13,59,5,24,38,20,48,42,39,52,54,49,
machine5:0,14,19,34,11,28,26,18,17,37,33,36,58,60,27,12,25,46,51,22,4,15,57,40,3,56,16,41,6,43,47,55,31,1,9,23,30,13,59,5,24,38,20,29,48,42,39,52,49,
machine6:0,19,34,44,2,53,26,17,37,35,36,58,60,27,12,46,50,22,32,15,21,45,3,56,16,41,6,43,47,31,9,23,30,59,38,20,29,10,48,42,39,52,54,
machine7:0,14,34,2,53,26,18,33,35,36,58,60,51,50,22,32,15,21,45,40,3,56,16,41,6,43,47,55,31,1,9,23,30,13,59,5,38,20,10,48,42,39,52,54,49,
machine8:0,14,19,7,8,11,26,17,37,36,27,46,51,50,22,32,4,45,57,3,41,43,47,1,9,23,30,13,59,5,24,20,10,48,42,39,52,54,49,
machine9:0,14,7,2,53,18,37,33,27,25,46,51,50,22,4,15,21,45,57,40,3,41,6,47,31,9,23,13,59,5,24,38,20,29,10,48,42,52,49,
machine10:0,19,34,44,53,11,28,26,18,17,37,35,36,27,12,25,46,51,50,22,32,4,15,21,57,40,3,56,16,41,43,47,55,31,1,9,23,30,13,59,5,24,38,20,29,10,48,42,39,52,54,49,
machine11:0,14,34,7,2,11,28,26,18,37,33,58,60,27,12,25,50,22,32,4,15,21,45,3,56,16,41,6,43,47,55,1,9,23,30,13,59,24,38,20,29,10,48,42,39,52,54,49,
machine12:0,2,53,28,26,17,33,35,36,58,60,27,12,51,50,22,32,4,15,21,45,57,40,3,56,16,6,43,47,31,1,9,23,30,13,59,5,24,38,20,29,10,48,42,39,52,54,49,
machine13:0,14,19,34,44,53,26,18,17,33,36,58,60,27,12,25,46,51,50,22,32,15,21,45,57,40,3,56,41,6,43,47,55,31,1,9,23,30,13,59,5,24,38,20,29,10,42,39,52,54,49,
machine14:0,14,19,34,7,8,44,2,53,11,28,26,18,17,37,33,35,36,58,60,27,12,25,46,51,50,22,32,4,15,21,45,57,40,3,56,16,41,6,43,47,55,31,1,9,23,30,13,59,5,24,38,20,29,10,48,42,39,52,54,49,
machine15:0,14,19,34,8,44,2,53,11,26,18,17,37,33,35,36,58,60,27,12,25,46,51,50,22,32,4,15,21,45,57,40,3,56,16,41,6,43,47,55,31,1,9,23,30,13,59,5,24,38,20,29,10,48,42,39,52,54,49,
machine16:0,14,19,34,7,8,44,2,53,11,28,26,18,17,37,33,35,36,58,60,27,12,25,46,51,50,22,32,4,15,21,45,57,40,3,56,16,41,6,43,47,55,31,1,9,23,30,13,59,5,24,38,20,29,10,48,42,39,52,54,49,

1to 1:
1to 2:2,4,6,7,9,11,12,14,15,16,17,19,20,21,22,27,28,29,30,32,33,34,36,38,40,42,43,44,45,46,49,50,51,53,55,56,57,58,59,60,24,26,13,8,18,31,41,37,47,3,25,10,23,39,1,52,48,5,54,
1to 3:1,2,4,5,6,12,14,15,16,18,19,20,21,22,26,27,29,30,31,33,34,36,37,40,41,42,44,45,46,47,48,49,50,51,53,55,56,57,58,59,60,25,28,13,9,11,3,10,32,43,23,52,38,24,39,54,
1to 4:2,4,5,6,9,12,14,15,16,17,18,19,20,21,26,28,29,30,32,33,34,36,37,38,40,41,43,44,45,46,48,49,50,51,53,56,58,59,60,57,31,25,10,8,23,52,35,27,13,3,42,55,47,1,39,24,54,
1to 5:1,2,4,5,6,7,9,10,12,14,15,16,17,18,20,21,22,26,27,28,29,30,31,32,33,34,35,36,37,40,41,44,45,46,48,49,50,51,52,53,55,56,57,58,59,60,42,19,3,13,11,8,47,25,43,54,24,23,38,39,
2to 1:1,2,5,6,7,8,11,12,14,16,17,18,19,20,21,22,24,26,29,31,32,33,34,36,37,38,40,41,42,44,45,46,47,48,50,51,53,54,57,58,59,60,15,30,3,56,28,23,52,27,13,4,25,55,43,10,9,39,49,
2to 2:
2to 3:1,2,3,5,6,7,11,12,13,14,15,16,17,18,20,21,23,25,26,27,29,30,31,32,33,36,37,40,41,43,44,45,46,47,48,49,50,52,53,54,55,58,60,9,24,38,34,28,59,10,22,4,56,57,51,42,39,
2to 4:1,2,6,7,8,11,14,15,16,17,18,20,21,23,24,25,26,27,29,30,31,33,35,36,37,38,39,40,41,42,43,44,45,46,47,48,50,52,53,54,55,58,60,22,34,56,28,57,9,49,3,12,59,32,51,13,4,5,10,
2to 5:1,2,5,6,7,8,11,13,14,15,16,17,18,19,20,21,23,24,25,26,28,29,30,31,32,33,35,36,38,39,40,41,42,44,45,46,47,50,51,52,53,54,55,58,59,60,37,34,22,3,4,57,12,27,56,9,43,49,48,10,
3to 1:2,3,4,5,6,7,14,15,16,17,18,19,21,22,23,25,26,27,28,29,30,33,36,37,39,40,49,50,52,53,54,55,57,58,59,13,60,42,11,51,20,46,10,31,12,47,1,56,41,43,38,48,32,9,45,24,
3to 2:2,3,5,6,7,14,15,16,18,20,21,22,23,24,25,26,27,28,29,30,31,34,36,37,39,41,44,47,48,49,52,53,54,55,57,58,59,60,42,9,33,11,4,51,12,46,38,17,13,40,50,32,10,56,1,45,43,
3to 3:
3to 4:2,3,6,7,12,13,14,15,16,18,21,23,24,25,26,27,28,29,30,34,35,36,37,39,41,42,44,47,51,52,53,54,55,56,57,58,33,50,11,46,1,4,17,38,43,40,22,60,31,5,10,32,45,59,48,49,9,20,
3to 5:4,5,6,7,10,12,14,15,16,18,19,21,22,23,24,25,26,27,28,30,33,34,36,37,39,41,42,43,44,45,48,49,50,52,53,54,55,56,57,58,59,35,11,31,17,46,1,51,20,60,9,32,3,40,38,29,47,13,
4to 1:1,2,6,9,11,14,15,16,17,18,19,20,21,27,29,31,33,36,37,41,43,45,46,47,48,49,50,53,56,58,60,8,28,39,7,26,30,38,40,24,51,13,32,35,5,57,12,54,3,59,42,25,4,22,23,55,52,10,
4to 2:1,2,9,10,12,14,15,16,20,21,23,24,26,27,28,29,31,33,34,36,37,39,41,42,43,45,46,47,48,50,53,54,59,60,51,8,58,17,44,11,49,7,22,25,52,30,5,56,38,6,32,4,40,57,13,3,55,
4to 3:2,6,7,14,15,16,17,18,26,27,28,30,33,34,36,37,39,41,42,43,46,47,48,50,51,53,54,55,57,60,11,23,21,24,56,12,44,22,35,45,40,58,25,1,9,32,29,10,4,31,3,52,20,13,38,49,5,59,
4to 4:
4to 5:3,4,9,10,11,12,14,15,16,18,19,21,26,27,28,32,34,35,37,38,39,41,42,43,45,46,47,49,50,55,58,60,7,57,5,20,22,36,30,6,33,8,2,44,31,17,1,52,25,51,56,59,24,40,29,23,48,13,54,
5to 1:2,4,6,7,8,9,10,11,12,14,15,16,19,20,21,22,23,24,25,26,27,28,29,31,32,33,35,36,37,38,41,42,44,45,46,47,49,50,51,52,55,56,58,59,60,3,53,17,40,18,43,48,57,1,5,54,30,13,39,
5to 2:2,4,5,8,9,10,11,12,14,15,16,17,18,19,20,21,22,24,25,26,27,28,29,31,32,34,35,37,38,39,41,42,45,47,48,49,51,52,53,54,55,56,57,58,36,23,7,44,33,46,43,50,59,40,60,6,1,3,30,13,
5to 3:2,4,7,9,10,11,12,13,14,15,16,17,19,20,21,22,25,26,27,28,30,31,32,33,34,35,36,38,39,40,41,42,44,45,49,51,52,54,55,56,57,58,46,50,53,5,23,18,1,3,47,48,60,24,6,43,29,59,
5to 4:2,3,8,9,10,11,12,14,15,16,17,18,19,21,22,24,26,27,28,29,31,32,33,34,35,37,38,39,41,43,45,47,48,49,50,51,52,53,55,56,57,58,44,7,36,46,25,30,60,1,42,4,40,6,13,5,59,23,20,54,
5to 5:

cell1:4,5,2,3,
cell2:4,3,1,5,
cell3:1,2,4,5,
cell4:5,3,2,1,
cell5:1,2,4,3,
