machine1:0,10,4,2,20,11,7,12,17,14,18,9,3,8,16,15,1,6,13,19,5,
machine2:0,10,2,20,11,7,12,17,14,18,9,3,8,1,6,13,19,5,
machine3:0,10,2,11,7,17,18,9,3,8,1,13,19,5,
machine4:0,10,4,2,20,11,7,12,17,14,18,9,3,8,16,15,1,6,13,19,
machine5:0,10,4,2,20,11,7,12,9,3,15,1,6,19,
machine6:0,4,2,20,11,7,9,15,1,6,
machine7:0,10,4,20,11,7,12,17,18,9,3,8,16,15,1,6,13,19,
machine8:0,10,4,20,12,17,18,3,8,16,1,6,19,
machine9:0,10,20,12,18,3,8,16,19,
machine10:0,10,4,2,20,11,7,12,17,18,3,8,16,15,1,6,13,19,5,
machine11:0,10,4,2,20,11,7,12,17,18,3,8,16,15,1,6,13,19,5,
machine12:0,10,20,11,17,18,3,8,16,15,13,19,
machine13:0,10,4,20,11,7,12,14,18,9,3,8,16,15,6,13,19,5,
machine14:0,10,12,14,3,8,16,15,6,13,19,5,
machine15:0,10,12,3,8,16,15,6,19,

1to 1:
1to 2:14,4,19,
1to 3:9,1,7,
1to 4:2,15,11,18,6,20,10,
1to 5:13,16,3,
2to 1:9,6,
2to 2:
2to 3:15,16,3,
2to 4:17,1,7,13,12,
2to 5:8,
3to 1:13,11,15,17,
3to 2:18,12,
3to 3:
3to 4:4,8,
3to 5:9,7,10,20,19,
4to 1:4,1,8,12,
4to 2:2,11,16,3,20,
4to 3:17,13,19,10,
4to 4:
4to 5:5,15,18,6,
5to 1:14,5,19,20,
5to 2:7,10,
5to 3:11,4,18,8,12,6,
5to 4:16,3,
5to 5:

cell1:2,3,4,5,
cell2:4,1,3,5,
cell3:1,4,2,5,
cell4:5,1,2,3,
cell5:1,3,2,4,
