machine1:0,18,28,103,104,35,72,100,88,73,67,129,106,47,10,149,113,17,112,24,58,122,83,4,98,70,115,50,60,19,119,80,31,16,114,25,8,125,77,63,54,3,32,20,22,118,33,127,26,90,36,128,75,12,148,107,133,108,102,86,89,79,11,139,49,27,124,117,39,53,94,9,110,34,150,97,48,68,134,74,15,6,59,137,71,
machine2:0,18,28,103,104,35,72,100,88,73,67,56,109,129,106,47,51,10,132,138,5,149,40,113,42,17,112,24,78,58,121,92,55,29,122,83,4,82,13,131,38,142,96,98,70,115,50,60,19,119,87,41,61,80,31,16,114,25,45,141,66,44,95,8,1,52,21,144,147,125,77,63,54,3,14,130,32,69,20,22,118,2,33,145,127,26,101,37,90,36,85,128,57,75,123,12,143,30,76,116,148,99,107,133,108,140,102,65,23,84,93,86,89,79,11,139,64,49,27,124,136,111,117,39,53,94,9,135,46,110,34,150,97,48,68,105,134,120,74,62,15,7,91,126,6,43,59,81,146,137,71,
machine3:0,18,28,104,88,56,109,129,106,51,132,138,5,113,17,24,58,121,92,29,122,83,4,13,131,38,142,96,70,115,50,60,19,87,41,80,25,45,44,95,8,1,144,125,77,3,14,32,69,118,2,33,127,37,123,99,107,102,65,89,139,53,105,74,6,43,81,137,
machine4:0,18,28,103,104,35,88,73,67,56,109,129,106,47,51,10,132,138,5,40,113,42,17,112,24,78,58,121,92,29,122,83,4,82,13,131,38,142,96,98,70,115,50,60,19,119,87,41,61,80,31,25,45,66,44,95,8,1,52,21,144,147,125,77,3,14,130,32,69,22,118,2,33,145,127,37,36,85,57,123,12,143,30,76,116,99,107,133,140,102,65,23,93,89,11,139,64,124,111,117,53,110,34,150,105,134,74,62,91,126,6,43,81,146,137,71,
machine5:0,18,28,103,104,35,72,100,88,73,67,56,109,129,106,47,51,10,132,138,5,149,40,113,42,17,112,24,78,58,121,92,55,29,122,83,4,82,13,131,38,142,98,70,115,50,60,19,119,87,41,61,80,31,16,114,25,45,141,66,95,8,1,52,21,144,147,125,77,63,54,3,14,32,69,20,22,118,2,145,127,101,37,36,85,128,143,76,116,148,133,108,102,65,84,93,86,89,79,11,139,64,49,27,124,136,117,39,53,9,135,46,110,34,150,97,48,68,105,134,120,74,62,15,7,91,126,6,43,59,81,146,137,71,
machine6:0,18,28,103,104,72,100,88,73,67,56,109,129,106,51,10,132,138,5,40,113,42,17,112,24,121,92,55,29,122,83,82,13,131,142,98,115,50,60,19,119,87,80,16,114,25,45,141,66,95,8,1,52,21,144,125,63,54,3,14,32,69,22,118,127,101,85,128,76,133,108,102,93,86,89,11,64,49,27,124,136,39,53,9,135,46,34,150,97,48,68,105,134,120,74,62,15,7,91,126,6,43,59,81,146,137,71,
machine7:0,72,73,56,109,129,106,51,10,132,138,5,40,113,42,17,112,92,55,122,83,82,13,131,115,50,119,87,25,45,141,66,95,1,21,125,63,14,69,22,101,108,86,11,49,27,39,53,9,34,150,97,68,105,134,120,74,62,15,7,91,126,6,43,59,81,146,137,71,
machine8:0,18,28,103,104,35,72,100,88,73,67,56,109,129,106,47,51,10,132,138,5,40,113,42,17,112,78,58,121,92,55,29,122,83,4,82,13,131,38,96,98,70,115,60,19,41,61,80,31,16,25,45,44,95,8,1,52,21,144,147,125,77,63,54,14,130,32,69,20,22,118,2,33,145,127,26,101,90,36,57,75,123,12,30,76,99,133,108,140,102,65,23,84,93,89,11,139,64,49,27,124,136,111,117,39,53,94,9,135,46,110,34,150,48,68,105,134,120,74,7,91,126,6,43,59,81,146,137,71,
machine9:0,18,28,103,104,35,72,100,88,73,67,56,109,129,106,47,51,10,132,138,40,113,42,17,112,58,121,92,55,122,83,4,82,13,131,38,96,98,70,115,60,19,61,80,31,16,25,45,95,8,1,21,144,125,77,63,54,14,130,32,69,20,22,118,2,26,101,90,12,99,108,140,102,23,84,93,89,139,64,49,27,124,136,39,53,94,9,135,110,34,150,105,134,120,74,7,91,6,43,59,81,146,137,71,
machine10:0,18,103,104,35,72,100,88,73,56,109,129,106,47,132,138,40,113,112,58,121,92,55,83,4,131,38,96,98,115,60,19,61,16,25,45,8,144,125,63,54,14,20,22,118,2,26,108,93,89,27,39,53,150,105,134,74,7,91,81,137,71,
machine11:0,28,103,104,35,73,56,109,129,132,138,149,40,113,42,17,112,78,121,92,55,29,122,83,131,96,70,50,60,87,31,16,45,141,95,8,1,21,144,63,14,130,69,22,127,101,128,57,75,123,76,116,99,133,140,102,65,23,84,86,27,124,136,53,94,9,34,150,48,68,105,74,15,43,81,137,71,
machine12:0,28,103,104,35,100,73,56,109,129,106,47,10,132,138,5,149,40,113,42,17,112,24,78,121,92,55,29,122,83,4,82,131,96,98,70,115,50,60,19,119,87,61,80,31,16,25,45,141,44,95,8,1,21,144,125,63,54,14,130,69,20,22,33,145,127,26,101,90,85,128,57,75,123,30,76,116,148,99,107,133,140,102,65,23,84,93,86,89,11,49,27,124,136,117,53,94,9,135,46,110,34,150,48,68,105,120,74,62,15,126,6,43,59,81,137,71,
machine13:0,18,28,103,104,35,72,100,88,73,67,56,109,129,106,47,10,132,138,5,149,40,113,42,17,112,24,78,121,92,29,122,83,4,82,13,131,38,96,98,70,115,60,19,119,87,61,31,16,114,25,45,141,66,95,8,1,52,21,144,147,125,77,63,54,3,130,20,22,118,2,145,127,26,37,90,85,128,57,143,30,148,99,107,133,108,102,65,23,84,93,86,89,79,11,139,27,124,111,117,39,53,94,9,135,110,34,150,48,68,105,74,62,15,7,126,6,43,59,81,146,137,71,
machine14:0,18,28,103,104,35,72,100,88,73,67,56,109,129,106,47,10,132,5,149,40,113,42,17,112,24,78,92,29,122,4,82,13,131,38,96,98,115,60,19,119,87,31,16,114,25,45,141,66,95,8,1,52,21,147,77,130,22,118,2,26,37,90,128,57,143,133,108,102,65,23,93,86,89,79,11,139,27,124,111,117,39,53,9,135,34,150,48,68,105,74,15,126,6,43,59,81,146,137,71,
machine15:0,18,28,103,104,35,72,100,88,67,56,106,47,10,132,149,40,42,17,112,78,29,122,4,82,13,131,38,98,60,19,119,87,31,114,45,141,66,8,1,52,21,147,77,130,26,128,143,124,150,105,6,59,81,146,71,

1to 1:
1to 2:12,142,33,140,58,61,126,110,57,21,105,17,83,104,73,
1to 3:97,116,143,46,51,66,135,136,13,20,134,119,9,50,72,10,88,103,95,34,47,150,67,6,131,
1to 4:44,64,41,7,91,39,52,70,139,117,80,84,23,55,65,16,54,42,109,25,144,146,89,56,74,18,4,71,
1to 5:120,15,123,107,76,48,26,78,149,62,93,99,69,127,102,5,59,124,121,63,81,19,125,137,138,35,60,22,
1to 6:79,114,141,148,30,94,87,43,82,92,100,130,113,122,24,53,129,133,28,27,31,98,112,106,45,
2to 1:116,123,64,66,32,3,13,107,91,76,119,139,99,145,69,42,11,81,103,77,19,89,14,125,137,150,74,4,
2to 2:
2to 3:142,41,58,78,37,127,132,105,53,146,56,35,18,98,106,71,
2to 4:36,111,126,93,43,82,2,147,102,88,83,60,115,73,8,
2to 5:44,33,85,30,117,23,65,24,95,29,34,17,28,1,45,104,
2to 6:52,96,110,38,21,118,124,10,25,144,67,22,40,6,131,
3to 1:28,108,25,35,109,127,55,68,101,114,5,56,86,141,92,93,
3to 2:38,129,8,2,45,67,24,50,138,62,64,122,95,121,87,52,118,32,36,88,143,51,134,1,77,82,144,80,
3to 3:
3to 4:10,61,29,72,76,31,104,27,13,124,125,63,69,136,40,112,133,49,22,58,131,
3to 5:47,73,105,106,74,116,100,113,4,132,110,21,53,150,103,6,14,70,16,
3to 6:3,139,17,37,83,102,115,39,54,147,145,117,66,119,9,20,85,42,11,18,128,34,78,
4to 1:1,6,22,27,31,45,47,49,51,57,67,104,105,106,130,132,134,147,96,61,9,20,48,120,78,113,36,12,
4to 2:5,10,18,23,25,29,30,35,53,65,70,71,76,127,131,133,137,146,28,69,117,41,44,
4to 3:7,14,32,38,39,42,43,59,60,77,81,91,92,93,102,118,122,129,139,145,144,
4to 4:
4to 5:8,11,40,54,55,56,68,80,82,83,98,115,46,112,140,135,75,101,84,
4to 6:2,4,16,19,63,72,74,89,90,95,99,108,109,121,125,126,138,150,26,13,111,
5to 1:46,75,85,136,140,70,82,110,50,16,100,21,122,10,53,129,144,34,98,112,115,8,
5to 2:78,119,43,145,130,42,124,14,60,22,40,
5to 3:120,15,101,141,148,49,117,80,87,126,62,84,128,54,109,11,133,17,89,138,28,31,
5to 4:33,123,90,20,94,96,57,92,113,5,121,132,81,103,19,106,
5to 5:
5to 6:135,107,86,48,61,149,68,65,59,29,47,137,56,35,1,104,73,71,
6to 1:143,111,15,135,7,90,26,52,37,62,84,23,2,128,38,102,118,63,88,95,29,146,83,138,60,40,73,71,
6to 2:85,3,93,99,92,147,113,109,11,132,81,103,47,125,150,31,98,112,115,
6to 3:79,86,48,61,70,149,68,65,108,5,24,124,121,19,137,74,45,4,8,
6to 4:30,110,100,127,21,122,59,105,129,34,77,17,6,1,
6to 5:148,94,87,96,126,9,43,57,145,130,25,133,89,27,131,
6to 6:

cell1:3,2,4,5,6,
cell2:1,5,4,3,6,
cell3:4,1,2,6,5,
cell4:3,6,2,5,1,
cell5:3,4,1,2,6,
cell6:5,1,3,2,4,
