machine1:0,59,92,70,4,78,61,76,65,15,99,26,49,27,56,30,91,90,7,37,72,2,3,20,79,21,38,82,6,32,31,53,29,47,74,19,14,85,11,36,46,44,97,35,98,95,13,42,25,33,62,18,43,8,87,48,60,84,23,9,28,94,63,83,69,100,88,86,81,34,52,68,89,
machine2:0,54,59,22,92,70,10,4,78,50,93,61,76,65,15,99,26,16,49,27,24,56,75,96,30,12,91,90,7,71,37,72,39,2,3,20,79,21,38,82,6,32,31,53,29,55,47,51,74,19,14,17,40,85,11,67,36,46,44,97,64,73,35,98,95,13,42,25,33,62,18,43,57,8,87,5,48,60,77,84,23,9,80,28,94,63,83,69,100,66,88,86,1,81,34,45,52,58,41,68,89,
machine3:0,54,22,92,70,4,78,61,15,16,49,12,71,37,72,20,21,82,6,32,31,29,55,47,51,74,19,14,40,67,36,46,44,64,35,98,42,33,62,18,57,8,5,48,23,9,94,63,69,66,86,1,45,58,41,68,
machine4:0,54,22,92,70,4,78,61,76,15,26,16,49,27,24,75,12,91,90,7,71,37,72,39,3,20,79,21,82,6,32,31,53,29,55,47,51,74,19,14,40,11,67,36,46,44,97,64,73,35,98,13,42,33,62,18,43,57,8,87,5,48,60,77,84,23,9,80,94,63,83,69,100,66,88,86,1,81,34,45,52,58,41,68,89,
machine5:0,92,10,4,78,93,76,15,99,26,16,24,56,96,12,91,71,37,39,2,20,21,38,6,32,53,29,55,47,74,40,85,11,36,46,35,98,95,13,33,62,18,43,57,8,87,60,77,84,23,80,28,94,83,66,86,1,81,45,58,41,68,89,
machine6:0,59,92,70,10,4,78,93,61,76,15,99,26,16,27,24,56,75,96,30,12,91,90,7,71,37,39,2,3,20,21,38,82,6,32,31,53,29,55,47,51,74,19,14,17,40,85,11,67,36,46,44,97,64,73,35,98,95,13,42,25,33,62,18,43,57,8,87,5,48,60,77,84,23,9,80,28,94,63,83,69,100,66,88,86,1,81,34,45,52,58,41,68,89,
machine7:0,59,22,92,70,4,50,93,65,99,26,16,24,56,90,71,37,72,38,82,29,55,47,51,19,14,17,67,36,35,98,13,25,62,18,43,60,9,80,63,83,69,100,88,1,34,45,52,58,41,68,89,
machine8:0,54,59,22,92,70,10,4,50,93,65,15,99,26,16,49,27,24,56,75,96,30,90,71,37,72,79,38,82,29,55,47,51,74,19,14,17,85,67,36,46,44,97,64,73,35,98,95,13,25,33,62,18,43,5,48,60,84,23,9,80,28,94,63,83,69,100,66,88,86,1,81,34,45,52,58,41,68,89,
machine9:0,10,78,50,93,61,15,99,26,16,27,24,56,75,96,30,91,90,71,2,3,79,21,82,6,55,74,19,14,17,40,85,11,67,46,97,95,42,33,8,77,23,80,28,63,83,100,66,86,1,45,52,41,89,
machine10:0,54,22,92,70,10,4,78,50,93,61,65,15,99,26,16,27,24,56,75,96,30,91,90,7,71,72,39,2,3,20,79,21,38,82,6,32,31,53,55,47,74,19,14,17,40,85,11,67,36,46,97,73,35,98,95,42,25,33,62,18,57,8,5,48,60,77,84,23,80,28,63,83,69,100,66,88,86,1,34,45,52,58,41,68,89,

1to 1:
1to 2:41,98,97,86,6,63,82,54,43,15,58,22,75,55,94,49,
1to 3:62,18,4,81,42,64,14,44,40,13,34,59,76,87,29,25,8,28,80,73,57,
1to 4:16,66,99,90,24,48,85,65,19,83,89,92,9,51,33,93,23,
1to 5:100,67,95,21,60,72,70,68,17,45,31,84,27,5,50,61,78,77,96,30,10,88,69,2,
2to 1:1,16,18,19,26,27,31,46,60,61,66,76,90,
2to 2:
2to 3:5,7,9,12,15,20,24,35,36,37,39,43,51,70,77,78,83,88,89,91,92,94,
2to 4:14,47,49,54,62,64,67,68,71,73,79,80,97,
2to 5:3,4,6,8,11,22,23,32,34,42,52,53,57,63,74,75,82,98,
3to 1:3,20,12,7,30,21,24,56,75,70,92,10,99,82,6,37,78,84,100,86,98,36,
3to 2:87,61,13,32,53,69,57,81,11,42,33,26,4,19,8,16,62,80,
3to 3:
3to 4:59,44,27,5,96,29,46,94,88,18,63,41,52,74,1,45,
3to 5:38,91,39,73,40,14,66,55,97,48,93,47,71,90,35,58,83,15,
4to 1:74,41,58,67,71,64,13,38,95,81,35,45,25,50,43,96,
4to 2:89,23,36,84,9,52,37,60,72,100,29,51,48,83,1,34,44,27,
4to 3:98,86,47,33,66,69,30,75,55,10,68,85,17,
4to 4:
4to 5:80,62,19,26,92,46,56,99,54,79,28,
5to 1:65,47,79,93,91,33,48,32,55,39,34,52,85,53,97,11,89,28,
5to 2:45,14,46,20,5,68,71,18,24,7,73,40,77,90,88,21,
5to 3:3,2,67,31,41,60,26,23,56,16,63,1,74,95,
5to 4:35,38,72,70,84,86,17,100,69,82,25,4,22,58,36,15,
5to 5:

cell1:4,3,2,5,
cell2:5,4,3,1,
cell3:1,2,5,4,
cell4:3,5,1,2,
cell5:4,2,3,1,
