machine1:0,58,95,94,38,87,54,53,24,22,66,5,90,26,16,12,3,45,68,34,10,44,49,80,77,35,19,85,43,52,65,78,9,59,79,8,1,74,71,50,30,82,60,81,15,93,72,51,23,32,6,55,2,29,76,18,46,75,56,48,84,41,37,4,86,14,21,
machine2:0,58,13,87,54,91,70,22,66,5,90,11,16,12,39,3,68,27,49,42,88,77,35,19,43,65,78,25,9,40,79,8,1,92,71,50,30,82,60,81,15,36,93,72,51,23,32,6,2,29,18,46,28,33,7,75,20,48,84,83,89,41,37,4,86,14,21,
machine3:0,58,73,31,94,38,87,91,70,22,66,57,67,11,16,39,3,45,27,44,42,88,77,35,19,85,52,40,59,79,1,74,92,71,30,82,60,81,15,93,72,51,47,23,32,6,55,2,29,76,18,33,7,20,48,84,83,89,41,37,17,4,86,14,21,
machine4:0,73,31,91,63,53,24,70,66,61,90,26,57,16,3,45,68,34,27,10,44,49,80,88,35,19,85,43,52,65,78,1,74,92,71,50,30,82,62,51,47,23,32,6,2,29,76,18,28,33,7,75,20,48,84,41,17,4,86,21,
machine5:0,69,95,94,54,63,70,66,5,90,26,67,12,3,45,34,27,10,44,49,80,77,35,52,65,25,9,40,1,92,71,50,82,60,81,15,36,62,93,72,47,6,55,2,29,76,18,46,7,75,56,20,48,84,41,37,17,4,86,14,21,
machine6:0,69,58,31,94,38,54,66,61,67,11,16,34,44,42,80,88,35,19,85,65,9,79,1,74,92,71,50,30,60,36,62,93,72,51,23,6,55,2,29,76,18,46,28,33,7,75,56,20,48,84,41,37,17,4,86,
machine7:0,58,54,91,53,70,66,61,5,90,26,57,11,16,39,45,68,34,49,42,80,88,77,35,19,43,78,25,9,40,8,1,92,50,30,82,60,81,15,36,62,93,72,51,32,55,2,29,28,7,75,56,20,48,84,41,37,4,21,
machine8:0,13,95,31,94,87,91,53,22,61,26,57,16,12,64,3,45,68,34,27,44,49,80,88,35,19,52,25,79,71,50,82,60,15,72,23,32,55,2,29,46,33,7,75,20,48,84,89,41,37,17,4,86,14,21,
machine9:0,58,13,95,31,38,24,22,66,61,90,26,57,67,11,39,45,68,49,42,80,88,77,35,19,85,43,65,78,25,79,8,1,92,50,30,60,81,36,72,51,23,32,6,55,29,76,33,7,75,56,84,89,41,17,86,14,21,
machine10:0,69,58,31,38,54,70,22,66,5,90,67,11,64,3,45,27,10,42,88,52,65,9,40,59,79,8,1,71,82,60,81,36,62,93,51,23,6,55,2,29,76,46,56,48,84,89,41,17,86,14,21,
machine11:0,69,13,95,31,54,91,63,53,24,66,61,90,57,67,68,27,10,44,42,80,77,35,52,65,78,25,9,79,8,1,92,71,50,30,82,60,81,15,36,62,51,47,32,76,46,28,33,7,75,56,48,84,89,41,17,86,14,21,
machine12:0,69,58,13,73,95,31,94,38,87,91,63,53,22,66,61,5,90,67,11,12,39,64,3,45,68,34,27,44,49,80,88,77,35,19,85,52,78,25,9,40,59,79,8,1,74,92,71,50,30,82,60,81,15,36,62,93,72,51,47,23,32,6,55,2,29,76,18,46,28,33,7,75,56,20,48,84,83,89,41,37,17,4,86,14,21,
machine13:0,69,58,13,73,95,31,94,38,87,54,91,24,70,22,66,5,90,26,57,67,11,16,12,39,64,3,45,68,34,27,10,44,49,42,80,88,77,35,19,85,43,52,65,78,25,9,40,59,79,1,92,71,50,30,82,60,81,15,36,62,93,72,51,47,23,32,6,55,2,29,76,18,46,33,7,75,56,20,48,84,83,89,41,37,17,4,86,14,21,
machine14:0,69,58,13,73,95,31,94,54,91,63,53,24,22,66,61,5,26,57,67,11,16,12,39,64,3,45,68,34,27,10,44,49,42,80,88,77,35,19,85,43,52,65,25,9,40,79,1,74,92,71,50,30,82,60,81,15,36,62,93,72,51,47,23,32,6,55,29,76,18,46,28,33,7,75,56,20,48,84,83,89,41,37,17,4,86,14,21,
machine15:0,69,58,73,95,31,38,87,63,53,70,22,66,61,5,90,26,57,67,11,16,12,39,64,3,68,34,27,44,49,80,88,77,35,19,85,43,52,65,78,25,9,59,79,8,1,92,50,30,82,60,81,15,36,62,93,72,51,47,23,32,6,55,2,29,76,18,46,28,33,7,75,56,20,48,84,83,89,41,17,4,86,14,21,
machine16:0,58,13,73,95,31,38,87,63,53,24,70,22,66,61,5,90,26,57,11,12,39,64,3,68,34,27,10,44,42,80,88,77,35,19,43,52,65,78,9,40,79,8,1,74,92,71,50,30,82,60,81,15,36,62,72,51,47,23,32,6,2,29,46,33,7,75,56,20,48,84,83,89,41,37,17,4,86,14,21,
machine17:0,58,13,95,31,94,38,87,54,91,63,53,70,22,66,90,26,57,67,16,12,39,3,45,68,34,27,44,42,88,35,19,85,43,52,78,25,9,59,79,1,74,92,71,50,82,60,81,15,36,62,72,51,23,32,6,55,2,29,76,46,28,7,75,56,20,48,84,83,89,41,37,17,86,14,21,
machine18:0,69,58,13,95,31,94,87,24,22,66,26,67,11,16,12,39,64,3,45,34,27,10,44,42,80,88,77,35,19,85,43,52,65,78,25,9,40,79,8,1,74,92,50,30,82,60,81,15,36,62,93,72,51,47,23,32,6,55,2,29,76,18,28,33,7,75,56,20,48,84,83,89,41,37,17,4,86,14,21,
machine19:0,69,58,73,31,94,87,91,53,24,70,22,66,61,5,90,26,57,67,11,16,39,64,3,45,34,27,10,44,49,42,88,77,35,19,85,43,52,65,78,25,9,40,59,79,1,74,92,50,82,60,81,15,36,62,93,72,51,47,23,32,6,55,2,29,76,18,46,28,33,7,75,56,20,48,84,83,89,41,37,17,4,86,14,21,
machine20:0,69,58,13,95,31,38,87,54,91,63,24,70,22,66,61,5,90,26,57,67,12,39,64,45,68,34,27,10,44,49,42,80,88,77,35,19,43,65,78,25,9,40,79,8,1,74,71,50,30,60,15,36,62,93,72,51,47,23,32,6,55,2,29,76,18,46,28,33,7,75,56,20,48,84,83,89,41,37,17,4,14,21,
machine21:0,69,58,73,95,31,94,38,87,54,91,63,24,22,66,61,5,90,26,57,67,11,16,12,39,64,3,45,34,27,49,42,80,88,77,35,19,43,52,65,78,25,40,59,79,8,1,74,92,30,82,60,36,62,93,72,51,47,23,32,6,55,29,76,46,28,33,7,75,56,20,48,84,83,89,41,17,4,86,14,21,
machine22:0,58,13,95,94,87,53,24,70,22,5,90,26,57,67,11,12,39,64,3,45,34,10,42,80,88,35,19,85,43,52,65,78,25,9,40,59,79,8,92,71,30,82,60,81,15,36,62,93,72,51,23,32,6,55,2,29,76,46,28,33,7,56,20,48,84,89,41,37,17,4,86,14,21,
machine23:0,58,13,73,95,31,94,38,87,54,91,63,53,22,66,61,5,57,67,11,39,64,3,45,68,27,44,49,42,88,35,19,85,43,52,65,78,79,1,74,92,71,30,82,60,81,36,62,93,72,51,47,23,6,55,2,29,76,18,46,33,7,75,56,20,48,84,89,41,37,17,4,86,14,21,

1to 1:
1to 2:1,4,5,6,7,8,10,11,13,15,16,17,18,19,20,21,26,28,34,37,38,41,42,45,51,54,56,57,58,61,65,70,71,74,76,78,84,86,87,88,91,66,67,59,31,92,50,52,24,72,55,77,68,27,30,79,14,80,82,22,2,43,81,9,49,35,48,44,33,62,93,36,46,60,75,32,23,29,
1to 3:1,4,5,6,7,8,9,15,16,17,19,20,21,25,26,27,28,29,31,36,37,38,39,40,41,45,46,48,49,51,52,54,56,57,58,63,65,66,69,70,71,72,76,80,81,84,85,86,88,90,91,95,18,89,3,73,78,11,82,94,62,33,44,12,14,59,43,68,53,22,34,75,77,30,2,74,60,50,67,55,93,35,23,32,47,79,
1to 4:1,3,4,5,6,7,12,13,15,16,17,18,19,20,26,28,29,33,34,37,39,41,45,46,48,54,56,57,58,59,63,65,66,71,72,74,76,78,80,83,85,86,87,88,89,90,93,95,40,81,82,23,62,52,73,49,32,24,47,11,67,50,35,55,79,30,77,25,44,75,60,22,27,92,14,84,21,
1to 5:1,3,6,7,10,12,13,15,16,17,18,19,20,22,25,27,33,34,37,40,41,42,45,48,51,56,57,58,60,61,62,65,66,68,69,70,71,75,76,77,78,83,86,87,89,93,95,31,67,92,44,81,90,88,52,4,85,14,94,24,11,59,55,28,35,30,43,84,82,80,32,2,50,72,46,36,23,47,79,29,21,
1to 6:1,2,5,6,7,10,13,15,16,17,19,20,21,22,26,27,30,32,33,36,37,39,41,42,43,45,46,47,56,57,58,60,61,63,65,70,72,76,80,85,86,87,89,91,95,35,79,90,31,62,8,77,67,24,12,74,18,11,3,44,14,49,34,92,71,66,93,55,81,84,50,4,52,75,48,88,23,29,
1to 7:1,5,9,10,15,16,17,18,19,20,21,23,25,26,27,29,34,37,39,41,42,45,46,49,51,54,56,58,61,65,66,70,71,72,76,77,78,79,80,84,85,87,88,89,92,93,94,95,30,11,60,91,24,38,62,3,33,48,81,43,44,53,52,22,4,67,2,74,90,86,32,7,55,14,75,82,35,47,6,
2to 1:1,2,4,6,9,11,15,16,18,19,20,21,22,23,24,26,31,33,37,38,40,42,43,44,45,47,48,50,54,56,57,58,61,66,68,69,75,78,80,81,85,86,87,88,94,90,53,27,28,34,77,10,8,36,60,35,49,55,91,46,93,30,82,3,52,5,67,65,32,92,79,41,62,51,71,72,84,14,29,76,7,17,
2to 2:
2to 3:1,2,3,4,5,6,11,13,14,15,16,17,18,19,20,22,23,24,25,26,29,31,32,34,36,37,38,39,40,42,44,45,49,51,52,53,54,57,58,61,62,64,68,69,70,72,74,78,79,80,84,85,86,87,88,92,95,65,46,75,56,67,91,9,76,8,77,28,50,41,35,93,60,90,33,71,30,21,82,66,55,81,27,7,
2to 4:1,3,4,6,9,11,13,15,16,17,18,20,22,23,24,25,26,27,31,34,35,36,39,41,42,43,44,45,48,49,52,53,54,57,58,61,65,66,67,69,70,71,77,79,81,84,86,87,88,90,92,93,94,95,82,50,75,5,85,76,64,32,8,30,7,51,55,46,80,91,62,89,28,33,19,60,56,72,21,14,29,
2to 5:1,2,4,6,10,11,12,13,15,16,17,18,19,20,22,23,25,26,30,31,33,35,37,39,40,41,43,44,45,46,48,52,53,54,57,58,61,62,66,67,69,70,77,78,79,80,81,82,86,87,88,93,95,21,68,28,89,84,91,64,56,32,65,36,42,92,90,9,60,29,14,75,34,27,51,55,71,7,76,50,72,
2to 6:1,2,3,4,6,10,13,16,19,20,21,22,23,24,25,26,28,29,30,31,32,33,35,36,37,40,43,44,45,46,49,51,57,58,60,61,63,64,66,68,69,70,77,82,84,86,88,89,90,91,93,95,48,27,15,80,79,11,67,76,9,7,42,92,65,50,75,5,17,55,52,14,56,62,72,41,
2to 7:1,2,4,5,6,8,10,11,13,14,15,16,18,20,22,25,27,29,31,33,37,38,42,43,45,46,49,52,57,58,61,62,64,69,70,71,74,76,78,81,84,85,86,87,88,90,94,95,66,59,60,54,80,75,79,91,55,93,17,41,19,28,9,56,65,32,67,36,51,72,34,92,35,82,21,7,23,48,
3to 1:3,4,5,7,9,10,14,15,17,22,23,26,27,32,34,35,36,37,38,39,40,43,44,45,47,50,51,55,56,58,60,61,62,66,69,72,73,75,76,80,83,84,85,90,91,92,93,94,95,79,48,42,16,28,30,82,49,77,78,29,18,6,71,20,1,88,21,2,33,46,81,52,65,19,41,89,86,
3to 2:1,3,4,5,8,11,13,14,17,18,19,21,22,25,27,28,29,30,32,34,37,38,40,41,44,45,46,48,50,51,53,55,56,62,64,65,66,67,69,70,72,75,76,79,80,82,84,85,86,87,91,92,93,94,71,31,49,58,16,89,35,60,39,77,88,26,52,42,2,36,15,23,33,6,7,
3to 3:
3to 4:3,5,7,9,10,11,13,14,15,17,19,21,22,23,25,26,27,30,32,33,34,38,39,40,41,43,44,45,48,50,51,53,55,56,62,65,66,67,72,75,76,78,80,82,84,85,88,90,91,92,94,69,42,71,31,73,89,70,6,87,16,95,36,12,47,77,58,60,52,20,35,49,28,81,83,79,18,1,29,86,46,
3to 5:3,4,5,7,8,9,11,13,14,17,18,19,25,27,29,30,32,33,34,35,38,40,42,43,44,45,46,47,50,52,55,56,58,61,64,66,67,69,72,75,76,80,83,84,85,89,91,92,93,94,20,12,36,74,37,31,10,39,70,78,22,68,28,16,51,86,48,95,71,23,26,6,77,79,2,88,15,65,1,21,
3to 6:2,3,4,5,7,8,10,11,12,13,14,17,19,24,25,26,27,31,32,33,34,38,40,42,44,46,47,48,50,51,52,55,56,57,62,64,66,67,69,70,72,73,75,76,77,78,81,82,83,84,85,86,87,90,91,93,95,43,39,89,94,28,18,60,58,79,37,71,41,74,1,29,22,15,88,65,36,23,20,6,35,
3to 7:1,2,3,5,6,10,11,14,15,17,18,21,22,24,25,26,27,30,31,32,33,34,37,38,40,41,45,46,47,49,53,54,55,59,60,64,66,67,72,73,75,76,77,80,82,83,84,85,86,88,89,90,91,92,93,94,79,58,95,74,87,19,13,23,81,70,39,71,57,42,65,43,35,78,36,7,56,51,28,4,20,52,48,
4to 1:1,2,3,4,7,10,12,15,17,19,20,21,25,27,34,35,37,38,39,41,42,45,46,48,50,53,54,57,59,60,62,63,65,66,71,72,74,77,78,80,83,85,86,87,88,94,95,24,18,9,36,26,43,55,6,76,69,22,44,51,47,58,81,33,92,31,23,16,75,40,5,82,91,52,32,49,30,79,84,14,89,29,
4to 2:1,4,6,7,9,10,11,12,15,16,17,18,20,21,22,23,26,27,28,30,34,38,39,41,43,44,46,47,49,50,53,54,57,59,61,62,66,68,72,74,75,76,77,79,80,81,86,93,94,56,42,89,65,25,84,55,33,64,69,95,52,36,45,31,60,58,35,91,67,32,82,51,14,92,48,19,71,88,29,
4to 3:1,2,3,4,7,9,11,12,14,15,16,18,20,27,28,29,34,35,37,39,42,43,46,49,50,51,53,54,59,60,62,63,65,66,67,68,74,77,79,80,83,84,85,86,87,91,92,93,58,69,73,36,22,30,64,44,33,24,25,31,95,5,40,82,26,32,78,76,52,75,55,89,23,6,48,17,71,72,56,88,47,21,19,
4to 4:
4to 5:1,3,4,7,10,11,12,16,17,19,20,22,25,26,27,28,30,34,37,39,40,41,43,44,48,50,51,53,57,59,61,62,65,66,68,70,72,77,78,79,80,81,82,84,85,86,87,89,90,92,36,75,24,15,95,88,83,42,52,58,31,5,76,32,60,46,6,56,55,71,21,23,14,29,47,
4to 6:1,3,4,7,8,10,12,14,16,18,19,20,22,24,25,26,27,28,33,34,35,37,38,39,42,45,47,50,51,53,55,57,60,61,62,66,67,70,72,77,80,81,83,85,86,88,90,91,92,76,89,46,69,23,63,49,40,41,52,31,84,95,64,15,5,58,43,36,44,75,65,82,32,56,6,48,79,21,29,
4to 7:1,2,3,4,5,7,9,10,11,12,13,14,15,16,18,20,21,22,25,26,27,28,29,34,37,39,41,43,44,51,53,54,57,58,60,61,62,65,66,67,69,74,75,78,79,80,82,83,85,86,87,88,89,90,91,94,17,73,42,76,30,31,95,32,84,52,40,46,56,64,23,48,45,19,72,55,81,92,33,6,36,47,
5to 1:3,4,5,6,7,9,12,15,17,18,19,20,22,24,26,29,30,32,33,39,42,43,46,47,48,51,52,53,54,55,57,58,60,62,63,65,66,71,72,76,77,79,80,81,85,86,89,91,94,95,34,84,38,28,87,50,68,61,82,44,10,78,31,90,70,88,45,92,83,40,25,75,1,74,2,35,23,21,36,37,56,
5to 2:2,4,6,11,12,13,14,15,16,17,23,24,25,26,28,29,31,32,33,34,40,41,42,43,44,46,48,50,51,52,54,57,58,60,62,65,67,70,72,76,77,79,80,81,82,84,86,87,89,91,94,95,38,10,71,64,1,30,53,66,7,55,68,9,61,8,19,37,45,92,85,78,27,56,22,36,20,75,88,21,35,
5to 3:1,4,5,8,9,10,11,13,14,15,16,17,21,24,32,33,37,38,41,42,43,44,45,46,47,48,50,52,53,54,55,57,58,60,62,63,65,67,70,72,73,74,75,76,77,78,79,80,82,88,90,93,95,31,87,36,35,22,23,27,12,89,85,39,34,2,83,71,19,7,86,25,40,20,29,30,92,28,66,84,56,6,
5to 4:1,2,3,4,5,7,11,13,15,16,17,21,22,23,24,25,26,27,32,33,34,35,38,40,41,42,43,44,46,47,48,50,52,54,56,57,58,60,62,63,65,67,69,72,73,75,76,77,79,80,81,83,84,85,86,94,95,12,64,30,90,10,28,53,20,61,68,93,31,45,74,19,51,29,82,39,89,37,6,36,66,92,14,88,71,
5to 5:
5to 6:2,3,4,5,7,9,13,14,15,16,17,18,21,26,29,31,32,33,34,35,40,41,42,43,44,45,46,47,48,50,51,52,53,58,60,61,62,63,65,67,70,71,72,76,77,79,80,81,82,87,93,94,95,12,37,22,55,66,38,83,88,6,23,10,64,36,28,75,56,68,57,85,39,25,90,19,1,27,20,89,84,86,
5to 7:3,4,5,9,10,11,12,13,14,15,16,17,21,23,25,28,31,33,34,35,38,40,41,42,43,44,46,47,48,51,52,54,55,56,57,58,59,60,61,62,65,67,70,72,76,77,78,79,80,81,82,84,85,90,91,94,95,37,39,87,22,64,30,19,7,88,45,74,20,83,26,92,1,2,86,29,27,66,36,75,89,6,71,32,
6to 1:1,4,5,6,9,10,14,16,17,19,21,22,24,26,27,28,29,30,31,36,37,39,43,44,46,47,49,51,53,57,60,62,66,70,78,79,81,82,83,85,87,88,91,93,95,59,68,61,92,2,42,45,20,34,50,15,3,58,65,18,90,35,56,55,40,89,80,84,71,48,33,41,72,86,52,23,75,76,
6to 2:1,10,13,14,15,18,19,20,21,22,25,28,31,35,36,37,39,40,43,44,46,49,51,52,53,56,57,61,62,64,66,70,71,72,77,79,81,82,88,89,93,55,27,86,75,91,50,94,54,85,24,68,2,58,41,45,5,42,33,80,90,3,84,34,67,7,48,32,65,17,29,60,6,23,76,
6to 3:5,7,9,11,14,21,22,25,26,28,30,31,32,33,36,40,43,44,46,47,48,49,50,51,52,53,56,57,58,60,64,66,68,69,70,71,78,80,83,85,86,87,88,89,91,92,93,77,3,6,45,34,94,39,1,74,55,65,67,15,27,79,18,42,23,37,76,2,19,75,35,41,20,72,17,84,
6to 4:1,5,11,12,13,14,16,19,20,21,22,23,25,27,28,31,32,37,39,42,43,44,45,47,50,51,53,55,58,62,64,66,71,75,76,77,79,82,83,85,86,87,88,91,93,95,24,94,60,67,65,18,34,15,3,56,57,6,59,40,36,80,84,92,89,33,41,52,46,48,72,35,17,29,
6to 5:1,3,5,7,10,11,12,13,14,19,21,22,23,25,27,29,31,33,36,39,40,43,46,47,48,50,51,52,53,62,64,65,66,68,69,74,75,76,78,79,81,84,85,87,88,92,95,55,2,90,24,61,35,63,94,6,57,42,15,77,37,58,72,34,93,71,83,56,20,80,18,60,32,17,41,89,
6to 6:
6to 7:1,2,5,7,9,10,11,13,19,21,22,23,25,26,28,31,32,36,39,42,43,46,47,51,52,57,60,62,64,66,70,75,76,77,78,81,82,87,88,91,92,93,95,45,18,63,89,33,72,34,94,67,85,24,58,84,8,56,15,80,3,35,49,48,71,83,55,65,41,27,37,79,20,6,86,17,
7to 1:1,2,5,6,7,10,12,13,16,18,19,21,22,26,27,28,29,31,32,37,40,41,42,43,44,46,47,51,52,55,56,58,60,69,73,74,75,76,77,78,79,80,82,83,84,86,87,89,90,91,93,94,67,92,66,35,63,14,65,20,23,49,33,54,15,71,85,45,57,95,53,4,30,48,36,3,9,39,17,34,81,72,88,
7to 2:1,4,5,6,8,19,21,22,23,25,26,28,32,36,37,40,42,43,51,52,55,56,61,64,69,71,74,75,77,78,80,82,85,87,94,95,91,30,3,84,53,13,79,11,67,54,29,57,58,65,81,27,49,33,60,92,45,90,15,41,39,34,72,2,62,14,88,76,66,35,17,46,20,7,48,86,
7to 3:4,5,6,7,8,11,12,13,15,16,17,21,22,25,26,28,29,31,40,42,44,45,47,51,55,56,62,64,69,71,75,76,77,78,79,80,82,83,87,89,90,91,93,94,95,14,54,49,85,92,65,38,58,3,2,53,88,36,59,60,27,66,43,39,33,48,84,23,67,32,52,72,19,37,86,20,41,35,
7to 4:1,3,5,6,11,12,16,17,24,28,31,35,36,37,39,40,42,43,46,47,49,52,53,54,55,57,62,65,72,74,75,77,78,80,82,83,86,87,88,89,91,92,94,48,13,63,71,7,41,95,34,85,23,33,58,4,19,30,32,26,9,67,27,66,15,76,60,56,20,84,79,29,
7to 5:1,6,7,10,11,12,15,16,21,22,23,25,26,28,31,33,36,37,40,42,43,44,46,47,52,55,56,61,62,65,66,68,70,71,74,75,76,77,78,80,81,82,84,85,87,90,91,93,94,45,38,27,39,83,63,13,35,3,57,53,8,58,64,95,79,30,29,9,34,72,60,41,19,4,51,88,32,92,86,14,48,20,89,17,
7to 6:1,5,11,22,26,28,31,32,35,37,40,42,43,44,46,47,49,51,55,56,62,63,64,67,69,70,73,75,76,79,80,82,85,86,87,89,90,91,93,19,20,17,95,24,59,13,33,45,81,36,53,57,15,58,88,34,66,60,72,3,18,41,83,92,39,2,23,4,52,65,6,48,14,7,84,
7to 7:

cell1:4,6,5,7,3,2,
cell2:4,7,6,5,1,3,
cell3:4,7,1,2,5,6,
cell4:1,3,2,6,5,7,
cell5:3,6,1,2,7,4,
cell6:4,7,3,5,1,2,
cell7:2,1,6,5,4,3,
