machine1:0,10,58,53,68,38,45,87,78,5,74,16,12,2,94,65,54,18,72,80,81,23,34,22,41,30,3,55,56,24,4,37,44,66,49,50,19,86,79,48,77,21,14,43,84,52,59,26,15,29,51,9,90,85,35,1,71,95,8,93,82,60,75,76,32,6,46,
machine2:0,13,58,68,87,11,78,5,70,91,16,12,2,65,54,28,33,18,72,42,81,23,22,41,7,30,3,4,37,66,49,50,19,86,27,79,39,48,92,25,77,21,14,43,84,15,29,88,51,9,90,35,83,1,20,71,8,40,93,82,60,36,75,32,6,46,89,
machine3:0,73,31,58,38,45,87,11,70,74,91,16,57,2,94,67,33,18,72,42,81,23,17,22,41,7,30,3,55,4,37,44,66,19,86,27,79,39,48,92,77,21,14,84,52,59,15,29,88,47,51,85,35,83,1,20,71,40,93,82,60,76,32,6,89,
machine4:0,73,31,10,53,68,45,61,78,70,74,91,16,57,2,65,28,33,18,80,62,23,34,17,41,7,30,3,24,4,44,66,49,63,50,19,86,27,48,92,21,43,84,52,26,29,88,47,51,90,85,35,1,20,71,82,75,76,32,6,
machine5:0,10,45,5,70,69,12,2,94,65,67,54,18,72,80,62,81,34,17,41,7,3,55,56,4,37,44,66,49,63,50,86,27,48,92,25,77,21,14,84,52,26,15,29,47,9,90,35,1,20,71,95,40,93,82,60,36,75,76,6,46,
machine6:0,31,58,38,61,11,74,16,69,2,94,65,67,54,28,33,18,72,42,80,62,23,34,17,41,7,30,55,56,4,37,44,66,50,19,86,79,48,92,84,29,88,51,9,85,35,1,20,71,93,60,36,75,76,6,46,
machine7:0,58,53,68,45,61,11,78,5,70,91,16,57,2,54,28,72,42,80,62,81,34,41,7,30,55,56,4,37,66,49,50,19,39,48,92,25,77,21,43,84,26,15,29,88,51,9,90,35,1,20,8,40,93,82,60,36,75,32,
machine8:0,13,31,53,68,45,87,61,64,91,16,57,12,2,94,33,72,80,23,34,17,22,41,7,3,55,4,37,44,49,50,19,86,27,79,48,25,21,14,84,52,26,15,29,88,35,20,71,95,82,60,75,32,46,89,
machine9:0,13,31,58,68,38,45,61,11,78,57,65,67,33,72,42,80,81,23,17,22,41,7,30,55,56,24,66,49,50,19,86,79,39,92,25,77,21,14,43,84,26,29,88,51,90,85,35,1,95,8,60,36,75,76,32,6,89,
machine10:0,31,10,58,38,45,64,11,5,70,69,2,65,67,54,42,62,81,23,17,22,41,3,55,56,66,86,27,79,48,21,14,84,52,59,29,88,51,9,90,1,71,8,40,93,82,60,36,76,6,46,89,
machine11:0,13,31,10,53,68,61,78,91,57,69,65,67,54,28,33,42,80,62,81,17,41,7,30,56,24,44,66,63,50,86,27,79,48,92,25,77,21,14,84,52,15,47,51,9,90,35,1,71,95,8,82,60,36,75,76,32,46,89,
machine12:0,13,73,31,58,53,68,38,45,87,61,64,11,78,5,74,91,69,12,2,94,67,28,33,18,72,80,62,81,23,34,17,22,41,7,30,3,55,56,4,37,44,66,49,63,50,19,86,27,79,39,48,92,25,77,21,14,84,52,59,15,29,88,47,51,9,90,85,35,83,1,20,71,95,8,40,93,82,60,36,75,76,32,6,46,89,
machine13:0,13,73,31,10,58,68,38,45,87,64,11,78,5,70,91,16,57,69,12,2,94,65,67,54,33,18,72,42,80,62,81,23,34,17,22,41,7,30,3,55,56,24,4,37,44,66,49,50,19,86,27,79,39,48,92,25,77,21,14,43,84,52,59,26,15,29,88,47,51,9,90,85,35,83,1,20,71,95,40,93,82,60,36,75,76,32,6,46,89,
machine14:0,13,73,31,10,58,53,68,45,61,64,11,5,74,91,16,57,69,12,94,65,67,54,28,33,18,72,42,80,62,81,23,34,17,22,41,7,30,3,55,56,24,4,37,44,66,49,63,50,19,86,27,79,39,48,92,25,77,21,14,43,84,52,26,15,29,88,47,51,9,85,35,83,1,20,71,95,40,93,82,60,36,75,76,32,6,46,89,
machine15:0,73,31,58,53,68,38,87,61,64,11,78,5,70,16,57,69,12,2,65,67,28,33,18,72,80,62,81,23,34,17,22,41,7,30,3,55,56,4,44,66,49,63,50,19,86,27,79,39,48,92,25,77,21,14,43,84,52,59,26,15,29,88,47,51,9,90,85,35,83,1,20,95,8,93,82,60,36,75,76,32,6,46,89,
machine16:0,13,73,31,10,58,53,68,38,87,61,64,11,78,5,70,74,57,12,2,65,33,72,42,80,62,81,23,34,17,22,41,7,30,3,56,24,4,37,44,66,63,50,19,86,27,79,39,48,92,77,21,14,43,84,52,26,15,29,88,47,51,9,90,35,83,1,20,71,95,8,40,82,60,36,75,32,6,46,89,
machine17:0,13,31,58,53,68,38,45,87,78,70,74,91,16,57,12,2,94,67,54,28,72,42,62,81,23,34,17,22,41,7,3,55,56,37,44,66,63,50,19,86,27,79,39,48,92,25,21,14,43,84,52,59,26,15,29,88,51,9,90,85,35,83,1,20,71,95,82,60,36,75,76,32,6,46,89,
machine18:0,13,31,10,58,45,87,64,11,78,74,16,69,12,2,94,65,67,28,33,18,72,42,80,62,81,23,34,17,22,41,7,30,3,55,56,24,4,37,44,66,50,19,86,27,79,39,48,92,25,77,21,14,43,84,52,26,15,29,88,47,51,9,85,35,83,1,20,95,8,40,93,82,60,36,75,76,32,6,89,
machine19:0,73,31,10,58,53,45,87,61,64,11,78,5,70,74,91,16,57,69,2,94,65,67,28,33,18,72,42,62,81,23,34,17,22,41,7,3,55,56,24,4,37,44,66,49,50,19,86,27,79,39,48,92,25,77,21,14,43,84,52,59,26,15,29,88,47,51,9,90,85,35,83,1,20,40,93,82,60,36,75,76,32,6,46,89,
machine20:0,13,31,10,58,68,38,45,87,61,64,78,5,70,74,91,57,69,12,2,65,67,54,28,33,18,72,42,80,62,23,34,17,22,41,7,30,55,56,24,4,37,44,66,49,63,50,19,27,79,39,48,25,77,21,14,43,84,26,15,29,88,47,51,9,90,35,83,1,20,71,95,8,40,93,60,36,75,76,32,6,46,89,
machine21:0,73,31,58,38,45,87,61,64,11,78,5,74,91,16,57,69,12,94,65,67,54,28,33,72,42,80,62,23,34,17,22,41,7,30,3,55,56,24,4,66,49,63,19,86,27,79,39,48,92,25,77,21,14,43,84,52,59,26,29,88,47,51,90,35,83,1,20,95,8,40,93,82,60,36,75,76,32,6,46,89,
machine22:0,13,10,58,53,45,87,64,11,78,5,70,57,12,2,94,65,67,28,33,72,42,80,62,81,23,34,17,22,41,7,30,3,55,56,24,4,37,19,86,79,39,48,92,25,21,14,43,84,52,59,26,15,29,88,51,9,90,85,35,20,71,95,8,40,93,82,60,36,76,32,6,46,89,
machine23:0,13,73,31,58,53,68,38,45,87,61,64,11,78,5,74,91,57,2,94,65,67,54,33,18,72,42,62,81,23,17,22,41,7,30,3,55,56,4,37,44,66,49,63,19,86,27,79,39,48,92,21,14,43,84,52,29,88,47,51,85,35,1,20,71,95,93,82,60,36,75,76,6,46,89,

1to 1:
1to 2:4,5,6,7,8,10,11,13,15,16,18,19,20,21,24,26,28,29,32,33,34,37,38,41,42,45,48,54,56,57,60,61,65,70,71,72,74,76,78,84,86,87,88,66,51,67,31,59,1,92,50,58,55,77,79,14,68,91,30,80,82,22,27,81,43,35,9,49,52,44,2,62,36,93,17,46,75,23,
1to 3:4,6,7,8,9,15,16,17,19,20,21,25,26,27,28,29,32,36,37,38,40,45,46,48,49,52,54,55,56,57,60,63,66,69,70,71,72,76,81,84,85,86,90,93,95,89,18,3,78,73,11,82,14,1,91,39,94,58,62,44,12,43,59,51,22,34,68,53,75,31,30,77,33,74,80,50,5,67,35,23,2,65,47,79,41,88,
1to 4:3,4,6,7,12,13,15,16,17,18,19,20,24,25,26,28,29,37,39,40,45,46,48,54,56,57,59,60,63,66,71,72,74,76,78,80,85,86,87,89,90,93,95,81,82,23,62,52,5,47,49,73,34,75,32,67,50,11,55,35,58,79,88,30,77,33,41,27,22,83,92,1,44,65,14,84,21,
1to 5:3,6,7,10,12,13,15,16,18,19,20,22,24,25,28,31,33,37,40,41,42,45,48,56,57,60,61,62,66,69,70,72,75,76,77,78,83,85,86,87,89,90,93,95,67,1,92,68,44,51,81,14,88,52,4,94,58,59,11,35,27,65,21,30,55,34,43,82,80,50,84,32,2,46,71,17,36,29,23,47,79,
1to 6:2,4,5,6,7,10,13,14,15,16,17,19,20,21,22,26,29,30,32,33,36,37,39,42,43,45,46,47,56,57,58,60,61,63,70,72,76,84,85,86,87,89,91,93,95,35,79,80,62,31,88,8,77,67,24,12,27,74,18,3,90,41,11,44,65,34,49,92,71,66,55,81,50,1,52,75,48,23,
1to 7:5,6,9,10,15,16,18,19,20,21,25,26,29,33,34,37,39,42,45,46,49,54,56,58,60,61,66,70,71,72,76,77,78,79,80,84,85,87,89,93,94,95,30,11,48,27,24,17,65,62,3,38,81,52,43,44,53,91,2,51,22,4,67,88,74,90,86,41,1,7,32,55,92,47,14,75,82,35,23,
2to 1:1,2,4,6,9,10,11,16,18,19,20,21,22,23,24,26,31,33,36,37,38,40,42,43,44,47,48,50,54,57,60,61,62,66,68,69,75,78,81,85,86,87,88,94,90,27,53,28,34,77,8,35,15,55,46,45,91,82,93,65,30,49,3,58,80,67,56,5,32,52,79,92,41,51,72,71,84,14,29,76,7,17,
2to 2:
2to 3:1,2,3,4,5,6,11,13,14,16,17,18,19,20,22,23,24,25,26,27,29,31,32,33,34,36,37,38,39,40,42,44,45,49,50,51,52,53,54,57,58,60,61,62,64,65,66,67,68,69,70,71,72,74,78,79,80,84,85,86,87,88,92,95,46,91,75,56,9,8,77,28,41,35,93,90,15,21,82,30,55,81,76,7,
2to 4:1,3,4,6,9,11,13,14,16,17,18,19,20,22,23,24,25,26,27,30,31,33,34,35,36,39,41,42,43,44,45,48,49,50,53,54,57,58,60,61,64,65,66,67,69,70,71,77,79,81,84,85,86,87,88,90,92,93,94,95,82,75,76,15,5,32,8,55,7,51,46,56,91,80,62,89,28,52,21,72,29,
2to 5:1,2,4,6,10,11,12,13,14,16,17,18,19,20,21,22,23,25,26,27,30,31,33,35,36,37,39,40,41,43,44,45,46,48,52,53,54,57,61,62,64,66,67,68,69,70,77,78,79,80,81,82,86,87,88,93,95,28,91,89,84,32,15,65,56,58,42,90,9,60,29,75,34,51,55,7,92,71,76,50,72,
2to 6:1,2,3,4,6,10,13,14,16,19,20,21,22,23,24,25,26,27,28,29,30,31,32,33,35,36,37,40,43,44,46,51,57,58,60,61,63,64,65,66,67,68,69,70,77,82,84,86,88,89,90,91,93,95,48,15,80,79,49,11,9,7,45,42,92,75,76,5,50,17,55,52,56,62,72,41,
2to 7:1,2,4,5,6,8,10,11,13,14,16,18,19,20,22,23,25,27,29,31,33,36,37,38,42,43,45,46,49,52,57,61,62,64,66,69,70,71,74,76,78,81,84,85,86,87,88,90,92,94,95,58,59,60,54,75,79,80,91,55,93,17,15,41,56,28,65,9,67,51,72,32,34,35,82,21,7,48,
3to 1:3,4,5,7,10,14,15,17,18,22,26,28,30,32,35,36,37,38,39,40,43,44,45,47,49,50,51,52,55,56,58,60,61,62,65,69,73,75,76,80,82,83,84,85,88,90,91,92,93,94,95,79,48,42,27,16,34,6,29,77,78,71,20,1,9,2,21,46,81,33,72,66,19,41,86,23,89,
3to 2:1,3,4,5,8,11,13,14,17,18,19,21,22,25,28,29,30,31,32,37,38,40,44,45,46,48,49,50,51,52,53,55,56,62,65,67,69,70,72,75,76,79,80,82,84,87,88,91,92,93,94,71,58,85,86,16,89,35,27,64,34,60,39,66,33,23,77,26,42,2,36,15,41,6,7,
3to 3:
3to 4:3,5,7,10,11,13,14,15,17,18,21,22,26,28,30,31,32,34,38,39,41,43,45,48,49,50,51,52,55,56,62,65,66,67,75,76,78,80,82,83,84,85,90,91,92,94,95,40,69,72,42,71,6,89,73,70,87,53,16,36,27,47,12,44,77,88,60,58,23,20,25,35,9,81,19,79,33,29,1,86,46,
3to 5:3,4,5,7,8,11,13,17,18,19,25,27,28,29,30,31,32,33,35,38,40,42,43,44,45,46,47,50,52,55,56,58,61,65,67,69,72,75,76,80,83,84,85,89,91,93,94,95,20,12,36,74,64,14,37,92,10,22,78,39,70,51,68,48,16,9,71,23,6,26,79,2,77,15,1,34,86,66,88,21,
3to 6:3,4,5,7,8,10,11,12,13,14,17,19,24,25,26,28,31,32,33,38,40,42,44,46,47,48,50,51,52,55,56,57,62,64,65,66,67,69,70,73,75,76,77,78,81,82,83,84,85,86,87,90,91,93,94,95,2,88,43,39,89,34,60,23,79,58,37,41,71,18,29,74,1,22,15,27,36,20,72,35,6,
3to 7:1,3,5,10,11,15,17,18,21,22,24,25,26,28,30,31,32,34,37,38,40,41,45,46,47,49,52,54,55,59,60,64,65,66,67,73,75,76,77,80,82,83,84,89,90,91,93,94,95,79,58,74,33,87,19,23,85,53,81,13,70,39,71,14,57,42,88,35,43,78,36,7,56,51,2,72,27,20,4,92,6,48,86,
4to 1:1,2,3,4,7,10,12,15,17,20,21,23,25,27,34,35,37,38,39,41,42,45,46,48,49,50,54,57,59,60,62,63,65,66,71,72,74,77,78,80,83,85,86,88,89,91,92,94,95,18,9,36,24,26,43,55,6,76,69,87,22,51,44,47,58,81,31,75,53,16,40,82,5,52,19,30,79,33,84,14,32,29,
4to 2:1,4,6,7,10,11,12,15,16,17,18,20,21,22,23,26,27,28,30,34,35,38,39,43,44,46,47,49,50,54,55,56,57,59,62,65,66,68,72,74,75,76,77,79,81,86,91,92,93,94,95,53,42,89,25,61,41,64,32,80,69,52,84,9,36,45,31,60,58,33,67,82,14,51,19,48,71,88,29,
4to 3:1,2,3,4,7,9,11,12,14,15,16,17,18,20,23,24,27,28,29,34,35,37,39,42,43,46,49,50,51,54,55,56,59,60,62,63,65,66,67,68,72,74,79,83,84,85,86,91,92,93,58,77,69,73,36,19,87,30,32,64,44,53,22,31,25,95,33,5,82,40,80,26,76,52,78,75,89,48,71,6,88,21,47,
4to 4:
4to 5:1,3,4,7,10,11,16,17,20,22,23,25,26,27,29,30,34,37,39,40,43,44,48,50,51,55,57,59,62,65,66,68,70,78,79,80,81,82,84,86,89,90,92,36,61,75,87,24,71,15,88,95,83,85,52,72,42,53,58,31,12,77,76,28,5,6,19,60,46,56,21,32,41,14,47,
4to 6:1,3,4,7,8,10,12,14,16,18,20,22,23,24,25,26,28,35,37,38,39,42,45,47,50,51,55,56,57,60,62,65,66,67,70,77,80,81,83,85,86,88,90,91,92,76,19,46,27,69,61,40,84,63,49,31,41,52,89,95,15,53,64,5,43,58,36,33,44,34,75,32,82,48,72,79,6,21,29,
4to 7:1,2,3,4,5,7,9,10,11,12,13,14,15,16,17,18,20,21,22,23,25,26,27,28,29,34,37,39,43,44,51,53,54,57,58,60,62,65,66,67,69,74,75,78,79,80,82,83,85,86,88,89,90,91,92,94,87,73,42,76,95,30,31,32,84,61,52,40,46,55,48,64,19,72,45,81,41,56,33,6,36,47,
5to 1:3,4,5,7,9,12,15,17,18,19,20,22,26,29,30,32,33,35,36,39,42,43,46,48,53,54,57,58,62,66,70,71,72,75,76,77,79,80,81,85,86,94,95,24,34,84,38,28,87,65,63,50,47,68,61,82,44,55,60,78,90,10,31,88,2,92,83,23,45,40,25,91,1,6,74,52,51,21,37,56,89,
5to 2:1,2,4,9,11,12,13,14,16,17,23,24,25,26,28,31,32,33,34,35,40,41,42,43,44,46,48,51,54,57,58,60,62,67,70,76,77,79,81,82,84,86,87,89,94,38,10,71,64,15,56,30,53,66,7,50,6,95,61,65,72,68,8,19,37,92,45,85,55,78,80,20,27,52,91,22,36,29,88,75,21,
5to 3:1,4,5,8,9,10,11,13,15,16,17,21,32,33,35,37,38,41,42,44,45,46,47,48,52,53,54,57,58,62,70,73,74,75,76,77,78,79,82,88,90,93,95,31,80,36,87,22,23,27,65,12,89,67,72,85,39,63,34,2,71,83,19,7,24,86,50,40,43,25,29,60,55,92,30,20,28,66,84,14,6,56,
5to 4:1,2,3,4,5,7,11,13,14,15,16,17,20,21,22,24,25,26,27,32,33,34,35,36,38,40,41,42,43,44,48,54,56,57,58,62,65,67,69,73,75,76,77,79,80,81,83,84,85,86,94,95,50,12,64,30,90,63,28,53,10,61,93,68,31,52,47,19,45,74,51,82,39,89,6,37,46,29,72,23,60,66,92,88,71,
5to 5:
5to 6:2,3,5,7,9,13,16,17,18,21,26,29,31,32,33,34,35,40,41,42,43,44,45,46,48,52,53,58,60,61,62,70,71,72,75,76,77,79,81,82,87,93,95,12,80,37,89,67,22,55,66,38,63,83,14,88,36,50,94,64,28,10,68,6,57,51,15,85,23,39,56,1,19,25,90,27,84,20,4,65,47,86,
5to 7:1,3,4,5,9,10,11,12,13,15,16,17,20,21,23,25,28,31,32,33,34,35,38,40,41,42,43,44,46,47,48,54,57,58,59,60,61,62,65,67,70,75,76,77,78,79,81,82,84,85,90,91,94,37,39,87,22,64,30,80,19,7,56,88,95,55,45,74,14,83,92,26,2,29,86,72,27,66,52,36,51,89,71,6,
6to 1:3,4,5,6,9,14,15,16,17,19,21,22,24,26,27,28,29,30,31,33,36,37,39,40,43,44,46,47,49,51,53,56,57,60,65,66,72,75,78,79,82,83,85,86,87,88,91,93,95,59,1,68,84,35,61,92,2,42,45,20,34,81,50,10,52,58,70,55,90,89,48,71,80,18,41,62,76,23,
6to 2:3,7,10,13,14,15,18,19,20,21,22,25,27,29,36,37,39,40,43,44,46,49,50,51,52,53,56,57,60,61,64,66,70,71,75,77,79,82,85,86,89,93,55,31,1,91,41,94,54,72,24,68,2,88,28,58,42,45,5,90,80,34,33,48,84,67,35,62,32,81,17,65,6,23,76,
6to 3:1,3,5,7,9,11,14,21,22,23,25,26,27,30,31,32,36,39,40,43,44,46,47,48,49,50,51,53,56,57,58,60,64,66,68,69,70,71,72,75,77,78,83,85,86,87,88,89,91,92,93,6,45,34,94,74,15,52,65,33,67,55,80,79,2,28,42,18,37,76,19,35,20,41,17,84,
6to 4:3,5,11,12,13,15,16,19,20,21,22,23,25,27,28,29,31,32,33,37,39,40,42,43,44,45,46,47,50,51,53,55,56,58,60,62,64,65,66,71,72,75,76,77,79,82,83,85,86,87,91,93,95,24,94,67,34,18,6,57,59,84,36,88,92,89,80,1,41,52,48,35,17,14,
6to 5:3,5,7,10,11,12,13,14,15,18,19,21,22,23,25,27,29,33,36,39,40,43,46,47,48,50,51,53,56,60,62,64,65,66,68,69,74,75,76,77,78,79,81,84,85,87,92,95,55,2,52,90,24,61,35,6,94,63,57,42,31,37,88,20,58,71,34,93,83,1,80,72,32,17,41,89,
6to 6:
6to 7:3,5,7,9,10,11,13,15,18,19,21,22,23,25,26,31,32,36,39,42,43,46,47,51,52,56,57,60,62,64,65,66,70,72,75,76,77,78,81,82,85,86,87,91,92,93,95,45,63,89,80,67,34,94,1,24,33,58,8,88,28,84,35,49,71,83,48,55,2,41,27,37,79,20,6,17,
7to 1:1,2,5,6,7,9,10,12,13,14,16,18,19,21,22,26,27,28,29,31,37,40,41,42,43,44,46,47,51,53,55,56,58,60,63,65,66,69,73,76,77,78,79,82,83,84,86,87,89,90,91,93,94,67,92,23,32,33,20,49,74,15,71,54,80,4,85,45,57,95,36,30,3,17,39,35,34,48,72,75,81,88,52,
7to 2:1,2,4,5,6,8,14,21,22,23,25,26,28,36,37,40,41,42,43,51,53,55,56,58,61,62,64,65,66,69,71,77,78,80,82,85,86,87,94,95,91,30,3,52,84,13,79,11,75,67,54,29,57,81,27,49,33,60,92,74,45,90,15,39,34,72,19,7,76,88,17,35,46,32,20,48,
7to 3:2,4,5,6,7,8,11,12,13,14,15,16,17,21,25,26,28,29,31,33,36,40,41,42,43,44,45,47,48,51,53,55,56,60,62,64,65,66,69,71,76,77,78,79,80,82,83,87,89,90,91,94,95,35,22,49,54,85,92,58,38,3,88,59,27,39,93,84,23,67,32,52,19,86,37,75,72,20,
7to 4:1,3,4,5,6,9,11,12,16,17,24,35,36,37,39,40,41,42,43,46,47,49,53,54,55,57,58,62,63,65,66,75,77,78,80,82,83,86,87,89,91,92,94,48,31,23,13,85,71,7,33,95,30,32,19,26,88,67,28,74,34,27,72,84,76,15,56,60,20,52,79,29,
7to 5:1,4,6,7,9,10,11,12,14,15,16,21,22,23,25,26,28,31,33,35,36,37,40,41,42,43,44,46,47,51,52,53,55,56,61,62,63,65,66,68,71,75,76,77,78,81,82,83,85,86,87,90,91,93,94,45,38,27,39,84,3,57,80,13,8,58,70,64,79,30,29,95,34,88,60,32,74,72,92,19,17,48,20,89,
7to 6:1,4,5,11,14,18,22,24,26,28,31,32,34,35,37,40,41,42,43,44,46,47,48,49,51,53,55,56,62,63,64,65,66,67,69,73,75,76,79,82,83,85,86,87,89,90,91,70,20,17,95,59,13,45,81,88,36,15,57,58,60,3,33,23,93,92,2,39,80,84,19,6,52,7,72,
7to 7:

cell1:6,4,2,5,3,7,
cell2:7,4,6,1,5,3,
cell3:4,7,1,6,5,2,
cell4:3,1,2,5,6,7,
cell5:1,6,3,2,7,4,
cell6:4,1,7,5,3,2,
cell7:2,6,1,5,3,4,
