machine1:0,58,5,2,50,44,12,81,48,24,53,22,86,18,79,71,19,90,94,51,56,34,38,41,37,72,1,66,78,45,23,68,29,74,65,55,54,15,26,87,80,84,49,30,16,76,93,52,46,10,21,4,3,43,85,77,14,35,95,75,9,82,60,8,59,6,32,
machine2:0,58,5,91,2,50,12,81,48,22,70,86,7,18,79,71,19,90,51,41,37,13,42,72,1,66,78,92,23,68,29,65,88,39,54,27,15,87,11,20,84,49,33,30,16,93,46,21,28,4,3,43,77,14,35,75,9,89,36,82,25,60,40,8,83,6,32,
machine3:0,58,91,2,31,44,73,81,48,67,22,70,86,7,18,79,71,19,94,51,38,41,37,42,72,1,66,92,45,23,29,74,57,55,88,17,39,27,15,87,11,20,84,33,30,16,76,93,52,21,4,3,85,77,14,47,35,89,82,60,40,83,59,6,32,
machine4:0,91,2,50,31,44,73,48,24,53,70,86,7,18,71,19,90,51,34,41,1,66,78,92,45,23,68,29,74,65,57,88,17,27,62,26,80,20,84,49,61,33,30,16,76,52,10,21,28,4,3,43,85,63,47,35,75,82,6,32,
machine5:0,5,2,50,44,12,81,48,67,70,86,7,18,71,90,94,56,34,41,37,72,1,66,92,45,29,65,55,17,69,54,27,15,62,26,80,20,84,49,76,93,52,46,10,21,4,3,77,14,63,47,35,95,75,9,36,82,25,60,40,6,
machine6:0,58,2,50,31,44,48,67,86,7,18,79,71,19,94,51,56,34,38,41,37,42,72,1,66,92,23,29,74,65,55,88,17,69,54,62,80,11,20,84,61,33,30,16,76,93,46,28,4,85,35,75,9,36,60,6,
machine7:0,58,5,91,2,50,81,48,53,70,7,19,90,51,56,34,41,37,42,72,1,66,78,92,45,68,29,57,55,88,39,54,15,62,26,80,11,20,84,49,61,30,16,93,21,28,4,43,77,35,75,9,36,82,25,60,40,8,32,
machine8:0,91,2,50,31,44,12,48,53,22,86,7,79,71,19,94,34,41,37,64,13,72,45,23,68,29,57,55,88,17,27,15,26,87,80,20,84,49,61,33,16,52,46,21,4,3,14,35,95,75,89,82,25,60,32,
machine9:0,58,50,31,81,24,67,22,86,7,79,19,90,51,56,38,41,13,42,72,1,66,78,92,45,23,68,29,65,57,55,88,17,39,26,80,11,84,49,61,33,30,76,21,43,85,77,14,35,95,75,89,36,25,60,8,6,32,
machine10:0,58,5,2,31,81,48,67,22,70,86,79,71,90,51,56,38,41,64,42,1,66,45,23,29,65,55,88,17,69,54,27,62,11,84,76,93,52,46,10,21,3,14,9,89,36,82,60,40,8,59,6,
machine11:0,91,50,31,44,81,48,24,67,53,86,7,79,71,90,51,56,41,13,42,1,66,78,92,68,65,57,17,69,54,27,15,62,80,84,61,33,30,76,52,46,10,21,28,77,14,63,47,35,95,75,9,89,36,82,25,60,8,32,
machine12:0,58,5,91,2,50,31,44,73,12,81,48,67,53,22,86,7,18,79,71,19,90,94,51,56,34,38,41,37,64,13,72,1,66,78,92,45,23,68,29,74,55,88,17,69,39,27,15,62,87,80,11,20,84,49,61,33,30,76,93,52,46,21,28,4,3,85,77,14,63,47,35,95,75,9,89,36,82,25,60,40,8,83,59,6,32,
machine13:0,58,5,91,2,50,31,44,73,12,81,48,24,67,22,70,86,7,18,79,71,19,90,94,51,56,34,38,41,37,64,13,42,72,1,66,78,92,45,23,68,29,65,57,55,88,17,69,39,54,27,15,62,26,87,80,11,20,84,49,33,30,16,76,93,52,46,10,21,4,3,43,85,77,14,47,35,95,75,9,89,36,82,25,60,40,83,59,6,32,
machine14:0,58,5,91,50,31,44,73,12,81,48,24,67,53,22,86,7,18,79,71,19,94,51,56,34,41,37,64,13,42,72,1,66,92,45,23,68,29,74,65,57,55,88,17,69,39,54,27,15,62,26,80,11,20,84,49,61,33,30,16,76,93,52,46,10,21,28,4,3,43,85,77,14,63,47,35,95,75,9,89,36,82,25,60,40,83,6,32,
machine15:0,58,5,2,50,31,44,73,12,81,48,67,53,22,70,86,7,18,79,19,90,51,56,34,38,41,64,72,1,66,78,92,23,68,29,65,57,55,88,17,69,39,27,15,62,26,87,80,11,20,84,49,61,33,30,16,76,93,52,46,21,28,4,3,43,85,77,14,63,47,35,95,75,9,89,36,82,25,60,8,83,59,6,32,
machine16:0,58,5,2,50,31,44,73,12,81,48,24,53,22,70,86,7,79,71,19,90,51,56,34,38,41,37,64,13,42,72,1,66,78,92,23,68,29,74,65,57,88,17,39,27,15,62,26,87,80,11,20,84,61,33,30,52,46,10,21,4,3,43,77,14,63,47,35,95,75,9,89,36,82,60,40,8,83,6,32,
machine17:0,58,91,2,50,31,44,12,81,48,67,53,22,70,86,7,79,71,19,90,94,51,56,34,38,41,37,13,42,72,1,66,78,92,45,23,68,29,74,57,55,88,17,39,54,27,15,62,26,87,20,84,16,76,52,46,21,28,3,43,85,14,63,35,95,75,9,89,36,82,25,60,83,59,6,32,
machine18:0,58,2,50,31,44,12,81,48,24,67,22,86,7,18,79,19,94,51,56,34,41,37,64,13,42,72,1,66,78,92,45,23,29,74,65,55,88,17,69,39,27,15,62,26,87,80,11,20,84,33,30,16,76,93,52,10,21,28,4,3,43,85,77,14,47,35,95,75,9,89,36,82,25,60,40,8,83,6,32,
machine19:0,58,5,91,2,50,31,44,73,81,48,24,67,53,22,70,86,7,18,79,19,90,94,51,56,34,41,37,64,42,72,1,66,78,92,45,23,29,74,65,57,55,88,17,69,39,27,15,62,26,87,11,20,84,49,61,33,16,76,93,52,46,10,21,28,4,3,43,85,77,14,47,35,75,9,89,36,82,25,60,40,83,59,6,32,
machine20:0,58,5,91,2,50,31,44,12,48,24,67,22,70,7,18,79,71,19,90,51,56,34,38,41,37,64,13,42,72,1,66,78,45,23,68,29,74,65,57,55,88,17,69,39,54,27,15,62,26,87,80,20,84,49,61,33,30,76,93,46,10,21,28,4,43,77,14,63,47,35,95,75,9,89,36,25,60,40,8,83,6,32,
machine21:0,58,5,91,31,73,12,48,24,67,22,86,7,79,19,90,94,51,56,34,38,41,64,42,72,1,66,78,92,45,23,29,74,65,57,55,88,17,69,39,54,27,62,26,87,80,11,20,84,49,61,33,30,16,76,93,52,46,21,28,4,3,43,77,14,63,47,35,95,75,89,36,82,25,60,40,8,83,59,6,32,
machine22:0,58,5,2,12,81,48,24,67,53,22,70,86,7,79,71,19,90,94,51,56,34,41,37,64,13,42,72,78,92,45,23,29,65,57,55,88,17,39,15,62,26,87,80,11,20,84,33,30,76,93,52,46,10,21,28,4,3,43,85,14,35,95,9,89,36,82,25,60,40,8,59,6,32,
machine23:0,58,5,91,2,31,44,73,81,48,67,53,22,86,7,18,79,71,19,94,51,56,38,41,37,64,13,42,72,1,66,78,92,45,23,68,29,74,65,57,55,88,17,39,54,27,62,87,11,20,84,49,61,33,30,76,93,52,46,21,4,3,43,85,14,63,47,35,95,75,89,36,82,60,6,

1to 1:
1to 2:4,5,6,7,8,10,11,13,15,16,17,18,19,20,23,26,28,29,31,34,36,37,38,42,45,48,54,55,56,57,58,60,65,68,70,71,72,74,76,78,84,86,87,51,66,41,67,59,1,61,52,92,50,79,24,77,27,91,14,88,30,80,82,22,35,43,81,44,9,49,33,2,62,21,93,46,75,32,
1to 3:4,5,7,8,9,15,16,17,19,21,23,25,26,27,28,29,31,36,37,38,39,40,41,45,46,48,54,55,56,57,58,63,65,66,68,69,70,71,74,76,81,84,85,90,95,18,89,49,3,73,78,11,82,86,14,94,91,1,44,62,12,59,43,60,53,51,22,34,33,75,77,30,80,67,50,79,93,35,52,2,32,47,72,6,20,88,
1to 4:3,4,5,7,12,13,15,16,17,18,19,20,23,25,26,28,29,37,39,40,41,45,46,48,54,55,56,57,58,59,60,63,65,66,71,74,76,78,79,80,83,85,86,87,89,90,93,95,81,82,62,52,73,49,34,32,24,47,11,67,50,35,44,30,77,88,75,33,22,27,1,92,6,14,72,84,21,
1to 5:3,6,7,10,12,13,15,16,17,18,19,22,23,25,27,31,33,36,37,40,41,42,45,48,51,55,56,57,58,60,62,65,66,69,70,71,72,75,76,77,78,83,85,86,87,89,93,95,67,1,68,44,61,81,14,90,92,52,21,4,88,94,24,11,59,28,35,30,43,34,82,80,50,32,84,2,46,29,20,47,79,
1to 6:2,5,7,10,13,14,15,16,17,19,20,22,23,26,27,29,30,31,32,33,35,36,37,39,41,42,43,45,46,47,55,56,57,58,60,63,65,70,76,84,85,86,87,89,91,95,79,90,80,62,67,8,77,21,88,24,61,6,12,74,18,11,3,44,52,34,49,92,71,66,93,81,50,1,4,75,48,72,
1to 7:5,9,10,15,16,17,18,19,21,25,26,27,29,34,37,39,41,42,45,46,51,54,55,56,58,60,65,66,70,71,74,76,77,78,79,80,84,85,87,89,93,94,95,30,11,48,24,38,62,3,33,81,20,61,43,44,53,91,49,2,52,22,88,4,67,72,90,32,1,86,7,14,92,75,82,35,47,6,23,
2to 1:1,4,6,9,10,11,15,16,18,19,20,21,22,23,24,26,31,33,37,38,40,42,43,44,45,47,50,54,57,60,61,62,66,68,69,75,80,81,85,86,87,88,91,94,90,53,28,34,77,27,8,36,35,49,55,46,93,30,65,58,82,3,78,5,67,56,32,52,92,79,41,2,51,72,48,71,84,14,76,7,17,29,
2to 2:
2to 3:1,2,3,4,5,6,11,13,14,15,16,17,18,20,21,22,23,24,25,26,29,31,32,33,34,36,37,38,40,42,44,45,49,50,51,52,53,54,57,58,60,61,62,64,66,68,69,70,71,72,74,79,80,84,85,86,87,92,95,39,91,46,75,56,67,9,76,8,77,78,28,41,35,93,90,88,30,82,55,81,19,65,27,7,
2to 4:1,3,4,6,9,11,13,14,15,16,17,18,20,21,22,23,24,25,26,27,30,31,33,34,35,41,42,43,44,45,49,50,53,54,57,58,60,61,66,67,69,70,71,77,79,81,84,85,86,87,90,92,93,94,95,82,48,72,75,88,5,76,64,32,8,7,51,55,46,80,56,36,91,19,62,89,28,39,52,65,29,
2to 5:1,2,4,6,10,11,12,13,14,15,16,17,18,19,20,21,22,23,25,26,30,31,33,35,37,40,41,43,44,45,46,48,52,53,54,57,61,62,66,67,68,69,70,77,78,79,80,81,82,86,87,93,95,91,28,39,89,84,64,32,56,36,65,58,42,90,9,60,75,34,27,88,51,29,55,92,7,71,76,50,72,
2to 6:1,3,4,6,10,13,14,15,16,19,20,21,22,23,24,25,26,28,29,30,31,32,33,35,36,37,40,43,44,45,46,48,49,50,51,58,60,61,63,64,66,68,69,70,77,82,84,86,89,90,91,93,95,67,27,80,79,11,76,9,7,42,92,57,65,88,75,5,2,17,55,52,56,62,72,41,
2to 7:1,2,4,5,6,8,10,11,13,14,16,18,20,21,22,23,25,27,29,31,33,37,38,42,43,45,46,48,49,52,57,61,62,64,66,69,70,71,74,76,81,84,85,86,87,88,90,91,92,94,95,58,59,60,54,80,75,79,17,65,55,93,15,41,19,56,28,78,9,32,67,36,51,72,34,35,82,7,
3to 1:3,4,7,10,14,15,17,18,22,23,26,27,28,30,32,35,36,37,38,39,40,43,44,45,47,50,51,52,55,56,60,61,62,66,69,72,73,79,80,83,84,85,90,91,92,94,95,48,42,5,16,82,58,34,49,6,77,78,29,65,71,20,9,2,75,1,76,93,88,21,33,46,81,19,41,89,86,
3to 2:1,3,4,5,8,11,13,14,17,18,22,25,27,28,29,30,32,37,38,40,41,44,45,46,48,50,51,52,53,56,62,64,66,67,69,70,72,75,79,80,82,84,85,87,91,92,93,94,71,31,55,49,16,89,35,58,34,60,39,21,77,15,88,26,42,2,65,36,19,33,23,6,76,7,86,
3to 3:
3to 4:3,7,10,11,12,13,14,15,17,18,22,23,26,27,28,30,31,32,34,38,39,41,43,44,45,48,50,51,52,53,55,56,62,66,67,72,73,78,79,80,82,83,84,85,88,90,91,92,94,95,40,69,75,42,71,65,6,89,70,87,16,36,47,77,5,58,60,25,20,19,9,35,49,81,33,1,76,29,86,46,21,
3to 5:3,4,5,7,8,11,12,13,14,17,18,19,25,27,28,29,30,32,33,35,37,38,40,42,43,44,45,46,47,50,52,55,56,61,64,65,66,67,69,72,76,79,80,83,84,85,89,91,92,94,95,75,20,36,74,31,10,70,78,22,39,68,16,51,48,9,58,71,23,26,6,77,93,2,88,15,86,1,34,21,
3to 6:3,4,7,8,10,11,12,13,14,17,18,24,25,26,27,28,31,32,33,37,38,40,42,44,46,47,48,50,51,52,55,56,57,62,64,65,66,67,69,70,72,73,77,78,79,81,82,83,84,85,86,87,90,91,93,95,5,2,43,39,89,94,34,60,58,71,41,74,1,29,22,15,88,36,19,76,23,20,75,35,6,
3to 7:1,3,5,6,10,11,14,15,17,18,22,24,25,26,27,28,30,31,32,37,38,40,41,45,46,47,49,52,53,54,59,60,64,66,67,72,73,75,77,79,80,82,83,84,85,86,88,89,90,92,94,95,91,74,87,33,19,58,34,93,13,23,81,70,39,71,57,42,43,76,35,78,36,7,2,51,55,4,20,65,21,56,48,
4to 1:1,2,3,4,5,7,10,12,15,17,20,21,23,25,27,34,35,37,38,41,42,45,46,48,50,53,54,57,59,62,63,65,66,71,74,77,78,80,83,85,86,87,91,92,94,95,24,9,36,18,26,43,55,6,76,69,44,22,51,58,81,33,31,47,16,75,40,82,52,49,30,19,79,32,39,60,84,14,72,88,89,29,
4to 2:1,4,7,9,10,11,12,15,16,17,18,20,21,22,23,26,27,28,30,34,38,41,43,44,46,47,49,50,53,54,55,57,59,61,62,66,68,74,75,76,77,79,80,81,86,91,92,93,94,95,56,42,65,25,89,33,64,69,84,36,45,31,52,32,58,60,35,67,39,72,82,51,14,88,19,6,48,71,29,
4to 3:1,2,3,4,5,7,9,11,12,14,15,16,17,20,23,27,28,29,34,35,37,42,43,46,47,49,50,51,52,53,54,55,59,62,63,65,66,68,77,79,80,83,84,85,86,87,91,92,93,58,69,73,36,19,18,67,30,64,44,33,31,22,24,25,60,6,95,32,40,39,82,88,74,26,78,76,75,89,72,48,71,56,21,
4to 4:
4to 5:1,3,4,5,7,10,11,12,16,17,20,22,23,25,26,27,28,30,34,37,40,41,43,44,47,48,50,51,53,55,57,59,61,62,65,66,68,77,78,79,80,81,82,84,86,87,89,90,92,36,39,75,24,15,95,83,85,42,52,72,70,58,71,31,88,76,60,46,19,32,6,56,21,14,29,
4to 6:1,3,4,5,7,8,10,12,14,16,20,22,23,24,25,26,27,28,33,35,37,38,42,45,47,50,51,53,55,57,61,62,66,77,80,81,83,85,86,90,91,92,70,76,46,69,89,49,63,40,84,31,41,95,64,52,88,15,58,67,60,43,36,44,34,75,39,18,65,32,82,19,56,6,48,72,79,21,29,
4to 7:1,2,3,4,5,7,9,10,11,12,13,14,15,16,17,18,20,21,22,23,25,26,27,28,29,34,37,39,41,43,44,47,51,53,54,57,58,61,62,65,66,67,69,75,78,79,80,82,83,85,86,87,88,89,90,91,92,94,73,42,76,95,30,31,32,84,52,40,46,56,64,55,60,48,45,74,19,72,81,33,6,36,
5to 1:3,4,5,6,7,9,12,15,17,18,19,20,22,24,26,29,30,32,33,34,35,39,42,43,46,47,48,53,54,55,57,62,63,65,66,70,71,72,75,76,77,78,79,80,81,82,85,86,89,90,94,95,38,28,87,50,68,88,61,44,2,10,60,31,58,92,45,83,40,25,91,1,74,84,23,51,52,21,36,37,56,
5to 2:1,4,6,7,11,12,13,14,16,17,23,24,25,26,27,28,30,31,32,33,34,35,40,41,42,43,44,46,51,54,57,58,60,62,65,67,70,72,76,77,78,79,80,81,82,86,87,89,94,95,2,38,52,10,71,64,15,53,66,50,55,68,9,48,61,8,19,37,45,92,85,84,91,56,22,36,20,75,29,88,21,
5to 3:1,4,5,6,7,8,9,10,11,13,15,16,17,21,24,27,30,32,33,34,37,38,39,41,42,43,44,45,46,47,48,50,52,53,54,55,57,62,63,65,67,70,72,73,74,75,76,77,78,79,80,82,90,93,95,31,36,87,22,23,12,89,85,2,88,83,71,19,58,25,40,20,60,29,92,28,35,66,14,56,86,84,
5to 4:1,2,3,4,5,7,11,13,15,16,17,21,22,23,24,25,26,27,30,32,33,34,35,38,39,40,41,42,43,44,46,47,48,50,54,56,57,62,63,65,67,69,72,73,75,76,77,79,80,81,82,83,85,86,90,94,95,12,64,58,10,28,53,20,61,68,93,31,45,74,19,51,52,6,89,37,29,60,36,66,92,84,88,71,14,
5to 5:
5to 6:2,3,4,5,7,9,13,16,17,18,21,26,27,29,31,32,33,34,35,39,40,41,42,43,44,45,46,47,50,53,57,60,61,62,63,65,67,70,71,72,75,76,77,79,80,81,82,87,90,93,94,95,12,37,22,55,66,38,15,83,14,23,10,64,28,56,68,36,51,58,85,88,25,1,19,6,48,84,20,89,52,86,
5to 7:1,3,4,5,7,9,10,11,12,13,15,16,17,21,23,25,27,28,30,31,33,34,35,38,39,40,41,42,43,44,46,47,48,54,55,57,59,60,61,62,65,67,70,72,75,76,77,78,79,80,81,82,85,86,90,91,94,95,37,87,22,84,64,58,19,56,45,74,83,14,26,92,2,88,29,66,52,36,51,89,71,6,32,20,
6to 1:1,3,4,5,6,9,14,16,17,19,21,22,24,26,27,28,30,31,33,34,36,37,39,43,46,47,49,51,53,55,56,57,58,60,65,66,75,78,79,81,82,83,85,87,91,93,95,59,44,84,68,61,92,2,42,45,20,10,50,15,70,52,90,35,40,89,80,71,48,18,41,62,29,72,86,88,76,23,
6to 2:1,3,6,7,10,13,14,15,17,18,19,20,21,22,25,27,29,31,32,33,35,37,39,40,43,46,49,50,52,53,55,56,57,58,60,61,64,66,70,71,75,77,79,81,82,88,89,93,86,51,91,94,54,85,24,72,68,41,2,44,28,45,5,42,80,90,34,67,48,36,62,65,84,23,76,
6to 3:1,3,6,7,9,11,14,17,20,22,23,25,26,27,30,31,32,33,36,39,40,43,44,46,47,48,49,50,51,53,56,57,58,60,64,68,69,70,71,75,78,80,83,84,85,86,87,88,89,91,92,93,77,34,45,94,74,52,65,67,15,79,18,72,2,28,5,42,55,37,66,76,21,19,35,41,
6to 4:1,3,11,13,16,17,19,20,22,23,25,27,28,31,32,33,34,36,37,39,42,43,45,47,50,51,53,56,58,60,62,64,65,66,71,75,76,77,79,82,83,85,86,87,88,91,93,95,24,94,67,5,18,15,12,57,6,59,40,80,84,55,92,89,41,44,72,46,52,48,35,21,14,29,
6to 5:1,3,5,7,10,11,13,14,17,19,22,25,27,31,32,33,39,40,43,46,47,48,50,53,56,58,60,62,64,65,66,68,69,74,75,76,78,79,81,84,85,87,88,92,93,95,2,52,90,24,51,61,12,35,63,94,6,57,55,42,20,15,77,37,21,34,71,83,29,80,72,18,36,23,41,89,
6to 6:
6to 7:1,3,5,7,9,10,11,13,15,17,19,22,23,25,26,31,32,33,34,36,39,42,43,46,47,52,55,56,57,58,60,62,64,65,70,75,76,77,78,81,82,87,91,92,93,95,45,66,18,63,84,89,67,79,94,85,24,88,8,28,80,35,51,49,71,83,48,2,72,41,27,37,21,20,6,86,
7to 1:1,2,5,6,9,10,12,13,14,16,18,19,21,22,26,27,28,29,31,32,35,36,37,39,40,41,42,43,44,46,47,48,51,52,55,56,58,60,69,73,76,77,79,83,84,86,87,88,89,90,91,93,94,67,92,66,63,81,65,33,20,23,49,54,74,15,71,82,80,78,85,45,57,95,53,30,7,3,4,17,34,72,75,
7to 2:1,4,5,6,8,14,19,21,22,23,25,26,28,32,35,36,37,39,40,42,43,51,52,55,56,62,64,69,71,77,80,82,85,86,87,88,94,95,91,30,3,84,53,13,79,11,75,67,54,29,57,61,58,65,27,81,49,33,60,92,45,74,72,78,90,15,41,34,2,7,76,17,66,46,20,48,
7to 3:4,5,6,8,11,12,13,14,15,16,17,19,21,25,26,28,29,31,33,35,36,40,42,44,45,47,48,51,56,60,62,64,69,71,76,77,78,79,80,82,83,87,88,89,90,91,93,94,95,22,54,49,85,92,65,38,58,7,3,2,53,59,27,66,43,84,39,23,67,55,32,52,37,86,75,20,41,72,
7to 4:1,3,5,6,9,11,12,16,17,19,24,35,36,37,39,40,42,43,46,47,48,49,52,53,54,55,57,62,65,72,75,77,78,80,86,87,88,89,91,92,94,31,13,7,63,71,41,85,33,95,23,58,4,30,32,26,67,74,28,34,82,27,66,83,15,76,79,60,56,20,84,29,
7to 5:1,6,9,10,11,12,14,15,16,21,22,23,25,26,28,31,33,35,36,39,40,42,43,44,46,47,51,52,56,61,62,65,66,68,70,71,75,76,77,78,82,83,85,86,87,88,90,91,93,94,45,38,27,81,84,63,13,3,57,80,53,8,7,37,58,64,95,79,30,29,34,72,60,74,19,55,41,4,32,92,48,20,89,17,
7to 6:1,2,5,11,14,22,26,28,31,32,34,35,36,39,40,42,43,44,46,47,48,49,51,55,56,62,63,64,69,70,73,75,76,79,82,83,85,86,87,88,89,90,91,93,19,20,17,95,24,59,13,72,45,81,67,41,53,57,15,58,66,37,60,3,18,33,92,80,23,84,4,52,65,6,7,
7to 7:

cell1:6,2,5,4,3,7,
cell2:7,4,6,5,3,1,
cell3:4,6,7,5,2,1,
cell4:1,3,6,5,2,7,
cell5:6,2,3,7,1,4,
cell6:1,7,4,3,5,2,
cell7:2,1,6,5,3,4,
