machine1:0,58,5,2,50,44,12,81,48,24,53,22,86,18,79,71,19,51,90,94,56,34,38,41,37,72,1,66,78,45,23,68,29,74,65,55,54,15,26,87,80,84,49,30,16,93,52,46,10,21,4,3,43,85,6,77,14,35,95,76,75,9,82,60,8,59,32,
machine2:0,58,5,91,2,50,12,81,48,22,70,86,7,18,79,71,19,51,90,41,37,13,42,72,1,66,78,92,23,68,29,65,88,39,54,15,27,87,11,20,84,49,33,30,16,93,46,21,28,4,3,43,6,77,14,35,75,9,89,36,82,25,60,40,8,83,32,
machine3:0,58,91,2,31,44,73,81,48,67,22,70,86,7,18,79,71,19,51,94,38,41,37,42,72,1,66,92,45,23,29,74,57,55,88,17,39,15,27,87,11,20,84,33,30,16,93,52,21,4,3,85,6,77,14,47,35,76,89,82,60,40,83,59,32,
machine4:0,91,2,50,31,44,73,48,24,53,70,86,7,18,71,19,51,90,34,41,1,66,78,92,45,23,68,29,74,65,57,88,17,27,62,26,80,20,84,49,61,33,30,16,52,10,21,28,4,3,43,85,6,63,47,35,76,75,82,32,
machine5:0,5,2,50,44,12,81,48,67,70,86,7,18,71,90,94,56,34,41,37,72,1,66,92,45,29,65,55,17,69,54,15,27,62,26,80,20,84,49,93,52,46,10,21,4,3,6,77,14,63,47,35,95,76,75,9,36,82,25,60,40,
machine6:0,58,2,50,31,44,48,67,86,7,18,79,71,19,51,94,56,34,38,41,37,42,72,1,66,92,23,29,74,65,55,88,17,69,54,62,80,11,20,84,61,33,30,16,93,46,28,4,85,6,35,76,75,9,36,60,
machine7:0,58,5,91,2,50,81,48,53,70,7,19,51,90,56,34,41,37,42,72,1,66,78,92,45,68,29,57,55,88,39,54,15,62,26,80,11,20,84,49,61,30,16,93,21,28,4,43,77,35,75,9,36,82,25,60,40,8,32,
machine8:0,91,2,50,31,44,12,48,53,22,86,7,79,71,19,94,34,41,37,64,13,72,45,23,68,29,57,55,88,17,15,27,26,87,80,20,84,49,61,33,16,52,46,21,4,3,14,35,95,75,89,82,25,60,32,
machine9:0,58,50,31,81,67,24,22,86,7,79,19,51,90,56,38,41,13,42,72,1,66,78,92,45,23,68,29,65,57,55,88,17,39,26,80,11,84,49,61,33,30,21,43,85,6,77,14,35,95,76,75,89,36,25,60,8,32,
machine10:0,58,5,2,31,81,48,67,22,70,86,79,71,51,90,56,38,41,64,42,1,66,45,23,29,65,55,88,17,69,54,27,62,11,84,93,52,46,10,21,3,6,14,76,9,89,36,82,60,40,8,59,
machine11:0,91,50,31,44,81,48,67,24,53,86,7,79,71,51,90,56,41,13,42,1,66,78,92,68,65,57,17,69,54,15,27,62,80,84,61,33,30,52,46,10,21,28,77,14,63,47,35,95,76,75,9,89,36,82,25,60,8,32,
machine12:0,58,5,91,2,50,31,44,73,12,81,48,67,53,22,86,7,18,79,71,19,51,90,94,56,34,38,41,37,64,13,72,1,66,78,92,45,23,68,29,74,55,88,17,69,39,15,27,62,87,80,11,20,84,49,61,33,30,93,52,46,21,28,4,3,85,6,77,14,63,47,35,95,76,75,9,89,36,82,25,60,40,8,83,59,32,
machine13:0,58,5,91,2,50,31,44,73,12,81,48,67,24,22,70,86,7,18,79,71,19,51,90,94,56,34,38,41,37,64,13,42,72,1,66,78,92,45,23,68,29,65,57,55,88,17,69,39,54,15,27,62,26,87,80,11,20,84,49,33,30,16,93,52,46,10,21,4,3,43,85,6,77,14,47,35,95,76,75,9,89,36,82,25,60,40,83,59,32,
machine14:0,58,5,91,50,31,44,73,12,81,48,67,24,53,22,86,7,18,79,71,19,51,94,56,34,41,37,64,13,42,72,1,66,92,45,23,68,29,74,65,57,55,88,17,69,39,54,15,27,62,26,80,11,20,84,49,61,33,30,16,93,52,46,10,21,28,4,3,43,85,6,77,14,63,47,35,95,76,75,9,89,36,82,25,60,40,83,32,
machine15:0,58,5,2,50,31,44,73,12,81,48,67,53,22,70,86,7,18,79,19,51,90,56,34,38,41,64,72,1,66,78,92,23,68,29,65,57,55,88,17,69,39,15,27,62,26,87,80,11,20,84,49,61,33,30,16,93,52,46,21,28,4,3,43,85,6,77,14,63,47,35,95,76,75,9,89,36,82,25,60,8,83,59,32,
machine16:0,58,5,2,50,31,44,73,12,81,48,24,53,22,70,86,7,79,71,19,51,90,56,34,38,41,37,64,13,42,72,1,66,78,92,23,68,29,74,65,57,88,17,39,15,27,62,26,87,80,11,20,84,61,33,30,52,46,10,21,4,3,43,6,77,14,63,47,35,95,75,9,89,36,82,60,40,8,83,32,
machine17:0,58,91,2,50,31,44,12,81,48,67,53,22,70,86,7,79,71,19,51,90,94,56,34,38,41,37,13,42,72,1,66,78,92,45,23,68,29,74,57,55,88,17,39,54,15,27,62,26,87,20,84,16,52,46,21,28,3,43,85,6,14,63,35,95,76,75,9,89,36,82,25,60,83,59,32,
machine18:0,58,2,50,31,44,12,81,48,67,24,22,86,7,18,79,19,51,94,56,34,41,37,64,13,42,72,1,66,78,92,45,23,29,74,65,55,88,17,69,39,15,27,62,26,87,80,11,20,84,33,30,16,93,52,10,21,28,4,3,43,85,6,77,14,47,35,95,76,75,9,89,36,82,25,60,40,8,83,32,
machine19:0,58,5,91,2,50,31,44,73,81,48,67,24,53,22,70,86,7,18,79,19,51,90,94,56,34,41,37,64,42,72,1,66,78,92,45,23,29,74,65,57,55,88,17,69,39,15,27,62,26,87,11,20,84,49,61,33,16,93,52,46,10,21,28,4,3,43,85,6,77,14,47,35,76,75,9,89,36,82,25,60,40,83,59,32,
machine20:0,58,5,91,2,50,31,44,12,48,67,24,22,70,7,18,79,71,19,51,90,56,34,38,41,37,64,13,42,72,1,66,78,45,23,68,29,74,65,57,55,88,17,69,39,54,15,27,62,26,87,80,20,84,49,61,33,30,93,46,10,21,28,4,43,6,77,14,63,47,35,95,76,75,9,89,36,25,60,40,8,83,32,
machine21:0,58,5,91,31,73,12,48,67,24,22,86,7,79,19,51,90,94,56,34,38,41,64,42,72,1,66,78,92,45,23,29,74,65,57,55,88,17,69,39,54,27,62,26,87,80,11,20,84,49,61,33,30,16,93,52,46,21,28,4,3,43,6,77,14,63,47,35,95,76,75,89,36,82,25,60,40,8,83,59,32,
machine22:0,58,5,2,12,81,48,67,24,53,22,70,86,7,79,71,19,51,90,94,56,34,41,37,64,13,42,72,78,92,45,23,29,65,57,55,88,17,39,15,62,26,87,80,11,20,84,33,30,93,52,46,10,21,28,4,3,43,85,6,14,35,95,76,9,89,36,82,25,60,40,8,59,32,
machine23:0,58,5,91,2,31,44,73,81,48,67,53,22,86,7,18,79,71,19,51,94,56,38,41,37,64,13,42,72,1,66,78,92,45,23,68,29,74,65,57,55,88,17,39,54,27,62,87,11,20,84,49,61,33,30,93,52,46,21,4,3,43,85,6,14,63,47,35,95,76,75,89,36,82,60,

1to 1:
1to 2:4,5,6,7,8,10,11,13,15,16,17,18,19,20,23,26,28,29,31,34,36,37,38,42,45,48,54,55,56,57,58,65,68,70,71,72,74,76,78,84,86,87,51,66,41,67,59,1,61,52,92,50,79,77,24,27,14,88,91,30,80,82,35,22,81,43,44,9,49,33,2,21,62,93,46,60,75,32,
1to 3:4,5,7,8,9,15,16,17,19,20,21,23,25,26,27,28,29,31,36,37,38,39,40,41,45,46,48,54,55,56,57,58,63,65,66,68,69,70,71,74,76,81,84,85,90,95,89,18,49,3,78,73,11,82,86,14,91,1,94,44,62,12,43,59,51,22,34,53,33,75,30,77,60,80,79,50,67,35,52,93,2,32,47,72,6,88,
1to 4:3,4,5,7,12,13,15,16,17,18,19,20,23,25,26,28,29,37,39,40,41,45,46,48,54,55,56,57,58,59,63,65,66,71,74,76,78,79,80,83,85,86,87,89,90,93,95,81,82,62,52,49,73,34,32,47,24,67,50,11,35,44,30,88,77,75,60,33,27,22,92,1,6,14,72,84,21,
1to 5:3,6,7,10,12,13,15,16,17,18,19,20,22,23,25,27,31,33,36,37,40,41,42,45,48,51,55,56,57,58,60,62,65,66,69,70,71,72,75,76,77,78,83,85,86,87,89,93,95,67,1,68,44,61,81,14,90,92,52,21,4,88,94,24,59,11,28,35,30,34,43,82,80,50,84,32,2,46,29,47,79,
1to 6:2,5,7,10,13,14,15,16,17,19,20,22,23,26,27,29,30,31,32,33,35,36,37,39,41,42,43,45,46,47,55,56,57,58,60,63,65,70,76,84,85,86,87,89,91,95,79,90,80,62,67,8,77,21,88,6,24,61,12,74,18,3,11,44,52,34,49,92,71,66,93,81,50,1,4,75,48,72,
1to 7:5,9,10,15,16,17,18,19,21,25,26,27,29,34,37,39,41,42,45,46,51,54,55,56,58,65,66,70,71,74,76,77,78,79,80,84,85,87,89,93,94,95,30,11,60,48,24,62,3,38,33,81,20,43,61,44,53,91,49,2,52,88,22,4,67,72,90,32,86,1,7,14,75,92,82,35,47,6,23,
2to 1:1,4,6,9,10,11,15,16,18,19,20,21,22,23,24,26,31,33,37,38,40,42,43,44,45,47,50,54,57,60,61,62,66,68,69,75,80,81,85,86,87,88,91,94,90,53,28,34,77,27,36,8,35,49,55,46,93,65,30,82,3,58,78,67,56,5,32,52,79,92,41,51,2,48,72,71,84,14,29,76,7,17,
2to 2:
2to 3:1,2,3,4,5,6,11,13,14,15,16,17,18,20,21,22,23,24,25,26,29,31,32,33,34,36,37,38,40,42,44,45,49,50,51,52,53,54,57,58,60,61,62,64,66,68,69,70,71,72,74,79,80,84,85,86,87,92,95,39,91,46,75,56,67,9,76,8,78,77,28,41,35,93,90,88,82,30,55,81,19,27,65,7,
2to 4:1,3,4,6,9,11,13,14,15,16,17,18,20,21,22,23,24,25,26,27,30,31,33,34,35,41,42,43,44,45,49,50,53,54,57,58,60,61,66,67,69,70,71,77,79,81,84,85,86,87,90,92,93,94,95,82,48,72,75,88,5,76,32,64,8,7,51,46,55,80,56,36,19,91,62,89,28,39,52,65,29,
2to 5:1,2,4,6,10,11,12,13,14,15,16,17,18,19,20,21,22,23,25,26,30,31,33,35,37,40,41,43,44,45,46,48,52,53,54,57,61,62,66,67,68,69,70,77,78,79,80,81,82,86,87,93,95,91,28,39,89,84,64,32,56,36,65,58,42,90,9,60,29,75,27,88,34,51,55,7,92,71,76,50,72,
2to 6:1,3,4,6,10,13,14,15,16,19,20,21,22,23,24,25,26,28,29,30,31,32,33,35,36,37,40,43,44,45,46,48,49,50,51,58,60,61,63,64,66,68,69,70,77,82,84,86,89,90,91,93,95,67,27,80,79,76,11,9,7,42,92,57,65,88,75,5,17,2,55,52,56,62,72,41,
2to 7:1,2,4,5,6,8,10,11,13,14,16,18,20,21,22,23,25,27,29,31,33,37,38,42,43,45,46,48,49,52,57,61,62,64,66,69,70,71,74,76,81,84,85,86,87,88,90,91,92,94,95,58,59,60,80,54,75,79,17,65,55,93,15,41,19,56,28,78,32,9,36,67,51,72,34,35,82,7,
3to 1:3,4,7,10,14,15,17,18,22,23,26,27,28,30,32,35,36,37,38,39,40,43,44,45,47,50,51,52,55,56,60,61,62,66,69,72,73,79,80,83,84,85,90,91,92,94,95,48,42,5,16,82,34,49,58,29,77,78,71,65,20,75,2,6,9,76,1,93,88,21,46,33,81,19,41,89,86,
3to 2:1,3,4,5,8,11,13,14,17,18,22,25,27,28,29,30,32,37,38,40,41,44,45,46,48,50,51,52,53,56,62,64,66,67,69,70,72,75,79,80,82,84,85,87,91,92,93,94,71,31,55,49,16,89,35,34,58,60,21,39,15,88,77,26,42,2,19,36,65,23,33,6,76,7,86,
3to 3:
3to 4:3,7,10,11,12,13,14,15,17,18,22,23,26,27,28,30,31,32,34,38,39,41,43,44,45,48,50,51,52,53,55,56,62,66,67,72,73,78,79,80,82,83,84,85,88,90,91,92,94,95,40,69,75,42,71,65,89,70,87,6,16,36,47,77,5,60,58,20,19,25,35,9,81,49,33,29,76,1,86,46,21,
3to 5:3,4,5,7,8,11,12,13,14,17,18,19,25,27,28,29,30,32,33,35,37,38,40,42,43,44,45,46,47,50,52,55,56,61,64,65,66,67,69,72,76,79,80,83,84,85,89,91,92,94,95,75,20,36,74,31,10,22,78,39,70,51,68,48,16,9,71,58,23,6,26,93,2,77,88,86,15,1,34,21,
3to 6:3,4,7,8,10,11,12,13,14,17,18,24,25,26,27,28,31,32,33,37,38,40,42,44,46,47,48,50,51,52,55,56,57,62,64,65,66,67,69,70,72,73,77,78,79,81,82,83,84,85,86,87,90,91,93,95,5,2,43,39,89,94,34,60,58,41,71,29,74,1,88,22,15,19,36,76,23,6,20,75,35,
3to 7:1,3,5,6,10,11,14,15,17,18,22,24,25,26,27,28,30,31,32,37,38,40,41,45,46,47,49,52,53,54,59,60,64,66,67,72,73,75,77,79,80,82,83,84,85,86,88,89,90,92,94,95,91,74,33,87,19,58,34,93,23,81,13,70,39,71,57,42,76,35,43,78,36,7,51,2,55,20,4,65,21,56,48,
4to 1:1,2,3,4,5,7,10,12,15,17,20,21,23,25,27,34,35,37,38,41,42,45,46,48,50,53,54,57,59,60,62,63,65,66,71,74,77,78,80,83,85,86,87,91,92,94,95,24,9,36,18,26,43,55,6,76,44,69,22,51,58,81,33,47,31,75,16,40,82,52,19,49,30,79,32,39,84,14,72,88,89,29,
4to 2:1,4,7,9,10,11,12,15,16,17,18,20,21,22,23,26,27,28,30,34,38,41,43,44,46,47,49,50,53,54,55,57,59,61,62,66,68,74,75,76,77,79,80,81,86,91,92,93,94,95,56,42,65,25,89,33,64,69,84,36,45,52,31,32,60,58,35,67,39,72,82,14,51,88,19,6,48,71,29,
4to 3:1,2,3,4,5,7,9,11,12,14,15,16,17,20,23,27,28,29,34,35,37,42,43,46,47,49,50,51,52,53,54,55,59,60,62,63,65,66,67,68,77,79,80,83,84,85,86,87,91,92,93,58,69,73,36,19,18,30,64,44,33,22,31,25,6,24,32,95,82,88,39,40,74,26,76,78,75,89,72,48,71,56,21,
4to 4:
4to 5:1,3,4,5,7,10,11,12,16,17,20,22,23,25,26,27,28,30,34,37,40,41,43,44,47,48,50,51,53,55,57,59,61,62,65,66,68,77,78,79,80,81,82,84,86,87,89,90,92,36,39,75,24,15,95,83,85,52,72,42,58,71,70,31,88,76,60,46,19,32,6,56,21,14,29,
4to 6:1,3,4,5,7,8,10,12,14,16,20,22,23,24,25,26,27,28,33,35,37,38,42,45,47,50,51,53,55,57,60,61,62,66,67,77,80,81,83,85,86,90,91,92,70,76,46,69,89,49,40,84,63,31,41,95,52,88,15,64,43,58,36,44,34,75,39,18,65,32,19,82,56,6,48,72,79,21,29,
4to 7:1,2,3,4,5,7,9,10,11,12,13,14,15,16,17,18,20,21,22,23,25,26,27,28,29,34,37,39,41,43,44,47,51,53,54,57,58,60,61,62,65,66,67,69,75,78,79,80,82,83,85,86,87,88,89,90,91,92,94,73,42,76,95,30,31,32,84,46,52,40,56,55,48,64,19,72,45,74,81,33,6,36,
5to 1:3,4,5,6,7,9,12,15,17,18,19,20,22,24,26,29,30,32,33,34,35,39,42,43,46,47,48,53,54,55,57,62,63,65,66,70,71,72,75,76,77,78,79,80,81,82,85,86,89,90,94,95,38,28,87,50,68,88,61,2,44,60,10,31,58,92,83,45,40,25,91,1,74,84,23,51,52,21,36,37,56,
5to 2:1,4,6,7,11,12,13,14,16,17,23,24,25,26,27,28,30,31,32,33,34,35,40,41,42,43,44,46,51,54,57,58,60,62,65,67,70,72,76,77,78,79,80,81,82,86,87,89,94,95,2,38,52,10,71,64,15,53,66,50,55,9,68,48,8,61,19,37,92,45,85,84,91,56,22,20,36,29,88,75,21,
5to 3:1,4,5,6,7,8,9,10,11,13,15,16,17,21,24,27,30,32,33,34,37,38,39,41,42,43,44,45,46,47,48,50,52,53,54,55,57,62,63,65,67,70,72,73,74,75,76,77,78,79,80,82,90,93,95,31,36,87,22,23,12,89,85,2,88,71,83,19,20,40,25,58,29,60,92,35,28,66,14,56,86,84,
5to 4:1,2,3,4,5,7,11,13,15,16,17,21,22,23,24,25,26,27,30,32,33,34,35,38,39,40,41,42,43,44,46,47,48,50,54,56,57,62,63,65,67,69,72,73,75,76,77,79,80,81,82,83,85,86,90,94,95,12,64,58,28,20,53,10,61,93,68,31,19,45,74,51,52,6,89,37,29,60,36,84,66,92,88,71,14,
5to 5:
5to 6:2,3,4,5,7,9,13,16,17,18,21,26,27,29,31,32,33,34,35,39,40,41,42,43,44,45,46,47,50,53,57,60,61,62,63,65,67,70,71,72,75,76,77,79,80,81,82,87,90,93,94,95,12,37,22,55,66,38,15,83,14,23,64,28,56,10,36,68,51,88,85,58,1,19,25,6,48,84,20,89,52,86,
5to 7:1,3,4,5,7,9,10,11,12,13,15,16,17,21,23,25,27,28,30,31,33,34,35,38,39,40,41,42,43,44,46,47,48,54,55,57,59,60,61,62,65,67,70,72,75,76,77,78,79,80,81,82,85,86,90,91,94,95,37,87,22,84,64,58,19,56,45,74,14,83,92,26,2,88,29,66,52,36,51,89,71,6,32,20,
6to 1:1,3,4,5,6,9,14,16,17,19,21,22,24,26,27,28,29,30,31,33,34,36,37,39,43,46,47,49,51,53,55,56,57,58,60,65,66,75,78,79,81,82,83,85,87,91,93,95,59,44,84,68,61,92,2,42,45,20,50,10,15,52,70,35,90,89,40,48,71,80,18,41,62,72,86,88,76,23,
6to 2:1,3,6,7,10,13,14,15,17,18,19,20,21,22,25,27,29,31,32,33,35,37,39,40,43,46,49,50,52,53,55,56,57,58,60,61,64,66,70,71,75,77,79,81,82,88,89,93,86,51,91,94,85,54,72,24,41,68,2,44,28,42,45,5,80,90,34,48,67,36,62,65,84,23,76,
6to 3:1,3,6,7,9,11,14,17,22,23,25,26,27,30,31,32,33,36,39,40,43,44,46,47,48,49,50,51,53,56,57,58,60,64,68,69,70,71,75,78,80,83,84,85,86,87,88,89,91,92,93,77,34,45,94,74,52,65,67,15,79,18,72,2,28,5,42,55,37,66,76,21,19,35,20,41,
6to 4:1,3,11,13,16,17,19,20,22,23,25,27,28,29,31,32,33,34,36,37,39,42,43,45,47,50,51,53,56,58,60,62,64,65,66,71,75,76,77,79,82,83,85,86,87,88,91,93,95,24,94,67,5,18,15,12,6,57,40,59,84,80,55,92,89,41,72,46,44,52,48,21,35,14,
6to 5:1,3,5,7,10,11,13,14,17,19,22,25,27,29,31,32,33,39,40,43,46,47,48,50,53,56,58,60,62,64,65,66,68,69,74,75,76,78,79,81,84,85,87,88,92,93,95,2,52,90,24,51,61,12,35,6,94,63,55,57,42,15,37,77,21,71,34,83,80,72,20,18,36,23,41,89,
6to 6:
6to 7:1,3,5,7,9,10,11,13,15,17,19,22,23,25,26,31,32,33,34,36,39,42,43,46,47,52,55,56,57,58,60,62,64,65,70,75,76,77,78,81,82,87,91,92,93,95,45,66,18,84,63,89,67,79,94,85,88,24,8,28,35,80,51,49,71,83,48,2,72,41,27,37,21,20,6,86,
7to 1:1,2,5,6,9,10,12,13,14,16,18,19,21,22,26,27,28,29,31,32,35,36,37,39,40,41,42,43,44,46,47,48,51,52,55,56,58,60,69,73,76,77,79,83,84,86,87,88,89,90,91,93,94,67,92,66,81,63,65,33,20,23,49,74,15,71,82,54,80,78,85,45,57,95,53,7,30,3,17,4,34,72,75,
7to 2:1,4,5,6,8,14,19,21,22,23,25,26,28,32,35,36,37,39,40,42,43,51,52,55,56,62,64,69,71,77,80,82,85,86,87,88,94,95,91,30,3,84,53,13,79,11,75,67,54,29,57,58,61,65,27,49,33,60,81,92,72,74,45,78,90,15,41,34,2,7,76,17,66,46,20,48,
7to 3:4,5,6,8,11,12,13,14,15,16,17,19,21,25,26,28,29,31,33,35,36,40,42,44,45,47,48,51,56,62,64,69,71,76,77,78,79,80,82,83,87,88,89,90,91,93,94,95,22,49,54,85,92,65,58,7,38,3,2,53,67,60,59,27,66,43,84,23,32,55,39,52,86,37,75,20,41,72,
7to 4:1,3,5,6,9,11,12,16,17,19,24,35,36,37,39,40,42,43,46,47,48,49,52,53,54,55,57,62,65,72,75,77,78,80,86,87,88,89,91,92,94,31,7,13,63,71,41,33,85,95,23,4,58,30,32,26,67,28,74,82,34,27,66,83,76,15,79,56,60,20,84,29,
7to 5:1,6,9,10,11,12,14,15,16,21,22,23,25,26,28,31,33,35,36,39,40,42,43,44,46,47,51,52,56,61,62,65,66,68,70,71,75,76,77,78,82,83,85,86,87,88,90,91,93,94,45,38,27,81,84,3,57,80,63,13,7,37,8,53,58,64,79,30,29,95,34,72,60,74,19,41,55,4,32,92,48,20,89,17,
7to 6:1,2,5,11,14,22,26,28,31,32,34,35,36,39,40,42,43,44,46,47,48,49,51,55,56,62,63,64,69,70,73,75,76,79,82,83,85,86,87,88,89,90,91,93,19,20,17,95,24,59,72,13,45,81,41,67,15,57,66,53,37,58,60,3,18,33,92,23,84,80,4,52,65,6,7,
7to 7:

cell1:6,2,5,4,3,7,
cell2:7,4,6,5,3,1,
cell3:4,6,7,2,5,1,
cell4:1,6,3,5,2,7,
cell5:6,2,3,7,1,4,
cell6:1,4,7,3,5,2,
cell7:2,1,6,5,3,4,
