machine1:0,45,61,19,29,53,34,16,26,8,65,18,54,46,20,28,60,13,48,22,35,38,36,58,12,5,49,15,10,32,52,66,11,31,56,50,69,25,24,70,41,43,7,2,23,37,17,3,21,63,62,55,40,6,
machine2:0,42,45,61,19,29,30,33,53,34,16,59,26,8,65,18,54,1,46,47,27,20,9,28,60,13,48,22,35,38,36,58,68,12,5,67,49,15,10,32,39,51,52,4,66,11,31,56,50,69,25,24,70,57,41,43,14,7,2,23,37,17,3,64,44,21,63,62,55,40,6,
machine3:0,42,61,30,33,34,59,8,65,18,54,1,47,27,20,9,28,22,35,38,36,58,68,12,5,67,49,32,39,51,52,4,66,11,31,56,50,69,25,24,70,57,41,14,7,37,3,64,44,21,63,55,40,6,
machine4:0,42,45,61,19,29,30,33,53,34,16,59,26,8,65,1,46,47,27,20,9,28,60,13,48,36,68,67,49,15,10,39,51,52,4,66,70,57,43,14,2,23,17,64,44,63,62,40,6,
machine5:0,42,45,61,19,29,30,33,53,34,16,59,26,8,65,18,54,1,46,47,27,20,9,28,60,13,48,22,35,38,36,58,68,12,5,67,49,15,10,32,39,51,52,4,66,11,31,56,50,69,25,24,70,57,41,43,14,7,2,23,37,17,3,64,44,21,63,62,55,40,6,
machine6:0,42,45,19,29,30,33,53,16,59,26,18,54,1,46,47,27,9,60,13,48,22,35,38,58,68,12,5,67,15,10,32,39,51,4,11,31,56,50,69,25,24,57,41,43,14,7,2,23,37,17,3,64,44,21,62,55,

1to 1:
1to 2:8,28,34,32,35,37,67,68,31,24,6,57,56,41,63,11,14,52,
1to 3:20,44,45,47,61,7,39,29,13,60,3,64,30,58,16,10,33,53,12,69,17,26,36,51,19,
1to 4:23,42,18,2,25,62,55,15,
2to 1:61,5,20,30,70,50,25,12,21,9,27,
2to 2:
2to 3:8,34,52,65,66,49,1,28,57,40,6,59,38,24,14,56,18,55,
2to 4:54,47,22,64,31,11,58,39,33,41,4,
3to 1:46,35,22,62,65,32,15,43,66,2,49,11,63,40,37,38,23,67,
3to 2:54,5,47,70,42,64,36,50,21,51,9,39,44,4,
3to 3:
3to 4:45,1,19,3,48,16,29,68,60,7,59,27,24,56,69,
4to 1:54,53,17,10,13,1,58,26,48,57,68,51,59,14,44,33,4,
4to 2:30,3,12,7,38,27,18,69,55,
4to 3:46,5,35,22,42,32,31,43,50,25,37,21,9,67,41,
4to 4:

cell1:3,4,2,
cell2:1,4,3,
cell3:1,2,4,
cell4:3,1,2,
