machine1:0,19,61,45,34,18,54,8,16,24,46,48,66,53,5,36,29,12,28,35,60,58,25,52,11,20,49,56,32,13,10,31,15,38,69,65,70,43,50,26,23,41,2,7,22,17,37,3,21,63,62,55,40,6,
machine2:0,19,61,45,34,59,18,54,8,1,9,16,24,47,46,48,27,66,53,5,36,68,29,12,67,28,35,60,58,25,52,42,11,20,49,56,32,13,10,51,31,15,39,4,38,30,69,65,70,57,43,50,33,26,14,23,41,2,7,22,17,37,3,21,64,44,63,62,55,40,6,
machine3:0,61,34,59,18,54,8,1,9,24,47,27,66,5,36,68,12,67,28,35,58,25,52,42,11,20,49,56,32,51,31,39,4,38,30,69,65,70,57,50,33,14,41,7,22,37,3,21,64,44,63,55,40,6,
machine4:0,19,61,45,34,59,8,1,9,16,47,46,48,27,66,53,36,68,29,67,28,60,52,42,20,49,13,10,51,15,39,4,30,65,70,57,43,33,26,14,23,2,17,64,44,63,62,40,6,
machine5:0,19,61,45,34,59,18,54,8,1,9,16,24,47,46,48,27,66,53,5,36,68,29,12,67,28,35,60,58,25,52,42,11,20,49,56,32,13,10,51,31,15,39,4,38,30,69,65,70,57,43,50,33,26,14,23,41,2,7,22,17,37,3,21,64,44,63,62,55,40,6,
machine6:0,19,45,59,18,54,1,9,16,24,47,46,48,27,53,5,68,29,12,67,35,60,58,25,42,11,56,32,13,10,51,31,15,39,4,38,30,69,57,43,50,33,26,14,23,41,2,7,22,17,37,3,21,64,44,62,55,

1to 1:
1to 2:14,41,56,24,6,67,63,11,57,68,52,37,31,32,35,28,34,8,
1to 3:33,51,69,12,19,26,16,17,36,58,10,3,30,64,60,39,29,53,7,13,44,47,45,20,61,
1to 4:55,18,25,15,2,62,42,23,
2to 1:27,12,50,5,61,9,20,25,30,70,21,
2to 2:
2to 3:55,18,1,57,34,66,65,56,6,8,24,38,52,40,59,14,49,28,
2to 4:4,39,22,54,47,41,31,33,11,58,64,
3to 1:23,40,67,63,37,15,43,22,62,2,38,32,49,66,65,35,11,46,
3to 2:4,39,44,51,50,5,36,64,9,21,70,47,54,42,
3to 3:
3to 4:24,56,69,68,48,27,1,16,59,60,45,7,29,19,3,
4to 1:54,53,17,10,13,1,58,26,48,57,68,51,59,14,44,33,4,
4to 2:30,3,12,7,38,27,18,69,55,
4to 3:46,5,35,22,42,32,31,43,50,25,37,21,9,67,41,
4to 4:

cell1:2,3,4,
cell2:1,3,4,
cell3:4,1,2,
cell4:3,1,2,
