machine1:0,29,61,19,34,45,56,11,69,3,55,31,65,41,8,54,18,12,35,7,46,5,52,66,22,50,48,16,53,38,28,13,24,36,20,60,49,32,58,25,15,10,63,26,43,70,23,2,6,37,17,21,62,40,
machine2:0,29,44,61,57,19,47,34,45,39,56,11,69,3,68,27,55,31,59,65,41,8,54,18,12,35,7,1,9,46,5,52,67,51,66,4,22,50,48,16,53,38,28,13,24,36,20,60,14,42,49,32,58,25,15,10,30,64,63,26,43,33,70,23,2,6,37,17,21,62,40,
machine3:0,44,61,57,47,34,39,56,11,69,3,68,27,55,31,59,65,41,8,54,18,12,35,7,1,9,5,52,67,51,66,4,22,50,38,28,24,36,20,14,42,49,32,58,25,30,64,63,33,70,6,37,21,40,
machine4:0,29,44,61,57,19,47,34,45,39,68,27,59,65,8,1,9,46,52,67,51,66,4,48,16,53,28,13,36,20,60,14,42,49,15,10,30,64,63,26,43,33,70,23,2,6,17,62,40,
machine5:0,29,44,61,57,19,47,34,45,39,56,11,69,3,68,27,55,31,59,65,41,8,54,18,12,35,7,1,9,46,5,52,67,51,66,4,22,50,48,16,53,38,28,13,24,36,20,60,14,42,49,32,58,25,15,10,30,64,63,26,43,33,70,23,2,6,37,17,21,62,40,
machine6:0,29,44,57,19,47,45,39,56,11,69,3,68,27,55,31,59,41,54,18,12,35,7,1,9,46,5,67,51,4,22,50,48,16,53,38,13,24,60,14,42,32,58,25,15,10,30,64,26,43,33,23,2,37,17,21,62,

1to 1:
1to 2:14,41,56,24,6,67,63,11,57,68,52,37,31,32,35,28,34,8,
1to 3:33,51,69,12,19,26,16,17,36,58,10,3,30,64,60,39,29,53,7,13,44,47,45,20,61,
1to 4:55,18,25,15,2,62,42,23,
2to 1:9,21,25,70,30,12,27,20,50,5,61,
2to 2:
2to 3:6,14,24,28,38,40,49,55,56,59,57,52,66,18,65,1,34,8,
2to 4:11,33,41,58,64,31,4,39,47,22,54,
3to 1:46,35,22,62,65,32,15,43,66,2,49,11,63,40,37,38,23,67,
3to 2:54,5,47,70,42,64,36,50,21,51,9,39,44,4,
3to 3:
3to 4:45,1,19,3,48,16,29,68,60,7,59,27,24,56,69,
4to 1:48,4,68,54,53,1,26,51,57,10,14,13,58,59,44,17,33,
4to 2:30,7,12,27,69,38,55,3,18,
4to 3:46,41,5,43,25,31,35,32,22,37,42,50,9,67,21,
4to 4:

cell1:2,3,4,
cell2:3,4,1,
cell3:1,2,4,
cell4:3,1,2,
