machine1:0,19,11,17,33,2,27,12,25,32,58,53,35,31,7,43,46,36,57,47,45,55,28,13,38,42,20,30,51,50,22,4,40,24,10,9,39,5,16,6,60,34,44,59,15,29,52,26,41,54,18,48,49,3,1,23,
machine2:0,19,14,11,37,17,33,27,25,32,58,8,21,53,35,31,43,46,47,45,55,28,13,38,42,20,30,51,50,22,4,40,24,10,9,5,16,6,60,44,59,29,52,26,41,54,18,48,49,3,56,1,23,
machine3:0,14,11,37,2,27,12,25,32,58,8,21,31,7,46,36,57,47,45,55,28,13,38,42,20,30,51,50,22,4,40,24,10,9,39,5,16,6,60,34,59,15,29,26,41,54,18,48,49,3,56,1,23,
machine4:0,14,11,33,12,25,32,58,8,21,31,43,46,36,55,28,13,38,42,20,30,51,4,40,24,9,39,5,16,60,44,59,15,52,26,41,54,18,48,49,56,23,
machine5:0,19,14,11,37,17,33,27,12,25,58,31,43,46,36,57,47,55,28,13,38,42,20,30,51,22,4,40,24,9,39,5,16,6,60,34,59,15,29,52,26,41,18,48,49,3,56,1,23,
machine6:0,19,37,17,2,27,12,32,58,21,53,35,31,43,46,36,47,45,38,42,20,30,50,22,10,9,39,16,6,60,34,44,59,15,29,52,26,41,54,48,3,56,23,
machine7:0,14,33,2,32,58,21,53,35,31,43,36,47,45,55,13,38,42,20,30,51,50,22,40,10,9,39,5,16,6,60,34,59,15,52,26,41,54,18,48,49,3,56,1,23,
machine8:0,19,14,11,37,17,27,32,8,7,43,46,36,57,47,45,13,42,20,30,51,50,22,4,24,10,9,39,5,59,52,26,41,54,48,49,3,1,23,
machine9:0,14,37,33,2,27,25,21,53,31,7,46,57,47,45,13,38,42,20,51,50,22,4,40,24,10,9,5,6,59,15,29,52,41,18,48,49,3,23,
machine10:0,19,11,37,17,27,12,25,32,21,53,35,31,43,46,36,57,47,55,28,13,38,42,20,30,51,50,22,4,40,24,10,9,39,5,16,34,44,59,15,29,52,26,41,54,18,48,49,3,56,1,23,
machine11:0,14,11,37,33,2,27,12,25,32,58,21,7,43,47,45,55,28,13,38,42,20,30,50,22,4,24,10,9,39,16,6,60,34,59,15,29,52,26,41,54,18,48,49,3,56,1,23,
machine12:0,17,33,2,27,12,32,58,21,53,35,31,43,36,57,47,45,28,13,38,42,20,30,51,50,22,4,40,24,10,9,39,5,16,6,60,59,15,29,52,26,54,48,49,3,56,1,23,
machine13:0,19,14,17,33,27,12,25,32,58,21,53,31,43,46,36,57,47,45,55,13,38,42,20,30,51,50,22,40,24,10,9,39,5,6,60,34,44,59,15,29,52,26,41,54,18,49,3,56,1,23,
machine14:0,19,14,11,37,17,33,2,27,12,25,32,58,8,21,53,35,31,7,43,46,36,57,47,45,55,28,13,38,42,20,30,51,50,22,4,40,24,10,9,39,5,16,6,60,34,44,59,15,29,52,26,41,54,18,48,49,3,56,1,23,
machine15:0,19,14,11,37,17,33,2,27,12,25,32,58,8,21,53,35,31,43,46,36,57,47,45,55,13,38,42,20,30,51,50,22,4,40,24,10,9,39,5,16,6,60,34,44,59,15,29,52,26,41,54,18,48,49,3,56,1,23,
machine16:0,19,14,11,37,17,33,2,27,12,25,32,58,8,21,53,35,31,7,43,46,36,57,47,45,55,28,13,38,42,20,30,51,50,22,4,40,24,10,9,39,5,16,6,60,34,44,59,15,29,52,26,41,54,18,48,49,3,56,1,23,

1to 1:
1to 2:2,4,6,7,9,11,12,14,15,16,17,19,20,21,22,27,28,29,32,33,34,36,38,40,42,44,45,46,49,50,51,53,55,56,57,58,60,1,3,5,10,13,23,24,25,30,31,39,41,43,47,48,52,54,59,26,18,37,8,
1to 3:1,2,4,5,6,12,14,15,16,18,19,20,21,22,26,27,29,30,31,33,34,36,37,41,42,44,45,46,47,48,49,50,53,54,55,57,58,59,60,3,9,10,13,23,24,25,32,38,39,40,43,51,52,56,28,11,
1to 4:2,6,9,14,15,16,17,18,19,21,26,28,29,30,32,33,34,36,37,38,41,43,44,45,46,48,49,50,53,56,58,59,60,1,3,4,5,10,12,13,20,23,24,25,27,31,39,40,42,47,51,52,54,55,57,35,8,
1to 5:2,4,6,9,10,14,15,16,17,18,20,21,22,26,27,28,29,30,31,32,33,34,35,36,37,38,41,44,45,46,48,49,50,51,52,53,55,57,58,59,60,1,3,5,12,13,23,24,25,39,40,42,43,47,54,56,19,7,11,8,
2to 1:1,2,4,6,7,8,11,12,13,14,16,18,19,20,21,22,24,26,29,31,32,33,34,36,37,38,40,41,43,44,46,47,48,50,51,52,53,54,57,58,60,3,5,9,10,15,23,25,27,30,39,42,45,49,55,56,59,17,28,
2to 2:
2to 3:1,2,3,6,7,11,12,14,15,16,17,18,20,21,25,26,27,29,30,32,33,36,37,40,41,43,44,45,47,48,49,50,51,53,54,55,58,60,4,5,9,10,13,22,23,24,31,38,39,42,46,52,56,57,59,28,34,
2to 4:1,2,6,7,8,11,12,13,14,15,16,17,18,20,21,23,24,25,26,27,29,30,31,33,35,36,37,38,40,41,42,43,44,46,47,48,50,51,52,53,54,55,58,60,3,4,5,9,10,22,32,39,45,49,56,57,59,28,34,
2to 5:1,2,4,5,6,7,8,11,12,14,15,16,17,18,19,20,21,24,25,26,28,29,30,32,35,36,40,41,43,44,46,47,50,51,52,53,55,58,60,3,9,10,13,22,23,27,31,33,37,38,39,42,45,48,49,54,56,57,59,34,
3to 1:2,3,4,5,6,7,14,15,16,17,18,19,21,23,25,26,27,28,29,30,33,36,37,39,40,48,49,50,52,53,54,55,58,59,60,1,9,10,12,13,20,22,24,31,32,38,41,42,43,45,46,47,51,56,57,11,
3to 2:1,2,3,5,6,7,10,14,15,16,18,21,22,23,24,25,26,27,28,29,30,31,34,36,37,39,41,44,47,48,49,52,53,54,55,58,59,60,4,9,12,13,20,32,33,38,40,42,43,45,46,50,51,56,57,17,11,
3to 3:
3to 4:2,3,5,6,7,12,14,15,16,18,21,23,24,25,26,27,28,29,30,34,35,36,37,39,41,42,44,47,48,51,52,53,54,55,56,57,58,60,1,4,9,10,13,20,22,31,32,33,38,40,43,45,46,49,50,59,17,11,
3to 5:1,3,4,5,6,7,10,12,14,15,16,18,19,21,23,24,25,26,27,28,29,30,33,34,36,37,39,41,42,44,45,48,49,50,52,53,54,55,56,58,59,60,9,13,20,22,31,32,35,38,40,43,46,47,51,57,17,11,
4to 1:1,2,6,9,11,13,14,15,16,17,18,19,20,21,22,27,29,30,31,33,36,37,39,40,41,43,45,46,48,49,50,53,56,58,59,60,3,4,5,10,12,23,24,25,32,38,42,47,51,52,54,55,57,28,35,26,8,7,
4to 2:1,2,6,9,10,12,13,14,15,16,20,21,23,24,26,27,28,29,30,31,33,34,36,37,39,40,41,43,45,46,48,50,53,54,57,59,60,3,4,5,17,22,25,32,38,42,47,49,51,52,55,56,58,8,11,44,7,
4to 3:2,6,7,9,13,14,15,16,17,18,23,26,27,28,30,31,33,34,36,37,38,39,40,41,43,45,46,48,50,51,53,54,55,56,57,59,60,1,3,4,5,10,12,20,21,22,24,25,29,32,42,47,49,52,35,58,11,44,
4to 4:
4to 5:1,3,4,9,10,11,12,13,14,15,16,18,19,21,22,23,26,27,28,30,31,32,33,34,35,37,38,39,40,41,43,45,46,49,50,55,56,57,58,60,5,6,20,24,25,29,36,42,47,48,51,52,54,59,17,7,8,2,44,
5to 1:2,4,5,6,7,8,9,10,11,12,13,14,15,16,17,19,20,21,22,23,24,25,26,27,28,29,31,32,33,35,36,37,38,41,42,43,44,45,46,47,49,50,51,52,55,56,58,59,60,1,3,30,39,40,48,54,57,18,53,
5to 2:2,3,4,5,8,9,10,11,12,13,14,15,16,17,18,19,20,21,22,24,25,26,27,28,29,30,31,32,34,35,37,38,39,41,42,43,45,47,48,49,51,52,53,54,55,56,57,58,1,6,23,33,36,40,46,50,59,60,7,44,
5to 3:2,3,4,5,7,9,10,11,12,13,14,15,16,17,19,20,21,22,24,25,26,27,28,30,31,32,33,34,35,36,38,39,40,41,42,43,44,49,51,52,54,55,56,57,58,1,6,23,29,45,46,47,48,50,59,60,18,53,
5to 4:2,3,4,5,8,9,10,11,12,13,14,15,16,17,18,19,20,21,22,24,26,27,28,29,31,32,33,34,35,37,38,39,41,42,43,45,47,48,49,50,51,52,53,55,56,57,58,1,6,23,25,30,36,40,46,54,59,60,44,7,
5to 5:

cell1:4,3,2,5,
cell2:5,1,4,3,
cell3:1,4,2,5,
cell4:3,1,2,5,
cell5:4,1,3,2,
