machine1:0,49,52,34,41,30,42,54,15,47,31,10,46,13,20,59,39,29,43,9,38,57,1,33,48,53,24,18,55,44,19,45,23,6,40,5,16,3,50,27,22,51,60,4,12,32,25,58,36,17,28,35,26,2,11,7,
machine2:0,37,49,52,14,41,30,42,54,47,31,10,46,13,20,59,29,43,9,38,1,33,48,53,24,18,55,44,19,45,23,6,56,40,5,16,3,50,21,27,22,51,60,4,32,25,58,17,28,35,26,11,8,
machine3:0,37,49,34,14,41,30,42,54,15,47,31,10,46,13,20,59,39,29,9,38,57,1,48,24,18,55,45,23,6,56,40,5,16,3,50,21,27,22,51,60,4,12,32,25,58,36,28,26,2,11,8,7,
machine4:0,49,52,14,41,30,42,54,15,31,46,13,20,59,39,43,9,38,33,48,24,18,55,44,23,56,40,5,16,21,51,60,4,12,32,25,58,36,28,26,11,8,
machine5:0,37,49,52,34,14,41,30,42,15,47,31,46,13,20,59,39,29,43,9,38,57,1,33,48,24,18,55,19,23,6,56,40,5,16,3,27,22,51,60,4,12,25,58,36,17,28,26,11,
machine6:0,37,52,34,41,30,42,54,15,47,31,10,46,20,59,39,29,43,9,38,48,53,44,19,45,23,6,56,16,3,50,21,27,22,60,12,32,58,36,17,35,26,2,
machine7:0,49,52,34,14,41,30,42,54,15,47,31,10,13,20,59,39,43,9,38,1,33,48,53,18,55,45,23,6,56,40,5,16,3,50,21,22,51,60,32,58,36,35,26,2,
machine8:0,37,49,52,14,41,30,42,54,47,10,46,13,20,59,39,43,9,57,1,48,24,19,45,23,5,3,50,27,22,51,4,32,36,17,26,11,8,7,
machine9:0,37,49,52,14,41,42,15,47,31,10,46,13,20,59,29,9,38,57,33,48,53,24,18,45,23,6,40,5,3,50,21,27,22,51,4,25,2,7,
machine10:0,37,49,52,34,41,30,42,54,15,47,31,10,46,13,20,59,39,29,43,9,38,57,1,48,53,24,18,55,44,19,23,56,40,5,16,3,50,21,27,22,51,4,12,32,25,36,17,28,35,26,11,
machine11:0,37,49,52,34,14,41,30,42,54,15,47,10,13,20,59,39,29,43,9,38,1,33,48,24,18,55,45,23,6,56,16,3,50,21,27,22,60,4,12,32,25,58,28,26,2,11,7,
machine12:0,49,52,30,42,54,15,47,31,10,13,20,59,39,29,43,9,38,57,1,33,48,53,24,45,23,6,56,40,5,16,3,50,21,27,22,51,60,4,12,32,58,36,17,28,35,26,2,
machine13:0,49,52,34,14,41,30,42,54,15,47,31,10,46,13,20,59,39,29,43,9,38,57,1,33,53,24,18,55,44,19,45,23,6,56,40,5,3,50,21,27,22,51,60,12,32,25,58,36,17,26,
machine14:0,37,49,52,34,14,41,30,42,54,15,47,31,10,46,13,20,59,39,29,43,9,38,57,1,33,48,53,24,18,55,44,19,45,23,6,56,40,5,16,3,50,21,27,22,51,60,4,12,32,25,58,36,17,28,35,26,2,11,8,7,
machine15:0,37,49,52,34,14,41,30,42,54,15,47,31,10,46,13,20,59,39,29,43,9,38,57,1,33,48,53,24,18,55,44,19,45,23,6,56,40,5,16,3,50,21,27,22,51,60,4,12,32,25,58,36,17,35,26,2,11,8,
machine16:0,37,49,52,34,14,41,30,42,54,15,47,31,10,46,13,20,59,39,29,43,9,38,57,1,33,48,53,24,18,55,44,19,45,23,6,56,40,5,16,3,50,21,27,22,51,60,4,12,32,25,58,36,17,28,35,26,2,11,8,7,

1to 1:
1to 2:2,4,6,7,9,11,12,14,15,16,17,19,20,21,22,24,27,28,29,32,33,34,36,38,42,44,45,46,49,50,51,53,55,56,57,58,60,1,3,5,10,13,23,25,30,31,39,40,41,43,47,48,52,54,59,26,18,37,8,
1to 3:1,2,4,5,6,12,14,15,16,18,19,20,21,22,26,27,29,30,31,33,34,36,37,41,42,44,46,47,48,49,50,53,54,55,57,58,59,60,3,9,10,13,23,24,25,32,38,39,40,43,45,51,52,56,28,11,
1to 4:2,6,9,14,15,16,17,18,19,20,21,24,26,28,29,30,32,33,34,35,36,37,38,41,42,43,44,45,46,48,49,50,53,56,58,59,60,1,3,4,5,10,12,13,23,25,27,31,39,40,47,51,52,54,55,57,8,
1to 5:2,4,5,6,7,9,10,14,15,16,17,18,20,21,22,26,27,28,29,30,31,32,33,34,35,36,37,41,42,44,45,46,48,49,50,51,52,53,55,57,58,59,60,1,3,12,13,23,24,25,38,39,40,43,47,54,56,19,11,8,
2to 1:1,2,3,4,5,6,7,8,11,12,14,16,18,19,20,21,22,24,26,29,31,32,33,34,36,37,41,44,45,46,47,48,50,51,52,53,54,57,58,60,9,10,13,15,23,25,27,30,38,39,40,42,43,49,55,56,59,17,28,
2to 2:
2to 3:1,2,3,5,6,7,11,12,14,15,16,17,18,20,21,23,24,26,27,29,30,32,33,36,37,41,43,44,45,48,49,51,53,54,55,58,60,4,9,10,13,22,25,31,38,39,40,42,46,47,50,52,56,57,59,28,34,
2to 4:1,2,3,6,7,8,11,12,14,15,16,17,18,20,21,23,24,26,27,29,30,31,33,35,36,37,38,41,42,43,44,45,46,47,48,51,52,53,54,55,58,60,4,5,9,10,13,22,25,32,39,40,49,50,56,57,59,28,34,
2to 5:1,2,4,5,6,7,8,11,12,14,15,16,17,18,19,20,21,23,24,25,26,28,29,30,32,35,36,38,40,41,44,45,46,47,51,52,53,54,55,58,60,3,9,10,13,22,27,31,33,37,39,42,43,48,49,50,56,57,59,34,
3to 1:2,3,4,5,6,7,14,15,16,17,18,19,21,23,25,26,27,28,29,30,33,36,37,40,48,49,50,52,53,54,55,58,59,60,1,9,10,12,13,20,22,24,31,32,38,39,41,42,43,45,46,47,51,56,57,11,
3to 2:1,2,3,5,6,7,14,15,16,18,21,22,23,24,25,26,27,28,29,30,31,34,36,37,39,40,41,44,47,48,49,50,52,53,54,55,58,59,60,4,9,10,12,13,20,32,33,38,42,43,45,46,51,56,57,17,11,
3to 3:
3to 4:2,3,5,6,7,12,14,15,16,18,21,23,24,25,26,27,28,29,30,34,36,37,39,40,41,42,44,47,48,50,51,52,53,54,55,56,57,58,59,60,1,4,9,10,13,20,22,31,32,33,38,43,45,46,49,17,35,11,
3to 5:1,3,4,5,6,7,10,12,14,15,16,18,19,21,23,24,25,26,27,28,29,30,33,34,36,37,39,40,41,42,43,44,45,48,49,50,52,53,54,55,56,58,59,60,9,13,20,22,31,32,35,38,46,47,51,57,17,11,
4to 1:1,2,6,11,13,14,15,16,17,18,19,20,21,22,25,27,29,30,31,33,36,37,39,41,43,45,46,47,48,49,50,53,56,58,59,60,3,4,5,9,10,12,23,24,32,38,40,42,51,52,54,55,57,28,35,26,8,7,
4to 2:1,2,6,9,10,12,13,14,15,16,20,21,23,24,26,27,28,29,30,31,33,34,36,37,39,41,42,43,44,45,46,47,48,50,53,54,57,59,60,3,4,5,17,22,25,32,38,40,49,51,52,55,56,58,8,11,7,
4to 3:2,6,7,14,15,16,17,18,23,25,26,27,28,30,31,33,34,36,37,38,39,41,42,43,44,45,46,47,48,50,51,53,54,55,56,57,59,60,1,3,4,5,9,10,12,13,20,21,22,24,29,32,40,49,52,35,58,11,
4to 4:
4to 5:1,3,4,10,11,12,14,15,16,18,19,21,22,23,26,27,28,30,31,32,33,34,35,37,38,39,41,42,43,44,45,46,47,49,50,55,56,57,58,60,5,6,9,13,20,24,25,29,36,40,48,51,52,54,59,17,7,8,2,
5to 1:2,4,6,7,8,9,10,11,12,13,14,15,16,17,19,20,21,22,23,24,25,26,27,28,29,31,32,33,35,36,37,38,41,42,44,45,46,47,49,50,51,52,55,56,58,59,60,1,3,5,30,39,40,43,48,54,57,18,53,
5to 2:2,3,4,5,8,9,10,11,12,14,15,16,17,18,19,20,21,22,24,25,26,27,28,29,30,31,32,34,35,37,39,41,42,45,47,48,49,51,52,53,54,55,56,57,58,1,6,13,23,33,36,38,40,43,46,50,59,60,7,44,
5to 3:2,3,4,7,9,10,11,12,13,14,15,16,17,19,20,21,22,24,25,26,27,28,30,32,33,34,35,36,39,41,42,44,45,47,49,51,52,54,55,56,57,58,1,5,6,23,29,31,38,40,43,46,48,50,59,60,18,53,
5to 4:2,3,4,8,9,10,11,12,14,15,16,17,18,19,20,21,22,24,26,27,28,29,31,32,33,34,35,37,39,41,43,45,47,48,49,50,51,52,53,55,56,57,58,1,5,6,13,23,25,30,36,38,40,42,46,54,59,60,44,7,
5to 5:

cell1:4,3,2,5,
cell2:5,1,4,3,
cell3:1,4,2,5,
cell4:3,1,2,5,
cell5:4,1,3,2,
