machine1:0,45,25,9,54,52,50,39,43,49,3,11,24,5,38,17,51,8,37,2,31,21,53,40,7,28,34,4,22,46,33,36,44,
machine2:0,45,25,9,47,54,52,16,50,15,6,39,29,43,49,3,11,55,32,24,5,38,23,10,17,18,12,35,51,8,48,37,13,2,26,31,21,53,19,40,7,28,1,42,34,14,41,20,30,27,4,22,46,33,36,44,56,
machine3:0,16,50,6,39,29,43,3,32,5,38,48,37,31,27,4,36,
machine4:0,45,25,9,47,54,52,16,50,15,6,39,29,43,3,11,32,5,38,23,17,18,35,48,37,26,31,19,7,27,4,36,44,
machine5:0,45,25,9,47,54,16,50,6,39,29,43,3,32,5,38,23,17,18,48,37,26,31,19,27,4,36,
machine6:0,45,25,9,47,54,52,16,50,15,6,39,29,43,49,3,11,55,32,24,5,38,23,10,17,18,12,35,48,37,2,26,31,21,19,40,7,1,14,41,30,27,4,22,33,36,44,
machine7:0,45,25,9,47,54,52,16,50,15,6,39,29,43,49,3,11,55,32,24,5,38,23,17,18,12,35,48,37,26,31,19,7,27,4,36,44,
machine8:0,16,50,39,29,43,5,31,4,36,
machine9:0,45,25,47,16,50,15,39,29,43,49,55,32,24,5,38,17,12,35,48,13,2,26,31,21,53,19,7,28,1,42,34,14,41,20,30,27,4,46,33,56,
machine10:0,45,25,47,16,50,15,39,29,43,49,55,24,5,38,17,35,48,26,31,21,53,28,42,34,41,30,27,4,33,
machine11:0,45,25,9,47,52,16,50,15,39,29,43,49,3,11,55,32,24,5,38,10,17,18,12,35,48,37,13,2,26,31,21,53,19,40,7,28,1,42,34,14,41,20,30,27,4,22,46,33,36,44,56,
machine12:0,45,25,47,39,29,43,55,24,5,48,28,30,27,
machine13:0,45,25,9,47,52,16,15,6,39,43,3,11,55,5,38,23,10,17,12,51,8,48,37,13,26,19,42,30,27,4,22,46,33,36,
machine14:0,45,25,9,47,52,6,39,43,3,11,5,38,12,51,37,19,30,27,4,22,46,33,36,
machine15:0,45,25,9,47,54,52,16,50,15,6,39,29,43,3,11,55,32,5,38,23,10,17,12,35,51,8,48,37,13,2,26,31,21,19,28,42,34,30,27,4,22,46,33,36,44,56,
machine16:0,45,25,47,6,43,5,38,12,19,4,33,36,
machine17:0,45,25,9,47,54,52,15,39,29,43,49,3,24,5,38,17,12,51,48,37,31,21,53,19,7,34,30,27,4,22,46,36,
machine18:0,45,25,9,54,52,39,29,43,49,24,5,38,17,48,34,30,27,4,22,46,
machine19:0,45,25,9,47,54,52,16,50,15,6,39,29,43,49,3,11,55,24,5,38,17,18,12,35,51,48,37,31,21,53,19,7,1,42,34,20,30,27,4,22,46,33,36,
machine20:0,25,9,39,29,43,38,34,30,22,
machine21:0,45,25,9,54,52,16,50,15,39,29,43,49,3,55,32,24,5,38,23,10,17,18,12,35,51,8,48,37,2,26,31,21,53,19,40,7,42,34,14,41,20,30,27,4,22,46,36,44,56,
machine22:0,45,54,52,16,39,5,38,18,51,48,37,26,34,30,27,4,
machine23:0,45,25,9,54,52,16,39,55,24,5,38,23,17,18,12,35,51,8,48,37,26,31,19,7,34,30,27,4,22,46,36,56,
machine24:0,45,25,9,54,52,16,39,55,32,24,5,38,23,10,17,18,12,35,51,8,48,37,26,31,19,40,7,34,14,30,27,4,22,46,36,56,
machine25:0,45,9,54,52,16,39,5,38,23,17,18,12,35,51,8,48,37,26,31,7,34,30,27,4,

1to 1:
1to 2:1,40,14,11,15,31,35,47,30,27,
1to 3:28,41,18,42,44,21,19,49,16,37,9,52,17,25,39,4,
1to 4:13,8,6,2,33,54,51,38,
1to 5:46,50,55,34,29,
1to 6:10,23,53,3,26,22,12,36,45,43,
2to 1:2,19,10,21,17,43,32,24,12,23,
2to 2:
2to 3:26,38,7,3,48,1,22,55,33,
2to 4:35,5,4,29,30,
2to 5:31,36,11,27,
2to 6:18,37,44,15,49,14,41,
3to 1:13,40,46,15,50,35,47,
3to 2:2,16,37,9,12,29,39,45,5,
3to 3:
3to 4:28,10,21,11,19,31,26,34,52,36,43,
3to 5:1,20,18,53,42,33,49,7,22,17,48,
3to 6:56,32,24,55,25,
4to 1:42,11,16,26,37,9,27,4,
4to 2:44,32,52,43,48,
4to 3:56,12,45,
4to 4:
4to 5:6,19,51,3,35,47,25,39,
4to 6:8,2,50,31,54,38,29,30,17,5,
5to 1:20,53,33,7,54,3,25,39,5,
5to 2:6,18,38,4,
5to 3:31,47,24,30,36,
5to 4:46,15,50,22,55,12,17,45,
5to 5:
5to 6:42,21,19,35,16,9,34,27,52,48,
6to 1:48,52,41,44,55,29,49,51,56,
6to 2:50,22,36,3,24,7,54,21,25,
6to 3:46,40,34,27,14,10,20,
6to 4:9,39,16,32,23,
6to 5:15,38,37,5,45,4,43,30,
6to 6:

cell1:4,2,3,5,6,
cell2:1,4,5,6,3,
cell3:1,5,4,6,2,
cell4:5,6,1,3,2,
cell5:2,1,3,4,6,
cell6:3,1,5,2,4,
