machine1:0,43,34,49,20,32,48,21,38,4,24,13,17,47,29,10,36,1,39,44,28,9,42,33,15,26,27,22,14,23,2,16,5,46,18,11,25,31,50,40,45,8,30,37,3,7,41,
machine2:0,43,49,20,48,21,38,4,24,17,47,29,36,1,39,44,28,9,42,6,33,15,26,27,22,14,23,2,16,5,35,46,19,18,11,25,12,31,50,40,45,8,30,3,7,41,
machine3:0,43,34,49,20,32,48,21,38,4,24,13,47,29,10,36,1,39,44,28,9,6,26,27,22,14,23,2,16,5,35,46,19,18,11,25,12,40,45,8,30,37,3,7,
machine4:0,34,49,32,48,21,38,24,13,17,47,29,10,36,1,39,44,28,6,15,27,22,14,23,2,16,5,35,46,19,18,11,31,50,40,45,8,30,37,3,7,41,
machine5:0,43,34,49,20,32,21,38,4,24,13,47,29,36,1,39,44,28,42,6,26,27,22,14,23,2,16,35,46,19,18,11,25,12,50,40,45,8,30,37,3,7,41,
machine6:0,43,34,49,20,48,21,38,4,24,13,47,29,10,36,1,39,44,28,42,15,26,27,22,14,23,2,5,35,46,19,18,11,25,12,31,50,40,45,8,30,37,3,7,41,
machine7:0,43,34,49,20,32,48,21,38,4,24,13,47,29,10,36,1,39,44,28,9,42,6,33,26,27,22,14,23,16,5,35,46,18,11,25,12,31,50,40,45,8,37,3,7,41,
machine8:0,34,49,20,32,48,21,38,4,24,13,17,47,29,10,36,1,39,44,28,9,42,33,15,26,27,22,14,23,2,16,35,46,19,18,11,25,50,40,45,8,30,37,3,7,41,
machine9:0,43,20,32,48,21,4,24,13,47,10,36,1,39,28,9,6,26,27,22,14,23,2,16,5,35,46,19,18,11,25,12,31,50,40,45,8,30,37,3,7,41,
machine10:0,43,34,49,20,48,21,38,4,24,13,47,29,10,36,1,28,6,33,15,26,27,22,14,2,5,46,19,18,11,25,31,50,40,45,8,30,37,7,41,
machine11:0,43,34,49,20,32,48,21,38,4,24,13,17,47,29,10,36,1,39,44,28,42,6,15,27,22,23,2,16,19,18,11,25,12,31,50,40,45,8,30,37,7,41,
machine12:0,43,34,49,20,32,48,21,38,4,24,13,17,47,29,10,36,1,39,44,28,9,42,6,33,15,26,27,22,14,23,2,16,5,35,46,19,18,11,25,12,31,50,40,45,8,30,37,3,7,41,
machine13:0,43,34,49,20,32,48,21,4,24,17,47,29,10,36,1,39,28,9,6,15,26,27,22,14,23,2,16,5,46,18,11,25,12,31,50,40,45,8,30,37,3,7,41,
machine14:0,43,34,49,20,48,21,38,4,24,13,17,47,29,10,36,1,39,44,28,9,42,6,33,15,27,22,14,23,2,16,5,35,46,19,18,11,25,31,50,40,45,8,30,37,3,7,41,
machine15:0,43,34,49,32,48,21,38,4,24,17,47,29,10,36,1,39,44,28,9,42,33,15,27,22,14,23,2,16,5,35,46,19,18,11,25,12,31,50,40,45,8,30,37,3,7,41,

1to 1:
1to 2:1,4,6,7,10,12,13,14,17,18,19,20,22,25,26,27,29,31,32,34,36,40,42,43,44,47,48,2,3,5,8,9,11,15,16,21,23,24,28,30,35,37,38,39,41,45,46,49,50,
1to 3:1,2,4,5,6,7,10,12,13,14,16,17,18,19,20,24,25,27,28,29,30,31,32,34,35,36,40,42,44,45,46,48,3,8,9,11,21,22,23,26,37,38,39,41,43,47,49,50,
1to 4:1,3,4,5,6,10,12,13,16,17,18,19,24,26,27,28,29,30,31,32,34,35,36,41,42,43,44,46,47,48,2,7,8,11,14,15,21,22,23,25,33,37,38,39,40,45,49,50,
1to 5:1,2,4,5,6,7,8,9,10,12,13,14,16,17,18,19,20,24,25,26,27,28,29,30,31,32,34,35,36,39,42,43,44,46,47,48,50,3,11,15,21,22,23,33,37,38,40,41,45,49,
2to 1:1,3,4,5,6,9,10,12,14,16,17,18,20,22,24,26,27,29,30,31,32,34,35,36,42,44,46,48,49,2,7,8,11,13,15,19,21,23,25,28,37,38,39,40,41,43,45,47,50,
2to 2:
2to 3:1,3,4,5,6,9,10,12,13,14,16,18,22,24,25,26,28,29,31,34,35,39,41,42,43,44,46,48,2,7,8,11,15,19,20,21,23,27,30,32,36,37,38,40,45,47,49,50,
2to 4:1,3,4,6,9,12,13,14,16,18,21,22,24,25,26,27,28,29,31,33,34,35,36,39,40,41,42,44,45,46,48,50,2,5,7,8,10,11,15,19,20,23,30,32,37,38,43,47,49,
2to 5:1,5,6,9,12,13,14,16,18,22,23,24,26,28,29,30,33,34,39,42,44,48,49,50,2,3,4,7,8,10,11,15,17,19,20,21,25,27,31,32,35,36,37,38,40,41,43,45,46,47,
3to 1:1,2,3,4,5,6,7,8,11,12,13,14,15,16,17,19,21,23,24,25,26,27,28,31,34,35,37,38,39,41,43,45,46,47,48,49,50,9,10,18,20,22,29,30,36,40,44,
3to 2:1,2,3,4,5,7,8,11,12,13,14,15,16,19,20,21,22,23,24,25,26,27,28,29,31,32,34,35,37,38,39,41,42,43,45,46,47,49,50,6,9,10,18,30,36,40,44,48,
3to 3:
3to 4:1,2,3,4,6,7,8,10,11,12,13,14,15,16,19,21,22,23,24,25,26,27,28,31,32,33,34,35,37,38,39,40,41,42,45,46,49,50,5,9,18,20,29,30,36,43,44,47,48,
3to 5:1,2,3,4,8,10,11,12,13,14,15,16,17,19,21,22,23,24,25,26,27,28,31,32,34,35,37,38,39,40,41,42,43,45,46,47,48,49,50,5,6,7,9,18,20,29,30,33,36,44,
4to 1:1,2,3,7,9,11,12,13,14,15,16,17,18,19,21,23,24,25,26,27,28,29,31,33,34,35,37,38,39,41,43,45,46,47,48,50,4,5,8,10,20,22,30,36,40,44,49,
4to 2:1,2,3,5,6,7,8,9,10,11,12,13,14,18,19,21,22,24,25,26,27,28,29,31,32,34,35,37,38,39,40,41,42,43,45,46,48,49,50,4,15,20,23,30,36,44,47,
4to 3:1,2,3,6,11,12,13,14,15,16,21,23,24,25,26,27,28,31,32,34,35,37,38,39,40,41,42,43,44,45,46,48,50,4,5,7,8,9,10,18,19,20,22,29,30,33,36,47,49,
4to 4:
4to 5:1,2,3,6,7,8,10,11,12,13,14,16,17,18,19,21,24,25,26,27,28,30,31,32,33,34,35,36,37,38,39,40,41,42,43,45,46,47,48,49,50,4,5,9,15,20,22,23,29,44,
5to 1:6,7,10,12,13,15,17,18,19,20,22,23,25,27,29,31,34,35,36,39,40,42,43,44,45,47,48,49,50,1,2,3,4,5,8,9,11,14,16,21,24,26,28,30,33,37,38,41,46,
5to 2:2,3,4,5,9,10,12,13,15,16,17,19,22,23,24,25,26,27,28,29,30,33,35,37,38,39,40,43,45,46,47,49,1,6,7,8,11,14,18,20,21,31,32,34,36,41,42,44,48,50,
5to 3:3,5,9,12,13,15,17,19,20,22,23,24,25,28,29,31,32,34,37,39,40,42,43,45,47,49,1,2,4,6,7,8,10,11,14,16,18,21,26,27,30,33,36,38,41,44,46,48,50,
5to 4:2,3,10,12,13,15,16,17,19,20,22,24,25,27,29,32,33,35,37,39,41,43,45,46,47,48,49,1,4,5,6,7,8,9,11,14,18,21,23,26,28,30,31,34,36,38,40,42,44,50,
5to 5:

cell1:2,3,5,4,
cell2:1,4,5,3,
cell3:5,4,2,1,
cell4:2,3,5,1,
cell5:1,2,3,4,
