machine1:0,47,27,50,45,37,13,41,40,28,29,15,46,49,7,36,18,39,8,1,21,22,2,38,16,14,5,17,11,3,43,9,24,48,20,10,30,25,34,44,23,4,32,31,42,26,33,
machine2:0,47,27,50,45,41,40,28,29,15,46,49,12,7,36,18,19,39,8,1,21,35,22,2,38,16,14,5,17,11,3,43,9,24,48,20,30,25,44,23,4,6,31,42,26,33,
machine3:0,47,27,45,37,13,40,28,29,46,49,12,7,36,18,19,39,8,1,21,35,22,2,38,16,14,5,11,3,43,9,24,48,20,10,30,25,34,44,23,4,6,32,26,
machine4:0,47,27,50,45,37,13,41,40,28,29,15,46,49,7,36,18,19,39,8,1,21,35,22,2,38,16,14,5,17,11,3,24,48,10,30,34,44,23,6,32,31,
machine5:0,47,27,50,45,37,13,41,40,28,29,46,49,12,7,36,18,19,39,8,1,21,35,22,2,38,16,14,11,3,43,24,20,30,25,34,44,23,4,6,32,42,26,
machine6:0,47,27,50,45,37,13,41,40,28,29,15,46,49,12,7,36,18,19,39,8,1,21,35,22,2,38,14,5,11,3,43,24,48,20,10,30,25,34,44,23,4,31,42,26,
machine7:0,47,27,50,45,37,13,41,40,28,29,46,49,12,7,36,18,39,8,1,21,35,22,38,16,14,5,11,3,43,9,24,48,20,10,25,34,44,23,4,6,32,31,42,26,33,
machine8:0,47,27,50,45,37,13,41,40,28,29,15,46,49,7,36,18,19,39,8,1,21,35,22,2,38,16,14,17,11,3,9,24,48,20,10,30,25,34,44,23,4,32,42,26,33,
machine9:0,47,27,50,45,37,13,41,40,28,46,12,7,36,18,19,39,8,1,21,35,22,2,16,14,5,11,3,43,9,24,48,20,10,30,25,23,4,6,32,31,26,
machine10:0,47,27,50,45,37,13,41,40,28,29,15,46,49,7,36,18,19,8,1,21,22,2,38,14,5,11,43,24,48,20,10,30,25,34,4,6,31,26,33,
machine11:0,47,27,50,45,37,13,41,40,28,29,15,49,12,7,36,18,19,39,8,1,21,22,2,38,16,17,11,43,24,48,20,10,30,25,34,44,23,4,6,32,31,42,
machine12:0,47,27,50,45,37,13,41,40,28,29,15,46,49,12,7,36,18,19,39,8,1,21,35,22,2,38,16,14,5,17,11,3,43,9,24,48,20,10,30,25,34,44,23,4,6,32,31,42,26,33,
machine13:0,47,27,50,45,37,41,40,28,29,15,46,49,12,7,36,18,39,8,1,21,22,2,16,14,5,17,11,3,43,9,24,48,20,10,30,25,34,23,4,6,32,31,26,
machine14:0,47,27,50,45,37,13,41,40,28,29,15,46,49,7,36,18,19,39,8,1,21,35,22,2,38,16,14,5,17,11,3,43,9,24,48,20,10,30,25,34,44,23,4,6,31,42,33,
machine15:0,47,27,50,45,37,41,40,28,29,15,46,49,12,7,36,18,19,39,8,1,21,35,22,2,38,16,14,5,17,11,3,43,9,24,48,10,30,25,34,44,23,4,32,31,42,33,

1to 1:
1to 2:1,2,4,6,7,10,12,13,14,16,17,18,19,20,25,26,27,30,31,32,34,36,38,40,41,42,43,44,47,48,49,3,5,8,11,21,22,23,28,29,37,39,45,46,50,24,15,35,9,
1to 3:1,2,4,5,6,7,10,12,13,14,16,17,18,20,24,25,27,28,29,31,32,34,35,40,42,43,44,45,46,47,48,49,3,8,11,19,21,22,23,30,36,37,38,39,41,50,26,9,
1to 4:1,2,3,4,5,6,10,12,13,14,16,17,18,19,24,25,26,27,28,30,31,32,34,35,36,41,42,43,44,46,47,48,49,7,8,11,21,22,23,29,37,38,39,40,45,50,15,33,
1to 5:1,2,5,6,7,8,10,12,13,14,16,17,18,19,20,24,25,26,27,28,29,30,31,32,34,35,39,42,43,44,46,47,48,49,50,3,4,11,21,22,23,36,37,38,40,41,45,15,33,9,
2to 1:1,2,3,4,5,6,8,9,10,12,14,16,17,18,20,21,22,24,26,27,29,30,31,32,34,35,36,38,39,40,42,44,46,48,49,50,7,11,13,15,19,23,25,28,37,41,43,45,47,
2to 2:
2to 3:1,2,3,4,5,6,8,9,10,12,13,14,15,16,18,21,24,25,26,28,30,31,34,35,38,39,41,42,43,44,46,48,50,7,11,19,20,22,23,27,29,36,37,40,45,47,49,32,
2to 4:1,2,3,4,6,8,9,12,13,14,15,16,21,22,24,25,26,27,28,29,31,33,34,35,36,37,38,39,40,41,42,44,45,46,48,50,5,7,10,11,18,19,20,23,30,43,47,49,32,
2to 5:1,2,3,4,5,6,8,9,12,13,14,15,16,18,21,22,23,24,26,28,30,31,33,34,36,37,39,40,42,44,48,49,50,7,10,11,19,20,25,27,29,35,38,41,43,45,46,47,17,32,
3to 1:1,2,3,4,5,6,7,12,13,14,15,16,17,19,23,24,25,26,27,28,31,34,35,37,38,39,41,43,45,47,48,8,10,11,18,20,21,22,29,30,36,40,44,46,49,50,9,
3to 2:1,3,4,5,6,7,12,13,14,15,19,20,21,22,23,24,25,26,27,28,29,31,32,34,35,37,39,42,43,45,46,47,50,2,8,10,11,18,30,36,38,40,41,44,48,49,16,9,
3to 3:
3to 4:1,3,4,6,7,10,12,13,15,16,19,21,22,23,24,25,26,27,28,31,32,33,34,35,37,39,40,41,42,45,49,50,2,5,8,11,14,18,20,29,30,36,38,43,44,46,47,48,9,
3to 5:1,2,4,6,8,10,12,13,14,15,16,17,19,21,22,23,24,25,26,27,28,31,32,34,35,37,39,40,42,43,45,46,47,48,50,3,5,7,11,18,20,29,30,33,36,38,41,44,49,9,
4to 1:1,2,3,9,11,12,13,14,15,16,17,18,19,20,21,23,24,25,27,28,29,31,34,35,38,41,43,44,45,47,48,49,50,4,5,7,8,10,22,30,36,37,39,40,46,26,33,
4to 2:1,3,5,7,9,10,11,12,13,14,18,19,21,22,24,25,26,27,28,29,31,32,34,35,37,38,39,40,41,43,44,45,48,49,50,2,8,15,20,23,30,36,46,47,6,4,42,
4to 3:1,2,3,6,9,12,13,14,15,16,19,21,23,24,25,26,27,28,29,31,32,34,35,37,38,39,40,41,43,45,48,49,4,5,7,8,10,11,18,20,22,30,36,44,46,47,50,33,42,
4to 4:
4to 5:1,2,3,7,9,10,12,13,14,16,17,18,19,20,21,24,25,26,27,28,29,30,32,33,34,35,36,37,38,39,40,41,43,44,45,46,47,48,49,50,4,5,8,11,22,23,31,6,15,42,
5to 1:5,6,10,12,13,15,17,18,19,20,22,23,27,29,31,33,34,35,36,39,40,41,42,43,44,45,47,48,49,50,1,2,3,7,8,11,14,21,25,28,30,37,38,46,4,24,9,16,26,
5to 2:2,3,4,5,9,10,11,12,13,15,16,17,19,22,23,24,26,27,28,29,30,33,35,36,37,38,39,40,41,43,45,46,47,49,1,7,8,14,18,20,21,25,31,34,44,48,50,6,42,32,
5to 3:3,5,9,12,13,15,17,19,20,22,23,24,25,28,31,32,33,34,36,37,38,39,40,41,42,45,49,1,2,4,7,8,10,11,14,18,21,27,29,30,43,44,46,47,48,50,26,6,16,
5to 4:2,3,10,11,12,13,15,16,17,19,20,22,24,27,29,32,33,35,36,37,39,41,43,45,46,47,48,49,1,4,5,7,8,14,18,21,23,25,28,30,31,34,38,40,44,50,26,6,42,9,
5to 5:

cell1:4,3,2,5,
cell2:1,4,3,5,
cell3:4,1,5,2,
cell4:1,3,2,5,
cell5:4,3,1,2,
