machine1:0,42,32,46,29,43,8,18,36,28,22,40,11,20,41,49,37,5,38,7,14,33,45,4,2,26,30,34,44,39,47,13,50,23,31,27,1,17,25,21,48,15,10,9,16,24,3,
machine2:0,42,46,29,43,8,18,36,28,22,40,11,20,41,49,5,38,7,14,33,45,4,2,26,30,44,39,47,50,23,31,19,12,27,1,17,25,21,35,48,15,6,9,16,24,3,
machine3:0,32,46,29,43,8,18,36,28,22,40,11,20,49,37,5,38,7,14,45,4,2,26,30,34,44,39,47,13,23,19,12,27,1,25,21,35,48,10,6,9,16,24,3,
machine4:0,32,46,29,8,18,36,28,22,40,11,41,49,37,5,38,7,14,45,2,30,34,44,39,47,13,50,23,31,19,27,1,17,21,35,48,15,10,6,16,24,3,
machine5:0,42,32,46,29,43,8,18,36,28,22,40,11,20,41,49,37,38,7,14,45,4,2,26,30,34,44,39,47,13,50,23,19,12,27,1,25,21,35,6,16,24,3,
machine6:0,42,46,29,43,8,18,36,28,22,40,11,20,41,49,37,5,38,7,14,45,4,2,26,30,34,44,39,47,13,50,23,31,19,12,27,1,25,21,35,48,15,10,24,3,
machine7:0,42,32,46,29,43,8,18,36,28,22,40,11,20,41,49,37,5,38,7,14,33,45,4,26,34,44,39,47,13,50,23,31,12,27,1,25,21,35,48,10,6,9,16,24,3,
machine8:0,42,32,46,29,8,18,36,28,22,40,11,20,41,49,37,38,7,14,33,45,4,2,26,30,34,44,39,47,13,50,23,19,27,1,17,25,21,35,48,15,10,9,16,24,3,
machine9:0,32,46,43,8,18,36,28,22,40,11,20,41,37,5,7,14,45,4,2,26,30,39,47,13,50,23,31,19,12,27,1,25,21,35,48,10,6,9,16,24,3,
machine10:0,46,29,43,8,18,36,28,22,40,11,20,41,49,37,5,38,7,14,33,45,4,2,26,30,34,47,13,50,31,19,27,1,25,21,48,15,10,6,24,
machine11:0,42,32,29,43,8,18,36,28,22,40,11,20,41,49,37,38,7,45,4,2,30,34,44,39,47,13,50,23,31,19,12,27,1,17,25,21,48,15,10,6,16,24,
machine12:0,42,32,46,29,43,8,18,36,28,22,40,11,20,41,49,37,5,38,7,14,33,45,4,2,26,30,34,44,39,47,13,50,23,31,19,12,27,1,17,25,21,35,48,15,10,6,9,16,24,3,
machine13:0,32,46,29,43,8,18,36,28,22,40,11,20,41,49,37,5,7,14,45,4,2,26,30,34,39,47,50,23,31,12,27,1,17,25,21,48,15,10,6,9,16,24,3,
machine14:0,42,46,29,43,8,18,36,28,22,40,11,20,41,49,37,5,38,7,14,33,45,4,2,30,34,44,39,47,13,50,23,31,19,27,1,17,25,21,35,48,15,10,6,9,16,24,3,
machine15:0,42,32,46,29,43,8,18,36,28,22,40,11,41,49,37,5,38,7,14,33,45,4,2,30,34,44,39,47,50,23,31,19,12,27,1,17,25,21,35,48,15,10,9,16,24,3,

1to 1:
1to 2:1,4,6,7,10,12,13,14,16,17,18,19,20,25,26,27,31,32,34,36,38,40,41,42,43,44,47,48,49,9,24,15,35,3,23,30,2,39,45,29,21,28,11,22,5,46,8,37,50,
1to 3:1,2,4,5,6,7,10,12,13,14,16,17,18,20,24,25,27,28,29,31,32,34,35,38,40,42,43,44,45,46,47,48,49,9,26,3,23,30,19,39,41,21,11,22,36,8,37,50,
1to 4:1,2,3,4,5,6,10,12,13,16,17,19,24,26,27,28,30,31,32,34,35,36,38,41,42,43,44,46,47,48,49,15,33,25,23,14,39,45,29,21,11,22,18,8,40,7,37,50,
1to 5:1,2,4,5,6,7,8,10,12,13,14,16,17,18,19,20,24,25,26,27,28,29,30,31,32,34,35,38,39,42,43,44,46,47,48,49,50,9,15,33,3,23,41,45,21,11,22,36,40,37,
2to 1:1,3,4,5,6,9,10,11,12,14,15,16,17,18,20,22,24,26,27,29,30,31,32,34,35,36,38,39,40,42,44,46,48,49,25,23,13,19,43,2,41,45,21,28,8,7,37,50,47,
2to 2:
2to 3:1,3,4,5,6,9,10,12,13,14,15,16,18,24,25,26,28,30,31,34,35,38,39,41,42,43,44,46,32,23,49,48,20,19,2,45,29,21,11,22,36,27,8,40,7,37,50,47,
2to 4:1,3,4,6,9,11,12,13,14,15,16,18,21,22,24,25,26,27,28,29,31,33,34,35,36,38,39,40,41,42,44,45,46,50,32,10,23,49,48,20,30,19,43,2,5,8,7,37,47,
2to 5:1,4,5,6,9,12,13,14,15,16,18,22,23,24,26,28,30,33,34,36,39,40,42,44,49,50,17,32,35,31,25,3,10,48,20,19,43,38,2,41,45,29,21,11,27,46,8,7,37,47,
3to 1:1,2,3,4,5,6,8,11,12,13,14,15,16,17,19,21,23,24,25,26,27,28,31,34,35,37,38,41,43,45,47,50,9,10,44,49,48,20,30,39,29,22,36,18,46,40,7,
3to 2:1,3,4,5,7,8,12,13,14,15,19,20,21,22,23,24,25,26,27,28,29,31,32,34,35,37,39,42,43,45,46,47,50,9,6,16,10,44,49,48,30,38,2,41,11,36,18,40,
3to 3:
3to 4:1,3,4,6,8,10,12,13,14,15,16,19,21,22,23,24,25,26,27,28,31,32,33,34,35,37,39,40,41,42,45,49,50,9,44,48,20,30,43,38,2,29,11,36,5,18,46,7,47,
3to 5:1,2,3,4,8,10,11,12,13,14,15,16,17,19,21,22,23,24,25,26,28,31,32,34,35,37,39,40,42,43,45,46,47,50,9,6,33,44,49,48,20,30,38,41,29,36,5,18,27,7,
4to 1:1,2,3,7,9,11,12,13,14,15,16,17,18,19,20,21,23,24,25,26,27,28,29,31,34,35,37,39,41,43,45,46,47,48,49,50,33,4,10,44,30,38,22,36,5,8,40,
4to 2:1,2,3,5,6,7,8,9,10,11,12,13,14,15,18,19,21,22,24,25,26,27,28,29,31,32,34,35,37,39,40,41,42,43,45,46,48,49,50,4,23,44,20,30,38,36,47,
4to 3:1,2,3,6,9,11,12,13,14,15,16,19,21,23,24,25,26,27,28,29,31,32,34,35,36,37,39,40,41,42,44,45,46,48,49,50,33,4,10,20,30,43,38,22,5,18,8,7,47,
4to 4:
4to 5:1,2,3,6,7,8,9,10,11,12,13,14,15,16,17,18,19,20,21,24,25,26,27,28,29,30,31,32,33,34,35,36,37,39,40,41,42,43,45,46,47,48,49,50,4,23,44,38,22,5,
5to 1:6,7,10,12,13,17,18,19,20,22,25,27,29,31,33,34,35,36,39,40,42,43,44,45,47,48,49,50,9,26,24,16,15,4,3,23,1,30,38,14,2,41,21,28,11,5,46,8,37,
5to 2:2,3,4,5,9,10,11,12,13,15,16,17,19,22,23,24,25,26,27,28,29,30,33,35,37,38,39,40,43,45,46,47,49,32,42,6,31,34,44,48,1,20,14,41,21,36,18,8,7,50,
5to 3:3,5,9,12,13,15,17,19,20,22,23,24,25,28,29,31,32,33,34,37,39,40,42,43,45,47,49,26,6,16,4,10,44,48,1,30,38,14,2,41,21,11,36,18,27,46,8,7,50,
5to 4:2,3,10,12,13,15,16,17,19,20,22,24,25,27,29,32,33,35,37,39,41,43,45,46,47,48,49,42,9,26,6,4,31,34,23,44,1,30,38,14,21,28,11,36,5,18,8,40,7,50,
5to 5:

cell1:5,2,3,4,
cell2:5,4,1,3,
cell3:2,5,1,4,
cell4:5,2,1,3,
cell5:1,2,4,3,
