0:	12569.1	8,15,15,18,12,7,11,9,12,2,14,7,11,7,6,7,8,13,13,13,5,:	4,0,1,7,1,8,0,
1:	8866.300000000001	8,15,15,18,12,7,12,9,12,2,14,7,12,1,15,7,4,13,13,8,5,:	3,0,1,7,1,8,0,
2:	10933.0	8,19,15,18,12,13,19,19,19,9,14,9,12,1,15,7,8,13,13,13,5,:	6,0,1,7,5,7,0,
3:	9921.599999999999	8,15,15,18,12,7,11,9,12,2,4,9,12,7,15,7,8,13,13,13,5,:	6,0,1,7,1,7,0,
4:	10736.600000000004	8,15,15,18,12,7,12,9,12,2,14,6,12,1,7,7,8,13,13,13,5,:	6,5,1,7,1,8,0,
5:	9509.8	8,15,15,18,12,6,12,9,12,2,14,7,12,1,15,7,16,13,13,8,5,:	3,0,1,7,1,8,0,
6:	9241.300000000001	8,15,15,18,12,7,12,9,12,2,14,6,12,1,7,7,8,13,13,13,5,:	6,0,1,7,1,8,0,
7:	9686.000000000002	8,15,15,18,12,7,12,9,12,2,14,6,12,1,7,7,15,13,13,13,5,:	6,3,1,7,1,8,0,
8:	8856.4	8,15,8,18,12,7,11,9,12,2,14,7,11,7,15,7,8,13,13,13,5,:	3,0,1,7,1,7,0,
9:	9840.400000000001	8,15,15,18,12,7,11,9,12,2,14,9,12,7,15,7,8,13,13,13,5,:	5,0,1,0,1,8,0,
10:	13509.800000000003	8,15,15,18,3,7,12,9,12,2,14,7,12,1,15,7,8,13,13,13,5,:	6,0,6,7,1,7,0,
11:	10683.300000000005	8,19,15,18,9,13,19,19,19,2,14,9,12,1,15,7,8,13,13,13,5,:	6,0,1,7,5,7,0,
12:	12505.499999999998	8,15,15,18,12,7,12,9,12,2,14,7,12,1,15,7,8,3,13,13,5,:	6,2,1,7,1,7,0,
13:	9475.800000000001	8,15,15,18,12,7,12,9,12,2,14,7,12,1,15,7,8,13,13,13,5,:	6,0,1,7,1,8,0,
14:	9994.0	8,15,15,18,12,7,12,9,12,2,14,6,12,1,7,16,8,13,13,13,5,:	6,0,1,7,0,7,0,
15:	9802.200000000003	8,15,15,18,12,7,11,9,12,2,14,9,12,5,15,7,8,13,13,13,5,:	8,0,1,7,1,8,0,
16:	11175.699999999999	8,19,15,18,12,13,19,19,12,2,14,7,12,1,15,7,8,13,15,13,5,:	6,0,1,7,1,5,0,
17:	9897.300000000003	8,15,15,18,12,7,12,9,19,2,14,9,12,1,15,7,8,13,13,13,5,:	6,0,1,7,1,8,0,
18:	9947.999999999998	8,15,15,18,12,7,12,9,12,2,14,7,12,1,10,7,8,13,13,13,5,:	6,0,1,7,1,8,0,
19:	11910.499999999996	8,15,15,18,12,7,11,9,12,2,14,7,11,7,14,7,8,13,13,13,5,:	6,0,1,7,5,7,0,
20:	10103.400000000001	8,15,15,18,12,7,12,9,12,2,12,7,12,1,15,7,16,13,13,8,5,:	6,0,1,7,3,7,0,
21:	10925.799999999997	8,15,15,18,12,7,12,9,12,2,14,6,12,1,7,7,8,13,13,13,5,:	3,0,1,7,1,8,0,
22:	10278.999999999996	8,19,15,18,12,13,19,19,19,2,14,9,12,1,15,7,8,13,13,13,5,:	3,0,1,7,1,7,0,
23:	10298.700000000004	8,15,15,18,12,7,11,9,12,2,14,7,11,7,15,7,8,13,13,13,5,:	6,5,1,7,1,8,0,
24:	11880.899999999998	8,15,15,18,12,13,19,19,19,2,14,9,12,1,15,7,3,13,13,13,5,:	6,0,1,0,1,8,0,
25:	11661.2	8,19,15,18,12,5,11,9,12,2,14,7,11,7,15,7,8,13,13,13,5,:	6,0,1,7,1,8,0,
26:	11975.2	8,15,15,18,12,7,12,9,12,2,14,7,12,1,15,7,16,13,13,8,3,:	6,0,1,7,1,2,0,
27:	11833.099999999999	8,15,15,18,12,7,12,9,12,9,14,7,12,1,15,7,8,13,13,13,5,:	6,0,1,7,5,7,0,
28:	11749.499999999998	8,15,15,18,12,7,11,9,12,2,12,7,11,7,15,7,8,13,13,13,5,:	6,0,1,7,5,7,3,
29:	11339.499999999998	8,15,15,18,12,7,12,9,12,2,14,6,12,1,7,7,8,13,13,10,5,:	6,0,1,7,5,7,0,
30:	10756.900000000001	8,15,15,18,12,7,12,9,12,2,14,7,12,1,15,7,8,13,13,13,5,:	3,0,1,7,1,8,2,
31:	10994.9	8,15,15,18,12,7,11,9,12,2,14,7,11,7,15,7,8,13,13,13,5,:	3,2,1,7,1,8,0,
32:	13592.700000000003	8,15,15,18,12,7,11,9,12,2,14,7,11,7,15,7,8,13,13,10,5,:	6,0,1,7,5,5,0,
33:	9814.400000000001	8,15,15,18,12,7,11,9,12,2,14,7,11,5,15,7,8,13,13,13,5,:	6,0,1,7,1,8,0,
34:	11722.799999999997	8,19,15,18,12,13,19,19,19,2,14,9,12,1,15,7,8,13,13,13,5,:	4,0,1,7,1,8,0,
35:	11534.200000000003	8,15,15,18,12,7,12,9,12,2,14,6,13,1,7,7,8,13,13,13,5,:	6,0,1,0,1,8,0,
36:	13144.9	8,15,15,18,12,13,19,19,19,2,14,9,12,1,7,7,8,13,13,13,5,:	8,0,1,7,1,8,0,
37:	13565.099999999997	8,19,15,18,12,7,12,9,12,2,14,6,12,1,15,7,8,13,13,13,5,:	6,0,1,1,1,8,0,
38:	11328.700000000003	8,15,15,18,12,7,12,9,12,2,14,6,12,1,7,7,8,13,13,13,5,:	3,2,1,7,1,8,0,
39:	11311.200000000003	8,0,15,18,12,7,12,9,12,2,14,7,12,1,15,7,8,13,13,13,5,:	3,0,1,7,1,8,0,
40:	9936.899999999998	8,15,15,18,12,7,12,9,12,2,14,7,12,0,15,7,8,13,13,13,5,:	3,0,1,7,1,8,0,
41:	10958.4	8,15,15,18,12,7,12,9,12,2,14,7,12,1,15,7,16,13,13,8,5,:	3,0,1,7,1,2,0,
42:	8969.300000000001	8,15,15,18,12,13,19,19,19,2,14,7,12,1,15,7,8,13,13,13,5,:	6,0,1,7,1,8,0,
43:	10559.200000000004	8,19,15,18,12,7,12,9,12,13,14,9,12,1,15,7,8,13,13,13,5,:	6,0,1,0,1,8,0,
44:	10795.199999999997	8,15,15,18,12,7,12,9,12,2,14,6,12,1,7,7,8,13,3,13,5,:	6,0,1,8,1,8,0,
45:	12643.200000000004	8,15,15,9,12,7,12,9,12,2,14,7,12,1,15,7,8,13,13,13,5,:	6,0,1,0,8,8,0,
46:	9933.399999999998	8,19,15,18,12,13,19,19,4,2,14,7,11,7,15,7,8,13,13,13,5,:	6,0,1,7,1,8,0,
47:	8802.199999999999	8,15,15,18,12,7,11,9,12,2,14,14,12,1,15,7,8,13,13,13,5,:	0,0,1,7,1,8,0,
