machine1:0,4,88,102,123,27,114,92,2,8,10,122,32,98,50,80,109,127,17,12,43,1,26,46,54,36,67,113,96,37,60,29,132,119,65,62,139,57,45,99,136,91,51,72,84,94,13,48,124,97,47,115,58,18,24,28,3,78,121,20,42,104,7,108,128,41,110,100,93,140,56,77,44,34,68,86,39,6,49,85,101,
machine2:0,4,61,69,138,131,88,31,102,123,15,14,126,105,129,27,114,70,63,106,92,2,8,10,122,32,98,66,75,125,50,80,116,109,118,127,17,12,43,1,26,46,54,36,133,67,89,9,113,96,53,87,37,19,60,81,120,33,11,29,132,119,65,62,139,130,57,45,16,103,82,135,99,90,136,91,117,25,51,35,55,74,5,72,84,73,94,83,111,21,13,59,23,48,124,97,47,134,137,115,95,58,18,24,28,40,3,78,121,20,64,42,104,7,22,108,128,76,41,110,38,100,93,140,56,30,71,77,44,52,34,68,107,86,39,6,49,112,85,101,79,
machine3:0,138,88,31,126,129,10,32,125,80,109,118,17,12,46,36,133,67,89,9,87,37,19,120,132,62,130,57,16,135,51,55,74,72,73,48,124,47,134,115,95,58,24,28,40,3,121,20,42,7,108,128,76,110,38,93,140,30,71,86,39,6,49,112,101,79,
machine4:0,4,138,131,88,31,123,15,14,126,129,27,70,63,106,92,2,8,10,32,66,125,50,80,109,118,17,12,1,26,46,54,36,133,67,89,9,96,87,37,19,60,120,33,29,132,65,62,130,57,16,82,135,99,90,117,25,51,35,55,74,5,72,84,73,94,83,111,21,13,59,23,48,124,97,47,134,137,115,95,58,18,24,28,40,3,78,121,20,64,42,7,22,108,128,76,41,110,38,93,140,56,30,71,77,44,34,68,107,86,39,6,49,112,85,101,79,
machine5:0,4,61,69,138,131,88,102,123,15,14,126,105,129,27,70,106,2,8,122,98,75,125,50,80,116,109,127,17,12,43,1,26,46,54,36,133,67,89,9,96,53,87,37,19,60,81,120,33,11,29,132,65,62,130,57,45,16,103,99,90,91,25,51,35,55,72,84,73,94,83,111,21,59,23,48,97,47,134,137,95,58,18,24,28,40,3,121,20,64,42,104,7,22,108,128,76,41,110,38,100,93,140,56,30,71,77,44,52,34,68,107,86,39,6,49,112,85,101,79,
machine6:0,4,138,131,88,102,126,27,70,122,98,75,125,50,80,109,17,12,43,1,46,36,133,67,89,9,87,37,19,60,81,120,11,29,132,62,130,57,45,16,103,99,90,25,51,35,55,72,73,94,111,21,59,23,48,134,95,58,18,24,28,40,3,121,20,64,42,104,7,22,108,128,76,41,110,38,100,93,140,56,30,71,77,44,52,34,68,107,86,39,6,49,112,85,101,79,
machine7:0,102,125,80,109,17,12,43,1,36,67,9,87,60,120,11,29,57,45,16,99,25,51,55,73,94,111,21,59,134,95,18,24,40,20,64,42,104,7,108,76,41,110,38,100,93,140,56,71,77,44,52,34,68,107,86,39,6,49,112,85,101,79,
machine8:0,4,61,69,138,131,88,31,102,123,15,14,126,105,129,27,114,106,92,2,8,10,32,98,50,116,109,118,127,17,12,43,1,26,46,36,133,67,89,9,96,53,87,37,19,60,81,120,119,65,62,139,130,57,45,16,82,99,90,136,91,117,25,51,55,74,5,72,84,73,94,83,111,21,59,48,124,97,47,134,137,115,95,58,18,24,28,40,3,78,121,20,64,42,104,7,22,108,128,76,41,110,38,100,93,140,56,71,77,44,52,34,68,107,86,39,6,49,112,85,101,79,
machine9:0,4,61,69,138,131,88,31,102,123,15,105,114,10,32,98,50,109,118,127,12,43,46,36,67,89,9,96,53,87,37,19,60,81,120,119,65,62,139,57,45,16,99,136,117,25,51,55,74,5,72,84,73,83,111,21,97,47,115,95,58,24,28,40,3,78,20,42,104,7,128,76,110,38,100,140,56,71,77,44,52,34,68,107,86,39,49,112,85,101,79,
machine10:0,4,61,69,138,131,88,15,105,114,109,12,46,89,9,96,53,37,19,60,120,119,65,139,57,45,16,136,117,25,51,55,5,72,84,111,47,115,95,58,24,40,3,78,20,42,104,128,76,100,140,56,77,52,34,68,86,39,49,112,79,
machine11:0,4,88,129,106,2,8,75,109,17,12,43,26,46,54,36,89,96,37,19,81,11,132,62,139,57,103,82,135,117,25,35,55,74,5,72,94,23,97,47,95,58,40,3,78,121,20,42,7,128,76,41,110,38,56,30,77,44,52,34,68,86,39,6,49,112,85,101,79,
machine12:0,4,88,31,129,114,63,106,2,8,66,75,50,116,109,118,17,12,43,26,46,54,36,133,67,89,9,113,96,53,37,19,81,33,11,29,132,119,65,62,139,130,57,45,103,82,135,99,90,136,91,117,25,51,35,55,74,5,72,84,94,83,111,13,23,48,124,97,47,134,137,115,95,58,24,28,40,3,78,121,20,64,42,7,22,108,128,76,41,110,38,100,93,56,30,71,77,44,52,34,68,107,86,39,6,49,112,85,101,79,
machine13:0,4,69,131,31,123,27,70,63,92,2,66,75,125,43,54,67,89,9,113,87,19,60,81,120,33,11,29,65,130,51,74,72,84,111,21,13,59,48,124,47,134,115,95,58,40,64,7,128,76,38,93,140,71,77,44,52,34,107,112,85,101,79,
machine14:0,4,69,131,31,123,15,14,126,27,70,63,106,92,2,8,10,122,98,66,75,125,116,109,17,12,43,1,54,67,89,9,113,96,53,87,37,19,60,81,120,33,11,29,132,65,62,130,45,135,90,136,91,117,25,51,55,74,5,72,84,73,111,21,13,59,23,48,124,97,47,134,115,95,58,40,78,121,20,64,42,104,7,108,128,76,41,38,100,93,140,56,30,71,77,44,52,34,107,86,6,49,112,85,101,79,

1to 1:
1to 2:138,80,50,33,120,66,18,140,38,37,78,35,57,1,39,4,77,
1to 3:8,28,30,91,73,49,88,25,21,2,51,42,34,26,3,16,103,87,
1to 4:112,53,110,100,27,68,104,111,93,90,56,129,9,115,102,62,31,126,101,131,61,118,81,98,
1to 5:58,13,137,22,124,84,45,128,95,72,47,6,135,132,44,117,7,82,97,119,
1to 6:134,52,109,130,5,19,89,121,113,136,60,96,85,122,108,123,69,59,15,23,64,76,54,86,55,40,65,
2to 1:85,111,7,46,86,31,59,74,125,40,133,25,32,83,68,118,10,126,29,19,54,
2to 2:
2to 3:79,140,134,9,93,47,131,15,60,107,35,123,24,64,106,23,99,18,129,
2to 4:41,39,3,48,72,88,44,51,65,84,67,96,36,95,58,22,92,
2to 5:20,42,38,94,112,90,57,5,49,2,30,17,130,
2to 6:101,73,8,4,132,27,34,77,6,12,70,13,78,63,71,66,14,
3to 1:38,109,79,112,44,107,52,128,121,22,76,60,137,24,70,129,57,127,69,62,37,106,122,99,71,65,102,33,105,95,94,36,23,80,
3to 2:20,8,73,111,56,101,132,86,55,17,110,108,125,67,133,12,34,126,96,41,29,
3to 3:
3to 4:6,40,85,89,120,77,59,138,19,42,2,130,4,21,123,16,28,26,134,50,1,45,14,
3to 5:3,9,83,46,51,64,100,48,91,103,35,116,
3to 6:58,25,30,75,7,43,53,11,140,87,84,97,
4to 1:116,91,72,82,15,48,120,88,138,140,34,97,49,8,92,14,84,18,77,67,
4to 2:32,24,106,47,87,130,16,42,21,62,26,74,60,99,117,94,
4to 3:27,81,90,46,100,128,22,109,17,36,55,105,7,121,137,61,44,83,69,127,68,
4to 4:
4to 5:50,85,86,96,133,65,139,93,108,43,39,89,101,110,115,71,12,28,52,76,114,
4to 6:1,38,112,10,104,107,131,51,56,98,124,79,20,41,37,
5to 1:4,9,11,17,26,41,50,53,55,56,66,89,90,96,113,114,130,134,139,
5to 2:3,6,19,25,28,31,36,46,48,51,54,58,63,68,76,79,82,83,88,93,95,97,118,121,124,128,129,137,
5to 3:12,33,39,40,43,45,62,65,71,75,84,94,108,110,111,133,
5to 4:5,7,8,20,24,37,38,47,49,57,64,74,78,99,107,109,116,117,119,136,
5to 5:
5to 6:2,29,44,67,72,81,91,106,115,135,
6to 1:117,1,75,12,27,21,101,43,20,132,47,124,81,93,63,45,100,2,13,42,58,
6to 2:134,64,10,131,112,49,9,15,92,123,115,90,135,89,109,107,30,5,
6to 3:19,70,59,126,56,67,98,120,4,37,125,85,29,48,95,54,104,72,116,6,14,
6to 4:108,106,71,52,25,87,17,86,76,128,97,73,55,
6to 5:136,40,74,78,79,33,62,77,41,121,31,111,11,34,23,53,
6to 6:

cell1:4,3,6,5,2,
cell2:4,3,1,6,5,
cell3:2,1,4,6,5,
cell4:1,6,5,3,2,
cell5:6,4,3,2,1,
cell6:2,5,3,1,4,
