machine1:0,36,94,41,29,20,101,77,67,34,86,24,132,65,96,43,97,85,44,60,1,88,13,10,127,50,122,32,123,114,102,54,2,91,17,92,26,18,8,27,49,12,7,113,98,72,56,93,6,84,139,48,99,39,136,140,100,104,42,46,51,68,121,128,28,119,45,108,47,110,124,115,62,37,4,109,57,80,78,58,3,
machine2:0,36,94,41,29,20,101,77,67,34,86,24,30,132,65,96,43,97,85,112,44,60,52,1,116,88,33,13,71,83,14,107,10,75,127,50,63,122,21,32,81,35,123,114,11,105,70,90,137,31,129,102,22,106,54,2,91,125,17,92,26,18,59,64,66,8,27,49,12,7,113,98,72,126,56,93,6,84,139,103,134,48,15,82,38,69,23,131,99,39,136,118,140,100,104,117,42,25,133,46,51,68,130,121,128,28,79,95,19,73,119,45,40,108,47,110,124,53,61,87,115,111,62,37,4,9,109,120,76,74,135,57,89,16,55,80,5,78,58,138,3,
machine3:0,36,20,101,67,86,24,30,132,112,88,71,10,32,31,129,125,17,49,12,7,72,126,93,6,134,48,38,39,118,140,42,133,46,51,130,121,128,28,79,95,19,73,40,108,47,110,124,87,115,62,37,9,109,120,76,74,135,57,89,16,55,80,58,138,3,
machine4:0,36,94,41,29,20,101,77,67,34,86,24,30,132,65,96,97,85,112,44,60,1,88,33,13,71,83,14,107,10,50,63,21,32,35,123,70,90,137,31,129,22,106,54,2,125,17,92,26,18,59,64,66,8,27,49,12,7,72,126,56,93,6,84,134,48,15,82,38,23,131,99,39,118,140,117,42,25,133,46,51,68,130,121,128,28,79,95,19,73,40,108,47,110,124,87,115,111,62,37,4,9,109,120,76,74,135,57,89,16,55,80,5,78,58,138,3,
machine5:0,36,94,41,29,20,101,77,67,34,86,24,30,132,65,96,43,97,85,112,44,60,52,1,116,88,33,71,83,14,107,75,127,50,122,21,81,35,123,11,105,70,90,137,129,102,22,106,54,2,91,125,17,26,18,59,64,8,27,49,12,7,98,72,126,56,93,6,84,103,134,48,15,38,69,23,131,99,39,140,100,104,42,25,133,46,51,68,130,121,128,28,79,95,19,73,45,40,108,47,110,53,61,87,111,62,37,4,9,109,120,76,57,89,16,55,80,58,138,3,
machine6:0,36,94,41,29,20,101,77,67,34,86,24,30,132,43,85,112,44,60,52,1,88,71,107,75,50,122,21,81,35,11,70,90,102,22,125,17,18,59,64,27,49,12,7,98,72,126,56,93,6,103,134,48,38,23,131,99,39,140,100,104,42,25,133,46,51,68,130,121,128,28,79,95,19,73,45,40,108,110,87,111,62,37,4,9,109,120,76,57,89,16,55,80,58,138,3,
machine7:0,36,94,41,29,20,101,77,67,34,86,24,43,85,112,44,60,52,1,71,107,21,11,102,125,17,18,59,64,49,12,7,56,93,6,134,38,99,39,140,100,104,42,25,51,68,79,95,73,45,40,108,110,87,111,9,109,120,76,57,16,55,80,
machine8:0,36,94,41,20,101,77,67,34,86,24,65,96,43,97,85,112,44,60,52,1,116,88,71,83,14,107,10,127,50,21,32,81,123,114,105,90,137,31,129,102,22,106,2,91,17,92,26,18,59,64,8,27,49,12,7,98,72,126,56,93,6,84,139,134,48,15,82,38,69,131,99,39,136,118,140,100,104,117,42,25,133,46,51,68,130,121,128,28,79,95,19,73,119,45,40,108,47,110,124,53,61,87,115,111,62,37,4,9,109,120,76,74,57,89,16,55,5,78,58,138,3,
machine9:0,36,20,101,77,67,34,86,24,65,96,43,97,85,112,44,60,52,88,71,83,107,10,127,50,21,32,81,123,114,105,31,102,49,12,7,98,72,56,84,139,15,38,69,131,99,39,136,118,140,100,104,117,42,25,46,51,68,128,28,79,95,19,73,119,45,40,47,110,53,61,87,115,111,62,37,4,9,109,120,76,74,57,89,16,55,5,78,58,138,3,
machine10:0,20,77,34,86,24,65,96,112,60,52,88,114,105,49,12,72,56,84,139,15,69,131,39,136,140,100,104,117,42,25,46,51,68,128,79,95,19,119,45,40,47,53,61,115,111,37,4,9,109,120,76,57,89,16,55,5,78,58,138,3,
machine11:0,36,94,41,20,101,77,34,86,30,132,96,43,97,85,112,44,52,88,75,81,35,11,129,106,54,2,17,26,8,49,12,7,72,56,6,139,103,82,38,23,39,117,42,25,46,68,121,128,79,95,19,40,47,110,62,37,4,109,76,74,135,57,89,55,5,78,58,3,
machine12:0,36,94,41,29,20,101,77,67,34,86,24,30,132,65,96,43,97,85,112,44,52,116,88,33,13,71,83,107,75,50,63,81,35,114,11,90,137,31,129,22,106,54,2,91,17,26,64,66,8,49,12,7,113,72,56,93,6,84,139,103,134,48,82,38,23,99,39,136,118,100,117,42,25,133,46,51,68,130,121,128,28,79,95,19,119,45,40,108,47,110,124,53,115,111,62,37,4,9,109,76,74,135,57,89,55,5,78,58,3,
machine13:0,29,101,77,67,34,65,43,85,112,44,60,52,33,13,71,107,75,63,21,81,123,11,70,31,54,2,125,92,59,64,66,27,7,113,72,93,84,134,48,38,69,131,140,51,130,128,79,95,19,40,47,124,87,115,111,4,9,120,76,74,89,58,
machine14:0,41,29,20,101,77,67,34,86,30,132,65,96,43,97,85,112,44,60,52,1,116,33,13,71,14,107,10,75,63,122,21,81,123,11,70,90,31,106,54,2,91,125,17,92,59,64,66,8,27,49,12,7,113,98,72,126,56,93,6,84,134,48,15,38,69,23,131,136,140,100,104,117,42,25,51,130,121,128,79,95,19,73,45,40,108,47,124,53,87,115,111,62,37,4,9,109,120,76,74,135,89,55,5,78,58,

1to 1:
1to 2:35,80,66,18,138,33,50,1,57,120,78,4,37,39,140,38,77,
1to 3:103,87,91,16,21,28,26,2,30,88,73,25,3,42,49,34,51,8,
1to 4:118,126,61,81,102,98,90,53,129,104,27,100,31,131,93,110,68,115,62,56,111,112,9,101,
1to 5:119,82,13,135,45,137,97,117,124,22,132,84,72,7,6,95,47,58,44,128,
1to 6:113,122,23,123,5,136,15,54,55,59,96,130,69,65,108,40,121,64,134,19,76,60,89,109,52,86,85,
2to 1:118,126,32,10,29,125,133,54,83,59,31,46,74,7,40,25,68,19,86,85,111,
2to 2:
2to 3:35,99,23,123,18,129,15,24,131,93,106,107,64,47,134,60,140,9,79,
2to 4:92,22,96,36,65,84,72,88,95,3,41,67,48,39,58,44,51,
2to 5:90,5,94,17,57,2,130,30,42,49,38,112,20,
2to 6:13,14,63,66,70,132,27,78,73,71,4,6,34,8,77,12,101,
3to 1:105,102,80,122,99,23,127,137,129,70,22,33,94,24,57,36,69,65,71,106,107,121,95,76,60,62,37,109,52,44,38,112,128,79,
3to 2:126,29,125,133,55,17,96,132,73,108,110,41,67,86,34,56,8,111,12,101,20,
3to 3:
3to 4:14,45,123,16,138,21,50,59,1,28,26,120,2,130,40,4,6,134,19,42,89,85,77,
3to 5:103,116,35,91,83,100,46,64,3,48,51,9,
3to 6:87,53,97,11,75,43,84,30,7,25,58,140,
4to 1:82,116,14,92,18,91,15,97,138,120,84,72,88,67,48,49,140,34,8,77,
4to 2:32,99,87,16,117,21,94,24,26,130,74,106,47,42,60,62,
4to 3:105,61,81,90,127,137,83,22,55,17,27,100,36,69,46,7,68,121,109,44,128,
4to 4:
4to 5:114,139,133,50,28,96,43,65,108,93,71,110,115,76,89,39,52,86,85,12,101,
4to 6:10,98,124,104,1,131,107,41,37,51,38,56,112,79,20,
5to 1:113,114,66,139,90,53,55,17,11,50,26,96,130,4,134,41,89,56,9,
5to 2:82,118,63,137,129,54,97,83,124,28,36,31,46,88,93,6,25,68,121,95,3,19,76,48,58,51,128,79,
5to 3:45,133,33,94,75,43,65,84,108,71,40,110,62,39,111,12,
5to 4:119,116,99,5,136,117,24,57,78,74,7,107,64,47,37,109,49,38,8,20,
5to 5:
5to 6:81,135,29,91,2,72,106,115,67,44,
6to 1:58,42,2,13,100,45,63,93,81,47,124,132,20,43,101,21,27,12,75,1,117,
6to 2:5,30,107,109,89,135,90,115,123,92,15,9,49,112,131,10,64,134,
6to 3:14,6,116,72,104,54,95,48,29,85,125,4,37,120,67,98,56,126,59,70,19,
6to 4:55,73,97,76,128,86,17,87,25,52,71,106,108,
6to 5:53,23,34,11,111,31,121,41,77,62,33,79,78,74,40,136,
6to 6:

cell1:5,2,4,6,3,
cell2:1,3,6,4,5,
cell3:5,4,6,1,2,
cell4:3,2,1,5,6,
cell5:1,6,2,4,3,
cell6:5,3,4,1,2,
