machine1:0,109,50,80,115,37,8,124,28,26,62,47,4,32,10,122,2,13,27,114,92,91,84,119,98,136,123,113,102,88,65,54,127,48,17,12,67,46,96,36,1,29,139,108,6,99,45,51,128,43,97,57,132,72,58,94,3,60,7,78,121,20,100,18,24,56,41,104,110,44,34,93,140,86,42,68,39,77,85,49,101,
machine2:0,109,50,80,115,37,8,124,28,26,62,66,33,137,138,15,131,82,83,126,133,95,47,4,130,90,14,32,10,122,106,116,2,13,129,22,105,27,114,70,63,92,61,81,91,53,84,119,75,98,69,118,136,123,31,113,19,102,88,65,54,127,48,125,120,17,74,12,9,67,46,96,36,89,103,1,29,11,111,87,139,5,108,6,99,45,51,128,135,16,21,43,117,97,55,57,35,132,25,72,23,73,58,94,3,60,7,134,78,38,121,20,100,18,24,40,59,56,41,104,30,76,64,110,44,71,34,93,140,107,86,42,68,39,77,52,112,85,49,101,79,
machine3:0,109,80,115,37,124,28,62,138,126,133,95,47,130,32,10,129,118,31,19,88,48,125,120,17,74,12,9,67,46,36,89,87,108,6,51,128,135,16,55,57,132,72,73,58,3,7,134,38,121,20,24,40,30,76,110,71,93,140,86,42,39,112,49,101,79,
machine4:0,109,50,80,115,37,8,124,28,26,62,66,33,137,138,15,131,82,83,126,133,95,47,4,130,90,14,32,10,106,2,13,129,22,27,70,63,92,84,118,123,31,19,88,65,54,48,125,120,17,74,12,9,67,46,96,36,89,1,29,111,87,5,108,6,99,51,128,135,16,21,117,97,55,57,35,132,25,72,23,73,58,94,3,60,7,134,78,38,121,20,18,24,40,59,56,41,30,76,64,110,44,71,34,93,140,107,86,42,68,39,77,112,85,49,101,79,
machine5:0,109,50,80,37,8,28,26,62,33,137,138,15,131,83,126,133,95,47,4,130,90,14,122,106,116,2,129,22,105,27,70,61,81,91,53,84,75,98,69,123,19,102,88,65,54,127,48,125,120,17,12,9,67,46,96,36,89,103,1,29,11,111,87,108,6,99,45,51,128,16,21,43,97,55,57,35,132,25,72,23,73,58,94,3,60,7,134,38,121,20,100,18,24,40,59,56,41,104,30,76,64,110,44,71,34,93,140,107,86,42,68,39,77,52,112,85,49,101,79,
machine6:0,109,50,80,37,28,62,138,131,126,133,95,4,130,90,122,22,27,70,81,75,98,19,102,88,48,125,120,17,12,9,67,46,36,89,103,1,29,11,111,87,108,6,99,45,51,128,16,21,43,55,57,35,132,25,72,23,73,58,94,3,60,7,134,38,121,20,100,18,24,40,59,56,41,104,30,76,64,110,44,71,34,93,140,107,86,42,68,39,77,52,112,85,49,101,79,
machine7:0,109,80,95,102,125,120,17,12,9,67,36,1,29,11,111,87,108,6,99,45,51,16,21,43,55,57,25,73,94,60,7,134,38,20,100,18,24,40,59,56,41,104,76,64,110,44,71,34,93,140,107,86,42,68,39,77,52,112,85,49,101,79,
machine8:0,109,50,115,37,8,124,28,26,62,137,138,15,131,82,83,126,133,95,47,4,130,90,14,32,10,106,116,2,129,22,105,27,114,92,61,81,91,53,84,119,98,69,118,136,123,31,19,102,88,65,127,48,120,17,74,12,9,67,46,96,36,89,1,111,87,139,5,108,6,99,45,51,128,16,21,43,117,97,55,57,25,72,73,58,94,3,60,7,134,78,38,121,20,100,18,24,40,59,56,41,104,76,64,110,44,71,34,93,140,107,86,42,68,39,77,52,112,85,49,101,79,
machine9:0,109,50,115,37,28,62,138,15,131,83,95,47,4,32,10,105,114,61,81,53,84,119,98,69,118,136,123,31,19,102,88,65,127,120,74,12,9,67,46,96,36,89,111,87,139,5,99,45,51,128,16,21,43,117,97,55,57,25,72,73,58,3,60,7,78,38,20,100,24,40,56,104,76,110,44,71,34,140,107,86,42,68,39,77,52,112,85,49,101,79,
machine10:0,109,115,37,138,15,131,95,47,4,105,114,61,53,84,119,69,136,19,88,65,120,12,9,46,96,89,111,139,5,45,51,128,16,117,55,57,25,72,58,3,60,78,20,100,24,40,56,104,76,34,140,86,42,68,39,77,52,112,49,79,
machine11:0,109,37,8,26,62,82,95,47,4,106,2,129,81,75,19,88,54,17,74,12,46,96,36,89,103,11,139,5,6,128,135,43,117,97,55,57,35,132,25,72,23,58,94,3,7,78,38,121,20,40,56,41,30,76,110,44,34,86,42,68,39,77,52,112,85,49,101,79,
machine12:0,109,50,115,37,8,124,28,26,62,66,33,137,82,83,133,95,47,4,130,90,106,116,2,13,129,22,114,63,81,91,53,84,119,75,118,136,31,113,19,88,65,54,48,17,74,12,9,67,46,96,36,89,103,29,11,111,139,5,108,6,99,45,51,128,135,43,117,97,55,57,35,132,25,72,23,58,94,3,7,134,78,38,121,20,100,24,40,56,41,30,76,64,110,44,71,34,93,107,86,42,68,39,77,52,112,85,49,101,79,
machine13:0,115,124,66,33,131,95,47,4,130,2,13,27,70,63,92,81,84,75,69,123,31,113,19,65,54,48,125,120,74,9,67,89,29,11,111,87,51,128,21,43,72,58,60,7,134,38,40,59,76,64,44,71,34,93,140,107,77,52,112,85,101,79,
machine14:0,109,115,37,8,124,62,66,33,15,131,126,95,47,4,130,90,14,10,122,106,116,2,13,27,70,63,92,81,91,53,84,75,98,69,136,123,31,113,19,65,54,48,125,120,17,74,12,9,67,96,89,1,29,11,111,87,5,108,6,45,51,128,135,21,43,117,97,55,132,25,72,23,73,58,60,7,134,78,38,121,20,100,40,59,56,41,104,30,76,64,44,71,34,93,140,107,86,42,77,52,112,85,49,101,79,

1to 1:
1to 2:138,80,50,33,120,66,18,140,38,37,78,35,57,1,39,4,77,
1to 3:8,28,30,91,73,49,88,25,21,2,51,42,34,26,3,16,103,87,
1to 4:112,53,110,100,27,68,104,111,93,90,56,129,9,115,102,62,31,126,101,131,61,118,81,98,
1to 5:58,13,137,22,124,84,45,128,95,72,47,6,135,132,44,117,7,82,97,119,
1to 6:134,52,109,130,5,19,89,121,113,136,60,96,85,122,108,123,69,59,15,23,64,76,54,86,55,40,65,
2to 1:118,126,32,10,29,125,133,54,83,59,31,46,74,7,40,25,68,19,86,85,111,
2to 2:
2to 3:35,99,23,123,18,129,15,24,131,93,106,107,64,47,134,60,140,9,79,
2to 4:92,22,96,36,65,84,72,88,95,3,41,67,48,39,58,44,51,
2to 5:90,5,94,17,57,2,130,30,42,49,38,112,20,
2to 6:13,14,63,66,70,132,27,78,73,71,4,6,34,8,77,12,101,
3to 1:38,109,79,112,44,107,52,128,121,22,76,60,137,24,70,129,57,127,69,62,37,106,122,99,71,65,102,33,105,95,94,36,23,80,
3to 2:20,8,73,111,56,101,132,86,55,17,110,108,125,67,133,12,34,126,96,41,29,
3to 3:
3to 4:6,40,85,89,120,77,59,138,19,42,2,130,4,21,123,16,28,26,134,50,1,45,14,
3to 5:3,9,83,46,51,64,100,48,91,103,35,116,
3to 6:58,25,30,75,7,43,53,11,140,87,84,97,
4to 1:8,14,15,18,34,48,49,67,72,77,82,84,88,91,92,97,116,120,138,140,
4to 2:16,21,24,26,32,42,47,60,62,74,87,94,99,106,117,130,
4to 3:7,17,22,27,36,44,46,55,61,68,69,81,83,90,100,105,109,121,127,128,137,
4to 4:
4to 5:12,28,39,43,50,52,65,71,76,85,86,89,93,96,101,108,110,114,115,133,139,
4to 6:1,10,20,37,38,41,51,56,79,98,104,107,112,124,131,
5to 1:11,114,50,66,56,17,41,9,130,96,4,26,134,113,90,89,55,139,53,
5to 2:6,95,31,51,3,79,129,48,58,124,46,63,68,36,82,97,88,25,137,19,28,121,54,76,93,118,128,83,
5to 3:111,33,40,75,110,43,65,133,12,62,108,94,71,39,84,45,
5to 4:107,5,7,136,117,64,57,78,116,49,119,8,74,37,109,24,99,47,20,38,
5to 5:
5to 6:67,44,2,81,106,115,135,29,91,72,
6to 1:13,63,81,45,117,124,21,1,75,132,27,100,2,43,93,47,42,58,12,101,20,
6to 2:135,10,92,90,123,5,15,131,30,107,115,64,134,89,109,49,112,9,
6to 3:116,126,14,29,98,125,70,54,104,59,120,72,4,6,95,19,67,48,37,85,56,
6to 4:87,97,55,17,73,108,71,106,25,76,52,86,128,
6to 5:23,53,136,33,11,78,31,74,40,121,41,62,34,111,77,79,
6to 6:

cell1:4,3,6,5,2,
cell2:1,3,6,4,5,
cell3:2,1,4,6,5,
cell4:6,5,3,2,1,
cell5:3,1,4,6,2,
cell6:3,1,2,4,5,
