machine1:0,79,114,27,98,31,34,19,38,103,157,29,8,7,73,5,20,87,28,131,146,126,145,127,154,55,47,92,120,88,39,121,149,83,156,53,40,150,104,59,14,82,139,160,67,90,109,86,94,9,99,111,10,69,49,23,113,140,147,93,107,97,46,15,155,43,133,18,143,85,21,158,125,159,60,142,22,78,76,95,123,119,45,129,50,25,68,141,130,101,6,151,1,105,62,77,80,135,89,112,128,100,110,124,63,32,153,17,102,132,41,2,81,72,136,58,148,116,96,16,115,75,61,35,144,71,70,74,91,57,56,66,36,65,42,108,134,54,152,37,117,52,3,26,30,33,64,137,84,118,138,48,12,13,51,4,44,106,11,122,24,
machine2:0,79,114,27,98,31,34,19,38,103,157,29,8,7,73,5,20,87,28,131,146,126,145,127,154,55,47,92,120,88,39,121,149,83,156,53,40,150,104,59,14,82,139,160,67,90,109,49,23,113,140,93,97,46,15,155,133,18,143,85,21,158,159,60,142,22,78,76,95,119,45,50,68,141,130,151,80,135,112,128,100,124,32,153,17,102,132,41,81,136,58,116,96,16,115,61,35,144,71,70,74,91,57,56,36,65,42,108,134,54,152,37,117,3,26,30,33,137,84,118,138,48,12,13,51,4,106,11,122,
machine3:0,27,31,34,19,38,157,7,20,28,145,127,154,47,92,120,88,121,149,156,40,150,104,59,14,160,67,90,109,49,23,113,140,46,15,155,133,18,143,85,158,159,60,142,22,78,76,95,119,45,68,141,130,80,135,100,124,32,153,102,132,81,58,61,35,144,71,70,74,91,57,56,36,65,42,108,134,54,152,37,3,26,118,138,11,122,
machine4:0,79,27,98,34,103,7,5,145,55,83,150,104,14,69,23,147,107,97,46,43,18,143,85,158,159,60,76,95,119,141,130,101,6,105,89,100,110,124,32,153,17,132,41,2,136,148,116,16,75,144,70,91,56,66,36,65,108,134,54,37,3,26,30,33,64,137,118,138,48,13,51,4,44,106,11,122,
machine5:0,79,27,98,31,34,19,103,7,73,5,20,87,131,145,127,55,47,120,88,39,83,150,104,14,139,160,67,86,94,99,111,69,23,140,147,107,97,46,15,155,43,18,143,85,158,159,60,142,22,76,95,123,119,45,141,130,101,6,151,105,80,135,89,128,100,110,124,63,32,153,17,132,41,2,136,58,148,116,96,16,75,144,71,70,74,91,57,56,66,36,65,42,108,134,54,152,37,117,3,26,30,33,64,137,118,138,48,12,13,51,4,44,106,11,122,
machine6:0,27,98,31,34,19,103,157,29,8,7,73,28,131,126,145,127,154,55,47,88,39,149,83,53,150,104,59,14,82,139,160,67,90,109,94,9,99,111,10,49,23,113,140,147,93,107,97,46,15,155,43,133,18,143,85,21,158,125,159,60,22,78,76,95,123,119,45,129,50,25,141,130,6,151,1,105,62,77,80,135,89,112,128,100,124,63,32,153,17,132,41,72,58,116,16,115,75,61,35,144,71,70,74,91,57,56,66,36,42,108,134,54,152,37,117,3,26,30,33,137,84,118,138,48,12,13,51,106,11,24,
machine7:0,27,31,34,19,157,8,7,73,28,131,126,145,154,55,88,149,104,59,14,82,139,90,109,94,9,111,49,23,113,140,147,93,107,46,155,43,18,143,85,21,158,125,60,22,76,95,123,119,45,50,141,130,1,77,135,89,100,124,63,32,17,132,41,72,16,115,75,35,144,71,70,74,91,57,56,66,36,42,54,152,37,117,3,26,30,33,84,118,138,48,12,13,51,106,11,24,
machine8:0,27,31,34,19,73,131,145,154,55,149,104,82,90,9,49,23,113,140,147,93,46,155,43,143,85,158,60,22,95,45,50,141,130,1,135,100,124,63,32,17,132,41,72,16,115,75,35,144,71,70,57,56,42,37,117,3,30,33,118,138,12,13,106,11,
machine9:0,79,27,31,34,19,38,103,8,7,73,5,20,87,28,126,145,127,154,55,88,121,156,53,40,150,104,59,14,160,67,90,109,94,9,99,111,10,69,49,23,113,147,93,107,97,46,155,133,18,143,85,21,158,125,159,60,22,78,76,95,123,119,129,50,68,141,130,6,151,1,105,62,77,80,135,89,112,100,63,32,153,17,102,132,41,2,81,72,58,116,96,16,115,75,61,35,144,71,70,74,91,57,56,66,36,42,108,134,54,152,37,117,52,3,26,30,33,64,137,84,118,138,48,12,13,51,44,106,11,122,
machine10:0,79,27,34,19,38,103,8,7,73,5,87,28,126,145,127,55,121,53,150,104,59,14,67,99,111,69,49,23,147,93,107,46,155,133,18,143,158,125,159,60,22,76,95,119,129,68,130,6,151,1,105,62,77,80,135,100,63,32,153,102,132,41,81,72,58,116,96,16,115,75,61,35,144,71,70,74,91,57,56,66,36,42,134,54,152,37,117,3,26,33,64,137,84,118,48,13,44,106,11,122,
machine11:0,79,27,38,103,8,73,28,126,127,55,121,150,104,14,99,111,49,23,147,107,46,155,158,125,159,60,22,76,95,119,129,68,130,6,151,77,135,100,63,153,41,81,72,58,116,16,75,35,70,74,56,36,152,37,117,3,64,137,84,48,13,44,106,11,
machine12:0,114,27,34,19,103,8,73,127,92,156,104,14,86,9,111,49,113,147,93,46,15,133,18,85,21,158,125,22,95,119,25,130,151,77,80,112,128,124,63,153,17,132,81,58,116,115,35,144,71,74,91,57,56,36,42,108,134,152,37,117,52,3,26,30,33,84,118,48,12,13,51,4,44,11,24,
machine13:0,79,114,27,98,34,19,38,103,29,8,73,5,87,146,145,127,92,121,149,83,156,40,104,59,14,109,86,9,111,10,49,23,113,147,93,107,46,15,155,133,18,85,21,158,125,159,142,22,95,119,45,50,25,141,130,151,1,62,77,80,112,128,100,124,63,32,153,17,102,132,41,2,81,72,58,116,96,115,75,61,35,144,71,70,74,91,57,56,36,65,42,108,134,54,152,37,117,52,3,26,30,33,84,118,48,12,13,51,4,44,106,11,122,24,
machine14:0,79,114,27,31,34,19,38,103,157,29,8,7,5,28,131,146,126,145,127,55,92,120,88,39,121,149,83,53,40,150,104,59,14,82,139,160,67,90,109,86,94,10,69,49,23,113,140,147,93,107,97,46,155,43,133,18,143,85,21,158,125,159,60,142,22,78,76,95,123,119,45,50,25,68,141,130,101,6,151,1,105,62,77,135,89,112,128,100,110,124,63,32,153,17,132,41,2,81,72,136,58,148,116,96,16,115,75,61,35,144,71,70,74,91,57,36,65,42,134,54,152,37,117,52,3,26,30,33,137,84,118,138,48,12,13,51,4,44,106,11,24,
machine15:0,79,114,31,34,19,38,8,7,5,28,131,146,126,145,127,55,88,121,149,40,150,104,59,14,82,139,160,67,109,86,94,10,69,23,140,147,93,107,97,43,133,18,143,85,158,125,159,60,142,22,78,76,95,123,119,45,50,25,68,141,130,101,6,151,1,105,77,112,100,110,124,63,32,153,17,132,41,81,136,58,148,116,96,16,115,61,35,144,70,74,57,36,65,42,134,54,152,37,117,52,3,30,137,84,118,138,48,12,13,51,44,106,11,
machine16:0,79,34,8,7,5,28,127,149,59,14,139,67,109,94,23,147,93,107,97,143,85,125,159,60,142,22,78,76,123,119,45,50,68,101,6,105,112,110,63,32,153,17,132,116,115,35,144,70,74,57,65,42,134,54,152,117,84,118,12,106,

1to 1:
1to 2:147,70,46,41,42,124,23,3,100,88,57,30,80,54,64,127,138,139,101,13,20,152,16,155,39,110,
1to 3:58,11,104,12,55,135,45,22,150,66,43,137,29,97,91,47,67,10,61,82,62,90,48,93,123,108,
1to 4:118,71,125,119,32,122,49,77,40,18,2,129,105,158,59,68,102,109,
1to 5:56,141,36,130,63,115,153,134,132,26,95,128,85,21,50,37,96,113,1,151,83,51,44,106,81,15,112,52,24,4,17,
1to 6:35,14,159,60,144,6,74,140,121,133,65,89,84,53,78,160,143,117,72,116,142,76,33,148,136,
2to 1:120,98,140,108,43,96,131,83,69,111,79,143,26,105,60,151,55,71,119,17,95,27,
2to 2:
2to 3:139,99,80,15,94,132,74,14,73,153,159,46,116,107,134,42,63,19,130,
2to 4:66,6,67,31,135,76,5,12,123,155,160,70,22,36,85,56,104,23,152,
2to 5:87,145,103,13,57,34,54,117,
2to 6:101,97,86,128,45,7,150,91,75,124,41,18,147,141,100,158,
3to 1:37,144,130,32,13,118,106,6,49,133,149,25,15,9,154,41,28,56,138,116,74,127,129,16,
3to 2:71,36,103,85,111,7,137,12,75,76,66,17,140,135,47,97,51,45,
3to 3:
3to 4:117,42,58,48,134,30,145,100,21,115,89,33,8,73,80,54,99,91,153,113,78,62,126,
3to 5:152,159,11,125,22,19,23,84,72,108,35,27,98,3,14,
3to 6:57,107,131,26,90,67,59,34,93,157,61,24,88,1,70,39,31,112,151,94,50,
4to 1:85,57,81,89,44,112,31,123,3,84,76,73,104,78,8,20,64,67,50,94,115,121,137,150,153,22,30,117,11,99,
4to 2:122,159,141,116,106,108,14,143,87,95,55,33,107,132,130,58,
4to 3:1,9,13,23,160,158,151,60,7,41,152,88,77,34,51,105,6,53,103,133,28,144,154,
4to 4:
4to 5:156,48,119,109,147,93,18,59,80,79,111,12,75,2,155,100,71,127,5,
4to 6:145,21,138,16,118,135,54,17,49,69,32,27,40,10,19,126,63,38,37,36,62,46,125,
5to 1:5,10,14,34,35,38,42,58,61,72,77,103,122,158,147,125,45,93,142,92,87,156,29,102,
5to 2:2,11,18,48,56,63,73,86,104,128,134,144,98,91,65,79,
5to 3:21,30,32,33,49,50,70,75,111,112,113,118,124,127,145,25,
5to 4:1,19,27,37,41,46,51,74,107,132,133,141,151,26,9,52,
5to 5:
5to 6:3,4,8,22,44,71,81,83,85,95,106,119,146,153,155,149,109,96,114,
6to 1:88,145,126,63,68,7,86,152,132,146,12,139,19,114,24,54,39,157,134,70,52,107,110,113,51,48,91,82,23,75,46,2,36,59,
6to 2:148,69,142,136,118,43,32,131,120,31,160,5,4,123,34,27,44,117,26,37,105,89,
6to 3:147,128,138,95,18,141,100,16,155,149,143,8,119,115,83,84,109,17,
6to 4:55,61,79,90,11,94,130,3,53,150,60,103,137,28,35,13,72,127,97,96,57,106,159,
6to 5:104,62,77,65,124,116,29,10,42,144,158,33,30,58,25,38,121,92,40,74,
6to 6:

cell1:5,2,3,6,4,
cell2:1,6,3,4,5,
cell3:4,2,1,5,6,
cell4:6,2,3,5,1,
cell5:3,4,2,6,1,
cell6:4,3,1,2,5,
