machine1:0,138,56,137,82,118,76,89,17,93,128,87,20,130,24,4,112,12,57,103,11,125,98,149,10,35,117,5,19,92,29,66,105,135,104,70,122,65,7,121,113,119,132,77,41,42,96,40,111,123,147,49,62,30,142,73,127,85,53,44,114,34,129,25,9,140,6,72,143,13,131,48,109,45,101,83,150,124,126,1,106,33,61,59,27,8,146,115,108,81,88,22,
machine2:0,95,138,56,137,82,133,64,14,118,76,16,32,89,17,93,128,87,67,54,20,130,94,24,4,15,112,12,57,136,23,103,11,125,98,149,3,10,78,35,117,43,5,19,92,74,29,66,105,135,104,70,122,65,7,121,113,119,90,132,77,86,144,41,42,96,79,97,40,111,36,46,123,145,147,75,49,99,148,62,30,2,142,58,39,91,73,55,107,127,116,85,21,139,53,141,84,44,114,34,47,63,129,38,25,9,102,140,6,72,120,143,13,131,51,48,109,52,45,60,101,83,100,150,124,69,31,126,26,68,1,134,106,33,37,110,61,59,27,8,71,50,146,80,115,108,81,88,22,28,18,
machine3:0,95,138,56,14,16,32,93,54,94,4,112,136,23,125,10,35,19,74,29,105,70,122,65,113,132,96,40,99,2,39,73,85,21,139,53,34,129,25,102,72,131,60,83,100,150,124,31,1,134,106,61,59,27,8,71,50,146,80,115,108,81,88,22,28,18,
machine4:0,95,138,56,137,82,133,14,16,32,89,17,93,128,67,54,94,4,15,112,136,23,103,125,98,149,10,35,5,19,92,74,29,105,135,104,70,122,65,7,121,113,132,77,86,42,96,40,145,75,99,148,2,142,39,91,73,127,116,85,21,139,53,84,44,114,34,47,129,38,25,9,102,140,6,72,143,13,131,51,109,52,45,60,101,83,100,150,124,69,31,126,1,134,106,33,110,61,59,27,8,71,50,146,80,115,108,81,88,22,28,18,
machine5:0,95,138,56,137,82,133,64,14,118,16,32,89,17,128,87,67,54,20,130,94,24,4,15,112,57,23,103,11,125,98,149,3,10,78,35,117,43,5,19,92,74,29,66,105,104,70,122,65,121,113,119,90,132,77,86,144,41,42,96,79,97,40,111,36,46,123,145,147,49,99,148,2,142,58,39,73,55,107,127,116,85,21,53,141,84,34,47,63,129,38,25,9,102,140,6,72,120,13,131,48,109,52,45,60,101,83,100,150,124,69,31,26,68,1,134,106,37,110,61,59,27,8,71,50,146,80,115,81,88,22,28,18,
machine6:0,95,56,137,82,133,118,89,17,87,20,130,24,4,15,112,57,23,103,125,98,149,3,10,35,43,5,19,92,74,29,105,104,70,122,121,113,119,132,77,86,144,41,42,96,79,97,40,46,49,99,2,142,58,39,55,127,85,21,53,141,84,34,63,129,38,25,9,102,6,72,131,48,109,52,45,60,83,100,150,124,69,31,26,1,134,106,37,61,59,27,8,71,50,146,115,81,88,22,28,18,
machine7:0,95,56,137,82,118,17,15,112,103,125,98,149,35,43,5,19,92,74,29,104,122,119,132,77,96,53,34,63,38,9,131,109,52,45,60,83,1,106,59,27,71,115,22,28,18,
machine8:0,95,138,56,137,82,133,64,14,118,76,16,32,89,17,93,128,87,67,54,20,130,94,24,4,15,112,12,57,136,23,103,11,125,98,149,3,10,78,117,43,5,19,92,74,29,66,105,135,104,70,122,65,7,121,113,119,90,132,77,86,144,41,42,96,79,97,40,111,123,145,49,62,2,58,39,91,73,55,107,127,21,139,53,141,84,44,114,34,47,63,129,38,25,9,102,6,13,131,51,109,52,45,60,101,83,100,150,124,69,31,126,26,68,1,106,33,37,110,59,27,8,71,146,115,108,81,88,22,28,18,
machine9:0,95,138,56,137,82,133,64,14,118,76,16,32,89,17,93,128,87,67,54,20,130,94,24,4,15,112,12,57,136,23,103,11,125,98,149,3,10,78,117,43,5,19,92,74,66,105,135,104,70,122,65,7,121,113,119,90,132,77,86,144,42,40,2,39,91,73,127,21,139,53,141,47,63,129,25,9,102,6,13,131,51,109,45,60,83,150,124,69,31,126,68,1,106,59,27,8,71,146,115,108,81,88,22,28,18,
machine10:0,137,14,118,32,17,128,87,67,54,4,15,112,57,103,98,10,43,5,74,105,104,7,121,113,119,77,144,42,39,73,53,47,63,129,25,102,6,131,51,109,45,60,83,150,69,68,106,27,8,71,146,115,81,88,28,
machine11:0,95,138,56,137,16,89,17,93,103,11,125,10,78,35,117,43,19,92,74,66,105,135,104,70,122,65,7,121,113,132,86,144,96,40,36,75,49,99,73,55,21,139,53,34,47,129,38,140,6,72,120,143,13,51,48,45,60,101,100,150,69,31,26,68,110,59,8,71,80,108,81,88,
machine12:0,95,138,56,137,133,64,14,118,76,16,89,17,93,87,67,130,94,4,112,136,23,103,11,125,10,78,35,117,43,19,92,74,66,105,135,104,70,122,65,7,121,113,119,90,132,77,86,144,42,96,97,40,36,46,123,145,147,75,49,99,148,62,2,58,39,91,73,55,21,139,53,141,84,44,114,34,47,63,129,38,25,9,102,140,6,72,120,143,13,131,51,48,109,45,60,101,100,150,124,69,31,126,26,68,1,134,106,110,61,59,8,71,50,146,80,115,108,81,88,22,28,18,
machine13:0,95,138,56,137,82,133,64,14,118,76,16,32,89,17,93,128,87,67,54,20,130,24,4,15,112,12,136,103,11,125,98,3,10,78,35,117,43,5,19,92,74,29,66,105,135,104,122,121,113,119,90,132,86,144,42,79,40,111,36,46,123,145,147,75,49,99,148,62,30,2,58,39,91,73,55,107,127,116,21,139,53,141,84,114,34,47,63,129,38,25,9,102,6,72,120,143,13,131,51,48,109,52,45,60,101,83,100,150,124,69,31,126,26,68,1,134,106,33,37,110,61,27,8,71,50,80,115,108,81,88,22,28,18,
machine14:0,95,138,56,137,82,133,14,118,76,16,89,17,93,128,87,67,54,20,130,24,4,112,103,11,98,3,78,35,43,19,92,74,29,105,104,122,113,90,132,144,42,40,147,62,30,58,91,73,55,107,127,116,21,139,53,141,114,34,47,63,129,38,25,9,102,6,72,120,13,131,48,109,52,45,60,83,100,150,124,31,126,26,68,1,134,106,33,37,110,27,8,71,50,80,115,108,81,22,28,18,
machine15:0,138,56,137,82,133,14,16,89,17,87,67,24,112,11,98,78,35,43,92,74,29,105,104,122,113,132,144,42,40,147,62,30,58,91,73,55,107,127,21,141,47,63,129,25,102,6,72,120,13,131,48,109,45,60,83,100,150,124,126,26,68,1,134,106,8,71,50,80,81,22,28,18,

1to 1:
1to 2:143,33,44,51,23,80,113,127,128,125,17,56,137,22,146,27,
1to 3:120,36,41,111,116,46,57,134,37,70,66,84,110,13,55,11,50,100,63,144,59,14,98,35,103,10,42,40,67,104,73,
1to 4:12,97,123,3,107,101,76,93,82,149,92,24,54,21,29,108,25,122,95,81,89,1,133,31,34,28,131,
1to 5:135,140,148,26,61,78,90,68,94,91,130,118,126,38,16,69,47,109,60,124,129,138,74,71,
1to 6:20,64,141,48,75,87,9,145,99,2,102,53,19,88,106,115,18,
2to 1:142,116,135,84,92,9,94,126,21,100,102,53,109,124,1,133,10,40,131,45,8,73,
2to 2:
2to 3:85,140,148,61,52,86,145,99,39,127,2,60,31,34,4,106,
2to 4:114,15,70,65,91,113,47,125,19,138,104,
2to 5:143,7,75,134,51,96,136,77,50,132,105,121,59,14,72,35,103,150,146,115,
2to 6:33,32,93,82,139,110,54,29,5,25,16,128,17,83,95,89,112,42,56,129,137,6,27,74,
3to 1:113,69,85,80,122,140,99,77,54,147,86,90,145,132,137,89,82,71,43,2,115,146,119,
3to 2:88,138,149,142,38,13,32,92,59,15,16,109,14,
3to 3:
3to 4:79,124,121,5,105,23,20,11,129,49,111,117,68,106,118,27,57,98,83,37,96,56,10,
3to 5:42,45,53,104,87,101,97,22,63,120,25,110,31,112,65,6,40,100,9,133,131,58,8,95,18,
3to 6:1,134,47,125,66,103,52,36,150,4,81,50,123,67,39,107,21,34,148,28,72,46,
4to 1:41,44,141,26,7,117,32,51,114,96,23,68,127,63,59,112,27,4,106,18,104,
4to 2:135,101,52,139,84,110,9,86,39,29,5,25,100,2,132,102,121,122,53,83,60,124,103,42,129,150,40,31,6,74,67,71,
4to 3:64,3,149,119,65,24,94,130,21,77,128,69,47,125,17,109,146,28,131,115,45,8,
4to 4:
4to 5:76,93,70,66,62,49,145,13,43,108,81,89,19,1,88,10,
4to 6:79,37,15,78,90,136,92,58,91,126,113,55,11,38,144,105,98,22,73,
5to 1:36,97,48,101,75,134,70,139,66,62,49,65,58,39,25,121,125,17,95,19,35,56,150,34,67,
5to 2:61,114,99,81,112,133,106,28,45,73,
5to 3:123,141,117,96,23,80,43,38,132,102,105,72,1,88,138,74,
5to 4:44,64,7,78,87,136,84,110,94,130,55,16,77,144,2,137,22,6,4,18,
5to 5:
5to 6:120,26,147,119,86,68,13,118,108,100,63,69,122,14,109,60,10,31,131,71,8,
6to 1:12,79,143,30,111,123,3,148,107,61,52,76,93,15,136,13,24,91,130,5,55,38,16,144,105,47,72,83,81,42,129,22,6,138,74,
6to 2:116,126,108,50,69,98,35,115,18,104,8,
6to 3:20,48,26,101,78,147,82,90,87,49,9,58,54,118,29,121,122,53,124,95,89,19,133,56,
6to 4:33,135,32,51,119,62,86,145,43,127,128,132,14,17,60,112,103,88,150,40,67,45,71,
6to 5:46,64,141,117,114,139,84,80,92,21,113,39,11,102,137,34,4,28,73,
6to 6:

cell1:4,3,2,5,6,
cell2:3,5,4,6,1,
cell3:5,2,4,6,1,
cell4:1,6,5,2,3,
cell5:1,4,3,6,2,
cell6:1,3,5,4,2,
