machine1:0,17,35,56,19,138,118,82,137,76,125,29,89,93,128,104,87,149,20,130,9,1,53,103,112,24,4,12,119,131,11,57,98,92,10,59,124,117,113,105,132,109,66,129,135,5,34,65,7,121,77,96,122,111,123,147,62,30,142,49,44,114,150,140,6,70,143,72,85,127,13,42,106,83,40,101,41,126,25,45,33,48,73,8,61,146,27,115,108,81,88,22,
machine2:0,17,95,35,56,19,74,138,60,14,133,43,118,82,137,76,125,16,29,89,93,64,128,104,87,32,38,67,54,149,20,130,9,94,15,1,53,103,63,112,24,4,12,119,131,11,136,23,57,98,92,10,59,78,124,3,117,113,105,132,109,66,129,135,5,34,47,65,7,121,77,96,122,90,86,111,36,123,145,147,75,148,62,30,142,139,91,58,49,39,116,79,107,55,21,44,114,51,150,140,6,97,2,70,144,120,143,72,52,85,127,13,42,106,83,99,40,101,41,46,69,126,100,25,45,68,33,84,31,141,102,134,37,48,73,8,26,110,61,146,27,71,50,80,115,108,81,88,22,28,18,
machine3:0,95,35,56,19,74,138,60,14,125,16,29,93,32,54,94,1,53,112,4,131,136,23,10,59,124,113,105,132,129,34,65,96,122,139,39,21,150,2,70,72,85,106,83,99,40,100,25,31,102,134,73,8,61,146,27,71,50,80,115,108,81,88,22,28,18,
machine4:0,17,95,35,56,19,74,138,60,14,133,82,137,125,16,29,89,93,128,104,32,38,67,54,149,9,94,15,1,53,103,112,4,131,136,23,98,92,10,59,124,113,105,132,109,129,135,5,34,47,65,7,121,77,96,122,86,145,75,148,142,139,91,39,116,21,44,114,51,150,140,6,2,70,143,72,52,85,127,13,42,106,83,99,40,101,69,126,100,25,45,33,84,31,102,134,73,8,110,61,146,27,71,50,80,115,108,81,88,22,28,18,
machine5:0,17,95,35,56,19,74,138,60,14,133,43,118,82,137,125,16,29,89,64,128,104,87,32,38,67,54,149,20,130,9,94,15,1,53,103,63,112,24,4,119,131,11,23,57,98,92,10,59,78,124,3,117,113,105,132,109,66,129,5,34,47,65,121,77,96,122,90,86,111,36,123,145,147,148,142,58,49,39,116,79,107,55,21,150,140,6,97,2,70,144,120,72,52,85,127,13,42,106,83,99,40,101,41,46,69,100,25,45,68,84,31,141,102,134,37,48,73,8,26,110,61,146,27,71,50,80,115,81,88,22,28,18,
machine6:0,17,95,35,56,19,74,60,133,43,118,82,137,125,29,89,104,87,38,149,20,130,9,15,1,53,103,63,112,24,4,119,131,23,57,98,92,10,59,124,3,113,105,132,109,129,5,34,121,77,96,122,86,142,58,49,39,79,55,21,150,6,97,2,70,144,72,52,85,127,42,106,83,99,40,41,46,69,100,25,45,84,31,141,102,134,37,48,8,26,61,146,27,71,50,115,81,88,22,28,18,
machine7:0,17,95,35,56,19,74,60,43,118,82,137,125,29,104,38,149,9,15,1,53,103,63,112,119,131,98,92,59,132,109,5,34,77,96,122,52,106,83,45,27,71,115,22,28,18,
machine8:0,17,95,56,19,74,138,60,14,133,43,118,82,137,76,125,16,29,89,93,64,128,104,87,32,38,67,54,149,20,130,9,94,15,1,53,103,63,112,24,4,12,119,131,11,136,23,57,98,92,10,59,78,124,3,117,113,105,132,109,66,129,135,5,34,47,65,7,121,77,96,122,90,86,111,123,145,62,139,91,58,49,39,79,107,55,21,44,114,51,150,6,97,2,70,144,52,127,13,42,106,83,40,101,41,69,126,100,25,45,68,33,84,31,141,102,37,73,8,26,110,146,27,71,115,108,81,88,22,28,18,
machine9:0,17,95,56,19,74,138,60,14,133,43,118,82,137,76,125,16,89,93,64,128,104,87,32,67,54,149,20,130,9,94,15,1,53,103,63,112,24,4,12,119,131,11,136,23,57,98,92,10,59,78,124,3,117,113,105,132,109,66,129,135,5,47,65,7,121,77,122,90,86,139,91,39,21,51,150,6,2,70,144,127,13,42,106,83,40,69,126,25,45,68,31,141,102,73,8,146,27,71,115,108,81,88,22,28,18,
machine10:0,17,74,60,14,43,118,137,128,104,87,32,67,54,15,53,103,63,112,4,119,131,57,98,10,113,105,109,129,5,47,7,121,77,39,51,150,6,144,42,106,83,69,25,45,68,102,73,8,146,27,71,115,81,88,28,
machine11:0,17,95,35,56,19,74,138,60,43,137,125,16,89,93,104,38,53,103,11,92,10,59,78,117,113,105,132,66,129,135,34,47,65,7,121,96,122,86,36,75,139,49,55,21,51,150,140,6,70,144,120,143,72,13,99,40,101,69,100,45,68,31,48,73,8,26,110,71,80,108,81,88,
machine12:0,17,95,35,56,19,74,138,60,14,133,43,118,137,76,125,16,89,93,64,104,87,38,67,130,9,94,1,53,103,63,112,4,119,131,11,136,23,92,10,59,78,124,117,113,105,132,109,66,129,135,34,47,65,7,121,77,96,122,90,86,36,123,145,147,75,148,62,139,91,58,49,39,55,21,44,114,51,150,140,6,97,2,70,144,120,143,72,13,42,106,99,40,101,46,69,126,100,25,45,68,84,31,141,102,134,48,73,8,26,110,61,146,71,50,80,115,108,81,88,22,28,18,
machine13:0,17,95,35,56,19,74,138,60,14,133,43,118,82,137,76,125,16,29,89,93,64,128,104,87,32,38,67,54,20,130,9,15,1,53,103,63,112,24,4,12,119,131,11,136,98,92,10,78,124,3,117,113,105,132,109,66,129,135,5,34,47,121,122,90,86,111,36,123,145,147,75,148,62,30,139,91,58,49,39,116,79,107,55,21,114,51,150,6,2,144,120,143,72,52,127,13,42,106,83,99,40,101,46,69,126,100,25,45,68,33,84,31,141,102,134,37,48,73,8,26,110,61,27,71,50,80,115,108,81,88,22,28,18,
machine14:0,17,95,35,56,19,74,138,60,14,133,43,118,82,137,76,16,29,89,93,128,104,87,38,67,54,20,130,9,1,53,103,63,112,24,4,131,11,98,92,78,124,3,113,105,132,109,129,34,47,122,90,147,62,30,139,91,58,116,107,55,21,114,150,6,144,120,72,52,127,13,42,106,83,40,126,100,25,45,68,33,31,141,102,134,37,48,73,8,26,110,27,71,50,80,115,108,81,22,28,18,
machine15:0,17,35,56,74,138,60,14,133,43,82,137,16,29,89,104,87,67,1,63,112,24,131,11,98,92,78,124,113,105,132,109,129,47,122,147,62,30,91,58,107,55,21,150,6,144,120,72,127,13,42,106,83,40,126,100,25,45,68,141,102,134,48,73,8,26,71,50,80,81,22,28,18,

1to 1:
1to 2:143,33,44,51,23,80,113,127,128,125,17,56,137,22,146,27,
1to 3:120,36,41,111,116,46,57,134,37,70,66,84,110,13,55,11,50,100,63,144,59,14,98,35,103,10,42,40,67,104,73,
1to 4:12,97,123,3,107,101,76,93,82,149,92,24,54,21,29,108,25,122,95,81,89,1,133,31,34,28,131,
1to 5:135,140,148,26,61,78,90,68,94,91,130,118,126,38,16,69,47,109,60,124,129,138,74,71,
1to 6:20,64,141,48,75,87,9,145,99,2,102,53,19,88,106,115,18,
2to 1:142,116,135,84,92,9,94,126,21,100,102,53,109,124,1,133,10,40,131,45,8,73,
2to 2:
2to 3:85,140,148,61,52,86,145,99,39,127,2,60,31,34,4,106,
2to 4:114,15,70,65,91,113,47,125,19,138,104,
2to 5:143,7,75,134,51,96,136,77,50,132,105,121,59,14,72,35,103,150,146,115,
2to 6:33,32,93,82,139,110,54,29,5,25,16,128,17,83,95,89,112,42,56,129,137,6,27,74,
3to 1:85,140,147,82,90,119,80,86,145,99,54,43,113,77,69,2,132,122,89,137,146,115,71,
3to 2:142,32,15,149,92,13,38,16,59,14,109,88,138,
3to 3:
3to 4:79,111,20,57,117,37,96,23,49,68,118,5,11,105,121,83,124,98,10,56,129,27,106,
3to 5:120,97,101,87,65,110,9,58,25,100,63,53,95,112,133,42,22,40,31,6,131,45,18,104,8,
3to 6:36,46,123,148,107,52,134,66,21,39,50,47,72,125,81,1,103,150,34,4,28,67,
4to 1:41,44,141,26,7,117,32,51,114,96,23,68,127,63,59,112,27,4,106,18,104,
4to 2:135,101,52,139,84,110,9,86,39,29,5,25,100,2,132,102,121,122,53,83,60,124,103,42,129,150,40,31,6,74,67,71,
4to 3:64,3,149,119,65,24,94,130,21,77,128,69,47,125,17,109,146,28,131,115,45,8,
4to 4:
4to 5:76,93,70,66,62,49,145,13,43,108,81,89,19,1,88,10,
4to 6:79,37,15,78,90,136,92,58,91,126,113,55,11,38,144,105,98,22,73,
5to 1:70,62,95,139,150,65,56,97,36,35,34,121,39,134,19,25,66,125,49,101,75,17,58,67,48,
5to 2:106,73,81,133,99,61,114,28,45,112,
5to 3:141,72,132,74,96,123,117,38,1,43,102,23,105,80,138,88,
5to 4:18,7,84,94,144,6,22,78,87,110,137,55,16,136,44,2,4,64,77,130,
5to 5:
5to 6:26,109,131,122,100,31,71,13,69,120,86,108,119,118,147,8,63,68,60,14,10,
6to 1:12,79,143,30,111,123,3,148,107,61,52,76,93,15,136,13,24,91,130,5,55,38,16,144,105,47,72,83,81,42,129,22,6,138,74,
6to 2:116,126,108,50,69,98,35,115,18,104,8,
6to 3:20,48,26,101,78,147,82,90,87,49,9,58,54,118,29,121,122,53,124,95,89,19,133,56,
6to 4:33,135,32,51,119,62,86,145,43,127,128,132,14,17,60,112,103,88,150,40,67,45,71,
6to 5:46,64,141,117,114,139,84,80,92,21,113,39,11,102,137,34,4,28,73,
6to 6:

cell1:4,3,2,5,6,
cell2:3,5,4,6,1,
cell3:4,2,1,6,5,
cell4:1,6,5,2,3,
cell5:3,2,1,6,4,
cell6:1,3,5,4,2,
