6 30 3 3 3

1 1 2 2 3 3 

0 15 18 
27 0 18 
9 9 0 

0 1 1 
1 0 1 
1 1 0 

9 6 8 8 9 8 
7 8 7 9 7 7 
6 9 6 7 5 9 

5    2    323    0.8
0 54 0 0 0 0 
0 0 0 0 38 0 
0 0 0 0 0 3 
0 0 6 0 0 0 
0 0 0 55 0 0 
5    1    676    0.6
0 0 0 0 56 0 
0 0 0 0 0 90 
0 0 21 0 0 0 
0 0 0 76 0 0 
0 35 0 0 0 0 
5    2    671    0.8
0 0 38 0 0 0 
0 0 0 78 0 0 
0 93 0 0 0 0 
0 0 0 0 21 0 
0 0 0 0 0 89 
5    2    555    0.2
0 0 34 0 0 0 
0 0 0 77 0 0 
0 56 0 0 0 0 
0 0 0 0 37 0 
0 0 0 0 0 46 
5    1    559    0.3
0 0 0 85 0 0 
1 0 0 0 0 0 
0 52 0 0 0 0 
0 0 0 0 87 0 
0 0 0 0 0 84 
5    0    330    0.3
0 0 0 15 0 0 
0 0 0 0 66 0 
0 0 0 0 0 29 
60 0 0 0 0 0 
0 17 0 0 0 0 
5    1    736    0.1
0 0 88 0 0 0 
0 0 0 93 0 0 
32 0 0 0 0 0 
0 2 0 0 0 0 
0 0 0 0 0 98 
5    0    533    0.9
0 9 0 0 0 0 
0 0 0 0 86 0 
0 0 0 0 0 70 
0 0 80 0 0 0 
0 0 0 96 0 0 
5    0    443    0.1
27 0 0 0 0 0 
0 75 0 0 0 0 
0 0 0 21 0 0 
0 0 0 0 54 0 
0 0 0 0 0 26 
5    1    624    0.9
0 0 0 0 51 0 
0 0 0 0 0 75 
0 0 0 33 0 0 
95 0 0 0 0 0 
0 76 0 0 0 0 
5    0    404    0.1
44 0 0 0 0 0 
0 4 0 0 0 0 
0 0 0 48 0 0 
0 0 0 0 68 0 
0 0 0 0 0 81 
5    2    708    0.4
0 0 0 0 67 0 
0 0 0 0 0 78 
0 0 46 0 0 0 
0 0 0 51 0 0 
0 70 0 0 0 0 
5    2    607    0.3
0 0 0 0 77 0 
0 0 0 0 0 17 
0 97 0 0 0 0 
0 0 22 0 0 0 
0 0 0 100 0 0 
5    2    501    0.3
0 72 0 0 0 0 
0 0 0 0 51 0 
0 0 0 0 0 6 
0 0 96 0 0 0 
0 0 0 57 0 0 
5    0    529    0.1
37 0 0 0 0 0 
0 89 0 0 0 0 
0 0 0 0 0 29 
0 0 12 0 0 0 
0 0 0 63 0 0 
5    1    749    0.5
0 0 0 0 0 96 
93 0 0 0 0 0 
0 64 0 0 0 0 
0 0 95 0 0 0 
0 0 0 43 0 0 
5    2    613    0.4
76 0 0 0 0 0 
0 58 0 0 0 0 
0 0 0 65 0 0 
0 0 0 0 8 0 
0 0 0 0 0 58 
5    1    560    0.1
0 0 0 0 0 50 
0 0 84 0 0 0 
0 0 0 47 0 0 
92 0 0 0 0 0 
0 47 0 0 0 0 
5    2    362    0.5
0 0 0 0 0 9 
0 0 43 0 0 0 
0 0 0 36 0 0 
97 0 0 0 0 0 
0 71 0 0 0 0 
5    0    293    0.9
9 0 0 0 0 0 
0 41 0 0 0 0 
0 0 0 0 0 41 
0 0 36 0 0 0 
0 0 0 7 0 0 
5    2    410    0.5
10 0 0 0 0 0 
0 3 0 0 0 0 
0 0 0 0 0 100 
0 0 92 0 0 0 
0 0 0 61 0 0 
5    2    481    0.3
0 0 33 0 0 0 
0 0 0 82 0 0 
0 16 0 0 0 0 
0 0 0 0 10 0 
0 0 0 0 0 67 
5    1    325    0.1
0 39 0 0 0 0 
0 0 3 0 0 0 
0 0 0 68 0 0 
0 0 0 0 33 0 
0 0 0 0 0 18 
5    2    724    0.2
0 0 0 0 92 0 
0 0 0 0 0 37 
0 0 0 80 0 0 
69 0 0 0 0 0 
0 99 0 0 0 0 
5    2    518    0.8
0 0 1 0 0 0 
0 0 0 55 0 0 
0 90 0 0 0 0 
0 0 0 0 70 0 
0 0 0 0 0 73 
5    0    623    0.2
77 0 0 0 0 0 
0 32 0 0 0 0 
0 0 0 69 0 0 
0 0 0 0 67 0 
0 0 0 0 0 76 
5    2    288    0.5
0 0 0 20 0 0 
0 0 0 0 40 0 
0 0 0 0 0 9 
25 0 0 0 0 0 
0 87 0 0 0 0 
5    2    742    0.2
0 0 70 0 0 0 
0 0 0 98 0 0 
0 0 0 0 0 49 
59 0 0 0 0 0 
0 63 0 0 0 0 
5    0    474    0.8
0 0 12 0 0 0 
0 0 0 10 0 0 
99 0 0 0 0 0 
0 49 0 0 0 0 
0 0 0 0 0 85 
5    1    436    0.6
0 26 0 0 0 0 
0 0 0 0 66 0 
0 0 0 0 0 35 
0 0 67 0 0 0 
0 0 0 71 0 0 
