machine1:0,87,77,80,37,15,113,91,5,72,133,132,55,124,19,64,90,79,23,34,83,33,86,11,71,21,131,62,119,123,108,59,99,47,93,130,53,48,50,45,128,115,22,118,138,95,43,7,76,85,25,4,52,129,88,140,125,107,44,101,38,8,57,69,75,111,105,74,46,60,97,16,32,70,49,96,40,66,35,109,68,106,89,41,9,78,58,12,17,42,
machine2:0,36,87,81,73,77,121,65,80,37,61,15,113,91,5,72,82,84,137,136,133,132,2,55,124,19,64,90,126,79,23,98,34,83,122,10,33,86,11,14,71,21,13,131,62,119,123,103,120,139,108,59,100,99,94,54,47,18,93,130,53,48,116,50,28,45,128,115,22,118,26,138,95,43,7,76,134,85,1,24,29,25,104,4,52,129,88,140,125,6,39,107,44,101,135,38,8,51,57,69,110,75,111,27,105,74,56,46,60,97,114,16,32,70,49,96,40,66,35,109,68,106,117,89,63,67,41,9,30,102,127,78,3,31,58,112,20,12,92,17,42,
machine3:0,36,87,81,77,65,37,61,15,5,72,84,2,55,19,90,126,79,98,122,86,13,62,120,59,99,94,47,93,50,28,128,138,95,43,7,76,134,85,24,29,6,39,107,44,101,38,51,110,46,49,40,68,117,89,67,41,9,30,3,58,112,20,12,17,
machine4:0,36,87,81,77,121,65,80,37,61,15,91,5,72,82,84,136,133,2,55,19,64,90,126,79,98,34,83,122,33,86,71,21,13,62,120,139,108,59,99,94,54,47,18,93,48,50,28,128,115,22,138,95,43,7,76,134,85,1,24,29,25,4,88,140,6,39,107,44,101,38,51,57,69,110,105,74,56,46,60,97,16,49,96,40,66,109,68,106,117,89,67,41,9,30,102,3,31,58,112,20,12,92,17,42,
machine5:0,36,87,81,73,77,121,65,80,37,15,113,5,72,84,137,136,133,132,2,55,124,19,64,90,126,79,23,98,34,10,86,11,71,21,13,131,62,119,123,103,120,108,59,100,94,54,47,93,130,53,48,116,50,28,45,128,115,22,95,7,76,134,85,1,24,29,25,104,4,52,88,140,125,6,39,107,44,101,135,38,8,51,57,69,110,75,111,27,74,56,46,60,97,114,32,70,49,96,40,35,109,68,106,117,89,67,41,9,30,127,78,3,31,58,112,20,12,92,17,42,
machine6:0,36,87,81,73,77,121,65,80,37,5,72,84,137,136,133,132,2,55,124,19,64,126,79,23,98,34,10,86,11,71,21,62,119,123,120,108,59,100,54,47,93,130,48,28,45,128,115,95,7,76,134,85,1,29,25,104,4,52,88,140,125,6,39,107,44,101,38,8,51,57,110,75,111,27,74,56,46,60,97,49,96,40,109,117,89,67,41,9,3,31,58,112,20,12,92,17,42,
machine7:0,81,77,121,65,37,84,137,133,132,55,19,64,34,10,71,62,108,93,130,45,128,76,134,85,1,25,104,4,88,140,125,39,107,44,101,8,51,57,110,27,74,56,46,40,109,117,3,58,112,20,12,92,42,
machine8:0,36,87,81,73,77,121,65,80,37,91,5,72,82,84,136,132,2,55,124,19,64,90,79,98,34,83,86,11,14,71,21,13,131,62,119,103,120,139,108,59,100,99,94,54,47,18,130,53,48,116,50,28,45,128,115,22,118,26,138,95,43,7,76,134,85,24,29,25,104,4,52,129,88,140,6,39,107,44,101,135,38,51,57,69,110,75,111,27,74,56,60,97,114,16,32,49,96,40,109,68,106,117,89,63,67,41,9,30,102,127,78,3,31,58,112,20,12,17,42,
machine9:0,36,87,81,73,77,121,65,80,37,72,19,90,79,34,86,14,21,131,120,139,108,59,100,99,94,54,47,53,48,116,50,28,45,128,115,118,26,138,95,43,7,76,134,85,24,29,25,104,4,52,129,88,140,6,39,107,44,101,38,51,57,69,110,75,111,74,56,60,97,114,16,32,49,40,109,68,117,89,63,67,41,9,30,102,127,78,3,31,58,112,20,12,17,42,
machine10:0,73,37,72,19,79,34,86,14,131,100,99,94,47,53,48,116,28,128,115,118,26,95,43,7,76,85,24,29,25,52,6,107,44,101,51,57,111,56,60,32,49,109,68,63,67,30,127,78,3,31,112,20,12,17,42,
machine11:0,36,73,77,65,91,72,84,132,2,55,124,19,126,79,23,34,10,86,71,131,62,123,103,120,139,100,99,54,18,93,45,115,138,95,43,7,24,25,104,4,52,129,140,6,39,44,135,38,8,51,57,110,111,56,46,16,49,96,40,66,109,68,89,67,9,102,3,58,112,20,17,42,
machine12:0,36,87,81,73,77,121,65,61,15,91,72,82,84,137,136,133,132,2,55,124,19,126,79,23,34,83,10,33,86,11,71,13,131,62,119,123,103,120,139,108,100,99,54,47,18,93,130,53,50,45,128,115,22,26,138,95,43,7,76,1,24,25,104,4,52,129,88,140,125,6,39,44,101,135,38,8,51,57,110,75,111,27,56,46,60,114,16,70,49,96,40,66,35,109,68,89,63,67,9,30,102,78,3,31,58,112,20,12,92,17,42,
machine13:0,36,77,121,37,113,72,55,64,79,34,122,33,86,11,71,21,123,120,100,94,47,18,93,130,48,128,26,95,43,7,76,134,85,1,24,4,52,88,140,125,39,101,38,51,111,27,105,56,46,60,97,16,70,49,96,40,35,109,106,89,67,41,9,78,58,112,20,12,42,
machine14:0,36,87,73,77,121,37,61,15,113,5,72,82,84,136,132,2,55,124,64,79,23,98,34,83,122,10,33,86,11,14,71,21,131,62,123,120,139,108,100,94,47,18,93,130,48,28,45,128,118,26,95,43,7,76,134,85,1,24,29,104,4,52,129,88,140,125,6,39,101,135,38,8,51,57,69,110,111,27,105,74,56,46,60,97,114,16,70,49,96,40,35,109,68,106,89,67,41,9,102,78,58,112,20,12,42,

1to 1:
1to 2:105,126,82,13,90,66,81,133,102,15,22,31,43,47,48,60,88,86,38,112,
1to 3:113,10,32,123,98,97,117,59,1,21,107,104,24,132,84,6,131,25,41,72,71,19,37,115,3,101,
1to 4:116,26,80,54,53,45,124,27,65,16,18,75,64,78,69,89,109,42,110,134,58,12,111,51,140,49,128,
1to 5:137,99,135,91,83,87,50,70,11,55,2,57,46,73,93,36,95,44,40,62,39,77,56,9,79,
1to 6:118,122,29,61,129,125,139,5,106,100,94,74,121,67,85,108,68,20,
2to 1:61,80,98,33,97,92,138,139,107,55,64,71,3,85,40,39,77,
2to 2:
2to 3:29,54,22,28,47,7,36,30,69,60,109,95,62,128,79,
2to 4:81,91,102,117,87,59,106,31,2,44,108,56,112,101,
2to 5:126,82,13,15,17,96,65,24,25,72,120,19,136,121,4,88,38,140,68,
2to 6:1,16,18,57,41,37,76,34,42,58,86,51,49,
3to 1:2,8,12,17,30,36,44,45,46,51,75,76,86,93,100,108,125,128,140,34,133,50,13,87,112,5,54,116,28,
3to 2:4,9,21,37,42,58,59,68,77,85,106,110,121,40,56,94,
3to 3:
3to 4:6,7,24,38,48,52,57,60,73,74,95,96,104,127,130,136,120,90,107,119,
3to 5:20,22,49,67,71,101,115,114,1,10,92,81,35,23,103,
3to 6:47,62,64,69,72,78,84,88,89,109,111,132,134,55,135,113,27,
4to 1:14,118,119,103,90,32,114,129,127,117,83,22,106,94,57,25,41,47,7,37,95,115,38,56,68,101,79,
4to 2:29,99,97,17,5,28,84,6,74,72,120,19,76,69,89,109,134,3,12,51,49,
4to 3:135,80,53,50,124,65,11,64,67,4,58,111,39,9,20,
4to 4:
4to 5:63,54,102,138,139,27,16,75,31,78,30,34,42,110,52,108,86,128,
4to 6:26,98,45,21,96,130,104,2,43,131,73,136,48,40,112,
5to 1:19,52,58,20,104,132,131,53,66,96,123,26,35,72,89,81,65,120,24,109,63,23,136,
5to 2:67,50,33,44,92,138,46,18,91,115,30,2,
5to 3:137,119,8,27,100,70,12,51,31,86,112,126,133,34,55,73,130,17,
5to 4:13,68,88,40,129,103,43,25,47,99,121,84,62,3,11,76,
5to 5:
5to 6:102,7,79,39,15,124,140,9,4,101,82,110,60,93,6,87,36,71,77,38,114,83,
6to 1:4,11,18,42,43,48,60,62,70,78,88,124,130,134,135,6,1,16,10,105,21,
6to 2:20,79,83,87,93,95,96,108,128,136,7,122,24,98,
6to 3:15,35,46,49,52,56,57,74,76,94,110,120,121,140,23,
6to 4:5,9,34,39,41,55,67,71,77,85,100,114,139,36,97,28,82,29,14,132,
6to 5:8,12,33,61,84,89,111,125,131,123,45,
6to 6:

cell1:2,3,6,5,4,
cell2:1,4,5,3,6,
cell3:2,4,6,1,5,
cell4:1,6,5,2,3,
cell5:6,2,3,4,1,
cell6:3,5,2,4,1,
