machine1:0,87,77,80,113,15,91,79,5,72,83,23,21,33,124,86,90,37,47,131,11,138,118,115,119,93,19,123,99,64,22,108,53,71,59,85,133,43,7,95,55,76,48,130,88,129,62,69,52,25,128,111,57,46,44,107,38,132,4,34,75,45,105,16,49,74,60,32,89,70,50,96,66,35,40,106,68,9,41,78,140,97,42,12,17,8,125,101,109,58,
machine2:0,36,87,73,81,77,65,80,61,113,15,126,91,79,82,5,72,136,2,83,122,23,98,28,21,33,124,86,13,90,94,37,47,14,131,11,103,138,118,120,139,115,119,93,100,19,123,99,64,18,22,135,84,108,53,116,71,137,59,54,85,29,133,43,7,95,55,10,76,24,48,26,130,88,129,62,69,52,25,128,111,57,46,44,107,38,132,104,6,4,34,75,45,105,16,49,134,74,51,60,67,114,32,89,70,56,50,96,66,35,40,106,68,127,63,102,9,41,30,78,121,140,31,97,42,20,12,110,92,17,39,8,1,125,101,27,109,117,3,112,58,
machine3:0,36,87,81,77,65,61,15,126,79,5,72,2,122,98,28,86,13,90,94,37,47,138,120,93,19,99,84,59,85,29,43,7,95,55,76,24,62,128,46,44,107,38,6,49,134,51,67,89,50,40,68,9,41,30,20,12,110,17,39,101,117,3,112,58,
machine4:0,36,87,81,77,65,80,61,15,126,91,79,82,5,72,136,2,83,122,98,28,21,33,86,13,90,94,37,47,138,120,139,115,93,19,99,64,18,22,84,108,71,59,54,85,29,133,43,7,95,55,76,24,48,88,62,69,25,128,57,46,44,107,38,6,4,34,105,16,49,134,74,51,60,67,89,56,50,96,66,40,106,68,102,9,41,30,121,140,31,97,42,20,12,110,92,17,39,1,101,109,117,3,112,58,
machine5:0,36,87,73,81,77,65,80,113,15,126,79,5,72,136,2,23,98,28,21,124,86,13,90,94,37,47,131,11,103,120,115,119,93,100,19,123,64,22,135,84,108,53,116,71,137,59,54,85,29,133,7,95,55,10,76,24,48,130,88,62,69,52,25,128,111,57,46,44,107,38,132,104,6,4,34,75,45,49,134,74,51,60,67,114,32,89,70,56,50,96,35,40,106,68,127,9,41,30,78,121,140,31,97,42,20,12,110,92,17,39,8,1,125,101,27,109,117,3,112,58,
machine6:0,36,87,73,81,77,65,80,126,79,5,72,136,2,23,98,28,21,124,86,37,47,11,120,115,119,93,100,19,123,64,84,108,71,137,59,54,85,29,133,7,95,55,10,76,48,130,88,62,52,25,128,111,57,46,44,107,38,132,104,6,4,34,75,45,49,134,74,51,60,67,89,56,96,40,9,41,121,140,31,97,42,20,12,110,92,17,39,8,1,125,101,27,109,117,3,112,58,
machine7:0,81,77,65,37,93,19,64,84,108,71,137,85,133,55,10,76,130,88,62,25,128,57,46,44,107,132,104,4,34,45,134,74,51,56,40,121,140,42,20,12,110,92,39,8,1,125,101,27,109,117,3,112,58,
machine8:0,36,87,73,81,77,65,80,91,79,82,5,72,136,2,83,98,28,21,124,86,13,90,94,37,47,14,131,11,103,138,118,120,139,115,119,100,19,99,64,18,22,135,84,108,53,116,71,59,54,85,29,43,7,95,55,76,24,48,26,130,88,129,62,69,52,25,128,111,57,44,107,38,132,104,6,4,34,75,45,16,49,134,74,51,60,67,114,32,89,56,50,96,40,106,68,127,63,102,9,41,30,78,121,140,31,97,42,20,12,110,17,39,101,27,109,117,3,112,58,
machine9:0,36,87,73,81,77,65,80,79,72,28,21,86,90,94,37,47,14,131,138,118,120,139,115,100,19,99,108,53,116,59,54,85,29,43,7,95,76,24,48,26,88,129,69,52,25,128,111,57,44,107,38,104,6,4,34,75,45,16,49,134,74,51,60,67,114,32,89,56,50,40,68,127,63,102,9,41,30,78,121,140,31,97,42,20,12,110,17,39,101,109,117,3,112,58,
machine10:0,73,79,72,28,86,94,37,47,14,131,118,115,100,19,99,53,116,85,29,43,7,95,76,24,48,26,52,25,128,111,57,44,107,6,34,49,51,60,67,32,56,68,127,63,30,78,31,42,20,12,17,101,109,3,112,
machine11:0,36,73,77,65,126,91,79,72,2,23,124,86,131,103,138,120,139,115,93,100,19,123,99,18,135,84,71,54,43,7,95,55,10,24,129,62,52,25,111,57,46,44,38,132,104,6,4,34,45,16,49,51,67,89,56,96,66,40,68,102,9,140,42,20,110,17,39,8,109,3,112,58,
machine12:0,36,87,73,81,77,65,61,15,126,91,79,82,72,136,2,83,23,33,124,86,13,47,131,11,103,138,120,139,115,119,93,100,19,123,99,18,22,135,84,108,53,71,137,54,133,43,7,95,55,10,76,24,26,130,88,129,62,52,25,128,111,57,46,44,38,132,104,6,4,34,75,45,16,49,51,60,67,114,89,70,56,50,96,66,35,40,68,63,102,9,30,78,121,140,31,42,20,12,110,92,17,39,8,1,125,101,27,109,3,112,58,
machine13:0,36,77,113,79,72,122,21,33,86,94,37,47,11,120,93,100,123,64,18,71,85,43,7,95,55,76,24,48,26,130,88,52,128,111,46,38,4,34,105,16,49,134,51,60,67,89,70,56,96,35,40,106,9,41,78,121,140,97,42,20,12,39,1,125,101,27,109,112,58,
machine14:0,36,87,73,77,61,113,15,79,82,5,72,136,2,83,122,23,98,28,21,33,124,86,94,37,47,14,131,11,118,120,139,93,100,123,64,18,135,84,108,71,85,29,43,7,95,55,10,76,24,48,26,130,88,129,62,69,52,128,111,57,46,38,132,104,6,4,34,45,105,16,49,134,74,51,60,67,114,89,70,56,96,35,40,106,68,102,9,41,78,121,140,97,42,20,12,110,39,8,1,125,101,27,109,112,58,

1to 1:
1to 2:47,60,112,38,88,81,13,90,66,82,102,22,43,15,31,126,105,86,133,48,
1to 3:72,131,1,71,24,19,101,115,10,25,117,59,84,107,32,97,98,132,41,21,3,113,123,37,6,104,
1to 4:140,58,12,111,109,16,128,53,80,78,110,116,45,27,42,18,26,49,89,51,65,124,69,134,64,75,54,
1to 5:77,62,95,44,55,39,57,93,56,11,87,36,99,9,79,135,46,70,2,91,83,40,73,50,137,
1to 6:20,106,5,139,68,29,108,100,94,125,122,118,67,129,85,121,74,61,
2to 1:61,80,98,33,97,92,138,139,107,55,64,71,3,85,40,39,77,
2to 2:
2to 3:29,54,22,28,47,7,36,30,69,60,109,95,62,128,79,
2to 4:81,91,102,117,87,59,106,31,2,44,108,56,112,101,
2to 5:126,82,13,15,17,96,65,24,25,72,120,19,136,121,4,88,38,140,68,
2to 6:1,16,18,57,41,37,76,34,42,58,86,51,49,
3to 1:2,8,12,17,30,36,44,45,46,51,75,76,86,93,100,108,125,128,140,34,133,50,13,87,112,5,54,116,28,
3to 2:4,9,21,37,42,58,59,68,77,85,106,110,121,40,56,94,
3to 3:
3to 4:6,7,24,38,48,52,57,60,73,74,95,96,104,127,130,136,120,90,107,119,
3to 5:20,22,49,67,71,101,115,114,1,10,92,81,35,23,103,
3to 6:47,62,64,69,72,78,84,88,89,109,111,132,134,55,135,113,27,
4to 1:129,94,25,95,22,37,119,90,57,38,41,47,83,118,103,114,7,79,101,106,32,14,115,56,117,127,68,
4to 2:84,17,72,109,134,29,51,76,89,120,69,28,74,49,99,97,5,12,3,19,6,
4to 3:65,11,50,64,111,135,67,39,53,4,124,9,80,58,20,
4to 4:
4to 5:110,34,52,139,128,108,86,102,63,54,31,16,27,30,75,78,42,138,
4to 6:130,45,26,112,96,73,98,2,21,131,48,104,40,43,136,
5to 1:19,52,58,20,104,132,131,53,66,96,123,26,35,72,89,81,65,120,24,109,63,23,136,
5to 2:67,50,33,44,92,138,46,18,91,115,30,2,
5to 3:137,119,8,27,100,70,12,51,31,86,112,126,133,34,55,73,130,17,
5to 4:13,68,88,40,129,103,43,25,47,99,121,84,62,3,11,76,
5to 5:
5to 6:102,7,79,39,15,124,140,9,4,101,82,110,60,93,6,87,36,71,77,38,114,83,
6to 1:105,10,135,1,70,124,21,130,16,18,11,6,43,78,48,60,4,42,134,88,62,
6to 2:122,98,83,87,96,24,93,7,136,95,108,128,79,20,
6to 3:23,35,15,94,57,46,74,120,76,121,110,52,56,140,49,
6to 4:14,82,29,114,97,139,5,28,100,55,132,41,71,36,67,34,85,39,77,9,
6to 5:61,123,33,125,45,8,84,131,89,12,111,
6to 6:

cell1:5,2,4,6,3,
cell2:1,4,5,3,6,
cell3:2,4,6,1,5,
cell4:3,1,2,6,5,
cell5:6,2,3,4,1,
cell6:5,1,4,3,2,
