machine1:0,13,192,198,1,164,114,14,197,19,107,146,98,176,59,89,97,32,181,153,9,193,79,55,106,33,129,75,60,67,134,66,74,178,2,27,120,87,182,171,139,118,11,105,165,159,16,188,109,82,200,185,90,174,122,94,145,158,150,22,40,127,126,8,148,15,30,99,123,28,51,121,154,142,191,187,7,186,128,4,57,69,96,20,169,86,133,116,12,41,50,35,53,155,5,199,73,184,113,83,76,170,70,101,149,177,112,85,52,29,138,63,115,196,93,54,103,91,78,111,160,61,167,72,36,64,117,162,140,77,58,131,179,10,34,80,42,25,151,132,143,62,108,17,24,46,161,95,180,124,119,43,166,189,110,141,163,144,88,157,100,168,71,18,65,152,37,147,104,92,81,156,21,102,47,172,48,195,183,31,49,175,56,23,44,26,45,39,3,125,173,137,68,38,130,190,194,136,84,135,6,
machine2:0,13,192,164,114,14,19,107,98,89,97,32,181,193,79,55,33,129,60,67,134,178,2,120,87,182,139,11,105,165,16,109,82,200,185,122,94,158,150,22,40,127,126,8,148,15,30,99,28,51,121,154,142,191,187,7,186,128,57,69,20,169,86,133,116,41,50,35,53,155,5,199,73,184,83,76,170,70,101,149,177,112,85,52,29,138,63,115,196,93,54,103,91,78,160,167,72,36,64,117,162,140,77,58,10,34,80,25,151,132,143,62,108,17,24,46,161,95,180,124,119,43,166,189,110,141,163,144,88,157,100,168,71,18,65,152,37,147,92,81,156,21,102,47,172,48,195,183,31,49,175,56,23,44,26,45,3,125,173,137,68,38,190,194,136,84,135,6,
machine3:0,97,181,200,94,158,150,22,40,127,126,8,148,99,28,51,154,142,187,7,57,69,20,169,86,133,116,41,50,35,53,199,73,184,83,76,170,70,101,149,177,112,85,52,29,138,63,115,196,160,167,64,117,140,77,10,34,80,25,151,143,62,108,24,46,161,95,180,124,43,166,189,110,141,163,144,88,157,100,168,71,18,65,152,37,147,92,81,156,21,102,172,183,31,49,175,56,23,44,26,45,3,125,173,68,38,190,136,84,135,6,
machine4:0,13,198,1,164,114,14,197,19,107,146,98,176,59,89,97,32,181,153,9,193,79,55,106,33,129,75,60,67,66,74,178,27,120,87,182,171,139,118,11,105,159,16,188,109,82,200,185,90,174,122,94,158,22,40,127,126,8,148,15,30,99,123,28,51,121,154,142,191,187,7,186,128,4,57,69,96,20,169,86,133,116,12,41,35,53,155,199,73,184,113,83,76,170,70,101,149,177,85,52,63,115,196,93,54,103,91,111,160,61,167,72,36,64,117,162,58,131,179,10,34,80,42,25,151,132,143,62,108,17,24,46,161,95,180,124,119,43,166,189,110,141,163,88,157,100,168,71,18,65,152,37,147,104,92,81,156,21,102,47,172,48,195,183,31,49,175,56,23,44,26,45,39,3,125,173,137,68,38,130,190,194,136,84,135,6,
machine5:0,13,198,1,164,114,19,146,176,59,32,181,153,9,193,79,55,33,129,60,66,74,178,27,120,87,182,171,139,118,11,105,16,188,109,82,200,185,90,174,122,94,22,40,127,126,8,148,15,30,99,123,28,51,121,154,142,191,187,7,186,128,4,57,69,96,20,86,116,12,35,155,73,184,113,76,170,70,101,149,177,85,52,63,115,196,93,54,103,91,111,160,61,167,72,36,64,117,162,58,131,179,10,34,80,42,25,151,132,143,62,108,17,24,46,161,95,180,124,119,43,166,189,110,141,163,88,157,100,168,71,18,65,152,37,104,92,156,21,102,47,172,48,195,183,31,49,175,23,44,26,45,39,3,173,137,38,130,194,136,84,135,6,
machine6:0,176,32,153,55,60,87,139,105,16,109,185,90,122,94,126,148,15,30,123,191,186,128,4,96,116,12,155,73,184,113,76,170,101,85,115,196,93,91,111,160,61,167,72,36,117,162,58,131,179,10,80,42,151,132,62,108,17,24,161,95,119,43,166,189,141,163,157,100,168,71,18,152,37,92,156,47,172,48,195,183,49,175,44,26,39,3,137,38,130,194,136,84,135,6,
machine7:0,192,164,107,98,59,97,181,153,79,106,67,74,178,2,171,105,159,16,82,200,174,94,145,150,40,127,126,8,148,123,28,121,191,186,57,20,169,133,116,12,50,35,5,73,113,170,70,101,149,112,85,29,138,63,54,103,91,78,160,72,64,162,77,10,25,151,132,143,17,180,124,119,189,163,88,65,37,147,104,81,156,21,47,48,195,31,49,39,125,173,68,38,190,84,135,
machine8:0,13,192,198,1,164,197,19,107,98,59,97,181,153,79,55,106,75,60,67,134,74,178,2,27,120,171,139,118,11,105,165,159,16,188,109,82,200,90,174,94,145,158,150,22,40,127,126,8,148,30,123,28,121,154,191,187,186,57,69,96,20,169,133,116,12,41,50,35,155,5,73,113,76,170,70,101,149,112,85,29,138,63,115,54,103,91,78,111,160,72,64,117,162,140,77,58,131,10,34,42,25,151,132,143,62,108,17,180,124,119,43,166,189,110,141,163,144,88,157,100,71,18,65,37,147,104,81,156,21,102,47,172,48,195,183,31,49,56,23,39,3,125,173,68,38,130,190,194,136,84,135,6,
machine9:0,13,198,1,14,197,107,146,176,89,181,9,193,33,129,75,60,134,66,74,178,2,27,120,87,182,118,11,165,16,188,109,82,185,90,122,145,150,15,99,28,121,154,191,186,128,4,57,69,96,20,86,133,50,35,53,5,184,83,76,70,112,29,93,54,91,36,64,162,140,58,80,42,25,132,143,108,17,161,124,119,43,166,141,88,157,100,168,18,65,152,104,92,21,102,47,172,48,183,23,26,45,39,3,125,137,68,6,
machine10:0,13,192,198,1,164,114,14,197,19,107,146,98,176,59,89,97,32,181,153,9,193,106,33,129,75,60,134,66,74,178,2,27,120,87,182,139,118,11,105,165,159,16,188,109,82,185,90,122,94,145,158,150,22,127,126,8,148,15,30,99,123,28,121,154,142,191,7,186,128,4,57,69,96,20,86,133,50,35,53,155,5,199,73,184,113,83,76,170,70,112,85,29,93,54,103,91,78,111,160,61,167,72,36,64,117,162,140,77,58,131,179,34,80,42,25,151,132,143,62,108,17,46,161,95,124,119,43,166,110,141,163,144,88,157,100,168,71,18,65,152,37,147,104,92,21,102,47,172,48,195,183,31,49,175,23,44,26,45,39,3,125,137,68,38,130,194,136,84,135,6,

1to 1:
1to 2:106,114,40,61,51,177,149,171,9,196,14,26,185,167,107,118,75,136,131,109,12,115,41,124,158,36,137,83,197,200,81,156,147,173,184,68,116,181,100,154,162,84,108,175,97,64,135,151,103,47,3,38,
1to 3:145,174,5,134,187,138,159,78,113,22,165,144,56,189,29,27,195,127,63,190,72,169,140,71,125,183,101,126,62,16,194,148,180,139,119,25,198,132,117,69,20,157,21,143,141,172,
1to 4:192,146,179,122,87,15,193,66,142,178,11,130,34,182,50,86,4,49,105,39,95,59,8,92,44,102,168,186,31,13,96,170,133,98,160,191,54,76,70,30,17,
2to 1:187,24,46,113,53,52,153,93,67,122,87,33,199,15,32,111,1,23,99,66,128,142,94,89,190,71,34,182,123,101,80,152,155,4,62,35,180,6,28,48,163,25,95,198,8,92,44,168,186,31,18,10,60,69,88,13,170,133,157,21,191,141,54,172,70,82,30,
2to 2:
2to 3:106,118,178,74,11,55,12,115,79,57,41,124,158,120,81,156,58,173,116,188,110,73,102,43,104,42,96,121,37,90,135,151,160,3,76,38,17,91,
2to 4:61,22,9,19,26,176,7,75,45,131,109,161,36,183,83,16,148,129,68,164,181,65,139,84,132,175,97,20,103,143,85,166,
3to 1:40,149,171,112,178,136,11,55,2,79,130,57,120,200,58,49,181,105,39,154,162,59,108,102,43,104,97,42,96,121,90,64,98,47,85,166,17,
3to 2:174,159,153,67,19,56,189,111,23,127,63,169,125,34,183,123,126,194,35,164,65,28,48,163,31,18,10,20,170,191,143,70,82,
3to 3:
3to 4:145,106,134,150,165,144,77,27,1,195,107,118,94,74,72,140,158,197,155,147,6,188,110,73,100,119,117,60,69,88,37,151,21,141,38,91,
4to 1:114,5,159,78,150,22,19,14,77,185,29,176,127,7,167,107,45,74,125,161,124,137,197,147,126,16,184,194,148,129,164,188,65,110,73,139,100,132,37,135,3,91,
4to 2:46,146,113,53,179,93,33,199,32,27,193,1,195,99,128,94,89,72,71,130,57,120,86,80,152,155,62,58,49,6,105,39,119,25,59,198,43,117,104,60,42,88,121,90,98,160,157,172,76,
4to 3:192,153,112,111,23,75,136,131,109,2,123,50,35,68,28,48,163,154,162,84,8,108,186,18,13,64,133,103,47,54,85,82,166,30,
4to 4:

cell1:3,2,4,
cell2:4,1,3,
cell3:4,2,1,
cell4:1,2,3,
