machine1:0,112,78,113,192,1,118,27,9,146,75,188,169,198,197,176,134,59,90,106,193,66,165,114,178,164,171,159,11,153,74,14,182,5,107,139,174,145,13,67,98,2,19,89,105,121,120,16,33,155,79,129,54,200,104,127,94,185,103,82,55,148,91,60,22,150,30,126,109,40,181,158,28,51,187,99,87,154,142,186,7,122,15,128,123,57,191,143,86,133,97,32,12,50,116,53,73,96,184,199,93,83,76,35,177,101,149,29,69,85,52,8,115,132,36,64,196,167,41,61,25,170,63,138,72,117,162,140,70,58,20,62,77,124,4,179,160,111,10,34,151,42,46,80,131,180,108,157,144,161,24,95,68,119,81,43,166,189,141,163,88,100,110,71,18,156,65,21,152,147,37,168,92,17,102,47,172,195,48,31,49,183,125,175,23,44,45,56,3,26,190,173,39,137,38,130,84,194,136,135,6,
machine2:0,112,78,192,169,134,193,165,114,178,164,11,14,182,5,107,139,13,67,98,2,19,89,105,121,120,16,33,155,79,129,54,200,127,94,185,103,82,55,148,91,60,22,150,30,126,109,40,181,158,28,51,187,99,87,154,142,186,7,122,15,128,57,191,143,86,133,97,32,50,116,53,73,184,199,93,83,76,35,177,101,149,29,69,85,52,8,115,132,36,64,196,167,41,25,170,63,138,72,117,162,140,70,58,20,62,77,124,160,10,34,151,46,80,180,108,157,144,161,24,95,68,119,81,43,166,189,141,163,88,100,110,71,18,156,65,21,152,147,37,168,92,17,102,47,172,195,48,31,49,183,125,175,23,44,45,56,3,26,190,173,137,38,84,194,136,135,6,
machine3:0,112,169,200,127,94,148,22,150,126,40,181,158,28,51,187,99,154,142,7,57,143,86,133,97,50,116,53,73,184,199,83,76,35,177,101,149,29,69,85,52,8,115,64,196,167,41,25,170,63,138,117,140,70,20,62,77,124,160,10,34,151,46,80,180,108,157,144,161,24,95,68,81,43,166,189,141,163,88,100,110,71,18,156,65,21,152,147,37,168,92,102,172,31,49,183,125,175,23,44,45,56,3,26,190,173,38,84,136,135,6,
machine4:0,113,1,118,27,9,146,75,188,169,198,197,176,59,90,106,193,66,114,178,164,171,159,11,153,74,14,182,107,139,174,13,67,98,19,89,105,121,120,16,33,155,79,129,54,200,104,127,94,185,103,82,55,148,91,60,22,30,126,109,40,181,158,28,51,187,99,87,154,142,186,7,122,15,128,123,57,191,143,86,133,97,32,12,116,53,73,96,184,199,93,83,76,35,177,101,149,69,85,52,8,115,132,36,64,196,167,41,61,25,170,63,72,117,162,70,58,20,62,124,4,179,160,111,10,34,151,42,46,80,131,180,108,157,161,24,95,68,119,81,43,166,189,141,163,88,100,110,71,18,156,65,21,152,147,37,168,92,17,102,47,172,195,48,31,49,183,125,175,23,44,45,56,3,26,190,173,39,137,38,130,84,194,136,135,6,
machine5:0,113,1,118,27,9,146,188,198,176,59,90,193,66,114,178,164,171,11,153,74,182,139,174,13,19,105,121,120,16,33,155,79,129,54,200,104,127,94,185,103,82,55,148,91,60,22,30,126,109,40,181,28,51,187,99,87,154,142,186,7,122,15,128,123,57,191,143,86,32,12,116,73,96,184,93,76,35,177,101,149,69,85,52,8,115,132,36,64,196,167,61,25,170,63,72,117,162,70,58,20,62,124,4,179,160,111,10,34,151,42,46,80,131,180,108,157,161,24,95,119,43,166,189,141,163,88,100,110,71,18,156,65,21,152,37,168,92,17,102,47,172,195,48,31,49,183,175,23,44,45,3,26,173,39,137,38,130,84,194,136,135,6,
machine6:0,113,176,90,153,139,105,16,155,94,185,55,148,91,60,30,126,109,87,186,122,15,128,123,191,32,12,116,73,96,184,93,76,101,85,115,132,36,196,167,61,170,72,117,162,58,62,4,179,160,111,10,151,42,80,131,108,157,161,24,95,119,43,166,189,141,163,100,71,18,156,152,37,168,92,17,47,172,195,48,49,183,175,44,3,26,39,137,38,130,84,194,136,135,6,
machine7:0,112,78,113,192,169,59,106,178,164,171,159,153,74,5,107,174,145,67,98,2,105,121,16,79,54,200,104,127,94,103,82,148,91,150,126,40,181,28,186,123,57,191,143,133,97,12,50,116,73,35,101,149,29,85,8,132,64,25,170,63,138,72,162,70,20,77,124,160,10,151,180,68,119,81,189,163,88,156,65,21,147,37,17,47,195,48,31,49,125,190,173,39,38,84,135,
machine8:0,112,78,113,192,1,118,27,75,188,169,198,197,134,59,90,106,165,178,164,171,159,11,153,74,5,107,139,174,145,13,67,98,2,19,105,121,120,16,155,79,54,200,104,127,94,103,82,55,148,91,60,22,150,30,126,109,40,181,158,28,187,154,186,123,57,191,143,133,97,12,50,116,73,96,76,35,101,149,29,69,85,8,115,132,64,41,25,170,63,138,72,117,162,140,70,58,20,62,77,124,160,111,10,34,151,42,131,180,108,157,144,68,119,81,43,166,189,141,163,88,100,110,71,18,156,65,21,147,37,17,102,47,172,195,48,31,49,183,125,23,56,3,190,173,39,38,130,84,194,136,135,6,
machine9:0,112,1,118,27,9,146,75,188,198,197,176,134,90,193,66,165,178,11,74,14,182,5,107,145,13,2,89,121,120,16,33,129,54,104,185,82,91,60,150,109,181,28,99,87,154,186,122,15,128,57,191,143,86,133,50,53,96,184,93,83,76,35,29,69,132,36,64,25,162,140,70,58,20,124,4,42,80,108,157,161,68,119,43,166,141,88,100,18,65,21,152,168,92,17,102,47,172,48,183,125,23,45,3,26,39,137,6,
machine10:0,112,78,113,192,1,118,27,9,146,75,188,198,197,176,134,59,90,106,193,66,165,114,178,164,159,11,153,74,14,182,5,107,139,145,13,98,2,19,89,105,121,120,16,33,155,129,54,104,127,94,185,103,82,148,91,60,22,150,30,126,109,181,158,28,99,87,154,142,186,7,122,15,128,123,57,191,143,86,133,97,32,50,53,73,96,184,199,93,83,76,35,29,69,85,8,132,36,64,167,61,25,170,72,117,162,140,70,58,20,62,77,124,4,179,160,111,34,151,42,46,80,131,108,157,144,161,95,68,119,43,166,141,163,88,100,110,71,18,65,21,152,147,37,168,92,17,102,47,172,195,48,31,49,183,125,175,23,44,45,3,26,39,137,38,130,84,194,136,135,6,

1to 1:
1to 2:106,114,40,61,51,177,149,171,9,196,14,26,185,167,107,118,75,136,131,109,12,115,41,124,158,36,137,83,197,200,81,156,147,173,184,68,116,181,100,154,162,84,108,175,97,64,135,151,103,47,3,38,
1to 3:145,174,5,134,187,138,159,78,113,22,165,144,56,189,29,27,195,127,63,190,72,169,140,71,125,183,101,126,62,16,194,148,180,139,119,25,198,132,117,69,20,157,21,143,141,172,
1to 4:192,146,179,122,87,15,193,66,142,178,11,130,34,182,50,86,4,49,105,39,95,59,8,92,44,102,168,186,31,13,96,170,133,98,160,191,54,76,70,30,17,
2to 1:187,24,46,113,53,52,153,93,67,122,87,33,199,15,32,111,1,23,99,66,128,142,94,89,190,71,34,182,123,101,80,152,155,4,62,35,180,6,28,48,163,25,95,198,8,92,44,168,186,31,18,10,60,69,88,13,170,133,157,21,191,141,54,172,70,82,30,
2to 2:
2to 3:106,118,178,74,11,55,12,115,79,57,41,124,158,120,81,156,58,173,116,188,110,73,102,43,104,42,96,121,37,90,135,151,160,3,76,38,17,91,
2to 4:61,22,9,19,26,176,7,75,45,131,109,161,36,183,83,16,148,129,68,164,181,65,139,84,132,175,97,20,103,143,85,166,
3to 1:181,178,58,149,85,102,43,104,112,42,136,97,120,108,171,40,39,96,121,57,200,11,2,162,59,130,17,98,79,105,55,154,47,64,90,166,49,
3to 2:153,174,48,20,123,143,23,19,169,18,191,65,125,111,126,183,127,28,70,31,63,56,35,164,34,67,159,82,163,194,10,170,189,
3to 3:
3to 4:27,107,72,37,188,21,119,141,197,100,165,94,88,77,147,195,106,155,140,150,73,1,145,134,110,144,117,69,74,60,38,118,6,91,151,158,
4to 1:5,159,114,78,126,74,125,150,164,194,37,73,16,127,19,107,188,124,185,91,7,22,147,129,167,45,135,161,132,65,184,77,139,29,3,14,110,100,197,137,176,148,
4to 2:1,94,80,6,99,155,195,32,53,71,113,39,152,98,43,86,117,193,76,105,72,130,121,62,57,58,33,59,146,89,199,160,46,93,60,120,49,179,128,42,88,157,172,27,198,104,25,90,119,
4to 3:75,192,108,2,13,28,64,111,8,48,166,186,35,162,47,82,131,136,153,84,30,23,163,103,133,18,50,154,54,109,112,68,85,123,
4to 4:

cell1:3,2,4,
cell2:4,1,3,
cell3:4,2,1,
cell4:2,3,1,
