machine1:0,1,164,97,51,114,40,177,34,73,142,99,46,199,107,14,88,64,53,52,197,77,98,200,154,7,19,150,31,176,65,181,89,147,166,59,10,22,18,146,193,45,153,9,55,67,6,129,75,60,86,27,33,32,198,106,66,74,182,90,2,87,83,192,120,138,178,79,118,11,127,110,105,140,70,35,168,149,159,187,92,29,185,94,145,57,16,134,188,122,69,148,123,165,101,170,13,109,82,171,121,133,28,24,174,126,102,50,158,139,15,161,96,23,186,128,76,85,191,184,63,20,143,155,8,12,116,113,93,141,95,37,196,43,36,115,25,80,21,167,54,4,78,17,58,61,160,117,5,72,62,162,42,111,172,81,163,179,103,112,157,151,108,132,124,131,30,41,180,119,71,169,152,189,91,100,173,125,144,44,104,156,47,48,195,183,49,175,56,39,3,26,190,38,137,68,130,84,194,136,135,
machine2:0,164,97,51,114,40,177,34,73,142,99,46,199,107,14,88,64,53,52,77,98,200,154,7,19,150,31,65,181,89,147,166,10,22,18,193,45,55,67,6,129,60,86,33,32,182,2,87,83,192,120,138,178,79,11,127,110,105,140,70,35,168,149,187,92,29,185,94,57,16,134,122,69,148,165,101,170,13,109,82,121,133,28,24,126,102,50,158,139,15,161,23,186,128,76,85,191,184,63,20,143,155,8,116,93,141,95,37,196,43,36,115,25,80,21,167,54,78,17,58,160,117,5,72,62,162,172,81,163,103,112,157,151,108,132,124,30,41,180,119,71,169,152,189,91,100,173,125,144,44,156,47,48,195,183,49,175,56,3,26,190,38,137,68,84,194,136,135,
machine3:0,97,51,40,177,34,73,142,99,46,199,88,64,53,52,77,200,154,7,150,31,65,181,147,166,10,22,18,45,6,86,83,138,127,110,140,70,35,168,149,187,92,29,94,57,69,148,101,170,133,28,24,126,102,50,158,161,23,76,85,184,63,20,143,8,116,141,95,37,196,43,115,25,80,21,167,160,117,62,172,81,163,112,157,151,108,124,41,180,71,169,152,189,100,173,125,144,44,156,183,49,175,56,3,26,190,38,68,84,136,135,
machine4:0,1,164,97,51,114,40,177,34,73,142,99,46,199,107,14,88,64,53,52,197,98,200,154,7,19,31,176,65,181,89,147,166,59,10,22,18,146,193,45,153,9,55,67,6,129,75,60,86,27,33,32,198,106,66,74,182,90,87,83,120,178,79,118,11,127,110,105,70,35,168,149,159,187,92,185,94,57,16,188,122,69,148,123,101,170,13,109,82,171,121,133,28,24,174,126,102,158,139,15,161,96,23,186,128,76,85,191,184,63,20,143,155,8,12,116,113,93,141,95,37,196,43,36,115,25,80,21,167,54,4,17,58,61,160,117,72,62,162,42,111,172,81,163,179,103,157,151,108,132,124,131,30,41,180,119,71,169,152,189,91,100,173,125,44,104,156,47,48,195,183,49,175,56,39,3,26,190,38,137,68,130,84,194,136,135,
machine5:0,1,164,51,114,40,177,34,73,142,99,46,88,64,52,200,154,7,19,31,176,65,181,166,59,10,22,18,146,193,45,153,9,55,6,129,60,86,27,33,32,198,66,74,182,90,87,120,178,79,118,11,127,110,105,70,35,168,149,187,92,185,94,57,16,188,122,69,148,123,101,170,13,109,82,171,121,28,24,174,126,102,139,15,161,96,23,186,128,76,85,191,184,63,20,143,155,8,12,116,113,93,141,95,37,196,43,36,115,25,80,21,167,54,4,17,58,61,160,117,72,62,162,42,111,172,163,179,103,157,151,108,132,124,131,30,180,119,71,152,189,91,100,173,44,104,156,47,48,195,183,49,175,39,3,26,38,137,130,84,194,136,135,
machine6:0,73,176,166,10,18,153,55,6,60,32,90,87,105,168,92,185,94,16,122,148,123,101,170,109,24,126,139,15,161,96,186,128,76,85,191,184,155,12,116,113,93,141,95,37,196,43,36,115,80,167,4,17,58,61,160,117,72,62,162,42,111,172,163,179,157,151,108,132,131,30,119,71,152,189,91,100,44,156,47,48,195,183,49,175,39,3,26,38,137,130,84,194,136,135,
machine7:0,164,97,40,73,107,88,64,77,98,200,150,31,65,181,147,59,10,153,67,106,74,2,192,138,178,79,127,105,70,35,149,159,29,94,145,57,16,148,123,101,170,82,171,121,133,28,174,126,50,186,85,191,63,20,143,8,12,116,113,37,25,21,54,78,17,160,5,72,162,81,163,103,112,151,132,124,180,119,169,189,91,173,125,104,156,47,48,195,49,39,190,38,68,84,135,
machine8:0,1,164,97,40,34,73,107,88,64,197,77,98,200,154,19,150,31,65,181,147,166,59,10,22,18,153,55,67,6,75,60,27,198,106,74,90,2,192,120,138,178,79,118,11,127,110,105,140,70,35,149,159,187,29,94,145,57,16,134,188,69,148,123,165,101,170,13,109,82,171,121,133,28,174,126,102,50,158,139,96,23,186,76,85,191,63,20,143,155,8,12,116,113,141,37,43,115,25,21,54,78,17,58,160,117,5,72,62,162,42,111,172,81,163,103,112,157,151,108,132,124,131,30,41,180,119,71,169,189,91,100,173,125,144,104,156,47,48,195,183,49,56,39,3,190,38,68,130,84,194,136,135,
machine9:0,1,99,107,14,88,64,53,197,154,150,176,65,181,89,166,18,146,193,45,9,6,129,75,60,86,27,33,198,66,74,182,90,2,87,83,120,178,118,11,140,70,35,168,92,29,185,145,57,16,134,188,122,69,165,13,109,82,121,133,28,102,50,15,161,96,23,186,128,76,191,184,20,143,93,141,43,36,25,80,21,54,4,17,58,5,162,42,172,112,157,108,132,124,119,152,91,100,125,104,47,48,183,39,3,26,137,68,
machine10:0,1,164,97,114,34,73,142,99,46,199,107,14,88,64,53,197,77,98,154,7,19,150,31,176,65,181,89,147,166,59,22,18,146,193,45,153,9,6,129,75,60,86,27,33,32,198,106,66,74,182,90,2,87,83,192,120,178,118,11,127,110,105,140,70,35,168,159,92,29,185,94,145,57,16,134,188,122,69,148,123,165,170,13,109,82,121,133,28,126,102,50,158,139,15,161,96,23,186,128,76,85,191,184,20,143,155,8,113,93,141,95,37,43,36,25,80,21,167,54,4,78,17,58,61,160,117,5,72,62,162,42,111,172,163,179,103,112,157,151,108,132,124,131,30,119,71,152,91,100,125,144,44,104,47,48,195,183,49,175,39,3,26,38,137,68,130,84,194,136,135,

1to 1:
1to 2:106,114,40,61,51,177,149,171,9,196,14,26,185,167,107,118,75,136,131,109,12,115,41,124,158,36,137,83,197,200,81,156,147,173,184,68,116,181,100,154,162,84,108,175,97,64,135,151,103,47,3,38,
1to 3:145,174,5,134,187,138,159,78,113,22,165,144,56,189,29,27,195,127,63,190,72,169,140,71,125,183,101,126,62,16,194,148,180,139,119,25,198,132,117,69,20,157,21,143,141,172,
1to 4:192,146,179,122,87,15,193,66,142,178,11,130,34,182,50,86,4,49,105,39,95,59,8,92,44,102,168,186,31,13,96,170,133,98,160,191,54,76,70,30,17,
2to 1:187,24,46,113,53,52,153,93,67,122,87,33,199,15,32,111,1,23,99,66,128,142,94,89,190,71,34,182,123,101,80,152,155,4,62,35,180,6,28,48,163,25,95,198,8,92,44,168,186,31,18,10,60,69,88,13,170,133,157,21,191,141,54,172,70,82,30,
2to 2:
2to 3:106,118,178,74,11,55,12,115,79,57,41,124,158,120,81,156,58,173,116,188,110,73,102,43,104,42,96,121,37,90,135,151,160,3,76,38,17,91,
2to 4:61,22,9,19,26,176,7,75,45,131,109,161,36,183,83,16,148,129,68,164,181,65,139,84,132,175,97,20,103,143,85,166,
3to 1:40,149,171,112,178,136,11,55,2,79,130,57,120,200,58,49,181,105,39,154,162,59,108,102,43,104,97,42,96,121,90,64,98,47,85,166,17,
3to 2:174,159,153,67,19,56,189,111,23,127,63,169,125,34,183,123,126,194,35,164,65,28,48,163,31,18,10,20,170,191,143,70,82,
3to 3:
3to 4:145,106,134,150,165,144,77,27,1,195,107,118,94,74,72,140,158,197,155,147,6,188,110,73,100,119,117,60,69,88,37,151,21,141,38,91,
4to 1:114,5,159,78,150,22,19,14,77,185,29,176,127,7,167,107,45,74,125,161,124,137,197,147,126,16,184,194,148,129,164,188,65,110,73,139,100,132,37,135,3,91,
4to 2:46,146,113,53,179,93,33,199,32,27,193,1,195,99,128,94,89,72,71,130,57,120,86,80,152,155,62,58,49,6,105,39,119,25,59,198,43,117,104,60,42,88,121,90,98,160,157,172,76,
4to 3:192,153,112,111,23,75,136,131,109,2,123,50,35,68,28,48,163,154,162,84,8,108,186,18,13,64,133,103,47,54,85,82,166,30,
4to 4:

cell1:3,2,4,
cell2:4,1,3,
cell3:4,2,1,
cell4:1,2,3,
