machine1:0,80,6,59,64,43,20,28,34,30,79,23,42,77,73,65,26,74,54,62,3,5,14,29,39,15,41,70,17,37,47,32,78,44,2,4,16,8,45,10,36,51,68,48,49,72,21,63,
machine2:0,50,75,58,6,13,12,59,64,69,71,56,20,28,34,30,66,46,42,77,73,65,40,61,54,3,5,19,33,14,39,11,15,41,70,17,37,47,1,25,32,27,22,44,57,35,2,16,9,45,10,51,68,49,72,21,63,
machine3:0,31,50,52,58,76,55,64,60,28,66,46,42,77,7,73,18,38,65,61,26,62,5,33,14,29,39,11,15,41,70,37,25,32,27,22,44,35,2,4,16,67,8,9,45,36,51,48,72,63,
machine4:0,31,50,59,64,69,71,60,28,34,66,79,73,18,38,65,40,61,26,74,54,62,5,33,29,41,70,17,37,47,1,32,27,22,35,2,4,67,8,9,45,10,36,51,68,48,72,
machine5:0,80,24,75,52,58,13,76,55,59,64,69,71,60,43,34,30,66,46,79,23,7,73,18,38,61,74,54,3,5,19,14,29,39,11,15,41,70,17,1,25,32,27,22,44,2,4,16,67,8,45,36,51,68,48,72,21,63,
machine6:0,50,80,75,53,52,58,13,12,76,59,71,56,60,28,23,77,7,73,18,38,40,61,3,29,39,15,41,70,17,47,1,25,32,22,78,44,57,2,16,67,8,9,45,10,36,51,48,72,21,63,
machine7:0,50,80,24,13,76,55,59,71,60,43,28,34,30,79,23,77,65,61,26,74,54,62,19,14,29,15,41,17,47,1,25,27,22,78,44,57,35,4,16,67,45,10,36,51,48,49,72,21,63,
machine8:0,53,6,69,34,30,66,79,42,77,7,73,18,38,65,54,3,29,41,70,17,47,25,32,27,78,35,2,16,67,8,9,45,10,36,51,68,48,49,21,
machine9:0,50,24,52,13,55,59,56,60,34,66,46,23,7,38,40,74,54,62,5,19,33,14,29,17,37,25,32,27,22,44,35,2,4,16,67,8,9,45,10,36,51,48,49,21,63,
machine10:0,31,80,52,13,76,55,71,56,20,30,23,77,7,18,65,40,74,62,3,19,33,39,11,15,41,47,1,25,32,44,57,35,2,4,16,67,8,9,45,10,51,68,48,49,21,63,
machine11:0,52,58,12,55,69,60,20,28,34,30,66,79,23,77,73,40,61,26,74,54,62,3,5,19,14,39,11,15,70,37,47,1,27,22,35,2,4,67,8,9,45,10,51,68,48,72,21,63,
machine12:0,31,50,80,24,75,52,6,12,76,55,59,69,71,56,60,43,28,34,30,66,46,79,23,42,77,7,73,18,38,65,61,26,74,54,62,3,5,19,33,14,29,11,15,70,17,37,47,25,32,27,22,78,44,57,35,2,4,16,67,8,9,45,10,36,51,68,48,49,72,21,63,
machine13:0,31,80,75,53,58,6,13,12,76,55,59,64,69,56,43,20,28,34,30,66,46,79,23,42,77,7,73,18,38,65,40,61,26,74,54,3,5,19,33,14,29,39,11,15,41,70,17,37,47,1,25,32,27,22,78,44,57,35,2,4,16,67,8,9,45,10,36,51,68,48,49,72,21,63,
machine14:0,31,50,80,24,75,52,58,6,13,12,76,55,59,64,69,71,56,60,43,28,30,66,46,79,23,42,77,7,18,38,65,40,61,26,74,62,3,5,19,33,14,29,39,11,15,41,17,37,47,1,25,32,27,22,78,44,57,35,2,4,16,67,8,9,45,10,36,51,68,48,49,72,21,
machine15:0,31,50,80,24,53,52,58,6,12,76,55,59,64,69,71,56,60,43,20,28,34,30,66,46,79,23,42,77,7,73,18,38,65,40,61,26,74,54,62,3,5,19,33,14,29,39,11,15,41,70,37,47,1,25,32,27,22,78,44,57,35,2,4,16,67,8,9,45,10,36,51,68,48,49,72,21,63,
machine16:0,31,50,24,75,52,6,12,55,64,69,71,43,20,28,34,30,66,79,23,7,73,18,38,65,40,61,26,74,54,62,3,5,19,33,29,39,11,41,70,17,37,47,1,25,27,22,78,44,57,35,4,16,67,8,9,45,10,51,68,48,49,72,63,
machine17:0,31,80,53,58,6,13,12,76,59,64,69,71,56,60,43,20,28,34,30,66,46,79,23,42,77,7,73,18,38,65,26,54,62,5,19,33,14,29,39,11,15,70,17,37,1,25,27,22,78,44,57,35,2,4,16,67,8,9,45,10,36,51,68,48,49,72,21,63,
machine18:0,50,80,75,53,52,58,6,13,76,55,59,56,43,20,28,34,66,46,79,23,42,18,38,40,61,26,74,54,62,3,5,19,33,14,29,39,11,15,41,17,37,47,1,25,27,22,78,44,57,35,2,4,16,67,8,9,45,10,36,51,48,49,72,21,63,
machine19:0,31,50,80,24,52,58,13,76,55,59,64,56,60,43,28,34,30,66,79,23,42,77,7,73,18,38,65,40,61,26,74,54,62,3,5,19,33,14,29,39,11,15,41,70,17,37,47,1,25,32,27,22,78,44,57,35,2,4,16,67,8,9,45,10,36,51,68,48,49,72,21,63,
machine20:0,31,80,24,75,53,52,58,6,13,12,76,55,59,64,69,71,56,20,34,30,66,46,79,23,42,77,7,73,18,38,65,40,61,26,74,54,62,3,5,19,33,14,29,39,11,15,41,70,17,37,47,1,25,32,27,22,78,44,57,35,2,4,16,67,8,9,45,10,36,51,68,48,49,72,21,63,
machine21:0,31,50,80,24,75,53,52,58,6,13,12,76,55,59,64,69,71,56,60,43,20,28,34,30,66,46,79,23,42,77,7,73,18,38,65,40,61,26,74,54,62,3,5,19,33,14,29,39,11,15,41,70,17,37,47,1,25,32,27,22,78,44,57,35,2,4,16,67,8,9,45,10,36,51,68,48,49,72,21,63,

1to 1:
1to 2:1,3,4,5,10,11,13,14,15,19,21,23,27,33,34,37,38,40,47,49,50,51,52,55,58,60,62,66,68,69,70,73,74,77,2,8,9,16,17,18,22,28,29,30,32,39,41,44,45,48,54,59,61,63,67,72,78,
1to 3:1,2,3,5,6,7,9,10,14,15,16,18,19,21,22,23,25,27,28,30,31,33,34,36,37,38,42,44,47,50,52,54,55,58,61,62,63,65,69,71,73,74,75,76,77,78,4,8,11,17,20,24,29,32,35,39,45,46,48,49,51,59,60,64,66,67,68,70,72,79,
1to 4:1,3,5,6,7,8,10,11,13,14,15,19,21,22,26,29,30,31,32,34,35,36,37,38,40,42,43,44,46,47,54,57,58,63,64,65,66,67,69,73,74,75,76,77,78,2,4,9,12,16,18,20,25,27,28,39,41,45,48,49,50,51,55,59,60,61,62,68,71,72,79,
1to 5:1,3,5,6,13,14,15,16,18,19,21,22,26,27,29,30,34,35,36,38,40,42,43,44,45,49,51,52,55,56,57,58,59,64,65,69,70,74,75,76,2,4,8,9,10,11,17,20,28,33,37,39,41,46,48,50,54,60,61,62,63,66,67,68,72,78,79,
1to 6:1,3,4,5,7,9,13,14,15,16,17,19,20,21,22,23,27,28,29,30,31,32,34,36,38,40,41,45,47,51,56,58,60,62,63,64,65,66,67,68,69,70,72,75,76,77,79,80,2,8,10,11,12,18,24,25,33,37,39,42,44,46,48,49,54,55,61,73,78,
1to 7:1,2,3,4,5,7,8,10,13,14,15,16,18,19,21,22,25,26,29,30,31,34,35,36,37,38,42,43,44,45,47,50,51,54,55,56,57,58,64,65,67,69,70,77,78,79,9,11,17,28,32,33,41,46,48,49,52,59,61,62,63,66,68,73,
2to 1:1,3,5,7,8,11,14,15,18,19,21,23,24,25,26,28,31,33,34,36,37,39,41,42,44,47,50,51,55,57,58,60,61,62,63,65,69,70,72,74,76,77,78,80,2,4,9,10,12,16,17,20,22,27,29,30,32,35,45,46,48,54,59,66,67,68,71,73,79,
2to 2:
2to 3:1,2,9,10,11,13,15,18,21,23,24,25,29,33,36,37,38,39,40,42,43,44,47,49,50,51,52,53,54,55,58,60,61,65,66,67,69,70,74,75,77,79,80,3,4,5,7,8,12,14,16,17,19,20,22,27,28,30,32,34,35,41,45,48,59,62,63,68,71,72,73,76,78,
2to 4:6,7,8,10,11,13,16,17,18,21,23,24,25,26,27,29,33,34,38,40,42,44,49,50,51,52,55,56,57,58,60,61,65,67,69,70,71,72,74,77,80,2,3,4,5,9,12,14,15,19,22,28,30,35,36,37,41,45,46,47,48,54,59,62,63,66,68,73,79,
2to 5:2,5,7,10,11,13,15,18,19,21,22,23,24,25,26,27,28,29,33,36,37,38,39,40,44,47,48,49,50,51,52,53,55,57,59,60,61,63,65,66,67,69,70,72,73,74,75,76,80,1,3,4,8,9,14,16,17,20,30,34,35,41,45,46,54,62,68,78,79,
2to 6:2,7,8,10,11,13,15,16,18,23,24,25,30,31,33,35,36,38,40,42,44,48,49,51,53,55,57,58,60,61,63,65,69,70,72,73,74,76,77,78,80,3,4,5,9,12,14,17,19,20,21,22,27,29,32,34,37,41,45,46,47,54,56,59,62,66,67,68,79,
2to 7:2,7,8,10,13,15,18,21,22,23,24,26,27,29,31,32,33,35,38,40,42,44,49,50,51,52,54,55,57,61,63,65,66,67,68,69,70,74,75,77,79,80,1,3,4,5,9,14,16,17,19,25,28,30,37,41,45,46,47,48,59,62,73,
3to 1:5,7,9,10,17,18,19,20,23,24,25,26,28,30,34,37,38,42,43,46,48,49,51,55,58,59,61,64,65,66,71,74,75,77,78,1,2,3,4,8,11,14,15,16,21,22,27,32,33,36,39,40,41,44,45,47,54,56,60,63,68,69,70,72,73,76,80,
3to 2:5,9,10,11,12,17,18,20,21,23,26,28,29,30,31,34,37,39,43,44,48,54,55,57,58,59,61,63,66,67,73,74,76,77,80,1,2,3,4,7,8,13,14,15,16,19,22,25,27,32,33,35,36,40,41,45,47,49,51,52,60,65,68,69,70,72,78,79,
3to 3:
3to 4:3,5,6,9,12,16,23,28,29,30,31,32,34,35,38,41,49,50,54,55,63,67,68,74,76,78,80,1,2,4,7,8,10,11,13,14,15,17,18,19,20,21,22,25,26,27,33,36,37,39,40,42,43,44,45,46,47,48,51,52,53,57,58,59,60,65,69,70,71,72,73,75,79,
3to 5:2,3,9,11,12,17,18,21,23,26,28,29,30,31,36,37,38,45,46,48,50,53,54,55,57,59,64,66,67,69,73,75,78,79,80,1,4,5,7,8,10,13,14,15,16,19,20,22,25,33,34,35,39,41,42,43,44,47,49,51,58,60,63,65,70,72,74,76,
3to 6:3,6,9,11,12,14,18,19,23,25,30,31,37,38,43,46,47,48,53,55,57,58,60,61,63,67,69,73,74,75,77,1,2,4,5,7,8,10,13,15,16,17,21,22,27,32,33,34,35,36,39,40,41,42,44,45,49,51,56,59,64,65,66,70,72,76,78,79,80,
3to 7:3,4,5,6,7,9,10,11,12,17,23,25,26,29,31,36,38,45,46,52,54,58,59,61,63,64,66,67,74,75,77,80,2,8,14,15,16,18,19,20,21,22,27,32,33,34,35,37,39,40,41,42,43,44,47,48,49,57,60,62,65,68,69,70,71,73,78,
4to 1:2,3,4,7,9,14,17,18,19,21,22,23,25,26,28,29,30,33,34,35,37,38,39,41,42,43,44,45,49,52,54,55,58,61,63,64,65,67,68,70,71,72,73,76,77,1,5,6,8,10,11,15,16,24,27,32,47,48,51,57,59,60,62,66,69,74,75,78,79,
4to 2:2,3,4,5,7,8,9,12,13,14,16,17,22,24,25,26,27,28,29,30,31,32,34,39,40,41,45,47,48,51,52,53,54,57,58,61,63,65,68,69,70,71,72,73,74,77,78,79,80,1,10,11,15,19,21,23,33,35,36,38,46,49,55,59,60,62,66,67,
4to 3:2,3,5,6,7,9,12,13,14,17,18,21,22,24,25,27,28,29,30,31,35,37,38,41,42,43,44,45,46,48,52,55,58,59,60,61,63,64,65,67,68,69,70,71,72,77,78,80,1,4,8,10,11,15,16,19,23,26,33,34,36,40,47,49,51,53,56,57,66,74,75,79,
4to 4:
4to 5:1,2,3,4,6,7,8,9,10,11,13,14,20,21,23,24,25,28,29,30,31,34,35,37,39,40,41,42,43,44,46,48,51,52,54,58,60,61,64,65,68,70,71,72,74,76,78,79,80,5,12,15,16,19,26,27,33,36,38,45,47,49,53,55,56,57,59,62,63,66,67,69,75,
4to 6:1,2,4,7,8,9,12,13,14,17,18,19,22,24,25,27,28,29,30,31,32,34,36,39,40,41,42,43,44,46,48,52,54,56,57,58,59,61,63,65,70,72,73,76,3,5,6,10,11,15,16,21,23,26,33,35,38,45,47,49,51,53,55,60,62,67,69,74,75,77,78,79,
4to 7:2,3,4,5,7,9,11,14,15,20,22,23,24,25,27,29,30,31,32,33,34,39,40,41,42,43,44,45,46,48,49,50,54,58,59,60,61,64,65,68,70,71,73,78,1,6,8,10,12,16,19,21,26,35,36,37,38,47,51,53,55,56,57,62,63,66,67,72,74,75,77,79,
5to 1:1,2,3,4,5,6,10,11,15,16,17,18,19,21,23,24,25,26,28,30,31,34,36,38,39,41,42,43,44,45,46,47,48,51,54,56,57,65,66,70,73,75,76,78,79,80,8,9,13,14,20,22,27,29,33,37,55,58,59,61,62,63,64,67,68,71,72,74,
5to 2:1,2,3,4,7,8,11,14,16,17,18,19,21,23,25,28,29,31,33,34,36,38,39,41,43,44,47,48,49,51,52,53,54,55,56,57,59,60,62,65,66,69,70,72,76,78,79,5,9,10,13,15,20,22,27,30,35,45,58,61,63,67,68,71,74,
5to 3:1,3,4,8,11,13,14,16,17,18,19,20,21,23,25,28,29,30,33,34,35,37,40,41,44,46,47,48,49,51,52,53,54,57,58,62,65,66,67,69,70,73,75,78,79,2,5,6,7,9,10,15,22,27,31,36,38,39,43,45,55,59,60,61,63,68,71,72,74,76,
5to 4:2,4,8,9,11,13,15,16,17,18,19,20,21,23,25,26,28,30,34,36,39,40,41,42,43,44,46,47,48,50,51,52,53,54,56,59,63,65,66,67,68,73,75,76,78,79,1,6,7,10,14,22,27,29,31,33,35,37,38,49,55,57,58,60,61,62,64,69,71,72,74,
5to 5:
5to 6:1,2,3,4,5,11,12,13,16,17,18,19,20,21,25,29,33,34,35,37,39,41,43,44,46,47,48,49,51,53,54,56,59,60,64,65,66,70,72,73,75,76,77,78,79,80,6,7,8,9,10,14,15,22,23,26,27,30,31,36,38,45,55,57,58,61,62,63,67,68,74,
5to 7:2,4,5,10,11,12,16,17,18,19,21,22,23,25,27,28,30,33,34,37,38,39,41,43,44,45,46,47,48,51,61,65,66,67,70,72,73,74,75,76,77,78,79,1,6,7,8,9,14,15,20,29,31,35,36,49,50,54,55,57,58,59,62,63,64,68,69,
6to 1:1,2,3,5,11,16,19,20,22,27,29,33,34,35,36,38,40,43,45,48,52,54,55,57,58,60,63,67,68,73,75,79,80,4,7,8,9,10,14,15,17,18,21,23,25,32,37,39,41,42,44,47,49,51,61,64,65,66,69,70,72,74,77,78,
6to 2:1,3,9,11,12,13,15,16,18,20,22,24,25,27,29,30,31,32,33,35,36,38,44,54,55,57,58,60,62,67,68,78,80,2,4,5,7,8,10,14,17,19,21,23,26,34,39,40,41,45,47,48,49,51,52,56,61,63,65,66,69,70,72,74,77,
6to 3:1,3,5,6,11,12,13,16,17,19,20,21,23,24,27,29,30,31,32,33,34,36,38,45,46,48,55,56,57,58,61,62,63,64,66,67,68,74,75,76,78,79,2,4,7,8,9,10,14,15,18,22,25,26,35,37,40,41,42,44,47,49,51,52,65,69,70,71,72,73,77,
6to 4:1,2,3,6,7,8,9,12,13,15,17,18,19,20,22,24,26,27,29,30,31,35,38,41,43,44,45,47,48,52,53,54,55,56,58,60,61,62,63,64,66,68,69,72,73,75,76,78,79,80,4,5,10,11,14,16,21,23,25,32,33,36,37,39,40,42,49,51,57,59,65,67,70,74,77,
6to 5:2,6,11,12,16,17,19,20,24,27,29,31,36,38,43,44,46,47,48,56,58,62,63,68,72,73,75,78,79,80,1,4,5,7,8,9,10,13,14,15,18,21,22,23,25,26,33,34,35,37,39,40,41,49,51,52,54,57,61,64,65,66,67,70,74,76,
6to 6:
6to 7:4,9,11,12,14,16,17,18,19,20,24,27,31,32,33,36,38,41,42,43,44,45,46,48,52,55,56,58,61,62,63,65,66,67,68,69,70,73,1,2,5,7,8,10,15,21,22,23,25,26,34,35,37,40,47,49,51,54,57,64,77,78,
7to 1:2,3,4,8,9,10,14,15,16,18,19,20,21,22,24,25,26,27,29,30,31,32,33,35,39,41,43,44,45,47,50,51,56,58,59,61,63,65,66,68,69,70,74,75,78,1,5,7,17,28,36,37,38,42,46,48,49,54,55,62,64,67,73,77,79,
7to 2:1,2,3,4,8,9,13,14,15,19,21,22,25,27,28,29,31,32,33,34,35,36,38,39,40,41,44,47,49,50,51,54,56,58,59,60,63,65,66,67,69,70,73,74,78,80,7,10,12,16,17,20,23,37,45,48,53,55,57,61,62,71,77,
7to 3:2,3,4,7,8,9,11,12,14,15,16,17,18,19,20,22,23,25,27,28,30,31,33,34,35,41,42,43,45,46,47,48,50,55,58,59,60,61,62,64,65,66,67,68,69,70,74,75,76,79,80,1,5,6,10,21,29,32,36,37,38,40,44,49,54,57,63,73,77,78,
7to 4:2,3,4,8,9,11,12,13,14,15,16,18,19,21,22,25,26,27,30,31,33,34,35,39,40,41,42,43,44,45,46,47,48,49,50,56,57,58,59,60,62,64,65,67,70,72,73,74,75,80,1,6,7,10,28,29,36,37,38,51,52,54,55,61,63,68,69,77,78,
7to 5:2,3,4,8,9,10,11,13,14,15,16,17,18,19,20,21,22,26,27,30,31,33,34,35,41,43,44,46,47,48,49,50,51,54,57,58,60,63,65,66,67,70,73,74,75,78,79,80,1,6,7,23,29,36,37,38,55,61,62,64,68,71,72,
7to 6:2,3,4,7,8,9,11,12,13,14,15,19,20,21,22,27,30,31,33,34,35,36,37,40,41,43,44,45,46,47,48,50,51,56,58,59,60,61,65,70,74,75,78,1,5,10,16,17,23,25,29,32,38,49,52,54,55,57,62,63,67,68,69,73,77,
7to 7:

cell1:6,2,7,3,5,4,
cell2:1,3,7,6,5,4,
cell3:6,2,7,4,5,1,
cell4:3,7,5,1,2,6,
cell5:2,1,7,6,3,4,
cell6:4,3,1,2,5,7,
cell7:5,6,1,2,4,3,
