machine1:0,59,44,54,79,14,4,37,6,5,47,51,8,41,68,70,77,34,72,45,28,80,29,20,32,62,21,48,49,64,16,10,74,15,23,36,65,42,26,3,17,43,78,73,2,30,39,63,
machine2:0,75,59,44,54,50,19,14,69,37,33,6,5,47,51,41,12,68,70,25,40,66,77,34,61,58,57,72,45,28,20,32,11,21,22,49,64,1,16,10,15,65,42,3,17,27,56,46,35,73,2,30,9,39,71,13,63,
machine3:0,44,31,50,67,14,4,37,33,55,5,51,8,41,70,25,66,77,61,58,72,18,38,45,28,29,32,11,62,48,22,52,64,16,60,15,36,65,42,26,27,46,35,76,73,2,9,39,7,63,
machine4:0,59,54,31,50,79,67,4,69,37,33,5,47,51,8,41,68,70,40,66,34,61,72,18,38,45,28,29,32,62,48,22,64,1,60,10,74,36,65,26,17,27,35,73,2,9,71,
machine5:0,75,59,44,54,19,79,67,14,4,69,55,5,51,8,41,68,70,25,66,34,61,58,72,18,38,45,80,29,32,11,21,48,22,52,64,1,16,60,24,74,15,23,36,3,17,27,46,43,76,73,2,30,39,7,71,13,63,
machine6:0,75,59,44,50,67,47,51,8,41,12,70,25,40,77,61,58,57,72,18,38,45,28,80,29,32,21,48,22,52,1,16,60,10,15,23,36,53,3,17,56,78,76,73,2,9,39,7,71,13,63,
machine7:0,59,44,54,50,19,79,67,14,4,55,47,51,41,25,77,34,61,57,72,45,28,80,29,62,21,48,22,49,1,16,60,24,10,74,15,23,36,65,26,17,27,43,35,78,76,30,71,13,63,
machine8:0,54,79,67,69,6,47,51,8,41,68,70,25,66,77,34,18,38,45,29,32,21,48,49,16,10,36,53,65,42,3,17,27,35,78,73,2,30,9,7,
machine9:0,59,44,54,50,19,67,14,4,37,33,55,5,51,8,25,40,66,34,38,45,29,32,62,21,48,22,52,49,16,60,24,10,74,23,36,17,27,56,46,35,2,9,7,13,63,
machine10:0,44,31,19,67,4,33,55,47,51,8,41,68,25,40,77,57,18,45,80,20,32,11,62,21,48,52,49,1,16,10,74,15,23,65,3,56,35,76,2,30,9,39,7,71,13,63,
machine11:0,54,19,79,67,14,4,69,37,55,5,47,51,8,12,68,70,40,66,77,34,61,58,72,45,28,20,11,62,21,48,22,52,1,60,10,74,15,23,26,3,27,35,73,2,30,9,39,63,
machine12:0,75,59,44,54,31,50,19,79,67,14,4,69,37,33,55,6,5,47,51,8,12,68,70,25,66,77,34,61,57,72,18,38,45,28,80,29,32,11,62,21,48,22,52,49,16,60,24,10,74,15,23,36,65,42,26,3,17,27,56,46,43,35,78,76,73,2,30,9,7,71,63,
machine13:0,75,59,44,54,31,19,79,67,14,4,69,37,33,55,6,5,47,51,8,41,12,68,70,25,40,66,77,34,61,58,57,72,18,38,45,28,80,29,20,32,11,21,48,22,49,64,1,16,10,74,15,23,36,53,65,42,26,3,17,27,56,46,43,35,78,76,73,2,30,9,39,7,13,63,
machine14:0,75,59,44,31,50,19,79,67,14,4,69,37,33,55,6,5,47,51,8,41,12,68,25,40,66,77,61,58,57,72,18,38,45,28,80,29,32,11,62,21,48,22,52,49,64,1,16,60,24,10,74,15,23,36,65,42,26,3,17,27,56,46,43,35,78,76,2,30,9,39,7,71,13,
machine15:0,59,44,54,31,50,19,79,67,14,4,69,37,33,55,6,5,47,51,8,41,12,68,70,25,40,66,77,34,61,58,57,72,18,38,45,28,80,29,20,32,11,62,21,48,22,52,49,64,1,16,60,24,10,74,15,23,36,53,65,42,26,3,27,56,46,43,35,78,76,73,2,30,9,39,7,71,63,
machine16:0,75,44,54,31,50,19,79,67,4,69,37,33,55,6,5,47,51,8,41,12,68,70,25,40,66,34,61,57,72,18,38,45,28,29,20,11,62,48,22,52,49,64,1,16,24,10,74,23,65,26,3,17,27,43,35,78,73,30,9,39,7,71,63,
machine17:0,59,44,54,31,19,79,67,14,4,69,37,33,6,5,51,8,12,68,70,25,66,77,34,58,57,72,18,38,45,28,80,29,20,11,62,21,48,22,49,64,1,16,60,10,15,23,36,53,65,42,26,17,27,56,46,43,35,78,76,73,2,30,9,39,7,71,13,63,
machine18:0,75,59,44,54,50,19,79,67,14,4,37,33,55,6,5,47,51,8,41,25,40,66,34,61,58,57,72,18,38,45,28,80,29,20,11,62,21,48,22,52,49,1,16,10,74,15,23,36,53,42,26,3,17,27,56,46,43,35,78,76,2,9,39,13,63,
machine19:0,59,44,54,31,50,19,79,67,14,4,37,33,55,5,47,51,8,41,68,70,25,40,66,77,34,61,58,57,72,18,38,45,28,80,29,32,11,62,21,48,22,52,49,64,1,16,60,24,10,74,15,23,36,65,42,26,3,17,27,56,43,35,78,76,73,2,30,9,39,7,13,63,
machine20:0,75,59,44,54,31,19,79,67,14,4,69,37,33,55,6,5,47,51,8,41,12,68,70,25,40,66,77,34,61,58,57,72,18,38,45,80,29,20,32,11,62,21,48,22,52,49,64,1,16,24,10,74,15,23,36,53,65,42,26,3,17,27,56,46,35,78,76,73,2,30,9,39,7,71,13,63,
machine21:0,75,59,44,54,31,50,19,79,67,14,4,69,37,33,55,6,5,47,51,8,41,12,68,70,25,40,66,77,34,61,58,57,72,18,38,45,28,80,29,20,32,11,62,21,48,22,52,49,64,1,16,60,24,10,74,15,23,36,53,65,42,26,3,17,27,56,46,43,35,78,76,73,2,30,9,39,7,71,13,63,

1to 1:
1to 2:1,4,5,10,11,13,19,21,23,27,33,34,37,38,40,47,49,50,51,52,55,58,59,60,62,66,68,69,70,72,73,77,2,3,8,9,14,15,16,17,18,22,28,29,30,32,39,41,44,45,48,54,61,63,67,74,78,
1to 3:1,3,4,5,6,9,10,18,19,20,21,23,25,28,30,31,33,34,35,42,44,46,49,50,52,54,55,58,59,60,61,62,63,69,71,72,74,75,76,77,78,2,7,8,11,14,15,16,17,22,27,29,32,36,37,38,39,45,47,48,51,65,66,67,68,70,73,79,64,24,
1to 4:1,3,4,5,6,8,10,13,19,20,21,22,26,29,30,31,32,34,35,36,42,43,45,46,54,58,59,63,64,65,66,69,71,73,75,76,77,79,2,7,9,11,12,14,15,16,18,25,27,28,37,38,39,40,41,44,47,48,49,51,55,57,60,61,62,67,68,72,74,78,50,
1to 5:3,4,5,6,13,14,15,16,18,19,20,21,26,27,29,30,33,34,35,36,38,43,45,46,49,51,52,55,57,58,59,64,65,69,70,74,75,76,1,2,8,9,10,11,17,22,28,37,39,40,41,42,44,48,54,56,60,61,62,63,66,67,68,72,78,79,50,
1to 6:1,3,4,5,8,9,13,19,20,21,23,28,29,30,31,32,33,34,40,41,45,47,49,51,54,58,60,62,63,64,66,68,69,70,72,75,76,77,79,2,7,10,11,14,15,16,17,18,22,25,27,36,37,38,39,42,44,46,48,55,56,61,65,67,73,78,12,80,24,
1to 7:3,4,5,10,13,16,18,19,21,25,26,29,30,31,33,34,35,38,43,44,45,46,49,50,51,54,55,58,59,61,64,67,69,70,77,79,1,2,7,8,9,11,14,15,17,22,28,32,36,37,41,42,47,48,57,62,63,65,66,68,73,78,56,52,
2to 1:1,3,4,7,8,10,11,16,18,19,20,21,22,24,25,26,28,29,31,32,33,34,36,37,39,41,42,47,48,50,54,57,58,60,61,62,63,65,66,68,69,70,72,74,76,77,79,80,2,5,9,12,14,15,17,23,27,30,35,44,45,46,51,59,67,71,73,78,55,
2to 2:
2to 3:1,9,10,13,18,20,21,24,25,27,29,33,34,36,37,38,39,40,42,43,47,49,50,52,53,54,58,61,62,65,66,69,70,72,74,75,77,79,80,2,3,4,5,7,8,11,14,15,16,17,19,22,23,28,30,32,35,41,44,45,48,51,59,60,63,67,68,73,78,76,12,71,55,
2to 4:4,6,7,8,11,13,18,21,22,24,25,27,29,33,34,37,38,40,42,44,47,48,49,50,52,54,55,56,58,59,61,65,66,69,70,71,72,74,79,80,2,3,5,9,10,14,15,16,17,19,23,26,28,30,35,36,41,45,46,51,57,60,62,63,67,68,73,77,12,
2to 5:2,7,13,16,18,19,21,22,24,25,26,27,28,29,33,34,37,38,39,40,44,47,48,49,50,52,53,54,59,60,61,62,63,65,66,67,68,69,70,72,73,74,75,76,79,80,1,3,4,5,8,9,10,11,14,15,17,20,23,30,35,36,41,45,46,51,55,57,78,
2to 6:2,7,8,11,13,14,15,16,18,20,22,24,25,27,29,30,31,32,33,34,35,36,37,38,40,42,44,47,48,51,53,54,55,57,58,59,60,61,63,65,66,68,69,70,72,73,74,76,77,79,80,3,4,5,9,10,17,19,21,23,41,45,46,49,62,67,78,56,12,
2to 7:5,7,8,10,13,18,21,22,24,26,27,29,31,32,33,35,37,38,42,44,50,52,54,57,61,63,65,66,68,69,70,74,75,77,79,80,1,2,3,4,9,14,15,16,17,19,23,25,30,40,41,45,46,47,48,49,51,62,67,73,59,28,55,
3to 1:4,7,9,10,14,16,17,19,20,23,24,25,26,30,34,37,38,42,43,46,48,49,51,55,56,58,59,61,64,65,71,74,75,77,1,2,3,5,8,11,15,18,21,22,27,28,32,33,36,39,40,41,44,45,47,54,60,63,66,68,69,70,72,73,78,76,80,
3to 2:5,8,9,10,11,12,14,17,18,20,21,23,26,28,30,34,35,37,39,40,43,44,48,51,54,55,57,58,59,61,66,67,73,74,76,77,79,80,1,2,3,4,7,15,16,19,22,25,27,29,32,33,36,41,45,47,49,60,63,65,68,69,70,72,78,52,13,31,
3to 3:
3to 4:3,4,6,9,10,12,14,16,17,20,23,26,30,31,32,34,35,40,41,48,49,50,51,53,54,55,57,63,67,68,74,76,79,80,1,2,5,7,8,11,13,15,18,19,21,22,25,27,28,29,33,36,37,38,39,42,43,44,45,46,47,60,65,70,72,73,78,59,71,69,52,58,75,
3to 5:1,2,3,4,9,10,11,12,14,16,17,18,20,21,23,26,28,29,30,35,36,37,42,45,46,48,50,51,53,54,55,57,59,64,66,67,69,73,75,79,80,5,7,8,15,19,22,25,33,34,38,39,41,44,47,49,60,63,65,70,72,74,78,13,58,43,76,31,
3to 6:3,4,6,9,10,11,12,14,17,19,23,25,30,31,37,42,43,46,48,49,51,53,55,56,57,58,60,61,63,67,69,73,74,75,77,79,1,2,5,7,8,13,15,16,18,21,22,27,32,33,34,35,36,38,39,40,41,44,45,47,65,66,70,72,76,78,64,80,59,
3to 7:3,4,6,7,9,10,11,12,14,15,16,17,20,23,25,26,35,36,37,38,40,46,48,52,54,57,58,59,61,63,64,67,74,75,77,80,2,5,8,18,19,21,22,27,29,32,33,34,39,41,42,44,45,47,49,60,62,65,66,68,69,70,73,78,43,71,31,
4to 1:3,5,9,18,19,21,23,25,26,28,29,30,33,34,35,37,38,39,41,43,44,52,54,55,58,61,63,64,65,67,70,71,72,73,76,77,78,1,2,4,6,7,8,10,11,14,15,16,17,22,27,32,42,45,47,48,49,51,57,60,62,66,68,74,79,69,75,59,24,
4to 2:4,5,8,9,12,13,16,17,22,23,24,25,26,27,28,29,30,31,32,34,38,40,41,47,48,52,53,54,57,58,61,63,65,68,70,71,73,74,77,78,79,80,1,2,3,7,10,11,14,15,19,21,33,35,36,39,45,46,49,51,60,62,66,67,72,69,55,59,
4to 3:2,5,6,9,10,12,13,17,21,23,24,27,28,29,30,31,37,38,40,41,42,43,44,46,52,58,59,61,63,64,65,67,68,70,71,77,78,80,1,3,4,7,8,11,14,15,16,18,19,22,25,26,33,34,35,36,45,47,48,49,51,57,60,66,69,72,74,79,56,55,53,75,
4to 4:
4to 5:1,2,3,4,5,6,8,9,13,14,20,21,23,24,25,28,29,30,31,34,35,37,40,41,42,43,44,46,52,54,58,60,61,64,65,68,70,71,74,76,78,79,80,7,10,11,15,16,19,26,27,33,36,38,39,45,47,48,49,51,55,57,62,63,66,67,72,56,59,69,53,12,75,
4to 6:1,7,8,9,10,12,13,22,24,25,27,28,29,30,31,32,34,36,38,39,40,41,42,43,44,46,52,54,56,58,59,61,63,65,70,72,73,76,78,2,3,4,5,11,14,15,16,17,18,19,21,23,26,33,35,45,47,48,49,51,57,60,62,67,74,77,79,69,55,53,75,6,
4to 7:3,4,5,9,11,15,20,23,24,25,27,29,30,31,32,34,39,40,41,42,43,44,46,48,49,51,54,58,59,60,61,64,65,68,70,71,73,78,1,2,6,7,8,10,14,16,19,21,22,26,33,35,36,37,38,45,47,56,57,62,63,66,67,72,74,77,79,55,12,50,75,53,
5to 1:1,2,3,5,6,11,14,15,16,19,21,23,24,26,28,31,34,36,38,39,43,44,45,46,47,48,51,54,55,56,57,58,59,63,65,68,71,73,75,76,79,80,4,8,9,10,17,18,20,22,25,27,29,30,33,37,41,42,61,62,66,67,70,72,74,78,64,13,
5to 2:1,2,3,4,8,14,15,16,18,19,21,23,25,29,31,33,34,36,39,41,43,44,45,47,48,49,51,52,53,54,57,58,59,60,61,62,63,65,66,69,70,71,76,78,5,7,9,10,11,13,17,22,27,28,30,35,38,67,68,72,74,79,55,56,20,
5to 3:1,3,7,8,13,14,15,16,17,19,20,21,23,29,33,34,35,36,37,38,41,44,45,46,47,48,49,51,52,53,54,55,57,58,59,60,61,62,63,65,66,67,69,70,71,73,75,79,2,4,5,9,10,11,18,22,25,27,30,39,40,68,72,74,78,28,43,31,6,76,
5to 4:2,7,8,9,13,14,15,16,17,18,19,20,21,23,28,30,34,36,38,39,40,43,44,46,47,50,51,52,54,55,56,58,59,60,61,63,65,68,69,71,73,75,76,78,1,4,10,11,22,25,26,27,29,33,35,37,41,42,48,49,57,62,66,67,72,74,79,64,53,6,31,
5to 5:
5to 6:1,2,3,4,5,7,11,12,13,14,15,18,19,20,21,23,25,29,33,34,35,36,37,39,43,44,45,46,47,49,51,53,55,56,58,59,60,63,64,65,70,72,73,75,76,77,80,8,9,10,16,17,22,26,27,30,38,41,48,54,57,61,62,66,67,68,74,78,79,6,31,
5to 7:2,4,5,7,11,12,14,15,16,17,18,19,21,22,23,27,28,30,33,34,36,39,43,44,45,46,47,50,51,58,59,63,65,66,69,70,72,73,74,75,76,77,78,79,1,8,9,10,20,25,29,35,37,38,41,48,49,54,55,57,61,62,67,68,64,6,31,
6to 1:1,2,3,4,5,7,10,11,15,16,17,19,20,22,27,33,34,35,36,37,38,40,41,43,44,45,48,49,51,52,54,55,57,58,61,63,67,68,69,70,72,73,75,77,78,79,80,8,9,14,18,21,23,25,29,32,39,42,47,65,66,74,60,64,
6to 2:1,2,3,7,8,9,11,12,13,14,15,16,17,18,19,20,22,24,25,27,29,30,31,33,34,35,38,39,41,44,45,48,51,54,55,56,57,58,61,62,63,67,68,69,70,72,77,78,80,4,5,10,21,23,26,32,36,40,47,49,60,65,66,74,52,
6to 3:1,2,3,4,5,6,7,10,11,12,13,15,16,17,19,21,22,23,24,25,27,29,30,31,33,34,37,38,41,44,46,48,49,51,55,56,57,58,61,63,64,66,67,68,69,70,72,73,74,75,76,77,78,8,9,14,18,26,32,35,36,40,42,45,47,62,65,79,52,71,20,
6to 4:1,2,3,4,7,8,9,10,11,12,13,15,16,17,18,19,22,24,26,27,30,31,33,35,37,38,39,40,41,43,44,45,47,48,51,52,53,54,55,56,58,61,62,63,64,66,67,68,70,72,73,75,76,77,78,80,5,14,20,21,23,25,29,32,36,42,49,57,59,65,74,79,6,60,69,
6to 5:1,2,6,7,8,11,12,14,15,16,17,19,22,24,27,31,34,36,37,38,39,40,41,43,44,46,47,48,51,56,58,61,63,67,68,70,72,73,75,78,80,4,5,9,10,18,21,23,25,26,29,33,35,49,54,57,62,65,66,74,79,20,76,64,52,13,
6to 6:
6to 7:1,2,4,7,9,10,11,12,14,15,16,17,18,19,20,22,24,27,31,32,33,34,37,38,41,42,43,44,45,46,48,51,52,55,56,58,61,62,63,65,66,67,68,70,73,77,78,5,8,21,23,25,26,35,36,40,47,49,54,57,69,64,
7to 1:1,2,3,4,9,10,15,16,17,18,21,22,24,26,27,28,30,31,32,33,35,39,42,43,44,45,50,51,58,59,61,62,63,65,66,67,69,74,78,5,7,8,14,19,20,25,29,36,37,38,41,46,47,48,49,54,55,56,68,70,73,77,79,64,75,
7to 2:1,2,3,4,9,13,15,16,17,21,22,25,28,29,31,32,33,34,35,36,38,39,40,44,49,50,51,54,56,58,59,60,63,65,66,67,69,73,74,78,80,7,8,10,14,19,20,23,27,37,41,45,47,48,55,57,61,62,70,71,77,12,53,
7to 3:1,2,3,4,7,8,9,11,12,15,16,17,18,22,23,25,28,30,31,33,34,35,41,42,43,46,48,49,50,55,58,59,60,61,62,64,65,66,67,68,69,73,74,76,79,80,5,10,14,19,20,21,27,29,32,36,37,38,40,44,45,47,54,57,63,70,77,78,6,75,
7to 4:1,2,3,4,9,11,12,13,15,16,18,19,21,22,26,27,28,30,31,34,35,39,40,41,42,43,44,46,49,50,51,56,57,58,59,60,62,64,65,67,72,73,74,80,7,8,10,14,25,29,33,36,37,38,45,47,48,54,55,61,63,68,69,70,77,78,6,52,75,
7to 5:1,3,4,9,10,11,13,15,16,17,18,21,22,26,30,31,34,35,43,44,46,47,48,49,50,51,54,57,58,60,62,63,65,66,67,73,74,78,79,80,2,6,7,8,14,19,23,27,29,33,36,37,38,41,55,61,68,70,71,72,20,64,75,
7to 6:1,2,3,4,7,9,11,12,13,14,15,16,17,19,21,22,30,31,33,34,35,36,37,40,41,43,44,45,46,48,50,51,58,59,60,61,62,65,67,70,74,78,5,8,10,23,25,27,29,32,38,47,49,54,56,57,63,68,69,73,77,55,20,52,75,
7to 7:

cell1:2,4,5,3,7,6,
cell2:5,4,1,7,3,6,
cell3:1,7,6,2,4,5,
cell4:2,1,7,6,3,5,
cell5:2,6,1,7,4,3,
cell6:3,7,4,1,2,5,
cell7:5,1,2,3,4,6,
