17 170 4 7 4

1 1 1 1 1 2 2 2 2 3 3 3 3 4 4 4 4 

0 15 18 27 
15 0 13 10 
18 13 0 10 
27 13 10 0

0 1 1 1 
1 0 1 1 
1 1 0 1 
1 1 1 0 

7 7 7 7 5 8 5 7 7 8 6 5 6 5 8 9 9 
9 5 6 6 8 8 6 8 9 5 8 9 6 5 8 7 7 
7 6 6 7 8 7 6 8 5 9 9 5 9 5 7 6 9 
5 8 5 6 6 6 5 9 7 9 5 9 9 8 8 8 7 
7 5 6 8 7 6 7 5 5 9 8 8 5 6 6 6 6 
9 9 9 8 6 5 5 5 6 9 6 6 6 8 8 6 7 
8 5 9 5 7 8 9 7 8 7 6 5 7 9 7 7 9 

9    2    2231    0.8
0 0 0 0 0 0 0 0 0 0 0 0 0 0 84 0 0 
0 0 0 0 0 0 0 0 0 0 0 0 0 0 0 47 0 
92 0 0 0 0 0 0 0 0 0 0 0 0 0 0 0 0 
0 47 0 0 0 0 0 0 0 0 0 0 0 0 0 0 0 
0 0 0 0 0 0 0 0 0 0 89 0 0 0 0 0 0 
0 0 0 0 0 0 0 0 36 0 0 0 0 0 0 0 0 
0 0 0 78 0 0 0 0 0 0 0 0 0 0 0 0 0 
0 0 0 0 9 0 0 0 0 0 0 0 0 0 0 0 0 
0 0 0 0 0 0 43 0 0 0 0 0 0 0 0 0 0 
12    0    2276    0.3
0 0 0 0 0 0 0 0 0 0 71 0 0 0 0 0 0 
0 0 0 0 0 30 0 0 0 0 0 0 0 0 0 0 0 
0 0 0 0 0 0 96 0 0 0 0 0 0 0 0 0 0 
9 0 0 0 0 0 0 0 0 0 0 0 0 0 0 0 0 
0 0 0 0 0 0 0 0 0 0 0 0 0 0 41 0 0 
0 0 0 0 0 0 0 0 0 0 0 0 0 0 0 41 0 
0 0 0 36 0 0 0 0 0 0 0 0 0 0 0 0 0 
0 0 0 0 7 0 0 0 0 0 0 0 0 0 0 0 0 
0 0 0 0 0 0 0 0 0 0 0 99 0 0 0 0 0 
0 0 0 0 0 0 0 0 0 0 0 0 88 0 0 0 0 
0 0 0 0 0 0 0 29 0 0 0 0 0 0 0 0 0 
0 0 0 0 0 0 0 0 10 0 0 0 0 0 0 0 0 
11    2    1628    0.5
0 0 0 0 0 0 61 0 0 0 0 0 0 0 0 0 0 
0 0 0 0 0 0 0 39 0 0 0 0 0 0 0 0 0 
0 0 0 0 0 0 0 0 34 0 0 0 0 0 0 0 0 
0 0 0 0 0 0 0 0 0 6 0 0 0 0 0 0 0 
0 0 0 0 0 0 0 0 0 0 33 0 0 0 0 0 0 
82 0 0 0 0 0 0 0 0 0 0 0 0 0 0 0 0 
0 16 0 0 0 0 0 0 0 0 0 0 0 0 0 0 0 
0 0 10 0 0 0 0 0 0 0 0 0 0 0 0 0 0 
0 0 0 0 0 0 0 0 0 0 0 67 0 0 0 0 0 
0 0 0 0 0 0 0 0 0 0 0 0 97 0 0 0 0 
0 0 0 0 8 0 0 0 0 0 0 0 0 0 0 0 0 
8    1    1366    0.5
0 0 0 0 0 68 0 0 0 0 0 0 0 0 0 0 0 
0 0 0 0 0 0 33 0 0 0 0 0 0 0 0 0 0 
0 0 0 0 0 0 0 0 0 0 18 0 0 0 0 0 0 
19 0 0 0 0 0 0 0 0 0 0 0 0 0 0 0 0 
0 46 0 0 0 0 0 0 0 0 0 0 0 0 0 0 0 
0 0 95 0 0 0 0 0 0 0 0 0 0 0 0 0 0 
0 0 0 0 0 0 0 0 0 0 0 92 0 0 0 0 0 
0 0 0 0 0 0 0 0 37 0 0 0 0 0 0 0 0 
8    2    1672    0.6
0 0 0 84 0 0 0 0 0 0 0 0 0 0 0 0 0 
0 0 0 0 64 0 0 0 0 0 0 0 0 0 0 0 0 
0 0 0 0 0 0 0 0 0 75 0 0 0 0 0 0 0 
0 0 0 0 0 0 0 0 0 0 1 0 0 0 0 0 0 
0 0 0 0 0 0 0 0 55 0 0 0 0 0 0 0 0 
90 0 0 0 0 0 0 0 0 0 0 0 0 0 0 0 0 
0 70 0 0 0 0 0 0 0 0 0 0 0 0 0 0 0 
0 0 0 0 0 0 73 0 0 0 0 0 0 0 0 0 0 
9    4    2186    0.2
0 0 0 0 0 0 0 0 0 0 0 77 0 0 0 0 0 
0 0 0 0 0 0 0 0 0 0 0 0 32 0 0 0 0 
0 0 0 0 0 0 0 0 0 0 0 0 0 69 0 0 0 
0 0 0 0 0 0 0 0 0 0 67 0 0 0 0 0 0 
0 0 0 0 0 0 0 76 0 0 0 0 0 0 0 0 0 
0 0 0 0 0 0 0 0 51 0 0 0 0 0 0 0 0 
21 0 0 0 0 0 0 0 0 0 0 0 0 0 0 0 0 
0 0 0 0 0 0 0 0 0 0 0 0 0 0 47 0 0 
0 0 0 0 20 0 0 0 0 0 0 0 0 0 0 0 0 
16    0    3973    0.4
0 0 0 87 0 0 0 0 0 0 0 0 0 0 0 0 0 
0 0 0 0 42 0 0 0 0 0 0 0 0 0 0 0 0 
0 0 0 0 0 0 0 0 0 0 0 0 0 0 40 0 0 
0 0 0 0 0 0 0 0 0 0 0 0 0 0 0 79 0 
0 0 0 0 0 0 0 0 0 0 0 0 0 0 0 0 70 
0 0 0 0 0 0 98 0 0 0 0 0 0 0 0 0 0 
49 0 0 0 0 0 0 0 0 0 0 0 0 0 0 0 0 
0 59 0 0 0 0 0 0 0 0 0 0 0 0 0 0 0 
0 0 63 0 0 0 0 0 0 0 0 0 0 0 0 0 0 
0 0 0 0 0 0 0 0 0 0 0 77 0 0 0 0 0 
0 0 0 0 0 0 0 0 0 0 0 0 48 0 0 0 0 
0 0 0 0 0 0 0 0 0 0 0 0 0 40 0 0 0 
0 0 0 0 0 0 0 12 0 0 0 0 0 0 0 0 0 
0 0 0 0 0 0 0 0 10 0 0 0 0 0 0 0 0 
0 0 0 0 0 0 0 0 0 99 0 0 0 0 0 0 0 
0 0 0 0 0 0 0 0 0 0 49 0 0 0 0 0 0 
9    0    1533    0.2
0 0 0 0 0 0 0 0 0 0 0 0 0 0 100 0 0 
0 0 0 0 0 0 26 0 0 0 0 0 0 0 0 0 0 
0 0 0 0 0 0 0 0 0 0 0 66 0 0 0 0 0 
0 0 0 0 0 0 0 0 0 0 0 0 35 0 0 0 0 
0 0 0 0 0 0 0 0 0 0 0 0 0 67 0 0 0 
0 0 0 71 0 0 0 0 0 0 0 0 0 0 0 0 0 
0 0 0 0 52 0 0 0 0 0 0 0 0 0 0 0 0 
16 0 0 0 0 0 0 0 0 0 0 0 0 0 0 0 0 
0 99 0 0 0 0 0 0 0 0 0 0 0 0 0 0 0 
14    2    1620    0.7
0 0 0 0 0 0 0 0 0 0 0 4 0 0 0 0 0 
0 0 0 0 0 0 0 0 0 0 0 0 43 0 0 0 0 
0 0 0 0 0 0 0 0 0 21 0 0 0 0 0 0 0 
0 0 0 0 0 0 0 0 0 0 52 0 0 0 0 0 0 
0 0 0 0 0 0 54 0 0 0 0 0 0 0 0 0 0 
0 0 0 11 0 0 0 0 0 0 0 0 0 0 0 0 0 
0 0 0 0 6 0 0 0 0 0 0 0 0 0 0 0 0 
0 0 0 0 0 0 0 0 4 0 0 0 0 0 0 0 0 
93 0 0 0 0 0 0 0 0 0 0 0 0 0 0 0 0 
0 30 0 0 0 0 0 0 0 0 0 0 0 0 0 0 0 
0 0 7 0 0 0 0 0 0 0 0 0 0 0 0 0 0 
0 0 0 0 0 0 0 0 0 0 0 0 0 0 54 0 0 
0 0 0 0 0 0 0 0 0 0 0 0 0 0 0 69 0 
0 0 0 0 0 0 0 0 0 0 0 0 0 0 0 0 22 
5    2    380    0.6
0 0 0 0 0 0 0 0 0 0 30 0 0 0 0 0 0 
0 0 0 0 0 0 0 0 37 0 0 0 0 0 0 0 0 
59 0 0 0 0 0 0 0 0 0 0 0 0 0 0 0 0 
0 42 0 0 0 0 0 0 0 0 0 0 0 0 0 0 0 
0 0 9 0 0 0 0 0 0 0 0 0 0 0 0 0 0 
9    5    1778    0.3
0 0 0 0 0 0 0 0 0 0 0 72 0 0 0 0 0 
0 0 0 0 0 0 0 0 0 0 0 0 77 0 0 0 0 
0 0 0 0 0 0 0 0 0 0 0 0 0 90 0 0 0 
0 0 0 0 0 0 0 64 0 0 0 0 0 0 0 0 0 
0 0 0 0 0 0 0 0 82 0 0 0 0 0 0 0 0 
95 0 0 0 0 0 0 0 0 0 0 0 0 0 0 0 0 
0 11 0 0 0 0 0 0 0 0 0 0 0 0 0 0 0 
0 0 0 96 0 0 0 0 0 0 0 0 0 0 0 0 0 
0 0 0 0 5 0 0 0 0 0 0 0 0 0 0 0 0 
8    4    1030    0.6
0 0 0 0 0 0 0 0 0 0 0 0 0 0 71 0 0 
45 0 0 0 0 0 0 0 0 0 0 0 0 0 0 0 0 
0 14 0 0 0 0 0 0 0 0 0 0 0 0 0 0 0 
0 0 96 0 0 0 0 0 0 0 0 0 0 0 0 0 0 
0 0 0 0 0 25 0 0 0 0 0 0 0 0 0 0 0 
0 0 0 0 0 0 30 0 0 0 0 0 0 0 0 0 0 
0 0 0 0 0 0 0 34 0 0 0 0 0 0 0 0 0 
0 0 0 0 0 0 0 0 64 0 0 0 0 0 0 0 0 
9    0    1054    0.1
0 0 0 0 0 0 0 0 0 0 24 0 0 0 0 0 0 
0 0 0 0 0 0 0 0 7 0 0 0 0 0 0 0 0 
0 0 0 0 0 0 0 0 0 0 0 17 0 0 0 0 0 
0 0 0 0 0 0 0 0 0 0 0 0 79 0 0 0 0 
0 0 0 0 0 0 0 0 0 0 0 0 0 99 0 0 0 
0 0 0 32 0 0 0 0 0 0 0 0 0 0 0 0 0 
0 0 0 0 64 0 0 0 0 0 0 0 0 0 0 0 0 
4 0 0 0 0 0 0 0 0 0 0 0 0 0 0 0 0 
0 70 0 0 0 0 0 0 0 0 0 0 0 0 0 0 0 
10    6    1111    0.8
0 0 0 0 0 0 0 0 0 0 0 0 0 0 3 0 0 
0 0 0 0 28 0 0 0 0 0 0 0 0 0 0 0 0 
0 0 0 0 0 0 0 0 0 0 64 0 0 0 0 0 0 
20 0 0 0 0 0 0 0 0 0 0 0 0 0 0 0 0 
0 10 0 0 0 0 0 0 0 0 0 0 0 0 0 0 0 
0 0 0 0 0 0 0 90 0 0 0 0 0 0 0 0 0 
0 0 0 0 0 0 0 0 67 0 0 0 0 0 0 0 0 
0 0 0 0 0 0 0 0 0 0 0 53 0 0 0 0 0 
0 0 0 0 0 0 0 0 0 0 0 0 21 0 0 0 0 
0 0 0 0 0 0 0 0 0 0 0 0 0 95 0 0 0 
10    6    2183    0.9
0 0 0 0 0 0 99 0 0 0 0 0 0 0 0 0 0 
0 0 0 0 0 0 0 0 0 0 0 11 0 0 0 0 0 
0 0 0 0 0 0 0 0 0 0 0 0 0 0 50 0 0 
0 0 0 0 0 0 0 0 0 0 0 0 0 0 0 87 0 
15 0 0 0 0 0 0 0 0 0 0 0 0 0 0 0 0 
0 69 0 0 0 0 0 0 0 0 0 0 0 0 0 0 0 
0 0 0 0 63 0 0 0 0 0 0 0 0 0 0 0 0 
0 0 0 0 0 0 0 0 4 0 0 0 0 0 0 0 0 
0 0 0 0 0 0 0 0 0 68 0 0 0 0 0 0 0 
0 0 0 0 0 0 0 0 0 0 64 0 0 0 0 0 0 
15    5    3612    0.9
0 0 0 0 0 0 0 0 0 56 0 0 0 0 0 0 0 
0 0 0 0 0 0 0 0 0 0 98 0 0 0 0 0 0 
0 0 0 0 0 0 0 10 0 0 0 0 0 0 0 0 0 
0 0 0 0 0 0 0 0 85 0 0 0 0 0 0 0 0 
66 0 0 0 0 0 0 0 0 0 0 0 0 0 0 0 0 
0 74 0 0 0 0 0 0 0 0 0 0 0 0 0 0 0 
0 0 58 0 0 0 0 0 0 0 0 0 0 0 0 0 0 
0 0 0 0 0 0 12 0 0 0 0 0 0 0 0 0 0 
0 0 0 0 0 0 0 0 0 0 0 63 0 0 0 0 0 
0 0 0 0 0 0 0 0 0 0 0 0 83 0 0 0 0 
0 0 0 0 0 0 0 0 0 0 0 0 0 69 0 0 0 
0 0 0 0 26 0 0 0 0 0 0 0 0 0 0 0 0 
0 0 0 0 0 0 0 0 0 0 0 0 0 0 6 0 0 
0 0 0 0 0 0 0 0 0 0 0 0 0 0 0 70 0 
0 0 0 0 0 0 0 0 0 0 0 0 0 0 0 0 70 
5    2    575    0.8
0 0 0 0 0 0 0 0 0 0 33 0 0 0 0 0 0 
0 0 0 0 0 0 0 0 73 0 0 0 0 0 0 0 0 
16 0 0 0 0 0 0 0 0 0 0 0 0 0 0 0 0 
0 0 0 0 0 28 0 0 0 0 0 0 0 0 0 0 0 
0 0 0 0 0 0 88 0 0 0 0 0 0 0 0 0 0 
10    2    1713    0.5
0 0 0 0 0 0 0 0 54 0 0 0 0 0 0 0 0 
0 0 0 0 0 0 0 0 0 0 95 0 0 0 0 0 0 
0 0 0 0 80 0 0 0 0 0 0 0 0 0 0 0 0 
0 0 0 0 0 0 0 0 0 0 0 7 0 0 0 0 0 
0 0 0 0 0 0 0 0 0 0 0 0 50 0 0 0 0 
69 0 0 0 0 0 0 0 0 0 0 0 0 0 0 0 0 
0 48 0 0 0 0 0 0 0 0 0 0 0 0 0 0 0 
0 0 29 0 0 0 0 0 0 0 0 0 0 0 0 0 0 
0 0 0 0 0 48 0 0 0 0 0 0 0 0 0 0 0 
0 0 0 0 0 0 14 0 0 0 0 0 0 0 0 0 0 
11    0    1587    0.4
0 0 0 0 0 70 0 0 0 0 0 0 0 0 0 0 0 
0 0 0 0 0 0 11 0 0 0 0 0 0 0 0 0 0 
90 0 0 0 0 0 0 0 0 0 0 0 0 0 0 0 0 
0 55 0 0 0 0 0 0 0 0 0 0 0 0 0 0 0 
0 0 24 0 0 0 0 0 0 0 0 0 0 0 0 0 0 
0 0 0 5 0 0 0 0 0 0 0 0 0 0 0 0 0 
0 0 0 0 37 0 0 0 0 0 0 0 0 0 0 0 0 
0 0 0 0 0 0 0 34 0 0 0 0 0 0 0 0 0 
0 0 0 0 0 0 0 0 74 0 0 0 0 0 0 0 0 
0 0 0 0 0 0 0 0 0 0 0 0 0 0 30 0 0 
0 0 0 0 0 0 0 0 0 0 0 0 0 0 0 41 0 
14    0    2150    0.7
0 0 0 0 0 0 0 0 5 0 0 0 0 0 0 0 0 
0 0 0 9 0 0 0 0 0 0 0 0 0 0 0 0 0 
0 0 0 0 25 0 0 0 0 0 0 0 0 0 0 0 0 
0 0 0 0 0 0 0 0 0 0 0 78 0 0 0 0 0 
0 0 0 0 0 0 0 0 0 0 0 0 51 0 0 0 0 
0 0 0 0 0 0 0 0 0 0 0 0 0 26 0 0 0 
41 0 0 0 0 0 0 0 0 0 0 0 0 0 0 0 0 
0 74 0 0 0 0 0 0 0 0 0 0 0 0 0 0 0 
0 0 0 0 0 90 0 0 0 0 0 0 0 0 0 0 0 
0 0 0 0 0 0 12 0 0 0 0 0 0 0 0 0 0 
0 0 0 0 0 0 0 0 0 0 84 0 0 0 0 0 0 
0 0 0 0 0 0 0 0 0 0 0 0 0 0 52 0 0 
0 0 0 0 0 0 0 0 0 0 0 0 0 0 0 60 0 
0 0 0 0 0 0 0 0 0 0 0 0 0 0 0 0 5 
13    6    3049    0.7
0 0 0 0 0 0 0 0 0 0 0 0 0 0 41 0 0 
0 0 0 0 0 0 0 0 0 0 0 0 0 0 0 55 0 
0 0 0 0 0 0 0 0 0 0 0 57 0 0 0 0 0 
0 0 0 0 0 0 0 0 0 0 0 0 95 0 0 0 0 
0 0 0 0 0 0 0 0 0 0 0 0 0 13 0 0 0 
0 0 0 0 0 24 0 0 0 0 0 0 0 0 0 0 0 
0 0 0 0 0 0 79 0 0 0 0 0 0 0 0 0 0 
0 0 0 0 0 0 0 0 0 0 50 0 0 0 0 0 0 
0 0 0 15 0 0 0 0 0 0 0 0 0 0 0 0 0 
0 0 0 0 95 0 0 0 0 0 0 0 0 0 0 0 0 
46 0 0 0 0 0 0 0 0 0 0 0 0 0 0 0 0 
0 56 0 0 0 0 0 0 0 0 0 0 0 0 0 0 0 
0 0 0 0 0 0 0 0 76 0 0 0 0 0 0 0 0 
7    6    1110    0.6
0 0 0 0 0 0 0 0 0 9 0 0 0 0 0 0 0 
0 0 0 0 0 0 0 0 0 0 64 0 0 0 0 0 0 
0 0 0 0 0 0 0 0 74 0 0 0 0 0 0 0 0 
88 0 0 0 0 0 0 0 0 0 0 0 0 0 0 0 0 
0 0 0 19 0 0 0 0 0 0 0 0 0 0 0 0 0 
0 0 0 0 29 0 0 0 0 0 0 0 0 0 0 0 0 
0 0 0 0 0 0 0 0 0 0 0 10 0 0 0 0 0 
10    2    982    0.7
0 0 0 0 0 37 0 0 0 0 0 0 0 0 0 0 0 
0 0 0 0 0 0 76 0 0 0 0 0 0 0 0 0 0 
0 0 0 21 0 0 0 0 0 0 0 0 0 0 0 0 0 
0 0 0 0 1 0 0 0 0 0 0 0 0 0 0 0 0 
0 0 0 0 0 0 0 0 0 0 0 25 0 0 0 0 0 
0 0 0 0 0 0 0 0 0 0 0 0 48 0 0 0 0 
0 0 0 0 0 0 0 0 0 0 0 0 0 68 0 0 0 
45 0 0 0 0 0 0 0 0 0 0 0 0 0 0 0 0 
0 32 0 0 0 0 0 0 0 0 0 0 0 0 0 0 0 
0 0 13 0 0 0 0 0 0 0 0 0 0 0 0 0 0 
14    0    2536    0.1
0 0 0 0 0 0 0 0 0 0 0 0 0 0 1 0 0 
0 0 0 0 0 0 0 0 0 0 0 0 0 0 0 23 0 
0 0 0 0 0 0 0 0 0 0 0 0 0 0 0 0 6 
25 0 0 0 0 0 0 0 0 0 0 0 0 0 0 0 0 
0 37 0 0 0 0 0 0 0 0 0 0 0 0 0 0 0 
0 0 10 0 0 0 0 0 0 0 0 0 0 0 0 0 0 
0 0 0 0 0 0 0 0 0 0 0 91 0 0 0 0 0 
0 0 0 0 0 0 0 0 0 0 0 0 96 0 0 0 0 
0 0 0 0 0 0 0 0 0 0 0 0 0 52 0 0 0 
0 0 0 0 81 0 0 0 0 0 0 0 0 0 0 0 0 
0 0 0 0 0 0 0 0 0 0 18 0 0 0 0 0 0 
0 0 0 0 0 0 0 77 0 0 0 0 0 0 0 0 0 
0 0 0 0 0 0 0 0 12 0 0 0 0 0 0 0 0 
0 0 0 0 0 0 70 0 0 0 0 0 0 0 0 0 0 
5    2    833    0.2
44 0 0 0 0 0 0 0 0 0 0 0 0 0 0 0 0 
0 0 0 0 0 72 0 0 0 0 0 0 0 0 0 0 0 
0 0 0 0 0 0 26 0 0 0 0 0 0 0 0 0 0 
0 0 0 0 0 0 0 0 95 0 0 0 0 0 0 0 0 
0 0 0 0 95 0 0 0 0 0 0 0 0 0 0 0 0 
6    1    701    0.7
29 0 0 0 0 0 0 0 0 0 0 0 0 0 0 0 0 
0 0 0 0 0 0 0 0 0 0 0 29 0 0 0 0 0 
0 0 0 0 0 0 0 0 0 0 0 0 72 0 0 0 0 
0 0 0 0 0 0 0 0 85 0 0 0 0 0 0 0 0 
0 0 0 0 0 0 0 0 0 0 0 0 0 0 19 0 0 
0 0 0 0 0 0 0 0 0 0 0 0 0 0 0 5 0 
16    2    4090    0.7
56 0 0 0 0 0 0 0 0 0 0 0 0 0 0 0 0 
0 90 0 0 0 0 0 0 0 0 0 0 0 0 0 0 0 
0 0 88 0 0 0 0 0 0 0 0 0 0 0 0 0 0 
0 0 0 45 0 0 0 0 0 0 0 0 0 0 0 0 0 
0 0 0 0 39 0 0 0 0 0 0 0 0 0 0 0 0 
0 0 0 0 0 0 76 0 0 0 0 0 0 0 0 0 0 
0 0 0 0 0 0 0 0 0 93 0 0 0 0 0 0 0 
0 0 0 0 0 0 0 0 0 0 27 0 0 0 0 0 0 
0 0 0 0 0 0 0 0 0 0 0 0 0 0 73 0 0 
0 0 0 0 0 0 0 0 0 0 0 0 0 0 0 8 0 
0 0 0 0 0 0 0 0 0 0 0 0 0 0 0 0 92 
0 0 0 0 0 0 0 0 0 0 0 42 0 0 0 0 0 
0 0 0 0 0 0 0 0 0 0 0 0 81 0 0 0 0 
0 0 0 0 0 0 0 0 0 0 0 0 0 88 0 0 0 
0 0 0 0 0 0 0 19 0 0 0 0 0 0 0 0 0 
0 0 0 0 0 0 0 0 66 0 0 0 0 0 0 0 0 
5    0    609    0.6
0 0 0 0 0 0 68 0 0 0 0 0 0 0 0 0 0 
17 0 0 0 0 0 0 0 0 0 0 0 0 0 0 0 0 
0 0 0 0 0 0 0 0 0 0 0 31 0 0 0 0 0 
0 0 0 0 0 0 0 0 0 0 0 0 60 0 0 0 0 
0 0 0 0 0 0 0 0 10 0 0 0 0 0 0 0 0 
11    3    1713    0.6
0 0 0 0 0 0 0 0 0 0 0 0 0 0 60 0 0 
0 0 0 0 0 0 0 0 0 0 0 0 0 0 0 21 0 
0 0 0 0 0 0 0 27 0 0 0 0 0 0 0 0 0 
0 0 0 0 0 0 0 0 91 0 0 0 0 0 0 0 0 
20 0 0 0 0 0 0 0 0 0 0 0 0 0 0 0 0 
0 50 0 0 0 0 0 0 0 0 0 0 0 0 0 0 0 
0 0 0 85 0 0 0 0 0 0 0 0 0 0 0 0 0 
0 0 0 0 94 0 0 0 0 0 0 0 0 0 0 0 0 
0 0 0 0 0 0 0 0 0 0 0 77 0 0 0 0 0 
0 0 0 0 0 0 0 0 0 0 0 0 90 0 0 0 0 
0 0 0 0 0 0 0 0 0 0 0 0 0 10 0 0 0 
14    4    2324    0.5
0 0 0 0 0 0 0 0 0 0 0 26 0 0 0 0 0 
0 0 0 0 0 0 0 0 0 0 0 0 51 0 0 0 0 
0 0 0 0 0 0 0 0 0 0 0 0 0 64 0 0 0 
0 0 0 0 0 0 0 34 0 0 0 0 0 0 0 0 0 
0 0 0 0 0 0 0 0 46 0 0 0 0 0 0 0 0 
0 0 0 0 0 0 0 0 0 0 0 0 0 0 10 0 0 
0 0 0 0 0 0 0 0 0 0 0 0 0 0 0 33 0 
0 0 0 0 0 0 0 0 0 0 0 0 0 0 0 0 84 
0 0 0 0 0 0 0 0 0 17 0 0 0 0 0 0 0 
0 0 0 0 0 0 0 0 0 0 32 0 0 0 0 0 0 
60 0 0 0 0 0 0 0 0 0 0 0 0 0 0 0 0 
0 70 0 0 0 0 0 0 0 0 0 0 0 0 0 0 0 
0 0 0 31 0 0 0 0 0 0 0 0 0 0 0 0 0 
0 0 0 0 22 0 0 0 0 0 0 0 0 0 0 0 0 
9    4    1196    0.4
0 0 0 4 0 0 0 0 0 0 0 0 0 0 0 0 0 
0 0 0 0 28 0 0 0 0 0 0 0 0 0 0 0 0 
76 0 0 0 0 0 0 0 0 0 0 0 0 0 0 0 0 
0 29 0 0 0 0 0 0 0 0 0 0 0 0 0 0 0 
0 0 0 0 0 0 0 0 0 0 63 0 0 0 0 0 0 
0 0 0 0 0 0 0 0 0 0 0 38 0 0 0 0 0 
0 0 0 0 0 0 0 0 0 0 0 0 70 0 0 0 0 
0 0 0 0 0 67 0 0 0 0 0 0 0 0 0 0 0 
0 0 0 0 0 0 78 0 0 0 0 0 0 0 0 0 0 
10    4    2138    0.7
45 0 0 0 0 0 0 0 0 0 0 0 0 0 0 0 0 
0 77 0 0 0 0 0 0 0 0 0 0 0 0 0 0 0 
0 0 47 0 0 0 0 0 0 0 0 0 0 0 0 0 0 
0 0 0 0 0 0 0 0 0 0 0 0 0 0 91 0 0 
0 0 0 0 0 0 0 0 0 0 0 0 0 0 0 9 0 
0 0 0 0 0 0 52 0 0 0 0 0 0 0 0 0 0 
0 0 0 0 0 0 0 0 0 0 19 0 0 0 0 0 0 
0 0 0 0 0 0 0 0 0 0 0 54 0 0 0 0 0 
0 0 0 0 0 0 0 0 0 0 0 0 88 0 0 0 0 
0 0 0 0 0 0 0 0 19 0 0 0 0 0 0 0 0 
7    5    880    0.4
0 0 0 0 10 0 0 0 0 0 0 0 0 0 0 0 0 
0 0 0 0 0 0 52 0 0 0 0 0 0 0 0 0 0 
0 0 0 0 0 0 0 0 0 0 85 0 0 0 0 0 0 
0 0 0 0 0 0 0 0 0 0 0 75 0 0 0 0 0 
68 0 0 0 0 0 0 0 0 0 0 0 0 0 0 0 0 
0 50 0 0 0 0 0 0 0 0 0 0 0 0 0 0 0 
0 0 42 0 0 0 0 0 0 0 0 0 0 0 0 0 0 
7    3    575    0.2
0 0 0 0 0 51 0 0 0 0 0 0 0 0 0 0 0 
0 0 0 0 0 0 17 0 0 0 0 0 0 0 0 0 0 
58 0 0 0 0 0 0 0 0 0 0 0 0 0 0 0 0 
0 34 0 0 0 0 0 0 0 0 0 0 0 0 0 0 0 
0 0 31 0 0 0 0 0 0 0 0 0 0 0 0 0 0 
0 0 0 0 0 0 0 0 0 0 0 44 0 0 0 0 0 
0 0 0 0 0 0 0 0 0 0 0 0 7 0 0 0 0 
16    6    4210    0.8
0 0 0 0 0 0 0 0 0 0 0 89 0 0 0 0 0 
0 0 0 0 0 0 0 0 0 0 0 0 58 0 0 0 0 
0 0 0 0 0 0 0 0 0 0 0 0 0 76 0 0 0 
0 0 0 0 0 0 0 0 0 0 0 0 0 0 86 0 0 
0 0 0 0 0 0 0 0 0 0 0 0 0 0 0 85 0 
0 0 0 0 0 25 0 0 0 0 0 0 0 0 0 0 0 
0 0 0 0 0 0 72 0 0 0 0 0 0 0 0 0 0 
0 0 0 0 0 0 0 26 0 0 0 0 0 0 0 0 0 
0 0 0 0 0 0 0 0 38 0 0 0 0 0 0 0 0 
0 0 0 0 0 0 0 0 0 64 0 0 0 0 0 0 0 
0 0 0 0 0 0 0 0 0 0 55 0 0 0 0 0 0 
61 0 0 0 0 0 0 0 0 0 0 0 0 0 0 0 0 
0 3 0 0 0 0 0 0 0 0 0 0 0 0 0 0 0 
0 0 92 0 0 0 0 0 0 0 0 0 0 0 0 0 0 
0 0 0 94 0 0 0 0 0 0 0 0 0 0 0 0 0 
0 0 0 0 46 0 0 0 0 0 0 0 0 0 0 0 0 
13    6    2341    0.7
27 0 0 0 0 0 0 0 0 0 0 0 0 0 0 0 0 
0 56 0 0 0 0 0 0 0 0 0 0 0 0 0 0 0 
0 0 81 0 0 0 0 0 0 0 0 0 0 0 0 0 0 
0 0 0 0 0 0 0 0 0 0 0 0 0 0 73 0 0 
0 0 0 0 0 0 0 0 0 0 0 0 0 0 0 5 0 
0 0 0 77 0 0 0 0 0 0 0 0 0 0 0 0 0 
0 0 0 0 53 0 0 0 0 0 0 0 0 0 0 0 0 
0 0 0 0 0 0 0 0 0 0 0 17 0 0 0 0 0 
0 0 0 0 0 0 0 0 0 0 0 0 9 0 0 0 0 
0 0 0 0 0 0 0 48 0 0 0 0 0 0 0 0 0 
0 0 0 0 0 0 0 0 26 0 0 0 0 0 0 0 0 
0 0 0 0 0 0 0 0 0 72 0 0 0 0 0 0 0 
0 0 0 0 0 0 0 0 0 0 71 0 0 0 0 0 0 
16    5    3590    0.4
0 0 0 59 0 0 0 0 0 0 0 0 0 0 0 0 0 
0 0 0 0 64 0 0 0 0 0 0 0 0 0 0 0 0 
0 0 0 0 0 0 0 0 0 0 0 0 0 0 68 0 0 
0 0 0 0 0 0 0 0 0 0 0 0 0 0 0 23 0 
0 0 0 0 0 0 0 0 0 0 0 0 0 0 0 0 40 
0 0 0 0 0 0 0 0 0 49 0 0 0 0 0 0 0 
0 0 0 0 0 0 0 0 0 0 13 0 0 0 0 0 0 
0 0 0 0 0 0 0 0 0 0 0 74 0 0 0 0 0 
0 0 0 0 0 0 0 0 0 0 0 0 90 0 0 0 0 
0 0 0 0 0 0 0 0 0 0 0 0 0 10 0 0 0 
53 0 0 0 0 0 0 0 0 0 0 0 0 0 0 0 0 
0 82 0 0 0 0 0 0 0 0 0 0 0 0 0 0 0 
0 0 0 0 0 0 0 66 0 0 0 0 0 0 0 0 0 
0 0 0 0 0 0 0 0 71 0 0 0 0 0 0 0 0 
0 0 0 0 0 61 0 0 0 0 0 0 0 0 0 0 0 
0 0 0 0 0 0 95 0 0 0 0 0 0 0 0 0 0 
5    2    647    0.4
0 0 0 27 0 0 0 0 0 0 0 0 0 0 0 0 0 
0 0 0 0 94 0 0 0 0 0 0 0 0 0 0 0 0 
0 0 0 0 0 0 0 0 0 49 0 0 0 0 0 0 0 
0 0 0 0 0 0 0 0 0 0 18 0 0 0 0 0 0 
82 0 0 0 0 0 0 0 0 0 0 0 0 0 0 0 0 
7    4    1605    0.7
0 0 0 0 0 0 0 0 0 0 0 0 0 0 77 0 0 
0 0 0 0 0 0 0 0 0 0 0 0 0 0 0 34 0 
0 0 0 0 0 0 0 0 0 0 0 0 0 0 0 0 90 
0 0 0 0 0 0 0 0 0 0 88 0 0 0 0 0 0 
0 0 0 0 0 0 16 0 0 0 0 0 0 0 0 0 0 
0 0 0 0 0 0 0 0 0 0 0 31 0 0 0 0 0 
21 0 0 0 0 0 0 0 0 0 0 0 0 0 0 0 0 
15    0    1959    0.2
0 0 0 0 0 0 0 0 0 0 48 0 0 0 0 0 0 
0 0 0 0 0 0 0 40 0 0 0 0 0 0 0 0 0 
0 0 0 0 0 0 0 0 9 0 0 0 0 0 0 0 0 
4 0 0 0 0 0 0 0 0 0 0 0 0 0 0 0 0 
0 25 0 0 0 0 0 0 0 0 0 0 0 0 0 0 0 
0 0 48 0 0 0 0 0 0 0 0 0 0 0 0 0 0 
0 0 0 0 46 0 0 0 0 0 0 0 0 0 0 0 0 
0 0 0 0 0 58 0 0 0 0 0 0 0 0 0 0 0 
0 0 0 0 0 0 39 0 0 0 0 0 0 0 0 0 0 
0 0 0 0 0 0 0 0 0 0 0 0 0 0 26 0 0 
0 0 0 0 0 0 0 0 0 0 0 0 0 0 0 40 0 
0 0 0 0 0 0 0 0 0 0 0 0 0 0 0 0 44 
0 0 0 0 0 0 0 0 0 0 0 47 0 0 0 0 0 
0 0 0 0 0 0 0 0 0 0 0 0 48 0 0 0 0 
0 0 0 0 0 0 0 0 0 0 0 0 0 77 0 0 0 
13    2    2100    0.5
0 0 0 0 0 0 0 54 0 0 0 0 0 0 0 0 0 
0 0 0 0 0 0 0 0 80 0 0 0 0 0 0 0 0 
0 0 0 0 0 0 0 0 0 0 0 14 0 0 0 0 0 
0 0 0 0 0 0 0 0 0 0 0 0 72 0 0 0 0 
0 0 0 0 0 0 0 0 0 7 0 0 0 0 0 0 0 
0 0 0 0 0 0 0 0 0 0 40 0 0 0 0 0 0 
0 0 0 0 39 0 0 0 0 0 0 0 0 0 0 0 0 
0 0 0 0 0 0 0 0 0 0 0 0 0 0 27 0 0 
0 0 0 0 0 0 0 0 0 0 0 0 0 0 0 47 0 
0 0 0 0 0 0 0 0 0 0 0 0 0 0 0 0 66 
15 0 0 0 0 0 0 0 0 0 0 0 0 0 0 0 0 
0 78 0 0 0 0 0 0 0 0 0 0 0 0 0 0 0 
0 0 96 0 0 0 0 0 0 0 0 0 0 0 0 0 0 
11    1    1662    0.4
25 0 0 0 0 0 0 0 0 0 0 0 0 0 0 0 0 
0 0 0 0 10 0 0 0 0 0 0 0 0 0 0 0 0 
0 0 0 0 0 81 0 0 0 0 0 0 0 0 0 0 0 
0 0 0 0 0 0 100 0 0 0 0 0 0 0 0 0 0 
0 0 0 0 0 0 0 0 0 0 0 0 0 0 48 0 0 
0 0 0 0 0 0 0 0 0 0 0 0 0 0 0 39 0 
0 0 0 0 0 0 0 0 0 0 0 51 0 0 0 0 0 
0 0 0 0 0 0 0 0 0 0 0 0 24 0 0 0 0 
0 0 0 0 0 0 0 0 0 0 0 0 0 74 0 0 0 
0 0 0 0 0 0 0 0 0 41 0 0 0 0 0 0 0 
0 0 0 0 0 0 0 0 0 0 77 0 0 0 0 0 0 
7    1    1362    0.9
0 0 0 0 0 0 0 0 0 0 57 0 0 0 0 0 0 
0 0 0 66 0 0 0 0 0 0 0 0 0 0 0 0 0 
0 0 0 0 71 0 0 0 0 0 0 0 0 0 0 0 0 
0 0 0 0 0 0 0 0 0 0 0 76 0 0 0 0 0 
0 0 0 0 0 86 0 0 0 0 0 0 0 0 0 0 0 
0 0 0 0 0 0 13 0 0 0 0 0 0 0 0 0 0 
30 0 0 0 0 0 0 0 0 0 0 0 0 0 0 0 0 
9    4    1562    0.8
0 0 0 0 0 0 0 0 0 0 0 0 0 0 69 0 0 
0 0 0 0 0 0 0 0 0 21 0 0 0 0 0 0 0 
0 0 0 0 0 0 0 0 0 0 79 0 0 0 0 0 0 
0 0 0 0 30 0 0 0 0 0 0 0 0 0 0 0 0 
0 0 0 0 0 0 0 0 85 0 0 0 0 0 0 0 0 
0 0 0 0 0 0 69 0 0 0 0 0 0 0 0 0 0 
51 0 0 0 0 0 0 0 0 0 0 0 0 0 0 0 0 
0 12 0 0 0 0 0 0 0 0 0 0 0 0 0 0 0 
0 0 14 0 0 0 0 0 0 0 0 0 0 0 0 0 0 
12    2    2503    0.2
4 0 0 0 0 0 0 0 0 0 0 0 0 0 0 0 0 
0 93 0 0 0 0 0 0 0 0 0 0 0 0 0 0 0 
0 0 97 0 0 0 0 0 0 0 0 0 0 0 0 0 0 
0 0 0 0 0 0 0 0 0 77 0 0 0 0 0 0 0 
0 0 0 0 0 0 0 0 0 0 54 0 0 0 0 0 0 
0 0 0 0 0 0 0 0 0 0 0 78 0 0 0 0 0 
0 0 0 0 0 0 0 0 0 0 0 0 36 0 0 0 0 
0 0 0 0 0 0 0 0 0 0 0 0 0 93 0 0 0 
0 0 0 77 0 0 0 0 0 0 0 0 0 0 0 0 0 
0 0 0 0 56 0 0 0 0 0 0 0 0 0 0 0 0 
0 0 0 0 0 28 0 0 0 0 0 0 0 0 0 0 0 
0 0 0 0 0 0 33 0 0 0 0 0 0 0 0 0 0 
7    3    1234    0.9
0 0 0 0 0 0 45 0 0 0 0 0 0 0 0 0 0 
0 0 0 0 0 0 0 0 0 0 30 0 0 0 0 0 0 
0 0 0 0 0 0 0 13 0 0 0 0 0 0 0 0 0 
0 0 0 0 0 0 0 0 55 0 0 0 0 0 0 0 0 
0 0 0 0 0 0 0 0 0 0 0 93 0 0 0 0 0 
0 0 0 0 0 0 0 0 0 0 0 0 0 0 67 0 0 
50 0 0 0 0 0 0 0 0 0 0 0 0 0 0 0 0 
5    2    737    0.1
0 0 0 0 0 0 74 0 0 0 0 0 0 0 0 0 0 
70 0 0 0 0 0 0 0 0 0 0 0 0 0 0 0 0 
0 94 0 0 0 0 0 0 0 0 0 0 0 0 0 0 0 
0 0 0 0 0 0 0 35 0 0 0 0 0 0 0 0 0 
0 0 0 0 0 0 0 0 62 0 0 0 0 0 0 0 0 
7    6    919    0.4
51 0 0 0 0 0 0 0 0 0 0 0 0 0 0 0 0 
0 39 0 0 0 0 0 0 0 0 0 0 0 0 0 0 0 
0 0 0 0 0 0 0 0 0 0 0 0 0 0 19 0 0 
0 0 0 0 0 0 0 0 27 0 0 0 0 0 0 0 0 
0 0 0 0 0 0 0 0 0 0 0 89 0 0 0 0 0 
0 0 0 0 0 74 0 0 0 0 0 0 0 0 0 0 0 
0 0 0 0 0 0 1 0 0 0 0 0 0 0 0 0 0 
14    2    1953    0.9
39 0 0 0 0 0 0 0 0 0 0 0 0 0 0 0 0 
0 0 0 0 0 0 0 0 0 34 0 0 0 0 0 0 0 
0 0 0 0 0 0 0 0 0 0 9 0 0 0 0 0 0 
0 0 0 0 0 0 0 0 0 0 0 0 0 0 39 0 0 
0 0 0 0 0 0 0 0 0 0 0 0 0 0 0 28 0 
0 0 0 0 0 0 0 0 0 0 0 62 0 0 0 0 0 
0 0 0 0 0 0 0 0 0 0 0 0 20 0 0 0 0 
0 0 0 0 0 0 0 0 0 0 0 0 0 6 0 0 0 
0 0 0 0 0 0 0 100 0 0 0 0 0 0 0 0 0 
0 0 0 0 0 0 0 0 20 0 0 0 0 0 0 0 0 
0 0 0 64 0 0 0 0 0 0 0 0 0 0 0 0 0 
0 0 0 0 32 0 0 0 0 0 0 0 0 0 0 0 0 
0 0 0 0 0 60 0 0 0 0 0 0 0 0 0 0 0 
0 0 0 0 0 0 53 0 0 0 0 0 0 0 0 0 0 
6    2    409    0.2
0 0 0 0 0 0 0 0 0 0 0 24 0 0 0 0 0 
8 0 0 0 0 0 0 0 0 0 0 0 0 0 0 0 0 
0 0 0 0 0 0 4 0 0 0 0 0 0 0 0 0 0 
0 0 0 0 0 0 0 0 0 0 0 0 0 0 50 0 0 
0 0 0 15 0 0 0 0 0 0 0 0 0 0 0 0 0 
0 0 0 0 71 0 0 0 0 0 0 0 0 0 0 0 0 
15    0    3416    0.8
0 0 0 0 0 0 0 50 0 0 0 0 0 0 0 0 0 
0 0 0 0 0 0 0 0 19 0 0 0 0 0 0 0 0 
0 0 0 0 0 0 0 0 0 0 0 96 0 0 0 0 0 
0 0 0 0 0 0 0 0 0 0 0 0 60 0 0 0 0 
0 0 0 0 0 0 0 0 0 0 0 0 0 71 0 0 0 
0 0 0 0 0 0 0 0 0 48 0 0 0 0 0 0 0 
0 0 0 0 0 0 0 0 0 0 84 0 0 0 0 0 0 
0 0 0 0 0 0 51 0 0 0 0 0 0 0 0 0 0 
0 0 0 0 0 0 0 0 0 0 0 0 0 0 71 0 0 
0 0 0 0 0 0 0 0 0 0 0 0 0 0 0 5 0 
0 0 0 20 0 0 0 0 0 0 0 0 0 0 0 0 0 
0 0 0 0 60 0 0 0 0 0 0 0 0 0 0 0 0 
65 0 0 0 0 0 0 0 0 0 0 0 0 0 0 0 0 
0 92 0 0 0 0 0 0 0 0 0 0 0 0 0 0 0 
0 0 59 0 0 0 0 0 0 0 0 0 0 0 0 0 0 
5    5    425    0.6
34 0 0 0 0 0 0 0 0 0 0 0 0 0 0 0 0 
0 0 0 0 0 0 0 0 32 0 0 0 0 0 0 0 0 
0 0 0 0 0 0 3 0 0 0 0 0 0 0 0 0 0 
0 0 0 0 0 0 0 0 0 0 0 50 0 0 0 0 0 
0 0 0 0 0 0 0 0 0 0 0 0 52 0 0 0 0 
14    4    2879    0.1
0 0 0 0 33 0 0 0 0 0 0 0 0 0 0 0 0 
0 0 0 0 0 40 0 0 0 0 0 0 0 0 0 0 0 
0 0 0 0 0 0 83 0 0 0 0 0 0 0 0 0 0 
0 0 0 0 0 0 0 32 0 0 0 0 0 0 0 0 0 
0 0 0 0 0 0 0 0 62 0 0 0 0 0 0 0 0 
0 0 0 0 0 0 0 0 0 0 0 0 0 0 81 0 0 
0 0 0 0 0 0 0 0 0 0 0 0 0 0 0 51 0 
0 0 0 0 0 0 0 0 0 0 0 0 0 0 0 0 53 
65 0 0 0 0 0 0 0 0 0 0 0 0 0 0 0 0 
0 17 0 0 0 0 0 0 0 0 0 0 0 0 0 0 0 
0 0 91 0 0 0 0 0 0 0 0 0 0 0 0 0 0 
0 0 0 0 0 0 0 0 0 0 21 0 0 0 0 0 0 
0 0 0 0 0 0 0 0 0 0 0 3 0 0 0 0 0 
0 0 0 0 0 0 0 0 0 0 0 0 42 0 0 0 0 
16    3    3274    0.8
0 0 0 0 83 0 0 0 0 0 0 0 0 0 0 0 0 
13 0 0 0 0 0 0 0 0 0 0 0 0 0 0 0 0 
0 73 0 0 0 0 0 0 0 0 0 0 0 0 0 0 0 
0 0 86 0 0 0 0 0 0 0 0 0 0 0 0 0 0 
0 0 0 0 0 0 0 0 0 37 0 0 0 0 0 0 0 
0 0 0 0 0 0 0 0 0 0 4 0 0 0 0 0 0 
0 0 0 0 0 56 0 0 0 0 0 0 0 0 0 0 0 
0 0 0 0 0 0 68 0 0 0 0 0 0 0 0 0 0 
0 0 0 0 0 0 0 0 0 0 0 0 0 0 77 0 0 
0 0 0 0 0 0 0 0 0 0 0 0 0 0 0 47 0 
0 0 0 0 0 0 0 0 0 0 0 0 0 0 0 0 6 
0 0 0 0 0 0 0 73 0 0 0 0 0 0 0 0 0 
0 0 0 0 0 0 0 0 64 0 0 0 0 0 0 0 0 
0 0 0 0 0 0 0 0 0 0 0 22 0 0 0 0 0 
0 0 0 0 0 0 0 0 0 0 0 0 86 0 0 0 0 
0 0 0 0 0 0 0 0 0 0 0 0 0 97 0 0 0 
5    1    568    0.2
47 0 0 0 0 0 0 0 0 0 0 0 0 0 0 0 0 
0 0 0 0 0 0 0 0 99 0 0 0 0 0 0 0 0 
0 0 0 0 0 0 0 0 0 0 0 82 0 0 0 0 0 
0 0 0 0 0 0 0 0 0 0 0 0 38 0 0 0 0 
0 0 0 0 0 0 0 0 0 0 0 0 0 33 0 0 0 
7    0    1609    0.9
0 0 0 0 0 0 0 0 0 0 0 0 0 0 62 0 0 
0 0 0 0 0 0 0 0 100 0 0 0 0 0 0 0 0 
99 0 0 0 0 0 0 0 0 0 0 0 0 0 0 0 0 
0 50 0 0 0 0 0 0 0 0 0 0 0 0 0 0 0 
0 0 0 84 0 0 0 0 0 0 0 0 0 0 0 0 0 
0 0 0 0 82 0 0 0 0 0 0 0 0 0 0 0 0 
0 0 0 0 0 0 0 0 0 0 24 0 0 0 0 0 0 
13    4    2514    0.9
19 0 0 0 0 0 0 0 0 0 0 0 0 0 0 0 0 
0 24 0 0 0 0 0 0 0 0 0 0 0 0 0 0 0 
0 0 83 0 0 0 0 0 0 0 0 0 0 0 0 0 0 
0 0 0 0 0 64 0 0 0 0 0 0 0 0 0 0 0 
0 0 0 0 0 0 64 0 0 0 0 0 0 0 0 0 0 
0 0 0 0 0 0 0 0 0 30 0 0 0 0 0 0 0 
0 0 0 0 0 0 0 0 0 0 67 0 0 0 0 0 0 
0 0 0 0 0 0 0 0 0 0 0 90 0 0 0 0 0 
0 0 0 0 0 0 0 0 0 0 0 0 0 0 30 0 0 
0 0 0 0 0 0 0 0 0 0 0 0 0 0 0 63 0 
0 0 0 0 0 0 0 0 0 0 0 0 0 0 0 0 54 
0 0 0 28 0 0 0 0 0 0 0 0 0 0 0 0 0 
0 0 0 0 73 0 0 0 0 0 0 0 0 0 0 0 0 
10    1    1940    0.5
0 0 0 0 0 0 0 0 0 0 0 82 0 0 0 0 0 
0 0 0 0 0 0 0 0 0 0 0 0 54 0 0 0 0 
0 0 0 0 0 0 0 0 0 0 0 0 0 60 0 0 0 
0 0 0 0 0 0 0 0 32 0 0 0 0 0 0 0 0 
0 0 0 0 0 0 0 0 0 0 0 0 0 0 60 0 0 
0 0 0 0 0 0 0 0 0 0 0 0 0 0 0 23 0 
92 0 0 0 0 0 0 0 0 0 0 0 0 0 0 0 0 
0 80 0 0 0 0 0 0 0 0 0 0 0 0 0 0 0 
0 0 0 0 0 72 0 0 0 0 0 0 0 0 0 0 0 
0 0 0 0 0 0 78 0 0 0 0 0 0 0 0 0 0 
6    4    837    0.9
0 0 0 0 0 0 0 0 0 0 0 17 0 0 0 0 0 
73 0 0 0 0 0 0 0 0 0 0 0 0 0 0 0 0 
0 7 0 0 0 0 0 0 0 0 0 0 0 0 0 0 0 
0 0 0 0 0 0 0 0 33 0 0 0 0 0 0 0 0 
0 0 0 0 0 0 0 0 0 0 0 0 0 0 86 0 0 
0 0 0 0 0 0 0 0 0 0 62 0 0 0 0 0 0 
9    0    1095    0.1
0 0 0 0 0 0 0 0 0 0 0 0 0 0 66 0 0 
0 0 0 0 0 0 0 0 0 0 0 0 0 0 0 69 0 
0 0 0 0 0 0 0 0 0 0 0 0 0 0 0 0 29 
0 0 0 0 0 0 0 34 0 0 0 0 0 0 0 0 0 
0 0 0 0 0 0 0 0 73 0 0 0 0 0 0 0 0 
0 0 0 0 23 0 0 0 0 0 0 0 0 0 0 0 0 
4 0 0 0 0 0 0 0 0 0 0 0 0 0 0 0 0 
0 2 0 0 0 0 0 0 0 0 0 0 0 0 0 0 0 
0 0 3 0 0 0 0 0 0 0 0 0 0 0 0 0 0 
5    2    931    0.1
0 0 0 0 0 0 0 0 0 0 0 73 0 0 0 0 0 
0 0 0 0 0 0 0 0 0 0 0 0 0 0 89 0 0 
0 0 0 0 0 0 0 0 0 0 0 0 0 0 0 70 0 
23 0 0 0 0 0 0 0 0 0 0 0 0 0 0 0 0 
0 0 0 0 0 0 25 0 0 0 0 0 0 0 0 0 0 
15    0    3290    0.2
0 0 0 0 0 0 0 0 0 0 0 0 0 0 16 0 0 
0 0 0 0 0 0 0 0 0 0 0 0 0 0 0 84 0 
0 0 0 0 0 62 0 0 0 0 0 0 0 0 0 0 0 
0 0 0 0 0 0 59 0 0 0 0 0 0 0 0 0 0 
52 0 0 0 0 0 0 0 0 0 0 0 0 0 0 0 0 
0 74 0 0 0 0 0 0 0 0 0 0 0 0 0 0 0 
0 0 26 0 0 0 0 0 0 0 0 0 0 0 0 0 0 
0 0 0 0 0 0 0 0 0 0 0 10 0 0 0 0 0 
0 0 0 0 0 0 0 0 0 0 0 0 34 0 0 0 0 
0 0 0 0 0 0 0 0 0 0 0 0 0 64 0 0 0 
0 0 0 99 0 0 0 0 0 0 0 0 0 0 0 0 0 
0 0 0 0 55 0 0 0 0 0 0 0 0 0 0 0 0 
0 0 0 0 0 0 0 0 0 0 18 0 0 0 0 0 0 
0 0 0 0 0 0 0 88 0 0 0 0 0 0 0 0 0 
0 0 0 0 0 0 0 0 13 0 0 0 0 0 0 0 0 
12    3    3577    0.6
23 0 0 0 0 0 0 0 0 0 0 0 0 0 0 0 0 
0 96 0 0 0 0 0 0 0 0 0 0 0 0 0 0 0 
0 0 0 0 0 0 0 0 0 0 0 0 0 0 85 0 0 
0 0 0 0 0 0 0 0 0 0 0 0 0 0 0 55 0 
0 0 0 0 0 0 82 0 0 0 0 0 0 0 0 0 0 
0 0 0 0 0 0 0 0 0 0 98 0 0 0 0 0 0 
0 0 0 0 0 0 0 100 0 0 0 0 0 0 0 0 0 
0 0 0 0 0 0 0 0 70 0 0 0 0 0 0 0 0 
0 0 0 0 0 0 0 0 0 0 0 97 0 0 0 0 0 
0 0 0 0 0 0 0 0 0 0 0 0 85 0 0 0 0 
0 0 0 81 0 0 0 0 0 0 0 0 0 0 0 0 0 
0 0 0 0 96 0 0 0 0 0 0 0 0 0 0 0 0 
5    0    567    0.1
0 0 0 0 0 0 0 0 0 0 0 42 0 0 0 0 0 
49 0 0 0 0 0 0 0 0 0 0 0 0 0 0 0 0 
0 0 0 0 0 0 0 0 0 29 0 0 0 0 0 0 0 
0 0 0 0 0 0 0 0 0 0 59 0 0 0 0 0 0 
0 0 0 0 0 0 0 0 7 0 0 0 0 0 0 0 0 
15    1    3346    0.7
0 0 0 0 0 0 0 0 0 0 0 0 0 0 80 0 0 
0 0 0 0 0 0 0 0 0 0 0 0 0 0 0 83 0 
0 0 0 0 0 0 0 0 0 0 0 0 0 0 0 0 55 
71 0 0 0 0 0 0 0 0 0 0 0 0 0 0 0 0 
0 56 0 0 0 0 0 0 0 0 0 0 0 0 0 0 0 
0 0 14 0 0 0 0 0 0 0 0 0 0 0 0 0 0 
0 0 0 0 0 0 0 93 0 0 0 0 0 0 0 0 0 
0 0 0 0 0 0 0 0 72 0 0 0 0 0 0 0 0 
0 0 0 0 0 0 0 0 0 0 0 48 0 0 0 0 0 
0 0 0 0 0 0 0 0 0 0 0 0 11 0 0 0 0 
0 0 0 0 0 0 0 0 0 0 0 0 0 46 0 0 0 
0 0 0 0 0 0 0 0 0 70 0 0 0 0 0 0 0 
0 0 0 0 0 0 0 0 0 0 10 0 0 0 0 0 0 
0 0 0 0 0 62 0 0 0 0 0 0 0 0 0 0 0 
0 0 0 0 0 0 38 0 0 0 0 0 0 0 0 0 0 
11    4    1764    0.6
73 0 0 0 0 0 0 0 0 0 0 0 0 0 0 0 0 
0 0 0 0 32 0 0 0 0 0 0 0 0 0 0 0 0 
0 0 0 0 0 0 0 0 0 43 0 0 0 0 0 0 0 
0 0 0 0 0 0 0 0 0 0 37 0 0 0 0 0 0 
0 0 0 0 0 0 0 5 0 0 0 0 0 0 0 0 0 
0 0 0 0 0 0 0 0 85 0 0 0 0 0 0 0 0 
0 0 0 0 0 0 0 0 0 0 0 0 0 0 9 0 0 
0 0 0 0 0 59 0 0 0 0 0 0 0 0 0 0 0 
0 0 0 0 0 0 10 0 0 0 0 0 0 0 0 0 0 
0 0 0 0 0 0 0 0 0 0 0 3 0 0 0 0 0 
0 0 0 0 0 0 0 0 0 0 0 0 48 0 0 0 0 
11    5    2629    0.3
0 0 0 0 0 0 0 0 0 0 0 0 0 0 26 0 0 
0 0 0 0 0 0 0 0 0 0 0 0 0 0 0 86 0 
64 0 0 0 0 0 0 0 0 0 0 0 0 0 0 0 0 
0 37 0 0 0 0 0 0 0 0 0 0 0 0 0 0 0 
0 0 76 0 0 0 0 0 0 0 0 0 0 0 0 0 0 
0 0 0 0 0 0 0 0 0 0 0 94 0 0 0 0 0 
0 0 0 0 0 0 0 0 0 0 0 0 88 0 0 0 0 
0 0 0 0 0 0 0 0 27 0 0 0 0 0 0 0 0 
0 0 0 0 0 0 15 0 0 0 0 0 0 0 0 0 0 
0 0 0 0 0 0 0 0 0 100 0 0 0 0 0 0 0 
0 0 0 0 0 0 0 0 0 0 70 0 0 0 0 0 0 
13    3    2127    0.8
0 0 0 0 0 0 0 0 0 0 33 0 0 0 0 0 0 
0 0 0 0 0 0 0 0 0 0 0 0 0 0 47 0 0 
0 0 0 0 0 0 0 0 0 0 0 0 0 0 0 28 0 
0 0 0 0 0 0 0 0 0 0 0 0 0 0 0 0 12 
0 0 0 0 0 0 99 0 0 0 0 0 0 0 0 0 0 
86 0 0 0 0 0 0 0 0 0 0 0 0 0 0 0 0 
0 57 0 0 0 0 0 0 0 0 0 0 0 0 0 0 0 
0 0 35 0 0 0 0 0 0 0 0 0 0 0 0 0 0 
0 0 0 0 0 0 0 0 0 0 0 7 0 0 0 0 0 
0 0 0 0 0 0 0 0 0 0 0 0 81 0 0 0 0 
0 0 0 0 0 0 0 0 0 0 0 0 0 93 0 0 0 
0 0 0 56 0 0 0 0 0 0 0 0 0 0 0 0 0 
0 0 0 0 82 0 0 0 0 0 0 0 0 0 0 0 0 
14    0    4486    0.3
0 0 0 0 0 0 0 0 0 0 0 94 0 0 0 0 0 
0 0 0 0 0 0 0 0 0 0 0 0 84 0 0 0 0 
0 0 0 0 0 0 0 0 0 0 0 0 0 91 0 0 0 
89 0 0 0 0 0 0 0 0 0 0 0 0 0 0 0 0 
0 25 0 0 0 0 0 0 0 0 0 0 0 0 0 0 0 
0 0 0 88 0 0 0 0 0 0 0 0 0 0 0 0 0 
0 0 0 0 88 0 0 0 0 0 0 0 0 0 0 0 0 
0 0 0 0 0 47 0 0 0 0 0 0 0 0 0 0 0 
0 0 0 0 0 0 95 0 0 0 0 0 0 0 0 0 0 
0 0 0 0 0 0 0 0 17 0 0 0 0 0 0 0 0 
0 0 0 0 0 0 0 0 0 0 0 0 0 0 9 0 0 
0 0 0 0 0 0 0 0 0 0 0 0 0 0 0 94 0 
0 0 0 0 0 0 0 0 0 0 0 0 0 0 0 0 51 
0 0 0 0 0 0 0 0 0 0 30 0 0 0 0 0 0 
12    6    2054    0.5
50 0 0 0 0 0 0 0 0 0 0 0 0 0 0 0 0 
0 93 0 0 0 0 0 0 0 0 0 0 0 0 0 0 0 
0 0 25 0 0 0 0 0 0 0 0 0 0 0 0 0 0 
0 0 0 0 0 0 0 0 0 16 0 0 0 0 0 0 0 
0 0 0 0 0 0 0 0 0 0 91 0 0 0 0 0 0 
0 0 0 0 0 0 0 0 0 0 0 17 0 0 0 0 0 
0 0 0 0 0 0 0 0 0 0 0 0 55 0 0 0 0 
0 0 0 0 0 0 0 0 0 0 0 0 0 0 38 0 0 
0 0 0 0 0 0 0 0 0 0 0 0 0 0 0 100 0 
0 0 0 0 0 0 0 0 0 0 0 0 0 0 0 0 62 
0 0 0 0 0 19 0 0 0 0 0 0 0 0 0 0 0 
0 0 0 0 0 0 53 0 0 0 0 0 0 0 0 0 0 
5    0    467    0.5
1 0 0 0 0 0 0 0 0 0 0 0 0 0 0 0 0 
0 2 0 0 0 0 0 0 0 0 0 0 0 0 0 0 0 
0 0 0 0 0 0 0 0 25 0 0 0 0 0 0 0 0 
0 0 0 0 92 0 0 0 0 0 0 0 0 0 0 0 0 
0 0 0 0 0 0 0 0 0 0 0 62 0 0 0 0 0 
12    6    3019    0.3
0 0 0 0 0 0 0 43 0 0 0 0 0 0 0 0 0 
0 0 0 0 0 0 0 0 99 0 0 0 0 0 0 0 0 
0 0 0 0 0 0 0 0 0 54 0 0 0 0 0 0 0 
0 0 0 0 0 0 0 0 0 0 28 0 0 0 0 0 0 
0 0 0 0 0 0 0 0 0 0 0 0 0 0 18 0 0 
0 0 0 0 0 0 0 0 0 0 0 0 0 0 0 81 0 
43 0 0 0 0 0 0 0 0 0 0 0 0 0 0 0 0 
0 70 0 0 0 0 0 0 0 0 0 0 0 0 0 0 0 
0 0 0 0 75 0 0 0 0 0 0 0 0 0 0 0 0 
0 0 0 0 0 0 88 0 0 0 0 0 0 0 0 0 0 
0 0 0 0 0 0 0 0 0 0 0 86 0 0 0 0 0 
0 0 0 0 0 0 0 0 0 0 0 0 35 0 0 0 0 
10    5    1613    0.3
0 0 0 0 0 0 0 0 0 0 94 0 0 0 0 0 0 
0 0 0 0 0 0 0 0 0 0 0 0 0 0 69 0 0 
0 0 0 0 0 0 0 0 0 0 0 0 0 0 0 75 0 
0 0 0 0 0 0 0 0 0 0 0 0 0 0 0 0 80 
0 0 0 0 0 0 0 0 0 0 0 13 0 0 0 0 0 
0 0 0 0 0 0 0 0 0 0 0 0 76 0 0 0 0 
0 0 0 0 0 0 0 0 0 0 0 0 0 45 0 0 0 
80 0 0 0 0 0 0 0 0 0 0 0 0 0 0 0 0 
0 55 0 0 0 0 0 0 0 0 0 0 0 0 0 0 0 
0 0 93 0 0 0 0 0 0 0 0 0 0 0 0 0 0 
13    0    2109    0.5
0 0 0 0 0 23 0 0 0 0 0 0 0 0 0 0 0 
0 0 0 0 0 0 49 0 0 0 0 0 0 0 0 0 0 
71 0 0 0 0 0 0 0 0 0 0 0 0 0 0 0 0 
0 1 0 0 0 0 0 0 0 0 0 0 0 0 0 0 0 
0 0 0 0 0 0 0 0 0 0 0 3 0 0 0 0 0 
0 0 0 0 0 0 0 0 0 0 0 0 91 0 0 0 0 
0 0 0 0 0 0 0 0 0 0 0 0 0 86 0 0 0 
0 0 0 0 0 0 0 0 0 0 0 0 0 0 51 0 0 
0 0 0 0 0 0 0 0 0 0 0 0 0 0 0 77 0 
0 0 0 0 0 0 0 0 0 38 0 0 0 0 0 0 0 
0 0 0 0 0 0 0 0 0 0 31 0 0 0 0 0 0 
0 0 0 0 0 0 0 3 0 0 0 0 0 0 0 0 0 
0 0 0 0 0 0 0 0 1 0 0 0 0 0 0 0 0 
16    1    2466    0.9
11 0 0 0 0 0 0 0 0 0 0 0 0 0 0 0 0 
0 14 0 0 0 0 0 0 0 0 0 0 0 0 0 0 0 
0 0 13 0 0 0 0 0 0 0 0 0 0 0 0 0 0 
0 0 0 47 0 0 0 0 0 0 0 0 0 0 0 0 0 
0 0 0 0 78 0 0 0 0 0 0 0 0 0 0 0 0 
0 0 0 0 0 0 0 0 0 0 0 0 0 0 9 0 0 
0 0 0 0 0 0 0 0 0 0 0 0 0 0 0 90 0 
0 0 0 0 0 0 0 0 0 0 0 0 0 0 0 0 58 
0 0 0 0 0 21 0 0 0 0 0 0 0 0 0 0 0 
0 0 0 0 0 0 4 0 0 0 0 0 0 0 0 0 0 
0 0 0 0 0 0 0 0 0 0 0 51 0 0 0 0 0 
0 0 0 0 0 0 0 0 0 0 0 0 40 0 0 0 0 
0 0 0 0 0 0 0 0 0 0 0 0 0 46 0 0 0 
0 0 0 0 0 0 0 0 0 0 11 0 0 0 0 0 0 
0 0 0 0 0 0 0 15 0 0 0 0 0 0 0 0 0 
0 0 0 0 0 0 0 0 29 0 0 0 0 0 0 0 0 
9    0    944    0.8
7 0 0 0 0 0 0 0 0 0 0 0 0 0 0 0 0 
0 0 0 41 0 0 0 0 0 0 0 0 0 0 0 0 0 
0 0 0 0 5 0 0 0 0 0 0 0 0 0 0 0 0 
0 0 0 0 0 76 0 0 0 0 0 0 0 0 0 0 0 
0 0 0 0 0 0 55 0 0 0 0 0 0 0 0 0 0 
0 0 0 0 0 0 0 0 0 30 0 0 0 0 0 0 0 
0 0 0 0 0 0 0 0 0 0 57 0 0 0 0 0 0 
0 0 0 0 0 0 0 0 0 0 0 0 0 0 9 0 0 
0 0 0 0 0 0 0 0 0 0 0 0 0 0 0 65 0 
7    4    622    0.9
0 0 0 0 0 0 0 0 0 17 0 0 0 0 0 0 0 
0 0 0 0 0 0 0 0 0 0 6 0 0 0 0 0 0 
8 0 0 0 0 0 0 0 0 0 0 0 0 0 0 0 0 
0 12 0 0 0 0 0 0 0 0 0 0 0 0 0 0 0 
0 0 0 0 0 0 0 62 0 0 0 0 0 0 0 0 0 
0 0 0 0 0 0 0 0 91 0 0 0 0 0 0 0 0 
0 0 0 0 0 0 0 0 0 0 0 0 0 0 43 0 0 
10    3    2274    0.8
64 0 0 0 0 0 0 0 0 0 0 0 0 0 0 0 0 
0 49 0 0 0 0 0 0 0 0 0 0 0 0 0 0 0 
0 0 73 0 0 0 0 0 0 0 0 0 0 0 0 0 0 
0 0 0 0 0 0 0 0 0 0 0 89 0 0 0 0 0 
0 0 0 0 0 0 0 0 0 0 0 0 63 0 0 0 0 
0 0 0 0 0 0 0 0 0 0 0 0 0 83 0 0 0 
0 0 0 0 0 0 0 0 7 0 0 0 0 0 0 0 0 
0 0 0 0 0 82 0 0 0 0 0 0 0 0 0 0 0 
0 0 0 0 0 0 66 0 0 0 0 0 0 0 0 0 0 
0 0 0 0 34 0 0 0 0 0 0 0 0 0 0 0 0 
5    3    638    0.7
0 0 0 0 0 0 0 0 0 0 66 0 0 0 0 0 0 
48 0 0 0 0 0 0 0 0 0 0 0 0 0 0 0 0 
0 0 0 0 0 0 0 0 23 0 0 0 0 0 0 0 0 
0 0 0 0 0 0 0 0 0 0 0 0 0 0 46 0 0 
0 0 0 0 0 0 0 0 0 0 0 0 0 0 0 33 0 
9    3    1338    0.8
0 0 0 0 0 0 0 0 0 0 0 0 0 0 71 0 0 
0 0 0 0 0 0 0 0 0 0 0 24 0 0 0 0 0 
0 0 0 0 0 0 0 0 0 0 0 0 51 0 0 0 0 
0 0 0 0 0 0 0 0 0 0 0 0 0 1 0 0 0 
98 0 0 0 0 0 0 0 0 0 0 0 0 0 0 0 0 
0 64 0 0 0 0 0 0 0 0 0 0 0 0 0 0 0 
0 0 32 0 0 0 0 0 0 0 0 0 0 0 0 0 0 
0 0 0 0 0 0 0 0 1 0 0 0 0 0 0 0 0 
0 0 0 0 19 0 0 0 0 0 0 0 0 0 0 0 0 
5    5    546    0.5
0 0 0 0 0 0 0 0 43 0 0 0 0 0 0 0 0 
0 0 0 0 0 0 0 0 0 0 0 13 0 0 0 0 0 
0 0 0 0 0 0 0 0 0 0 0 0 0 0 46 0 0 
35 0 0 0 0 0 0 0 0 0 0 0 0 0 0 0 0 
0 0 0 0 1 0 0 0 0 0 0 0 0 0 0 0 0 
13    2    2512    0.3
0 0 0 0 0 0 0 0 0 0 0 45 0 0 0 0 0 
0 0 0 0 0 0 0 0 0 0 0 0 27 0 0 0 0 
53 0 0 0 0 0 0 0 0 0 0 0 0 0 0 0 0 
0 73 0 0 0 0 0 0 0 0 0 0 0 0 0 0 0 
0 0 98 0 0 0 0 0 0 0 0 0 0 0 0 0 0 
0 0 0 0 0 0 22 0 0 0 0 0 0 0 0 0 0 
0 0 0 0 0 0 0 0 0 0 0 0 0 0 54 0 0 
0 0 0 0 0 0 0 0 0 0 0 0 0 0 0 17 0 
0 0 0 0 0 0 0 0 0 0 0 0 0 0 0 0 77 
0 0 0 0 0 0 0 93 0 0 0 0 0 0 0 0 0 
0 0 0 0 0 0 0 0 49 0 0 0 0 0 0 0 0 
0 0 0 0 0 0 0 0 0 32 0 0 0 0 0 0 0 
0 0 0 0 0 0 0 0 0 0 24 0 0 0 0 0 0 
14    4    3181    0.8
0 0 0 0 0 0 0 0 90 0 0 0 0 0 0 0 0 
0 0 0 0 0 16 0 0 0 0 0 0 0 0 0 0 0 
0 0 0 0 0 0 50 0 0 0 0 0 0 0 0 0 0 
46 0 0 0 0 0 0 0 0 0 0 0 0 0 0 0 0 
0 28 0 0 0 0 0 0 0 0 0 0 0 0 0 0 0 
0 0 0 0 0 0 0 0 0 0 0 0 0 0 78 0 0 
0 0 0 0 0 0 0 0 0 0 0 0 0 0 0 100 0 
0 0 0 0 0 0 0 0 0 0 0 0 0 0 0 0 39 
0 0 0 0 0 0 0 0 0 0 0 88 0 0 0 0 0 
0 0 0 0 0 0 0 0 0 0 0 0 36 0 0 0 0 
0 0 0 0 0 0 0 0 0 0 0 0 0 73 0 0 0 
0 0 0 0 0 0 0 0 0 0 100 0 0 0 0 0 0 
0 0 0 9 0 0 0 0 0 0 0 0 0 0 0 0 0 
0 0 0 0 47 0 0 0 0 0 0 0 0 0 0 0 0 
10    5    946    0.9
0 0 0 0 0 0 0 0 14 0 0 0 0 0 0 0 0 
0 0 0 0 0 0 0 0 0 0 0 7 0 0 0 0 0 
0 0 0 0 0 0 0 0 0 0 0 0 40 0 0 0 0 
0 0 0 38 0 0 0 0 0 0 0 0 0 0 0 0 0 
0 0 0 0 60 0 0 0 0 0 0 0 0 0 0 0 0 
0 0 0 0 0 0 0 0 0 0 0 0 0 0 50 0 0 
0 0 0 0 0 0 0 0 0 0 0 0 0 0 0 6 0 
64 0 0 0 0 0 0 0 0 0 0 0 0 0 0 0 0 
0 92 0 0 0 0 0 0 0 0 0 0 0 0 0 0 0 
0 0 50 0 0 0 0 0 0 0 0 0 0 0 0 0 0 
10    5    1732    0.5
32 0 0 0 0 0 0 0 0 0 0 0 0 0 0 0 0 
0 0 0 0 0 0 0 0 0 8 0 0 0 0 0 0 0 
0 0 0 0 0 0 0 0 0 0 97 0 0 0 0 0 0 
0 0 0 0 0 0 0 0 0 0 0 0 0 0 62 0 0 
0 0 0 0 0 0 0 0 0 0 0 0 0 0 0 17 0 
0 0 0 0 0 0 0 0 83 0 0 0 0 0 0 0 0 
0 0 0 0 0 98 0 0 0 0 0 0 0 0 0 0 0 
0 0 0 0 0 0 43 0 0 0 0 0 0 0 0 0 0 
0 0 0 0 0 0 0 0 0 0 0 63 0 0 0 0 0 
0 0 0 0 0 0 0 0 0 0 0 0 38 0 0 0 0 
16    4    3823    0.7
57 0 0 0 0 0 0 0 0 0 0 0 0 0 0 0 0 
0 75 0 0 0 0 0 0 0 0 0 0 0 0 0 0 0 
0 0 44 0 0 0 0 0 0 0 0 0 0 0 0 0 0 
0 0 0 0 0 0 0 0 0 0 0 16 0 0 0 0 0 
0 0 0 0 0 0 0 0 0 0 0 0 37 0 0 0 0 
0 0 0 0 0 0 0 0 0 0 0 0 0 63 0 0 0 
0 0 0 0 0 44 0 0 0 0 0 0 0 0 0 0 0 
0 0 0 0 0 0 44 0 0 0 0 0 0 0 0 0 0 
0 0 0 79 0 0 0 0 0 0 0 0 0 0 0 0 0 
0 0 0 0 88 0 0 0 0 0 0 0 0 0 0 0 0 
0 0 0 0 0 0 0 0 0 55 0 0 0 0 0 0 0 
0 0 0 0 0 0 0 0 0 0 44 0 0 0 0 0 0 
0 0 0 0 0 0 0 97 0 0 0 0 0 0 0 0 0 
0 0 0 0 0 0 0 0 79 0 0 0 0 0 0 0 0 
0 0 0 0 0 0 0 0 0 0 0 0 0 0 11 0 0 
0 0 0 0 0 0 0 0 0 0 0 0 0 0 0 59 0 
7    4    675    0.4
0 0 0 0 0 0 0 0 0 36 0 0 0 0 0 0 0 
0 0 0 0 0 0 0 0 0 0 23 0 0 0 0 0 0 
0 0 0 0 0 0 0 0 0 0 0 34 0 0 0 0 0 
0 0 0 0 0 0 0 0 0 0 0 0 38 0 0 0 0 
53 0 0 0 0 0 0 0 0 0 0 0 0 0 0 0 0 
0 11 0 0 0 0 0 0 0 0 0 0 0 0 0 0 0 
0 0 0 0 34 0 0 0 0 0 0 0 0 0 0 0 0 
10    4    2306    0.3
0 0 0 0 0 0 0 0 0 56 0 0 0 0 0 0 0 
0 0 0 0 0 0 0 0 0 0 80 0 0 0 0 0 0 
0 0 0 99 0 0 0 0 0 0 0 0 0 0 0 0 0 
0 0 0 0 14 0 0 0 0 0 0 0 0 0 0 0 0 
0 0 0 0 0 0 18 0 0 0 0 0 0 0 0 0 0 
0 0 0 0 0 0 0 0 0 0 0 0 0 0 10 0 0 
14 0 0 0 0 0 0 0 0 0 0 0 0 0 0 0 0 
0 85 0 0 0 0 0 0 0 0 0 0 0 0 0 0 0 
0 0 0 0 0 0 0 0 35 0 0 0 0 0 0 0 0 
0 0 0 0 0 0 0 0 0 0 0 91 0 0 0 0 0 
15    6    2917    0.2
0 0 0 0 0 43 0 0 0 0 0 0 0 0 0 0 0 
0 0 0 0 0 0 2 0 0 0 0 0 0 0 0 0 0 
26 0 0 0 0 0 0 0 0 0 0 0 0 0 0 0 0 
0 92 0 0 0 0 0 0 0 0 0 0 0 0 0 0 0 
0 0 60 0 0 0 0 0 0 0 0 0 0 0 0 0 0 
0 0 0 0 0 0 0 0 0 0 0 0 0 0 63 0 0 
0 0 0 0 0 0 0 0 0 0 0 0 0 0 0 59 0 
0 0 0 0 0 0 0 0 0 0 0 0 0 0 0 0 24 
0 0 0 0 0 0 0 0 80 0 0 0 0 0 0 0 0 
0 0 0 0 0 0 0 0 0 0 73 0 0 0 0 0 0 
0 0 0 8 0 0 0 0 0 0 0 0 0 0 0 0 0 
0 0 0 0 1 0 0 0 0 0 0 0 0 0 0 0 0 
0 0 0 0 0 0 0 0 0 0 0 21 0 0 0 0 0 
0 0 0 0 0 0 0 0 0 0 0 0 89 0 0 0 0 
0 0 0 0 0 0 0 0 0 0 0 0 0 66 0 0 0 
6    4    710    0.8
0 0 0 0 0 0 0 0 0 0 0 0 0 0 30 0 0 
0 0 0 0 0 0 0 0 0 0 0 0 0 0 0 3 0 
92 0 0 0 0 0 0 0 0 0 0 0 0 0 0 0 0 
0 0 0 0 0 0 0 0 0 62 0 0 0 0 0 0 0 
0 0 0 0 0 0 0 0 0 0 17 0 0 0 0 0 0 
0 0 0 0 0 0 0 0 0 0 0 56 0 0 0 0 0 
11    0    1599    0.2
0 0 0 0 0 0 0 0 0 0 0 0 0 0 59 0 0 
0 0 0 0 0 0 0 0 0 0 0 0 0 0 0 91 0 
0 0 0 0 0 0 0 0 0 0 0 0 0 0 0 0 1 
0 0 0 0 0 0 0 0 0 0 0 64 0 0 0 0 0 
0 0 0 0 0 0 0 0 0 0 0 0 13 0 0 0 0 
0 0 0 0 0 0 0 0 0 0 0 0 0 11 0 0 0 
0 0 0 0 0 0 0 0 0 17 0 0 0 0 0 0 0 
0 0 0 0 0 0 0 0 0 0 33 0 0 0 0 0 0 
86 0 0 0 0 0 0 0 0 0 0 0 0 0 0 0 0 
0 0 0 0 0 26 0 0 0 0 0 0 0 0 0 0 0 
0 0 0 0 0 0 27 0 0 0 0 0 0 0 0 0 0 
13    0    2083    0.7
33 0 0 0 0 0 0 0 0 0 0 0 0 0 0 0 0 
0 48 0 0 0 0 0 0 0 0 0 0 0 0 0 0 0 
0 0 0 0 0 23 0 0 0 0 0 0 0 0 0 0 0 
0 0 0 0 0 0 42 0 0 0 0 0 0 0 0 0 0 
0 0 0 10 0 0 0 0 0 0 0 0 0 0 0 0 0 
0 0 0 0 78 0 0 0 0 0 0 0 0 0 0 0 0 
0 0 0 0 0 0 0 0 0 0 0 87 0 0 0 0 0 
0 0 0 0 0 0 0 0 0 0 0 0 28 0 0 0 0 
0 0 0 0 0 0 0 0 0 0 0 0 0 56 0 0 0 
0 0 0 0 0 0 0 0 0 0 0 0 0 0 49 0 0 
0 0 0 0 0 0 0 0 0 0 0 0 0 0 0 77 0 
0 0 0 0 0 0 0 0 0 0 0 0 0 0 0 0 13 
0 0 0 0 0 0 0 0 0 0 39 0 0 0 0 0 0 
7    5    1639    0.2
75 0 0 0 0 0 0 0 0 0 0 0 0 0 0 0 0 
0 58 0 0 0 0 0 0 0 0 0 0 0 0 0 0 0 
0 0 92 0 0 0 0 0 0 0 0 0 0 0 0 0 0 
0 0 0 0 0 0 0 0 0 0 0 0 0 0 42 0 0 
0 0 0 0 0 0 0 0 0 0 0 14 0 0 0 0 0 
0 0 0 0 0 0 0 0 0 0 72 0 0 0 0 0 0 
0 0 0 0 0 0 0 0 76 0 0 0 0 0 0 0 0 
9    2    1501    0.5
0 0 0 42 0 0 0 0 0 0 0 0 0 0 0 0 0 
0 0 0 0 53 0 0 0 0 0 0 0 0 0 0 0 0 
0 0 0 0 0 0 0 62 0 0 0 0 0 0 0 0 0 
0 0 0 0 0 0 0 0 37 0 0 0 0 0 0 0 0 
0 0 0 0 0 0 0 0 0 0 88 0 0 0 0 0 0 
67 0 0 0 0 0 0 0 0 0 0 0 0 0 0 0 0 
0 11 0 0 0 0 0 0 0 0 0 0 0 0 0 0 0 
0 0 43 0 0 0 0 0 0 0 0 0 0 0 0 0 0 
0 0 0 0 0 0 51 0 0 0 0 0 0 0 0 0 0 
5    0    652    0.6
0 0 0 0 0 0 0 0 0 0 0 0 0 0 89 0 0 
0 0 0 0 0 0 0 0 0 0 0 0 0 0 0 39 0 
0 0 0 0 0 0 0 0 67 0 0 0 0 0 0 0 0 
41 0 0 0 0 0 0 0 0 0 0 0 0 0 0 0 0 
0 19 0 0 0 0 0 0 0 0 0 0 0 0 0 0 0 
12    1    1285    0.8
52 0 0 0 0 0 0 0 0 0 0 0 0 0 0 0 0 
0 28 0 0 0 0 0 0 0 0 0 0 0 0 0 0 0 
0 0 2 0 0 0 0 0 0 0 0 0 0 0 0 0 0 
0 0 0 4 0 0 0 0 0 0 0 0 0 0 0 0 0 
0 0 0 0 17 0 0 0 0 0 0 0 0 0 0 0 0 
0 0 0 0 0 0 0 0 0 10 0 0 0 0 0 0 0 
0 0 0 0 0 0 0 0 0 0 85 0 0 0 0 0 0 
0 0 0 0 0 0 0 0 0 0 0 0 0 0 98 0 0 
0 0 0 0 0 0 0 0 0 0 0 0 0 0 0 66 0 
0 0 0 0 0 0 0 0 0 0 0 47 0 0 0 0 0 
0 0 0 0 0 0 0 0 0 0 0 0 28 0 0 0 0 
0 0 0 0 0 0 0 0 0 0 0 0 0 41 0 0 0 
11    3    1694    0.8
0 0 0 0 0 0 0 0 0 0 0 0 0 0 80 0 0 
0 0 0 0 0 0 0 0 0 0 16 0 0 0 0 0 0 
0 0 0 0 0 0 0 0 19 0 0 0 0 0 0 0 0 
16 0 0 0 0 0 0 0 0 0 0 0 0 0 0 0 0 
0 82 0 0 0 0 0 0 0 0 0 0 0 0 0 0 0 
0 0 70 0 0 0 0 0 0 0 0 0 0 0 0 0 0 
0 0 0 0 0 0 0 0 0 0 0 31 0 0 0 0 0 
0 0 0 0 0 0 0 0 0 0 0 0 70 0 0 0 0 
0 0 0 0 0 0 0 0 0 0 0 0 0 55 0 0 0 
0 0 0 0 0 76 0 0 0 0 0 0 0 0 0 0 0 
0 0 0 0 0 0 89 0 0 0 0 0 0 0 0 0 0 
9    2    1419    0.6
0 0 0 0 15 0 0 0 0 0 0 0 0 0 0 0 0 
31 0 0 0 0 0 0 0 0 0 0 0 0 0 0 0 0 
0 98 0 0 0 0 0 0 0 0 0 0 0 0 0 0 0 
0 0 36 0 0 0 0 0 0 0 0 0 0 0 0 0 0 
0 0 0 0 0 0 0 0 0 0 0 0 0 0 37 0 0 
0 0 0 0 0 0 0 0 0 0 0 0 0 0 0 84 0 
0 0 0 0 0 0 0 0 100 0 0 0 0 0 0 0 0 
0 0 0 0 0 0 0 0 0 14 0 0 0 0 0 0 0 
0 0 0 0 0 0 0 0 0 0 47 0 0 0 0 0 0 
11    3    1896    0.8
0 0 0 0 0 0 0 0 0 0 0 10 0 0 0 0 0 
0 0 0 0 0 0 0 0 0 0 0 0 51 0 0 0 0 
0 0 0 0 0 95 0 0 0 0 0 0 0 0 0 0 0 
0 0 0 0 0 0 66 0 0 0 0 0 0 0 0 0 0 
0 0 0 88 0 0 0 0 0 0 0 0 0 0 0 0 0 
0 0 0 0 72 0 0 0 0 0 0 0 0 0 0 0 0 
0 0 0 0 0 0 0 30 0 0 0 0 0 0 0 0 0 
0 0 0 0 0 0 0 0 67 0 0 0 0 0 0 0 0 
53 0 0 0 0 0 0 0 0 0 0 0 0 0 0 0 0 
0 98 0 0 0 0 0 0 0 0 0 0 0 0 0 0 0 
0 0 47 0 0 0 0 0 0 0 0 0 0 0 0 0 0 
11    0    1312    0.3
0 0 0 0 0 0 0 0 36 0 0 0 0 0 0 0 0 
0 0 0 0 0 0 0 0 0 0 0 15 0 0 0 0 0 
0 0 0 0 0 0 0 0 0 0 0 0 18 0 0 0 0 
0 0 0 0 0 0 50 0 0 0 0 0 0 0 0 0 0 
48 0 0 0 0 0 0 0 0 0 0 0 0 0 0 0 0 
0 78 0 0 0 0 0 0 0 0 0 0 0 0 0 0 0 
0 0 17 0 0 0 0 0 0 0 0 0 0 0 0 0 0 
0 0 0 25 0 0 0 0 0 0 0 0 0 0 0 0 0 
0 0 0 0 43 0 0 0 0 0 0 0 0 0 0 0 0 
0 0 0 0 0 0 0 0 0 33 0 0 0 0 0 0 0 
0 0 0 0 0 0 0 0 0 0 57 0 0 0 0 0 0 
11    1    2957    0.8
0 0 0 0 79 0 0 0 0 0 0 0 0 0 0 0 0 
84 0 0 0 0 0 0 0 0 0 0 0 0 0 0 0 0 
0 31 0 0 0 0 0 0 0 0 0 0 0 0 0 0 0 
0 0 0 0 0 0 0 0 0 0 0 0 0 0 75 0 0 
0 0 0 0 0 0 0 0 0 0 0 0 0 0 0 82 0 
0 0 0 0 0 0 0 0 0 0 0 0 0 0 0 0 19 
0 0 0 0 0 0 50 0 0 0 0 0 0 0 0 0 0 
0 0 0 0 0 0 0 0 0 70 0 0 0 0 0 0 0 
0 0 0 0 0 0 0 0 0 0 59 0 0 0 0 0 0 
0 0 0 0 0 0 0 0 0 0 0 91 0 0 0 0 0 
0 0 0 0 0 0 0 0 6 0 0 0 0 0 0 0 0 
15    5    3254    0.4
0 0 0 0 0 0 0 0 0 0 0 79 0 0 0 0 0 
0 0 0 0 0 0 0 0 0 0 0 0 66 0 0 0 0 
0 0 0 0 0 0 0 0 0 0 0 0 0 37 0 0 0 
0 0 0 0 0 0 0 0 0 0 0 0 0 0 20 0 0 
0 0 0 0 0 0 0 0 0 0 0 0 0 0 0 86 0 
0 0 0 0 0 0 0 0 0 0 0 0 0 0 0 0 64 
0 0 0 10 0 0 0 0 0 0 0 0 0 0 0 0 0 
0 0 0 0 98 0 0 0 0 0 0 0 0 0 0 0 0 
0 0 0 0 0 0 0 100 0 0 0 0 0 0 0 0 0 
0 0 0 0 0 0 0 0 22 0 0 0 0 0 0 0 0 
0 0 0 0 0 94 0 0 0 0 0 0 0 0 0 0 0 
0 0 0 0 0 0 52 0 0 0 0 0 0 0 0 0 0 
19 0 0 0 0 0 0 0 0 0 0 0 0 0 0 0 0 
0 72 0 0 0 0 0 0 0 0 0 0 0 0 0 0 0 
0 0 65 0 0 0 0 0 0 0 0 0 0 0 0 0 0 
6    0    808    0.4
16 0 0 0 0 0 0 0 0 0 0 0 0 0 0 0 0 
0 0 0 0 0 0 0 0 23 0 0 0 0 0 0 0 0 
0 0 0 0 0 0 0 0 0 0 45 0 0 0 0 0 0 
0 0 0 0 0 0 0 0 0 0 0 0 0 0 61 0 0 
0 0 0 0 54 0 0 0 0 0 0 0 0 0 0 0 0 
0 0 0 0 0 0 44 0 0 0 0 0 0 0 0 0 0 
7    0    1191    0.7
49 0 0 0 0 0 0 0 0 0 0 0 0 0 0 0 0 
0 20 0 0 0 0 0 0 0 0 0 0 0 0 0 0 0 
0 0 86 0 0 0 0 0 0 0 0 0 0 0 0 0 0 
0 0 0 0 0 0 78 0 0 0 0 0 0 0 0 0 0 
0 0 0 0 0 0 0 0 0 69 0 0 0 0 0 0 0 
0 0 0 0 0 0 0 0 0 0 31 0 0 0 0 0 0 
0 0 0 0 0 0 0 0 64 0 0 0 0 0 0 0 0 
5    4    571    0.9
0 0 0 0 0 6 0 0 0 0 0 0 0 0 0 0 0 
0 0 0 0 0 0 36 0 0 0 0 0 0 0 0 0 0 
73 0 0 0 0 0 0 0 0 0 0 0 0 0 0 0 0 
0 76 0 0 0 0 0 0 0 0 0 0 0 0 0 0 0 
0 0 0 0 0 0 0 0 0 0 0 25 0 0 0 0 0 
15    1    3500    0.2
0 0 0 0 0 0 0 0 0 0 0 0 0 0 1 0 0 
0 0 0 0 0 0 0 0 0 0 0 0 0 0 0 65 0 
0 0 0 0 0 0 0 0 0 0 0 0 0 0 0 0 14 
0 0 0 0 0 0 0 0 0 96 0 0 0 0 0 0 0 
0 0 0 0 0 0 0 0 0 0 96 0 0 0 0 0 0 
57 0 0 0 0 0 0 0 0 0 0 0 0 0 0 0 0 
0 37 0 0 0 0 0 0 0 0 0 0 0 0 0 0 0 
0 0 37 0 0 0 0 0 0 0 0 0 0 0 0 0 0 
0 0 0 0 0 0 0 0 0 0 0 63 0 0 0 0 0 
0 0 0 0 0 0 0 0 0 0 0 0 52 0 0 0 0 
0 0 0 0 51 0 0 0 0 0 0 0 0 0 0 0 0 
0 0 0 0 0 0 0 63 0 0 0 0 0 0 0 0 0 
0 0 0 0 0 0 0 0 90 0 0 0 0 0 0 0 0 
0 0 0 0 0 81 0 0 0 0 0 0 0 0 0 0 0 
0 0 0 0 0 0 58 0 0 0 0 0 0 0 0 0 0 
5    6    388    0.1
0 0 0 0 0 0 0 22 0 0 0 0 0 0 0 0 0 
0 0 0 0 0 0 0 0 61 0 0 0 0 0 0 0 0 
41 0 0 0 0 0 0 0 0 0 0 0 0 0 0 0 0 
0 60 0 0 0 0 0 0 0 0 0 0 0 0 0 0 0 
0 0 45 0 0 0 0 0 0 0 0 0 0 0 0 0 0 
7    2    1124    0.9
0 0 0 0 0 0 4 0 0 0 0 0 0 0 0 0 0 
0 0 0 0 0 0 0 0 0 0 0 0 0 0 40 0 0 
0 0 0 0 100 0 0 0 0 0 0 0 0 0 0 0 0 
0 0 0 0 0 0 0 67 0 0 0 0 0 0 0 0 0 
0 0 0 0 0 0 0 0 5 0 0 0 0 0 0 0 0 
0 0 0 0 0 0 0 0 0 0 0 99 0 0 0 0 0 
12 0 0 0 0 0 0 0 0 0 0 0 0 0 0 0 0 
8    6    783    0.7
11 0 0 0 0 0 0 0 0 0 0 0 0 0 0 0 0 
0 0 0 0 90 0 0 0 0 0 0 0 0 0 0 0 0 
0 0 0 0 0 0 0 0 0 0 0 10 0 0 0 0 0 
0 0 0 0 0 0 0 0 0 0 0 0 3 0 0 0 0 
0 0 0 0 0 35 0 0 0 0 0 0 0 0 0 0 0 
0 0 0 0 0 0 70 0 0 0 0 0 0 0 0 0 0 
0 0 0 0 0 0 0 14 0 0 0 0 0 0 0 0 0 
0 0 0 0 0 0 0 0 8 0 0 0 0 0 0 0 0 
10    1    935    0.7
0 0 0 0 33 0 0 0 0 0 0 0 0 0 0 0 0 
0 0 0 0 0 0 0 0 0 0 0 57 0 0 0 0 0 
0 0 0 0 0 0 0 0 0 0 0 0 2 0 0 0 0 
0 0 0 0 0 0 21 0 0 0 0 0 0 0 0 0 0 
83 0 0 0 0 0 0 0 0 0 0 0 0 0 0 0 0 
0 3 0 0 0 0 0 0 0 0 0 0 0 0 0 0 0 
0 0 45 0 0 0 0 0 0 0 0 0 0 0 0 0 0 
0 0 0 0 0 0 0 0 0 0 0 0 0 0 22 0 0 
0 0 0 0 0 0 0 0 0 0 0 0 0 0 0 23 0 
0 0 0 0 0 0 0 0 0 0 0 0 0 0 0 0 83 
13    4    2602    0.7
0 0 0 0 0 0 0 0 0 0 0 43 0 0 0 0 0 
0 0 0 0 0 0 0 0 0 0 0 0 58 0 0 0 0 
0 0 0 0 0 0 0 0 0 0 0 0 0 0 6 0 0 
0 0 0 0 0 0 0 0 0 0 0 0 0 0 0 9 0 
0 0 0 0 0 0 0 0 0 0 0 0 0 0 0 0 100 
0 0 0 39 0 0 0 0 0 0 0 0 0 0 0 0 0 
0 0 0 0 13 0 0 0 0 0 0 0 0 0 0 0 0 
0 0 0 0 0 0 0 44 0 0 0 0 0 0 0 0 0 
0 0 0 0 0 0 0 0 71 0 0 0 0 0 0 0 0 
0 0 0 0 0 0 0 0 0 32 0 0 0 0 0 0 0 
0 0 0 0 0 0 0 0 0 0 21 0 0 0 0 0 0 
0 0 0 0 0 0 78 0 0 0 0 0 0 0 0 0 0 
87 0 0 0 0 0 0 0 0 0 0 0 0 0 0 0 0 
5    4    862    0.2
68 0 0 0 0 0 0 0 0 0 0 0 0 0 0 0 0 
0 0 0 0 0 0 0 60 0 0 0 0 0 0 0 0 0 
0 0 0 0 0 0 0 0 77 0 0 0 0 0 0 0 0 
0 0 0 0 0 0 0 0 0 0 31 0 0 0 0 0 0 
0 0 0 0 0 0 0 0 0 0 0 56 0 0 0 0 0 
5    1    534    0.1
0 0 0 0 0 0 0 0 0 0 0 0 0 0 28 0 0 
0 0 0 0 0 0 0 0 36 0 0 0 0 0 0 0 0 
0 0 0 0 0 0 0 0 0 0 64 0 0 0 0 0 0 
62 0 0 0 0 0 0 0 0 0 0 0 0 0 0 0 0 
0 72 0 0 0 0 0 0 0 0 0 0 0 0 0 0 0 
16    2    2941    0.4
0 0 0 93 0 0 0 0 0 0 0 0 0 0 0 0 0 
0 0 0 0 24 0 0 0 0 0 0 0 0 0 0 0 0 
4 0 0 0 0 0 0 0 0 0 0 0 0 0 0 0 0 
0 16 0 0 0 0 0 0 0 0 0 0 0 0 0 0 0 
0 0 51 0 0 0 0 0 0 0 0 0 0 0 0 0 0 
0 0 0 0 0 0 0 0 0 43 0 0 0 0 0 0 0 
0 0 0 0 0 0 0 0 0 0 60 0 0 0 0 0 0 
0 0 0 0 0 0 54 0 0 0 0 0 0 0 0 0 0 
0 0 0 0 0 0 0 87 0 0 0 0 0 0 0 0 0 
0 0 0 0 0 0 0 0 54 0 0 0 0 0 0 0 0 
0 0 0 0 0 0 0 0 0 0 0 0 0 0 11 0 0 
0 0 0 0 0 0 0 0 0 0 0 0 0 0 0 35 0 
0 0 0 0 0 0 0 0 0 0 0 0 0 0 0 0 89 
0 0 0 0 0 0 0 0 0 0 0 32 0 0 0 0 0 
0 0 0 0 0 0 0 0 0 0 0 0 65 0 0 0 0 
0 0 0 0 0 0 0 0 0 0 0 0 0 69 0 0 0 
11    0    1957    0.5
0 0 0 0 68 0 0 0 0 0 0 0 0 0 0 0 0 
0 0 0 0 0 0 0 0 0 0 0 0 0 0 11 0 0 
69 0 0 0 0 0 0 0 0 0 0 0 0 0 0 0 0 
0 46 0 0 0 0 0 0 0 0 0 0 0 0 0 0 0 
0 0 0 0 0 0 0 0 0 0 0 71 0 0 0 0 0 
0 0 0 0 0 32 0 0 0 0 0 0 0 0 0 0 0 
0 0 0 0 0 0 1 0 0 0 0 0 0 0 0 0 0 
0 0 0 0 0 0 0 55 0 0 0 0 0 0 0 0 0 
0 0 0 0 0 0 0 0 97 0 0 0 0 0 0 0 0 
0 0 0 0 0 0 0 0 0 13 0 0 0 0 0 0 0 
0 0 0 0 0 0 0 0 0 0 62 0 0 0 0 0 0 
14    4    2364    0.3
0 0 0 0 0 0 0 0 0 0 0 0 0 0 94 0 0 
0 0 0 0 0 0 0 0 0 0 0 0 0 0 0 28 0 
0 0 0 0 0 0 0 0 0 0 0 0 0 0 0 0 3 
0 0 0 0 0 0 0 0 67 0 0 0 0 0 0 0 0 
0 0 0 0 0 9 0 0 0 0 0 0 0 0 0 0 0 
0 0 0 0 0 0 32 0 0 0 0 0 0 0 0 0 0 
8 0 0 0 0 0 0 0 0 0 0 0 0 0 0 0 0 
0 35 0 0 0 0 0 0 0 0 0 0 0 0 0 0 0 
0 0 48 0 0 0 0 0 0 0 0 0 0 0 0 0 0 
0 0 0 0 0 0 0 0 0 0 0 43 0 0 0 0 0 
0 0 0 0 0 0 0 0 0 0 0 0 29 0 0 0 0 
0 0 0 0 0 0 0 0 0 0 18 0 0 0 0 0 0 
0 0 0 97 0 0 0 0 0 0 0 0 0 0 0 0 0 
0 0 0 0 100 0 0 0 0 0 0 0 0 0 0 0 0 
8    0    906    0.7
0 0 0 0 0 0 0 0 0 0 0 0 0 0 46 0 0 
0 0 0 0 0 0 0 0 0 0 0 0 0 0 0 7 0 
18 0 0 0 0 0 0 0 0 0 0 0 0 0 0 0 0 
0 52 0 0 0 0 0 0 0 0 0 0 0 0 0 0 0 
0 0 79 0 0 0 0 0 0 0 0 0 0 0 0 0 0 
0 0 0 0 0 0 30 0 0 0 0 0 0 0 0 0 0 
0 0 0 0 0 0 0 0 0 0 0 62 0 0 0 0 0 
0 0 0 0 0 0 0 0 0 0 0 0 53 0 0 0 0 
14    6    2146    0.7
0 0 0 0 0 0 0 0 0 94 0 0 0 0 0 0 0 
0 0 0 0 0 0 0 0 0 0 57 0 0 0 0 0 0 
0 0 0 40 0 0 0 0 0 0 0 0 0 0 0 0 0 
0 0 0 0 14 0 0 0 0 0 0 0 0 0 0 0 0 
0 0 0 0 0 11 0 0 0 0 0 0 0 0 0 0 0 
0 0 0 0 0 0 38 0 0 0 0 0 0 0 0 0 0 
0 0 0 0 0 0 0 99 0 0 0 0 0 0 0 0 0 
0 0 0 0 0 0 0 0 10 0 0 0 0 0 0 0 0 
0 0 0 0 0 0 0 0 0 0 0 20 0 0 0 0 0 
0 0 0 0 0 0 0 0 0 0 0 0 24 0 0 0 0 
0 0 0 0 0 0 0 0 0 0 0 0 0 76 0 0 0 
59 0 0 0 0 0 0 0 0 0 0 0 0 0 0 0 0 
0 2 0 0 0 0 0 0 0 0 0 0 0 0 0 0 0 
0 0 71 0 0 0 0 0 0 0 0 0 0 0 0 0 0 
9    3    1394    0.9
0 0 0 0 0 0 40 0 0 0 0 0 0 0 0 0 0 
0 0 0 0 0 0 0 0 0 0 0 0 0 0 70 0 0 
13 0 0 0 0 0 0 0 0 0 0 0 0 0 0 0 0 
0 61 0 0 0 0 0 0 0 0 0 0 0 0 0 0 0 
0 0 0 0 0 0 0 0 0 0 0 58 0 0 0 0 0 
0 0 0 0 0 0 0 0 0 45 0 0 0 0 0 0 0 
0 0 0 0 0 0 0 0 0 0 5 0 0 0 0 0 0 
0 0 0 0 0 0 0 68 0 0 0 0 0 0 0 0 0 
0 0 0 0 0 0 0 0 83 0 0 0 0 0 0 0 0 
11    1    2205    0.6
0 0 0 0 0 0 0 55 0 0 0 0 0 0 0 0 0 
0 0 0 0 0 0 0 0 90 0 0 0 0 0 0 0 0 
30 0 0 0 0 0 0 0 0 0 0 0 0 0 0 0 0 
0 5 0 0 0 0 0 0 0 0 0 0 0 0 0 0 0 
0 0 0 0 72 0 0 0 0 0 0 0 0 0 0 0 0 
0 0 0 0 0 0 0 0 0 52 0 0 0 0 0 0 0 
0 0 0 0 0 0 0 0 0 0 86 0 0 0 0 0 0 
0 0 0 0 0 0 79 0 0 0 0 0 0 0 0 0 0 
0 0 0 0 0 0 0 0 0 0 0 57 0 0 0 0 0 
0 0 0 0 0 0 0 0 0 0 0 0 28 0 0 0 0 
0 0 0 0 0 0 0 0 0 0 0 0 0 98 0 0 0 
11    6    1891    0.1
80 0 0 0 0 0 0 0 0 0 0 0 0 0 0 0 0 
0 81 0 0 0 0 0 0 0 0 0 0 0 0 0 0 0 
0 0 53 0 0 0 0 0 0 0 0 0 0 0 0 0 0 
0 0 0 0 0 0 0 0 0 0 0 74 0 0 0 0 0 
0 0 0 0 0 0 0 0 0 0 0 0 45 0 0 0 0 
0 0 0 0 0 0 0 28 0 0 0 0 0 0 0 0 0 
0 0 0 0 0 0 0 0 22 0 0 0 0 0 0 0 0 
0 0 0 0 0 0 0 0 0 0 1 0 0 0 0 0 0 
0 0 0 0 0 0 0 0 0 0 0 0 0 0 36 0 0 
0 0 0 0 0 0 0 0 0 0 0 0 0 0 0 90 0 
0 0 0 0 0 0 0 0 0 0 0 0 0 0 0 0 14 
5    1    480    0.8
0 0 0 0 25 0 0 0 0 0 0 0 0 0 0 0 0 
48 0 0 0 0 0 0 0 0 0 0 0 0 0 0 0 0 
0 0 0 0 0 0 0 0 0 0 0 5 0 0 0 0 0 
0 0 0 0 0 0 0 0 0 80 0 0 0 0 0 0 0 
0 0 0 0 0 0 0 0 0 0 91 0 0 0 0 0 0 
7    2    888    0.2
0 0 0 0 0 0 0 0 0 0 49 0 0 0 0 0 0 
96 0 0 0 0 0 0 0 0 0 0 0 0 0 0 0 0 
0 34 0 0 0 0 0 0 0 0 0 0 0 0 0 0 0 
0 0 99 0 0 0 0 0 0 0 0 0 0 0 0 0 0 
0 0 0 0 0 0 0 0 0 0 0 42 0 0 0 0 0 
0 0 0 0 0 0 0 0 0 0 0 0 93 0 0 0 0 
0 0 0 0 0 0 0 0 0 0 0 0 0 73 0 0 0 
5    4    490    0.2
0 0 0 0 0 0 0 0 0 62 0 0 0 0 0 0 0 
0 0 0 0 0 0 0 0 0 0 84 0 0 0 0 0 0 
61 0 0 0 0 0 0 0 0 0 0 0 0 0 0 0 0 
0 25 0 0 0 0 0 0 0 0 0 0 0 0 0 0 0 
0 0 35 0 0 0 0 0 0 0 0 0 0 0 0 0 0 
11    1    2114    0.4
0 0 0 0 0 0 0 0 57 0 0 0 0 0 0 0 0 
0 0 0 0 0 0 0 0 0 0 0 69 0 0 0 0 0 
0 0 0 0 0 0 0 0 0 0 0 0 69 0 0 0 0 
0 0 0 0 0 0 0 0 0 0 0 0 0 12 0 0 0 
0 0 0 0 0 0 0 0 0 0 0 0 0 0 95 0 0 
0 0 0 0 0 0 0 0 0 0 0 0 0 0 0 69 0 
0 0 0 0 0 0 0 0 0 0 0 0 0 0 0 0 93 
0 0 0 0 0 96 0 0 0 0 0 0 0 0 0 0 0 
0 0 0 0 0 0 70 0 0 0 0 0 0 0 0 0 0 
2 0 0 0 0 0 0 0 0 0 0 0 0 0 0 0 0 
0 53 0 0 0 0 0 0 0 0 0 0 0 0 0 0 0 
12    2    2570    0.1
90 0 0 0 0 0 0 0 0 0 0 0 0 0 0 0 0 
0 96 0 0 0 0 0 0 0 0 0 0 0 0 0 0 0 
0 0 85 0 0 0 0 0 0 0 0 0 0 0 0 0 0 
0 0 0 0 0 0 0 0 0 0 0 0 0 0 25 0 0 
0 0 0 0 0 0 0 0 0 0 0 0 0 0 0 5 0 
0 0 0 0 0 0 0 0 0 0 0 0 0 0 0 0 83 
0 0 0 0 0 0 0 93 0 0 0 0 0 0 0 0 0 
0 0 0 0 0 0 0 0 35 0 0 0 0 0 0 0 0 
0 0 0 0 0 18 0 0 0 0 0 0 0 0 0 0 0 
0 0 0 0 0 0 93 0 0 0 0 0 0 0 0 0 0 
0 0 0 12 0 0 0 0 0 0 0 0 0 0 0 0 0 
0 0 0 0 75 0 0 0 0 0 0 0 0 0 0 0 0 
12    4    1718    0.5
0 0 0 15 0 0 0 0 0 0 0 0 0 0 0 0 0 
0 0 0 0 36 0 0 0 0 0 0 0 0 0 0 0 0 
0 0 0 0 0 0 0 0 0 74 0 0 0 0 0 0 0 
0 0 0 0 0 0 0 0 0 0 79 0 0 0 0 0 0 
97 0 0 0 0 0 0 0 0 0 0 0 0 0 0 0 0 
0 32 0 0 0 0 0 0 0 0 0 0 0 0 0 0 0 
0 0 41 0 0 0 0 0 0 0 0 0 0 0 0 0 0 
0 0 0 0 0 21 0 0 0 0 0 0 0 0 0 0 0 
0 0 0 0 0 0 10 0 0 0 0 0 0 0 0 0 0 
0 0 0 0 0 0 0 0 0 0 0 0 0 0 15 0 0 
0 0 0 0 0 0 0 0 0 0 0 0 0 0 0 86 0 
0 0 0 0 0 0 0 0 0 0 0 0 0 0 0 0 74 
7    0    1174    0.1
0 0 0 0 0 0 0 0 0 0 0 5 0 0 0 0 0 
0 0 0 0 0 0 0 0 0 0 0 0 63 0 0 0 0 
0 0 0 0 0 0 0 0 0 0 0 0 0 0 69 0 0 
0 0 0 0 0 0 48 0 0 0 0 0 0 0 0 0 0 
79 0 0 0 0 0 0 0 0 0 0 0 0 0 0 0 0 
0 0 0 88 0 0 0 0 0 0 0 0 0 0 0 0 0 
0 0 0 0 73 0 0 0 0 0 0 0 0 0 0 0 0 
5    4    469    0.7
0 0 0 0 0 0 0 0 0 0 0 0 0 0 10 0 0 
0 0 0 0 0 0 0 0 0 0 0 92 0 0 0 0 0 
90 0 0 0 0 0 0 0 0 0 0 0 0 0 0 0 0 
0 51 0 0 0 0 0 0 0 0 0 0 0 0 0 0 0 
0 0 38 0 0 0 0 0 0 0 0 0 0 0 0 0 0 
11    3    1002    0.1
0 0 0 0 0 0 0 0 0 21 0 0 0 0 0 0 0 
0 0 0 0 0 0 0 0 0 0 28 0 0 0 0 0 0 
0 0 0 0 0 0 0 0 31 0 0 0 0 0 0 0 0 
0 0 0 0 0 0 0 0 0 0 0 0 0 0 42 0 0 
0 0 0 0 0 0 0 0 0 0 0 0 0 0 0 7 0 
0 0 0 0 0 0 0 0 0 0 0 0 0 0 0 0 21 
0 0 0 0 0 8 0 0 0 0 0 0 0 0 0 0 0 
0 0 0 0 0 0 66 0 0 0 0 0 0 0 0 0 0 
23 0 0 0 0 0 0 0 0 0 0 0 0 0 0 0 0 
0 96 0 0 0 0 0 0 0 0 0 0 0 0 0 0 0 
0 0 87 0 0 0 0 0 0 0 0 0 0 0 0 0 0 
10    4    1699    0.7
0 0 0 0 0 0 0 0 0 83 0 0 0 0 0 0 0 
0 0 0 0 0 0 0 0 0 0 22 0 0 0 0 0 0 
72 0 0 0 0 0 0 0 0 0 0 0 0 0 0 0 0 
0 72 0 0 0 0 0 0 0 0 0 0 0 0 0 0 0 
0 0 33 0 0 0 0 0 0 0 0 0 0 0 0 0 0 
0 0 0 0 0 0 0 0 0 0 0 5 0 0 0 0 0 
0 0 0 0 0 0 0 0 0 0 0 0 39 0 0 0 0 
0 0 0 59 0 0 0 0 0 0 0 0 0 0 0 0 0 
0 0 0 0 35 0 0 0 0 0 0 0 0 0 0 0 0 
0 0 0 0 0 0 0 0 70 0 0 0 0 0 0 0 0 
7    4    927    0.2
0 0 0 0 0 0 0 0 0 10 0 0 0 0 0 0 0 
0 0 0 0 0 0 0 0 0 0 63 0 0 0 0 0 0 
0 0 0 39 0 0 0 0 0 0 0 0 0 0 0 0 0 
0 0 0 0 62 0 0 0 0 0 0 0 0 0 0 0 0 
0 0 0 0 0 0 0 0 0 0 0 0 0 0 8 0 0 
0 0 0 0 0 0 0 0 0 0 0 0 0 0 0 99 0 
24 0 0 0 0 0 0 0 0 0 0 0 0 0 0 0 0 
12    3    1205    0.5
0 0 0 0 0 0 0 0 60 0 0 0 0 0 0 0 0 
0 0 0 0 0 0 0 0 0 0 0 2 0 0 0 0 0 
0 0 0 0 0 0 0 0 0 0 0 0 47 0 0 0 0 
0 0 0 0 0 0 0 0 0 0 0 0 0 9 0 0 0 
0 0 0 13 0 0 0 0 0 0 0 0 0 0 0 0 0 
0 0 0 0 44 0 0 0 0 0 0 0 0 0 0 0 0 
0 0 0 0 0 0 0 0 0 0 0 0 0 0 12 0 0 
0 0 0 0 0 0 0 0 0 0 0 0 0 0 0 81 0 
0 0 0 0 0 0 0 0 0 0 0 0 0 0 0 0 53 
67 0 0 0 0 0 0 0 0 0 0 0 0 0 0 0 0 
0 67 0 0 0 0 0 0 0 0 0 0 0 0 0 0 0 
0 0 10 0 0 0 0 0 0 0 0 0 0 0 0 0 0 
16    2    3810    0.2
0 0 0 0 0 0 0 0 0 0 0 63 0 0 0 0 0 
0 0 0 0 0 0 0 0 0 0 0 0 43 0 0 0 0 
0 0 0 0 0 0 0 0 0 0 0 0 0 33 0 0 0 
0 0 0 0 0 0 0 0 0 0 0 0 0 0 80 0 0 
0 0 0 0 0 0 0 0 0 0 0 0 0 0 0 92 0 
0 0 0 0 0 0 0 0 0 0 0 0 0 0 0 0 35 
0 0 0 0 0 0 0 0 0 96 0 0 0 0 0 0 0 
0 0 0 0 0 0 0 0 0 0 11 0 0 0 0 0 0 
54 0 0 0 0 0 0 0 0 0 0 0 0 0 0 0 0 
0 72 0 0 0 0 0 0 0 0 0 0 0 0 0 0 0 
0 0 0 100 0 0 0 0 0 0 0 0 0 0 0 0 0 
0 0 0 0 6 0 0 0 0 0 0 0 0 0 0 0 0 
0 0 0 0 0 0 0 2 0 0 0 0 0 0 0 0 0 
0 0 0 0 0 0 0 0 45 0 0 0 0 0 0 0 0 
0 0 0 0 0 58 0 0 0 0 0 0 0 0 0 0 0 
0 0 0 0 0 0 4 0 0 0 0 0 0 0 0 0 0 
11    6    2675    0.4
0 0 0 0 0 0 0 0 0 0 0 37 0 0 0 0 0 
0 0 0 0 0 0 0 0 0 0 0 0 98 0 0 0 0 
0 0 0 0 0 0 0 0 0 0 73 0 0 0 0 0 0 
0 0 0 0 0 0 0 0 0 0 0 0 0 0 47 0 0 
0 0 0 0 0 0 0 0 0 0 0 0 0 0 0 91 0 
0 0 0 0 0 0 0 0 0 0 0 0 0 0 0 0 33 
0 0 0 88 0 0 0 0 0 0 0 0 0 0 0 0 0 
0 0 0 0 87 0 0 0 0 0 0 0 0 0 0 0 0 
0 0 0 0 0 55 0 0 0 0 0 0 0 0 0 0 0 
0 0 0 0 0 0 28 0 0 0 0 0 0 0 0 0 0 
56 0 0 0 0 0 0 0 0 0 0 0 0 0 0 0 0 
6    5    994    0.1
0 0 0 0 0 0 0 0 0 0 0 74 0 0 0 0 0 
0 0 0 0 0 0 0 0 0 0 0 0 9 0 0 0 0 
0 0 0 0 0 0 0 0 0 0 0 0 0 0 65 0 0 
0 0 0 0 0 0 25 0 0 0 0 0 0 0 0 0 0 
58 0 0 0 0 0 0 0 0 0 0 0 0 0 0 0 0 
0 0 0 0 0 0 0 0 59 0 0 0 0 0 0 0 0 
11    2    2701    0.8
0 0 0 0 0 0 0 0 88 0 0 0 0 0 0 0 0 
0 0 0 0 0 0 0 0 0 0 0 0 0 0 69 0 0 
0 0 0 0 0 0 0 0 0 0 0 0 0 0 0 58 0 
0 0 0 0 0 0 0 0 0 0 0 0 0 0 0 0 97 
0 0 0 0 0 0 21 0 0 0 0 0 0 0 0 0 0 
0 0 0 82 0 0 0 0 0 0 0 0 0 0 0 0 0 
0 0 0 0 81 0 0 0 0 0 0 0 0 0 0 0 0 
52 0 0 0 0 0 0 0 0 0 0 0 0 0 0 0 0 
0 99 0 0 0 0 0 0 0 0 0 0 0 0 0 0 0 
0 0 0 0 0 0 0 0 0 74 0 0 0 0 0 0 0 
0 0 0 0 0 0 0 0 0 0 29 0 0 0 0 0 0 
7    0    1544    0.9
0 0 0 0 0 0 0 0 0 0 0 0 0 0 85 0 0 
0 0 0 87 0 0 0 0 0 0 0 0 0 0 0 0 0 
0 0 0 0 21 0 0 0 0 0 0 0 0 0 0 0 0 
0 0 0 0 0 0 45 0 0 0 0 0 0 0 0 0 0 
20 0 0 0 0 0 0 0 0 0 0 0 0 0 0 0 0 
0 0 0 0 0 0 0 0 32 0 0 0 0 0 0 0 0 
0 0 0 0 0 0 0 0 0 0 90 0 0 0 0 0 0 
9    6    1346    0.5
0 0 0 0 0 0 6 0 0 0 0 0 0 0 0 0 0 
0 0 0 0 0 0 0 0 0 66 0 0 0 0 0 0 0 
0 0 0 0 0 0 0 0 0 0 91 0 0 0 0 0 0 
0 0 0 0 14 0 0 0 0 0 0 0 0 0 0 0 0 
23 0 0 0 0 0 0 0 0 0 0 0 0 0 0 0 0 
0 64 0 0 0 0 0 0 0 0 0 0 0 0 0 0 0 
0 0 0 0 0 0 0 0 0 0 0 0 0 0 40 0 0 
0 0 0 0 0 0 0 22 0 0 0 0 0 0 0 0 0 
0 0 0 0 0 0 0 0 35 0 0 0 0 0 0 0 0 
12    3    1655    0.8
0 0 0 0 0 0 0 0 95 0 0 0 0 0 0 0 0 
0 0 0 0 0 0 0 0 0 0 0 0 0 0 8 0 0 
46 0 0 0 0 0 0 0 0 0 0 0 0 0 0 0 0 
0 26 0 0 0 0 0 0 0 0 0 0 0 0 0 0 0 
0 0 49 0 0 0 0 0 0 0 0 0 0 0 0 0 0 
0 0 0 0 0 0 0 0 0 0 0 16 0 0 0 0 0 
0 0 0 0 0 0 0 0 0 0 0 0 30 0 0 0 0 
0 0 0 0 0 0 0 0 0 0 0 0 0 37 0 0 0 
0 0 0 31 0 0 0 0 0 0 0 0 0 0 0 0 0 
0 0 0 0 6 0 0 0 0 0 0 0 0 0 0 0 0 
0 0 0 0 0 0 0 0 0 67 0 0 0 0 0 0 0 
0 0 0 0 0 0 0 0 0 0 97 0 0 0 0 0 0 
11    2    1235    0.3
0 0 0 0 0 0 0 0 0 0 41 0 0 0 0 0 0 
0 0 0 0 0 0 0 0 0 0 0 0 0 0 9 0 0 
0 0 0 0 0 0 0 0 0 0 0 0 0 0 0 87 0 
12 0 0 0 0 0 0 0 0 0 0 0 0 0 0 0 0 
0 31 0 0 0 0 0 0 0 0 0 0 0 0 0 0 0 
0 0 22 0 0 0 0 0 0 0 0 0 0 0 0 0 0 
0 0 0 0 0 0 0 0 0 0 0 2 0 0 0 0 0 
0 0 0 0 0 0 0 0 0 0 0 0 28 0 0 0 0 
0 0 0 0 0 0 0 0 0 0 0 0 0 67 0 0 0 
0 0 0 0 0 0 0 99 0 0 0 0 0 0 0 0 0 
0 0 0 0 0 0 0 0 81 0 0 0 0 0 0 0 0 
11    4    1944    0.2
0 0 0 0 0 9 0 0 0 0 0 0 0 0 0 0 0 
0 0 0 0 0 0 86 0 0 0 0 0 0 0 0 0 0 
0 0 0 0 0 0 0 0 0 0 0 0 0 0 75 0 0 
0 0 0 0 0 0 0 0 0 0 0 0 0 0 0 5 0 
0 0 0 0 0 0 0 0 0 0 0 76 0 0 0 0 0 
0 0 0 0 0 0 0 0 0 0 0 0 87 0 0 0 0 
0 0 0 0 0 0 0 0 0 0 0 0 0 75 0 0 0 
0 0 0 0 0 0 0 0 0 0 35 0 0 0 0 0 0 
84 0 0 0 0 0 0 0 0 0 0 0 0 0 0 0 0 
0 89 0 0 0 0 0 0 0 0 0 0 0 0 0 0 0 
0 0 94 0 0 0 0 0 0 0 0 0 0 0 0 0 0 
5    6    645    0.5
0 0 0 0 0 0 0 0 0 0 0 0 0 0 83 0 0 
0 0 0 0 0 0 0 0 0 0 0 0 0 0 0 2 0 
0 0 0 0 0 0 0 0 0 0 0 71 0 0 0 0 0 
86 0 0 0 0 0 0 0 0 0 0 0 0 0 0 0 0 
0 69 0 0 0 0 0 0 0 0 0 0 0 0 0 0 0 
8    0    998    0.4
49 0 0 0 0 0 0 0 0 0 0 0 0 0 0 0 0 
0 27 0 0 0 0 0 0 0 0 0 0 0 0 0 0 0 
0 0 31 0 0 0 0 0 0 0 0 0 0 0 0 0 0 
0 0 0 0 0 0 0 0 0 0 0 6 0 0 0 0 0 
0 0 0 0 0 0 0 0 0 0 0 0 9 0 0 0 0 
0 0 0 0 0 0 0 0 0 0 0 0 0 0 32 0 0 
0 0 0 0 0 0 74 0 0 0 0 0 0 0 0 0 0 
0 0 0 0 0 0 0 0 89 0 0 0 0 0 0 0 0 
15    1    3401    0.4
30 0 0 0 0 0 0 0 0 0 0 0 0 0 0 0 0 
0 32 0 0 0 0 0 0 0 0 0 0 0 0 0 0 0 
0 0 81 0 0 0 0 0 0 0 0 0 0 0 0 0 0 
0 0 0 0 0 0 0 0 0 0 0 93 0 0 0 0 0 
0 0 0 0 0 0 0 0 0 0 0 0 7 0 0 0 0 
0 0 0 0 0 0 0 0 0 0 0 0 0 38 0 0 0 
0 0 0 0 97 0 0 0 0 0 0 0 0 0 0 0 0 
0 0 0 0 0 0 0 0 22 0 0 0 0 0 0 0 0 
0 0 0 0 0 0 0 0 0 0 0 0 0 0 74 0 0 
0 0 0 0 0 0 0 0 0 0 0 0 0 0 0 10 0 
0 0 0 0 0 0 0 0 0 0 0 0 0 0 0 0 90 
0 0 0 0 0 0 0 0 0 65 0 0 0 0 0 0 0 
0 0 0 0 0 0 0 0 0 0 51 0 0 0 0 0 0 
0 0 0 0 0 84 0 0 0 0 0 0 0 0 0 0 0 
0 0 0 0 0 0 86 0 0 0 0 0 0 0 0 0 0 
14    6    2091    0.1
0 0 0 0 0 46 0 0 0 0 0 0 0 0 0 0 0 
0 0 0 0 0 0 26 0 0 0 0 0 0 0 0 0 0 
0 0 0 42 0 0 0 0 0 0 0 0 0 0 0 0 0 
0 0 0 0 15 0 0 0 0 0 0 0 0 0 0 0 0 
0 0 0 0 0 0 0 0 0 0 0 0 0 0 79 0 0 
0 0 0 0 0 0 0 0 0 19 0 0 0 0 0 0 0 
0 0 0 0 0 0 0 0 0 0 7 0 0 0 0 0 0 
0 0 0 0 0 0 0 23 0 0 0 0 0 0 0 0 0 
0 0 0 0 0 0 0 0 45 0 0 0 0 0 0 0 0 
91 0 0 0 0 0 0 0 0 0 0 0 0 0 0 0 0 
0 30 0 0 0 0 0 0 0 0 0 0 0 0 0 0 0 
0 0 71 0 0 0 0 0 0 0 0 0 0 0 0 0 0 
0 0 0 0 0 0 0 0 0 0 0 3 0 0 0 0 0 
0 0 0 0 0 0 0 0 0 0 0 0 55 0 0 0 0 
7    2    1105    0.7
0 0 0 0 0 0 0 0 0 0 0 0 0 0 83 0 0 
0 0 0 0 0 0 0 0 0 0 0 0 0 0 0 68 0 
23 0 0 0 0 0 0 0 0 0 0 0 0 0 0 0 0 
0 75 0 0 0 0 0 0 0 0 0 0 0 0 0 0 0 
0 0 94 0 0 0 0 0 0 0 0 0 0 0 0 0 0 
0 0 0 93 0 0 0 0 0 0 0 0 0 0 0 0 0 
0 0 0 0 57 0 0 0 0 0 0 0 0 0 0 0 0 
12    0    2207    0.7
0 0 0 0 0 0 85 0 0 0 0 0 0 0 0 0 0 
0 0 0 0 0 0 0 0 0 0 0 0 0 0 91 0 0 
0 0 0 0 0 0 0 0 0 0 0 0 0 0 0 67 0 
0 0 0 85 0 0 0 0 0 0 0 0 0 0 0 0 0 
0 0 0 0 10 0 0 0 0 0 0 0 0 0 0 0 0 
0 0 0 0 0 0 0 0 0 0 16 0 0 0 0 0 0 
0 0 0 0 0 0 0 0 0 0 0 7 0 0 0 0 0 
0 0 0 0 0 0 0 0 0 0 0 0 15 0 0 0 0 
0 0 0 0 0 0 0 0 0 0 0 0 0 77 0 0 0 
56 0 0 0 0 0 0 0 0 0 0 0 0 0 0 0 0 
0 67 0 0 0 0 0 0 0 0 0 0 0 0 0 0 0 
0 0 65 0 0 0 0 0 0 0 0 0 0 0 0 0 0 
11    0    2539    0.7
0 0 0 0 0 0 0 0 0 0 0 0 0 0 21 0 0 
0 0 0 0 0 0 0 0 0 0 0 0 0 0 0 94 0 
0 0 0 0 0 0 0 0 0 0 0 0 0 0 0 0 38 
0 0 0 0 0 62 0 0 0 0 0 0 0 0 0 0 0 
0 0 0 0 0 0 85 0 0 0 0 0 0 0 0 0 0 
0 0 0 0 0 0 0 0 0 0 2 0 0 0 0 0 0 
0 0 0 0 0 0 0 93 0 0 0 0 0 0 0 0 0 
0 0 0 0 0 0 0 0 62 0 0 0 0 0 0 0 0 
95 0 0 0 0 0 0 0 0 0 0 0 0 0 0 0 0 
0 56 0 0 0 0 0 0 0 0 0 0 0 0 0 0 0 
0 0 0 0 0 0 0 0 0 0 0 49 0 0 0 0 0 
15    3    3710    0.2
0 0 0 0 0 0 82 0 0 0 0 0 0 0 0 0 0 
0 0 0 58 0 0 0 0 0 0 0 0 0 0 0 0 0 
0 0 0 0 54 0 0 0 0 0 0 0 0 0 0 0 0 
0 0 0 0 0 0 0 0 0 0 0 0 0 0 90 0 0 
0 0 0 0 0 0 0 0 0 0 0 0 0 0 0 29 0 
0 0 0 0 0 0 0 0 0 0 0 0 0 0 0 0 64 
0 0 0 0 0 0 0 0 0 0 0 73 0 0 0 0 0 
0 0 0 0 0 0 0 0 0 0 0 0 98 0 0 0 0 
0 0 0 0 0 0 0 0 0 0 0 0 0 25 0 0 0 
0 0 0 0 0 0 0 62 0 0 0 0 0 0 0 0 0 
0 0 0 0 0 0 0 0 59 0 0 0 0 0 0 0 0 
80 0 0 0 0 0 0 0 0 0 0 0 0 0 0 0 0 
0 35 0 0 0 0 0 0 0 0 0 0 0 0 0 0 0 
0 0 0 0 0 0 0 0 0 11 0 0 0 0 0 0 0 
0 0 0 0 0 0 0 0 0 0 63 0 0 0 0 0 0 
8    5    1225    0.8
0 0 0 0 0 34 0 0 0 0 0 0 0 0 0 0 0 
0 0 0 0 0 0 85 0 0 0 0 0 0 0 0 0 0 
0 0 0 0 0 0 0 0 0 0 0 44 0 0 0 0 0 
0 0 0 0 0 0 0 0 0 0 0 0 81 0 0 0 0 
44 0 0 0 0 0 0 0 0 0 0 0 0 0 0 0 0 
0 30 0 0 0 0 0 0 0 0 0 0 0 0 0 0 0 
0 0 0 0 0 0 0 0 0 97 0 0 0 0 0 0 0 
0 0 0 0 0 0 0 0 0 0 39 0 0 0 0 0 0 
7    2    854    0.3
11 0 0 0 0 0 0 0 0 0 0 0 0 0 0 0 0 
0 46 0 0 0 0 0 0 0 0 0 0 0 0 0 0 0 
0 0 0 0 0 0 0 28 0 0 0 0 0 0 0 0 0 
0 0 0 0 0 0 0 0 25 0 0 0 0 0 0 0 0 
0 0 0 0 0 0 0 0 0 0 0 94 0 0 0 0 0 
0 0 0 0 0 0 0 0 0 0 0 0 71 0 0 0 0 
0 0 0 0 0 0 0 0 0 0 0 0 0 0 69 0 0 
16    2    4088    0.7
0 0 0 98 0 0 0 0 0 0 0 0 0 0 0 0 0 
0 0 0 0 25 0 0 0 0 0 0 0 0 0 0 0 0 
0 0 0 0 0 0 0 0 0 0 0 65 0 0 0 0 0 
0 0 0 0 0 0 0 0 0 0 0 0 55 0 0 0 0 
0 0 0 0 0 0 0 0 0 0 0 0 0 63 0 0 0 
0 0 0 0 0 93 0 0 0 0 0 0 0 0 0 0 0 
0 0 0 0 0 0 75 0 0 0 0 0 0 0 0 0 0 
94 0 0 0 0 0 0 0 0 0 0 0 0 0 0 0 0 
0 91 0 0 0 0 0 0 0 0 0 0 0 0 0 0 0 
0 0 0 0 0 0 0 47 0 0 0 0 0 0 0 0 0 
0 0 0 0 0 0 0 0 14 0 0 0 0 0 0 0 0 
0 0 0 0 0 0 0 0 0 0 0 0 0 0 31 0 0 
0 0 0 0 0 0 0 0 0 0 0 0 0 0 0 23 0 
0 0 0 0 0 0 0 0 0 0 0 0 0 0 0 0 28 
0 0 0 0 0 0 0 0 0 6 0 0 0 0 0 0 0 
0 0 0 0 0 0 0 0 0 0 89 0 0 0 0 0 0 
12    6    2042    0.9
74 0 0 0 0 0 0 0 0 0 0 0 0 0 0 0 0 
0 36 0 0 0 0 0 0 0 0 0 0 0 0 0 0 0 
0 0 0 0 0 0 0 0 0 36 0 0 0 0 0 0 0 
0 0 0 0 0 0 0 0 0 0 88 0 0 0 0 0 0 
0 0 0 0 0 0 0 32 0 0 0 0 0 0 0 0 0 
0 0 0 0 0 0 0 0 60 0 0 0 0 0 0 0 0 
0 0 0 0 0 0 0 0 0 0 0 0 0 0 19 0 0 
0 0 0 0 0 0 0 0 0 0 0 8 0 0 0 0 0 
0 0 0 0 0 0 0 0 0 0 0 0 36 0 0 0 0 
0 0 0 0 0 0 0 0 0 0 0 0 0 49 0 0 0 
0 0 0 32 0 0 0 0 0 0 0 0 0 0 0 0 0 
0 0 0 0 37 0 0 0 0 0 0 0 0 0 0 0 0 
11    1    2584    0.7
0 0 0 0 0 0 0 0 0 99 0 0 0 0 0 0 0 
0 0 0 0 0 0 0 0 0 0 78 0 0 0 0 0 0 
75 0 0 0 0 0 0 0 0 0 0 0 0 0 0 0 0 
0 48 0 0 0 0 0 0 0 0 0 0 0 0 0 0 0 
0 0 42 0 0 0 0 0 0 0 0 0 0 0 0 0 0 
0 0 0 0 0 0 0 0 68 0 0 0 0 0 0 0 0 
0 0 0 0 0 0 0 0 0 0 0 0 0 0 14 0 0 
0 0 0 0 85 0 0 0 0 0 0 0 0 0 0 0 0 
0 0 0 0 0 0 0 0 0 0 0 60 0 0 0 0 0 
0 0 0 0 0 0 0 0 0 0 0 0 10 0 0 0 0 
0 0 0 0 0 0 0 0 0 0 0 0 0 25 0 0 0 
16    6    3507    0.7
0 0 0 0 48 0 0 0 0 0 0 0 0 0 0 0 0 
0 0 0 0 0 0 0 0 0 66 0 0 0 0 0 0 0 
0 0 0 0 0 0 0 0 0 0 64 0 0 0 0 0 0 
0 0 0 0 0 29 0 0 0 0 0 0 0 0 0 0 0 
0 0 0 0 0 0 63 0 0 0 0 0 0 0 0 0 0 
0 0 0 0 0 0 0 0 0 0 0 82 0 0 0 0 0 
0 0 0 0 0 0 0 0 0 0 0 0 78 0 0 0 0 
0 0 0 0 0 0 0 0 0 0 0 0 0 64 0 0 0 
71 0 0 0 0 0 0 0 0 0 0 0 0 0 0 0 0 
0 100 0 0 0 0 0 0 0 0 0 0 0 0 0 0 0 
0 0 24 0 0 0 0 0 0 0 0 0 0 0 0 0 0 
0 0 0 0 0 0 0 2 0 0 0 0 0 0 0 0 0 
0 0 0 0 0 0 0 0 100 0 0 0 0 0 0 0 0 
0 0 0 0 0 0 0 0 0 0 0 0 0 0 32 0 0 
0 0 0 0 0 0 0 0 0 0 0 0 0 0 0 2 0 
0 0 0 0 0 0 0 0 0 0 0 0 0 0 0 0 97 
11    6    1789    0.1
0 0 0 0 0 0 0 0 0 0 0 50 0 0 0 0 0 
0 0 0 0 0 0 0 0 0 0 0 0 24 0 0 0 0 
0 0 0 0 0 0 0 0 0 0 0 0 0 21 0 0 0 
0 0 0 0 0 0 0 0 33 0 0 0 0 0 0 0 0 
0 0 0 0 0 0 0 0 0 0 7 0 0 0 0 0 0 
82 0 0 0 0 0 0 0 0 0 0 0 0 0 0 0 0 
0 8 0 0 0 0 0 0 0 0 0 0 0 0 0 0 0 
0 0 0 0 91 0 0 0 0 0 0 0 0 0 0 0 0 
0 0 0 0 0 0 0 0 0 0 0 0 0 0 28 0 0 
0 0 0 0 0 0 0 0 0 0 0 0 0 0 0 22 0 
0 0 0 0 0 0 63 0 0 0 0 0 0 0 0 0 0 
16    1    3903    0.5
0 0 0 0 0 0 0 0 74 0 0 0 0 0 0 0 0 
0 0 0 0 0 0 0 0 0 0 0 81 0 0 0 0 0 
0 0 0 0 0 0 0 0 0 0 0 0 36 0 0 0 0 
0 0 0 0 0 0 0 0 0 0 0 0 0 22 0 0 0 
0 0 0 0 0 0 0 0 0 99 0 0 0 0 0 0 0 
0 0 0 0 0 0 0 0 0 0 79 0 0 0 0 0 0 
0 0 0 0 0 0 0 0 0 0 0 0 0 0 94 0 0 
0 0 0 0 0 0 0 0 0 0 0 0 0 0 0 21 0 
0 0 0 0 0 0 0 0 0 0 0 0 0 0 0 0 94 
43 0 0 0 0 0 0 0 0 0 0 0 0 0 0 0 0 
0 73 0 0 0 0 0 0 0 0 0 0 0 0 0 0 0 
0 0 10 0 0 0 0 0 0 0 0 0 0 0 0 0 0 
0 0 0 0 0 86 0 0 0 0 0 0 0 0 0 0 0 
0 0 0 0 0 0 42 0 0 0 0 0 0 0 0 0 0 
0 0 0 22 0 0 0 0 0 0 0 0 0 0 0 0 0 
0 0 0 0 92 0 0 0 0 0 0 0 0 0 0 0 0 
10    6    1295    0.4
0 0 0 0 0 0 9 0 0 0 0 0 0 0 0 0 0 
0 0 0 0 0 0 0 0 0 0 0 48 0 0 0 0 0 
0 0 0 0 0 0 0 0 0 0 0 0 12 0 0 0 0 
0 0 0 0 0 0 0 0 0 0 0 0 0 5 0 0 0 
27 0 0 0 0 0 0 0 0 0 0 0 0 0 0 0 0 
0 0 0 0 0 0 0 96 0 0 0 0 0 0 0 0 0 
0 0 0 0 0 0 0 0 22 0 0 0 0 0 0 0 0 
0 0 0 92 0 0 0 0 0 0 0 0 0 0 0 0 0 
0 0 0 0 75 0 0 0 0 0 0 0 0 0 0 0 0 
0 0 0 0 0 0 0 0 0 0 32 0 0 0 0 0 0 
7    6    1250    0.3
0 0 0 0 0 0 0 0 0 0 0 0 0 0 80 0 0 
0 0 0 0 0 0 0 0 0 0 0 0 0 0 0 79 0 
0 0 0 0 0 0 46 0 0 0 0 0 0 0 0 0 0 
0 0 0 0 0 0 0 0 0 0 0 74 0 0 0 0 0 
0 0 0 0 0 0 0 0 0 0 0 0 16 0 0 0 0 
0 0 0 0 0 0 0 0 0 0 0 0 0 73 0 0 0 
71 0 0 0 0 0 0 0 0 0 0 0 0 0 0 0 0 
15    0    2696    0.3
0 0 0 0 0 0 0 0 0 24 0 0 0 0 0 0 0 
0 0 0 0 0 0 0 0 0 0 45 0 0 0 0 0 0 
0 0 0 0 0 0 0 0 0 0 0 0 0 0 48 0 0 
0 0 0 0 0 0 0 0 0 0 0 0 0 0 0 100 0 
0 0 0 0 0 0 0 0 0 0 0 0 0 0 0 0 6 
0 0 0 0 0 0 0 8 0 0 0 0 0 0 0 0 0 
0 0 0 0 0 0 0 0 80 0 0 0 0 0 0 0 0 
0 0 0 0 0 50 0 0 0 0 0 0 0 0 0 0 0 
0 0 0 0 0 0 40 0 0 0 0 0 0 0 0 0 0 
34 0 0 0 0 0 0 0 0 0 0 0 0 0 0 0 0 
0 0 0 4 0 0 0 0 0 0 0 0 0 0 0 0 0 
0 0 0 0 79 0 0 0 0 0 0 0 0 0 0 0 0 
0 0 0 0 0 0 0 0 0 0 0 44 0 0 0 0 0 
0 0 0 0 0 0 0 0 0 0 0 0 41 0 0 0 0 
0 0 0 0 0 0 0 0 0 0 0 0 0 72 0 0 0 
6    0    483    0.1
28 0 0 0 0 0 0 0 0 0 0 0 0 0 0 0 0 
0 46 0 0 0 0 0 0 0 0 0 0 0 0 0 0 0 
0 0 0 62 0 0 0 0 0 0 0 0 0 0 0 0 0 
0 0 0 0 16 0 0 0 0 0 0 0 0 0 0 0 0 
0 0 0 0 0 0 0 0 0 0 0 0 0 0 27 0 0 
0 0 0 0 0 0 0 0 0 0 0 0 0 0 0 10 0 
12    4    2302    0.4
0 0 0 0 0 0 0 0 0 0 0 57 0 0 0 0 0 
0 0 0 0 0 0 0 0 0 0 0 0 0 0 81 0 0 
0 0 0 0 0 0 0 0 0 0 0 0 0 0 0 63 0 
0 0 0 0 0 0 0 0 0 0 0 0 0 0 0 0 3 
0 0 0 0 0 0 39 0 0 0 0 0 0 0 0 0 0 
80 0 0 0 0 0 0 0 0 0 0 0 0 0 0 0 0 
0 50 0 0 0 0 0 0 0 0 0 0 0 0 0 0 0 
0 0 0 0 0 0 0 0 0 11 0 0 0 0 0 0 0 
0 0 0 0 0 0 0 0 0 0 57 0 0 0 0 0 0 
0 0 0 0 9 0 0 0 0 0 0 0 0 0 0 0 0 
0 0 0 0 0 0 0 5 0 0 0 0 0 0 0 0 0 
0 0 0 0 0 0 0 0 10 0 0 0 0 0 0 0 0 
13    3    2181    0.7
0 0 0 0 0 0 0 79 0 0 0 0 0 0 0 0 0 
0 0 0 0 0 0 0 0 53 0 0 0 0 0 0 0 0 
0 0 0 0 0 31 0 0 0 0 0 0 0 0 0 0 0 
0 0 0 0 0 0 64 0 0 0 0 0 0 0 0 0 0 
20 0 0 0 0 0 0 0 0 0 0 0 0 0 0 0 0 
0 50 0 0 0 0 0 0 0 0 0 0 0 0 0 0 0 
0 0 57 0 0 0 0 0 0 0 0 0 0 0 0 0 0 
0 0 0 0 0 0 0 0 0 0 0 27 0 0 0 0 0 
0 0 0 0 0 0 0 0 0 0 0 0 12 0 0 0 0 
0 0 0 0 0 0 0 0 0 0 26 0 0 0 0 0 0 
0 0 0 0 0 0 0 0 0 0 0 0 0 0 88 0 0 
0 0 0 0 0 0 0 0 0 0 0 0 0 0 0 68 0 
0 0 0 0 0 0 0 0 0 0 0 0 0 0 0 0 19 
11    1    1751    0.2
0 0 0 0 0 19 0 0 0 0 0 0 0 0 0 0 0 
0 0 0 0 0 0 27 0 0 0 0 0 0 0 0 0 0 
0 0 0 0 0 0 0 0 0 0 0 0 0 0 34 0 0 
0 0 0 0 0 0 0 0 0 0 0 0 0 0 0 66 0 
0 0 0 0 0 0 0 0 0 0 0 0 0 0 0 0 97 
0 0 0 0 0 0 0 0 0 0 32 0 0 0 0 0 0 
0 0 0 0 0 0 0 0 0 0 0 16 0 0 0 0 0 
11 0 0 0 0 0 0 0 0 0 0 0 0 0 0 0 0 
0 48 0 0 0 0 0 0 0 0 0 0 0 0 0 0 0 
0 0 57 0 0 0 0 0 0 0 0 0 0 0 0 0 0 
0 0 0 0 0 0 0 0 3 0 0 0 0 0 0 0 0 
6    1    568    0.8
0 0 0 0 0 0 0 0 52 0 0 0 0 0 0 0 0 
35 0 0 0 0 0 0 0 0 0 0 0 0 0 0 0 0 
0 60 0 0 0 0 0 0 0 0 0 0 0 0 0 0 0 
0 0 0 0 0 0 0 0 0 0 0 44 0 0 0 0 0 
0 0 0 0 0 0 0 0 0 0 0 0 10 0 0 0 0 
0 0 0 0 0 0 0 0 0 0 0 0 0 96 0 0 0 
5    3    475    0.7
22 0 0 0 0 0 0 0 0 0 0 0 0 0 0 0 0 
0 0 0 0 0 0 0 0 0 0 0 0 0 0 50 0 0 
0 0 0 0 0 0 0 0 0 0 0 0 0 0 0 47 0 
0 0 0 0 0 0 0 0 0 0 0 0 0 0 0 0 60 
0 0 0 0 0 0 0 0 0 0 46 0 0 0 0 0 0 
13    6    2138    0.4
0 0 0 0 0 0 0 0 0 64 0 0 0 0 0 0 0 
0 0 0 0 0 0 0 0 0 0 20 0 0 0 0 0 0 
0 0 0 0 0 0 0 47 0 0 0 0 0 0 0 0 0 
0 0 0 0 0 0 0 0 36 0 0 0 0 0 0 0 0 
0 0 0 0 0 0 20 0 0 0 0 0 0 0 0 0 0 
0 0 0 0 0 0 0 0 0 0 0 78 0 0 0 0 0 
0 0 0 0 0 0 0 0 0 0 0 0 24 0 0 0 0 
0 0 0 0 10 0 0 0 0 0 0 0 0 0 0 0 0 
0 0 0 0 0 0 0 0 0 0 0 0 0 0 60 0 0 
0 0 0 0 0 0 0 0 0 0 0 0 0 0 0 65 0 
0 0 0 0 0 0 0 0 0 0 0 0 0 0 0 0 52 
49 0 0 0 0 0 0 0 0 0 0 0 0 0 0 0 0 
0 38 0 0 0 0 0 0 0 0 0 0 0 0 0 0 0 
11    6    1913    0.6
0 0 0 0 0 0 0 0 0 0 0 78 0 0 0 0 0 
0 0 0 0 0 0 0 0 0 0 0 0 82 0 0 0 0 
0 0 0 0 0 0 0 0 0 0 0 0 0 14 0 0 0 
0 0 0 0 0 0 0 0 0 0 0 0 0 0 38 0 0 
0 0 0 0 0 0 0 0 0 0 0 0 0 0 0 6 0 
0 0 0 0 0 0 0 0 0 78 0 0 0 0 0 0 0 
0 0 0 0 0 0 0 0 0 0 42 0 0 0 0 0 0 
88 0 0 0 0 0 0 0 0 0 0 0 0 0 0 0 0 
0 50 0 0 0 0 0 0 0 0 0 0 0 0 0 0 0 
0 0 63 0 0 0 0 0 0 0 0 0 0 0 0 0 0 
0 0 0 0 13 0 0 0 0 0 0 0 0 0 0 0 0 
16    2    3121    0.9
0 0 0 0 0 0 0 75 0 0 0 0 0 0 0 0 0 
0 0 0 0 0 0 0 0 95 0 0 0 0 0 0 0 0 
19 0 0 0 0 0 0 0 0 0 0 0 0 0 0 0 0 
0 45 0 0 0 0 0 0 0 0 0 0 0 0 0 0 0 
0 0 88 0 0 0 0 0 0 0 0 0 0 0 0 0 0 
0 0 0 25 0 0 0 0 0 0 0 0 0 0 0 0 0 
0 0 0 0 53 0 0 0 0 0 0 0 0 0 0 0 0 
0 0 0 0 0 29 0 0 0 0 0 0 0 0 0 0 0 
0 0 0 0 0 0 2 0 0 0 0 0 0 0 0 0 0 
0 0 0 0 0 0 0 0 0 0 0 55 0 0 0 0 0 
0 0 0 0 0 0 0 0 0 0 0 0 28 0 0 0 0 
0 0 0 0 0 0 0 0 0 0 0 0 0 7 0 0 0 
0 0 0 0 0 0 0 0 0 0 0 0 0 0 10 0 0 
0 0 0 0 0 0 0 0 0 0 0 0 0 0 0 17 0 
0 0 0 0 0 0 0 0 0 23 0 0 0 0 0 0 0 
0 0 0 0 0 0 0 0 0 0 74 0 0 0 0 0 0 
