0:	8349.699999999999	4,11,15,11,:	8,2,
1:	8426.500000000002	4,12,15,18,:	6,6,
2:	8231.599999999999	4,12,19,11,:	7,1,
3:	8641.8	5,12,15,11,:	0,3,
4:	10393.9	11,12,15,14,:	0,6,
5:	8587.800000000001	11,12,1,11,:	8,2,
6:	8224.7	11,12,18,11,:	0,6,
7:	8475.699999999999	2,12,19,11,:	7,5,
8:	8206.0	11,12,15,11,:	0,6,
9:	8637.9	4,6,15,11,:	0,2,
10:	8435.0	11,11,15,5,:	6,1,
11:	8209.4	11,11,15,11,:	1,6,
12:	8204.6	11,12,19,11,:	1,4,
13:	8415.000000000002	11,11,15,17,:	1,6,
14:	8206.0	11,12,15,11,:	7,3,
15:	8303.199999999999	7,12,19,11,:	7,2,
16:	8206.0	11,12,15,11,:	0,0,
17:	8184.2	4,12,15,11,:	6,6,
18:	8369.599999999999	11,12,7,11,:	6,6,
19:	8204.6	11,12,19,11,:	0,2,
20:	9239.000000000002	11,12,0,11,:	0,8,
21:	8206.0	11,12,15,11,:	0,6,
22:	9050.0	11,12,19,6,:	6,6,
23:	8415.000000000002	11,12,15,17,:	6,6,
24:	8206.0	11,12,15,11,:	1,6,
25:	8394.400000000001	11,11,8,11,:	6,1,
26:	8184.2	4,12,15,11,:	6,6,
27:	8293.600000000002	11,12,15,15,:	8,6,
28:	8658.4	10,11,15,11,:	6,5,
29:	8184.2	4,12,15,11,:	0,6,
30:	8394.400000000001	11,12,8,11,:	0,1,
31:	8383.2	4,15,15,11,:	1,6,
32:	8414.8	16,11,15,11,:	6,1,
33:	8204.6	11,12,19,11,:	0,6,
34:	8445.5	6,12,19,11,:	6,1,
35:	10656.4	9,12,15,11,:	8,6,
36:	8204.6	11,12,19,11,:	1,6,
37:	8288.9	11,12,11,11,:	7,1,
38:	10577.5	11,11,15,14,:	0,1,
39:	9003.0	4,3,15,11,:	1,1,
40:	8204.6	11,12,19,11,:	5,3,
41:	8204.6	11,12,19,11,:	1,6,
42:	8204.6	11,12,19,11,:	1,3,
43:	8835.800000000001	11,12,10,11,:	6,1,
44:	8489.1	4,5,15,11,:	0,3,
45:	8238.1	19,12,19,11,:	0,6,
46:	8287.699999999999	12,11,15,11,:	1,2,
47:	8206.0	11,12,15,11,:	6,2,
