machine1:0,6,21,11,15,25,28,26,9,18,29,12,24,22,4,1,23,14,2,7,13,17,5,20,19,8,30,3,10,27,16,
machine2:0,6,21,15,26,24,22,1,14,2,13,16,
machine3:0,6,21,11,15,28,26,9,29,24,22,4,1,23,14,2,7,13,5,10,16,
machine4:0,6,21,11,15,25,28,26,9,29,24,22,4,1,23,14,2,7,13,5,20,30,10,16,
machine5:0,6,21,11,15,28,26,9,29,24,22,1,23,14,2,7,13,5,16,
machine6:0,6,21,15,25,28,26,9,18,12,24,22,4,1,23,14,2,7,13,5,20,19,8,30,3,10,27,16,
machine7:0,6,15,9,18,12,23,14,27,
machine8:0,6,15,25,28,26,9,18,12,24,22,4,1,23,14,2,20,10,27,16,
machine9:0,6,15,25,28,26,9,18,12,24,22,4,1,23,14,2,20,3,10,27,16,
machine10:0,6,15,25,26,9,18,12,24,22,1,23,14,2,20,27,16,
machine11:0,6,11,15,25,28,26,9,18,29,12,24,22,4,1,23,14,2,7,13,17,5,20,19,8,30,10,27,16,
machine12:0,9,29,1,2,5,16,
machine13:0,6,11,25,28,26,9,29,1,2,13,5,20,27,16,
machine14:0,6,11,25,28,26,9,18,29,12,22,1,14,2,13,5,20,19,30,27,16,
machine15:0,6,28,9,29,1,2,13,5,20,27,16,
machine16:0,6,15,25,28,26,9,18,29,12,24,22,4,1,23,14,2,7,17,5,19,8,3,10,27,16,
machine17:0,1,23,8,
machine18:0,6,15,25,28,26,9,18,29,12,24,4,1,23,2,17,8,
machine19:0,6,15,25,28,26,9,18,29,12,24,4,1,23,2,7,17,5,8,3,10,16,
machine20:0,6,15,25,28,9,12,4,1,23,8,

1to 1:
1to 2:10,16,19,20,30,
1to 3:1,5,8,12,17,23,24,27,18,13,
1to 4:9,15,22,
2to 1:6,8,5,21,23,25,28,
2to 2:
2to 3:16,15,7,14,20,26,
2to 4:2,1,19,3,4,27,10,
3to 1:29,7,14,30,19,11,
3to 2:1,12,22,13,9,27,4,2,25,
3to 3:
3to 4:28,23,26,5,16,18,24,6,
4to 1:3,17,26,12,4,2,
4to 2:7,18,8,14,24,15,28,6,
4to 3:29,22,10,25,9,
4to 4:

cell1:4,2,3,
cell2:3,1,4,
cell3:4,2,1,
cell4:1,2,3,
