machine1:0,87,37,79,64,83,5,21,115,59,123,99,93,11,108,91,22,128,43,55,71,25,129,85,69,46,16,111,113,75,105,90,49,74,109,32,70,101,66,44,9,107,47,76,23,58,33,95,132,34,40,15,78,80,35,72,17,138,53,97,62,88,48,60,7,118,19,38,57,133,77,131,119,52,86,140,12,89,106,124,130,45,68,42,8,41,4,96,125,50,
machine2:0,36,87,81,73,121,65,37,61,126,79,94,10,64,84,98,137,122,83,5,136,82,21,115,59,2,14,123,99,103,139,93,28,11,1,27,116,54,100,13,108,120,91,22,128,29,43,26,55,71,25,134,24,18,104,129,135,67,85,6,56,51,69,110,46,16,111,113,75,117,105,90,49,74,114,109,32,70,39,101,66,3,44,127,63,102,9,107,30,47,76,23,58,31,112,33,95,20,132,34,40,15,78,92,80,35,72,17,138,53,97,62,88,48,60,7,118,19,38,57,133,77,131,119,52,86,140,12,89,106,124,130,45,68,42,8,41,4,96,125,50,
machine3:0,36,87,81,65,37,61,126,79,94,84,98,122,5,59,2,99,93,28,13,120,128,29,43,55,134,24,67,85,6,51,110,46,117,90,49,39,101,3,44,9,107,30,47,76,58,112,95,20,40,15,72,17,138,62,7,19,38,77,86,12,89,68,41,50,
machine4:0,36,87,81,121,65,37,61,126,79,94,64,84,98,122,83,5,136,82,21,115,59,2,99,139,93,28,1,54,13,108,120,91,22,128,29,43,55,71,25,134,24,18,67,85,6,56,51,69,110,46,16,117,105,90,49,74,109,39,101,66,3,44,102,9,107,30,47,76,58,31,112,33,95,20,34,40,15,92,80,72,17,138,97,62,88,48,60,7,19,38,57,133,77,86,140,12,89,106,68,42,41,4,96,50,
machine5:0,36,87,81,73,121,65,37,126,79,94,10,64,84,98,137,5,136,21,115,59,2,123,103,93,28,11,1,27,116,54,100,13,108,120,22,128,29,55,71,25,134,24,104,135,67,85,6,56,51,69,110,46,111,113,75,117,90,49,74,114,109,32,70,39,101,3,44,127,9,107,30,47,76,23,58,31,112,95,20,132,34,40,15,78,92,80,35,72,17,53,97,62,88,48,60,7,19,38,57,133,77,131,119,52,86,140,12,89,106,124,130,45,68,42,8,41,4,96,125,50,
machine6:0,36,87,81,73,121,65,37,126,79,10,64,84,98,137,5,136,21,115,59,2,123,93,28,11,1,27,54,100,108,120,128,29,55,71,25,134,104,67,85,6,56,51,110,46,111,75,117,49,74,109,39,101,3,44,9,107,47,76,23,58,31,112,95,20,132,34,40,92,80,72,17,97,62,88,48,60,7,19,38,57,133,77,119,52,86,140,12,89,124,130,45,42,8,41,4,96,125,
machine7:0,81,121,65,37,10,64,84,137,93,1,27,108,128,55,71,25,134,104,85,56,51,110,46,117,74,109,39,101,3,44,107,76,58,112,20,132,34,40,92,62,88,19,57,133,77,140,12,130,45,42,8,4,125,
machine8:0,36,87,81,73,121,65,37,79,94,64,84,98,83,5,136,82,21,115,59,2,14,99,103,139,28,11,27,116,54,100,13,108,120,91,22,128,29,43,26,55,71,25,134,24,18,104,129,135,67,85,6,56,51,69,110,16,111,75,117,90,49,74,114,109,32,39,101,3,44,127,63,102,9,107,30,47,76,58,31,112,95,20,132,34,40,78,80,72,17,138,53,97,62,88,48,60,7,118,19,38,57,77,131,119,52,86,140,12,89,106,124,130,45,68,42,41,4,96,50,
machine9:0,36,87,81,73,121,65,37,79,94,21,115,59,14,99,139,28,116,54,100,108,120,128,29,43,26,25,134,24,104,129,67,85,6,56,51,69,110,16,111,75,117,90,49,74,114,109,32,39,101,3,44,127,63,102,9,107,30,47,76,58,31,112,95,20,34,40,78,80,72,17,138,53,97,88,48,60,7,118,19,38,57,77,131,52,86,140,12,89,45,68,42,41,4,50,
machine10:0,73,37,79,94,115,14,99,28,116,100,128,29,43,26,25,24,67,85,6,56,51,111,49,109,32,101,3,44,127,63,107,30,47,76,31,112,95,20,34,78,72,17,53,48,60,7,118,19,57,131,52,86,12,68,42,
machine11:0,36,73,65,126,79,10,84,115,2,123,99,103,139,93,54,100,120,91,43,55,71,25,24,18,104,129,135,67,6,56,51,110,46,16,111,49,109,39,66,3,44,102,9,23,58,112,95,20,132,34,40,72,17,138,62,7,19,38,57,77,131,52,86,140,89,124,45,68,42,8,4,96,
machine12:0,36,87,81,73,121,65,61,126,79,10,84,137,83,136,82,115,2,123,99,103,139,93,11,1,27,54,100,13,108,120,91,22,128,43,26,55,71,25,24,18,104,129,135,67,6,56,51,110,46,16,111,75,49,114,109,70,39,101,66,3,44,63,102,9,30,47,76,23,58,31,112,33,95,20,132,34,40,15,78,92,35,72,17,138,53,62,88,60,7,19,38,57,133,77,131,119,52,86,140,12,89,124,130,45,68,42,8,4,96,125,50,
machine13:0,36,121,37,79,94,64,122,21,123,93,11,1,27,100,120,128,43,26,55,71,134,24,18,67,85,56,51,46,16,111,113,105,49,109,70,39,101,9,47,76,58,112,33,95,20,34,40,78,35,72,97,88,48,60,7,38,77,52,86,140,12,89,106,130,42,41,4,96,125,
machine14:0,36,87,73,121,37,61,79,94,10,64,84,98,122,83,5,136,82,21,2,14,123,139,93,28,11,1,27,100,108,120,128,29,43,26,55,71,134,24,18,104,129,135,67,85,6,56,51,69,110,46,16,111,113,105,49,74,114,109,70,39,101,102,9,47,76,23,58,112,33,95,20,132,34,40,15,78,35,72,97,62,88,48,60,7,118,38,57,77,131,52,86,140,12,89,106,124,130,45,68,42,8,41,4,96,125,

1to 1:
1to 2:47,60,112,38,88,81,13,90,66,82,102,22,43,15,31,126,105,86,133,48,
1to 3:72,131,1,71,24,19,101,115,10,25,117,59,84,107,32,97,98,132,41,21,3,113,123,37,6,104,
1to 4:140,58,12,111,109,16,128,53,80,78,110,116,45,27,42,18,26,49,89,51,65,124,69,134,64,75,54,
1to 5:77,62,95,44,55,39,57,93,56,11,87,36,99,9,79,135,46,70,2,91,83,40,73,50,137,
1to 6:20,106,5,139,68,29,108,100,94,125,122,118,67,129,85,121,74,61,
2to 1:61,80,98,33,97,92,138,139,107,55,64,71,3,85,40,39,77,
2to 2:
2to 3:29,54,22,28,47,7,36,30,69,60,109,95,62,128,79,
2to 4:81,91,102,117,87,59,106,31,2,44,108,56,112,101,
2to 5:126,82,13,15,17,96,65,24,25,72,120,19,136,121,4,88,38,140,68,
2to 6:1,16,18,57,41,37,76,34,42,58,86,51,49,
3to 1:2,8,12,17,30,36,44,45,46,51,75,76,86,93,100,108,125,128,140,34,133,50,13,87,112,5,54,116,28,
3to 2:4,9,21,37,42,58,59,68,77,85,106,110,121,40,56,94,
3to 3:
3to 4:6,7,24,38,48,52,57,60,73,74,95,96,104,127,130,136,120,90,107,119,
3to 5:20,22,49,67,71,101,115,114,1,10,92,81,35,23,103,
3to 6:47,62,64,69,72,78,84,88,89,109,111,132,134,55,135,113,27,
4to 1:14,118,119,103,90,32,114,129,127,117,83,22,106,94,57,25,41,47,7,37,95,115,38,56,68,101,79,
4to 2:29,99,97,17,5,28,84,6,74,72,120,19,76,69,89,109,134,3,12,51,49,
4to 3:135,80,53,50,124,65,11,64,67,4,58,111,39,9,20,
4to 4:
4to 5:63,54,102,138,139,27,16,75,31,78,30,34,42,110,52,108,86,128,
4to 6:26,98,45,21,96,130,104,2,43,131,73,136,48,40,112,
5to 1:19,52,58,20,104,132,131,53,66,96,123,26,35,72,89,81,65,120,24,109,63,23,136,
5to 2:67,50,33,44,92,138,46,18,91,115,30,2,
5to 3:137,119,8,27,100,70,12,51,31,86,112,126,133,34,55,73,130,17,
5to 4:13,68,88,40,129,103,43,25,47,99,121,84,62,3,11,76,
5to 5:
5to 6:102,7,79,39,15,124,140,9,4,101,82,110,60,93,6,87,36,71,77,38,114,83,
6to 1:105,10,135,1,70,124,21,130,16,18,11,6,43,78,48,60,4,42,134,88,62,
6to 2:122,98,83,87,96,24,93,7,136,95,108,128,79,20,
6to 3:23,35,15,94,57,46,74,120,76,121,110,52,56,140,49,
6to 4:14,82,29,114,97,139,5,28,100,55,132,41,71,36,67,34,85,39,77,9,
6to 5:61,123,33,125,45,8,84,131,89,12,111,
6to 6:

cell1:5,2,4,6,3,
cell2:1,4,5,3,6,
cell3:2,4,6,1,5,
cell4:1,6,5,2,3,
cell5:6,2,3,4,1,
cell6:5,1,4,3,2,
