machine1:0,80,123,64,129,25,75,111,113,99,16,70,90,132,107,23,55,33,69,11,83,34,78,95,91,76,71,59,60,47,35,53,87,115,15,85,37,74,108,49,22,5,21,101,44,72,19,79,128,77,7,48,38,105,57,43,133,138,118,93,131,62,140,86,109,119,9,124,66,32,46,97,52,68,40,88,130,45,17,58,89,106,42,12,8,4,41,96,125,50,
machine2:0,36,29,13,73,65,80,123,14,64,103,139,100,116,137,54,135,126,26,24,120,82,129,25,75,104,111,113,81,98,84,114,99,10,18,16,70,56,90,134,63,127,132,107,30,23,55,33,28,69,11,61,121,83,34,78,95,51,91,122,76,71,59,60,92,47,35,53,87,115,39,110,15,85,6,37,74,108,102,1,49,2,22,5,21,101,44,72,19,79,128,77,7,94,48,136,38,105,57,43,133,31,138,118,93,131,27,62,140,86,109,119,9,124,66,117,32,46,3,97,52,67,68,40,88,112,20,130,45,17,58,89,106,42,12,8,4,41,96,125,50,
machine3:0,36,29,13,65,126,24,120,81,98,84,99,90,134,107,30,55,28,61,95,51,122,76,59,47,87,39,110,15,85,6,37,49,2,5,101,44,72,19,79,128,77,7,94,38,43,138,93,62,86,9,117,46,3,67,68,40,112,20,17,58,89,12,41,50,
machine4:0,36,29,13,65,80,64,139,54,126,24,120,82,25,81,98,84,99,18,16,56,90,134,107,30,55,33,28,69,61,121,83,34,95,51,91,122,76,71,59,60,92,47,87,115,39,110,15,85,6,37,74,108,102,1,49,2,22,5,21,101,44,72,19,79,128,77,7,94,48,136,38,105,57,43,133,31,138,93,62,140,86,109,9,66,117,46,3,97,67,68,40,88,112,20,17,58,89,106,42,12,4,41,96,50,
machine5:0,36,29,13,73,65,80,123,64,103,100,116,137,54,135,126,24,120,25,75,104,111,113,81,98,84,114,10,70,56,90,134,127,132,107,30,23,55,28,69,11,121,34,78,95,51,76,71,59,60,92,47,35,53,87,115,39,110,15,85,6,37,74,108,1,49,2,22,5,21,101,44,72,19,79,128,77,7,94,48,136,38,57,133,31,93,131,27,62,140,86,109,119,9,124,117,32,46,3,97,52,67,68,40,88,112,20,130,45,17,58,89,106,42,12,8,4,41,96,125,50,
machine6:0,36,29,73,65,80,123,64,100,137,54,126,120,25,75,104,111,81,98,84,10,56,134,132,107,23,55,28,11,121,34,95,51,76,71,59,60,92,47,87,115,39,110,85,6,37,74,108,1,49,2,5,21,101,44,72,19,79,128,77,7,48,136,38,57,133,31,93,27,62,140,86,109,119,9,124,117,46,3,97,52,67,40,88,112,20,130,45,17,58,89,42,12,8,4,41,96,125,
machine7:0,65,64,137,25,104,81,84,10,56,134,132,107,55,121,34,51,76,71,92,39,110,85,37,74,108,1,101,44,19,128,77,57,133,93,27,62,140,109,117,46,3,40,88,112,20,130,45,58,42,12,8,4,125,
machine8:0,36,29,13,73,65,80,14,64,103,139,100,116,54,135,26,24,120,82,129,25,75,104,111,81,98,84,114,99,18,16,56,90,134,63,127,132,107,30,55,28,69,11,121,83,34,78,95,51,91,76,71,59,60,47,53,87,115,39,110,85,6,37,74,108,102,49,2,22,5,21,101,44,72,19,79,128,77,7,94,48,136,38,57,43,31,138,118,131,27,62,140,86,109,119,9,124,117,32,3,97,52,67,68,40,88,112,20,130,45,17,58,89,106,42,12,4,41,96,50,
machine9:0,36,29,73,65,80,14,139,100,116,54,26,24,120,129,25,75,104,111,81,114,99,16,56,90,134,63,127,107,30,28,69,121,34,78,95,51,76,59,60,47,53,87,115,39,110,85,6,37,74,108,102,49,21,101,44,72,19,79,128,77,7,94,48,38,57,43,31,138,118,131,140,86,109,9,117,32,3,97,52,67,68,40,88,112,20,45,17,58,89,42,12,4,41,50,
machine10:0,29,73,14,100,116,26,24,25,111,99,56,63,127,107,30,28,34,78,95,51,76,60,47,53,115,85,6,37,49,101,44,72,19,79,128,7,94,48,57,43,31,118,131,86,109,32,3,52,67,68,112,20,17,42,12,
machine11:0,36,73,65,123,103,139,100,54,135,126,24,120,129,25,104,111,84,99,10,18,16,56,132,23,55,34,95,51,91,71,115,39,110,6,102,49,2,44,72,19,79,77,7,38,57,43,138,93,131,62,140,86,109,9,124,66,46,3,52,67,68,40,112,20,45,17,58,89,42,8,4,96,
machine12:0,36,13,73,65,123,103,139,100,137,54,135,126,26,24,120,82,129,25,75,104,111,81,84,114,99,10,18,16,70,56,63,132,30,23,55,33,11,61,121,83,34,78,95,51,91,76,71,60,92,47,35,53,87,115,39,110,15,6,108,102,1,49,2,22,101,44,72,19,79,128,77,7,136,38,57,43,133,31,138,93,131,27,62,140,86,109,119,9,124,66,46,3,52,67,68,40,88,112,20,130,45,17,58,89,42,12,8,4,96,125,50,
machine13:0,36,123,64,100,26,24,120,111,113,18,16,70,56,134,55,33,11,121,34,78,95,51,122,76,71,60,47,35,39,85,37,1,49,21,101,72,79,128,77,7,94,48,38,105,43,93,27,140,86,109,9,46,97,52,67,40,88,112,20,130,58,89,106,42,12,4,41,96,125,
machine14:0,36,29,73,123,14,64,139,100,135,26,24,120,82,129,104,111,113,98,84,114,10,18,16,70,56,134,132,23,55,33,28,69,11,61,121,83,34,78,95,51,122,76,71,60,47,35,87,39,110,15,85,6,37,74,108,102,1,49,2,5,21,101,72,79,128,77,7,94,48,136,38,105,57,43,118,93,131,27,62,140,86,109,9,124,46,97,52,67,68,40,88,112,20,130,45,58,89,106,42,12,8,4,41,96,125,

1to 1:
1to 2:47,60,112,38,88,81,13,90,66,82,102,22,43,15,31,126,105,86,133,48,
1to 3:72,131,1,71,24,19,101,115,10,25,117,59,84,107,32,97,98,132,41,21,3,113,123,37,6,104,
1to 4:140,58,12,111,109,16,128,53,80,78,110,116,45,27,42,18,26,49,89,51,65,124,69,134,64,75,54,
1to 5:77,62,95,44,55,39,57,93,56,11,87,36,99,9,79,135,46,70,2,91,83,40,73,50,137,
1to 6:20,106,5,139,68,29,108,100,94,125,122,118,67,129,85,121,74,61,
2to 1:61,80,98,33,97,92,138,139,107,55,64,71,3,85,40,39,77,
2to 2:
2to 3:29,54,22,28,47,7,36,30,69,60,109,95,62,128,79,
2to 4:81,91,102,117,87,59,106,31,2,44,108,56,112,101,
2to 5:126,82,13,15,17,96,65,24,25,72,120,19,136,121,4,88,38,140,68,
2to 6:1,16,18,57,41,37,76,34,42,58,86,51,49,
3to 1:2,8,12,17,30,36,44,45,46,51,75,76,86,93,100,108,125,128,140,34,133,50,13,87,112,5,54,116,28,
3to 2:4,9,21,37,42,58,59,68,77,85,106,110,121,40,56,94,
3to 3:
3to 4:6,7,24,38,48,52,57,60,73,74,95,96,104,127,130,136,120,90,107,119,
3to 5:20,22,49,67,71,101,115,114,1,10,92,81,35,23,103,
3to 6:47,62,64,69,72,78,84,88,89,109,111,132,134,55,135,113,27,
4to 1:129,94,25,95,22,37,119,90,57,38,41,47,83,118,103,114,7,79,101,106,32,14,115,56,117,127,68,
4to 2:84,17,72,109,134,29,51,76,89,120,69,28,74,49,99,97,5,12,3,19,6,
4to 3:65,11,50,64,111,135,67,39,53,4,124,9,80,58,20,
4to 4:
4to 5:110,34,52,139,128,108,86,102,63,54,31,16,27,30,75,78,42,138,
4to 6:130,45,26,112,96,73,98,2,21,131,48,104,40,43,136,
5to 1:19,52,58,20,104,132,131,53,66,96,123,26,35,72,89,81,65,120,24,109,63,23,136,
5to 2:67,50,33,44,92,138,46,18,91,115,30,2,
5to 3:137,119,8,27,100,70,12,51,31,86,112,126,133,34,55,73,130,17,
5to 4:13,68,88,40,129,103,43,25,47,99,121,84,62,3,11,76,
5to 5:
5to 6:102,7,79,39,15,124,140,9,4,101,82,110,60,93,6,87,36,71,77,38,114,83,
6to 1:105,10,135,1,70,124,21,130,16,18,11,6,43,78,48,60,4,42,134,88,62,
6to 2:122,98,83,87,96,24,93,7,136,95,108,128,79,20,
6to 3:23,35,15,94,57,46,74,120,76,121,110,52,56,140,49,
6to 4:14,82,29,114,97,139,5,28,100,55,132,41,71,36,67,34,85,39,77,9,
6to 5:61,123,33,125,45,8,84,131,89,12,111,
6to 6:

cell1:5,2,4,6,3,
cell2:1,4,5,3,6,
cell3:2,4,6,1,5,
cell4:3,1,2,6,5,
cell5:6,2,3,4,1,
cell6:5,1,4,3,2,
