machine1:0,54,32,1,47,36,20,30,46,39,35,13,6,25,19,10,2,52,8,12,55,17,44,50,21,60,4,49,14,40,58,43,45,28,37,24,53,18,15,56,7,
machine2:0,54,32,38,1,47,22,34,29,36,20,33,30,46,39,41,35,13,48,6,25,19,10,42,23,2,52,8,31,12,55,3,57,17,44,50,21,60,16,9,27,11,4,49,14,40,58,43,5,45,59,28,37,26,24,51,53,18,15,56,7,
machine3:0,32,38,22,34,29,36,33,30,46,39,41,13,48,6,19,10,42,23,8,31,12,55,3,57,17,21,16,9,27,11,4,14,40,58,43,5,45,59,28,26,24,51,7,
machine4:0,54,32,38,1,47,22,34,29,36,20,33,30,46,39,41,35,13,48,6,25,19,10,42,23,2,52,8,31,12,55,3,57,17,44,50,21,60,16,9,27,11,4,49,14,40,58,43,5,45,59,28,37,26,24,51,53,18,15,56,7,
machine5:0,54,38,1,47,22,34,29,20,33,41,35,48,25,42,23,2,52,31,3,57,44,50,60,16,9,27,11,49,5,59,37,26,51,53,18,15,56,
machine6:0,54,32,38,1,47,22,34,29,36,20,33,30,46,39,41,35,13,48,6,25,19,10,42,23,2,52,8,31,12,55,3,57,17,44,50,21,60,16,9,27,11,4,49,14,40,58,43,5,45,59,28,37,26,24,51,53,18,15,56,7,

1to 1:
1to 2:33,32,55,23,34,9,29,30,6,22,48,47,46,4,13,36,58,42,
1to 3:20,1,57,41,11,38,19,39,49,59,2,5,25,35,50,17,45,12,60,
2to 1:2,3,8,10,14,17,24,26,28,35,45,52,59,21,5,27,51,40,44,1,54,15,20,
2to 2:
2to 3:16,18,31,43,53,48,7,4,47,36,29,9,33,42,34,46,23,6,32,56,37,
3to 1:37,56,55,30,22,43,18,53,31,13,58,7,16,
3to 2:27,57,21,41,11,38,19,39,54,44,14,15,49,8,10,25,40,51,50,28,12,3,26,24,52,60,
3to 3:

cell1:2,3,
cell2:1,3,
cell3:1,2,
