machine1:0,54,32,1,47,36,20,39,46,6,35,25,30,19,10,2,13,52,8,12,17,44,55,50,21,60,58,49,14,40,43,4,45,28,37,24,53,18,56,15,7,
machine2:0,54,32,29,1,47,34,36,33,22,20,38,39,46,6,41,35,25,23,30,19,42,10,48,2,13,52,8,31,12,57,17,44,55,3,50,21,60,16,58,27,49,14,11,40,43,4,45,5,59,9,28,37,26,24,51,53,18,56,15,7,
machine3:0,32,29,34,36,33,22,38,39,46,6,41,23,30,19,42,10,48,13,8,31,12,57,17,55,3,21,16,58,27,14,11,40,43,4,45,5,59,9,28,26,24,51,7,
machine4:0,54,32,29,1,47,34,36,33,22,20,38,39,46,6,41,35,25,23,30,19,42,10,48,2,13,52,8,31,12,57,17,44,55,3,50,21,60,16,58,27,49,14,11,40,43,4,45,5,59,9,28,37,26,24,51,53,18,56,15,7,
machine5:0,54,29,1,47,34,33,22,20,38,41,35,25,23,42,48,2,52,31,57,44,3,50,60,16,27,49,11,5,59,9,37,26,51,53,18,56,15,
machine6:0,54,32,29,1,47,34,36,33,22,20,38,39,46,6,41,35,25,23,30,19,42,10,48,2,13,52,8,31,12,57,17,44,55,3,50,21,60,16,58,27,49,14,11,40,43,4,45,5,59,9,28,37,26,24,51,53,18,56,15,7,

1to 1:
1to 2:58,42,47,4,30,9,46,48,13,34,6,36,55,22,29,33,32,23,
1to 3:60,45,35,25,5,17,50,2,12,49,41,38,57,19,59,39,20,1,11,
2to 1:2,3,8,10,14,17,24,26,28,35,45,52,59,21,5,27,51,40,44,1,54,15,20,
2to 2:
2to 3:16,18,31,43,53,48,7,4,47,36,29,9,33,42,34,46,23,6,32,56,37,
3to 1:37,56,55,30,22,43,18,53,31,13,58,7,16,
3to 2:27,57,21,41,11,38,19,39,54,44,14,15,49,8,10,25,40,51,50,28,12,3,26,24,52,60,
3to 3:

cell1:3,2,
cell2:1,3,
cell3:1,2,
