machine1:0,87,38,53,54,24,66,22,5,58,26,16,90,12,68,34,43,45,80,30,49,10,77,52,79,44,2,65,78,85,19,35,59,74,72,9,8,71,82,50,15,81,60,23,51,32,6,55,75,76,1,29,18,46,56,48,84,41,37,86,4,14,21,
machine2:0,13,87,54,70,66,22,5,58,16,11,3,90,12,39,68,43,30,49,77,79,42,88,65,78,19,35,25,40,72,9,36,8,71,82,50,15,81,60,27,23,51,32,6,75,1,29,18,46,28,7,33,20,48,83,84,89,41,37,86,4,14,21,
machine3:0,73,87,31,38,70,66,22,58,57,16,11,3,67,39,45,30,77,52,79,42,44,88,2,85,19,35,59,74,40,72,71,82,15,81,60,27,23,51,32,6,55,76,29,18,7,47,33,20,48,83,84,89,41,37,17,86,14,21,
machine4:0,73,31,53,63,24,70,66,61,26,57,16,90,68,34,43,45,80,30,49,10,52,44,88,65,78,85,19,35,74,71,82,50,62,27,23,51,32,6,75,76,1,29,18,28,7,47,33,20,48,84,41,17,86,21,
machine5:0,69,54,63,70,66,5,26,67,90,12,34,45,80,49,10,77,52,44,2,65,35,25,40,72,9,36,71,82,50,15,62,81,60,27,6,55,75,76,29,18,46,7,47,56,20,48,84,41,37,17,86,4,14,21,
machine6:0,69,31,38,54,66,61,58,16,11,67,34,80,30,79,42,44,88,65,85,19,35,74,72,9,36,71,50,62,60,23,51,6,55,75,76,29,18,46,28,7,33,56,20,48,84,41,37,17,86,4,
machine7:0,53,54,70,66,5,61,58,26,57,16,11,90,39,68,34,43,45,80,30,49,77,42,88,2,78,19,35,25,40,72,9,36,8,82,50,15,62,81,60,51,32,55,75,1,29,28,7,56,20,48,84,41,37,21,
machine8:0,13,87,31,53,22,61,26,57,16,64,12,68,34,45,80,49,52,79,44,88,2,19,35,25,72,71,82,50,15,60,27,23,32,55,75,1,29,46,7,33,20,48,84,89,41,37,17,86,4,14,21,
machine9:0,13,31,38,24,66,22,61,58,26,57,11,3,67,90,39,68,43,45,80,30,49,77,79,42,88,65,78,85,19,35,25,72,36,8,50,81,60,23,51,32,6,55,75,76,1,29,7,33,56,84,89,41,17,86,4,14,21,
machine10:0,69,31,38,54,70,66,22,5,58,11,67,90,64,45,10,52,79,42,88,2,65,59,40,9,36,8,71,82,62,81,60,27,23,51,6,55,76,1,29,46,56,48,84,89,41,17,86,14,21,
machine11:0,69,13,31,53,54,63,24,66,61,57,67,90,68,80,30,10,77,52,79,42,44,2,65,78,35,25,9,36,8,71,82,50,15,62,81,60,27,51,32,75,76,46,28,7,47,33,56,48,84,89,41,17,86,14,21,
machine12:0,69,13,73,87,31,38,53,63,66,22,5,61,58,11,3,67,90,64,12,39,68,34,45,80,30,49,77,52,79,44,88,2,78,85,19,35,25,59,74,40,72,9,36,8,71,82,50,15,62,81,60,27,23,51,32,6,55,75,76,1,29,18,46,28,7,47,33,56,20,48,83,84,89,41,37,17,86,4,14,21,
machine13:0,69,13,73,87,31,38,54,24,70,66,22,5,58,26,57,16,11,3,67,90,64,12,39,68,34,43,45,80,30,49,10,77,52,79,42,44,88,2,65,78,85,19,35,25,59,40,72,9,36,71,82,50,15,62,81,60,27,23,51,32,6,55,75,76,1,29,18,46,7,47,33,56,20,48,83,84,89,41,37,17,86,4,14,21,
machine14:0,69,13,73,31,53,54,63,24,66,22,5,61,58,26,57,16,11,67,64,12,39,68,34,43,45,80,30,49,10,77,52,79,42,44,88,2,65,85,19,35,25,74,40,72,9,36,71,82,50,15,62,81,60,27,23,51,32,6,55,75,76,1,29,18,46,28,7,47,33,56,20,48,83,84,89,41,37,17,86,4,14,21,
machine15:0,69,73,87,31,38,53,63,70,66,22,5,61,58,26,57,16,11,3,67,90,64,12,39,68,34,43,80,30,49,77,52,79,44,88,2,65,78,85,19,35,25,59,72,9,36,8,82,50,15,62,81,60,27,23,51,32,6,55,75,76,1,29,18,46,28,7,47,33,56,20,48,83,84,89,41,17,86,4,14,21,
machine16:0,13,73,87,31,38,53,63,24,70,66,22,5,61,58,26,57,11,3,90,64,12,39,68,34,43,80,30,10,77,52,79,42,44,88,2,65,78,19,35,74,40,72,9,36,8,71,82,50,15,62,81,60,27,23,51,32,6,75,29,46,7,47,33,56,20,48,83,84,89,41,37,17,86,4,14,21,
machine17:0,13,87,31,38,53,54,63,70,66,22,58,26,57,16,67,90,12,39,68,34,43,45,52,79,42,44,88,78,85,19,35,25,59,74,72,9,36,71,82,50,15,62,81,60,27,23,51,32,6,55,75,76,1,29,46,28,7,56,20,48,83,84,89,41,37,17,86,4,14,21,
machine18:0,69,13,87,31,24,66,22,58,26,16,11,3,67,64,12,39,34,43,45,80,30,10,77,52,79,42,44,88,2,65,78,85,19,35,25,74,40,72,9,36,8,82,50,15,62,81,60,27,23,51,32,6,55,75,76,1,29,18,28,7,47,33,56,20,48,83,84,89,41,37,17,86,4,14,21,
machine19:0,69,73,87,31,53,24,70,66,22,5,61,58,26,57,16,11,3,67,90,64,39,34,43,45,49,10,77,52,79,42,44,88,2,65,78,85,19,35,25,59,74,40,72,9,36,82,50,15,62,81,60,27,23,51,32,6,55,75,76,1,29,18,46,28,7,47,33,56,20,48,83,84,89,41,37,17,86,4,14,21,
machine20:0,69,13,87,31,38,54,63,24,70,66,22,5,61,58,26,57,3,67,90,64,12,39,68,34,43,45,80,30,49,10,77,79,42,44,88,2,65,78,19,35,25,74,40,72,9,36,8,71,50,15,62,60,27,23,51,32,6,55,75,76,1,29,18,46,28,7,47,33,56,20,48,83,84,89,41,37,17,4,14,21,
machine21:0,69,13,73,87,31,38,53,54,63,24,70,66,22,5,61,58,26,57,16,11,3,67,90,64,12,39,68,34,43,45,80,30,49,10,77,52,79,42,44,88,2,65,78,85,19,35,25,59,74,40,72,9,36,8,71,82,15,62,81,60,27,23,51,32,6,55,75,76,1,29,18,46,28,7,47,33,56,20,48,83,84,89,41,37,17,86,4,14,21,

1to 1:
1to 2:4,5,6,7,8,10,11,13,15,16,17,18,19,20,23,26,28,29,32,34,36,37,38,41,42,45,46,48,52,54,56,57,58,65,68,70,71,72,74,76,77,78,82,84,86,87,88,51,66,67,59,31,61,79,50,24,55,14,30,80,22,35,33,43,2,27,81,9,44,49,62,21,60,1,75,
1to 3:4,5,7,8,9,15,16,17,19,20,21,23,25,26,27,28,29,31,32,37,38,39,40,41,45,46,48,49,52,54,56,57,58,63,66,68,69,70,71,76,77,81,82,84,85,86,88,90,89,18,73,78,11,14,44,12,59,36,43,3,62,51,53,79,33,22,34,75,30,60,2,74,80,50,67,55,35,1,65,47,72,6,
1to 4:5,7,12,13,15,16,17,18,19,20,23,25,26,28,29,32,37,39,41,45,46,48,52,54,56,57,58,59,63,66,71,72,74,76,77,78,79,80,82,85,86,87,88,89,90,40,81,62,73,49,34,3,24,47,11,67,50,1,35,55,30,75,33,60,83,27,22,44,4,65,6,14,84,21,
1to 5:1,6,7,10,12,13,15,16,17,18,19,20,22,25,29,32,36,37,40,41,42,45,46,48,51,52,56,57,58,60,62,66,69,70,72,75,76,77,78,83,85,86,87,89,31,67,68,61,44,21,81,14,33,90,88,2,24,11,59,84,55,28,27,35,65,30,43,34,80,82,50,71,23,47,79,
1to 6:4,5,7,10,13,14,15,16,17,19,20,22,23,26,29,30,32,33,35,36,37,39,41,42,43,45,46,47,52,56,58,60,63,70,72,76,77,85,86,87,89,62,79,90,80,31,8,1,67,21,24,61,6,12,27,74,18,11,57,44,3,65,34,49,84,71,66,2,55,81,50,75,48,88,
1to 7:4,5,9,10,15,16,17,18,19,21,25,26,29,32,34,37,39,41,42,45,46,49,51,52,54,56,58,66,70,71,76,77,78,79,80,84,85,87,88,89,30,11,60,48,27,24,3,65,62,38,81,43,20,33,61,44,53,2,22,67,72,90,74,86,1,7,55,75,14,47,35,82,6,23,
2to 1:1,3,4,6,9,11,16,18,19,20,21,22,23,26,27,31,33,34,37,38,40,42,44,45,47,48,49,50,53,54,56,57,58,60,61,62,66,68,69,78,80,81,85,86,87,24,2,90,28,77,10,36,8,15,35,55,46,30,82,43,52,5,67,65,75,32,79,41,51,71,72,84,88,14,29,76,7,17,
2to 2:
2to 3:1,2,3,4,5,6,11,13,14,16,18,19,20,21,23,25,26,27,29,31,32,33,34,37,38,39,40,42,44,45,49,50,51,53,54,57,58,60,61,62,64,68,69,70,72,74,78,80,84,85,86,87,65,22,75,56,67,9,24,8,77,79,28,41,35,90,15,71,30,36,82,55,66,52,81,46,17,76,88,7,
2to 4:1,3,6,9,11,13,16,17,18,20,21,22,23,24,25,26,27,31,33,34,35,39,42,44,45,48,49,50,52,53,54,57,58,60,61,65,66,67,69,70,71,77,79,81,86,87,90,82,75,76,15,5,85,4,64,32,8,55,30,7,51,46,80,88,2,43,62,84,89,28,41,19,36,56,72,14,29,
2to 5:1,4,6,10,11,12,13,16,17,18,19,20,21,22,23,25,26,27,30,31,33,34,35,37,39,40,41,44,45,46,48,52,53,54,57,58,61,62,66,67,68,69,70,77,78,79,80,81,82,86,87,43,28,88,89,75,14,64,84,56,32,2,65,15,42,90,9,36,60,29,51,55,71,7,76,50,72,
2to 6:1,3,6,10,13,14,15,16,17,19,20,21,22,23,24,25,26,28,29,30,31,32,33,35,36,37,40,44,46,49,51,57,58,60,61,63,64,66,68,69,70,77,82,86,89,90,88,48,67,27,2,80,79,43,11,45,9,7,42,65,76,5,50,75,55,52,56,62,72,41,4,84,
2to 7:1,4,5,6,8,10,11,13,16,18,20,21,22,23,25,27,29,31,33,34,37,38,42,45,46,49,52,57,58,61,62,64,69,70,71,74,76,78,81,84,85,86,87,90,66,59,60,54,80,75,17,2,79,14,88,55,15,19,28,41,43,9,65,56,67,51,72,32,36,35,82,7,48,
3to 1:1,2,5,7,10,14,15,17,18,22,23,26,30,34,35,36,37,38,39,43,44,45,47,51,55,56,60,61,62,66,69,75,76,79,80,82,83,84,88,90,48,42,27,73,19,16,85,28,50,58,49,6,77,78,29,71,20,9,40,21,46,33,81,52,72,32,65,41,4,86,89,
3to 2:1,4,5,8,11,13,14,17,18,21,22,25,28,29,30,34,37,38,40,41,44,45,51,55,56,62,64,65,66,67,69,70,75,76,79,80,82,84,85,88,71,31,2,19,53,49,50,87,32,16,86,72,58,89,35,27,60,39,33,77,48,52,26,42,15,36,23,46,6,7,
3to 3:
3to 4:1,3,5,7,10,11,12,13,14,15,17,18,21,22,23,26,30,32,34,38,39,41,43,45,48,50,51,55,56,62,65,66,67,75,76,78,79,80,82,83,84,90,69,72,42,71,31,73,6,70,19,87,89,16,36,27,47,44,77,53,4,58,88,40,60,52,25,20,85,9,35,49,28,81,33,29,86,46,
3to 5:1,5,7,8,11,12,13,17,18,19,25,27,29,30,32,34,35,37,38,40,42,43,44,45,47,50,52,55,56,61,64,66,67,69,75,76,79,80,83,84,89,20,36,74,85,31,10,70,39,78,22,68,16,28,51,48,9,58,71,23,26,6,77,86,15,65,14,33,72,4,46,88,21,
3to 6:1,2,3,5,7,8,10,11,12,13,24,25,26,31,34,37,38,40,42,44,46,47,48,50,51,52,55,56,57,62,64,66,67,69,70,75,76,77,78,79,81,82,83,84,86,90,33,88,87,43,73,39,89,28,60,58,85,18,41,71,74,29,32,17,22,15,27,65,14,36,23,20,4,72,19,6,35,
3to 7:1,3,4,5,6,10,11,14,15,18,21,22,24,25,26,30,31,34,37,38,40,41,45,46,47,49,53,54,55,59,60,64,66,67,75,76,77,79,80,82,83,84,89,90,73,58,74,19,87,33,13,23,81,70,32,39,71,57,2,42,88,65,43,35,78,36,7,56,85,51,28,72,17,27,20,52,48,86,
4to 1:4,7,10,12,15,17,19,20,21,23,25,34,37,38,39,41,42,45,48,50,52,54,57,59,60,62,63,65,66,71,72,74,75,77,78,80,83,85,86,88,1,9,36,24,53,26,43,55,6,44,76,69,18,87,22,47,51,58,81,31,16,40,5,82,49,30,79,33,27,84,35,14,46,32,89,29,
4to 2:1,2,6,7,9,10,11,12,15,16,17,18,20,21,23,26,27,28,30,34,38,39,42,43,44,46,47,49,50,53,54,57,59,61,62,65,66,68,72,74,75,76,77,79,80,81,86,32,56,89,25,55,41,64,69,22,84,36,45,31,52,60,58,33,67,82,35,51,14,48,19,71,88,4,29,
4to 3:3,7,9,11,12,14,15,16,17,20,23,24,28,29,34,37,39,42,43,49,50,51,53,54,55,59,60,62,63,65,66,68,72,74,75,76,77,79,80,83,84,85,86,69,73,35,58,36,32,18,67,87,46,30,64,44,31,22,25,5,33,40,82,26,4,1,78,52,89,48,27,71,6,56,88,47,19,21,
4to 4:
4to 5:2,3,4,10,11,12,16,17,20,23,25,26,28,30,34,37,39,40,42,43,44,48,50,51,52,53,55,57,59,61,62,65,66,68,77,78,79,80,81,82,84,85,86,89,90,36,75,87,22,24,71,15,88,83,58,72,70,31,1,7,76,5,19,6,60,46,56,27,21,32,41,29,14,47,
4to 6:2,3,7,8,10,12,14,16,20,23,24,25,26,27,28,32,35,37,38,39,42,45,47,50,51,53,55,57,60,61,62,65,66,75,77,80,81,83,85,86,88,90,70,76,19,89,22,69,46,40,63,84,49,52,31,41,64,58,5,15,67,43,36,33,34,1,44,18,82,56,48,72,4,79,6,21,29,
4to 7:2,3,4,5,9,10,11,12,13,14,15,16,17,18,20,21,22,23,25,26,27,28,29,32,34,37,39,42,43,44,51,53,54,57,58,60,61,62,65,66,67,69,74,75,78,79,80,82,83,85,86,88,89,90,73,87,30,31,84,52,40,56,64,48,45,19,72,55,46,81,76,41,33,6,36,1,47,7,
5to 1:1,3,6,7,9,12,15,17,18,19,20,22,24,26,29,30,32,33,35,39,42,43,46,47,48,51,52,53,54,55,56,57,58,62,63,65,66,70,71,72,75,76,77,79,80,81,82,86,89,90,34,84,38,28,87,50,68,5,88,61,44,10,78,60,31,85,83,45,40,25,4,74,2,23,21,36,37,
5to 2:1,4,6,11,12,13,14,16,17,22,23,24,25,26,28,31,32,33,34,35,40,41,42,43,44,46,48,50,51,52,53,54,56,57,58,60,62,65,67,70,76,77,79,80,81,82,84,86,87,89,38,10,71,64,15,30,66,7,55,61,9,68,72,8,19,37,45,2,85,78,27,36,20,75,29,88,21,
5to 3:1,3,5,6,8,9,10,11,13,14,15,16,17,21,22,24,33,35,37,38,41,42,44,45,47,48,50,52,53,54,55,56,57,58,62,63,65,67,70,73,74,75,76,77,78,79,80,82,88,90,31,36,87,46,23,27,12,39,89,72,34,85,83,71,19,7,43,25,86,40,2,20,29,60,30,28,66,84,4,32,
5to 4:1,3,7,11,13,15,16,17,21,22,23,24,25,26,27,33,34,35,38,40,41,42,43,44,46,47,48,50,52,53,54,56,57,58,62,63,65,67,69,73,75,76,77,79,80,81,82,83,84,86,90,12,64,30,85,10,5,28,20,61,68,31,45,74,19,51,39,6,4,89,37,32,29,72,60,36,66,14,88,71,
5to 5:
5to 6:1,3,4,7,9,13,14,16,17,18,21,22,26,29,31,33,34,35,40,41,42,43,44,45,46,47,48,50,51,52,53,56,57,58,60,61,62,63,65,67,70,71,72,75,76,77,79,80,81,82,87,90,12,5,37,55,66,38,15,83,88,23,10,64,28,68,36,39,85,25,2,19,6,27,20,84,89,32,86,
5to 7:2,3,4,5,9,10,11,12,13,14,15,16,17,21,22,23,25,28,31,32,33,34,35,38,40,41,42,43,44,46,47,48,51,52,54,55,56,57,58,59,60,61,62,65,67,70,75,76,77,78,79,80,81,82,84,90,37,39,87,64,30,19,7,1,45,74,83,85,26,88,29,86,72,27,66,36,89,71,6,20,
6to 1:1,5,6,9,10,14,15,16,19,21,24,26,27,28,29,30,31,33,36,37,39,40,46,47,49,51,53,57,58,60,65,66,72,75,78,79,81,83,85,86,87,88,59,44,68,84,2,61,3,42,45,20,34,50,82,70,22,43,18,90,55,56,35,89,80,48,71,17,41,62,52,76,23,
6to 2:1,6,7,10,13,14,15,18,19,20,21,25,27,28,29,31,32,35,37,39,40,43,46,49,50,51,52,53,56,57,58,60,61,64,66,70,71,72,75,77,81,82,86,89,55,54,85,24,2,68,41,3,88,79,44,22,45,42,5,80,90,34,67,84,36,17,62,33,48,65,23,76,
6to 3:1,3,4,5,6,7,9,11,14,22,23,25,26,27,28,30,31,32,36,39,40,43,44,46,47,48,49,50,51,52,53,56,57,58,60,64,66,68,69,70,71,72,75,77,78,80,83,85,86,87,88,89,45,34,74,55,33,15,65,67,42,18,2,37,21,76,19,35,41,20,79,17,84,
6to 4:1,3,4,5,11,13,14,15,16,19,20,23,25,27,28,29,31,32,33,37,39,40,42,43,45,47,50,51,53,55,58,60,62,64,65,66,71,72,75,76,77,79,82,83,85,86,87,24,67,34,12,56,18,57,6,59,36,80,84,22,88,41,52,44,46,48,89,35,17,21,
6to 5:5,7,10,11,13,14,15,18,19,21,23,25,27,29,31,32,39,40,43,46,47,48,50,51,52,53,58,60,62,64,65,66,68,69,72,74,75,76,77,78,79,81,84,85,87,55,1,2,90,24,61,12,35,6,63,22,57,42,33,3,37,88,20,34,83,71,56,80,36,17,41,89,
6to 6:
6to 7:1,2,5,7,9,10,11,13,15,18,19,22,23,25,26,28,31,32,36,39,42,43,46,47,51,52,57,58,60,62,64,65,66,70,72,75,77,78,81,82,86,87,45,33,76,63,79,89,67,84,34,85,24,3,8,17,88,56,80,35,49,48,71,83,55,41,27,37,21,20,6,
7to 1:2,3,4,5,6,7,9,10,12,13,16,18,19,21,22,26,27,28,29,31,32,35,36,37,40,41,42,43,44,46,47,51,52,55,58,60,69,73,76,77,78,79,83,84,86,87,89,90,67,66,63,23,14,65,20,1,49,33,54,74,15,71,82,80,85,45,57,53,30,48,17,39,34,72,75,81,88,56,
7to 2:1,2,4,5,8,19,21,22,23,25,26,28,32,35,36,37,40,41,43,48,51,52,55,61,62,64,69,71,72,77,78,80,82,84,85,86,87,30,53,13,79,11,65,75,67,54,29,57,58,81,27,49,33,60,45,74,90,15,39,34,42,56,14,88,76,7,66,6,17,46,20,
7to 3:3,4,5,7,8,11,12,13,15,16,19,21,22,25,26,28,29,31,33,36,40,42,43,44,45,47,51,52,55,62,64,69,71,76,77,78,79,80,82,83,84,87,89,90,53,6,14,54,49,85,65,58,38,1,88,59,60,66,27,39,48,35,23,32,67,75,37,56,86,20,41,72,17,
7to 4:2,3,4,5,6,9,11,12,16,17,19,24,28,31,35,36,37,39,40,41,43,46,47,49,52,54,55,57,62,65,75,77,78,80,83,84,86,87,88,89,53,48,13,63,23,42,71,7,85,33,58,1,30,32,26,67,74,34,82,79,27,66,72,76,15,56,60,20,29,
7to 5:1,2,3,4,6,7,9,10,11,12,15,16,21,22,23,25,26,28,31,33,35,36,40,41,42,43,44,46,47,48,52,55,56,61,62,65,66,68,70,71,75,76,77,78,81,82,83,84,85,86,87,90,45,38,27,39,13,63,53,57,80,8,37,64,58,79,30,29,34,60,74,72,51,88,32,19,14,17,20,89,
7to 6:4,5,11,18,19,22,24,26,28,31,32,34,35,36,40,42,43,44,46,47,49,51,52,55,58,62,63,64,67,69,70,72,73,75,76,79,82,83,84,85,86,87,89,90,17,20,59,13,1,45,81,56,41,57,3,53,15,88,66,37,60,2,33,23,39,80,65,6,48,14,7,
7to 7:

cell1:6,5,4,2,7,3,
cell2:1,7,6,5,4,3,
cell3:7,4,2,1,6,5,
cell4:6,1,2,5,3,7,
cell5:6,3,1,2,7,4,
cell6:7,1,5,4,2,3,
cell7:1,2,5,6,4,3,
