machine1:0,13,18,7,9,2,15,19,10,6,11,14,12,5,17,4,16,8,
machine2:0,18,7,2,15,10,11,14,12,5,4,16,8,
machine3:0,13,1,3,18,7,9,2,15,19,10,6,20,11,14,12,5,17,4,16,8,
machine4:0,10,11,14,12,16,8,
machine5:0,13,1,3,18,7,9,2,10,6,14,12,17,4,16,8,
machine6:0,18,9,10,4,16,8,
machine7:0,13,1,3,18,7,9,10,4,16,8,
machine8:0,13,1,3,18,7,9,10,6,14,12,17,4,16,8,
machine9:0,13,1,3,18,7,9,10,4,16,8,
machine10:0,13,1,18,7,9,2,15,19,10,6,14,12,17,4,16,8,
machine11:0,13,1,2,19,10,17,4,16,8,
machine12:0,13,1,3,18,7,9,2,15,19,10,6,20,11,14,12,5,17,4,16,8,
machine13:0,2,4,16,8,
machine14:0,1,3,7,9,2,15,10,6,20,14,12,5,17,16,8,
machine15:0,1,3,7,9,2,15,10,6,20,14,12,17,8,
machine16:0,3,7,9,2,10,14,17,
machine17:0,13,1,3,18,7,9,2,19,10,6,20,14,5,17,4,16,8,
machine18:0,2,
machine19:0,2,19,10,14,17,16,8,
machine20:0,13,1,18,7,9,2,19,10,20,14,17,16,8,
machine21:0,2,10,14,17,8,

1to 1:
1to 2:4,10,
1to 3:5,12,1,
1to 4:20,17,8,16,
1to 5:6,14,3,
2to 1:13,18,12,
2to 2:
2to 3:4,10,7,16,
2to 4:14,3,9,2,
2to 5:1,17,8,
3to 1:11,14,9,7,
3to 2:2,
3to 3:
3to 4:5,15,6,12,1,10,
3to 5:19,13,20,18,4,
4to 1:15,3,2,
4to 2:6,1,17,7,16,
4to 3:8,
4to 4:
4to 5:9,
5to 1:10,8,19,5,16,20,
5to 2:13,18,14,
5to 3:3,9,6,17,2,
5to 4:7,
5to 5:

cell1:3,5,2,4,
cell2:1,5,3,4,
cell3:5,4,1,2,
cell4:2,1,5,3,
cell5:1,2,3,4,
