0:	92300.49999999999	5,7,9,6,9,7,5,5,6,6,6,:	1,4,5,

1:	83958.69999999995	5,7,9,6,6,1,1,5,6,6,6,:	0,3,0,

2:	87500.09999999999	5,7,9,6,6,7,1,11,6,6,6,:	1,6,0,

3:	87584.49999999999	5,7,9,6,6,7,5,5,6,2,6,:	6,3,6,

4:	87656.70000000001	5,7,9,6,6,7,5,5,3,6,6,:	2,3,0,

5:	83716.29999999994	5,7,9,6,6,5,4,5,6,6,6,:	6,1,6,

6:	87817.10000000002	5,7,9,6,6,5,4,5,7,6,6,:	6,1,6,

7:	83958.69999999995	5,7,9,6,6,1,4,5,6,6,6,:	5,1,6,

8:	83716.29999999994	5,7,9,6,6,5,4,5,6,6,6,:	6,1,6,

9:	83716.29999999994	5,7,9,6,6,5,4,5,6,6,6,:	6,1,2,

10:	84430.7	5,7,9,6,6,3,8,5,6,12,6,:	3,4,5,

11:	83729.19999999995	5,7,9,6,6,3,8,5,6,6,6,:	3,4,6,

12:	83729.19999999995	5,7,9,6,6,3,6,5,6,6,6,:	3,4,6,

13:	85019.1	9,7,9,6,6,3,8,5,6,6,6,:	1,4,6,

14:	83729.19999999995	5,7,9,6,6,3,8,5,6,6,6,:	3,4,4,

15:	107857.0	5,7,9,6,2,5,4,5,6,6,6,:	4,4,6,

16:	85160.5	3,7,9,6,6,5,4,5,6,6,6,:	1,4,6,

17:	83716.29999999994	5,7,9,6,6,5,4,5,6,6,6,:	3,3,6,

18:	83729.19999999995	5,7,9,6,6,3,0,5,6,6,6,:	6,1,5,

19:	83716.29999999994	5,7,9,6,6,12,5,5,6,6,6,:	0,1,6,

20:	95929.10000000005	5,7,9,6,6,5,4,5,6,6,8,:	6,3,4,

21:	85320.49999999999	5,7,9,6,6,7,1,5,6,7,6,:	1,1,6,

22:	85105.4	0,7,9,6,6,7,1,5,6,6,6,:	1,2,0,

23:	83716.29999999994	5,7,9,6,6,5,4,5,6,6,6,:	6,1,6,

24:	85473.2	5,7,9,6,6,4,1,5,6,6,6,:	1,1,6,

25:	95449.6	5,7,9,6,12,3,8,5,6,6,6,:	6,3,1,

26:	84752.39999999998	5,7,5,6,6,7,5,5,6,6,6,:	6,1,6,

27:	83716.29999999994	5,7,9,6,6,5,4,5,6,6,6,:	3,4,2,

28:	85496.20000000001	7,7,9,6,6,3,8,5,6,6,6,:	3,4,1,

29:	83729.19999999995	5,7,9,6,6,3,8,5,6,6,6,:	6,1,0,

30:	84522.3	5,7,9,6,6,7,5,5,6,1,6,:	1,4,0,

31:	90609.69999999998	11,7,9,6,6,7,5,5,6,6,6,:	3,3,0,

32:	109052.70000000001	12,9,5,6,6,5,4,5,6,6,6,:	6,1,6,

33:	83571.19999999997	5,7,9,6,6,7,1,5,6,6,6,:	6,1,4,

34:	83716.29999999994	5,7,9,6,6,5,4,5,6,6,6,:	0,4,5,

35:	94847.7	5,7,9,4,6,5,4,5,6,6,6,:	6,3,5,

36:	83729.19999999995	5,7,9,6,6,3,6,5,6,6,6,:	0,1,6,

37:	87473.4	5,7,9,6,6,3,8,5,6,10,6,:	3,4,1,

38:	85496.20000000001	7,7,9,6,6,3,8,5,6,6,6,:	1,4,0,

39:	83571.19999999997	5,7,9,6,6,7,1,5,6,6,6,:	2,3,0,

40:	132193.69999999995	5,4,9,6,6,5,4,5,6,6,6,:	6,1,4,

41:	87534.39999999998	5,7,4,6,6,5,4,5,6,6,6,:	0,1,6,

42:	87445.69999999998	5,7,9,6,6,3,8,9,6,6,6,:	6,2,6,

43:	85032.79999999999	5,7,5,6,6,3,8,5,6,6,6,:	0,1,6,

44:	87584.49999999999	5,7,9,6,6,7,5,5,6,2,6,:	3,4,0,

45:	87143.19999999997	5,7,9,6,6,3,8,5,6,2,6,:	3,4,6,

46:	83571.19999999997	5,7,9,6,6,7,8,5,6,6,6,:	3,3,3,

47:	83729.19999999995	5,7,9,6,6,3,8,5,6,6,6,:	6,4,0,

最优解为：83571.19999999997    最差解为：169840.49999999994    最优解和最差解差值为：86269.29999999997
