machine1:0,43,22,40,56,49,14,51,13,11,2,19,36,21,28,24,35,45,37,33,55,54,34,17,1,58,29,6,9,38,15,44,53,31,18,60,25,7,8,10,52,
machine2:0,41,32,50,5,27,43,48,20,22,26,40,4,56,42,39,16,49,12,30,14,51,23,13,57,46,11,59,47,3,2,19,36,21,28,24,35,45,37,33,55,54,34,17,1,58,29,6,9,38,15,44,53,31,18,60,25,7,8,10,52,
machine3:0,41,32,50,5,27,43,48,20,22,26,4,56,42,39,16,49,12,30,14,51,23,13,57,46,59,47,3,2,19,21,28,24,45,33,55,54,34,58,29,6,38,53,18,60,25,10,
machine4:0,41,32,50,5,27,43,48,20,22,26,40,4,56,42,39,16,49,12,30,14,51,23,13,57,46,11,59,47,3,2,19,36,21,28,24,35,45,37,33,55,54,34,17,1,58,29,6,9,38,15,44,53,31,18,60,25,7,8,10,52,
machine5:0,41,32,50,5,27,48,20,26,40,4,42,39,16,12,30,23,57,46,11,59,47,3,36,35,37,17,1,9,15,44,31,7,8,52,
machine6:0,41,32,50,5,27,43,48,20,22,26,40,4,56,42,39,16,49,12,30,14,51,23,13,57,46,11,59,47,3,2,19,36,21,28,24,35,45,37,33,55,54,34,17,1,58,29,6,9,38,15,44,53,31,18,60,25,7,8,10,52,

1to 1:
1to 2:13,51,58,18,40,4,57,15,17,49,34,56,19,9,3,53,59,35,
1to 3:24,45,29,22,28,21,11,46,33,43,2,36,47,38,23,
2to 1:24,52,26,21,12,8,43,29,30,28,39,45,27,60,55,54,22,31,1,7,33,
2to 2:
2to 3:42,35,13,16,25,50,19,5,41,56,48,44,49,10,4,40,51,20,6,14,37,32,
3to 1:37,32,20,34,44,6,57,41,9,59,25,15,14,18,53,50,48,17,58,10,5,3,42,16,
3to 2:55,23,27,1,54,39,46,38,11,47,30,31,2,8,36,60,26,52,12,7,
3to 3:

cell1:2,3,
cell2:1,3,
cell3:2,1,
