machine1:0,6,57,30,41,15,36,42,56,27,46,14,54,70,18,48,26,22,24,33,59,34,32,52,43,3,23,69,44,11,35,13,17,2,19,31,8,65,39,28,62,55,61,21,9,67,49,1,40,63,45,16,64,60,38,66,5,
machine2:0,6,37,57,7,30,41,47,58,15,36,42,56,27,46,14,54,70,18,48,26,22,24,33,59,12,34,32,52,43,3,23,69,51,44,11,35,13,29,17,2,19,20,25,31,8,4,53,65,39,28,62,55,61,21,9,68,67,49,1,40,63,10,45,16,64,60,50,38,66,5,
machine3:0,37,57,7,30,41,47,58,36,42,33,59,12,43,3,23,69,51,44,11,35,13,29,17,2,19,20,25,31,8,4,53,65,39,28,62,55,61,21,9,68,67,49,1,40,63,10,45,16,64,60,50,38,66,5,
machine4:0,6,37,57,7,30,41,47,58,15,36,42,56,27,46,14,54,70,18,48,26,22,24,33,12,34,32,52,43,23,69,51,11,35,29,17,20,25,8,4,53,39,55,9,68,49,1,40,10,64,50,5,
machine5:0,6,37,57,7,30,41,47,58,15,36,42,56,27,46,14,54,70,18,48,26,22,24,33,59,12,34,32,52,43,3,23,69,51,44,11,35,13,29,17,2,19,20,25,31,8,4,53,65,39,28,62,55,61,21,9,68,67,49,1,40,63,10,45,16,64,60,50,38,66,5,
machine6:0,6,37,7,47,58,15,56,27,46,14,54,70,18,48,26,22,24,59,12,34,32,52,3,51,44,13,29,2,19,20,25,31,4,53,65,28,62,61,21,68,67,63,10,45,16,60,50,38,66,

1to 1:
1to 2:8,5,1,11,31,43,62,17,65,9,68,2,40,63,13,67,60,23,44,
1to 3:46,30,36,47,35,64,45,15,57,3,50,58,69,27,41,7,29,49,10,21,38,
1to 4:34,32,61,24,56,25,37,51,16,66,6,19,59,14,4,
2to 1:36,30,3,20,53,25,57,33,41,59,55,58,69,
2to 2:
2to 3:37,42,4,51,19,39,60,8,13,44,2,1,17,43,11,40,
2to 4:47,12,65,62,7,28,45,63,
3to 1:54,42,34,5,70,32,31,18,39,62,48,26,9,24,28,56,16,66,63,67,14,23,
3to 2:35,64,53,45,61,50,25,29,49,12,55,33,21,
3to 3:
3to 4:22,52,20,58,27,68,2,10,44,38,
4to 1:46,47,22,52,15,50,7,68,29,12,13,21,60,
4to 2:3,20,37,51,16,66,10,19,4,38,
4to 3:54,70,53,31,61,18,48,26,65,28,6,67,59,
4to 4:

cell1:3,2,4,
cell2:3,4,1,
cell3:1,2,4,
cell4:3,1,2,
