machine1:0,11,9,15,26,5,6,20,21,27,29,17,19,7,18,28,16,24,10,
machine2:0,1,25,8,30,2,13,14,12,3,22,23,4,11,9,15,26,5,6,20,21,27,29,17,19,7,18,28,16,24,10,
machine3:0,1,25,8,30,2,13,14,12,3,22,23,4,15,20,21,29,19,7,18,28,16,
machine4:0,1,25,8,30,2,13,14,12,3,22,23,4,11,9,15,26,5,6,20,21,27,29,17,19,7,18,28,16,24,10,
machine5:0,1,25,8,30,2,13,14,12,3,22,23,4,11,9,26,5,6,27,17,24,10,
machine6:0,1,25,8,30,2,13,14,12,3,22,23,4,11,9,15,26,5,6,20,21,27,29,17,19,7,18,28,16,24,10,

1to 1:
1to 2:23,9,13,11,17,26,16,
1to 3:22,20,1,3,15,21,4,30,14,29,25,8,5,7,
2to 1:19,29,22,25,4,5,18,10,3,2,12,24,7,
2to 2:
2to 3:27,23,6,11,9,17,26,28,
3to 1:27,6,13,28,16,
3to 2:1,15,20,19,2,21,30,10,14,8,12,18,24,
3to 3:

cell1:2,3,
cell2:3,1,
cell3:2,1,
