machine1:0,75,165,62,124,59,186,175,144,156,127,18,44,143,3,64,166,187,25,21,195,76,72,159,53,2,82,91,13,142,40,58,146,66,17,45,119,68,77,88,46,20,191,169,6,200,11,157,184,114,145,29,50,132,160,183,181,61,137,74,7,102,10,125,83,34,171,70,151,106,131,188,52,161,122,194,60,69,85,123,158,79,108,93,150,133,141,168,41,78,43,128,134,178,15,1,63,23,101,152,136,153,198,97,56,199,67,149,103,92,163,48,37,65,118,94,107,112,155,55,5,47,139,86,26,148,98,89,170,4,90,24,16,193,173,100,19,36,130,
machine2:0,196,75,185,165,62,172,104,124,22,9,59,186,175,144,156,126,105,30,177,117,127,18,44,143,39,3,64,57,166,187,25,21,195,76,72,159,51,31,53,2,82,54,91,13,142,40,58,146,66,17,45,12,119,68,77,88,46,20,73,191,49,169,6,200,129,120,147,110,11,157,81,184,114,145,29,50,132,176,160,96,183,181,84,140,61,137,74,197,7,102,182,10,125,83,34,116,171,87,70,151,113,14,106,131,188,52,161,122,194,60,95,69,85,123,158,38,79,108,189,93,150,133,141,179,168,41,190,78,33,43,128,134,35,178,15,1,63,23,101,152,136,153,71,138,198,97,56,121,162,174,199,8,115,67,149,103,167,92,163,180,48,37,65,118,94,99,27,107,112,155,55,32,5,47,139,86,80,26,111,109,164,148,98,154,42,28,89,170,4,90,24,16,193,173,100,19,36,130,135,192,
machine3:0,196,75,185,62,104,124,22,59,175,144,126,117,127,18,39,57,166,76,72,159,82,54,40,58,146,66,45,12,119,68,77,88,20,191,6,129,120,110,184,114,29,176,160,96,183,181,84,140,137,74,182,125,171,70,151,14,52,161,122,194,60,95,69,85,158,79,108,189,150,141,179,168,33,35,15,63,23,71,174,199,115,92,180,48,37,94,99,27,107,155,55,32,47,139,86,80,164,148,98,154,42,28,89,170,4,90,16,193,100,19,130,192,
machine4:0,196,75,185,165,62,104,124,22,9,59,186,175,144,126,105,30,177,117,127,18,44,143,39,3,57,166,187,25,195,76,72,159,31,53,2,82,54,91,13,40,58,146,66,45,12,119,68,77,88,46,20,73,191,6,200,129,120,110,157,184,114,29,50,132,176,160,96,183,181,84,140,61,137,74,102,182,10,125,83,34,171,70,151,113,14,106,131,188,52,161,122,194,60,95,69,85,158,38,79,108,189,150,133,141,179,168,41,78,33,43,134,35,178,15,1,63,23,101,71,198,162,174,199,8,115,67,149,103,92,163,180,48,37,118,94,99,27,107,112,155,55,32,47,139,86,80,26,111,109,164,148,98,154,42,28,89,170,4,90,24,16,193,173,100,19,36,130,135,192,
machine5:0,185,165,62,172,124,9,186,156,126,105,30,177,117,127,18,64,57,166,187,21,51,2,82,13,142,146,45,68,46,49,200,120,147,110,11,81,184,145,176,160,183,181,74,182,83,116,171,70,113,14,106,131,69,123,158,189,93,133,179,168,41,78,33,134,35,15,1,101,152,71,97,56,121,162,8,149,167,92,5,47,86,26,111,164,154,4,193,173,100,36,
machine6:0,196,75,185,165,62,172,124,22,9,186,156,126,105,30,177,117,127,18,39,3,64,57,166,187,21,195,72,159,51,31,53,2,82,54,91,13,142,146,66,17,45,119,68,77,88,46,20,73,49,169,6,200,129,120,147,110,11,81,184,114,145,176,160,183,181,84,140,61,137,74,197,7,102,182,10,125,83,116,171,70,151,113,14,106,131,188,52,161,122,194,95,69,85,123,158,38,189,93,150,133,141,179,168,41,78,33,43,134,35,15,1,63,23,101,152,136,153,71,138,97,56,121,162,199,8,115,67,149,103,167,92,48,65,118,99,27,155,55,32,5,47,139,86,80,26,111,109,164,148,98,154,28,89,170,4,90,24,16,193,173,100,19,36,130,135,192,
machine7:0,196,165,105,117,18,166,187,21,53,13,58,66,17,119,46,6,147,81,145,29,181,74,102,83,34,116,87,113,14,106,52,161,122,60,95,85,123,38,108,189,133,141,179,168,41,190,33,128,35,178,1,63,23,152,136,153,71,138,198,97,56,121,162,174,199,8,115,67,149,103,167,92,163,180,48,37,65,118,94,99,27,107,112,155,55,32,5,47,139,86,80,26,111,109,164,148,98,154,42,28,89,170,4,90,24,16,193,173,100,19,36,130,135,192,
machine8:0,196,75,185,165,62,104,124,22,9,186,144,156,105,30,117,18,44,39,57,166,187,25,21,195,76,72,159,51,31,53,82,54,91,13,142,40,58,146,66,17,45,119,68,46,73,191,6,200,129,120,147,11,81,184,114,145,29,176,160,96,181,84,140,61,137,74,197,102,182,125,83,34,116,87,151,113,14,106,131,52,161,122,60,95,85,123,158,38,79,108,189,93,150,133,141,179,168,41,190,78,33,43,128,134,35,178,15,1,63,23,101,152,136,153,71,138,198,97,56,121,162,174,199,8,115,67,149,103,167,92,163,180,48,37,65,118,94,99,27,107,112,155,55,32,5,47,139,86,80,26,111,109,164,148,98,154,42,28,89,170,4,90,24,16,193,173,100,19,36,130,135,192,
machine9:0,62,172,124,9,126,117,44,143,3,25,21,159,51,31,82,91,40,58,146,45,12,68,88,46,20,49,169,147,110,11,157,184,114,29,50,132,176,160,96,84,61,197,7,182,10,125,83,34,87,70,14,106,131,188,161,122,60,69,123,158,38,189,93,150,133,141,179,41,190,78,33,43,128,134,35,178,15,1,63,23,152,153,71,138,198,56,121,199,8,115,67,149,103,37,99,107,155,55,139,80,26,164,98,42,89,170,24,16,19,36,130,135,
machine10:0,62,172,104,124,22,9,59,175,156,126,105,30,177,117,18,44,143,3,64,187,25,21,72,159,51,31,2,82,91,40,58,146,66,17,45,12,119,68,77,88,46,20,73,191,49,169,6,200,129,120,147,110,11,157,81,184,114,145,29,50,132,176,160,96,183,181,84,140,61,137,74,197,7,102,182,10,125,83,34,116,171,87,70,151,113,14,106,131,188,52,161,122,194,60,95,69,123,158,38,79,108,189,93,150,133,141,179,168,41,190,78,33,43,128,134,35,178,15,1,63,23,101,152,153,71,138,198,97,56,121,162,174,199,8,115,67,149,103,167,92,180,37,118,94,99,27,107,155,55,32,47,139,86,80,26,111,109,164,98,154,42,28,89,170,4,90,24,16,19,36,130,135,192,

1to 1:
1to 2:163,54,151,174,148,39,107,120,27,126,183,196,127,61,187,79,171,42,146,113,6,46,108,26,78,82,178,161,160,117,150,106,158,8,15,
1to 3:172,111,136,142,7,17,21,13,123,5,176,75,122,32,194,48,118,30,14,55,10,165,152,100,184,154,115,95,159,63,173,149,189,155,86,74,
1to 4:112,65,167,193,191,22,44,56,60,31,186,94,57,9,103,33,93,43,96,98,67,139,4,16,19,141,182,101,68,36,89,
1to 5:104,190,157,12,132,38,20,24,87,128,110,129,69,70,156,97,197,145,125,121,77,92,188,134,181,37,29,34,137,47,71,41,198,135,200,162,131,35,102,1,80,170,
2to 1:59,76,175,20,193,13,24,25,22,69,60,73,118,31,188,37,94,29,66,100,135,179,162,95,23,168,18,63,139,102,19,62,1,141,189,83,
2to 2:
2to 3:3,177,109,110,129,70,53,183,125,127,92,88,140,47,124,46,26,78,192,4,114,160,35,150,119,16,133,182,199,15,89,
2to 4:144,38,163,185,54,85,174,148,107,91,195,75,32,48,61,134,79,42,137,146,154,71,41,130,84,200,82,58,166,131,158,8,170,52,45,
2to 5:143,111,151,50,120,176,105,72,27,2,122,194,14,10,171,40,180,103,33,113,184,43,108,96,99,98,159,67,161,90,155,86,101,28,164,
3to 1:3,54,151,64,148,51,147,91,177,195,105,110,70,197,53,56,2,126,125,121,196,11,61,153,186,57,9,103,124,93,41,200,67,166,131,35,119,106,16,158,80,199,28,
3to 2:185,85,24,69,75,122,73,32,194,48,77,31,134,14,10,165,181,66,33,154,130,43,162,98,18,139,19,86,101,68,36,164,
3to 3:
3to 4:111,142,39,5,176,156,72,27,116,92,30,55,152,100,113,135,115,179,26,99,78,95,23,168,159,161,173,117,149,90,62,1,83,
3to 5:169,49,7,123,109,183,138,118,187,88,140,81,6,84,82,192,63,114,160,150,133,8,189,182,74,52,45,15,
4to 1:104,144,38,185,136,85,39,21,123,87,109,128,129,72,145,122,138,92,134,14,165,181,40,140,34,180,137,113,71,130,108,99,192,178,161,114,90,155,74,45,164,
4to 2:112,76,13,25,176,105,44,53,30,186,55,57,29,9,47,124,184,198,168,67,63,173,35,102,149,62,133,1,80,189,199,89,
4to 3:151,65,167,51,147,193,195,120,22,97,196,187,81,33,6,41,43,84,162,18,166,131,8,101,170,68,52,28,
4to 4:
4to 5:174,17,91,191,116,60,73,32,11,61,153,79,66,42,146,152,93,46,115,179,78,95,23,58,4,117,119,106,19,158,141,36,83,
5to 1:143,172,111,169,49,167,50,17,107,44,116,30,187,55,88,81,184,6,154,46,84,26,96,82,98,159,58,117,149,133,182,68,52,89,
5to 2:104,59,157,3,12,132,175,177,191,22,129,94,34,115,179,200,23,4,119,16,74,170,45,83,
5to 3:38,20,64,91,105,156,72,56,27,2,126,145,73,11,77,153,31,188,181,9,171,66,137,146,103,71,130,135,99,168,139,102,90,106,62,141,36,
5to 4:190,21,51,147,24,120,25,109,97,197,125,121,138,118,37,40,140,180,47,124,198,192,178,18,114,160,150,80,155,86,199,28,164,15,
5to 5:

cell1:5,3,2,4,
cell2:4,1,5,3,
cell3:1,2,4,5,
cell4:1,3,5,2,
cell5:2,3,1,4,
