machine1:0,195,156,146,21,17,142,13,20,175,159,160,25,143,169,59,3,127,2,183,29,64,144,75,91,72,153,184,145,132,7,61,50,137,45,157,76,125,10,88,200,124,40,44,136,70,114,53,102,119,46,62,186,171,168,165,166,11,77,191,18,58,151,83,194,161,122,34,123,131,6,106,128,108,158,82,79,93,69,150,74,187,141,41,52,78,188,68,66,133,43,134,15,63,178,85,181,149,199,1,101,67,65,97,198,23,60,92,56,163,152,103,55,118,48,94,155,37,107,5,139,86,112,47,26,170,148,98,89,90,4,19,16,193,173,24,100,36,130,
machine2:0,147,120,172,195,156,177,105,146,21,17,142,185,51,22,13,20,49,175,110,159,160,25,71,143,12,169,104,59,3,127,2,183,29,197,64,144,75,54,91,176,196,162,72,153,184,145,132,140,7,61,84,129,50,116,137,30,81,45,96,157,76,126,73,125,182,10,88,14,200,31,124,40,87,33,44,136,174,70,114,53,102,119,46,62,186,171,179,168,165,166,11,57,77,191,9,18,190,58,151,83,194,161,113,95,39,122,34,123,131,6,106,128,108,158,82,79,38,93,69,150,74,189,187,141,41,52,117,78,188,180,68,66,133,43,134,8,35,15,63,178,85,181,149,199,1,101,67,121,65,167,97,138,198,23,115,60,92,109,56,163,152,103,55,118,48,94,27,155,99,37,107,5,80,139,86,112,47,164,26,111,32,170,148,98,89,90,154,42,4,19,16,193,173,24,100,28,36,130,135,192,
machine3:0,120,146,185,22,20,175,110,159,160,71,12,104,59,127,183,29,144,75,54,176,196,72,184,140,84,129,137,45,96,76,126,125,182,88,14,124,40,33,174,70,114,119,62,171,179,168,166,57,77,191,18,58,151,194,161,95,39,122,6,108,158,82,79,69,150,74,189,141,52,117,180,68,66,35,15,63,85,181,199,23,115,60,92,55,48,94,27,155,99,37,107,80,139,86,47,164,32,170,148,98,89,90,154,42,4,19,16,193,100,28,130,192,
machine4:0,120,195,177,105,146,185,22,13,20,175,110,159,160,25,71,143,12,104,59,3,127,2,183,29,144,75,54,91,176,196,162,72,184,132,140,61,84,129,50,137,30,45,96,157,76,126,73,125,182,10,88,14,200,31,124,40,33,44,174,70,114,53,102,119,46,62,186,171,179,168,165,166,57,77,191,9,18,58,151,83,194,161,113,95,39,122,34,131,6,106,108,158,82,79,38,69,150,74,189,187,141,41,52,117,78,188,180,68,66,133,43,134,8,35,15,63,178,85,181,149,199,1,101,67,198,23,115,60,92,109,163,103,55,118,48,94,27,155,99,37,107,80,139,86,112,47,164,26,111,32,170,148,98,89,90,154,42,4,19,16,193,173,24,100,28,36,130,135,192,
machine5:0,147,120,172,156,177,105,146,21,142,185,51,13,49,110,160,71,127,2,183,64,176,162,184,145,116,30,81,45,126,182,14,200,124,33,70,46,62,186,171,179,168,165,166,11,57,9,18,83,113,123,131,106,158,82,93,69,74,189,187,41,117,78,68,133,134,8,35,15,181,149,1,101,121,167,97,92,56,152,5,86,47,164,26,111,154,4,193,173,100,36,
machine6:0,147,120,172,195,156,177,105,146,21,17,142,185,51,22,13,20,49,110,159,160,71,169,3,127,2,183,197,64,75,54,91,176,196,162,72,153,184,145,140,7,61,84,129,116,137,30,81,45,126,73,125,182,10,88,14,200,31,124,33,136,70,114,53,102,119,46,62,186,171,179,168,165,166,11,57,77,9,18,151,83,194,161,113,95,39,122,123,131,6,106,158,82,38,93,69,150,74,189,187,141,41,52,117,78,188,68,66,133,43,134,8,35,15,63,85,181,149,199,1,101,67,121,65,167,97,138,23,115,92,109,56,152,103,55,118,48,27,155,99,5,80,139,86,47,164,26,111,32,170,148,98,89,90,154,4,19,16,193,173,24,100,28,36,130,135,192,
machine7:0,147,105,21,17,13,71,29,196,162,153,145,116,81,14,87,33,136,174,53,102,119,46,179,168,165,166,18,190,58,83,161,113,95,122,34,123,6,106,128,108,38,74,189,187,141,41,52,117,180,66,133,8,35,63,178,85,181,149,199,1,67,121,65,167,97,138,198,23,115,60,92,109,56,163,152,103,55,118,48,94,27,155,99,37,107,5,80,139,86,112,47,164,26,111,32,170,148,98,89,90,154,42,4,19,16,193,173,24,100,28,36,130,135,192,
machine8:0,147,120,195,156,105,146,21,17,142,185,51,22,13,159,160,25,71,104,29,197,144,75,54,91,176,196,162,72,153,184,145,140,61,84,129,116,137,30,81,45,96,76,73,125,182,14,200,31,124,40,87,33,44,136,174,114,53,102,119,46,62,186,179,168,165,166,11,57,191,9,18,190,58,151,83,161,113,95,39,122,34,123,131,6,106,128,108,158,82,79,38,93,150,74,189,187,141,41,52,117,78,180,68,66,133,43,134,8,35,15,63,178,85,181,149,199,1,101,67,121,65,167,97,138,198,23,115,60,92,109,56,163,152,103,55,118,48,94,27,155,99,37,107,5,80,139,86,112,47,164,26,111,32,170,148,98,89,90,154,42,4,19,16,193,173,24,100,28,36,130,135,192,
machine9:0,147,172,146,21,51,20,49,110,159,160,25,71,143,12,169,3,29,197,91,176,153,184,132,7,61,84,50,45,96,157,126,125,182,10,88,14,31,124,40,87,33,44,70,114,46,62,179,11,9,190,58,83,161,122,34,123,131,106,128,158,82,38,93,69,150,189,141,41,117,78,188,68,133,43,134,8,35,15,63,178,149,199,1,67,121,138,198,23,115,60,56,152,103,55,155,99,37,107,80,139,164,26,170,98,89,42,19,16,24,36,130,135,
machine10:0,147,120,172,156,177,105,146,21,17,51,22,20,49,175,110,159,160,25,71,143,12,169,104,59,3,2,183,29,197,64,91,176,162,72,153,184,145,132,140,7,61,84,129,50,116,137,30,81,45,96,157,126,73,125,182,10,88,14,200,31,124,40,87,33,44,174,70,114,102,119,46,62,171,179,168,11,77,191,9,18,190,58,151,83,194,161,113,95,122,34,123,131,6,106,128,108,158,82,79,38,93,69,150,74,189,187,141,41,52,117,78,188,180,68,66,133,43,134,8,35,15,63,178,181,149,199,1,101,67,121,167,97,138,198,23,115,60,92,109,56,152,103,55,118,94,27,155,99,37,107,80,139,86,47,164,26,111,32,170,98,89,90,154,42,4,19,16,24,28,36,130,135,192,

1to 1:
1to 2:163,54,151,174,148,39,107,120,27,126,183,196,127,61,187,79,171,42,146,113,6,46,108,26,78,82,178,161,160,117,150,106,158,8,15,
1to 3:172,111,136,142,7,17,21,13,123,5,176,75,122,32,194,48,118,30,14,55,10,165,152,100,184,154,115,95,159,63,173,149,189,155,86,74,
1to 4:112,65,167,193,191,22,44,56,60,31,186,94,57,9,103,33,93,43,96,98,67,139,4,16,19,141,182,101,68,36,89,
1to 5:104,190,157,12,132,38,20,24,87,128,110,129,69,70,156,97,197,145,125,121,77,92,188,134,181,37,29,34,137,47,71,41,198,135,200,162,131,35,102,1,80,170,
2to 1:59,76,175,20,193,13,24,25,22,69,60,73,118,31,188,37,94,29,66,100,135,179,162,95,23,168,18,63,139,102,19,62,1,141,189,83,
2to 2:
2to 3:3,177,109,110,129,70,53,183,125,127,92,88,140,47,124,46,26,78,192,4,114,160,35,150,119,16,133,182,199,15,89,
2to 4:144,38,163,185,54,85,174,148,107,91,195,75,32,48,61,134,79,42,137,146,154,71,41,130,84,200,82,58,166,131,158,8,170,52,45,
2to 5:143,111,151,50,120,176,105,72,27,2,122,194,14,10,171,40,180,103,33,113,184,43,108,96,99,98,159,67,161,90,155,86,101,28,164,
3to 1:3,54,151,64,148,51,147,91,177,195,105,110,70,197,53,56,2,126,125,121,196,11,61,153,186,57,9,103,124,93,41,200,67,166,131,35,119,106,16,158,80,199,28,
3to 2:185,85,24,69,75,122,73,32,194,48,77,31,134,14,10,165,181,66,33,154,130,43,162,98,18,139,19,86,101,68,36,164,
3to 3:
3to 4:111,142,39,5,176,156,72,27,116,92,30,55,152,100,113,135,115,179,26,99,78,95,23,168,159,161,173,117,149,90,62,1,83,
3to 5:169,49,7,123,109,183,138,118,187,88,140,81,6,84,82,192,63,114,160,150,133,8,189,182,74,52,45,15,
4to 1:104,144,38,185,136,85,39,21,123,87,109,128,129,72,145,122,138,92,134,14,165,181,40,140,34,180,137,113,71,130,108,99,192,178,161,114,90,155,74,45,164,
4to 2:112,76,13,25,176,105,44,53,30,186,55,57,29,9,47,124,184,198,168,67,63,173,35,102,149,62,133,1,80,189,199,89,
4to 3:151,65,167,51,147,193,195,120,22,97,196,187,81,33,6,41,43,84,162,18,166,131,8,101,170,68,52,28,
4to 4:
4to 5:174,17,91,191,116,60,73,32,11,61,153,79,66,42,146,152,93,46,115,179,78,95,23,58,4,117,119,106,19,158,141,36,83,
5to 1:143,172,111,169,49,167,50,17,107,44,116,30,187,55,88,81,184,6,154,46,84,26,96,82,98,159,58,117,149,133,182,68,52,89,
5to 2:104,59,157,3,12,132,175,177,191,22,129,94,34,115,179,200,23,4,119,16,74,170,45,83,
5to 3:38,20,64,91,105,156,72,56,27,2,126,145,73,11,77,153,31,188,181,9,171,66,137,146,103,71,130,135,99,168,139,102,90,106,62,141,36,
5to 4:190,21,51,147,24,120,25,109,97,197,125,121,138,118,37,40,140,180,47,124,198,192,178,18,114,160,150,80,155,86,199,28,164,15,
5to 5:

cell1:5,3,2,4,
cell2:4,1,5,3,
cell3:1,2,4,5,
cell4:1,3,5,2,
cell5:2,3,1,4,
