machine1:0,5,156,195,193,21,146,100,65,56,107,155,97,59,142,3,13,20,17,118,175,159,148,64,26,143,169,136,112,183,94,2,91,160,48,163,144,75,145,29,85,72,103,25,153,127,98,184,132,92,16,139,199,58,50,137,37,55,170,40,157,7,61,24,86,125,45,76,114,88,47,67,10,200,124,186,119,23,44,168,70,53,46,62,60,171,4,188,165,151,11,152,77,191,102,18,90,173,130,34,83,194,198,122,123,89,131,166,6,106,108,158,128,82,79,161,187,93,150,141,74,41,52,69,78,66,68,133,43,134,1,15,63,181,149,19,178,101,36,
machine2:0,105,120,5,156,177,111,195,167,193,21,146,100,180,172,65,56,38,107,155,97,59,142,99,147,190,22,3,13,138,51,121,20,27,17,118,175,109,110,49,185,159,148,197,64,26,71,143,169,104,136,12,112,183,94,2,164,91,160,48,163,140,192,176,144,75,145,29,85,72,196,162,103,25,153,127,98,184,132,28,92,16,139,199,58,50,137,37,55,170,81,135,96,40,157,7,73,61,84,24,30,86,125,45,76,32,129,114,182,116,88,47,67,126,33,10,200,54,124,31,186,115,154,113,119,14,87,23,44,168,174,70,53,46,62,60,171,4,179,188,165,151,11,152,77,42,191,102,18,90,173,130,57,34,83,194,198,95,122,123,89,131,9,166,6,106,39,108,158,128,82,79,161,187,80,93,150,189,141,74,41,117,52,69,78,66,68,133,43,134,8,35,1,15,63,181,149,19,178,101,36,
machine3:0,120,193,146,100,180,107,155,59,99,22,20,27,175,110,185,159,148,71,104,12,183,94,164,160,48,140,192,176,144,75,29,85,72,196,127,98,184,28,92,16,139,199,58,137,37,55,170,96,40,84,86,125,45,76,32,129,114,182,88,47,126,33,54,124,115,154,119,14,23,168,174,70,62,60,171,4,179,151,77,42,191,18,90,130,57,194,95,122,89,166,6,39,108,158,82,79,161,80,150,189,141,74,117,52,69,66,68,35,15,63,181,19,
machine4:0,105,120,177,111,195,193,146,100,180,38,107,155,59,99,22,3,13,20,27,118,175,109,110,185,159,148,26,71,143,104,12,112,183,94,2,164,91,160,48,163,140,192,176,144,75,29,85,72,196,162,103,25,127,98,184,132,28,92,16,139,199,58,50,137,37,55,170,135,96,40,157,73,61,84,24,30,86,125,45,76,32,129,114,182,88,47,67,126,33,10,200,54,124,31,186,115,154,113,119,14,23,44,168,174,70,53,46,62,60,171,4,179,188,165,151,77,42,191,102,18,90,173,130,57,34,83,194,198,95,122,89,131,9,166,6,106,39,108,158,82,79,161,187,80,150,189,141,74,41,117,52,69,78,66,68,133,43,134,8,35,1,15,63,181,149,19,178,101,36,
machine5:0,105,120,5,156,177,111,167,193,21,146,100,172,56,97,142,147,13,51,121,110,49,185,64,26,71,183,2,164,160,176,145,162,127,184,92,81,30,86,45,182,116,47,126,33,200,124,186,154,113,14,168,70,46,62,171,4,179,165,11,152,18,173,57,83,123,131,9,166,106,158,82,187,93,189,74,41,117,69,78,68,133,134,8,35,1,15,181,149,101,36,
machine6:0,105,120,5,156,177,111,195,167,193,21,146,100,172,65,56,38,155,97,142,99,147,22,3,13,138,51,121,20,27,17,118,109,110,49,185,159,148,197,64,26,71,169,136,183,2,164,91,160,48,140,192,176,75,145,85,72,196,162,103,153,127,98,184,28,92,16,139,199,137,55,170,81,135,7,73,61,84,24,30,86,125,45,32,129,114,182,116,88,47,67,126,33,10,200,54,124,31,186,115,154,113,119,14,23,168,70,53,46,62,171,4,179,188,165,151,11,152,77,102,18,90,173,130,57,83,194,95,122,123,89,131,9,166,6,106,39,158,82,161,187,80,93,150,189,141,74,41,117,52,69,78,66,68,133,43,134,8,35,1,15,63,181,149,19,101,36,
machine7:0,105,5,111,167,193,21,100,180,65,56,38,107,155,97,99,147,190,13,138,121,27,17,118,109,148,26,71,136,112,94,164,48,163,192,145,29,85,196,162,103,153,98,28,92,16,139,199,58,37,55,170,81,135,24,86,32,116,47,67,33,115,154,113,119,14,87,23,168,174,53,46,60,4,179,165,152,42,102,18,90,173,130,34,83,198,95,122,123,89,166,6,106,108,128,161,187,80,189,141,74,41,117,52,66,133,8,35,1,63,181,149,19,178,36,
machine8:0,105,120,5,156,111,195,167,193,21,146,100,180,65,56,38,107,155,97,142,99,147,190,22,13,138,51,121,27,17,118,109,185,159,148,197,26,71,104,136,112,94,164,91,160,48,163,140,192,176,144,75,145,29,85,72,196,162,103,25,153,98,184,28,92,16,139,199,58,137,37,55,170,81,135,96,40,73,61,84,24,30,86,125,45,76,32,129,114,182,116,47,67,33,200,54,124,31,186,115,154,113,119,14,87,23,44,168,174,53,46,62,60,4,179,165,151,11,152,42,191,102,18,90,173,130,57,34,83,198,95,122,123,89,131,9,166,6,106,39,108,158,128,82,79,161,187,80,93,150,189,141,74,41,117,52,78,66,68,133,43,134,8,35,1,15,63,181,149,19,178,101,36,
machine9:0,21,146,172,56,38,107,155,99,147,190,3,138,51,121,20,110,49,159,197,26,71,143,169,12,164,91,160,176,29,103,25,153,98,184,132,16,139,199,58,50,37,55,170,135,96,40,157,7,61,84,24,125,45,114,182,88,67,126,33,10,124,31,115,14,87,23,44,70,46,62,60,179,188,11,152,42,130,34,83,198,122,123,89,131,9,106,158,128,82,161,80,93,150,189,141,41,117,69,78,68,133,43,134,8,35,1,15,63,149,19,178,36,
machine10:0,105,120,156,177,111,167,21,146,180,172,56,38,107,155,97,59,99,147,190,22,3,138,51,121,20,27,17,118,175,109,110,49,159,197,64,26,71,143,169,104,12,183,94,2,164,91,160,140,192,176,145,29,72,162,103,25,153,98,184,132,28,92,16,139,199,58,50,137,37,55,170,81,135,96,40,157,7,73,61,84,24,30,86,125,45,32,129,114,182,116,88,47,67,126,33,10,200,124,31,115,154,113,119,14,87,23,44,168,174,70,46,62,60,171,4,179,188,151,11,152,77,42,191,102,18,90,130,34,83,194,198,95,122,123,89,131,9,6,106,108,158,128,82,79,161,187,80,93,150,189,141,74,41,117,52,69,78,66,68,133,43,134,8,35,1,15,63,181,149,19,178,101,36,

1to 1:
1to 2:163,54,151,174,148,39,107,120,27,126,183,196,127,61,187,79,171,42,146,113,6,46,108,26,78,82,178,161,160,117,150,106,158,8,15,
1to 3:172,111,136,142,7,17,21,13,123,5,176,75,122,32,194,48,118,30,14,55,10,165,152,100,184,154,115,95,159,63,173,149,189,155,86,74,
1to 4:112,65,167,193,191,22,44,56,60,31,186,94,57,9,103,33,93,43,96,98,67,139,4,16,19,141,182,101,68,36,89,
1to 5:104,190,157,12,132,38,20,24,87,128,110,129,69,70,156,97,197,145,125,121,77,92,188,134,181,37,29,34,137,47,71,41,198,135,200,162,131,35,102,1,80,170,
2to 1:59,76,175,20,193,13,24,25,22,69,60,73,118,31,188,37,94,29,66,100,135,179,162,95,23,168,18,63,139,102,19,62,1,141,189,83,
2to 2:
2to 3:3,177,109,110,129,70,53,183,125,127,92,88,140,47,124,46,26,78,192,4,114,160,35,150,119,16,133,182,199,15,89,
2to 4:144,38,163,185,54,85,174,148,107,91,195,75,32,48,61,134,79,42,137,146,154,71,41,130,84,200,82,58,166,131,158,8,170,52,45,
2to 5:143,111,151,50,120,176,105,72,27,2,122,194,14,10,171,40,180,103,33,113,184,43,108,96,99,98,159,67,161,90,155,86,101,28,164,
3to 1:3,54,151,64,148,51,147,91,177,195,105,110,70,197,53,56,2,126,125,121,196,11,61,153,186,57,9,103,124,93,41,200,67,166,131,35,119,106,16,158,80,199,28,
3to 2:185,85,24,69,75,122,73,32,194,48,77,31,134,14,10,165,181,66,33,154,130,43,162,98,18,139,19,86,101,68,36,164,
3to 3:
3to 4:111,142,39,5,176,156,72,27,116,92,30,55,152,100,113,135,115,179,26,99,78,95,23,168,159,161,173,117,149,90,62,1,83,
3to 5:169,49,7,123,109,183,138,118,187,88,140,81,6,84,82,192,63,114,160,150,133,8,189,182,74,52,45,15,
4to 1:104,144,38,185,136,85,39,21,123,87,109,128,129,72,145,122,138,92,134,14,165,181,40,140,34,180,137,113,71,130,108,99,192,178,161,114,90,155,74,45,164,
4to 2:112,76,13,25,176,105,44,53,30,186,55,57,29,9,47,124,184,198,168,67,63,173,35,102,149,62,133,1,80,189,199,89,
4to 3:151,65,167,51,147,193,195,120,22,97,196,187,81,33,6,41,43,84,162,18,166,131,8,101,170,68,52,28,
4to 4:
4to 5:174,17,91,191,116,60,73,32,11,61,153,79,66,42,146,152,93,46,115,179,78,95,23,58,4,117,119,106,19,158,141,36,83,
5to 1:143,172,111,169,49,167,50,17,107,44,116,30,187,55,88,81,184,6,154,46,84,26,96,82,98,159,58,117,149,133,182,68,52,89,
5to 2:104,59,157,3,12,132,175,177,191,22,129,94,34,115,179,200,23,4,119,16,74,170,45,83,
5to 3:38,20,64,91,105,156,72,56,27,2,126,145,73,11,77,153,31,188,181,9,171,66,137,146,103,71,130,135,99,168,139,102,90,106,62,141,36,
5to 4:190,21,51,147,24,120,25,109,97,197,125,121,138,118,37,40,140,180,47,124,198,192,178,18,114,160,150,80,155,86,199,28,164,15,
5to 5:

cell1:5,3,2,4,
cell2:4,1,5,3,
cell3:1,2,4,5,
cell4:1,3,5,2,
cell5:2,3,1,4,
