machine1:0,29,113,109,104,30,56,105,116,82,33,14,126,86,129,130,121,83,63,77,18,20,27,61,117,99,15,102,46,26,31,42,103,106,49,115,128,19,7,32,119,124,2,36,70,67,108,60,50,12,40,78,16,9,51,23,52,100,21,91,64,55,44,120,65,80,53,58,98,92,66,11,107,28,4,43,68,6,81,94,48,57,54,
machine2:0,29,113,109,104,30,111,56,24,105,116,82,33,14,126,110,95,86,129,130,121,83,63,77,72,18,20,27,97,61,85,123,84,117,99,15,59,71,102,3,62,46,26,31,42,122,103,114,106,49,88,25,87,115,128,47,90,19,10,101,7,69,32,119,96,124,34,37,2,8,36,70,38,67,108,60,41,13,50,12,112,40,78,16,89,9,51,125,23,52,100,76,21,91,93,79,64,55,73,44,120,65,5,75,80,53,58,98,92,17,66,11,74,107,28,35,4,45,1,118,43,127,68,6,81,94,48,57,54,22,39,
machine3:0,104,111,24,105,33,126,110,129,121,83,27,97,61,84,99,59,102,26,31,103,49,87,128,47,10,101,32,96,37,8,67,108,13,112,40,78,16,89,9,51,23,52,100,76,79,64,44,65,5,75,53,17,66,107,35,4,45,1,118,127,68,6,94,57,54,22,39,
machine4:0,113,109,104,30,111,56,24,105,82,33,14,126,110,95,129,121,83,77,27,97,61,85,84,99,15,59,71,102,62,26,31,42,122,103,114,106,49,88,87,128,47,19,10,101,7,69,32,119,96,124,34,37,8,36,70,38,67,108,60,41,13,50,112,40,78,16,89,9,51,23,52,100,76,93,79,64,73,44,65,5,75,80,53,92,17,66,11,107,28,35,4,45,1,118,127,68,6,81,94,48,57,54,22,39,
machine5:0,29,113,109,104,30,111,56,24,105,116,82,33,14,126,110,95,86,129,130,121,83,63,77,72,20,27,97,61,85,84,117,15,59,71,102,3,62,46,31,42,103,114,106,88,25,87,115,128,47,90,19,101,69,32,119,96,34,2,8,36,70,38,67,60,41,50,16,89,51,23,100,91,93,79,64,55,73,44,65,5,75,80,98,92,17,11,74,107,28,35,4,45,1,118,43,127,68,6,81,94,48,57,54,22,39,
machine6:0,29,113,109,104,30,111,56,24,105,116,82,33,14,126,110,95,86,129,130,121,83,63,77,72,20,27,97,61,85,84,15,59,71,102,3,62,46,31,42,103,114,106,88,25,87,115,128,47,90,32,119,96,34,2,36,70,38,60,16,23,91,55,73,44,65,5,75,80,98,92,17,11,74,28,4,45,1,43,127,68,6,81,94,48,57,54,22,39,
machine7:0,104,30,111,105,116,82,33,14,126,110,129,121,83,63,77,72,27,97,15,59,102,31,103,88,87,128,90,32,119,96,34,36,70,16,23,55,5,75,80,92,17,11,74,28,4,45,43,127,68,6,81,94,57,54,39,
machine8:0,109,104,111,56,105,116,82,14,129,83,77,20,97,61,85,99,15,102,42,114,106,49,88,87,115,128,47,7,32,124,8,36,70,60,23,93,55,73,44,120,5,92,17,66,11,74,28,45,43,127,68,6,81,48,57,54,39,
machine9:0,29,109,104,30,111,56,105,116,82,33,14,110,86,129,121,83,77,72,18,20,97,61,85,123,84,117,99,15,59,102,3,26,31,42,122,103,114,106,49,88,87,115,128,47,19,101,7,32,96,124,34,37,8,36,70,67,108,60,50,78,16,89,9,51,125,23,52,21,91,93,64,55,73,44,120,5,80,98,92,17,66,11,74,28,45,118,43,127,68,6,81,94,48,57,54,22,39,
machine10:0,109,30,111,116,82,14,126,110,86,63,72,20,97,123,71,102,31,42,122,114,49,87,115,47,90,19,101,7,119,34,2,36,108,60,13,40,78,16,89,9,51,125,23,76,21,93,64,44,58,98,92,66,11,74,4,1,118,127,94,48,57,54,39,
machine11:0,109,104,30,111,56,105,116,82,14,126,110,95,86,130,121,83,63,77,72,18,20,97,61,85,123,99,15,59,71,102,62,46,26,31,42,122,103,114,106,49,25,87,115,128,47,90,19,101,7,32,119,124,34,2,36,70,38,67,108,60,13,50,12,112,40,78,16,89,9,51,125,23,52,76,21,93,79,64,73,44,120,65,5,80,53,58,98,92,17,66,11,74,28,4,45,1,118,127,68,6,81,94,48,57,54,39,
machine12:0,109,104,30,56,105,116,82,14,121,83,72,61,84,15,59,71,3,26,122,103,106,87,115,128,47,90,19,10,101,7,69,32,96,124,34,2,36,70,108,41,12,78,16,51,93,44,75,80,98,92,66,11,28,45,1,127,6,94,39,
machine13:0,29,109,104,30,111,56,105,116,82,33,14,126,110,95,129,130,121,83,72,18,20,97,61,85,123,84,117,99,15,59,71,102,3,26,122,103,106,88,25,87,115,128,47,90,19,10,101,7,69,32,119,96,124,34,37,2,8,36,70,38,67,108,60,41,50,12,112,40,78,16,51,125,52,100,93,64,55,44,5,75,80,58,98,92,17,66,11,74,107,28,35,4,45,1,127,68,6,94,57,54,22,39,

1to 1:
1to 2:45,50,32,82,94,118,93,27,46,60,38,98,124,102,2,101,126,122,20,37,91,24,47,43,105,31,36,129,72,106,39,96,57,90,117,115,55,92,111,14,121,6,15,80,23,104,48,25,73,119,114,11,125,85,110,116,56,68,75,63,44,16,103,62,70,130,81,3,5,1,77,109,17,34,128,61,71,54,59,49,74,113,97,89,29,88,33,42,84,67,30,83,87,86,28,4,65,127,95,19,22,
1to 3:23,50,112,14,73,80,89,20,53,79,29,90,124,70,2,37,51,56,52,57,95,108,71,96,130,67,13,38,100,30,123,39,62,109,111,117,59,1,32,5,64,54,92,74,99,126,60,4,10,11,18,19,65,40,127,85,78,44,101,102,35,88,66,103,104,45,8,68,21,7,81,83,106,119,9,17,76,
2to 1:46,91,117,124,73,37,43,90,118,29,65,86,114,62,8,32,98,64,38,55,20,96,31,15,122,88,128,97,60,56,22,111,39,51,33,85,23,81,59,106,99,116,71,104,42,103,66,119,19,57,17,48,92,5,102,70,30,47,77,4,6,14,45,44,109,83,54,87,
2to 2:
2to 3:18,120,125,25,123,95,50,108,86,114,3,26,84,2,98,75,130,55,20,49,15,61,129,93,97,80,7,1,22,115,105,110,72,16,106,82,74,103,17,121,34,67,28,92,36,102,77,127,6,45,83,68,94,
3to 1:10,66,92,97,30,80,129,26,95,124,39,46,65,112,32,104,121,28,103,29,54,61,98,93,83,90,105,108,25,109,40,6,64,118,14,17,100,33,102,88,50,126,122,5,4,1,114,19,70,128,7,48,74,79,101,125,63,107,72,47,110,58,67,34,94,87,75,11,41,12,69,62,57,73,89,120,130,49,68,44,106,35,56,82,127,2,99,115,
3to 2:15,60,18,7,127,109,110,36,42,45,84,59,81,82,9,31,85,51,80,74,22,52,54,116,21,106,16,78,26,30,111,20,98,123,
3to 3:

cell1:2,3,
cell2:3,1,
cell3:2,1,
