machine1:0,12,2,14,1,8,7,9,10,6,13,3,11,5,15,4,
machine2:0,12,2,14,1,8,9,10,6,13,11,5,4,
machine3:0,12,1,8,9,13,11,5,
machine4:0,12,2,14,8,7,9,10,6,13,3,11,5,15,
machine5:0,2,14,8,7,9,6,13,3,11,5,15,
machine6:0,14,8,6,13,11,5,
machine7:0,12,2,1,8,9,10,6,13,3,5,4,
machine8:0,12,1,8,10,6,13,3,4,
machine9:0,8,6,13,4,
machine10:0,12,14,1,8,7,9,10,6,13,3,11,5,15,4,
machine11:0,7,9,10,6,3,11,5,15,4,
machine12:0,6,3,11,5,15,4,

1to 1:
1to 2:14,15,
1to 3:2,12,8,
1to 4:4,11,1,
2to 1:7,6,2,8,11,13,
2to 2:
2to 3:9,5,3,
2to 4:10,14,12,
3to 1:10,
3to 2:13,12,6,
3to 3:
3to 4:9,3,5,8,
4to 1:15,9,3,5,
4to 2:7,
4to 3:4,13,1,10,6,
4to 4:

cell1:2,4,3,
cell2:3,1,4,
cell3:1,2,4,
cell4:2,3,1,
