machine1:0,12,7,14,1,2,8,6,11,9,10,3,5,15,13,4,
machine2:0,12,14,1,2,8,6,11,9,10,5,13,4,
machine3:0,12,1,8,11,9,5,13,
machine4:0,12,7,14,2,8,6,11,9,10,3,5,15,13,
machine5:0,7,14,2,8,6,11,9,3,5,15,13,
machine6:0,14,8,6,11,5,13,
machine7:0,12,1,2,8,6,9,10,3,5,13,4,
machine8:0,12,1,8,6,10,3,13,4,
machine9:0,8,6,13,4,
machine10:0,12,7,14,1,8,6,11,9,10,3,5,15,13,4,
machine11:0,7,6,11,9,10,3,5,15,4,
machine12:0,6,11,3,5,15,4,

1to 1:
1to 2:14,15,
1to 3:2,12,8,
1to 4:4,11,1,
2to 1:6,8,11,13,2,7,
2to 2:
2to 3:3,5,9,
2to 4:10,12,14,
3to 1:10,
3to 2:6,12,13,
3to 3:
3to 4:5,8,3,9,
4to 1:3,5,9,15,
4to 2:7,
4to 3:6,10,1,13,4,
4to 4:

cell1:2,4,3,
cell2:4,3,1,
cell3:2,4,1,
cell4:1,3,2,
