machine1:0,27,85,159,83,147,59,35,53,61,33,50,8,150,127,99,13,12,143,115,136,142,155,58,87,144,34,23,63,76,140,16,46,128,48,148,73,102,9,45,52,126,105,71,62,111,131,146,66,133,21,91,107,18,118,14,79,32,92,2,108,103,26,41,132,17,152,65,116,54,122,124,69,55,10,28,130,75,138,42,43,90,64,82,96,134,1,40,135,156,160,57,31,109,113,141,80,36,5,72,81,24,106,51,29,139,153,
machine2:0,27,47,110,157,39,86,85,3,159,104,120,88,44,149,137,6,4,83,60,7,119,147,100,59,129,89,35,78,53,67,61,33,74,68,70,30,123,56,50,117,8,150,154,127,25,99,151,37,114,13,19,121,12,143,115,136,142,155,112,158,58,93,87,20,145,144,34,23,63,49,76,101,125,97,11,22,140,77,38,16,46,128,98,48,148,73,102,9,94,84,95,45,52,126,105,71,62,111,131,146,15,66,133,21,91,107,18,118,14,79,32,92,2,108,103,26,41,132,17,152,65,116,54,122,124,69,55,10,28,130,75,138,42,43,90,64,82,96,134,1,40,135,156,160,57,31,109,113,141,80,36,5,72,81,24,106,51,29,139,153,
machine3:0,27,157,39,86,159,104,120,149,4,83,7,119,100,129,89,78,67,74,68,30,56,50,8,154,127,99,151,37,114,13,121,12,115,142,155,158,145,34,23,63,49,97,11,22,77,38,46,128,148,73,102,9,84,95,45,105,62,111,66,133,91,118,14,2,108,103,41,132,152,116,69,55,130,75,64,82,40,156,160,80,36,5,81,24,51,29,139,153,
machine4:0,27,47,110,157,39,86,85,3,159,104,120,88,149,6,4,83,60,7,119,147,100,59,129,89,35,78,67,33,74,68,70,30,123,56,50,117,8,150,154,127,25,99,151,37,114,13,19,121,12,115,142,155,112,158,58,93,87,20,145,144,34,23,63,49,76,101,125,97,11,22,140,77,38,16,46,128,98,48,148,73,102,9,84,95,45,52,126,105,71,62,111,131,15,66,133,91,18,118,14,79,32,2,108,103,26,41,132,152,65,116,54,124,69,55,10,130,75,43,90,64,82,40,156,160,31,109,113,141,80,36,5,72,81,24,106,51,29,139,153,
machine5:0,110,39,3,159,104,120,44,149,137,83,60,7,147,100,59,89,53,67,61,74,68,70,30,56,117,154,151,37,114,13,19,121,143,115,136,142,112,58,20,63,101,125,140,77,38,46,128,98,148,102,94,84,95,52,126,105,71,146,15,133,21,107,18,14,32,92,41,132,65,28,130,42,134,135,156,57,31,72,81,24,29,
machine6:0,27,47,110,157,39,85,3,159,104,120,88,44,149,137,6,4,83,60,7,147,100,59,129,89,78,53,67,61,74,68,70,30,123,56,50,117,8,154,127,25,99,151,37,114,13,19,121,12,143,115,136,142,112,58,93,87,20,144,34,23,63,49,76,101,125,97,22,140,77,38,16,46,128,98,48,148,102,9,94,84,95,45,52,126,105,71,62,111,131,146,15,66,133,21,91,107,18,118,14,79,32,92,2,108,103,26,41,132,17,152,65,116,122,124,55,28,130,75,138,42,43,90,64,96,134,1,135,156,57,31,109,113,141,80,36,5,72,81,24,51,29,
machine7:0,27,47,157,39,86,85,3,104,88,44,149,137,6,4,7,119,147,59,129,89,35,61,33,30,123,117,150,154,127,25,114,121,155,158,93,87,145,23,101,125,97,11,22,48,73,9,94,84,95,71,62,131,15,66,91,118,32,2,17,65,116,54,122,69,55,10,138,90,96,1,135,31,109,36,5,106,51,139,153,
machine8:0,27,47,110,157,39,86,85,3,159,104,120,88,44,149,137,6,4,83,60,7,119,147,100,59,129,89,35,78,53,61,33,74,70,30,123,56,117,150,154,127,25,37,114,13,19,121,143,115,136,142,155,112,158,58,93,87,20,145,144,23,63,49,76,101,125,97,11,22,77,38,16,46,128,98,48,73,9,94,84,95,52,126,105,71,62,131,146,15,66,21,91,107,118,14,79,32,92,2,108,26,17,152,65,116,54,122,124,69,55,10,28,130,138,42,43,90,64,82,96,134,1,40,135,160,57,31,109,113,141,80,36,5,72,81,24,106,51,29,139,153,

1to 1:
1to 2:48,86,10,68,27,150,124,151,125,11,37,148,34,16,76,79,39,70,67,103,87,63,58,73,149,8,140,84,157,102,99,83,85,55,147,60,88,91,159,120,152,65,46,89,115,
1to 3:47,143,19,133,132,21,92,44,41,50,90,128,45,38,75,61,126,94,12,129,105,123,13,62,114,20,56,23,
1to 4:145,144,155,6,137,110,33,35,142,17,146,53,78,30,100,136,74,71,3,22,119,32,9,118,127,131,69,112,4,59,154,130,52,77,29,14,80,
2to 1:145,155,111,6,19,54,133,35,132,40,82,158,43,30,116,81,160,41,109,117,74,90,71,45,153,3,75,119,2,32,139,69,97,64,108,105,49,130,114,95,14,
2to 2:
2to 3:72,98,18,110,27,151,156,113,70,31,103,58,8,157,99,85,66,147,131,60,88,112,4,159,152,59,15,52,77,29,115,80,
2to 4:48,125,37,25,26,76,39,141,87,38,83,93,24,104,126,106,101,51,120,129,65,46,123,13,36,5,89,7,121,
3to 1:144,48,57,68,18,110,1,124,134,17,156,42,53,37,148,34,113,78,76,79,31,100,67,141,87,149,140,84,138,135,102,22,93,24,55,9,66,112,91,4,65,29,5,89,7,80,121,
3to 2:111,6,142,25,26,30,81,50,74,128,38,2,104,126,118,127,101,51,12,129,49,154,13,62,36,56,95,23,
3to 3:
3to 4:47,96,122,72,28,19,98,107,27,43,16,116,109,63,117,157,61,147,97,64,108,159,15,20,
4to 1:26,85,63,107,150,128,44,104,101,122,143,11,28,23,152,60,86,62,88,98,36,72,58,25,10,51,21,94,73,123,70,92,96,56,115,15,106,16,
4to 2:43,113,31,40,158,9,139,64,54,114,153,59,22,105,82,116,33,117,77,109,47,78,108,90,160,20,66,144,100,52,97,131,
4to 3:118,125,84,93,24,121,135,7,124,3,2,81,154,137,130,39,142,95,138,42,79,83,1,32,57,71,91,127,146,134,55,141,120,149,14,5,49,46,136,
4to 4:

cell1:2,4,3,
cell2:1,3,4,
cell3:4,1,2,
cell4:2,3,1,
