machine1:0,103,156,85,40,57,31,134,132,1,8,75,41,18,133,150,50,55,139,99,109,34,58,90,2,12,143,115,82,81,23,63,107,54,127,140,16,113,42,128,92,148,73,102,142,10,45,91,131,122,105,24,62,111,66,79,21,28,43,160,108,46,116,141,155,52,48,153,124,138,135,152,17,96,71,64,144,72,51,59,87,83,118,130,5,106,26,136,9,32,159,36,146,53,35,27,33,126,65,14,61,69,76,80,147,29,13,
machine2:0,103,156,85,40,57,31,70,134,132,1,8,67,75,41,68,18,133,56,150,50,55,139,99,109,34,58,90,151,2,12,143,115,84,82,81,23,63,158,107,54,127,11,140,16,86,113,42,128,92,148,73,102,142,94,95,10,45,91,131,122,105,24,62,111,137,149,15,66,79,21,28,43,160,108,46,116,6,114,100,141,155,123,39,52,48,153,47,124,138,135,49,152,17,96,71,64,60,144,44,117,72,51,59,120,154,78,93,88,77,22,125,30,145,87,83,118,3,130,5,106,26,136,9,97,32,7,159,36,121,25,104,98,146,53,35,27,112,110,33,126,65,37,20,119,157,14,19,74,61,69,76,80,38,129,89,101,147,4,29,13,
machine3:0,103,156,40,132,8,67,75,41,68,133,56,50,55,139,99,34,151,2,12,115,84,82,81,23,63,158,127,11,86,128,148,73,102,142,95,45,91,105,24,62,111,149,66,160,108,46,116,114,100,155,39,153,49,152,64,51,120,154,78,77,22,30,145,83,118,130,5,9,97,7,159,36,121,104,27,37,119,157,14,74,69,80,38,129,89,4,29,13,
machine4:0,103,156,85,40,31,70,132,8,67,75,41,68,18,133,56,150,50,55,139,99,109,34,58,90,151,2,12,115,84,82,81,23,63,158,54,127,11,140,16,86,113,128,148,73,102,142,95,10,45,91,131,105,24,62,111,149,15,66,79,43,160,108,46,116,6,114,100,141,155,123,39,52,48,153,47,124,49,152,71,64,60,144,117,72,51,59,120,154,78,93,88,77,22,125,30,145,87,83,118,3,130,5,106,26,9,97,32,7,159,36,121,25,104,98,35,27,112,110,33,126,65,37,20,119,157,14,19,74,69,76,80,38,129,89,101,147,4,29,13,
machine5:0,156,57,31,70,134,132,67,41,68,18,133,56,58,151,143,115,84,81,63,107,140,42,128,92,148,102,142,94,95,105,24,137,149,15,21,28,46,114,100,39,52,135,71,60,44,117,72,59,120,154,77,125,30,83,3,130,136,32,7,159,121,104,98,146,53,112,110,126,65,37,20,14,19,74,61,38,89,101,147,29,13,
machine6:0,103,156,85,57,31,70,134,132,1,8,67,75,41,68,18,133,56,50,55,99,109,34,58,90,151,2,12,143,115,84,81,23,63,107,127,140,16,113,42,128,92,148,102,142,94,95,45,91,131,122,105,24,62,111,137,149,15,66,79,21,28,43,108,46,116,6,114,100,141,123,39,52,48,47,124,138,135,49,152,17,96,71,64,60,144,44,117,72,51,59,120,154,78,93,88,77,22,125,30,87,83,118,3,130,5,26,136,9,97,32,7,159,36,121,25,104,98,146,53,27,112,110,126,65,37,20,157,14,19,74,61,76,80,38,129,89,101,147,4,29,13,
machine7:0,85,31,1,150,55,139,109,90,2,84,23,158,54,127,11,86,73,94,95,10,91,131,122,62,137,149,15,66,116,6,114,155,123,39,48,153,47,138,135,17,96,71,44,117,51,59,154,93,88,22,125,30,145,87,118,3,5,106,9,97,32,7,36,121,25,104,35,27,33,65,119,157,61,69,129,89,101,147,4,
machine8:0,85,40,57,31,70,134,1,56,150,55,139,109,58,90,2,143,115,84,82,81,23,63,158,107,54,127,11,16,86,113,42,128,92,73,142,94,95,10,91,131,122,105,24,62,137,149,15,66,79,21,28,43,160,108,46,116,6,114,100,141,155,123,39,52,48,153,47,124,138,135,49,152,17,96,71,64,60,144,44,117,72,51,59,120,154,78,93,88,77,22,125,30,145,87,83,118,3,130,5,106,26,136,9,97,32,7,159,36,121,25,104,98,146,53,35,27,112,110,33,126,65,37,20,119,157,14,19,74,61,69,76,80,38,129,89,101,147,4,29,13,

1to 1:
1to 2:48,86,10,68,27,150,124,151,125,11,37,148,34,16,76,79,39,70,67,103,87,63,58,73,149,8,140,84,157,102,99,83,85,55,147,60,88,91,159,120,152,65,46,89,115,
1to 3:47,143,19,133,132,21,92,44,41,50,90,128,45,38,75,61,126,94,12,129,105,123,13,62,114,20,56,23,
1to 4:145,144,155,6,137,110,33,35,142,17,146,53,78,30,100,136,74,71,3,22,119,32,9,118,127,131,69,112,4,59,154,130,52,77,29,14,80,
2to 1:145,155,111,6,19,54,133,35,132,40,82,158,43,30,116,81,160,41,109,117,74,90,71,45,153,3,75,119,2,32,139,69,97,64,108,105,49,130,114,95,14,
2to 2:
2to 3:72,98,18,110,27,151,156,113,70,31,103,58,8,157,99,85,66,147,131,60,88,112,4,159,152,59,15,52,77,29,115,80,
2to 4:48,125,37,25,26,76,39,141,87,38,83,93,24,104,126,106,101,51,120,129,65,46,123,13,36,5,89,7,121,
3to 1:144,48,57,68,18,110,1,124,134,17,156,42,53,37,148,34,113,78,76,79,31,100,67,141,87,149,140,84,138,135,102,22,93,24,55,9,66,112,91,4,65,29,5,89,7,80,121,
3to 2:111,6,142,25,26,30,81,50,74,128,38,2,104,126,118,127,101,51,12,129,49,154,13,62,36,56,95,23,
3to 3:
3to 4:47,96,122,72,28,19,98,107,27,43,16,116,109,63,117,157,61,147,97,64,108,159,15,20,
4to 1:26,85,63,107,150,128,44,104,101,122,143,11,28,23,152,60,86,62,88,98,36,72,58,25,10,51,21,94,73,123,70,92,96,56,115,15,106,16,
4to 2:43,113,31,40,158,9,139,64,54,114,153,59,22,105,82,116,33,117,77,109,47,78,108,90,160,20,66,144,100,52,97,131,
4to 3:118,125,84,93,24,121,135,7,124,3,2,81,154,137,130,39,142,95,138,42,79,83,1,32,57,71,91,127,146,134,55,141,120,149,14,5,49,46,136,
4to 4:

cell1:2,4,3,
cell2:1,3,4,
cell3:4,1,2,
cell4:2,3,1,
