machine1:0,61,27,6,68,48,39,55,57,41,30,13,31,71,34,18,8,72,16,43,76,32,37,79,36,75,59,5,67,42,60,69,2,33,12,7,50,38,63,24,49,65,51,52,29,77,66,45,
machine2:0,54,4,61,27,6,10,25,68,48,39,53,3,55,17,47,26,57,41,30,13,35,78,31,11,28,44,71,34,18,8,72,40,46,16,43,22,1,58,76,32,37,79,64,36,74,75,59,70,5,67,42,60,69,2,33,12,56,9,19,7,80,50,20,38,63,24,49,23,65,51,52,73,29,62,14,15,21,77,66,45,
machine3:0,61,27,6,10,25,39,3,55,26,57,13,35,78,31,11,28,44,71,18,72,40,46,16,22,1,58,76,37,79,36,75,59,5,69,9,19,7,20,24,49,23,65,51,62,14,15,77,66,
machine4:0,54,4,61,27,6,10,25,48,39,3,55,17,47,26,57,30,13,35,78,31,11,28,44,71,18,8,72,40,46,16,22,1,58,76,32,37,79,64,36,74,75,59,70,5,67,60,69,2,56,9,19,7,80,50,20,38,63,24,49,23,65,51,52,73,29,62,14,15,21,77,66,45,
machine5:0,54,4,68,39,53,41,30,13,78,44,46,58,32,37,64,74,60,69,2,56,9,19,80,20,63,23,73,29,62,14,15,45,
machine6:0,54,4,27,6,25,68,48,39,53,3,55,17,47,26,57,41,30,13,78,31,11,28,44,71,34,18,8,72,40,46,43,22,1,58,76,32,37,79,64,36,74,75,59,70,5,42,60,69,2,33,12,56,9,19,7,80,50,20,38,63,24,49,23,65,51,52,73,29,62,14,15,21,77,66,45,
machine7:0,4,61,27,10,48,53,3,55,17,47,41,30,35,31,71,34,46,43,22,32,64,36,74,59,70,5,67,42,2,33,12,56,9,7,80,38,63,24,23,65,51,52,73,29,62,14,21,66,
machine8:0,54,4,61,27,10,25,68,48,39,53,3,55,17,47,26,41,30,13,35,31,11,28,71,34,8,72,40,46,16,43,22,1,58,32,64,36,74,59,70,5,67,42,2,33,12,56,9,7,80,50,38,63,24,23,65,51,52,73,29,62,14,15,21,77,66,

1to 1:
1to 2:47,6,10,48,53,19,68,57,33,27,35,44,72,28,42,54,79,16,67,18,38,63,31,25,41,39,74,11,58,75,71,3,17,1,60,26,73,4,40,55,61,2,22,32,9,8,20,24,49,50,46,51,62,64,13,15,56,23,14,77,7,36,
2to 1:48,19,76,37,57,33,35,43,72,28,42,54,34,38,78,45,63,31,41,39,74,11,30,58,75,71,3,17,1,60,26,70,40,55,66,12,59,9,21,8,24,65,69,50,5,51,52,64,15,23,14,77,29,7,36,80,
2to 2:

cell1:2,
cell2:1,
