machine1:0,36,19,39,5,6,22,37,32,26,30,2,23,14,15,10,21,4,35,16,20,38,28,8,24,12,11,3,9,31,40,17,7,1,33,13,27,34,18,25,29,
machine2:0,6,32,20,38,8,9,31,13,25,
machine3:0,36,39,6,37,32,23,14,10,21,4,35,20,38,28,8,12,3,9,31,17,1,13,27,34,18,25,
machine4:0,36,19,39,5,6,22,37,32,2,23,14,10,21,4,35,16,20,38,28,8,24,12,3,9,31,40,17,7,1,13,27,34,18,25,29,
machine5:0,36,39,6,32,23,21,4,20,38,8,9,31,17,1,13,27,34,25,
machine6:0,36,19,39,5,6,22,37,32,26,30,2,23,15,10,16,20,28,8,24,12,11,3,9,31,40,17,7,1,33,13,27,34,18,25,29,
machine7:0,36,19,39,22,26,8,3,31,1,13,25,
machine8:0,36,19,39,5,22,26,30,23,16,20,28,8,24,12,11,3,31,40,1,13,34,25,29,
machine9:0,36,19,39,5,22,37,26,30,2,23,16,20,28,8,24,12,11,3,31,40,1,33,13,34,18,25,29,
machine10:0,36,19,39,5,22,26,23,20,28,8,24,3,31,40,1,13,34,25,
machine11:0,36,19,39,5,6,22,37,32,26,2,14,15,16,20,38,28,8,12,3,9,31,40,17,7,1,33,13,27,34,18,25,29,
machine12:0,36,19,39,22,37,32,2,3,31,1,33,25,
machine13:0,36,19,39,5,6,22,37,32,2,16,28,8,3,9,31,7,1,33,13,27,34,18,25,
machine14:0,36,19,39,5,6,22,37,32,26,2,16,20,38,28,8,12,3,9,31,7,1,33,13,27,34,18,25,29,
machine15:0,36,19,39,5,6,22,37,32,2,3,31,7,1,33,13,27,34,25,
machine16:0,36,19,39,5,6,22,37,32,26,2,23,15,4,35,16,20,38,28,8,24,12,11,3,9,31,40,7,1,13,27,34,18,25,29,
machine17:0,36,39,5,26,38,12,3,13,27,25,
machine18:0,36,19,39,5,6,22,37,32,26,23,15,4,35,16,38,8,24,12,3,9,31,7,13,27,34,25,
machine19:0,36,19,39,5,6,22,37,32,26,2,23,15,4,35,16,38,28,8,24,12,3,9,31,7,1,13,27,34,18,25,29,
machine20:0,36,39,5,6,22,32,26,15,4,16,38,24,12,3,31,7,13,27,34,25,
machine21:0,36,19,39,5,6,22,37,32,26,30,2,23,15,10,21,4,16,38,28,8,24,12,11,3,9,31,40,17,7,1,13,27,34,18,25,29,
machine22:0,19,39,22,12,3,13,34,
machine23:0,36,19,39,5,6,22,37,26,30,23,15,4,8,12,11,3,31,40,17,7,1,13,34,25,29,
machine24:0,36,19,39,5,6,22,37,32,26,30,2,23,15,4,16,28,8,24,12,11,3,9,31,40,17,7,1,13,34,25,29,
machine25:0,36,19,39,5,6,22,37,26,30,23,12,3,31,40,1,13,34,25,29,
machine26:0,36,19,39,5,6,22,37,32,26,30,23,14,15,4,35,16,20,38,28,8,24,12,11,3,9,40,17,7,1,33,13,27,34,25,29,
machine27:0,5,8,24,3,17,13,34,29,
machine28:0,36,19,39,5,22,26,23,15,16,20,38,28,8,24,3,17,7,1,13,27,34,25,29,
machine29:0,36,19,39,5,22,32,26,23,15,4,16,20,38,28,8,24,3,17,7,1,33,13,27,34,25,29,
machine30:0,36,19,39,5,22,23,20,38,8,24,3,17,1,13,34,29,

1to 1:
1to 2:6,40,34,37,8,39,2,33,
1to 3:15,16,9,14,
1to 4:7,38,4,23,28,35,13,27,32,18,
1to 5:21,17,19,31,1,5,11,22,36,26,30,
1to 6:3,29,24,25,
2to 1:25,26,11,18,7,5,16,15,30,10,
2to 2:
2to 3:36,17,28,29,37,
2to 4:39,19,34,24,20,
2to 5:12,23,6,8,9,
2to 6:22,27,33,40,
3to 1:38,39,12,36,22,19,32,6,
3to 2:27,13,5,3,9,
3to 3:
3to 4:1,26,15,37,31,
3to 5:28,2,18,7,
3to 6:8,16,20,
4to 1:2,9,20,31,3,
4to 2:32,26,36,25,22,28,
4to 3:6,40,5,18,7,
4to 4:
4to 5:29,13,38,
4to 6:12,15,39,11,19,1,37,34,
5to 1:4,24,29,40,27,23,34,
5to 2:10,31,1,
5to 3:12,13,8,25,
5to 4:16,2,3,
5to 5:
5to 6:17,28,6,7,32,38,26,36,
6to 1:14,35,13,1,
6to 2:30,11,24,20,29,17,23,12,
6to 3:33,32,22,19,3,34,
6to 4:9,40,5,8,
6to 5:4,16,15,37,27,25,39,
6to 6:

cell1:6,5,4,2,3,
cell2:5,4,3,6,1,
cell3:1,2,6,5,4,
cell4:3,2,6,5,1,
cell5:1,2,4,6,3,
cell6:2,1,5,4,3,
