machine1:0,27,6,32,16,24,37,4,26,30,36,23,8,5,28,3,31,15,35,20,9,11,38,21,7,40,10,17,33,13,2,1,14,34,25,18,12,19,29,39,22,
machine2:0,6,32,8,31,20,9,38,13,25,
machine3:0,27,6,32,37,4,36,23,8,28,3,31,35,20,9,38,21,10,17,13,1,14,34,25,18,12,39,
machine4:0,27,6,32,16,24,37,4,36,23,8,5,28,3,31,35,20,9,38,21,7,40,10,17,13,2,1,14,34,25,18,12,19,29,39,22,
machine5:0,27,6,32,4,36,23,8,31,20,9,38,21,17,13,1,34,25,39,
machine6:0,27,6,32,16,24,37,26,30,36,23,8,5,28,3,31,15,20,9,11,7,40,10,17,33,13,2,1,34,25,18,12,19,29,39,22,
machine7:0,26,36,8,3,31,13,1,25,19,39,22,
machine8:0,16,24,26,30,36,23,8,5,28,3,31,20,11,40,13,1,34,25,12,19,29,39,22,
machine9:0,16,24,37,26,30,36,23,8,5,28,3,31,20,11,40,33,13,2,1,34,25,18,12,19,29,39,22,
machine10:0,24,26,36,23,8,5,28,3,31,20,40,13,1,34,25,19,39,22,
machine11:0,27,6,32,16,37,26,36,8,5,28,3,31,15,20,9,38,7,40,17,33,13,2,1,14,34,25,18,12,19,29,39,22,
machine12:0,32,37,36,3,31,33,2,1,25,19,39,22,
machine13:0,27,6,32,16,37,36,8,5,28,3,31,9,7,33,13,2,1,34,25,18,19,39,22,
machine14:0,27,6,32,16,37,26,36,8,5,28,3,31,20,9,38,7,33,13,2,1,34,25,18,12,19,29,39,22,
machine15:0,27,6,32,37,36,5,3,31,7,33,13,2,1,34,25,19,39,22,
machine16:0,27,6,32,16,24,37,4,26,36,23,8,5,28,3,31,15,35,20,9,11,38,7,40,13,2,1,34,25,18,12,19,29,39,22,
machine17:0,27,26,36,5,3,38,13,25,12,39,
machine18:0,27,6,32,16,24,37,4,26,36,23,8,5,3,31,15,35,9,38,7,13,34,25,12,19,39,22,
machine19:0,27,6,32,16,24,37,4,26,36,23,8,5,28,3,31,15,35,9,38,7,13,2,1,34,25,18,12,19,29,39,22,
machine20:0,27,6,32,16,24,4,26,36,5,3,31,15,38,7,13,34,25,12,39,22,
machine21:0,27,6,32,16,24,37,4,26,30,36,23,8,5,28,3,31,15,9,11,38,21,7,40,10,17,13,2,1,34,25,18,12,19,29,39,22,
machine22:0,3,13,34,12,19,39,22,
machine23:0,6,37,4,26,30,36,23,8,5,3,31,15,11,7,40,17,13,1,34,25,12,19,29,39,22,
machine24:0,6,32,16,24,37,4,26,30,36,23,8,5,28,3,31,15,9,11,7,40,17,13,2,1,34,25,12,19,29,39,22,
machine25:0,6,37,26,30,36,23,5,3,31,40,13,1,34,25,12,19,29,39,22,
machine26:0,27,6,32,16,24,37,4,26,30,36,23,8,5,28,3,15,35,20,9,11,38,7,40,17,33,13,1,14,34,25,12,19,29,39,22,
machine27:0,24,8,5,3,17,13,34,29,
machine28:0,27,16,24,26,36,23,8,5,28,3,15,20,38,7,17,13,1,34,25,19,29,39,22,
machine29:0,27,32,16,24,4,26,36,23,8,5,28,3,15,20,38,7,17,33,13,1,34,25,19,29,39,22,
machine30:0,24,36,23,8,5,3,20,38,17,13,1,34,19,29,39,22,

1to 1:
1to 2:2,6,8,34,37,39,40,33,
1to 3:9,15,16,14,
1to 4:4,7,13,23,27,28,32,35,38,18,
1to 5:1,5,11,17,19,21,22,26,31,36,30,
1to 6:3,24,25,29,
2to 1:5,7,15,16,18,25,26,30,10,11,
2to 2:
2to 3:17,28,29,36,37,
2to 4:19,20,24,34,39,
2to 5:6,8,9,12,23,
2to 6:22,27,33,40,
3to 1:6,12,19,22,32,36,38,39,
3to 2:3,5,9,13,27,
3to 3:
3to 4:1,15,26,31,37,
3to 5:2,7,18,28,
3to 6:8,16,20,
4to 1:2,3,9,20,31,
4to 2:22,25,26,28,32,36,
4to 3:5,6,7,18,40,
4to 4:
4to 5:13,38,29,
4to 6:1,11,12,15,19,34,37,39,
5to 1:40,23,27,4,24,34,29,
5to 2:31,1,10,
5to 3:25,12,13,8,
5to 4:2,3,16,
5to 5:
5to 6:36,38,6,7,26,17,32,28,
6to 1:14,35,13,1,
6to 2:30,11,24,20,29,17,23,12,
6to 3:33,32,22,19,3,34,
6to 4:9,40,5,8,
6to 5:4,16,15,37,27,25,39,
6to 6:

cell1:6,4,5,2,3,
cell2:6,5,4,3,1,
cell3:6,5,4,2,1,
cell4:6,3,2,1,5,
cell5:1,6,4,2,3,
cell6:2,1,5,4,3,
