machine1:0,30,4,54,21,43,56,28,44,49,5,14,55,22,17,9,59,50,58,38,2,53,34,25,33,35,26,60,62,51,48,27,36,39,61,45,18,12,
machine2:0,64,30,4,31,15,54,21,43,56,20,28,1,44,7,32,8,49,5,14,55,22,17,37,9,23,10,59,40,24,13,57,50,58,38,42,41,3,2,47,53,16,19,34,11,25,33,35,26,60,62,52,51,48,6,63,27,36,39,61,45,18,12,29,46,
machine3:0,64,30,4,31,43,7,5,22,37,9,57,38,19,34,60,48,27,36,39,45,46,
machine4:0,64,30,4,31,54,43,56,7,49,5,22,17,37,9,23,57,50,38,3,16,19,34,25,35,26,60,62,52,48,27,36,39,61,45,29,46,
machine5:0,64,30,4,31,54,43,56,7,5,22,37,9,57,38,16,19,34,26,60,48,27,36,39,45,46,
machine6:0,64,30,4,31,15,54,43,56,20,28,1,44,7,8,49,5,55,22,17,37,9,23,59,24,57,50,38,41,3,47,16,19,34,11,25,35,26,60,62,52,51,48,63,27,36,39,61,45,12,29,46,
machine7:0,64,30,4,31,15,54,43,56,1,7,8,49,5,22,17,37,9,23,59,57,50,38,41,3,47,16,19,34,11,25,35,26,60,62,52,51,48,63,27,36,39,61,45,12,29,46,
machine8:0,64,30,4,31,7,5,22,57,38,34,60,48,27,36,39,
machine9:0,64,30,4,31,15,21,43,5,14,55,22,17,37,9,40,24,57,38,42,53,16,19,34,25,33,35,26,60,52,48,63,27,36,39,61,45,12,29,
machine10:0,64,30,4,31,15,21,43,5,55,17,37,9,24,38,16,19,34,25,33,35,26,60,52,63,27,36,39,61,45,12,29,
machine11:0,64,30,4,31,15,54,21,43,20,8,5,14,55,22,17,37,9,23,59,40,24,13,57,50,58,38,42,2,47,53,16,19,34,11,25,33,35,26,60,62,52,48,6,63,27,36,39,61,45,18,12,29,46,
machine12:0,64,30,4,31,15,21,24,38,19,25,26,52,63,27,39,45,29,
machine13:0,64,4,31,15,54,21,43,20,32,5,17,37,9,23,10,59,24,13,58,38,3,2,47,53,16,19,11,25,35,60,62,52,51,48,6,63,27,39,61,45,29,46,
machine14:0,4,31,15,21,43,32,5,17,23,38,3,2,47,53,16,19,11,25,35,60,62,52,51,48,6,63,39,45,29,46,
machine15:0,64,4,31,15,54,21,43,56,20,44,7,32,8,49,5,14,55,22,17,37,9,23,10,59,24,13,50,58,38,3,2,47,53,16,19,11,25,35,60,62,52,51,48,6,63,27,39,61,45,18,12,29,46,
machine16:0,4,31,43,32,5,17,3,19,25,60,62,52,6,63,39,45,29,46,
machine17:0,64,30,4,15,54,43,44,7,49,5,22,37,9,10,24,50,38,42,41,3,47,16,34,25,33,26,60,62,52,51,48,63,27,36,39,61,45,18,12,46,
machine18:0,64,30,4,54,44,7,5,22,37,24,50,38,41,47,16,34,25,33,26,60,62,52,51,63,27,36,39,61,45,18,12,
machine19:0,64,30,4,31,15,54,43,1,44,7,32,8,49,5,55,22,17,37,9,10,24,13,57,50,58,38,42,41,3,47,16,34,25,33,26,60,62,52,51,48,63,27,36,39,61,45,18,12,46,
machine20:0,54,44,7,5,37,24,50,38,60,62,52,27,61,45,12,
machine21:0,64,30,4,31,54,21,43,28,1,7,32,8,49,5,14,55,17,37,9,23,10,59,40,24,57,50,58,38,42,3,2,47,53,16,19,34,11,25,33,35,26,60,62,52,51,48,6,63,27,36,39,61,45,18,12,29,
machine22:0,43,32,5,55,17,47,25,60,48,6,39,18,29,
machine23:0,64,30,4,43,28,32,49,5,55,17,37,9,23,59,40,57,50,38,42,3,47,16,11,25,33,60,62,48,6,63,27,36,39,61,45,18,12,29,
machine24:0,64,30,4,31,54,43,28,32,8,49,5,55,17,37,9,23,10,59,40,24,57,50,38,42,3,47,16,19,11,25,33,35,26,60,62,51,48,6,63,27,36,39,61,45,18,12,29,
machine25:0,64,4,43,28,32,5,55,17,9,38,3,47,16,25,60,48,6,36,39,61,18,29,

1to 1:
1to 2:38,44,56,54,28,52,12,3,
1to 3:36,2,61,64,31,16,27,48,24,30,35,34,
1to 4:4,18,60,58,15,49,10,53,46,7,45,
1to 5:1,63,13,41,26,47,51,
1to 6:21,6,25,62,19,39,29,57,33,
2to 1:41,8,46,23,35,7,22,51,26,43,48,
2to 2:
2to 3:59,19,50,29,37,25,5,
2to 4:20,56,62,47,24,9,12,39,
2to 5:15,57,55,38,36,30,61,64,17,4,45,
2to 6:1,3,11,31,49,63,16,52,
3to 1:14,59,19,33,11,57,50,29,54,52,25,
3to 2:20,46,23,24,9,63,39,17,45,
3to 3:
3to 4:13,6,8,16,37,55,38,43,5,
3to 5:42,18,34,22,62,12,48,
3to 6:40,58,53,47,26,60,27,
4to 1:32,62,31,21,20,
4to 2:43,29,55,51,15,27,61,64,22,48,
4to 3:58,4,53,17,23,11,63,
4to 4:
4to 5:8,10,54,50,25,24,16,3,60,44,37,
4to 6:18,2,12,5,59,35,38,14,9,
5to 1:58,44,18,9,37,55,36,12,27,30,39,64,17,4,
5to 2:8,7,34,49,62,60,5,
5to 3:13,15,46,33,47,26,54,52,
5to 4:32,31,22,63,
5to 5:
5to 6:42,50,51,61,43,45,
6to 1:40,10,28,1,2,42,34,49,24,16,38,60,61,45,5,
6to 2:59,35,57,50,47,37,36,30,4,
6to 3:14,6,21,8,55,39,43,
6to 4:3,19,11,23,54,52,27,25,64,17,48,
6to 5:32,7,31,9,
6to 6:

cell1:6,3,2,5,4,
cell2:6,4,1,3,5,
cell3:6,1,4,5,2,
cell4:3,6,1,5,2,
cell5:3,4,2,1,6,
cell6:5,3,1,2,4,
