machine1:0,75,35,83,105,32,22,91,69,70,15,16,78,17,76,77,42,45,71,85,23,106,44,40,53,113,128,38,87,108,125,37,62,95,59,55,107,101,8,74,140,88,111,130,131,115,93,90,64,86,57,41,89,118,25,119,5,34,12,47,133,99,49,60,33,48,80,46,123,21,19,96,97,79,4,50,68,72,9,11,138,52,58,109,129,66,43,124,132,7,
machine2:0,14,103,26,75,127,63,139,114,82,35,83,105,32,22,24,92,91,69,70,15,102,16,116,78,135,30,17,76,36,54,56,77,42,45,71,61,85,13,81,23,106,44,40,65,53,120,113,128,121,2,38,84,87,108,125,136,94,37,134,62,29,28,95,59,55,107,101,8,74,140,88,111,73,130,131,115,93,90,64,27,86,57,20,41,89,118,122,25,119,5,34,39,12,110,1,10,47,133,99,126,49,60,67,33,117,48,80,46,123,21,137,19,96,31,97,79,4,50,68,72,9,98,11,138,52,112,3,58,109,129,66,51,43,18,124,132,6,7,100,104,
machine3:0,24,15,30,17,76,36,77,61,85,13,81,44,40,65,120,128,2,38,84,87,94,37,134,62,29,28,95,59,55,107,101,93,90,86,20,41,89,122,5,39,12,110,47,99,126,49,67,117,46,19,79,50,68,72,9,98,138,112,3,58,51,43,6,7,
machine4:0,139,82,83,105,22,24,92,91,69,15,102,16,30,17,76,36,54,56,77,42,71,61,85,13,81,106,44,40,65,120,128,121,2,38,84,87,108,136,94,37,134,62,29,28,95,59,55,107,101,74,140,88,115,93,90,64,86,57,20,41,89,122,25,5,34,39,12,110,1,47,133,99,126,49,60,67,33,117,48,80,46,21,19,96,31,97,79,4,50,68,72,9,98,138,112,3,58,109,66,51,43,18,6,7,
machine5:0,103,75,127,114,35,32,22,24,92,69,70,15,116,78,135,30,17,76,36,54,56,77,42,45,71,85,13,81,23,106,44,40,65,53,120,113,128,121,2,38,84,87,108,125,136,94,37,134,62,29,28,95,59,55,107,101,8,74,140,88,111,73,130,131,115,93,90,64,27,86,57,20,41,89,25,119,5,34,39,12,110,1,10,47,133,126,49,60,67,117,48,80,46,123,21,137,19,96,31,97,79,4,50,68,72,9,98,11,52,112,3,58,109,51,124,132,6,7,100,104,
machine6:0,75,92,17,76,36,54,56,77,42,45,71,85,81,23,44,40,65,120,128,121,2,38,84,87,108,125,136,37,134,62,29,28,95,59,55,107,101,8,74,140,88,111,73,130,115,93,64,27,86,57,20,41,89,25,119,5,34,39,12,110,1,10,47,133,126,49,60,67,117,48,80,46,123,21,137,19,96,31,97,79,4,72,9,98,11,52,112,3,58,109,51,124,132,6,7,100,104,
machine7:0,92,76,56,77,42,45,71,85,81,44,40,65,128,121,84,108,125,37,134,62,55,107,101,8,74,140,88,130,93,64,27,57,20,25,34,39,12,110,1,10,133,117,46,137,19,4,112,3,58,109,51,132,104,
machine8:0,14,103,26,75,127,63,139,114,82,83,32,22,24,91,69,102,16,116,78,135,30,17,76,36,54,56,77,42,45,71,85,13,81,106,44,40,65,53,120,128,121,2,38,84,87,108,136,94,37,134,62,29,28,95,59,55,107,101,74,140,88,111,73,130,131,115,90,64,27,86,57,20,41,89,118,25,119,5,34,39,12,110,47,99,49,60,67,117,48,80,21,19,96,31,97,79,4,50,68,72,9,98,11,138,52,112,3,58,109,129,51,43,18,124,132,6,7,100,104,
machine9:0,14,26,75,127,63,139,114,32,24,69,102,16,116,78,30,17,76,36,54,56,77,42,45,85,81,44,40,65,53,120,128,121,38,87,108,94,37,134,29,28,95,59,107,101,74,140,88,111,73,131,115,90,86,57,20,41,89,118,25,34,39,12,110,47,99,49,60,67,117,48,80,21,19,31,97,79,4,50,68,72,9,138,52,112,3,58,109,129,51,43,6,7,100,104,
machine10:0,14,26,127,63,32,24,116,78,30,17,76,56,42,85,44,53,128,94,37,29,28,95,107,101,111,73,131,115,86,57,20,118,25,34,12,47,99,49,60,67,48,19,31,79,68,72,52,112,3,109,51,43,6,7,100,
machine11:0,103,139,24,91,102,16,135,17,36,54,56,77,42,45,71,23,44,40,65,120,2,38,84,62,95,55,8,140,111,73,131,115,93,86,57,20,89,25,34,39,110,10,99,126,49,67,46,123,19,96,79,4,68,72,9,138,52,112,3,58,109,129,66,51,43,18,124,132,6,7,100,104,
machine12:0,103,26,75,63,139,114,82,35,83,22,24,92,91,70,15,102,16,78,135,30,17,76,36,54,56,77,42,45,71,61,13,81,23,44,40,65,53,120,128,121,2,38,84,87,108,125,136,62,95,55,101,8,140,88,111,73,130,131,115,93,27,86,57,20,89,25,119,34,39,12,110,1,10,47,133,99,126,49,60,67,33,46,123,137,19,96,31,79,4,50,68,72,9,11,138,52,112,3,58,109,129,66,51,43,18,124,132,6,7,100,104,
machine13:0,26,35,105,24,70,16,78,76,36,56,77,42,71,85,106,40,120,113,128,121,38,125,94,37,134,95,55,101,140,88,111,130,93,64,27,86,20,41,89,122,34,39,12,1,47,49,60,67,33,48,46,123,21,96,97,79,4,72,9,11,52,112,58,109,51,43,18,7,100,
machine14:0,14,26,139,114,82,35,83,105,24,69,70,15,102,16,78,135,76,36,56,77,42,45,71,61,85,23,106,40,120,113,128,121,2,38,84,87,108,125,136,94,37,134,62,29,28,95,55,101,8,74,140,88,111,73,130,131,93,64,27,86,57,20,41,89,118,122,5,34,39,12,110,1,10,47,49,60,67,33,48,46,123,21,96,97,79,4,68,72,9,98,11,52,112,58,109,129,51,43,18,124,132,6,7,100,104,

1to 1:
1to 2:105,126,82,13,90,66,81,133,102,15,22,31,43,47,48,60,88,86,38,112,
1to 3:113,10,32,123,98,97,117,59,1,21,107,104,24,132,84,6,131,25,41,72,71,19,37,115,3,101,
1to 4:116,26,80,54,53,45,124,27,65,16,18,75,64,78,69,89,109,42,110,134,58,12,111,51,140,49,128,
1to 5:137,99,135,91,83,87,50,70,11,55,2,57,46,73,93,36,95,44,40,62,39,77,56,9,79,
1to 6:118,122,29,61,129,125,139,5,106,100,94,74,121,67,85,108,68,20,
2to 1:39,107,55,85,64,61,71,33,77,98,97,80,40,3,138,139,92,
2to 2:
2to 3:62,30,128,36,95,69,60,29,54,79,28,47,7,109,22,
2to 4:56,108,31,117,59,81,91,87,2,102,44,112,106,101,
2to 5:38,68,88,72,24,4,120,13,82,121,25,15,126,136,17,65,19,140,96,
2to 6:86,42,57,76,37,16,51,18,1,41,58,49,34,
3to 1:28,112,54,5,34,86,76,87,116,36,50,100,2,51,46,133,128,13,93,45,30,12,140,17,8,75,44,125,108,
3to 2:56,40,94,37,121,110,42,77,68,4,85,21,59,9,58,106,
3to 3:
3to 4:120,107,57,104,6,96,48,60,119,130,90,38,95,24,136,73,74,7,52,127,
3to 5:103,23,1,92,35,81,49,67,10,101,115,71,114,22,20,
3to 6:27,55,132,72,69,62,109,64,134,135,88,78,111,89,113,47,84,
4to 1:14,118,119,103,90,32,114,129,127,117,83,22,106,94,57,25,41,47,7,37,95,115,38,56,68,101,79,
4to 2:29,99,97,17,5,28,84,6,74,72,120,19,76,69,89,109,134,3,12,51,49,
4to 3:135,80,53,50,124,65,11,64,67,4,58,111,39,9,20,
4to 4:
4to 5:63,54,102,138,139,27,16,75,31,78,30,34,42,110,52,108,86,128,
4to 6:26,98,45,21,96,130,104,2,43,131,73,136,48,40,112,
5to 1:19,20,24,26,35,52,53,58,65,66,72,81,89,96,104,109,120,123,131,132,63,136,23,
5to 2:18,30,33,44,46,50,67,91,92,115,138,2,
5to 3:8,12,27,31,34,51,55,70,73,86,100,112,119,130,133,137,17,126,
5to 4:3,11,13,25,40,43,47,62,68,76,84,88,103,121,129,99,
5to 5:
5to 6:4,6,7,9,15,36,38,39,60,71,77,79,87,93,101,102,110,124,140,82,114,83,
6to 1:4,11,18,42,43,48,60,62,70,78,88,124,130,134,135,6,1,16,10,105,21,
6to 2:20,79,83,87,93,95,96,108,128,136,7,122,24,98,
6to 3:15,35,46,49,52,56,57,74,76,94,110,120,121,140,23,
6to 4:5,9,34,39,41,55,67,71,77,85,100,114,139,36,97,28,82,29,14,132,
6to 5:8,12,33,61,84,89,111,125,131,123,45,
6to 6:

cell1:2,3,6,4,5,
cell2:6,5,4,3,1,
cell3:5,6,1,4,2,
cell4:1,6,5,2,3,
cell5:4,2,6,3,1,
cell6:3,5,2,4,1,
