machine1:0,113,29,30,105,56,33,14,104,126,116,63,129,20,130,77,86,83,121,18,27,61,102,15,99,117,115,31,103,106,49,42,46,19,98,124,64,70,7,2,36,91,67,119,16,50,9,78,52,100,23,108,65,21,60,55,44,120,32,80,40,92,53,58,66,107,11,43,48,68,4,6,81,54,57,94,109,51,26,28,82,128,12,
machine2:0,113,29,30,24,105,56,111,33,14,104,126,110,116,63,95,129,72,20,130,77,97,86,83,121,18,27,61,123,102,15,99,117,84,62,90,37,59,115,31,103,114,106,49,88,25,42,46,19,98,3,124,87,101,64,71,85,70,7,2,10,13,36,91,67,119,16,38,89,50,112,96,9,125,78,52,100,23,108,8,65,21,76,60,55,93,79,44,120,32,80,40,92,73,17,53,58,74,66,75,5,107,35,45,1,22,118,11,43,48,68,127,4,6,81,39,54,57,94,109,51,122,26,47,28,82,34,128,41,69,12,
machine3:0,24,105,111,33,104,126,110,129,97,83,121,27,61,102,99,84,37,59,31,103,49,87,101,64,10,13,67,16,89,112,96,9,78,52,100,23,108,8,65,76,79,44,32,40,17,53,66,75,5,107,35,45,1,22,118,68,127,4,6,39,54,57,94,51,26,47,128,
machine4:0,113,30,24,105,56,111,33,14,104,126,110,95,129,77,97,83,121,27,61,102,15,99,84,62,37,59,31,103,114,106,49,88,42,19,124,87,101,64,71,85,70,7,10,13,36,67,119,16,38,89,50,112,96,9,78,52,100,23,108,8,65,76,60,93,79,44,32,80,40,92,73,17,53,66,75,5,107,35,45,1,22,118,11,48,68,127,4,6,81,39,54,57,94,109,51,122,26,47,28,82,34,128,41,69,
machine5:0,113,29,30,24,105,56,111,33,14,104,126,110,116,63,95,129,72,20,130,77,97,86,83,121,27,61,102,15,117,84,62,90,59,115,31,103,114,106,88,25,42,46,19,98,3,87,101,64,71,85,70,2,36,91,67,119,16,38,89,50,96,100,23,8,65,60,55,93,79,44,32,80,92,73,17,74,75,5,107,35,45,1,22,118,11,43,48,68,127,4,6,81,39,54,57,94,109,51,47,28,82,34,128,41,69,
machine6:0,113,29,30,24,105,56,111,33,14,104,126,110,116,63,95,129,72,20,130,77,97,86,83,121,27,61,102,15,84,62,90,59,115,31,103,114,106,88,25,42,46,98,3,87,71,85,70,2,36,91,119,16,38,96,23,65,60,55,44,32,80,92,73,17,74,75,5,45,1,22,11,43,48,68,127,4,6,81,39,54,57,94,109,47,28,82,34,128,
machine7:0,30,105,111,33,14,104,126,110,116,63,129,72,77,97,83,121,27,102,15,90,59,31,103,88,87,70,36,119,16,96,23,55,32,80,92,17,74,75,5,45,11,43,68,127,4,6,81,39,54,57,94,28,82,34,128,
machine8:0,105,56,111,14,104,116,129,20,77,97,83,61,102,15,99,115,114,106,49,88,42,124,87,85,70,7,36,23,8,60,55,93,44,120,32,92,73,17,74,66,5,45,11,43,48,68,127,6,81,39,54,57,109,47,28,82,128,
machine9:0,29,30,105,56,111,33,14,104,110,116,129,72,20,77,97,86,83,121,18,61,123,102,15,99,117,84,37,59,115,31,103,114,106,49,88,42,19,98,3,124,87,101,64,85,70,7,36,91,67,16,89,50,96,9,125,78,52,23,108,8,21,60,55,93,44,120,32,80,92,73,17,74,66,5,45,22,118,11,43,48,68,127,6,81,39,54,57,94,109,51,122,26,47,28,82,34,128,
machine10:0,30,111,14,126,110,116,63,72,20,97,86,123,102,90,115,31,114,49,42,19,98,87,101,64,71,7,2,13,36,119,16,89,9,125,78,23,108,21,76,60,93,44,40,92,58,74,66,1,118,11,48,127,4,39,54,57,94,109,51,122,47,82,34,
machine11:0,30,105,56,111,14,104,126,110,116,63,95,72,20,130,77,97,86,83,121,18,61,123,102,15,99,62,90,59,115,31,103,114,106,49,25,42,46,19,98,124,87,101,64,71,85,70,7,2,13,36,67,119,16,38,89,50,112,9,125,78,52,23,108,65,21,76,60,93,79,44,120,32,80,40,92,73,17,53,58,74,66,5,45,1,118,11,48,68,127,4,6,81,39,54,57,94,109,51,122,26,47,28,82,34,128,12,
machine12:0,30,105,56,14,104,116,72,83,121,61,15,84,90,59,115,103,106,19,98,3,124,87,101,71,70,7,2,10,36,16,96,78,108,93,44,32,80,92,66,75,45,1,11,127,6,39,94,109,51,122,26,47,28,82,34,128,41,69,12,
machine13:0,29,30,105,56,111,33,14,104,126,110,116,95,129,72,20,130,97,83,121,18,61,123,102,15,99,117,84,90,37,59,115,103,106,88,25,19,98,3,124,87,101,64,71,85,70,7,2,10,36,67,119,16,38,50,112,96,125,78,52,100,108,8,60,55,93,44,32,80,40,92,17,58,74,66,75,5,107,35,45,1,22,11,68,127,4,6,39,54,57,94,109,51,122,26,47,28,82,34,128,41,69,12,

1to 1:
1to 2:46,91,117,24,113,124,73,125,37,43,27,90,25,63,95,118,50,29,65,86,114,3,62,32,84,2,98,75,130,38,55,89,20,49,96,31,15,61,122,129,88,126,93,128,97,60,56,80,1,22,115,111,39,105,110,33,72,85,23,81,59,16,106,82,116,71,104,42,74,103,119,19,101,57,17,121,48,34,67,28,92,11,36,5,102,70,30,47,77,4,127,6,14,45,44,109,83,68,54,94,87,
1to 3:112,117,21,100,18,53,124,79,13,73,37,10,90,123,35,95,76,50,29,9,65,108,52,40,62,8,32,2,64,130,38,89,20,96,88,126,60,56,80,7,1,111,39,51,85,23,81,59,106,99,71,104,74,103,66,119,78,19,101,57,17,67,92,11,5,102,70,30,4,127,14,45,44,109,83,68,54,
2to 1:46,91,117,124,73,37,43,90,118,29,65,86,114,62,8,32,98,64,38,55,20,96,31,15,122,88,128,97,60,56,22,111,39,51,33,85,23,81,59,106,99,116,71,104,42,103,66,119,19,57,17,48,92,5,102,70,30,47,77,4,6,14,45,44,109,83,54,87,
2to 2:
2to 3:18,120,125,25,123,95,50,108,86,114,3,26,84,2,98,75,130,55,20,49,15,61,129,93,97,80,7,1,22,115,105,110,72,16,106,82,74,103,17,121,34,67,28,92,36,102,77,127,6,45,83,68,94,
3to 1:46,112,100,120,124,79,73,125,10,90,69,12,25,35,63,95,118,107,50,29,58,65,108,114,41,40,26,62,32,2,98,64,75,130,89,49,61,122,129,88,126,93,128,97,56,80,7,1,115,39,105,110,33,72,106,99,82,104,74,103,66,19,101,57,17,121,48,34,67,28,92,11,5,102,70,30,47,4,127,6,14,44,109,83,68,54,94,87,
3to 2:21,18,123,9,52,26,84,98,20,31,15,60,80,7,22,111,51,110,85,81,59,16,106,82,116,42,74,78,36,30,127,45,109,54,
3to 3:

cell1:3,2,
cell2:3,1,
cell3:1,2,
