machine1:0,17,55,113,128,75,69,105,41,209,134,187,114,146,46,148,208,145,87,196,177,83,199,24,80,131,170,7,97,34,204,218,216,111,14,176,56,58,162,106,12,132,94,22,74,101,159,178,120,171,109,161,35,116,48,51,127,138,107,27,72,68,67,65,214,16,32,164,174,99,93,40,142,89,73,184,108,197,77,61,219,133,100,207,192,149,110,123,9,185,155,206,15,205,215,44,119,213,29,96,129,76,188,1,203,198,202,165,201,118,2,126,122,53,200,42,220,57,167,88,19,186,115,52,217,193,86,64,191,50,182,121,43,140,151,158,28,8,95,166,82,66,23,139,6,10,125,11,45,141,90,195,4,154,36,157,84,179,70,85,210,135,62,175,98,163,181,160,20,152,130,117,189,25,147,63,47,60,150,143,18,102,91,54,71,37,3,31,112,81,211,103,13,168,92,59,180,156,136,172,5,21,30,38,169,124,49,79,104,78,26,39,212,33,173,153,144,183,194,137,190,
machine2:0,17,55,113,128,75,69,105,41,209,134,187,146,46,148,208,145,196,177,83,199,24,80,131,170,7,97,34,204,218,216,111,14,176,58,162,132,94,22,74,101,159,178,120,171,109,161,35,116,48,107,72,68,67,65,214,16,32,164,174,99,40,73,184,108,77,61,133,100,207,192,123,155,206,15,205,44,119,213,29,96,129,76,1,203,198,202,201,118,2,126,122,53,200,57,167,88,19,186,115,217,193,64,191,50,182,121,43,140,151,158,28,8,166,82,66,23,139,6,10,125,11,45,141,90,195,154,36,157,84,70,85,210,135,62,175,163,181,160,20,152,130,117,189,25,147,63,47,60,143,18,102,91,54,71,37,3,31,81,211,103,168,92,59,180,156,136,172,21,30,38,169,124,49,104,78,26,39,33,173,153,144,183,137,190,
machine3:0,113,128,41,209,187,46,148,208,145,83,24,80,131,170,7,97,204,218,111,176,58,162,132,94,22,101,178,120,171,109,161,48,72,68,67,65,214,32,174,99,73,184,108,100,123,155,205,119,213,76,1,203,201,118,2,126,122,53,200,57,88,19,115,217,193,64,191,121,43,151,158,28,8,166,23,139,6,10,125,45,141,195,154,157,84,210,135,163,181,160,152,117,189,25,147,63,47,60,143,18,91,71,37,3,31,81,168,92,156,172,21,38,124,49,104,78,26,39,153,183,
machine4:0,17,128,69,105,209,187,114,148,208,145,87,24,80,170,34,204,218,216,111,14,176,58,162,106,12,132,94,22,74,101,159,178,120,171,109,161,35,116,48,51,127,138,107,27,72,68,67,65,214,16,32,164,174,99,93,40,142,89,73,184,108,197,77,61,219,133,100,207,192,149,110,123,9,185,155,206,15,205,215,44,119,213,29,96,129,76,188,1,203,198,202,165,201,118,2,126,122,53,200,42,220,57,167,88,19,186,115,52,217,193,86,64,191,50,182,121,43,140,151,158,28,8,95,166,82,66,23,139,6,10,125,11,45,141,90,195,4,154,36,157,84,179,70,85,210,135,62,175,98,163,181,160,20,152,130,117,189,25,147,63,47,60,150,143,18,102,91,54,71,37,3,31,112,81,211,103,13,168,92,59,180,156,136,172,5,21,30,38,169,124,49,79,104,78,26,39,212,33,173,153,144,183,194,137,190,
machine5:0,17,69,105,209,114,148,87,24,80,170,204,218,216,111,176,58,162,106,12,132,94,74,101,159,178,120,109,161,35,116,48,51,127,138,107,27,72,68,67,65,214,16,164,99,93,40,89,73,184,108,197,77,61,219,133,100,192,149,110,123,9,185,155,206,15,205,215,44,119,213,29,96,129,76,188,203,198,202,165,201,118,2,126,122,53,200,42,220,57,167,88,186,115,217,193,86,64,191,50,182,121,43,140,151,158,28,8,95,166,82,23,139,6,10,125,45,141,90,195,4,154,36,157,84,179,70,85,210,135,62,163,181,160,20,117,189,25,47,60,150,143,18,102,91,54,71,37,3,31,112,81,211,13,59,180,136,172,21,30,38,169,124,49,104,26,39,212,183,194,137,190,
machine6:0,17,105,87,80,170,204,218,176,58,162,132,94,74,178,35,48,51,127,138,107,27,72,68,65,214,16,99,40,89,108,197,219,133,149,110,185,206,215,44,119,213,96,129,76,188,203,198,202,165,201,53,200,57,167,88,186,115,193,86,64,191,50,182,121,43,151,28,8,95,166,23,139,6,10,125,141,90,195,154,157,179,70,85,135,62,163,181,20,117,189,25,60,150,143,91,54,71,3,31,211,13,180,136,30,169,124,49,212,183,190,
machine7:0,17,55,113,69,105,209,134,114,146,46,148,87,196,177,83,199,170,7,97,34,218,216,14,56,58,162,12,94,74,35,116,127,68,65,16,93,142,73,184,219,133,100,149,9,185,15,205,96,76,201,126,122,42,88,186,121,140,166,82,10,125,11,4,84,70,85,135,175,98,181,160,20,152,130,25,147,47,60,143,18,102,71,37,112,103,168,92,156,172,5,21,38,49,79,39,173,153,194,
machine8:0,17,55,113,128,75,69,105,209,134,187,114,146,46,148,208,145,87,196,177,83,199,24,131,170,7,97,34,204,218,216,14,56,58,162,12,132,94,22,74,101,159,178,171,109,161,35,116,48,127,68,65,16,32,164,93,40,142,73,184,108,197,77,219,133,100,207,192,149,110,123,9,185,155,15,205,119,213,29,96,129,76,188,201,126,122,42,220,57,167,88,186,52,86,64,191,121,43,140,151,158,28,8,95,166,82,66,6,10,125,11,141,90,195,4,36,157,84,70,85,210,135,62,175,98,163,181,160,20,152,130,189,25,147,63,47,60,150,143,18,102,91,54,71,37,3,31,112,211,103,13,168,92,156,136,172,5,21,30,38,169,124,49,79,26,39,33,173,153,144,183,194,137,
machine9:0,17,55,113,128,75,69,41,209,148,208,196,80,131,97,34,56,106,132,22,101,120,109,161,35,116,48,127,107,27,72,214,16,164,93,142,73,108,219,100,110,205,44,119,29,1,202,126,42,220,57,19,186,52,86,64,191,50,43,151,28,95,82,23,6,11,45,141,154,36,157,84,70,85,62,175,98,163,160,20,152,117,63,47,150,18,102,91,54,37,3,112,211,103,13,168,92,59,180,156,136,172,5,21,38,124,79,104,26,33,173,183,194,137,
machine10:0,17,55,113,128,75,69,105,41,209,134,187,146,46,148,208,87,196,177,83,199,80,131,170,7,97,34,204,111,56,162,106,12,132,94,22,101,178,120,109,161,35,116,48,51,127,138,107,27,72,65,214,16,32,164,174,99,93,40,142,89,73,184,108,77,61,219,133,100,207,149,110,123,185,155,206,15,205,215,44,119,29,76,188,1,198,202,165,201,118,2,126,200,42,220,57,167,88,19,186,115,52,86,64,191,50,182,43,151,28,8,95,166,82,66,23,139,6,11,45,141,90,195,4,154,36,157,84,179,70,85,210,135,62,175,98,163,181,160,20,152,130,117,189,25,147,63,47,150,143,18,102,91,54,37,3,31,112,81,211,103,13,168,92,59,180,156,136,172,5,21,30,38,124,49,79,104,78,26,39,212,33,173,153,144,183,194,137,190,

1to 1:
1to 2:192,53,165,40,67,107,193,171,212,153,122,158,19,71,203,217,87,207,26,93,169,197,15,202,109,129,57,33,62,94,16,52,155,190,86,154,188,180,117,79,42,63,213,189,13,167,60,98,156,8,102,88,39,31,21,3,157,168,143,17,
1to 3:114,134,159,56,187,46,14,131,74,196,11,83,147,218,66,58,130,7,216,181,136,185,4,194,148,12,28,36,186,161,73,65,43,116,10,20,191,119,95,184,103,219,92,201,47,205,54,91,
1to 4:174,215,206,61,78,27,177,138,115,118,22,99,128,179,55,139,34,150,199,2,220,214,182,59,29,183,132,32,126,164,200,49,152,25,162,105,137,160,108,170,172,70,30,64,85,76,166,
2to 1:145,106,174,114,159,176,61,78,1,144,138,72,74,89,198,68,128,179,124,147,218,66,58,50,220,211,59,216,112,80,210,136,142,90,185,132,121,44,200,148,151,209,161,65,152,163,37,69,116,162,105,20,160,108,133,175,119,219,30,76,205,54,166,91,
2to 2:
2to 3:192,40,5,24,122,125,149,9,208,87,207,169,197,140,34,150,109,29,16,84,204,183,48,79,126,96,63,35,213,189,98,141,6,102,100,135,39,137,170,3,64,85,143,
2to 4:187,111,212,153,51,19,23,178,120,11,15,195,45,81,77,123,104,62,101,130,94,127,190,86,154,188,117,4,42,173,194,12,28,167,156,8,110,18,31,38,95,157,201,82,
3to 1:5,24,171,125,158,149,71,9,208,26,140,195,34,97,129,199,57,33,62,94,127,155,86,204,48,126,96,173,35,13,60,141,6,100,88,135,18,21,170,172,82,17,
3to 2:145,14,178,22,68,128,124,77,123,101,112,181,210,142,132,32,121,4,194,164,28,49,186,163,37,25,43,110,162,10,38,191,70,92,30,201,47,166,
3to 3:
3to 4:113,56,40,146,75,144,87,196,93,211,7,16,52,84,136,90,185,148,189,151,36,209,73,102,69,116,39,20,133,175,119,184,103,219,3,168,143,205,54,91,
4to 1:113,134,187,165,41,146,107,111,46,75,51,23,131,178,120,207,93,11,45,202,83,81,109,77,123,104,101,130,181,52,84,180,79,63,12,186,98,43,110,38,191,95,92,168,47,
4to 2:106,215,206,5,27,1,144,149,72,115,208,118,89,198,99,139,147,150,66,2,50,211,214,182,29,80,204,183,90,48,44,35,151,36,209,161,73,65,141,6,100,135,69,137,133,175,172,184,103,64,85,
4to 3:153,177,22,26,15,195,55,124,97,57,33,220,112,127,210,155,142,188,32,42,173,164,49,13,167,152,163,156,37,8,25,88,18,105,160,31,108,21,70,157,76,82,17,
4to 4:

cell1:2,4,3,
cell2:4,3,1,
cell3:1,2,4,
cell4:1,2,3,
