machine1:0,129,65,61,23,91,80,50,7,124,81,120,21,100,46,58,26,49,52,12,108,42,106,6,78,40,9,18,117,43,107,64,53,99,51,19,67,66,115,70,68,54,15,60,98,128,92,16,55,36,4,44,32,28,2,103,94,119,31,126,57,27,102,11,121,14,82,56,83,20,116,77,48,104,33,86,130,30,63,105,109,113,29,
machine2:0,129,85,65,72,61,90,23,91,80,75,73,50,112,62,7,124,81,120,21,100,69,46,58,26,49,118,52,12,108,42,13,106,6,8,101,78,114,125,122,40,9,88,18,37,38,117,89,43,41,25,76,107,123,10,64,79,53,99,35,51,45,19,67,93,66,115,70,68,54,15,60,87,98,128,74,92,17,16,55,36,34,4,44,5,32,84,47,71,28,2,103,97,94,119,96,39,31,126,110,57,27,127,102,11,59,1,121,3,22,14,82,56,83,20,116,77,48,104,33,86,130,95,111,30,63,105,109,113,24,29,
machine3:0,129,65,61,23,75,112,100,26,49,118,52,108,13,6,8,101,78,40,9,37,89,76,107,10,64,79,53,99,35,51,45,67,66,68,54,87,128,17,16,4,44,5,32,84,47,103,97,94,96,39,31,126,110,57,27,127,102,59,1,121,22,83,104,33,111,105,24,
machine4:0,129,85,65,61,23,80,75,73,50,112,62,7,124,81,100,69,26,49,118,52,108,42,13,106,6,8,101,78,114,122,40,9,88,37,38,89,41,76,107,10,64,79,53,99,35,51,45,19,67,93,66,70,68,54,15,60,87,128,92,17,16,36,34,4,44,5,32,84,47,71,28,103,97,94,119,96,39,31,126,110,57,27,127,102,11,59,1,121,22,14,82,56,83,77,48,104,33,95,111,30,105,109,113,24,
machine5:0,129,85,65,72,61,90,23,91,80,75,73,50,62,81,100,69,46,118,42,106,6,8,101,114,88,38,117,89,43,41,25,107,64,79,35,51,45,19,67,93,115,70,68,54,15,60,87,98,128,74,92,17,16,55,36,34,4,44,5,32,84,47,71,28,2,103,97,94,119,96,39,31,126,110,57,27,127,102,11,59,1,121,3,22,14,82,56,83,20,116,77,48,104,33,86,130,95,111,30,63,105,109,113,24,29,
machine6:0,129,85,65,72,61,90,23,91,80,75,73,62,81,46,42,106,6,114,88,38,43,25,45,115,70,68,54,15,60,87,98,128,74,92,17,16,55,36,34,4,44,5,32,84,47,71,28,2,103,97,94,119,96,39,31,126,110,57,27,127,102,11,59,1,121,3,22,14,82,56,83,20,116,77,48,104,33,86,130,95,111,30,63,105,109,113,24,29,
machine7:0,129,72,90,23,80,75,81,6,88,43,45,70,68,54,15,87,128,74,92,17,16,55,36,34,4,5,32,28,103,97,94,119,96,39,31,126,110,57,27,127,102,11,59,121,14,82,83,116,77,104,33,111,30,63,105,
machine8:0,129,85,61,23,73,7,124,81,120,49,42,106,6,8,114,88,43,99,45,93,66,115,70,68,54,15,60,87,128,74,92,17,55,36,44,5,32,47,28,97,39,57,127,102,11,14,82,56,83,20,116,77,48,104,111,105,109,
machine9:0,129,85,72,61,23,91,80,73,50,7,124,81,120,21,26,49,118,52,108,42,106,6,8,101,78,114,125,122,9,88,18,37,117,89,43,123,64,99,51,45,19,67,93,66,115,70,68,54,15,60,87,98,128,74,92,17,16,55,36,34,44,5,32,84,47,28,103,97,94,96,39,31,110,57,127,102,11,59,121,3,22,14,82,56,83,20,116,77,48,104,33,86,111,30,105,109,29,
machine10:0,72,90,23,7,21,58,49,118,108,42,13,101,78,114,125,122,40,9,89,76,123,64,51,19,93,66,115,54,60,87,98,74,92,16,36,34,4,44,47,71,2,97,94,119,39,31,126,110,57,127,102,11,1,14,82,20,116,48,86,111,30,63,109,
machine11:0,85,65,72,61,90,23,80,73,50,112,62,7,124,81,120,21,46,58,26,49,118,52,12,108,42,13,106,6,101,78,114,125,122,40,9,18,38,89,25,76,123,64,79,53,99,51,45,19,67,93,66,115,70,68,54,15,60,87,98,128,74,92,17,16,36,34,4,44,5,32,47,71,28,2,103,97,94,119,39,31,126,110,57,127,102,11,59,1,121,14,82,56,83,20,116,77,48,104,86,130,95,111,30,63,105,109,
machine12:0,72,61,90,80,75,7,124,69,26,12,108,106,6,101,78,122,41,10,51,45,19,93,66,115,70,15,87,98,128,92,16,36,34,44,32,84,47,71,28,2,103,94,96,39,127,11,59,1,121,3,14,82,56,83,116,104,30,105,109,
machine13:0,129,85,72,61,90,80,75,50,112,7,124,100,69,58,26,52,12,108,106,6,8,101,78,125,122,40,88,18,37,38,117,41,25,107,123,10,64,99,35,51,45,19,67,93,66,115,70,68,54,15,60,87,98,128,74,92,17,16,55,36,34,4,44,5,32,84,47,71,28,2,103,97,94,119,96,39,126,110,57,127,102,11,59,1,121,3,22,14,82,56,83,20,116,104,33,130,95,111,30,105,109,29,

1to 1:
1to 2:53,69,107,52,41,84,15,126,111,82,78,34,36,45,54,
1to 3:24,100,113,27,63,118,50,86,3,8,32,75,89,96,61,22,51,105,110,72,16,116,71,119,121,48,30,44,94,
1to 4:124,125,37,43,55,129,93,97,33,23,19,101,102,77,
1to 5:21,18,79,13,73,123,95,76,9,108,62,2,64,130,60,80,1,39,85,81,104,17,67,92,11,5,127,109,83,
1to 6:117,10,90,35,29,40,38,20,56,99,74,66,57,70,14,68,
2to 1:24,113,13,27,76,9,108,40,26,61,80,51,105,110,33,16,42,121,92,47,6,83,87,
2to 2:
2to 3:79,35,95,41,84,38,31,129,93,97,56,85,81,82,101,28,36,77,127,109,
2to 4:73,114,49,122,128,104,57,48,34,67,14,
2to 5:53,50,65,89,111,23,99,71,103,66,78,4,45,
2to 6:112,100,124,37,52,8,32,64,96,88,126,60,7,59,106,119,11,5,102,30,44,54,
3to 1:46,43,90,69,107,65,62,64,38,55,31,60,85,81,59,54,
3to 2:73,114,8,128,23,71,42,119,57,48,92,4,
3to 3:
3to 4:91,117,118,50,3,32,89,96,88,115,39,28,11,5,70,47,44,68,94,87,
3to 5:25,86,20,15,51,106,74,19,121,34,36,102,77,6,
3to 6:95,84,2,98,75,130,61,97,80,1,22,16,103,101,17,127,45,83,
4to 1:91,117,29,86,8,98,15,122,88,128,56,116,104,66,17,5,70,45,
4to 2:124,37,118,32,96,31,97,60,22,39,51,85,99,103,102,30,47,77,44,109,83,87,
4to 3:64,20,111,33,23,59,106,42,19,6,14,
4to 4:
4to 5:120,125,114,26,49,61,7,115,105,110,72,82,28,68,94,
4to 6:18,123,50,108,3,55,129,93,121,67,92,36,
5to 1:112,120,124,12,25,63,118,50,114,32,89,49,126,93,97,7,106,99,82,74,101,48,34,28,4,44,68,
5to 2:79,95,40,26,62,64,61,122,56,110,5,70,127,14,94,
5to 3:46,73,90,65,98,130,128,1,103,57,17,67,11,47,83,54,
5to 4:21,18,123,9,52,31,60,80,81,59,16,42,36,30,109,
5to 5:
5to 6:58,15,115,111,39,105,72,116,71,104,78,19,6,87,
6to 1:100,125,58,41,2,115,72,103,67,11,30,109,94,
6to 2:10,35,108,75,129,93,80,1,105,33,66,19,17,121,28,6,68,
6to 3:69,25,107,29,88,126,39,104,34,92,102,4,87,
6to 4:26,84,98,20,15,7,22,111,51,110,85,106,82,116,74,78,127,45,54,
6to 5:112,12,52,38,122,128,56,59,16,119,101,57,70,47,14,
6to 6:

cell1:4,3,5,6,2,
cell2:6,1,3,5,4,
cell3:1,6,2,4,5,
cell4:6,1,5,2,3,
cell5:1,4,2,3,6,
cell6:5,3,1,2,4,
