machine1:0,29,113,56,130,46,86,80,2,21,108,19,120,58,31,98,12,117,50,51,9,67,99,18,16,40,91,100,66,107,52,42,65,78,26,106,4,70,103,64,53,49,68,92,94,119,83,27,63,121,126,105,33,104,30,6,32,102,61,129,82,23,116,115,15,7,44,124,55,60,20,28,43,128,77,81,36,14,109,11,48,57,54,
machine2:0,24,29,113,56,130,46,95,86,3,80,2,21,38,62,108,19,120,69,58,31,98,125,12,76,114,122,117,50,41,123,25,71,51,9,89,67,101,99,18,16,88,40,91,100,84,66,107,10,52,42,65,78,26,106,13,93,4,70,118,112,5,37,103,64,53,79,17,49,35,1,34,68,8,96,92,22,75,90,94,119,83,27,63,59,121,126,105,110,33,72,45,104,30,97,85,6,32,102,61,129,87,82,23,116,115,15,7,44,124,47,55,60,20,28,43,128,73,127,77,111,39,81,36,14,109,11,74,48,57,54,
machine3:0,24,108,31,76,51,9,89,67,101,99,16,40,100,84,66,107,10,52,65,78,26,13,4,118,112,5,37,103,64,53,79,17,49,35,1,68,8,96,22,75,94,83,27,59,121,126,105,110,33,45,104,97,6,32,102,61,129,87,23,44,47,128,127,111,39,57,54,
machine4:0,24,113,56,95,80,38,62,108,19,69,31,76,114,122,50,41,71,51,9,89,67,101,99,16,88,40,100,84,66,107,10,52,42,65,78,26,106,13,93,4,70,118,112,5,37,103,64,53,79,17,49,35,1,34,68,8,96,92,22,75,94,119,83,27,59,121,126,105,110,33,45,104,30,97,85,6,32,102,61,129,87,82,23,15,7,44,124,47,60,28,128,73,127,77,111,39,81,36,14,109,11,48,57,54,
machine5:0,24,29,113,56,130,46,95,86,3,80,2,38,62,19,69,31,98,114,117,50,41,25,71,51,89,67,101,16,88,91,100,84,107,42,65,106,93,4,70,118,5,103,64,79,17,35,1,34,68,8,96,92,22,75,90,94,119,83,27,63,59,121,126,105,110,33,72,45,104,30,97,85,6,32,102,61,129,87,82,23,116,115,15,44,47,55,60,20,28,43,128,73,127,77,111,39,81,36,14,109,11,74,48,57,54,
machine6:0,24,29,113,56,130,46,95,86,3,80,2,38,62,31,98,114,25,71,16,88,91,84,42,65,106,4,70,5,103,17,1,34,68,96,92,22,75,90,94,119,83,27,63,59,121,126,105,110,33,72,45,104,30,97,85,6,32,102,61,129,87,82,23,116,115,15,44,47,55,60,20,28,43,128,73,127,77,111,39,81,36,14,109,11,74,48,57,54,
machine7:0,80,31,16,88,4,70,5,103,17,34,68,96,92,75,90,94,119,83,27,63,59,121,126,105,110,33,72,45,104,30,97,6,32,102,129,87,82,23,116,15,55,28,43,128,127,77,111,39,81,36,14,11,74,57,54,
machine8:0,56,120,114,99,88,66,42,106,93,70,5,17,49,68,8,92,83,105,45,104,97,85,6,32,102,61,129,87,82,23,116,115,15,7,44,124,47,55,60,20,28,43,128,73,127,77,111,39,81,36,14,109,11,74,48,57,54,
machine9:0,29,56,86,3,80,21,108,19,120,31,98,125,114,122,117,50,123,51,9,89,67,101,99,18,16,88,91,84,66,52,42,78,26,106,93,70,118,5,37,103,64,17,49,34,68,8,96,92,22,94,83,59,121,105,110,33,72,45,104,30,97,85,6,32,102,61,129,87,82,23,116,115,15,7,44,124,47,55,60,20,28,43,128,73,127,77,111,39,81,36,14,109,11,74,48,57,54,
machine10:0,86,2,21,108,19,58,31,98,125,76,114,122,123,71,51,9,89,101,16,40,66,42,78,13,93,4,118,64,49,1,34,92,90,94,119,63,126,110,72,30,97,102,87,82,23,116,115,7,44,47,60,20,127,111,39,36,14,109,11,74,48,57,54,
machine11:0,56,130,46,95,86,80,2,21,38,62,108,19,120,58,31,98,125,12,76,114,122,50,123,25,71,51,9,89,67,101,99,18,16,40,66,52,42,65,78,26,106,13,93,4,70,118,112,5,103,64,53,79,17,49,1,34,68,92,90,94,119,83,63,59,121,126,105,110,72,45,104,30,97,85,6,32,102,61,87,82,23,116,115,15,7,44,124,47,60,20,28,128,73,127,77,111,39,81,36,14,109,11,74,48,57,54,
machine12:0,56,3,80,2,108,19,69,98,12,122,41,71,51,101,16,84,66,10,78,26,106,93,70,103,1,34,96,92,75,90,94,83,59,121,105,72,45,104,30,6,32,61,87,82,116,115,15,7,44,124,47,28,128,127,39,36,14,109,11,
machine13:0,29,56,130,95,3,80,2,38,108,19,69,58,98,125,12,122,117,50,41,123,25,71,51,67,101,99,18,16,88,40,100,84,66,107,10,52,78,26,106,93,4,70,112,5,37,103,64,17,35,1,34,68,8,96,92,22,75,90,94,119,83,59,121,126,105,110,33,72,45,104,30,97,85,6,32,102,61,129,87,82,116,115,15,7,44,124,47,55,60,20,28,128,127,111,39,36,14,109,11,74,57,54,

1to 1:
1to 2:54,78,69,126,82,34,41,53,111,52,84,45,36,15,107,
1to 3:75,44,94,24,71,27,30,22,48,72,8,116,96,51,63,105,3,118,89,100,121,110,113,16,86,32,119,61,50,
1to 4:19,77,33,23,97,125,129,37,55,43,101,102,124,93,
1to 5:76,17,9,83,81,21,104,11,85,127,18,60,5,92,1,109,62,39,123,13,67,130,95,108,64,2,79,73,80,
1to 6:66,68,35,40,10,74,117,99,38,57,56,70,29,90,20,14,
2to 1:87,83,47,16,121,33,92,105,42,80,51,76,110,108,26,24,40,13,27,113,6,9,61,
2to 2:
2to 3:109,101,127,28,81,36,56,38,97,93,77,41,82,35,129,84,85,95,79,31,
2to 4:67,14,104,128,34,57,49,114,48,73,122,
2to 5:45,4,103,78,99,66,111,65,71,53,89,50,23,
2to 6:44,119,102,106,54,7,11,88,5,64,8,30,60,59,126,32,96,52,100,37,124,112,
3to 1:55,54,81,62,31,38,69,107,64,43,46,60,65,90,85,59,
3to 2:8,4,71,92,23,119,48,57,73,114,42,128,
3to 3:
3to 4:88,3,28,89,44,39,94,5,11,68,47,32,117,87,70,96,115,118,50,91,
3to 5:6,20,86,25,19,102,77,15,51,121,74,36,34,106,
3to 6:22,2,45,75,1,101,95,130,97,84,103,83,17,61,98,127,16,80,
4to 1:56,15,86,122,116,88,5,29,91,128,45,98,117,70,66,17,8,104,
4to 2:22,77,32,99,44,30,31,109,124,85,87,96,51,103,83,102,37,97,39,60,47,118,
4to 3:42,59,23,111,106,20,14,64,19,33,6,
4to 4:
4to 5:7,68,115,110,26,72,28,125,61,49,94,114,105,82,120,
4to 6:67,92,121,108,93,36,55,50,3,18,123,129,
5to 1:28,93,97,124,112,32,118,4,25,50,114,126,7,48,74,101,63,34,12,89,120,49,44,106,68,82,99,
5to 2:26,95,61,40,64,14,122,5,94,70,79,110,62,56,127,
5to 3:17,103,46,65,54,98,83,90,67,1,128,47,11,57,73,130,
5to 4:60,18,109,36,42,59,81,9,31,80,52,21,16,30,123,
5to 5:
5to 6:78,72,39,115,87,105,116,15,111,19,6,58,71,104,
6to 1:94,67,11,115,2,72,41,109,103,58,125,100,30,
6to 2:68,17,19,75,28,1,35,6,33,93,105,121,108,80,129,66,10,
6to 3:87,4,34,102,126,88,69,107,104,39,29,92,25,
6to 4:54,111,78,106,116,20,98,74,22,26,51,85,45,82,84,127,110,7,15,
6to 5:56,122,47,70,38,57,14,16,52,59,12,128,101,119,112,
6to 6:

cell1:3,5,2,6,4,
cell2:4,3,6,1,5,
cell3:6,2,1,5,4,
cell4:5,2,3,6,1,
cell5:3,2,1,4,6,
cell6:1,4,3,2,5,
