machine1:0,32,49,50,6,47,13,45,2,58,37,39,46,1,54,20,17,52,53,56,35,25,15,60,30,43,7,44,36,19,40,28,18,4,21,55,12,24,14,8,10,
machine2:0,32,49,22,50,6,47,13,31,5,59,45,23,26,16,2,29,58,11,37,39,46,41,1,33,54,20,17,52,34,9,53,48,56,35,27,25,15,60,30,42,43,7,44,36,19,40,28,18,4,51,21,55,12,24,57,38,14,3,8,10,
machine3:0,32,22,6,13,31,5,59,45,23,26,16,29,58,11,39,46,41,33,17,34,9,48,27,30,42,43,7,36,19,40,28,4,51,21,55,12,24,57,38,14,3,8,10,
machine4:0,32,49,22,50,6,47,13,31,5,59,45,23,26,16,2,29,58,11,37,39,46,41,1,33,54,20,17,52,34,9,53,48,56,35,27,25,15,60,30,42,43,7,44,36,19,40,28,18,4,51,21,55,12,24,57,38,14,3,8,10,
machine5:0,49,22,50,47,31,5,59,23,26,16,2,29,11,37,41,1,33,54,20,52,34,9,53,48,56,35,27,25,15,60,42,44,18,51,57,38,3,
machine6:0,32,49,22,50,6,47,13,31,5,59,45,23,26,16,2,29,58,11,37,39,46,41,1,33,54,20,17,52,34,9,53,48,56,35,27,25,15,60,30,42,43,7,44,36,19,40,28,18,4,51,21,55,12,24,57,38,14,3,8,10,

1to 1:
1to 2:33,32,55,23,34,9,29,30,6,22,48,47,46,4,13,36,58,42,
1to 3:20,1,57,41,11,38,19,39,49,59,2,5,25,35,50,17,45,12,60,
2to 1:15,40,51,54,44,1,20,5,45,28,17,24,52,26,8,59,3,27,2,21,35,10,14,
2to 2:
2to 3:42,46,6,36,37,7,56,32,23,34,4,29,47,9,16,48,53,43,18,33,31,
3to 1:16,18,43,31,30,58,53,13,22,55,37,7,56,
3to 2:3,28,51,26,52,25,8,12,60,10,50,24,19,44,54,14,38,49,11,57,15,40,39,27,41,21,
3to 3:

cell1:2,3,
cell2:3,1,
cell3:2,1,
