machine1:0,49,32,50,6,47,13,45,46,39,58,36,2,1,17,54,37,20,60,53,56,35,44,12,4,25,15,55,19,43,7,14,40,30,28,18,21,52,24,10,8,
machine2:0,49,32,50,6,31,47,22,13,59,45,23,41,5,16,26,46,29,39,58,11,36,2,1,33,17,54,48,37,20,60,9,53,56,34,35,44,57,27,12,51,4,25,15,55,19,43,7,3,14,42,40,30,28,18,21,52,24,38,10,8,
machine3:0,32,6,31,22,13,59,45,23,41,5,16,26,46,29,39,58,11,36,33,17,48,9,34,57,27,12,51,4,55,19,43,7,3,14,42,40,30,28,21,24,38,10,8,
machine4:0,49,32,50,6,31,47,22,13,59,45,23,41,5,16,26,46,29,39,58,11,36,2,1,33,17,54,48,37,20,60,9,53,56,34,35,44,57,27,12,51,4,25,15,55,19,43,7,3,14,42,40,30,28,18,21,52,24,38,10,8,
machine5:0,49,50,31,47,22,59,23,41,5,16,26,29,11,2,1,33,54,48,37,20,60,9,53,56,34,35,44,57,27,51,25,15,3,42,18,52,38,
machine6:0,49,32,50,6,31,47,22,13,59,45,23,41,5,16,26,46,29,39,58,11,36,2,1,33,17,54,48,37,20,60,9,53,56,34,35,44,57,27,12,51,4,25,15,55,19,43,7,3,14,42,40,30,28,18,21,52,24,38,10,8,

1to 1:
1to 2:33,32,55,23,34,9,29,30,6,22,48,47,46,4,13,36,58,42,
1to 3:20,1,57,41,11,38,19,39,49,59,2,5,25,35,50,17,45,12,60,
2to 1:20,1,27,21,54,44,14,15,8,59,2,10,5,40,51,35,17,28,45,3,26,24,52,
2to 2:
2to 3:33,37,56,32,23,34,9,29,6,43,48,47,46,18,4,53,31,36,42,7,16,
3to 1:7,13,53,22,58,56,16,37,55,31,30,43,18,
3to 2:40,21,41,39,27,15,24,60,49,50,12,14,52,26,11,38,25,57,10,44,54,8,3,51,28,19,
3to 3:

cell1:2,3,
cell2:3,1,
cell3:1,2,
