machine1:0,55,60,49,50,58,12,19,30,25,39,13,46,6,4,54,24,28,47,15,44,14,52,10,36,32,20,8,40,1,37,35,17,21,2,45,56,7,53,43,18,
machine2:0,55,60,49,57,50,58,22,41,12,19,30,25,38,39,13,51,46,11,6,27,4,54,3,33,34,9,24,23,26,28,47,15,48,44,14,42,52,10,29,36,32,20,8,31,40,1,37,16,35,17,21,2,45,56,7,5,53,59,43,18,
machine3:0,55,57,58,22,41,12,19,30,38,39,13,51,46,11,6,27,4,3,33,34,9,24,23,26,28,48,14,42,10,29,36,32,8,31,40,16,17,21,45,7,5,59,43,
machine4:0,55,60,49,57,50,58,22,41,12,19,30,25,38,39,13,51,46,11,6,27,4,54,3,33,34,9,24,23,26,28,47,15,48,44,14,42,52,10,29,36,32,20,8,31,40,1,37,16,35,17,21,2,45,56,7,5,53,59,43,18,
machine5:0,60,49,57,50,22,41,25,38,51,11,27,54,3,33,34,9,23,26,47,15,48,44,42,52,29,20,31,1,37,16,35,2,56,5,53,59,18,
machine6:0,55,60,49,57,50,58,22,41,12,19,30,25,38,39,13,51,46,11,6,27,4,54,3,33,34,9,24,23,26,28,47,15,48,44,14,42,52,10,29,36,32,20,8,31,40,1,37,16,35,17,21,2,45,56,7,5,53,59,43,18,

1to 1:
1to 2:33,32,55,23,34,9,29,30,6,22,48,47,46,4,13,36,58,42,
1to 3:20,1,57,41,11,38,19,39,49,59,2,5,25,35,50,17,45,12,60,
2to 1:20,1,27,21,54,44,14,15,8,59,2,10,5,40,51,35,17,28,45,3,26,24,52,
2to 2:
2to 3:33,37,56,32,23,34,9,29,6,43,48,47,46,18,4,53,31,36,42,7,16,
3to 1:37,56,55,30,22,43,18,53,31,13,58,7,16,
3to 2:27,57,21,41,11,38,19,39,54,44,14,15,49,8,10,25,40,51,50,28,12,3,26,24,52,60,
3to 3:

cell1:2,3,
cell2:3,1,
cell3:1,2,
