machine1:0,69,25,15,83,91,16,23,66,90,64,48,5,39,63,88,61,40,29,7,73,99,21,31,59,70,22,80,95,65,13,3,53,32,57,85,12,2,11,82,18,19,78,54,62,27,92,74,52,49,100,60,71,34,46,
machine2:0,4,15,58,16,14,23,66,90,48,5,39,61,7,24,55,38,21,37,30,33,59,70,67,79,22,35,80,3,72,28,1,2,18,54,27,74,52,49,89,26,44,17,8,96,60,71,
machine3:0,69,20,83,91,16,14,90,50,5,88,84,61,93,81,29,42,21,33,22,35,80,95,32,12,1,11,19,47,78,62,56,43,76,41,87,26,68,
machine4:0,69,4,15,20,91,14,66,45,90,64,5,39,63,88,84,93,81,29,94,55,38,37,59,9,67,35,6,80,13,12,2,98,36,19,47,62,27,92,41,89,26,17,8,10,77,71,75,46,
machine5:0,69,58,20,91,16,23,66,90,50,64,48,5,63,88,84,61,29,7,94,73,99,55,21,31,30,33,59,9,70,67,79,22,35,6,65,13,53,85,28,1,2,82,18,19,47,78,54,62,56,92,74,43,87,26,8,68,96,86,77,71,34,
machine6:0,4,15,23,45,90,50,64,48,63,88,84,61,93,81,29,94,99,55,42,21,37,30,70,35,13,72,32,57,85,28,98,18,19,47,62,27,56,52,89,44,17,8,96,100,71,75,34,46,51,
machine7:0,4,15,20,83,91,16,66,50,5,81,29,55,38,42,21,37,30,33,59,70,67,79,22,65,13,3,53,28,12,2,36,82,19,54,62,92,74,41,87,96,100,86,60,77,97,
machine8:0,69,4,15,20,83,14,45,90,5,88,84,40,93,24,94,21,31,33,70,67,6,95,57,1,2,11,36,47,56,92,74,43,52,76,87,49,26,8,68,96,100,34,46,
machine9:0,25,20,83,91,16,66,48,5,39,88,84,93,29,24,99,38,42,30,59,9,67,79,22,35,6,80,65,13,3,85,12,11,18,54,62,92,74,49,89,8,60,71,75,34,46,97,
machine10:0,69,25,4,58,20,91,16,14,23,66,50,48,5,29,7,73,55,42,37,33,59,9,67,79,22,35,80,95,3,32,57,28,12,2,78,56,92,43,52,76,89,10,68,71,46,51,
machine11:0,69,20,91,23,66,64,5,39,88,61,40,81,29,94,73,33,9,70,67,6,65,13,32,57,28,12,11,82,18,19,62,92,74,52,76,41,49,26,17,96,60,77,
machine12:0,69,25,4,15,20,91,16,14,23,66,45,90,50,64,48,5,39,88,84,61,40,93,81,29,7,24,94,73,99,55,38,42,21,31,37,30,33,67,79,22,35,6,80,95,13,3,72,53,32,85,28,12,1,2,98,11,36,82,18,19,47,78,54,62,56,74,52,76,41,49,89,26,44,17,8,96,100,60,77,75,34,46,51,
machine13:0,69,25,4,15,58,20,83,16,14,23,66,45,90,50,64,48,5,39,88,84,61,40,81,29,7,24,94,73,99,55,42,21,31,37,30,59,9,70,67,79,22,35,6,80,95,13,3,53,32,57,85,28,12,1,2,98,36,18,19,47,78,54,62,27,56,92,74,43,52,76,41,87,49,89,26,8,10,68,96,86,60,71,51,97,
machine14:0,69,25,4,15,58,20,83,91,16,23,66,45,90,50,64,48,5,39,63,88,84,61,40,93,81,29,7,24,94,73,99,55,38,31,37,30,59,9,67,79,22,35,6,80,95,65,13,53,85,28,12,1,2,11,36,82,18,19,47,78,54,62,27,56,92,74,43,52,76,87,49,89,26,44,17,8,68,86,60,71,75,34,46,97,
machine15:0,69,25,4,15,58,20,91,16,14,23,66,45,90,48,5,39,63,88,84,61,40,93,81,29,24,94,99,55,38,42,21,31,37,33,59,9,70,67,22,35,6,80,65,13,3,72,53,32,57,85,28,12,1,2,98,11,36,82,18,19,47,54,62,27,56,92,74,43,52,49,89,26,17,96,100,86,77,71,75,34,46,
machine16:0,69,25,4,15,58,20,83,91,16,14,23,45,90,50,64,5,39,63,88,84,61,93,81,7,24,94,73,55,38,42,30,33,59,9,70,67,22,35,6,80,95,72,32,57,85,28,12,1,2,82,47,78,54,62,92,74,43,52,76,49,89,17,10,68,96,100,77,71,75,51,97,
machine17:0,69,15,58,20,83,91,16,23,66,45,90,64,48,5,88,84,61,93,81,29,24,73,99,55,38,42,37,30,59,9,70,67,79,22,35,6,80,95,65,13,72,85,28,2,98,11,36,82,18,19,47,78,27,92,74,43,52,76,41,87,26,44,17,8,60,77,75,34,51,97,
machine18:0,69,4,15,58,20,83,91,16,23,66,45,90,64,5,39,88,84,61,93,81,29,24,94,73,99,55,38,42,21,31,30,33,59,70,67,35,6,80,95,13,3,53,32,57,85,12,2,36,18,19,47,54,27,56,92,74,43,52,76,41,49,26,44,17,8,10,96,100,60,34,46,97,
machine19:0,69,4,15,58,20,83,91,16,14,23,66,45,90,50,64,48,5,39,63,88,84,61,93,29,7,24,94,73,55,38,42,21,31,37,30,33,59,9,70,67,79,22,35,6,95,65,13,3,72,53,32,57,28,12,1,2,11,82,18,47,78,54,62,27,56,74,43,52,49,89,26,44,17,10,68,100,60,77,75,46,97,
machine20:0,69,25,4,15,58,20,91,14,23,66,45,50,64,48,5,39,63,88,84,61,40,93,81,29,7,24,94,73,99,55,38,42,21,30,33,59,9,67,79,22,35,6,80,95,13,3,32,57,85,28,12,1,98,11,82,18,19,47,78,54,56,92,43,52,76,41,49,89,26,44,17,96,60,71,75,34,46,97,
machine21:0,69,25,4,15,58,20,83,91,16,14,23,66,45,90,50,64,48,5,39,63,88,84,61,40,93,81,29,7,24,94,73,99,55,38,42,21,31,37,30,33,59,9,70,67,79,22,35,6,80,95,65,13,3,72,53,32,57,85,28,12,1,2,98,11,36,82,19,47,78,54,62,27,56,92,74,43,52,76,41,87,49,89,26,44,17,8,10,68,96,100,86,60,77,71,75,51,
machine22:0,69,25,4,15,58,20,83,91,16,14,23,66,45,90,50,64,48,5,39,63,88,84,61,93,81,29,7,24,94,73,99,55,38,42,21,31,37,30,33,59,9,70,67,79,22,35,6,80,95,65,13,3,72,53,32,57,85,28,12,1,2,98,11,36,82,18,19,47,78,54,62,27,56,92,74,43,52,87,49,89,26,44,17,8,10,68,96,100,86,60,71,75,34,46,51,
machine23:0,69,58,20,83,91,16,66,45,90,50,64,39,88,84,61,40,93,81,29,7,24,94,73,99,55,38,21,30,33,9,70,67,79,22,6,80,95,13,3,32,57,28,12,2,11,36,82,19,78,62,27,56,92,74,43,52,41,87,49,26,8,96,100,60,77,75,46,
machine24:0,69,25,4,15,20,83,91,16,23,45,90,50,64,48,5,39,63,88,84,61,93,81,29,7,24,94,73,99,38,42,21,31,37,33,59,9,70,22,6,80,13,3,28,12,2,36,18,47,54,62,27,92,43,52,41,87,49,44,68,96,77,46,51,
machine25:0,25,58,20,91,16,14,23,66,90,64,48,5,63,61,40,93,81,24,94,73,55,42,21,31,30,33,59,9,70,67,79,35,6,80,13,72,53,32,57,85,28,12,1,2,11,82,19,78,54,62,27,92,74,52,76,49,89,44,10,68,100,86,60,34,51,97,

1to 1:
1to 2:1,3,4,5,8,12,13,16,17,20,23,27,32,33,34,37,40,46,47,48,50,52,53,56,57,58,60,62,65,68,69,70,71,74,77,78,82,83,85,87,88,99,100,39,43,2,19,89,95,55,98,22,42,29,28,63,35,93,26,41,21,96,66,11,84,59,67,91,79,30,
1to 3:3,7,11,12,15,16,24,25,28,29,31,32,34,36,40,43,46,48,50,52,53,54,56,61,62,66,67,69,70,71,79,81,83,88,22,2,78,47,5,35,98,14,73,21,42,84,89,18,94,26,41,23,37,55,20,95,38,1,19,30,90,44,59,96,6,80,
1to 4:1,5,7,8,11,12,13,15,19,21,23,25,27,29,32,34,38,39,43,46,47,48,52,53,54,56,57,60,61,62,63,65,66,69,70,71,74,87,88,91,92,2,37,31,30,26,35,59,67,93,85,28,78,80,90,84,89,6,44,20,
1to 5:4,5,7,8,13,17,18,23,27,29,32,38,47,52,54,61,62,69,70,71,73,74,77,79,82,88,91,93,100,75,94,72,33,11,98,58,43,90,9,15,67,6,39,55,66,42,64,37,78,21,80,22,26,59,2,20,41,19,30,85,96,
1to 6:3,4,11,12,14,15,19,20,24,27,29,30,31,32,33,43,46,47,48,52,54,55,58,59,60,61,62,64,68,69,71,74,77,78,80,81,82,83,84,88,89,91,94,95,99,49,66,44,18,85,7,63,1,39,75,38,93,21,26,28,5,22,41,67,
1to 7:4,14,15,16,17,19,20,23,25,27,32,38,45,48,50,52,54,56,58,61,62,64,65,66,68,69,70,71,78,79,83,88,92,91,47,93,84,8,75,89,39,80,21,43,59,33,90,94,22,29,26,55,2,30,6,5,35,41,
1to 8:1,3,4,7,13,16,18,20,22,24,25,27,28,29,33,34,37,38,42,46,47,48,52,54,56,58,60,62,63,65,66,68,70,71,81,84,87,88,92,93,99,95,26,67,91,79,80,94,19,35,85,55,39,10,49,59,2,96,5,32,6,21,78,
1to 9:1,2,4,7,11,12,13,14,16,18,20,23,24,25,27,28,30,31,32,33,36,37,38,41,43,52,53,54,57,58,60,61,62,64,66,67,68,69,70,74,78,80,81,83,88,92,93,63,85,86,89,21,19,39,59,75,91,22,48,5,76,84,35,55,94,29,26,49,9,
2to 1:5,10,13,15,16,17,18,19,21,23,26,32,33,34,41,42,46,48,49,50,54,55,58,59,63,64,66,68,71,74,76,77,92,94,96,36,56,69,65,11,82,88,61,70,12,29,83,62,78,30,22,4,20,67,91,39,90,2,93,84,
2to 2:
2to 3:1,3,4,5,6,7,8,9,16,18,19,22,23,25,26,28,29,30,35,42,45,47,48,49,50,51,52,55,60,66,71,74,76,80,81,83,85,86,91,92,95,96,38,13,98,69,57,62,78,24,12,88,39,15,37,46,67,94,2,56,84,90,20,89,17,
2to 4:1,2,5,7,8,11,16,18,19,25,26,29,31,34,37,46,50,52,54,55,57,59,64,66,74,75,76,80,85,86,89,92,94,97,62,35,71,88,27,84,40,61,15,60,70,67,87,79,91,9,23,56,20,12,13,36,69,96,49,81,28,4,24,90,93,39,58,
2to 5:4,5,6,7,10,11,12,15,16,19,20,21,22,32,33,34,35,36,37,41,42,45,46,50,52,53,56,64,65,71,73,75,76,79,80,81,85,89,90,92,94,96,97,100,39,57,93,82,9,29,74,61,13,2,47,83,17,18,23,28,66,59,69,70,67,24,91,58,84,30,88,
2to 6:3,4,5,6,10,11,15,17,18,20,21,26,32,35,40,45,50,52,53,54,55,59,64,66,67,68,69,70,74,75,81,83,85,89,91,92,94,97,99,73,9,49,71,84,78,29,38,58,33,60,93,37,88,56,90,28,12,44,24,14,
2to 7:5,6,8,11,14,16,22,25,26,32,33,41,42,43,45,48,50,51,52,54,55,59,60,64,71,74,75,76,80,82,83,84,85,86,88,89,91,94,99,17,19,24,69,67,20,70,47,62,92,78,15,58,2,56,93,29,61,65,21,96,27,4,37,81,9,
2to 8:4,5,8,9,10,11,13,16,18,20,21,26,29,32,33,34,35,49,51,53,59,60,65,68,73,75,79,80,84,85,86,88,90,92,94,91,28,24,42,89,83,12,66,81,2,7,71,30,57,47,87,70,56,3,62,69,98,37,67,96,
2to 9:4,7,10,11,13,14,16,22,23,24,25,26,27,28,32,35,40,41,42,46,48,49,51,52,53,54,55,57,59,60,64,68,72,75,76,77,83,85,86,91,92,94,96,97,100,88,67,78,84,70,37,79,58,56,62,90,20,18,21,73,36,38,69,2,39,89,5,81,66,74,50,
3to 1:1,3,5,7,8,14,18,20,21,24,26,28,29,35,41,42,45,46,47,49,50,52,53,56,57,59,60,61,62,66,69,72,78,79,80,83,84,87,88,90,91,92,95,96,99,100,64,68,73,11,67,10,30,39,2,22,55,13,48,16,17,77,23,
3to 2:2,3,5,8,9,14,16,17,21,24,26,28,29,30,34,35,40,45,46,47,49,51,53,56,57,58,59,60,61,64,66,69,73,74,76,77,78,79,81,82,83,84,87,88,89,91,92,95,96,99,36,23,67,4,42,50,37,20,55,94,90,85,62,48,25,13,18,
3to 3:
3to 4:1,2,4,5,6,7,8,9,11,13,14,15,16,17,18,24,25,28,30,31,35,37,40,45,46,47,52,53,55,57,59,60,61,69,71,74,76,77,79,81,84,89,91,92,94,95,96,97,100,39,73,20,48,62,67,54,56,85,88,38,90,22,58,
3to 5:1,5,6,7,13,14,15,16,17,19,21,24,28,30,31,34,35,37,38,39,41,42,43,44,45,46,47,49,51,52,55,56,57,60,61,66,69,74,75,78,79,80,81,83,84,87,89,90,91,93,95,96,53,76,32,10,18,36,59,70,2,73,23,85,48,12,22,94,67,64,50,54,88,
3to 6:1,2,3,5,6,9,11,14,15,18,20,21,24,26,28,29,30,31,32,33,35,37,39,40,41,42,44,45,46,48,49,52,57,59,60,66,67,69,71,74,75,77,78,79,80,81,83,84,89,92,97,99,100,23,64,10,38,53,56,68,50,61,94,73,22,90,13,17,12,95,54,
3to 7:1,2,3,5,8,10,11,15,20,21,22,24,25,28,29,30,35,37,39,40,41,43,45,47,49,50,51,52,55,56,57,66,69,75,77,78,79,80,82,84,85,88,89,90,92,96,100,16,38,64,76,67,70,17,32,14,61,48,98,54,68,62,
3to 8:1,2,5,6,7,8,9,14,15,16,18,21,23,24,26,28,29,30,35,39,46,49,50,51,55,58,59,60,61,66,71,73,79,80,83,84,87,89,92,95,96,99,11,13,20,62,42,48,88,10,38,37,81,17,68,12,90,22,98,56,64,53,3,36,4,
3to 9:1,5,7,13,15,16,18,20,21,22,24,26,28,30,31,35,38,39,41,42,45,46,48,49,51,54,55,56,57,64,66,67,69,73,74,75,78,79,80,81,84,87,88,91,92,93,94,97,85,68,53,52,2,90,50,37,77,14,95,70,10,25,61,36,76,
4to 1:1,2,4,5,7,9,13,24,26,28,29,31,32,34,36,37,39,43,45,46,47,52,53,55,60,61,62,64,67,68,72,77,81,84,89,90,91,92,93,99,35,87,15,80,85,21,27,38,54,88,25,69,63,71,33,79,98,57,3,74,70,48,66,59,58,56,
4to 2:1,2,4,5,6,7,8,9,11,18,21,24,25,28,29,36,38,40,43,44,45,49,50,52,54,59,61,62,65,66,70,74,76,85,86,89,90,93,96,100,56,13,94,17,60,92,20,67,82,27,71,80,34,46,39,57,15,69,87,35,88,55,12,84,3,83,
4to 3:1,2,6,8,9,11,12,15,16,18,24,25,26,27,28,29,32,34,37,38,42,44,45,46,47,49,52,53,57,60,61,62,66,67,69,76,78,80,85,86,87,88,89,90,96,99,55,20,48,84,13,31,83,4,54,70,74,36,79,39,17,21,58,35,71,
4to 4:
4to 5:2,4,5,6,9,13,15,18,19,21,24,26,28,29,30,36,37,43,44,45,46,48,49,50,52,53,54,60,61,62,63,64,65,67,70,75,76,80,81,82,85,90,93,100,57,58,55,56,23,35,74,12,92,83,91,84,11,73,20,69,88,34,71,16,77,
4to 6:4,5,6,9,18,21,24,26,27,28,29,32,42,43,44,46,47,49,50,52,53,55,58,59,60,62,63,64,66,67,68,70,74,75,78,81,82,85,89,99,84,91,33,3,30,39,83,20,54,94,38,80,92,17,93,88,12,40,45,15,79,57,69,13,11,56,31,25,
4to 7:2,5,6,8,11,19,24,26,27,28,29,32,37,40,43,45,47,49,52,56,60,61,62,64,66,67,75,76,80,81,85,86,87,89,90,92,93,96,16,55,13,21,4,82,25,99,58,57,30,20,9,71,74,83,79,63,69,38,48,84,59,88,54,15,
4to 8:1,2,4,5,6,9,11,15,16,18,21,22,24,28,31,32,34,37,48,49,52,53,56,60,62,64,65,68,69,70,71,75,78,81,85,86,89,90,93,8,30,46,38,92,58,88,84,79,20,66,25,54,17,59,3,13,91,80,61,
4to 9:1,2,5,6,9,12,22,24,25,26,27,28,29,38,39,44,46,47,48,49,50,52,53,54,55,56,57,61,62,64,67,68,69,70,74,75,76,84,85,86,89,90,91,93,96,21,36,4,63,66,81,60,59,31,40,80,72,13,11,20,33,77,79,23,30,58,92,15,16,88,94,
5to 1:2,3,5,9,11,12,13,15,16,17,19,22,26,30,32,33,34,35,36,41,43,45,46,47,50,52,53,55,57,58,60,61,63,65,66,67,68,69,70,72,73,76,80,82,84,85,88,90,91,92,94,96,99,100,38,39,18,74,6,59,62,95,89,7,23,93,21,64,42,27,37,20,
5to 2:3,4,6,9,13,14,15,16,22,27,28,29,32,36,41,42,45,47,49,50,52,55,56,57,58,60,61,64,67,69,70,75,76,78,81,82,83,85,92,94,95,96,97,99,100,66,2,7,51,17,24,23,59,18,20,5,93,38,19,44,74,25,90,21,88,
5to 3:1,2,5,6,7,11,12,13,14,15,16,22,23,24,26,28,30,35,39,41,45,46,47,48,49,51,53,54,55,56,58,61,67,69,70,74,76,78,80,81,84,85,89,90,92,93,95,96,97,98,99,25,52,44,88,10,21,62,38,64,17,42,77,59,37,66,18,
5to 4:4,5,7,9,12,13,14,16,20,22,24,27,28,30,31,33,34,36,43,44,45,46,47,49,50,55,56,57,60,61,63,67,69,70,71,75,76,78,79,81,83,84,85,90,91,95,99,100,52,59,66,38,89,39,23,35,15,18,62,93,19,92,25,29,88,97,64,74,6,21,58,2,
5to 5:
5to 6:1,3,5,9,11,12,13,14,15,18,22,26,27,28,29,30,32,39,41,42,43,45,46,47,49,50,53,55,60,61,63,68,70,71,73,74,75,80,81,82,84,85,88,91,100,95,24,52,89,35,58,93,6,38,44,20,59,19,97,10,99,64,17,66,72,
5to 7:5,6,8,12,15,16,22,26,29,30,32,36,41,43,44,47,49,50,54,55,56,58,59,61,63,65,67,69,70,73,74,75,78,80,81,85,93,94,96,100,35,37,21,72,24,45,64,23,62,89,20,38,76,88,7,17,82,51,92,2,10,52,66,42,
5to 8:3,4,5,6,7,9,11,12,13,14,16,17,22,24,26,30,32,34,36,43,44,45,46,48,49,52,53,54,55,56,58,60,61,68,70,71,73,75,78,79,85,91,93,96,98,90,92,19,39,2,18,38,59,80,88,95,20,51,74,42,10,27,23,64,35,81,89,84,
5to 9:2,7,9,13,16,18,22,26,28,29,30,36,41,42,45,47,48,49,50,53,54,55,57,58,61,63,64,66,68,69,70,73,74,77,81,82,84,85,88,89,91,93,94,6,51,52,23,44,97,62,24,33,59,80,92,38,5,35,
6to 1:2,9,11,13,15,17,20,22,24,25,27,28,29,30,32,39,40,41,42,43,46,49,50,52,53,58,59,60,61,62,64,66,67,68,69,70,72,74,77,79,82,83,85,88,89,90,92,98,35,47,12,1,19,23,84,21,91,7,54,94,78,33,63,38,26,93,
6to 2:4,5,9,11,13,17,18,20,21,26,27,29,30,32,37,41,43,46,47,53,59,60,65,66,67,68,69,70,73,75,79,80,82,83,88,89,90,91,92,95,96,97,12,56,52,57,24,15,85,19,81,23,28,64,6,76,93,49,61,33,100,94,54,
6to 3:1,4,9,11,12,13,15,16,17,20,21,25,26,28,29,30,31,33,35,37,38,39,40,41,42,46,53,55,56,59,60,61,62,66,67,68,69,74,78,79,80,83,89,94,97,64,7,5,52,85,81,49,18,95,48,76,91,32,90,58,14,19,23,24,45,54,
6to 4:4,6,9,11,13,18,22,25,29,30,31,34,37,38,43,45,46,48,49,50,53,54,55,56,58,60,61,62,63,67,68,70,75,80,81,84,88,89,90,91,92,15,32,85,47,76,39,52,66,24,35,69,23,19,12,99,83,26,28,1,
6to 5:1,2,9,12,13,15,16,18,20,21,22,28,29,30,31,32,39,41,42,43,46,47,48,53,59,60,63,65,66,68,70,73,74,75,80,81,82,83,84,88,89,90,91,92,93,97,25,38,5,95,85,76,35,54,6,44,64,23,45,49,100,78,99,61,69,52,24,
6to 6:
6to 7:4,9,11,12,15,16,20,21,26,29,30,32,33,37,39,40,41,42,43,48,50,52,55,56,59,60,61,62,63,64,66,67,68,69,70,73,74,75,80,82,83,84,88,89,90,92,93,95,28,85,5,47,45,91,94,49,19,99,1,24,76,6,35,58,81,38,54,
6to 8:3,4,5,6,9,10,11,12,13,20,21,22,23,25,29,33,34,37,38,39,42,46,48,53,56,58,59,60,61,65,66,70,72,73,78,79,80,81,83,84,89,90,91,93,94,47,7,1,18,24,75,54,28,52,95,49,64,99,45,85,26,32,69,
6to 9:2,4,9,13,16,18,20,21,22,25,29,30,32,33,39,40,42,43,45,46,50,52,53,56,59,60,62,63,66,69,70,73,77,79,80,82,83,84,88,89,90,92,93,48,49,75,85,5,1,7,38,94,23,58,64,78,26,99,35,47,54,24,28,81,12,
7to 1:2,3,8,10,12,15,16,20,21,24,25,26,28,32,33,35,38,39,42,53,54,55,56,59,60,64,66,68,69,70,71,77,80,82,83,84,85,88,98,99,41,19,29,89,5,22,91,87,93,43,47,72,58,76,49,78,30,96,67,90,27,1,9,52,73,62,
7to 2:1,2,3,6,11,12,13,14,15,19,20,21,25,28,32,33,36,37,40,43,44,50,51,54,58,59,60,61,63,66,67,68,69,74,75,81,84,86,88,89,93,100,83,76,29,91,4,5,9,62,49,70,17,92,64,65,82,30,96,16,87,
7to 3:1,2,3,4,6,10,13,14,15,19,20,21,24,25,26,27,29,37,38,39,40,41,42,43,44,51,53,54,60,61,62,66,67,68,69,78,80,83,84,85,86,88,89,90,91,93,94,95,99,35,5,92,23,47,96,48,9,49,58,45,17,56,16,55,30,76,28,73,52,
7to 4:2,6,11,12,14,15,19,20,23,24,25,27,31,38,39,40,44,49,54,55,59,60,61,63,67,68,71,78,79,80,81,82,84,86,88,90,96,52,70,93,45,7,17,58,30,62,43,29,47,4,37,9,65,91,69,92,64,76,5,66,28,89,13,
7to 5:4,5,6,8,10,11,15,16,20,24,28,29,32,36,38,44,45,49,50,55,60,61,63,68,69,80,81,83,84,88,89,94,95,100,30,78,52,7,43,70,87,64,92,67,93,22,82,2,27,59,19,21,23,66,41,90,99,47,17,37,35,91,42,62,1,
7to 6:3,4,6,10,11,14,20,21,25,26,27,29,32,38,39,40,44,49,50,53,54,56,60,61,63,66,70,71,75,79,80,81,84,88,91,15,58,1,55,59,9,89,78,5,24,67,69,47,41,82,42,65,85,23,43,52,30,83,28,33,45,48,62,35,72,
7to 7:
7to 8:1,2,3,5,6,8,10,14,15,20,21,24,25,26,30,32,38,42,44,49,51,52,54,56,59,60,61,62,64,66,67,71,73,75,78,79,80,81,82,84,86,88,89,92,93,94,95,96,13,58,4,28,43,72,45,19,16,33,83,70,87,9,48,29,37,22,
7to 9:1,4,5,6,10,11,12,15,19,21,25,26,32,36,37,38,40,41,42,43,44,48,49,51,53,54,56,58,59,61,63,66,69,72,75,77,79,80,81,82,84,85,86,88,89,94,96,52,83,91,62,90,67,30,24,87,9,16,20,27,55,92,93,33,45,70,78,13,28,
8to 1:1,2,5,7,10,11,12,13,14,16,17,18,21,23,24,25,27,29,32,33,34,35,38,39,42,43,47,48,49,50,53,55,56,58,59,60,62,64,65,67,68,69,70,71,73,79,80,84,85,87,89,90,91,92,93,95,98,100,8,28,20,30,66,99,26,57,88,61,37,22,78,
8to 2:1,4,5,11,13,16,17,22,23,24,29,32,34,37,39,43,44,49,50,51,52,55,56,58,59,62,66,68,69,71,81,82,85,87,88,89,90,91,92,95,96,33,60,70,61,6,20,42,84,78,45,46,94,48,79,27,57,28,
8to 3:2,4,5,16,17,18,20,24,25,29,31,32,34,37,38,39,42,43,44,45,47,49,50,51,52,53,54,55,56,60,62,64,68,71,73,78,79,80,81,83,85,88,90,91,93,1,26,67,12,96,6,22,33,28,10,48,30,8,69,66,99,95,13,87,3,94,
8to 4:5,9,11,16,20,22,23,24,26,28,29,34,35,37,39,43,45,47,48,49,52,55,58,59,60,61,62,67,68,69,71,75,78,85,89,90,91,92,93,95,96,100,54,13,27,30,94,25,38,79,84,46,88,4,3,6,80,57,70,1,32,
8to 5:1,2,4,5,6,9,11,16,18,19,20,24,26,29,33,34,37,43,45,47,48,49,50,51,52,53,56,58,59,60,64,66,68,70,71,79,82,85,89,90,91,92,95,96,80,3,36,30,13,22,54,88,32,94,38,28,81,61,84,42,57,10,
8to 6:1,4,5,9,10,12,14,18,22,24,29,31,38,39,43,44,47,49,50,52,53,55,56,58,59,60,64,68,73,75,82,85,89,90,95,100,28,26,45,48,94,91,13,30,57,69,81,66,6,78,70,32,42,20,72,79,54,
8to 7:2,5,9,11,12,14,16,19,20,21,23,24,29,37,38,42,43,48,49,50,52,54,55,56,58,60,62,67,68,69,70,71,73,75,78,79,80,81,82,83,84,89,91,92,93,96,98,99,100,7,22,8,13,28,32,66,33,3,10,25,87,26,4,88,
8to 8:
8to 9:1,2,4,5,7,10,19,20,21,24,25,29,31,38,39,43,44,48,49,50,51,52,53,56,58,60,62,68,72,73,75,78,81,85,90,91,92,93,96,3,13,27,57,8,36,66,26,84,61,46,54,28,30,22,70,79,80,42,88,16,6,32,
9to 1:1,2,3,6,7,8,15,18,26,27,28,29,33,35,39,40,41,46,49,58,61,63,64,66,69,74,78,79,83,87,88,91,92,93,96,99,54,20,5,77,85,59,73,68,62,70,53,47,84,30,38,52,81,32,90,23,36,21,24,16,19,22,100,13,
9to 2:1,2,3,4,5,11,12,13,15,16,18,20,28,29,37,46,49,51,53,54,57,60,61,62,63,66,74,75,79,80,82,84,85,87,88,89,90,91,93,96,69,70,52,40,14,24,92,33,42,36,78,94,68,77,21,58,86,81,
9to 3:1,2,4,5,6,13,15,18,20,24,28,29,30,31,33,35,36,37,41,46,49,52,53,55,56,58,59,60,62,66,67,69,74,77,79,84,88,89,90,92,93,96,99,25,81,48,51,78,54,85,94,83,40,50,68,11,72,45,64,21,16,80,57,22,
9to 4:1,2,4,5,6,11,15,16,18,21,28,29,31,34,35,36,37,38,39,40,44,46,48,49,53,58,60,61,67,70,74,78,79,83,84,88,89,90,93,96,86,92,9,22,100,13,55,27,12,25,33,45,54,59,62,68,20,72,52,57,24,80,69,81,
9to 5:2,6,9,12,16,18,21,24,26,28,31,39,41,43,44,49,59,60,61,66,73,74,78,79,82,83,85,88,91,92,93,94,38,45,42,72,64,68,22,48,80,23,95,90,5,13,77,52,27,53,84,36,70,81,7,51,
9to 6:3,5,6,12,15,16,18,20,21,28,30,31,38,39,40,41,44,45,46,53,56,58,59,60,61,63,66,69,73,75,78,79,80,82,84,85,88,89,91,93,94,95,27,32,70,90,24,76,49,81,55,48,47,64,14,26,54,33,52,72,77,11,100,13,
9to 7:2,4,6,11,13,15,19,20,25,26,28,29,30,37,38,39,40,41,43,44,49,51,58,60,61,63,64,66,68,69,74,76,79,81,84,85,88,92,93,94,96,99,33,54,55,22,78,5,42,62,72,24,80,90,83,52,14,27,16,48,23,36,73,100,95,
9to 8:1,3,4,6,10,18,20,33,34,37,38,39,42,43,44,45,46,49,60,64,74,79,81,83,85,88,91,92,96,21,23,16,51,30,13,27,94,73,80,90,70,52,5,32,36,50,58,24,78,54,14,84,11,53,48,95,
9to 9:

cell1:6,8,2,9,7,3,5,4,
cell2:7,8,9,5,4,3,6,1,
cell3:1,6,9,2,7,5,4,8,
cell4:2,1,8,6,7,9,3,5,
cell5:2,1,3,7,6,9,8,4,
cell6:1,2,9,5,3,7,8,4,
cell7:2,1,8,9,5,3,4,6,
cell8:4,2,7,9,6,5,1,3,
cell9:4,6,2,7,5,3,1,8,
