machine1:0,29,28,102,51,67,96,98,57,72,37,44,19,49,40,117,75,17,61,97,12,47,69,1,48,13,18,38,59,54,112,31,71,74,11,111,87,103,104,2,89,60,86,43,91,85,23,66,84,78,73,24,9,53,65,21,41,92,109,108,93,118,115,105,116,76,16,45,25,88,20,90,63,15,10,30,50,
machine2:0,29,56,28,102,51,114,67,96,98,57,58,99,72,37,44,8,26,14,19,49,40,39,34,117,75,17,3,42,4,61,97,81,12,106,47,69,1,101,48,36,32,13,18,38,59,54,112,80,31,22,35,71,74,70,113,11,110,111,46,87,119,103,7,107,52,104,2,89,62,60,86,43,55,91,83,85,23,120,66,84,78,64,73,79,82,24,9,53,65,21,41,5,92,109,108,93,118,68,115,105,27,116,76,94,16,45,25,88,20,90,95,100,63,15,77,6,10,30,50,33,
machine3:0,102,51,67,57,99,72,44,39,3,4,97,12,1,101,48,32,13,38,54,112,80,22,71,74,70,113,87,103,2,62,86,43,91,85,120,84,78,64,73,65,21,41,5,92,109,108,93,118,27,116,94,45,20,100,63,77,33,
machine4:0,56,102,51,114,67,98,57,58,99,72,37,44,8,26,14,49,39,117,17,3,42,4,97,81,12,106,47,69,1,101,48,36,32,13,38,54,112,80,31,22,35,71,74,70,113,110,111,87,119,103,107,2,62,86,43,55,91,83,85,120,66,84,78,64,73,24,53,65,21,41,5,92,109,108,93,118,105,27,116,76,94,16,45,88,20,90,95,100,63,15,77,6,10,50,33,
machine5:0,56,28,102,51,114,67,96,57,58,99,37,44,8,14,19,49,40,39,34,3,42,4,61,97,81,12,106,47,69,1,48,36,32,13,18,38,59,54,112,80,31,22,71,74,70,113,11,110,111,46,87,119,103,7,52,104,2,89,62,60,86,43,55,91,83,85,66,84,78,64,73,79,82,24,9,53,21,41,5,92,109,108,93,118,68,115,116,94,16,45,25,88,90,95,100,63,77,6,10,30,50,33,
machine6:0,51,114,57,58,99,8,19,49,40,39,3,42,4,61,81,12,106,47,69,1,48,36,32,13,38,54,112,80,31,71,74,70,113,110,111,46,103,7,52,104,89,62,60,86,43,91,83,85,84,78,73,79,82,24,9,21,41,5,92,108,93,118,68,116,94,16,45,25,88,90,95,100,6,10,30,50,
machine7:0,57,58,99,8,39,61,106,47,1,36,13,38,54,112,31,113,111,46,7,52,89,86,43,91,83,85,78,24,108,93,118,68,94,25,88,90,95,30,
machine8:0,56,28,96,98,8,26,14,39,75,4,61,12,106,47,1,48,32,18,38,54,80,31,35,74,70,11,110,87,103,107,104,89,62,86,55,85,23,120,84,64,73,82,24,53,65,5,92,109,118,115,27,94,16,25,20,95,100,
machine9:0,56,28,102,114,67,96,98,57,58,37,44,8,26,14,19,39,117,75,17,3,42,4,61,97,81,12,106,47,69,1,101,48,36,32,13,18,38,54,112,80,31,22,35,71,74,70,113,11,110,111,46,87,119,103,107,104,2,89,62,86,43,55,85,23,120,84,78,64,73,79,82,24,9,53,65,21,5,92,109,93,118,68,115,105,27,76,94,16,45,25,88,20,90,95,100,63,15,10,30,
machine10:0,29,28,51,98,99,72,44,26,14,19,40,34,117,75,17,3,42,4,61,97,81,106,47,69,1,101,48,36,13,18,38,59,54,112,80,31,35,71,74,70,113,11,110,111,46,87,119,103,7,107,52,104,2,89,62,60,86,43,55,91,83,85,23,120,66,84,78,64,73,79,82,24,9,53,65,21,41,5,92,109,108,93,118,68,115,105,27,116,76,94,16,45,25,88,20,90,95,100,63,15,77,6,10,30,50,33,
machine11:0,29,99,72,44,26,14,19,40,34,75,17,3,42,4,97,81,47,1,101,48,13,38,59,112,80,31,35,74,70,113,11,111,87,119,103,7,104,2,89,62,60,86,43,55,91,83,85,120,66,84,78,73,79,82,24,9,65,41,5,92,109,118,16,45,20,90,95,100,15,10,30,50,33,
machine12:0,29,99,44,26,14,19,34,4,97,101,48,13,112,80,31,35,70,11,87,119,103,7,104,2,89,62,60,43,55,91,83,120,66,78,73,79,24,9,65,41,5,92,109,16,45,90,95,100,15,

1to 1:
1to 2:37,96,69,22,7,81,77,106,36,64,33,19,75,115,34,60,66,82,53,42,116,39,50,46,14,112,108,12,32,110,55,26,100,25,6,41,120,21,2,87,44,88,65,45,111,118,31,4,89,62,5,90,73,95,74,16,92,80,94,109,86,54,70,84,85,
1to 3:67,114,23,81,35,104,27,105,59,53,42,11,97,50,107,79,112,108,17,30,110,15,100,41,120,21,71,76,45,93,111,101,10,118,119,48,4,24,3,113,91,103,62,5,90,20,47,74,63,94,54,78,70,84,
2to 1:118,108,14,37,61,1,113,102,49,56,114,18,64,103,67,71,40,58,31,99,104,78,13,11,38,94,70,96,53,74,3,63,12,90,62,41,48,93,50,84,
2to 2:
2to 3:16,4,51,18,7,104,31,46,56,106,26,38,64,11,55,52,28,60,77,66,45,118,35,87,120,115,57,23,33,48,70,109,32,53,75,86,92,95,116,61,85,44,68,110,6,39,83,89,73,27,65,9,25,2,47,100,20,43,82,1,54,81,14,94,107,5,8,98,96,10,88,12,21,74,80,84,103,24,62,
3to 1:37,29,69,67,22,81,117,72,77,98,36,28,27,64,105,19,52,75,34,66,68,42,39,97,107,57,51,14,112,17,32,110,83,26,100,6,120,21,2,87,44,88,45,93,111,101,10,118,119,48,9,4,3,113,8,103,5,20,73,47,74,16,92,80,94,109,86,54,78,43,70,85,
3to 2:18,56,23,58,35,104,102,106,28,115,40,82,59,53,11,97,107,79,30,12,99,71,61,10,119,31,48,24,3,89,91,103,62,5,47,95,80,63,38,1,109,13,43,84,85,
3to 3:

cell1:2,3,
cell2:1,3,
cell3:1,2,
