machine1:0,5,3,15,8,13,2,9,11,1,14,10,12,6,4,
machine2:0,5,3,15,8,13,2,9,11,7,1,14,10,12,6,4,
machine3:0,5,3,15,8,13,2,9,11,7,1,14,10,12,6,4,
machine4:0,5,3,15,8,13,2,9,7,1,14,12,6,
machine5:0,5,3,15,8,13,2,9,11,7,1,10,12,6,4,
machine6:0,5,3,15,8,13,11,1,10,12,6,4,
machine7:0,5,3,15,8,13,2,9,11,7,1,14,10,12,6,4,
machine8:0,3,15,8,13,2,9,11,1,14,10,12,6,4,

1to 1:
1to 2:1,12,14,2,3,4,5,6,7,8,9,11,13,15,
1to 3:3,11,14,1,2,4,5,6,7,8,9,10,12,13,15,
2to 1:6,7,8,12,1,2,3,4,5,9,10,11,13,14,15,
2to 2:
2to 3:1,3,8,10,12,14,2,4,5,6,9,11,13,15,
3to 1:1,3,9,11,14,15,2,4,5,6,7,8,10,12,13,
3to 2:1,3,7,8,9,10,13,14,15,2,4,5,6,11,12,
3to 3:

cell1:3,2,
cell2:3,1,
cell3:2,1,
