machine1:0,8,15,13,12,4,9,11,3,2,6,10,1,14,5,
machine2:0,8,15,13,12,7,4,9,11,3,2,6,10,1,14,5,
machine3:0,8,15,13,12,7,4,9,11,3,2,6,10,1,14,5,
machine4:0,8,15,13,12,7,9,3,2,6,1,14,5,
machine5:0,8,15,13,12,7,4,9,11,3,2,6,10,1,5,
machine6:0,8,15,13,12,4,11,3,6,10,1,5,
machine7:0,8,15,13,12,7,4,9,11,3,2,6,10,1,14,5,
machine8:0,8,15,13,12,4,9,11,3,2,6,10,1,14,

1to 1:
1to 2:1,11,12,14,7,3,6,9,4,8,5,15,13,2,
1to 3:3,4,11,14,15,7,10,1,6,12,9,8,5,13,2,
2to 1:6,7,8,12,10,11,1,14,3,9,4,5,15,13,2,
2to 2:
2to 3:1,3,8,10,12,14,11,6,9,4,5,15,13,2,
3to 1:1,3,11,14,15,7,10,6,12,9,4,8,5,13,2,
3to 2:1,3,7,8,9,10,13,14,15,11,6,12,4,5,2,
3to 3:

cell1:3,2,
cell2:1,3,
cell3:1,2,
