machine1:0,27,119,18,136,39,45,100,124,113,123,2,29,99,139,26,65,24,57,13,104,42,32,114,93,78,91,28,84,3,10,4,102,85,47,132,94,98,58,68,110,36,92,122,97,80,101,127,108,7,86,54,6,121,17,46,1,62,72,34,115,41,43,56,128,88,50,49,20,96,44,77,37,67,140,51,109,48,60,8,12,
machine2:0,81,35,103,61,27,119,18,82,90,15,33,118,136,5,137,39,45,100,124,113,123,2,29,135,99,120,139,26,105,65,24,57,117,13,21,55,16,104,40,42,32,116,114,53,93,129,66,78,63,91,23,95,28,84,3,59,10,4,87,14,102,85,47,83,132,22,94,98,126,58,68,30,110,36,92,19,52,76,70,122,97,80,101,131,71,125,127,108,7,86,54,106,134,133,112,64,6,25,121,17,46,1,62,72,73,34,74,138,11,115,41,69,31,43,56,128,88,75,50,49,20,96,44,38,130,111,77,37,67,89,107,9,140,51,109,48,60,8,12,79,
machine3:0,118,39,124,135,120,24,57,55,16,40,42,32,93,129,95,28,3,10,87,47,132,126,58,30,110,36,19,76,80,101,71,125,108,7,86,134,133,112,6,121,17,46,62,72,73,74,138,115,31,128,88,49,20,38,130,37,67,89,9,140,51,109,48,12,79,
machine4:0,35,27,18,82,90,15,33,118,5,137,39,124,123,2,29,135,99,120,26,65,24,57,117,13,21,55,16,40,42,32,93,129,66,78,63,23,95,28,84,3,59,10,4,87,14,85,47,83,132,22,94,126,58,68,30,110,36,92,19,76,70,97,80,101,131,71,125,108,7,86,54,106,134,133,112,64,6,25,121,17,46,1,62,72,73,34,74,138,115,41,31,56,128,88,50,49,20,96,44,38,130,111,77,37,67,89,107,9,140,51,109,48,60,8,12,79,
machine5:0,81,35,103,61,27,18,90,15,33,137,39,45,100,123,2,29,99,120,26,105,65,24,57,21,55,16,104,40,42,116,53,93,129,91,23,95,28,84,3,59,4,87,14,102,85,47,83,132,22,94,98,126,58,68,30,110,36,19,52,76,70,122,97,80,101,131,71,125,127,108,7,86,54,106,134,133,112,64,6,25,121,17,46,1,62,72,73,34,138,11,41,69,43,56,128,88,75,50,49,20,96,44,38,130,111,77,37,67,89,107,9,140,51,109,48,60,8,12,79,
machine6:0,81,35,103,27,18,90,39,45,100,29,99,120,24,57,21,55,16,104,40,42,93,23,95,28,3,59,4,87,102,85,132,22,94,98,126,58,68,30,110,36,19,52,76,70,122,80,101,131,71,125,108,7,86,134,133,112,64,6,25,121,17,46,1,62,72,73,34,138,11,41,43,56,128,88,75,50,49,20,44,38,130,111,77,37,67,89,107,9,140,51,109,48,60,12,79,
machine7:0,18,39,45,100,29,99,120,24,57,21,55,16,104,40,42,93,95,59,87,102,85,94,68,110,36,52,76,80,101,71,125,108,7,86,134,112,64,6,25,17,1,73,34,11,41,43,56,49,20,44,38,111,77,67,107,9,140,51,109,60,12,79,
machine8:0,81,61,27,119,18,82,90,15,118,136,5,137,39,45,100,124,123,2,99,120,139,26,105,65,24,57,117,21,55,16,104,40,42,32,116,114,53,93,129,78,91,95,28,84,3,59,10,4,87,14,102,85,47,83,22,94,98,126,58,68,110,36,92,19,52,76,97,101,131,71,127,108,7,86,106,134,133,112,64,6,25,121,17,46,1,62,72,73,34,74,138,115,41,69,31,43,56,128,88,50,49,20,96,44,38,130,111,77,37,67,89,107,9,140,51,109,48,60,8,12,79,
machine9:0,81,61,119,15,118,136,5,39,45,100,123,99,120,139,105,65,24,57,117,21,55,16,104,40,42,32,114,53,78,95,28,84,3,10,4,87,102,85,47,83,98,58,68,110,36,19,52,76,97,101,131,71,127,7,86,112,25,46,62,72,73,34,74,138,115,69,31,43,56,128,88,50,49,20,96,44,38,111,77,37,67,89,107,9,140,51,109,60,12,79,
machine10:0,61,119,15,136,5,39,45,100,120,139,105,65,24,57,117,55,16,104,40,42,114,53,78,95,84,3,4,47,58,68,19,52,76,131,86,112,25,46,72,34,138,115,69,56,128,88,49,20,96,111,77,37,89,9,140,51,109,60,12,79,
machine11:0,81,35,103,82,5,39,2,135,139,26,57,117,55,40,42,129,78,23,95,3,4,85,47,132,94,58,68,30,110,36,19,52,76,97,101,7,86,54,106,112,6,25,121,17,46,62,72,34,74,11,41,43,56,128,88,75,49,20,96,44,38,77,37,89,109,8,12,79,
machine12:0,81,35,103,119,82,90,33,118,136,5,137,39,45,100,124,113,2,29,135,99,139,26,65,24,57,117,13,55,40,42,116,114,53,93,129,66,78,63,91,23,95,28,84,3,4,85,47,83,132,22,94,58,68,30,110,36,19,52,76,97,101,71,108,7,86,54,106,134,133,112,64,6,25,121,17,46,62,72,34,74,11,115,41,31,43,56,128,88,75,50,49,20,96,44,38,130,111,77,37,67,89,107,9,51,109,48,8,12,79,
machine13:0,81,27,33,124,113,123,2,29,120,65,13,21,40,93,66,63,95,84,59,4,87,85,47,58,92,19,52,76,70,101,131,71,125,7,54,134,112,64,72,34,74,11,115,69,31,43,128,75,44,38,130,111,77,67,89,107,9,140,51,48,60,79,
machine14:0,81,27,90,15,33,136,5,45,100,124,113,123,2,29,135,120,65,117,13,21,55,104,40,42,116,53,93,66,78,63,91,23,95,84,59,10,4,87,14,85,47,132,98,126,58,30,92,19,52,76,70,122,97,101,131,71,125,108,7,86,54,106,134,112,64,6,25,121,17,1,62,72,73,34,74,11,115,41,69,31,43,56,128,75,49,20,96,44,38,130,111,77,37,67,89,107,9,140,51,109,48,60,8,12,79,

1to 1:
1to 2:35,80,66,18,138,33,50,1,57,120,78,4,37,39,140,38,77,
1to 3:103,87,91,16,21,28,26,2,30,88,73,25,3,42,49,34,51,8,
1to 4:118,126,61,81,102,98,90,53,129,104,27,100,31,131,93,110,68,115,62,56,111,112,9,101,
1to 5:119,82,13,135,45,137,97,117,124,22,132,84,72,7,6,95,47,58,44,128,
1to 6:113,122,23,123,5,136,15,54,55,59,96,130,69,65,108,40,121,64,134,19,76,60,89,109,52,86,85,
2to 1:19,86,68,25,111,40,54,85,74,83,29,31,46,10,126,7,118,59,133,32,125,
2to 2:
2to 3:64,9,106,79,60,107,47,24,129,18,93,131,99,23,140,123,134,15,35,
2to 4:58,95,51,67,44,36,96,22,92,84,48,65,88,39,41,72,3,
2to 5:20,112,49,38,30,130,2,17,57,5,42,94,90,
2to 6:12,77,34,71,6,101,8,78,4,70,66,27,14,63,132,13,73,
3to 1:105,102,80,122,99,23,127,137,129,70,22,33,94,24,57,36,69,65,71,106,107,121,95,76,60,62,37,109,52,44,38,112,128,79,
3to 2:126,29,125,133,55,17,96,132,73,108,110,41,67,86,34,56,8,111,12,101,20,
3to 3:
3to 4:14,45,123,16,138,21,50,59,1,28,26,120,2,130,40,4,6,134,19,42,89,85,77,
3to 5:103,116,35,91,83,100,46,64,3,48,51,9,
3to 6:87,53,97,11,75,43,84,30,7,25,58,140,
4to 1:67,77,18,84,14,92,8,49,34,97,140,138,88,120,48,15,82,72,91,116,
4to 2:94,117,99,60,74,26,21,62,16,42,130,87,47,106,24,32,
4to 3:68,69,127,83,44,61,137,121,7,105,55,17,36,22,109,128,100,46,90,81,27,
4to 4:
4to 5:114,76,52,28,12,71,115,110,101,39,89,43,108,93,139,65,133,96,86,85,50,
4to 6:37,41,20,79,98,124,56,51,131,104,107,10,112,38,1,
5to 1:11,114,50,66,56,17,41,9,130,96,4,26,134,113,90,89,55,139,53,
5to 2:6,95,31,51,3,79,129,48,58,124,46,63,68,36,82,97,88,25,137,19,28,121,54,76,93,118,128,83,
5to 3:111,33,40,75,110,43,65,133,12,62,108,94,71,39,84,45,
5to 4:107,5,7,136,117,64,57,78,116,49,119,8,74,37,109,24,99,47,20,38,
5to 5:
5to 6:67,44,2,81,106,115,135,29,91,72,
6to 1:117,1,75,12,27,21,101,43,20,132,47,124,81,93,63,45,100,2,13,42,58,
6to 2:134,64,10,131,112,49,9,15,92,123,115,90,135,89,109,107,30,5,
6to 3:19,70,59,126,56,67,98,120,4,37,125,85,29,48,95,54,104,72,116,6,14,
6to 4:108,106,71,52,25,87,17,86,76,128,97,73,55,
6to 5:136,40,74,78,79,33,62,77,41,121,31,111,11,34,23,53,
6to 6:

cell1:5,2,4,6,3,
cell2:5,6,4,3,1,
cell3:5,4,6,1,2,
cell4:3,2,1,6,5,
cell5:6,1,4,2,3,
cell6:2,5,3,1,4,
