machine1:0,5,13,8,15,1,19,9,2,16,20,11,6,14,12,4,17,
machine2:0,5,13,8,1,9,3,2,18,16,20,6,14,12,10,4,
machine3:0,5,13,8,15,1,19,9,3,2,18,16,20,11,6,14,7,12,10,4,17,
machine4:0,5,13,8,15,1,19,9,3,2,18,16,20,11,6,14,7,10,4,17,
machine5:0,5,13,8,15,1,19,3,2,18,16,20,11,6,14,10,
machine6:0,5,13,8,15,1,19,9,3,2,18,16,20,11,6,7,12,10,4,
machine7:0,5,13,8,15,1,19,9,3,2,18,16,20,6,12,4,
machine8:0,5,13,8,15,19,9,3,2,18,20,11,6,14,7,12,10,4,
machine9:0,5,13,8,15,1,19,3,18,16,20,11,6,12,10,4,
machine10:0,5,13,8,15,1,19,9,3,2,16,20,11,6,14,7,12,10,4,17,
machine11:0,13,8,15,1,19,9,3,2,18,16,20,11,6,14,12,10,4,17,

1to 1:
1to 2:1,11,14,19,7,20,4,12,6,9,16,5,8,18,3,2,15,13,
1to 3:2,11,14,7,17,10,20,1,4,12,6,9,16,19,5,8,18,3,15,13,
2to 1:1,6,7,8,12,10,11,14,20,4,9,16,19,5,18,3,2,15,13,
2to 2:
2to 3:3,6,8,10,12,14,16,18,19,11,20,1,4,9,5,2,15,13,
3to 1:2,9,11,14,15,17,19,7,10,20,1,4,12,6,16,5,8,18,3,13,
3to 2:3,9,10,13,14,15,16,18,19,7,11,20,1,4,12,6,5,8,2,
3to 3:

cell1:3,2,
cell2:1,3,
cell3:2,1,
