machine1:0,5,13,1,15,8,2,19,20,9,16,11,14,12,6,4,17,
machine2:0,5,13,1,18,8,3,2,20,9,16,14,12,6,4,10,
machine3:0,5,13,1,15,18,8,3,2,19,20,9,16,11,7,14,12,6,4,10,17,
machine4:0,5,13,1,15,18,8,3,2,19,20,9,16,11,7,14,6,4,10,17,
machine5:0,5,13,1,15,18,8,3,2,19,20,16,11,14,6,10,
machine6:0,5,13,1,15,18,8,3,2,19,20,9,16,11,7,12,6,4,10,
machine7:0,5,13,1,15,18,8,3,2,19,20,9,16,12,6,4,
machine8:0,5,13,15,18,8,3,2,19,20,9,11,7,14,12,6,4,10,
machine9:0,5,13,1,15,18,8,3,19,20,16,11,12,6,4,10,
machine10:0,5,13,1,15,8,3,2,19,20,9,16,11,7,14,12,6,4,10,17,
machine11:0,13,1,15,18,8,3,2,19,20,9,16,11,14,12,6,4,10,17,

1to 1:
1to 2:1,11,14,15,19,12,20,5,6,4,13,9,2,8,7,3,16,18,
1to 3:2,4,11,14,15,20,1,7,17,3,5,18,12,10,6,19,8,13,16,9,
2to 1:1,6,7,8,12,3,2,19,5,9,13,18,15,4,10,11,16,20,14,
2to 2:
2to 3:3,8,10,12,14,16,18,19,20,5,6,9,2,15,1,4,13,11,
3to 1:2,11,14,15,17,18,19,20,9,8,7,5,4,1,16,12,6,10,13,3,
3to 2:3,7,8,9,10,13,14,16,18,19,11,2,4,20,6,15,5,12,1,
3to 3:

cell1:2,3,
cell2:3,1,
cell3:1,2,
