machine1:0,24,46,8,43,29,11,28,41,40,18,22,49,37,45,38,14,5,36,7,44,27,47,2,26,50,13,30,31,39,48,23,34,17,21,25,10,4,33,20,15,9,3,16,1,42,32,
machine2:0,24,46,8,43,29,11,28,41,40,18,22,49,45,38,14,5,36,7,44,27,47,2,26,50,30,31,39,12,48,23,17,21,19,25,35,4,33,20,15,9,3,16,1,6,42,
machine3:0,24,46,8,43,29,11,28,40,18,22,49,37,45,38,14,5,36,7,44,27,47,2,26,13,30,39,12,48,23,34,21,19,25,10,35,4,20,9,3,16,1,6,32,
machine4:0,24,46,8,29,11,28,41,40,18,22,49,37,45,38,14,5,36,7,44,27,47,2,50,13,30,31,39,48,23,34,17,21,19,10,35,15,3,16,1,6,32,
machine5:0,24,46,8,43,29,11,28,41,40,18,22,49,37,45,38,14,36,7,44,27,47,2,26,50,13,30,39,12,23,34,21,19,25,35,4,20,3,16,1,6,42,32,
machine6:0,24,46,8,43,29,11,28,41,40,18,22,49,37,45,38,14,5,36,7,44,27,47,2,26,50,13,30,31,39,12,48,23,34,21,19,25,10,35,4,20,15,3,1,42,
machine7:0,24,46,8,43,29,11,28,41,40,18,22,49,37,45,38,14,5,36,7,44,27,47,26,50,13,31,39,12,48,23,34,21,25,10,35,4,33,20,9,3,16,1,6,42,32,
machine8:0,24,46,8,29,11,28,41,40,18,22,49,37,45,38,14,36,7,44,27,47,2,26,50,13,30,39,48,23,34,17,21,19,25,10,35,4,33,20,15,9,3,16,1,42,32,
machine9:0,24,46,8,43,11,28,41,40,18,22,37,45,14,5,36,7,27,47,2,26,50,13,30,31,39,12,48,23,21,19,25,10,35,4,20,9,3,16,1,6,32,
machine10:0,24,46,8,43,29,11,28,41,40,18,22,49,37,45,38,14,5,36,7,27,47,2,26,50,13,30,31,48,34,21,19,25,10,4,33,20,15,1,6,
machine11:0,24,8,43,29,11,28,41,40,18,22,49,37,45,38,36,7,44,27,47,2,50,13,30,31,39,12,48,23,34,17,21,19,25,10,4,20,15,16,1,6,42,32,
machine12:0,24,46,8,43,29,11,28,41,40,18,22,49,37,45,38,14,5,36,7,44,27,47,2,26,50,13,30,31,39,12,48,23,34,17,21,19,25,10,35,4,33,20,15,9,3,16,1,6,42,32,
machine13:0,24,46,8,43,29,11,28,41,40,18,22,49,37,45,14,5,36,7,27,47,2,26,50,30,31,39,12,48,23,34,17,21,25,10,4,20,15,9,3,16,1,6,32,
machine14:0,24,46,8,43,29,11,28,41,40,18,22,49,37,45,38,14,5,36,7,44,27,47,2,50,13,30,31,39,48,23,34,17,21,19,25,10,35,4,33,20,15,9,3,16,1,6,42,
machine15:0,24,46,8,43,29,11,28,41,40,18,22,49,37,45,38,14,5,36,7,44,27,47,2,50,30,31,39,12,48,23,34,17,21,19,25,10,35,4,33,15,9,3,16,1,42,32,

1to 1:
1to 2:1,4,6,7,9,10,12,13,14,16,17,18,19,20,22,25,26,27,28,31,32,34,36,40,41,42,43,44,47,48,24,15,35,3,23,49,30,38,2,39,45,29,21,11,5,46,8,37,50,
1to 3:1,2,4,5,6,7,9,10,12,13,14,16,17,18,20,24,25,27,28,29,31,32,34,35,38,40,42,43,44,45,46,47,48,26,3,23,49,30,19,39,41,21,11,22,36,8,37,50,
1to 4:1,2,3,4,5,6,10,12,13,14,16,17,18,19,24,26,27,28,30,31,32,34,35,36,41,42,43,44,46,47,48,15,33,25,23,49,38,39,45,29,21,11,22,8,40,7,37,50,
1to 5:1,2,4,5,6,7,8,9,10,12,13,14,16,17,18,19,20,24,25,26,27,28,29,30,31,32,34,35,39,42,43,44,46,47,48,50,15,33,3,23,49,38,41,45,21,11,22,36,40,37,
2to 1:1,3,4,5,6,9,10,11,12,14,15,16,17,18,20,21,22,23,24,26,27,29,30,31,32,34,35,38,39,42,44,46,48,49,25,13,19,43,2,41,45,28,36,8,40,7,37,50,47,
2to 2:
2to 3:1,3,4,5,6,10,12,13,14,15,16,18,21,22,23,24,25,26,28,30,31,34,35,38,39,41,42,43,46,50,32,9,44,49,48,20,19,2,45,29,11,36,27,8,40,7,37,47,
2to 4:1,3,4,6,9,11,12,13,14,15,16,18,21,22,23,24,25,26,27,28,29,31,33,34,35,36,37,38,39,40,41,42,44,45,46,50,32,10,49,48,20,30,19,43,2,5,8,7,47,
2to 5:1,4,5,6,12,13,14,15,16,18,21,22,23,24,26,28,30,33,34,36,37,39,42,44,49,50,17,32,9,35,31,25,3,10,48,20,19,43,38,2,41,45,29,11,27,46,8,40,7,47,
3to 1:1,2,3,4,5,6,8,9,12,13,14,15,16,17,19,23,24,25,26,27,28,31,34,35,38,41,43,45,46,47,50,10,44,49,48,20,30,39,29,21,11,22,36,18,40,7,37,
3to 2:1,3,4,5,6,7,8,9,11,12,13,14,15,18,19,20,21,22,23,24,25,26,27,28,29,31,32,34,35,37,38,39,42,43,45,46,47,50,16,10,44,49,48,30,2,41,36,40,
3to 3:
3to 4:1,3,4,6,8,9,10,12,13,14,15,16,19,21,22,23,24,25,26,27,28,31,32,33,34,35,37,38,39,40,41,42,45,46,49,50,44,48,20,30,43,2,29,11,36,5,18,7,47,
3to 5:1,2,3,6,8,9,10,11,12,13,14,15,16,17,19,21,22,23,24,25,26,28,31,32,34,35,37,38,39,42,43,45,46,47,50,33,4,44,49,48,20,30,41,29,36,5,18,27,40,7,
4to 1:1,2,3,7,9,11,12,13,14,15,16,17,18,19,20,21,23,24,25,27,29,31,34,35,37,39,41,43,44,45,46,47,48,50,26,33,4,10,49,30,38,28,22,36,5,8,40,
4to 2:1,2,3,5,6,7,10,11,12,13,14,15,18,19,21,22,24,25,26,27,29,31,32,34,35,37,39,41,42,43,44,45,46,48,49,50,9,4,23,20,30,38,28,36,8,40,47,
4to 3:1,2,3,6,12,13,14,15,16,19,21,23,24,25,26,27,28,29,31,32,34,35,36,37,39,41,42,44,45,46,48,50,9,33,4,10,49,20,30,43,38,11,22,5,18,8,40,7,47,
4to 4:
4to 5:1,2,3,6,7,8,9,10,12,13,14,15,16,17,19,20,21,24,25,26,27,29,30,31,32,33,34,35,36,37,39,41,42,43,44,45,46,47,48,49,50,4,23,38,28,11,22,5,18,40,
5to 1:6,7,10,12,13,17,18,19,20,22,25,27,29,31,33,34,35,36,39,40,41,42,43,44,45,47,48,49,50,9,26,24,16,15,4,3,23,1,30,38,14,2,21,28,11,5,46,8,37,
5to 2:2,4,5,9,10,12,13,15,16,17,19,22,23,24,25,26,27,29,30,33,35,37,38,39,40,41,43,45,46,47,49,32,42,6,31,34,3,44,48,1,20,14,21,28,11,36,18,8,7,50,
5to 3:5,9,12,13,15,17,19,20,23,24,25,28,29,31,32,33,34,37,39,40,41,42,43,45,47,49,26,6,16,4,3,10,44,48,1,30,38,14,2,21,11,22,36,18,27,46,8,7,50,
5to 4:2,3,10,12,13,15,16,17,19,20,22,24,25,27,29,32,33,35,37,39,40,41,43,45,46,47,48,49,42,9,26,6,4,31,34,23,44,1,30,38,14,21,28,11,36,5,18,8,7,50,
5to 5:

cell1:2,5,3,4,
cell2:5,4,3,1,
cell3:2,5,1,4,
cell4:1,2,3,5,
cell5:1,4,2,3,
