machine1:0,49,34,8,29,10,17,23,33,15,20,44,28,40,13,11,36,45,31,3,21,30,4,26,41,43,5,1,48,38,47,9,18,22,25,7,39,50,2,37,27,14,32,42,46,24,16,
machine2:0,49,8,35,29,17,23,33,12,15,20,44,28,40,11,36,45,31,3,21,30,4,26,41,43,5,19,1,48,38,47,9,18,22,25,7,39,50,2,27,14,42,6,46,24,16,
machine3:0,49,34,8,35,29,10,23,12,20,44,28,40,13,11,36,45,3,21,30,4,26,43,5,19,1,48,38,47,9,18,22,25,7,39,2,37,27,14,32,6,46,24,16,
machine4:0,49,34,8,35,29,10,17,23,15,44,28,40,13,11,36,45,31,3,21,30,41,5,19,1,48,38,47,18,22,7,39,50,2,37,27,14,32,6,46,24,16,
machine5:0,49,34,8,35,29,23,12,20,44,28,40,13,11,36,45,3,21,30,4,26,41,43,19,1,38,47,18,22,25,7,39,50,2,37,27,14,32,42,6,46,24,16,
machine6:0,49,34,8,35,29,10,23,12,15,20,44,28,40,13,11,36,45,31,3,21,30,4,26,41,43,5,19,1,48,38,47,18,22,25,7,39,50,2,37,27,14,42,46,24,
machine7:0,49,34,8,35,29,10,23,33,12,20,44,28,40,13,11,36,45,31,3,21,4,26,41,43,5,1,48,38,47,9,18,22,25,7,39,50,37,27,14,32,42,6,46,24,16,
machine8:0,49,34,8,35,29,10,17,23,33,15,20,44,28,40,13,11,36,45,3,21,30,4,26,41,19,1,48,38,47,9,18,22,25,7,39,50,2,37,27,14,32,42,46,24,16,
machine9:0,8,35,10,23,12,20,28,40,13,11,36,45,31,3,21,30,4,26,41,43,5,19,1,48,47,9,18,22,25,7,39,50,2,37,27,14,32,6,46,24,16,
machine10:0,49,34,8,29,10,33,15,20,28,40,13,11,36,45,31,21,30,4,26,41,43,5,19,1,48,38,47,18,22,25,7,50,2,37,27,14,6,46,24,
machine11:0,49,34,8,29,10,17,23,12,15,20,44,28,40,13,11,36,45,31,21,30,4,41,43,19,1,48,38,47,18,22,25,7,39,50,2,37,27,32,42,6,24,16,
machine12:0,49,34,8,35,29,10,17,23,33,12,15,20,44,28,40,13,11,36,45,31,3,21,30,4,26,41,43,5,19,1,48,38,47,9,18,22,25,7,39,50,2,37,27,14,32,42,6,46,24,16,
machine13:0,49,34,8,29,10,17,23,12,15,20,28,40,11,36,45,31,3,21,30,4,26,41,43,5,1,48,47,9,18,22,25,7,39,50,2,37,27,14,32,6,46,24,16,
machine14:0,49,34,8,35,29,10,17,23,33,15,20,44,28,40,13,11,36,45,31,3,21,30,4,41,43,5,19,1,48,38,47,9,18,22,25,7,39,50,2,37,27,14,42,6,46,24,16,
machine15:0,49,34,8,35,29,10,17,23,33,12,15,44,28,40,11,36,45,31,3,21,30,4,41,43,5,19,1,48,38,47,9,18,22,25,7,39,50,2,37,27,14,32,42,46,24,16,

1to 1:
1to 2:1,2,4,6,7,9,10,11,12,13,14,16,17,18,19,20,22,25,26,27,28,30,31,32,34,36,40,41,42,43,44,47,48,49,8,50,37,46,29,21,5,39,45,38,3,23,24,15,35,
1to 3:1,2,4,5,6,7,9,10,11,12,13,14,16,17,18,19,20,24,25,27,28,29,31,32,34,35,38,40,41,42,44,45,46,47,48,49,8,50,37,36,22,21,43,39,23,30,3,26,
1to 4:1,2,3,4,5,6,10,11,12,13,14,16,17,18,19,24,25,26,27,28,30,31,32,34,35,36,41,42,43,44,46,47,48,49,50,7,40,37,8,22,21,29,45,38,39,23,33,15,
1to 5:1,2,5,6,7,8,9,10,11,12,13,14,16,17,18,19,20,24,25,26,27,28,29,30,31,32,34,35,39,41,42,43,44,46,47,48,49,50,40,37,22,36,45,21,38,4,23,3,15,33,
2to 1:1,3,4,5,6,9,10,12,14,16,17,18,20,22,24,26,27,29,30,31,32,34,35,36,39,42,44,46,48,49,47,50,40,8,37,7,11,28,21,45,38,43,41,2,13,19,25,23,15,
2to 2:
2to 3:1,3,4,5,6,8,10,12,13,14,15,16,18,21,22,23,24,25,26,28,29,30,31,34,35,39,41,42,43,44,45,46,50,47,37,36,40,27,7,11,2,20,19,38,49,48,32,9,
2to 4:1,3,4,6,9,12,13,14,15,16,18,21,22,23,24,26,27,28,29,31,33,34,35,36,38,39,40,41,42,44,45,46,50,37,47,8,7,11,5,2,20,48,19,43,30,10,25,49,32,
2to 5:1,4,5,6,8,12,13,14,15,16,18,21,22,23,24,26,28,29,30,31,33,34,36,39,42,44,49,50,47,37,40,46,7,27,11,19,45,20,41,48,43,2,38,10,35,25,3,17,9,32,
3to 1:1,2,3,4,5,6,7,9,12,13,14,15,16,17,19,20,21,23,24,25,27,28,31,34,35,37,38,39,41,43,45,48,50,47,8,40,46,18,36,22,11,29,49,44,10,30,26,
3to 2:1,3,4,5,6,7,9,12,13,14,15,18,19,20,21,22,23,24,25,26,27,28,29,31,32,34,35,37,38,39,42,43,45,46,47,50,8,40,36,11,41,2,49,44,30,10,48,16,
3to 3:
3to 4:1,3,4,6,7,8,9,10,12,13,14,15,16,19,21,22,23,24,25,26,27,28,31,32,34,35,37,38,39,40,41,42,45,49,50,47,46,36,5,18,11,29,48,44,20,2,43,30,33,
3to 5:1,2,3,4,6,8,9,10,12,13,14,15,16,17,19,20,21,22,23,24,25,26,27,28,31,32,34,35,37,38,39,42,43,45,46,48,50,47,40,7,18,5,36,29,11,41,44,49,30,33,
4to 1:1,2,3,7,9,11,12,13,14,15,16,17,18,19,24,25,26,27,29,31,34,35,37,41,43,44,45,47,48,50,40,46,22,5,36,8,28,21,39,38,30,20,10,4,49,23,33,
4to 2:1,2,3,5,6,7,8,10,11,12,13,14,18,19,21,22,24,25,26,27,29,31,32,34,35,37,39,41,43,44,45,48,49,50,47,46,36,40,28,20,38,30,23,15,4,9,42,
4to 3:1,2,3,6,12,13,14,15,16,19,24,25,26,27,28,31,32,34,35,37,39,41,43,44,45,48,50,47,7,8,46,40,22,36,11,18,21,5,29,38,20,10,30,23,49,4,33,9,42,
4to 4:
4to 5:1,2,3,6,7,8,9,10,12,13,14,16,17,19,24,25,26,27,30,32,33,34,35,36,37,39,41,43,44,45,46,47,48,49,50,18,5,11,40,22,28,29,21,20,38,23,31,4,15,42,
5to 1:5,6,7,10,12,13,15,17,18,19,20,22,23,27,29,31,33,34,35,36,39,40,42,43,44,45,47,48,49,50,37,8,46,11,21,28,41,1,30,2,38,14,25,3,4,24,9,16,26,
5to 2:2,3,4,5,9,10,11,12,13,15,16,17,19,22,23,24,26,27,29,30,33,35,37,38,39,40,43,45,46,47,49,8,7,50,36,18,21,28,41,1,20,14,48,44,34,31,25,6,42,32,
5to 3:3,5,9,12,13,15,17,20,22,23,24,25,28,31,32,33,34,37,38,39,40,42,43,49,47,7,46,50,18,8,36,27,21,11,29,45,14,19,30,2,41,48,1,44,10,4,26,6,16,
5to 4:2,3,10,11,12,13,15,16,17,19,20,22,24,27,29,32,33,35,37,39,41,43,45,46,47,48,49,40,7,50,8,36,5,28,18,21,30,14,38,44,23,1,25,31,34,4,26,42,6,9,
5to 5:

cell1:4,3,2,5,
cell2:1,3,4,5,
cell3:1,5,4,2,
cell4:3,1,2,5,
cell5:3,2,4,1,
