machine1:0,17,9,15,31,25,10,30,23,33,29,41,44,34,3,45,4,43,26,11,8,40,36,18,28,49,48,5,20,38,22,37,14,2,7,32,42,1,13,27,50,24,39,16,46,47,21,
machine2:0,17,12,9,35,15,31,25,30,23,33,19,29,41,44,3,45,4,43,26,11,8,40,36,18,28,49,48,5,20,38,22,6,14,2,7,42,1,27,50,24,39,16,46,47,21,
machine3:0,12,9,35,25,10,30,23,19,29,44,34,3,45,4,43,26,11,8,40,36,18,28,49,48,5,20,38,22,6,37,14,2,7,32,1,13,27,24,39,16,46,47,21,
machine4:0,17,35,15,31,10,30,23,19,29,41,44,34,3,45,11,8,40,36,18,28,49,48,5,38,22,6,37,14,2,7,32,1,13,27,50,24,39,16,46,47,21,
machine5:0,12,35,25,30,23,19,29,41,44,34,3,45,4,43,26,11,8,40,36,18,28,49,20,38,22,6,37,14,2,7,32,42,1,13,27,50,24,39,16,46,47,21,
machine6:0,12,35,15,31,25,10,30,23,19,29,41,44,34,3,45,4,43,26,11,8,40,36,18,28,49,48,5,20,38,22,37,14,2,7,42,1,13,27,50,24,39,46,47,21,
machine7:0,12,9,35,31,25,10,23,33,29,41,44,34,3,45,4,43,26,11,8,40,36,18,28,49,48,5,20,38,22,6,37,14,7,32,42,1,13,27,50,24,39,16,46,47,21,
machine8:0,17,9,35,15,25,10,30,23,33,19,29,41,44,34,3,45,4,26,11,8,40,36,18,28,49,48,20,38,22,37,14,2,7,32,42,1,13,27,50,24,39,16,46,47,21,
machine9:0,12,9,35,31,25,10,30,23,19,41,3,45,4,43,26,11,8,40,36,18,28,48,5,20,22,6,37,14,2,7,32,1,13,27,50,24,39,16,46,47,21,
machine10:0,15,31,25,10,30,33,19,29,41,34,45,4,43,26,11,8,40,36,18,28,49,48,5,20,38,22,6,37,14,2,7,1,13,27,50,24,46,47,21,
machine11:0,17,12,15,31,25,10,30,23,19,29,41,44,34,45,4,43,11,8,40,36,18,28,49,48,20,38,22,6,37,2,7,32,42,1,13,27,50,24,39,16,47,21,
machine12:0,17,12,9,35,15,31,25,10,30,23,33,19,29,41,44,34,3,45,4,43,26,11,8,40,36,18,28,49,48,5,20,38,22,6,37,14,2,7,32,42,1,13,27,50,24,39,16,46,47,21,
machine13:0,17,12,9,15,31,25,10,30,23,29,41,34,3,45,4,43,26,11,8,40,36,18,28,49,48,5,20,22,6,37,14,2,7,32,1,27,50,24,39,16,46,47,21,
machine14:0,17,9,35,15,31,25,10,30,23,33,19,29,41,44,34,3,45,4,43,11,8,40,36,18,28,49,48,5,20,38,22,6,37,14,2,7,42,1,13,27,50,24,39,16,46,47,21,
machine15:0,17,12,9,35,15,31,25,10,30,23,33,19,29,41,44,34,3,45,4,43,11,8,40,36,18,28,49,48,5,38,22,37,14,2,7,32,42,1,27,50,24,39,16,46,47,21,

1to 1:
1to 2:1,4,6,7,10,12,13,14,17,18,19,20,22,25,26,27,29,31,32,34,36,40,41,42,43,44,47,48,49,11,24,39,38,9,8,45,3,16,21,15,37,50,30,46,2,23,28,5,35,
1to 3:1,2,4,5,6,7,10,12,13,14,16,17,18,19,20,24,25,27,28,29,30,31,32,34,35,40,42,43,44,45,46,47,48,49,9,23,36,11,26,8,3,38,41,50,21,39,37,22,
1to 4:1,3,4,5,6,7,10,12,13,16,17,18,19,24,26,27,28,29,30,31,32,34,35,36,41,42,43,44,46,47,48,49,23,50,21,38,40,15,11,14,33,22,37,25,45,8,39,2,
1to 5:1,2,4,5,6,7,8,9,10,12,13,14,16,17,18,19,20,24,25,26,27,28,29,30,31,32,34,35,36,39,42,43,44,46,47,48,49,50,40,11,15,45,22,41,21,37,23,38,3,33,
2to 1:1,3,4,5,6,8,9,10,11,12,14,15,16,17,18,20,22,24,26,27,29,30,31,32,34,35,36,42,44,46,48,49,38,13,28,40,43,50,45,39,2,21,25,41,7,47,23,37,19,
2to 2:
2to 3:1,3,4,5,6,8,10,12,13,14,15,16,18,22,23,24,25,26,28,29,31,34,35,39,41,42,43,46,48,11,21,44,2,27,45,20,50,38,30,32,19,40,36,49,7,37,9,47,
2to 4:1,3,4,6,9,11,12,13,14,15,16,21,22,23,24,25,26,27,28,29,31,33,34,35,36,37,39,40,41,42,44,45,46,48,50,8,20,32,2,10,47,19,30,38,5,7,18,43,49,
2to 5:1,3,5,6,8,12,13,14,15,16,18,22,23,24,26,28,29,30,33,34,37,39,42,44,48,49,50,4,19,35,20,31,17,32,47,11,40,10,27,9,25,46,43,36,38,7,21,41,45,2,
3to 1:1,2,3,4,5,6,7,9,12,13,14,15,16,17,19,21,23,24,25,26,27,28,31,34,35,38,39,41,43,45,46,47,48,50,37,40,49,8,29,20,44,10,36,18,22,30,11,
3to 2:1,2,3,4,5,6,7,9,12,13,14,15,16,19,20,21,22,23,24,25,26,27,28,29,31,32,34,35,37,38,39,42,43,45,46,47,50,40,36,49,18,10,44,8,48,30,41,11,
3to 3:
3to 4:1,2,3,4,6,7,8,9,10,12,13,14,15,16,19,21,22,23,24,25,26,27,28,31,32,34,35,37,38,39,40,41,42,45,46,49,50,48,44,36,5,20,29,47,11,33,18,30,43,
3to 5:1,2,4,6,8,9,10,11,12,13,14,15,16,17,19,21,22,23,24,25,26,28,31,32,34,35,37,38,39,40,42,43,45,46,47,48,50,29,33,5,44,49,7,20,27,36,41,18,30,3,
4to 1:1,2,3,7,9,12,13,14,15,16,17,18,19,21,23,24,25,26,27,28,29,31,34,35,37,38,39,41,43,45,46,47,48,49,50,36,22,5,11,44,4,30,40,10,33,8,20,
4to 2:1,2,3,5,6,7,8,9,10,12,13,14,15,18,19,21,22,24,25,26,27,28,29,31,32,34,35,37,38,39,40,41,43,45,46,48,49,50,47,20,23,36,42,11,30,44,4,
4to 3:1,2,3,6,9,12,13,14,15,16,21,23,24,25,26,27,28,31,32,34,35,37,38,39,40,41,44,45,46,48,49,50,22,19,10,43,20,7,4,8,18,33,47,29,36,11,30,42,5,
4to 4:
4to 5:1,2,3,6,7,8,9,10,12,13,14,15,16,17,18,19,21,24,25,26,27,28,30,31,32,33,34,35,36,37,38,39,40,41,43,45,46,47,48,49,50,5,20,44,29,4,22,23,42,11,
5to 1:6,7,10,12,13,17,18,19,20,22,23,25,27,29,31,33,34,35,36,39,40,41,42,43,44,45,47,48,49,50,8,9,1,11,15,30,24,38,46,4,3,21,16,37,2,26,14,28,5,
5to 2:2,3,4,5,9,10,11,12,13,15,16,17,19,22,23,24,25,26,27,28,29,30,33,35,36,37,38,39,40,41,43,45,46,47,49,34,1,8,21,7,44,20,31,48,50,18,42,6,32,14,
5to 3:3,5,9,12,13,15,17,19,20,23,24,25,28,31,32,33,34,36,37,39,40,41,42,43,45,47,49,30,44,48,1,4,18,14,21,46,29,7,26,22,2,50,10,27,11,6,8,16,38,
5to 4:2,3,10,12,13,15,16,17,19,20,22,24,25,27,29,32,33,35,36,37,39,41,43,45,46,47,48,49,31,30,42,26,28,34,44,4,18,23,40,5,9,11,38,1,6,7,14,8,21,50,
5to 5:

cell1:2,3,5,4,
cell2:1,4,5,3,
cell3:5,4,2,1,
cell4:2,3,5,1,
cell5:1,2,4,3,
