machine1:0,23,5,31,40,10,4,49,8,18,20,30,41,25,43,36,28,9,11,15,44,37,45,34,29,14,33,22,3,7,38,17,48,50,2,26,27,1,39,47,46,13,32,24,42,16,21,
machine2:0,23,5,31,40,4,49,35,8,18,20,30,41,25,43,36,28,9,11,15,44,45,19,29,14,33,22,3,7,38,17,48,12,50,2,26,27,1,6,39,47,46,24,42,16,21,
machine3:0,23,5,40,10,4,49,35,8,18,20,30,25,43,36,28,9,11,44,37,45,19,34,29,14,22,3,7,38,48,12,2,26,27,1,6,39,47,46,13,32,24,16,21,
machine4:0,23,5,31,40,10,49,35,8,18,30,41,36,28,11,15,44,37,45,19,34,29,14,22,3,7,38,17,48,50,2,27,1,6,39,47,46,13,32,24,16,21,
machine5:0,23,40,4,49,35,8,18,20,30,41,25,43,36,28,11,44,37,45,19,34,29,14,22,3,7,38,12,50,2,26,27,1,6,39,47,46,13,32,24,42,16,21,
machine6:0,23,5,31,40,10,4,49,35,8,18,20,30,41,25,43,36,28,11,15,44,37,45,19,34,29,14,22,3,7,38,48,12,50,2,26,27,1,39,47,46,13,24,42,21,
machine7:0,23,5,31,40,10,4,49,35,8,18,20,41,25,43,36,28,9,11,44,37,45,34,29,14,33,22,3,7,38,48,12,50,26,27,1,6,39,47,46,13,32,24,42,16,21,
machine8:0,23,40,10,4,49,35,8,18,20,30,41,25,36,28,9,11,15,44,37,45,19,34,29,14,33,22,3,7,38,17,48,50,2,26,27,1,39,47,46,13,32,24,42,16,21,
machine9:0,23,5,31,40,10,4,35,8,18,20,30,41,25,43,36,28,9,11,37,45,19,14,22,3,7,48,12,50,2,26,27,1,6,39,47,46,13,32,24,16,21,
machine10:0,5,31,40,10,4,49,8,18,20,30,41,25,43,36,28,11,15,37,45,19,34,29,14,33,22,7,38,48,50,2,26,27,1,6,47,46,13,24,21,
machine11:0,23,31,40,10,4,49,8,18,20,30,41,25,43,36,28,11,15,44,37,45,19,34,29,22,7,38,17,48,12,50,2,27,1,6,39,47,13,32,24,42,16,21,
machine12:0,23,5,31,40,10,4,49,35,8,18,20,30,41,25,43,36,28,9,11,15,44,37,45,19,34,29,14,33,22,3,7,38,17,48,12,50,2,26,27,1,6,39,47,46,13,32,24,42,16,21,
machine13:0,23,5,31,40,10,4,49,8,18,20,30,41,25,43,36,28,9,11,15,37,45,34,29,14,22,3,7,17,48,12,50,2,26,27,1,6,39,47,46,32,24,16,21,
machine14:0,23,5,31,40,10,4,49,35,8,18,20,30,41,25,43,36,28,9,11,15,44,37,45,19,34,29,14,33,22,3,7,38,17,48,50,2,27,1,6,39,47,46,13,24,42,16,21,
machine15:0,23,5,31,40,10,4,49,35,8,18,30,41,25,43,36,28,9,11,15,44,37,45,19,34,29,14,33,22,3,7,38,17,48,12,50,2,27,1,39,47,46,32,24,42,16,21,

1to 1:
1to 2:1,4,6,7,10,12,13,14,17,18,19,20,22,25,26,27,29,31,32,34,36,38,40,42,43,44,47,48,49,2,3,5,8,9,11,15,16,21,23,24,28,30,35,37,39,41,45,46,50,
1to 3:1,2,4,5,6,7,10,12,13,14,16,17,18,20,24,25,27,28,29,30,31,32,34,35,36,40,42,44,45,46,48,49,3,8,9,11,19,21,22,23,26,37,38,39,41,43,47,50,
1to 4:1,3,4,5,6,10,12,13,16,17,18,19,24,26,27,28,29,30,31,32,34,35,36,41,42,43,44,46,47,48,49,2,7,8,11,14,15,21,22,23,25,33,37,38,39,40,45,50,
1to 5:1,2,4,5,6,7,8,9,10,12,13,14,16,17,18,19,20,24,25,26,27,28,29,30,31,32,34,35,36,39,42,43,44,46,47,48,49,50,3,11,15,21,22,23,33,37,38,40,41,45,
2to 1:1,3,4,5,6,8,9,10,12,14,16,17,18,20,22,24,26,27,29,30,31,32,34,35,36,38,39,42,44,46,48,49,2,7,11,13,15,19,21,23,25,28,37,40,41,43,45,47,50,
2to 2:
2to 3:1,3,4,5,6,8,10,12,13,14,16,22,23,24,25,26,28,29,31,34,35,38,39,41,42,43,44,46,2,7,9,11,15,18,19,20,21,27,30,32,36,37,40,45,47,48,49,50,
2to 4:1,3,4,6,9,12,13,14,16,18,21,22,23,24,25,26,27,28,29,31,33,34,35,36,37,38,39,40,41,42,44,45,46,50,2,5,7,8,10,11,15,19,20,30,32,43,47,48,49,
2to 5:1,5,6,8,12,13,14,16,22,23,24,26,28,29,30,33,34,37,39,42,44,49,50,2,3,4,7,9,10,11,15,17,18,19,20,21,25,27,31,32,35,36,38,40,41,43,45,46,47,48,
3to 1:1,2,3,4,5,6,7,9,11,12,13,14,15,16,17,19,21,23,24,25,26,27,28,31,34,35,38,41,43,45,46,47,48,50,8,10,18,20,22,29,30,36,37,39,40,44,49,
3to 2:1,2,3,4,5,6,7,9,11,12,13,14,15,16,19,20,21,22,23,24,25,26,27,28,29,31,32,34,35,37,39,41,42,43,45,46,47,48,50,8,10,18,30,36,38,40,44,49,
3to 3:
3to 4:1,2,3,4,6,7,8,9,10,11,12,13,14,15,16,19,21,22,23,24,25,26,27,28,31,32,33,34,35,37,39,40,41,42,45,46,48,49,50,5,18,20,29,30,36,38,43,44,47,
3to 5:1,2,3,4,6,8,9,10,11,12,13,14,15,16,17,19,21,22,23,24,25,26,28,31,32,34,35,37,39,40,41,42,43,45,46,47,48,50,5,7,18,20,27,29,30,33,36,38,44,49,
4to 1:1,2,3,7,9,11,12,13,14,15,16,17,18,19,21,23,24,25,26,27,28,29,31,33,34,35,37,38,39,41,43,45,46,47,48,50,4,5,8,10,20,22,30,36,40,44,49,
4to 2:1,2,3,5,6,7,8,9,10,11,12,13,14,18,19,21,22,24,25,26,27,28,29,31,32,34,35,37,38,39,41,42,43,45,46,48,49,50,4,15,20,23,30,36,40,44,47,
4to 3:1,2,3,6,9,11,12,13,14,15,16,19,21,23,24,25,26,27,28,31,32,34,35,37,38,39,41,42,43,44,45,46,48,50,4,5,7,8,10,18,20,22,29,30,33,36,40,47,49,
4to 4:
4to 5:1,2,3,6,7,8,9,10,11,12,13,14,16,17,18,19,21,24,25,26,27,28,30,31,32,33,34,35,36,37,38,39,41,42,43,45,46,47,48,49,50,4,5,15,20,22,23,29,40,44,
5to 1:6,7,10,12,13,15,17,18,19,20,22,23,25,27,29,31,34,35,36,39,40,42,43,44,45,47,48,50,1,2,3,4,5,8,9,11,14,16,21,24,26,28,30,33,37,38,41,46,49,
5to 2:2,3,4,5,9,10,12,13,15,16,17,19,22,23,24,25,26,27,28,29,30,33,35,36,37,38,39,40,43,45,46,47,1,6,7,8,11,14,18,20,21,31,32,34,41,42,44,48,49,50,
5to 3:3,5,9,12,13,15,17,19,20,22,23,24,25,28,29,31,32,34,36,37,39,40,42,43,45,47,1,2,4,6,7,8,10,11,14,16,18,21,26,27,30,33,38,41,44,46,48,49,50,
5to 4:2,3,10,12,13,15,16,17,19,20,22,24,25,27,29,32,33,35,36,37,39,40,41,43,45,46,47,48,1,4,5,6,7,8,9,11,14,18,21,23,26,28,30,31,34,38,42,44,49,50,
5to 5:

cell1:2,3,5,4,
cell2:1,4,5,3,
cell3:5,4,2,1,
cell4:2,3,5,1,
cell5:1,2,3,4,
