machine1:0,5,3,15,8,13,11,9,2,1,10,14,12,6,4,
machine2:0,5,3,15,8,13,11,9,2,7,1,10,14,12,6,4,
machine3:0,5,3,15,8,13,11,9,2,7,1,10,14,12,6,4,
machine4:0,5,3,15,8,13,9,2,7,1,14,12,6,
machine5:0,5,3,15,8,13,11,9,2,7,1,10,12,6,4,
machine6:0,5,3,15,8,13,11,1,10,12,6,4,
machine7:0,5,3,15,8,13,11,9,2,7,1,10,14,12,6,4,
machine8:0,3,15,8,13,11,9,2,1,10,14,12,6,4,

1to 1:
1to 2:1,6,12,14,2,15,13,5,4,3,8,9,11,7,
1to 3:3,11,14,2,15,13,5,8,12,6,4,9,1,10,7,
2to 1:6,7,8,12,2,13,15,5,9,3,4,1,14,11,10,
2to 2:
2to 3:1,3,8,10,12,14,2,15,13,5,6,9,4,11,
3to 1:1,3,9,11,14,15,2,13,8,5,4,12,6,10,7,
3to 2:1,3,7,8,9,10,13,14,15,2,5,4,6,12,11,
3to 3:

cell1:2,3,
cell2:3,1,
cell3:2,1,
