machine1:0,10,13,5,3,14,12,6,2,15,1,11,8,4,9,
machine2:0,10,13,5,3,14,12,6,2,15,1,11,8,4,7,9,
machine3:0,10,13,5,3,14,12,6,2,15,1,11,8,4,7,9,
machine4:0,13,5,3,14,12,6,2,15,1,8,7,9,
machine5:0,10,13,5,3,12,6,2,15,1,11,8,4,7,9,
machine6:0,10,13,5,3,12,6,15,1,11,8,4,
machine7:0,10,13,5,3,14,12,6,2,15,1,11,8,4,7,9,
machine8:0,10,13,3,14,12,6,2,15,1,11,8,4,9,

1to 1:
1to 2:1,11,12,14,15,2,3,4,5,6,7,8,9,13,
1to 3:3,4,11,14,15,1,2,5,6,7,8,9,10,12,13,
2to 1:6,7,8,12,1,2,3,4,5,9,10,11,13,14,15,
2to 2:
2to 3:1,3,8,10,12,14,2,4,5,6,9,11,13,15,
3to 1:1,3,11,14,15,2,4,5,6,7,8,9,10,12,13,
3to 2:1,3,7,8,9,10,13,14,2,4,5,6,11,12,15,
3to 3:

cell1:2,3,
cell2:3,1,
cell3:1,2,
