machine1:0,2,5,13,6,15,10,9,14,12,3,8,4,11,1,
machine2:0,2,5,13,6,15,10,9,14,12,3,8,4,11,1,7,
machine3:0,2,5,13,6,15,10,9,14,12,3,8,4,11,1,7,
machine4:0,2,5,13,6,15,9,14,12,3,8,1,7,
machine5:0,2,5,13,6,15,10,9,12,3,8,4,11,1,7,
machine6:0,5,13,6,15,10,12,3,8,4,11,1,
machine7:0,2,5,13,6,15,10,9,14,12,3,8,4,11,1,7,
machine8:0,2,13,6,15,10,9,14,12,3,8,4,11,1,

1to 1:
1to 2:1,12,14,2,3,4,5,6,7,8,9,11,13,15,
1to 3:3,11,14,1,2,4,5,6,7,8,9,10,12,13,15,
2to 1:6,7,8,12,1,2,3,4,5,9,10,11,13,14,15,
2to 2:
2to 3:1,3,8,10,12,14,2,4,5,6,9,11,13,15,
3to 1:1,3,9,11,14,15,2,4,5,6,7,8,10,12,13,
3to 2:1,3,7,8,9,10,13,14,15,2,4,5,6,11,12,
3to 3:

cell1:3,2,
cell2:3,1,
cell3:2,1,
