machine1:0,3,15,12,1,8,9,4,13,10,14,5,2,6,11,
machine2:0,3,15,12,1,8,9,4,7,13,10,14,5,2,6,11,
machine3:0,3,15,12,1,8,9,4,7,13,10,14,5,2,6,11,
machine4:0,3,15,12,1,8,9,7,13,14,5,2,6,
machine5:0,3,15,12,1,8,9,4,7,13,10,5,2,6,11,
machine6:0,3,15,12,1,8,4,13,10,5,6,11,
machine7:0,3,15,12,1,8,9,4,7,13,10,14,5,2,6,11,
machine8:0,3,15,12,1,8,9,4,13,10,14,2,6,11,

1to 1:
1to 2:1,12,14,2,3,4,5,6,7,8,9,11,13,15,
1to 3:3,11,14,1,2,4,5,6,7,8,9,10,12,13,15,
2to 1:6,7,8,12,1,2,3,4,5,9,10,11,13,14,15,
2to 2:
2to 3:1,3,8,10,12,14,2,4,5,6,9,11,13,15,
3to 1:1,3,9,11,14,15,2,4,5,6,7,8,10,12,13,
3to 2:1,3,7,8,9,10,13,14,15,2,4,5,6,11,12,
3to 3:

cell1:3,2,
cell2:3,1,
cell3:2,1,
