machine1:0,5,16,19,12,6,2,13,14,8,15,9,20,4,1,17,11,
machine2:0,18,5,16,12,6,10,3,2,13,14,8,9,20,4,1,
machine3:0,18,5,16,19,12,6,10,3,2,13,14,8,15,9,20,4,1,17,11,7,
machine4:0,18,5,16,19,6,10,3,2,13,14,8,15,9,20,4,1,17,11,7,
machine5:0,18,5,16,19,6,10,3,2,13,14,8,15,20,1,11,
machine6:0,18,5,16,19,12,6,10,3,2,13,8,15,9,20,4,1,11,7,
machine7:0,18,5,16,19,12,6,3,2,13,8,15,9,20,4,1,
machine8:0,18,5,19,12,6,10,3,2,13,14,8,15,9,20,4,11,7,
machine9:0,18,5,16,19,12,6,10,3,13,8,15,20,4,1,11,
machine10:0,5,16,19,12,6,10,3,2,13,14,8,15,9,20,4,1,17,11,7,
machine11:0,18,16,19,12,6,10,3,2,13,14,8,15,9,20,4,1,17,11,

1to 1:
1to 2:1,11,14,15,19,12,20,5,6,4,13,9,2,8,7,3,16,18,
1to 3:2,4,11,14,15,20,1,7,17,3,5,18,6,12,10,19,8,13,16,9,
2to 1:1,6,7,8,2,3,19,5,9,13,12,18,15,4,10,11,16,20,14,
2to 2:
2to 3:3,8,10,12,14,16,18,19,20,5,6,9,2,15,1,4,13,11,
3to 1:2,11,12,14,15,17,18,19,20,9,8,7,5,4,1,16,6,10,13,3,
3to 2:3,7,8,9,10,13,14,16,18,19,11,2,4,20,6,15,5,12,1,
3to 3:

cell1:2,3,
cell2:3,1,
cell3:1,2,
