machine1:0,5,15,8,1,13,19,2,11,20,9,16,12,6,4,14,17,
machine2:0,5,8,1,13,18,2,20,3,9,16,12,6,4,14,10,
machine3:0,5,15,8,1,13,19,18,2,11,20,3,9,16,12,6,7,4,14,17,10,
machine4:0,5,15,8,1,13,19,18,2,11,20,3,9,16,6,7,4,14,17,10,
machine5:0,5,15,8,1,13,19,18,2,11,20,3,16,6,14,10,
machine6:0,5,15,8,1,13,19,18,2,11,20,3,9,16,12,6,7,4,10,
machine7:0,5,15,8,1,13,19,18,2,20,3,9,16,12,6,4,
machine8:0,5,15,8,13,19,18,2,11,20,3,9,12,6,7,4,14,10,
machine9:0,5,15,8,1,13,19,18,11,20,3,16,12,6,4,10,
machine10:0,5,15,8,1,13,19,2,11,20,3,9,16,12,6,7,4,14,17,10,
machine11:0,15,8,1,13,19,18,2,11,20,3,9,16,12,6,4,14,17,10,

1to 1:
1to 2:1,14,19,2,3,4,5,6,7,8,9,11,12,13,15,16,18,20,
1to 3:2,11,14,1,3,4,5,6,7,8,9,10,12,13,15,16,17,18,19,20,
2to 1:1,6,7,8,2,3,4,5,9,10,11,12,13,14,15,16,18,19,20,
2to 2:
2to 3:3,8,10,12,14,16,18,19,1,2,4,5,6,9,11,13,15,20,
3to 1:2,9,11,12,14,15,17,18,19,1,3,4,5,6,7,8,10,13,16,20,
3to 2:3,7,8,9,10,13,14,15,16,18,19,1,2,4,5,6,11,12,20,
3to 3:

cell1:3,2,
cell2:3,1,
cell3:2,1,
