machine1:0,5,8,13,15,1,2,20,19,16,6,11,9,14,4,12,17,
machine2:0,5,8,13,1,18,2,20,3,16,6,9,14,4,12,10,
machine3:0,5,8,13,15,1,18,2,20,3,19,16,6,11,9,7,14,4,12,10,17,
machine4:0,5,8,13,15,1,18,2,20,3,19,16,6,11,9,7,14,4,10,17,
machine5:0,5,8,13,15,1,18,2,20,3,19,16,6,11,14,10,
machine6:0,5,8,13,15,1,18,2,20,3,19,16,6,11,9,7,4,12,10,
machine7:0,5,8,13,15,1,18,2,20,3,19,16,6,9,4,12,
machine8:0,5,8,13,15,18,2,20,3,19,6,11,9,7,14,4,12,10,
machine9:0,5,8,13,15,1,18,20,3,19,16,6,11,4,12,10,
machine10:0,5,8,13,15,1,2,20,3,19,16,6,11,9,7,14,4,12,10,17,
machine11:0,8,13,15,1,18,2,20,3,19,16,6,11,9,14,4,12,10,17,

1to 1:
1to 2:1,11,14,15,19,2,3,4,5,6,7,8,9,12,13,16,18,20,
1to 3:2,4,11,14,15,20,1,3,5,6,7,8,9,10,12,13,16,17,18,19,
2to 1:1,6,7,8,2,3,4,5,9,10,11,12,13,14,15,16,18,19,20,
2to 2:
2to 3:3,8,10,12,14,16,18,19,1,2,4,5,6,9,11,13,15,20,
3to 1:2,11,12,14,15,17,18,19,1,3,4,5,6,7,8,9,10,13,16,20,
3to 2:3,7,8,9,10,13,14,16,18,19,1,2,4,5,6,11,12,15,20,
3to 3:

cell1:2,3,
cell2:3,1,
cell3:1,2,
