machine1:0,11,20,1,16,8,5,15,19,17,13,9,14,2,4,12,6,
machine2:0,20,1,16,8,18,5,13,9,14,10,3,2,4,12,6,
machine3:0,7,11,20,1,16,8,18,5,15,19,17,13,9,14,10,3,2,4,12,6,
machine4:0,7,11,20,1,16,8,18,5,15,19,17,13,9,14,10,3,2,4,6,
machine5:0,11,20,1,16,8,18,5,15,19,13,14,10,3,2,6,
machine6:0,7,11,20,1,16,8,18,5,15,19,13,9,10,3,2,4,12,6,
machine7:0,20,1,16,8,18,5,15,19,13,9,3,2,4,12,6,
machine8:0,7,11,20,8,18,5,15,19,13,9,14,10,3,2,4,12,6,
machine9:0,11,20,1,16,8,18,5,15,19,13,10,3,4,12,6,
machine10:0,7,11,20,1,16,8,5,15,19,17,13,9,14,10,3,2,4,12,6,
machine11:0,11,20,1,16,8,18,15,19,17,13,9,14,10,3,2,4,12,6,

1to 1:
1to 2:1,11,14,15,19,7,20,4,12,6,9,16,5,8,18,3,2,13,
1to 3:2,4,11,14,15,20,7,17,10,1,12,6,9,16,19,5,8,18,3,13,
2to 1:1,6,7,8,12,10,11,14,20,4,9,16,19,5,18,3,2,15,13,
2to 2:
2to 3:3,8,10,12,14,16,18,19,11,20,1,4,6,9,5,2,15,13,
3to 1:2,11,14,15,17,18,19,7,10,20,1,4,12,6,9,16,5,8,3,13,
3to 2:3,7,8,9,10,13,14,16,18,19,11,20,1,4,12,6,5,2,15,
3to 3:

cell1:3,2,
cell2:1,3,
cell3:1,2,
