machine1:0,8,15,13,6,9,19,16,2,5,14,12,4,11,20,1,17,
machine2:0,8,13,6,9,18,16,2,5,10,3,14,12,4,20,1,
machine3:0,8,15,13,6,9,19,18,16,2,5,10,3,14,12,4,11,20,1,17,7,
machine4:0,8,15,13,6,9,19,18,16,2,5,10,3,14,4,11,20,1,17,7,
machine5:0,8,15,13,6,19,18,16,2,5,10,3,14,11,20,1,
machine6:0,8,15,13,6,9,19,18,16,2,5,10,3,12,4,11,20,1,7,
machine7:0,8,15,13,6,9,19,18,16,2,5,3,12,4,20,1,
machine8:0,8,15,13,6,9,19,18,2,5,10,3,14,12,4,11,20,7,
machine9:0,8,15,13,6,19,18,16,5,10,3,12,4,11,20,1,
machine10:0,8,15,13,6,9,19,16,2,5,10,3,14,12,4,11,20,1,17,7,
machine11:0,8,15,13,6,9,19,18,16,2,10,3,14,12,4,11,20,1,17,

1to 1:
1to 2:1,14,19,2,3,4,5,6,8,9,11,12,13,15,16,18,20,7,
1to 3:2,11,14,1,3,4,5,6,8,9,12,13,15,16,18,19,20,10,17,7,
2to 1:1,6,7,8,13,2,3,4,5,9,11,12,14,15,16,18,19,20,10,
2to 2:
2to 3:3,6,8,10,12,14,16,18,19,1,2,4,5,9,13,15,20,11,
3to 1:2,11,12,14,15,17,19,1,3,4,5,6,8,9,13,16,18,20,10,7,
3to 2:3,7,9,10,13,14,15,16,18,19,1,2,4,5,6,8,11,12,20,
3to 3:

cell1:2,3,
cell2:3,1,
cell3:2,1,
