0:	46660.40000000001	15,18,7,12,12,19,15,2,18,0,4,8,19,11,16,6,3,8,19,4,10,2,1,19,9,:	3,8,3,5,4,4,
1:	47191.49999999999	15,18,7,12,12,19,2,5,18,0,15,8,16,1,19,6,3,8,18,17,10,2,11,13,9,:	7,4,4,2,8,4,
2:	46819.9	15,18,15,12,12,19,16,2,18,0,4,8,16,1,19,6,3,8,19,11,10,2,11,19,9,:	3,4,8,2,8,2,
3:	46661.299999999996	15,18,7,12,12,19,2,5,18,7,12,8,16,1,19,6,3,8,18,17,10,2,11,13,9,:	7,4,4,5,4,4,
4:	46740.8	15,18,7,12,12,19,16,19,18,0,4,19,16,1,19,6,3,8,19,8,10,3,12,19,9,:	3,0,4,4,4,4,
5:	46920.7	15,18,7,12,12,19,16,2,18,0,4,19,16,1,19,7,3,8,19,8,10,3,11,13,9,:	3,8,3,2,4,4,
6:	46740.8	15,18,7,12,12,19,16,19,18,18,4,19,16,1,19,6,3,8,19,8,10,3,11,19,9,:	1,0,4,4,4,4,
7:	46878.29999999998	15,18,7,12,12,19,2,5,18,0,12,8,19,11,16,6,3,8,19,17,10,2,11,19,9,:	3,0,4,4,4,4,
8:	48275.5	15,18,7,12,12,19,16,19,18,0,0,19,16,1,19,6,3,8,19,8,10,3,11,19,9,:	3,0,4,7,4,4,
9:	47128.899999999994	15,18,7,12,12,19,19,19,18,0,4,19,16,1,19,6,3,8,19,8,10,3,11,19,9,:	3,0,4,4,4,7,
10:	46660.40000000001	15,18,7,12,12,19,15,2,18,0,4,8,19,11,16,6,3,10,19,17,10,2,1,19,9,:	3,8,3,4,4,4,
11:	46541.8	15,18,7,12,12,19,16,2,18,0,4,8,19,11,19,6,3,8,19,17,16,2,11,13,9,:	7,0,3,8,4,3,
12:	46838.100000000006	15,18,7,12,12,19,16,19,18,0,4,19,16,1,19,6,3,8,19,8,10,3,2,19,9,:	3,0,4,6,4,4,
13:	47852.69999999998	15,18,7,12,12,19,16,2,18,0,12,8,19,11,16,6,13,8,19,17,10,2,11,19,9,:	3,4,4,2,4,8,
14:	48213.399999999994	15,18,7,12,12,19,2,5,18,0,12,8,0,11,16,6,3,8,19,17,10,2,11,13,9,:	3,8,4,4,4,0,
15:	46660.40000000001	15,18,7,12,12,19,15,2,18,0,4,8,19,9,16,6,3,8,19,17,10,2,1,19,9,:	3,0,3,4,4,4,
16:	46740.8	15,18,7,12,12,19,16,2,18,0,4,8,16,1,19,6,3,8,19,17,10,2,11,19,1,:	3,8,3,4,4,4,
17:	46746.40000000001	15,18,15,12,12,17,16,19,18,0,4,19,16,1,19,6,3,8,19,8,10,3,11,19,9,:	7,4,4,2,4,4,
18:	46661.299999999996	15,18,7,12,12,19,2,5,18,0,12,8,16,1,19,6,3,8,18,17,10,2,11,13,9,:	3,0,4,4,4,4,
19:	46980.69999999999	15,18,7,12,12,19,2,5,18,0,7,8,16,1,19,6,3,8,18,17,10,2,11,13,9,:	0,0,4,4,4,4,
20:	46740.8	15,18,7,12,12,19,16,19,18,0,4,19,16,1,19,6,3,8,19,8,10,3,11,19,9,:	3,0,4,4,4,4,
21:	60819.2	15,18,7,12,12,19,16,19,18,0,4,19,16,1,14,6,3,8,19,8,10,3,11,19,9,:	3,0,4,4,4,2,
22:	48034.200000000004	15,18,7,12,12,19,15,2,18,0,4,8,19,11,16,6,3,8,19,17,10,2,1,12,9,:	3,0,4,4,4,4,
23:	48179.900000000016	15,18,7,12,12,19,2,5,18,0,10,8,16,1,19,6,3,8,18,17,10,2,11,13,9,:	3,0,4,4,4,4,
24:	46823.29999999998	15,18,7,12,12,19,16,19,18,0,4,19,16,1,19,6,3,8,19,8,10,3,11,1,9,:	7,4,4,4,4,4,
25:	46796.90000000001	15,18,7,12,12,19,16,2,18,0,4,19,16,1,19,6,3,8,19,8,10,3,11,19,9,:	3,0,4,2,4,7,
26:	47815.39999999997	15,18,7,12,12,19,16,2,18,0,4,1,19,11,16,6,13,8,19,17,10,2,11,19,9,:	3,8,3,4,7,4,
27:	46660.40000000001	15,18,7,12,12,19,15,2,18,0,4,8,19,11,16,6,3,8,19,17,10,2,1,19,9,:	7,4,4,7,4,4,
28:	46825.1	15,18,7,12,12,19,16,2,18,0,4,8,19,11,16,6,9,8,19,8,10,3,11,19,9,:	4,0,8,2,4,2,
29:	46662.3	15,18,7,12,12,19,16,19,18,0,4,19,16,1,19,6,3,8,19,17,10,2,11,19,9,:	3,4,4,4,4,4,
30:	46913.29999999999	15,18,7,12,18,19,2,5,18,0,12,8,19,11,16,6,3,8,19,17,10,2,11,13,9,:	3,8,3,4,4,4,
31:	46713.700000000004	15,18,7,12,12,19,15,2,18,0,4,8,19,11,16,6,3,2,19,17,10,2,1,19,9,:	3,0,4,2,4,8,
32:	46740.8	15,18,7,12,12,19,16,19,18,0,4,19,16,1,19,6,3,8,19,8,10,3,11,19,9,:	3,8,3,4,4,4,
33:	46819.9	15,18,15,12,12,19,16,2,18,0,4,8,16,1,19,6,3,8,19,17,10,2,11,19,9,:	3,0,4,4,4,4,
34:	47122.49999999998	15,18,7,12,12,19,2,5,18,0,12,19,16,1,19,6,3,8,19,17,10,2,11,13,9,:	3,8,4,4,4,4,
35:	49114.200000000004	15,18,7,12,12,19,16,19,18,0,4,8,19,11,8,6,3,8,19,8,10,3,11,19,9,:	3,0,3,7,4,4,
36:	47047.70000000001	15,18,15,12,12,19,16,2,18,0,4,8,16,1,19,6,7,8,19,17,10,2,11,19,9,:	7,2,4,2,4,4,
37:	46834.3	15,18,15,12,12,19,16,2,18,0,4,8,16,1,19,6,3,8,19,17,10,2,11,19,9,:	7,0,3,8,6,0,
38:	46657.39999999999	15,18,7,12,12,19,16,19,18,0,4,19,16,1,19,6,3,4,18,17,10,2,11,13,9,:	3,0,4,4,4,4,
39:	47524.10000000001	15,18,7,12,12,19,2,5,18,0,12,8,16,1,19,6,3,8,19,8,10,1,11,19,9,:	3,0,4,4,4,4,
40:	46667.399999999994	15,18,7,12,12,19,16,19,18,0,4,8,16,1,19,6,3,8,19,8,10,3,11,19,9,:	3,4,3,2,4,2,
41:	46907.79999999999	15,18,7,12,12,19,2,5,18,0,12,8,19,11,18,6,3,8,19,17,10,2,11,13,9,:	3,8,8,2,4,4,
42:	46834.3	15,18,15,12,12,19,16,2,18,0,4,8,16,1,19,6,3,8,19,17,10,2,11,19,9,:	7,0,3,8,4,0,
43:	46775.1	15,18,7,12,12,19,16,17,18,0,4,8,19,11,16,6,13,8,19,17,10,2,11,19,9,:	7,0,3,8,3,0,
44:	46775.1	15,18,7,12,12,19,16,2,18,0,4,8,19,11,16,6,13,8,19,17,10,2,11,19,9,:	7,0,3,2,4,0,
45:	46981.1	15,18,15,12,12,19,16,2,18,0,4,8,19,11,19,6,3,8,19,17,10,2,11,13,9,:	7,4,4,3,4,4,
46:	46863.49999999999	15,18,7,12,12,19,15,2,18,0,4,8,19,11,16,6,13,8,19,17,10,2,1,19,9,:	7,4,4,2,4,0,
47:	47126.3	15,18,7,12,12,19,16,2,18,0,4,8,19,11,16,16,3,8,19,17,10,2,11,19,9,:	7,4,4,2,4,4,
