0:	11018.900000000003	14,15,7,17,11,16,8,0,6,15,6,18,8,10,18,13,10,0,3,19,:	7,1,1,7,8,6,1,
1:	8558.599999999999	14,15,7,17,11,16,8,0,6,15,6,18,8,10,18,13,11,0,3,19,:	8,1,1,7,7,7,1,
2:	8662.6	14,15,11,17,11,16,8,0,9,15,6,8,8,10,18,13,10,0,3,19,:	7,2,1,7,7,7,1,
3:	11106.899999999998	14,15,11,17,11,16,8,0,6,15,6,8,8,10,18,13,10,0,3,7,:	7,2,1,7,7,7,5,
4:	15580.4	14,15,7,9,11,16,8,0,6,15,6,18,8,10,18,13,10,0,19,19,:	7,1,1,7,8,7,1,
5:	9740.300000000001	14,15,7,17,11,16,8,0,6,15,6,18,8,4,18,13,10,0,3,19,:	7,1,1,7,8,7,1,
6:	11449.199999999997	14,15,7,17,11,16,8,0,6,15,6,18,8,10,18,13,10,0,3,10,:	7,1,4,7,7,7,1,
7:	8620.099999999999	14,15,11,17,11,16,8,0,6,15,6,8,8,10,12,13,10,0,3,19,:	7,2,1,7,7,7,1,
8:	9756.100000000002	14,15,11,17,11,16,8,0,6,15,6,8,8,10,12,13,10,0,3,19,:	7,5,1,7,7,7,1,
9:	8669.7	14,15,11,17,11,16,8,0,6,15,6,10,8,10,18,13,10,0,3,19,:	7,2,1,7,7,7,1,
10:	11397.7	14,15,11,17,11,16,8,0,6,15,6,18,8,10,18,13,10,0,3,13,:	7,2,1,1,7,7,1,
11:	8992.499999999998	14,15,11,17,11,16,8,0,6,15,6,18,8,10,18,13,0,0,3,13,:	7,2,0,7,7,7,1,
12:	12372.4	14,15,10,17,11,16,8,0,6,15,6,18,8,10,18,13,10,0,3,13,:	7,2,6,7,7,7,1,
13:	8651.2	14,15,11,17,11,16,8,0,6,15,6,18,8,10,18,13,10,0,3,13,:	7,2,1,7,7,7,1,
14:	9420.199999999997	14,15,7,17,11,16,8,0,6,15,6,18,8,10,18,13,10,0,3,19,:	7,2,1,7,7,7,1,
15:	9420.199999999997	14,15,7,17,11,16,8,0,6,15,6,18,8,10,18,13,10,0,19,19,:	7,2,1,7,7,7,1,
16:	13045.0	14,15,11,17,9,16,8,0,6,15,6,18,8,10,18,13,10,0,3,19,:	7,2,5,7,7,7,1,
17:	9182.900000000001	14,15,7,17,11,16,8,0,6,15,6,18,8,10,18,13,10,0,3,13,:	8,1,1,7,7,7,1,
18:	8620.099999999999	14,15,11,17,11,16,8,0,6,15,6,18,8,10,18,13,10,0,3,19,:	7,2,1,7,7,7,1,
19:	9739.900000000003	14,15,7,17,11,16,8,0,6,15,6,8,8,10,12,13,10,0,3,19,:	7,1,7,7,7,7,1,
20:	8651.2	14,15,11,17,11,16,8,0,6,15,6,8,8,10,12,13,10,0,13,13,:	7,2,1,7,7,7,1,
21:	8620.099999999999	14,15,11,17,11,16,8,0,6,15,6,18,8,10,18,13,10,0,3,19,:	7,2,1,7,7,7,1,
22:	8651.2	14,15,11,17,11,16,8,0,6,15,6,8,8,10,12,13,10,0,3,13,:	7,2,1,8,7,7,1,
23:	11344.200000000003	14,15,11,10,11,16,8,0,6,15,6,18,8,10,18,13,10,0,3,19,:	7,2,1,7,7,7,5,
24:	11638.800000000003	14,15,11,17,11,16,8,0,6,15,6,18,8,10,18,13,10,0,3,13,:	7,2,1,5,7,7,1,
25:	9128.200000000004	14,15,11,17,11,16,15,0,6,15,6,18,8,10,18,13,10,0,3,13,:	7,2,1,7,0,7,1,
26:	12032.100000000002	14,15,11,17,11,16,8,0,6,15,6,8,8,0,18,13,10,0,3,13,:	7,2,1,6,7,7,1,
27:	11116.500000000002	14,15,11,17,11,16,8,0,6,15,6,18,8,10,18,13,10,0,3,19,:	7,8,1,7,7,7,1,
28:	11476.400000000001	14,14,7,17,11,16,8,0,6,15,6,18,8,10,18,13,11,0,3,19,:	7,1,1,7,7,7,1,
29:	9991.2	14,15,7,17,11,5,8,0,6,15,6,18,8,10,18,13,10,0,3,19,:	7,1,1,7,8,0,1,
30:	10610.199999999999	14,15,7,17,11,16,8,0,6,15,6,18,8,10,18,13,10,0,3,19,:	7,2,1,7,7,7,8,
31:	10580.400000000001	14,15,7,17,11,16,8,0,6,15,6,18,8,10,18,13,10,0,19,19,:	7,2,1,7,7,7,4,
32:	11028.7	14,15,11,17,19,16,8,0,6,15,6,8,8,10,18,13,10,0,3,19,:	7,1,1,7,7,7,1,
33:	10288.6	14,15,11,17,11,16,8,0,6,15,6,8,8,10,12,13,10,0,3,19,:	7,2,1,7,2,7,1,
34:	10185.1	10,15,7,17,11,16,8,0,6,15,6,18,8,10,18,13,10,0,3,13,:	7,2,1,7,7,7,1,
35:	10050.4	14,15,11,17,11,16,8,0,6,15,6,18,8,10,18,13,11,0,3,19,:	7,1,1,7,7,7,6,
36:	11246.500000000007	14,15,11,17,11,16,8,0,6,15,6,8,8,10,18,13,13,0,3,19,:	8,1,1,5,7,7,1,
37:	10905.599999999997	14,15,7,17,11,16,8,0,6,15,6,18,8,10,18,9,10,0,19,19,:	7,2,1,7,7,7,1,
38:	11105.999999999996	14,15,11,17,11,16,8,0,6,15,6,5,8,10,18,13,10,0,3,19,:	8,1,8,7,7,7,1,
39:	12422.7	14,17,7,17,11,16,8,0,6,15,6,18,8,10,18,13,10,0,3,19,:	7,2,1,2,7,7,1,
40:	12098.000000000004	14,15,7,17,11,16,5,0,6,15,6,18,8,10,18,13,10,0,3,19,:	3,1,1,7,7,7,1,
41:	11976.899999999998	14,15,7,17,11,16,8,0,6,15,6,18,8,10,17,13,10,0,3,19,:	3,2,1,7,7,7,1,
42:	18911.1	14,15,11,9,11,16,8,0,6,15,6,18,8,10,18,13,10,0,19,13,:	7,5,1,7,7,7,1,
43:	10035.399999999998	14,15,7,17,11,16,8,0,6,15,6,18,8,10,18,13,10,0,18,19,:	7,1,1,7,6,7,1,
44:	11163.800000000003	4,15,11,17,11,16,8,0,6,15,6,18,8,10,18,13,10,0,3,13,:	7,2,1,7,7,7,1,
45:	12207.2	14,15,11,17,11,16,8,0,6,15,6,18,8,10,0,13,10,0,3,13,:	7,2,1,7,7,4,1,
46:	8669.7	14,15,11,17,11,16,8,0,6,15,6,10,8,10,18,13,10,0,3,19,:	7,2,1,7,7,7,1,
47:	11600.800000000001	14,15,7,17,11,16,8,0,6,15,6,8,8,10,12,13,10,0,3,19,:	7,2,1,3,7,7,1,
