machine1:0,80,109,115,121,110,37,128,62,124,42,108,28,47,58,46,67,20,41,101,97,65,77,96,85,86,12,8,17,54,13,26,10,127,32,123,2,114,102,1,91,92,50,132,113,48,139,84,136,122,51,44,29,6,119,45,99,43,34,57,60,78,3,94,24,36,4,7,140,100,18,104,56,98,93,68,39,49,27,72,88,
machine2:0,80,109,16,135,89,115,121,110,37,128,62,55,76,124,112,42,30,108,28,74,87,120,47,73,58,126,138,46,67,20,41,101,97,38,65,77,118,130,96,85,86,12,8,116,133,17,83,33,54,13,14,26,10,127,63,125,32,123,2,114,106,11,105,137,31,129,102,1,22,91,92,50,66,132,113,15,48,139,70,84,52,75,69,82,136,122,51,117,23,61,95,44,29,6,119,45,99,64,25,43,53,111,9,103,34,57,60,5,21,78,3,94,24,36,35,40,4,7,71,107,140,19,59,100,134,18,104,56,79,81,98,93,90,68,39,49,27,131,72,88,
machine3:0,80,109,16,135,89,115,121,110,37,128,62,55,76,124,112,42,30,108,28,74,87,120,47,73,58,126,138,46,67,20,101,38,118,130,86,12,133,17,10,125,32,31,129,132,48,51,95,6,9,57,3,24,36,40,7,71,140,19,134,79,93,39,49,72,88,
machine4:0,80,109,16,135,89,115,121,110,37,128,62,55,76,124,112,42,30,108,28,74,87,120,47,73,58,126,138,46,67,20,41,101,97,38,65,77,118,130,96,85,86,12,8,133,17,83,33,54,13,14,26,10,63,125,32,123,2,106,137,31,129,1,22,92,50,66,132,15,48,70,84,82,51,117,23,95,44,29,6,99,64,25,111,9,34,57,60,5,21,78,3,94,24,36,35,40,4,7,71,107,140,19,59,134,18,56,79,93,90,68,39,49,27,131,72,88,
machine5:0,80,109,16,89,121,110,37,128,62,55,76,112,42,30,108,28,87,120,47,73,58,126,138,46,67,20,41,101,97,38,65,77,130,96,85,86,12,8,116,133,17,83,33,54,14,26,127,125,123,2,106,11,105,137,129,102,1,22,91,50,132,15,48,70,84,52,75,69,122,51,23,61,95,44,29,6,45,99,64,25,43,53,111,9,103,34,57,60,21,3,94,24,36,35,40,4,7,71,107,140,19,59,100,134,18,104,56,79,81,98,93,90,68,39,49,27,131,72,88,
machine6:0,80,109,16,89,121,110,37,128,62,55,76,112,42,30,108,28,87,120,73,58,126,138,46,67,20,41,101,38,77,130,85,86,12,133,17,125,11,102,1,22,50,132,48,70,52,75,122,51,23,95,44,29,6,45,99,64,25,43,111,9,103,34,57,60,21,3,94,24,36,35,40,4,7,71,107,140,19,59,100,134,18,104,56,79,81,98,93,90,68,39,49,27,131,72,88,
machine7:0,80,109,16,110,55,76,112,42,108,87,120,73,67,20,41,101,38,77,85,86,12,17,125,11,102,1,52,51,95,44,29,6,45,99,64,25,43,111,9,34,57,60,21,94,24,36,40,7,71,107,140,59,100,134,18,104,56,79,93,68,39,49,
machine8:0,109,16,89,115,121,110,37,128,62,55,76,124,112,42,108,28,74,87,120,47,73,58,126,138,46,67,20,41,101,97,38,65,77,118,130,96,85,86,12,8,116,133,17,83,14,26,10,127,32,123,2,114,106,105,137,31,129,102,1,22,91,92,50,15,48,139,84,52,69,82,136,51,117,61,95,44,6,119,45,99,64,25,43,53,111,9,34,57,60,5,21,78,3,94,24,36,40,4,7,71,107,140,19,59,100,134,18,104,56,79,81,98,93,90,68,39,49,27,131,72,88,
machine9:0,109,16,89,115,110,37,128,62,55,76,112,42,28,74,87,120,47,73,58,138,46,67,20,101,97,38,65,77,118,96,85,86,12,83,10,127,32,123,114,105,31,102,50,15,139,84,52,69,136,51,117,61,95,44,119,45,99,25,43,53,111,9,34,57,60,5,21,78,3,24,36,40,4,7,71,107,140,19,100,104,56,79,81,98,68,39,49,131,72,88,
machine10:0,109,16,89,115,37,128,55,76,112,42,120,47,58,138,46,20,65,77,96,86,12,114,105,15,139,84,52,69,136,51,117,61,95,119,45,25,53,111,9,34,57,60,5,78,3,24,40,4,140,19,100,104,56,79,68,39,49,131,72,88,
machine11:0,109,135,89,121,110,37,128,62,55,76,112,42,30,74,47,58,46,20,41,101,97,38,77,96,85,86,12,8,17,54,26,2,106,11,129,132,139,52,75,82,117,23,95,44,6,25,43,103,34,57,5,78,3,94,36,35,40,4,7,19,56,79,81,68,39,49,72,88,
machine12:0,109,135,89,115,121,110,37,128,62,55,76,124,112,42,30,108,28,74,47,58,46,67,20,41,101,97,38,65,77,118,130,96,85,86,12,8,116,133,17,83,33,54,13,26,63,2,114,106,11,137,31,129,22,91,50,66,132,113,48,139,84,52,75,82,136,51,117,23,95,44,29,6,119,45,99,64,25,43,53,111,9,103,34,57,5,78,3,94,24,36,35,40,4,7,71,107,19,100,134,56,79,81,93,90,68,39,49,72,88,
machine13:0,89,115,128,76,124,112,74,87,120,47,58,67,101,38,65,77,130,85,33,54,13,63,125,123,2,11,31,92,66,113,48,70,84,52,75,69,51,95,44,29,64,43,111,9,34,60,21,40,4,7,71,107,140,19,59,134,79,81,93,27,131,72,
machine14:0,109,135,89,115,121,37,128,62,55,76,124,112,42,30,108,74,87,120,47,73,58,126,67,20,41,101,97,38,65,77,130,96,85,86,12,8,116,17,33,54,13,14,10,63,125,123,2,106,11,31,1,91,92,66,132,113,15,48,70,84,52,75,69,136,122,51,117,23,95,44,29,6,45,64,25,43,53,111,9,34,60,5,21,78,40,4,7,71,107,140,19,59,100,134,104,56,79,81,98,93,90,49,27,131,72,

1to 1:
1to 2:77,4,39,1,57,35,78,37,38,140,18,66,120,33,50,80,138,
1to 3:87,103,16,3,26,34,42,51,2,21,25,88,49,73,91,30,28,8,
1to 4:98,81,118,61,131,101,126,31,62,102,115,9,129,56,90,93,111,27,68,104,100,110,53,112,
1to 5:97,119,82,7,117,44,132,135,6,47,72,95,128,45,84,124,22,137,13,58,
1to 6:65,40,55,86,54,76,64,23,15,59,69,123,108,85,122,96,60,136,113,121,5,19,89,130,109,52,134,
2to 1:118,126,32,10,29,125,133,54,83,59,31,46,74,7,40,25,68,19,86,85,111,
2to 2:
2to 3:35,99,23,123,18,129,15,24,131,93,106,107,64,47,134,60,140,9,79,
2to 4:92,22,96,36,65,84,72,88,95,3,41,67,48,39,58,44,51,
2to 5:90,5,94,17,57,2,130,30,42,49,38,112,20,
2to 6:13,14,63,66,70,132,27,78,73,71,4,6,34,8,77,12,101,
3to 1:80,36,95,23,94,65,71,33,37,62,106,69,60,102,76,128,57,99,79,121,52,105,70,127,129,122,24,112,44,22,107,38,137,109,
3to 2:29,41,96,12,34,67,126,108,110,101,86,133,56,125,17,111,132,8,55,20,73,
3to 3:
3to 4:14,1,45,134,50,26,28,42,4,19,77,130,85,2,16,89,21,40,59,123,6,138,120,
3to 5:116,48,51,9,64,100,46,35,91,3,83,103,
3to 6:97,84,140,87,11,43,7,53,30,25,75,58,
4to 1:82,116,14,92,18,91,15,97,138,120,84,72,88,67,48,49,140,34,8,77,
4to 2:32,99,87,16,117,21,94,24,26,130,74,106,47,42,60,62,
4to 3:105,61,81,90,127,137,83,22,55,17,27,100,36,69,46,7,68,121,109,44,128,
4to 4:
4to 5:114,139,133,50,28,96,43,65,108,93,71,110,115,76,89,39,52,86,85,12,101,
4to 6:10,98,124,104,1,131,107,41,37,51,38,56,112,79,20,
5to 1:113,114,66,139,90,53,55,17,11,50,26,96,130,4,134,41,89,56,9,
5to 2:82,118,63,137,129,54,97,83,124,28,36,31,46,88,93,6,25,68,121,95,3,19,76,48,58,51,128,79,
5to 3:45,133,33,94,75,43,65,84,108,71,40,110,62,39,111,12,
5to 4:119,116,99,5,136,117,24,57,78,74,7,107,64,47,37,109,49,38,8,20,
5to 5:
5to 6:81,135,29,91,2,72,106,115,67,44,
6to 1:13,63,81,45,117,124,21,1,75,132,27,100,2,43,93,47,42,58,12,101,20,
6to 2:135,10,92,90,123,5,15,131,30,107,115,64,134,89,109,49,112,9,
6to 3:116,126,14,29,98,125,70,54,104,59,120,72,4,6,95,19,67,48,37,85,56,
6to 4:87,97,55,17,73,108,71,106,25,76,52,86,128,
6to 5:23,53,136,33,11,78,31,74,40,121,41,62,34,111,77,79,
6to 6:

cell1:2,6,5,3,4,
cell2:1,3,6,4,5,
cell3:5,6,2,4,1,
cell4:3,2,1,5,6,
cell5:1,6,2,4,3,
cell6:3,1,2,4,5,
