0:	7512.5	16,1,18,9,4,15,4,4,18,1,11,12,17,19,17,19,5,7,17,7,:	3,7,7,1,
1:	7576.999999999998	7,10,18,9,4,15,4,4,18,1,16,2,1,19,17,8,5,7,17,6,:	3,4,7,7,
2:	7576.999999999998	7,10,6,9,3,15,4,4,4,1,16,2,1,19,17,8,5,7,17,6,:	1,4,7,3,
3:	7576.999999999998	7,10,18,9,4,15,4,8,18,1,16,2,1,19,17,8,5,7,17,6,:	3,7,7,3,
4:	7576.999999999998	7,10,6,9,3,15,4,4,18,1,16,2,1,19,17,8,5,7,17,6,:	1,4,7,3,
5:	7576.999999999998	7,10,6,9,3,15,4,4,18,1,16,2,1,19,17,8,5,7,17,6,:	1,4,7,3,
6:	7608.399999999999	11,1,18,9,4,15,4,4,18,1,11,12,17,19,8,19,5,7,17,7,:	6,7,7,2,
7:	7608.399999999999	11,1,18,9,4,15,4,6,18,1,11,12,17,19,8,19,5,7,17,7,:	6,7,7,5,
8:	7608.399999999999	11,1,18,9,4,15,4,4,18,1,11,6,17,19,8,19,5,7,17,7,:	6,7,7,3,
9:	7590.399999999999	11,1,0,9,4,15,4,4,18,1,11,12,17,19,8,19,5,7,17,7,:	6,7,7,3,
10:	8003.500000000002	11,1,18,9,4,15,4,4,18,1,11,12,17,19,8,19,5,5,17,7,:	6,7,4,3,
11:	7629.799999999999	7,10,6,1,5,15,4,4,18,1,16,2,12,19,17,8,5,7,17,6,:	3,5,7,5,
12:	7512.5	16,1,18,9,4,15,4,4,18,1,11,12,17,19,17,19,5,7,15,7,:	3,7,4,1,
13:	7629.799999999999	7,10,6,1,5,15,4,4,18,1,16,5,1,19,17,8,5,7,17,6,:	3,6,7,5,
14:	7729.599999999999	7,10,18,9,4,15,4,4,18,1,11,12,17,8,8,19,5,7,17,6,:	6,7,8,3,
15:	7854.800000000001	11,1,18,9,16,15,4,4,18,1,16,2,1,19,17,8,5,7,17,7,:	3,5,7,1,
16:	7645.399999999999	7,10,6,1,5,15,4,4,18,1,16,2,1,17,17,8,5,7,17,6,:	1,7,7,3,
17:	10603.1	7,10,6,9,3,15,4,4,18,1,3,2,1,19,17,8,5,7,17,6,:	6,7,7,3,
18:	7854.800000000001	11,1,18,9,4,15,4,4,18,1,16,2,1,19,17,8,18,7,17,7,:	3,7,7,1,
19:	8381.0	7,10,6,1,5,10,4,4,18,1,11,12,17,19,8,19,5,7,17,6,:	6,6,7,3,
20:	7854.800000000001	11,1,18,9,3,15,17,4,18,1,16,2,1,19,17,19,5,7,17,7,:	3,5,7,1,
21:	7729.599999999999	7,10,6,9,4,15,4,4,18,1,11,12,17,19,8,8,5,7,17,6,:	3,7,7,7,
22:	7576.999999999998	7,10,6,9,3,15,13,4,18,1,16,2,1,19,17,8,5,7,17,6,:	2,4,7,3,
23:	7576.999999999998	7,10,18,9,4,15,6,4,18,1,16,2,1,19,17,8,5,7,17,6,:	6,0,7,3,
24:	7645.399999999999	7,10,6,1,5,15,4,4,18,1,16,2,1,19,17,8,5,7,17,6,:	3,4,7,1,
25:	7595.399999999998	7,10,6,13,5,15,4,4,18,1,16,2,1,19,17,8,5,7,17,6,:	1,7,7,0,
26:	7608.399999999999	11,1,18,9,4,15,4,4,18,1,11,12,17,19,8,19,5,7,17,7,:	6,8,7,3,
27:	7608.399999999999	11,1,18,9,4,15,4,4,18,1,11,12,17,19,8,19,5,17,17,7,:	4,7,7,3,
28:	7576.999999999998	7,10,18,9,4,15,4,4,18,1,16,2,1,19,17,8,5,7,17,6,:	3,4,0,3,
29:	7576.999999999998	7,10,18,9,4,15,4,7,18,1,16,2,1,19,17,8,5,7,17,6,:	6,7,7,3,
30:	7512.5	16,1,18,9,4,15,4,4,18,1,11,12,17,19,17,19,5,7,17,7,:	3,4,7,3,
31:	7576.999999999998	7,10,6,9,3,15,4,4,18,1,16,2,1,19,17,8,5,7,17,6,:	1,7,7,3,
32:	7608.399999999999	11,1,18,9,4,15,4,4,18,1,11,12,17,19,8,19,5,7,17,7,:	3,5,7,5,
33:	7576.999999999998	7,10,18,9,4,15,4,4,18,1,16,2,1,19,17,8,5,7,17,6,:	3,5,6,5,
34:	7512.5	16,1,18,9,4,15,4,4,18,1,11,12,17,19,17,19,5,7,17,7,:	1,0,7,3,
35:	7921.0	7,10,18,9,4,15,4,4,18,1,19,2,1,19,17,8,5,7,17,6,:	6,7,7,3,
36:	7645.399999999999	7,10,6,1,5,15,4,4,18,1,16,2,1,19,17,8,5,7,17,6,:	6,7,2,3,
37:	7576.999999999998	7,10,18,9,3,15,4,4,18,1,16,2,1,19,17,8,5,7,17,6,:	1,4,6,3,
38:	7608.399999999999	11,1,18,9,4,15,4,4,18,1,11,12,17,19,8,19,5,7,17,3,:	6,7,6,3,
39:	7576.999999999998	7,10,6,9,3,15,4,4,19,1,16,2,1,19,17,8,5,7,17,6,:	6,7,7,3,
40:	9273.600000000002	0,1,18,9,4,15,4,4,18,1,11,12,17,19,17,8,5,7,17,6,:	3,4,7,3,
41:	7576.999999999998	7,10,6,9,3,15,4,4,18,1,16,2,1,19,17,19,5,7,17,7,:	7,7,7,1,
42:	7608.399999999999	11,1,18,9,4,15,4,4,18,1,11,12,17,19,8,8,5,7,17,7,:	3,7,7,3,
43:	7645.399999999999	7,10,6,1,5,15,4,4,18,1,16,2,1,19,17,19,5,7,17,6,:	6,7,7,3,
44:	7512.5	16,1,18,15,4,15,4,4,18,1,11,12,17,19,17,19,5,7,17,7,:	6,8,7,3,
45:	7512.5	16,1,18,9,4,15,18,4,18,1,11,12,17,19,17,19,5,7,17,7,:	3,7,7,3,
46:	7729.599999999999	7,10,18,9,4,15,4,4,18,1,11,12,17,19,8,19,3,7,17,6,:	4,7,7,1,
47:	7854.800000000001	11,1,18,9,4,15,4,4,18,1,16,2,1,19,17,8,5,7,17,7,:	1,4,3,3,
