0:	1644.0999999999997	15,14,11,7,18,10,7,14,10,11,17,14,:	2,0,3,3,
1:	1647.8	15,6,11,17,6,5,7,7,14,8,18,16,:	7,3,8,0,
2:	1647.8	15,6,11,17,4,18,7,7,14,8,18,12,:	3,7,8,0,
3:	1876.5	15,6,11,17,4,18,7,7,14,4,18,16,:	3,7,1,0,
4:	1647.8	15,6,14,17,0,5,7,7,14,8,18,16,:	8,3,4,3,
5:	1647.8	18,6,11,17,6,5,7,7,14,8,18,16,:	3,8,8,0,
6:	1668.8	15,6,11,17,4,10,17,9,14,8,18,16,:	3,6,8,5,
7:	1668.8	15,6,10,17,4,10,17,9,14,8,18,16,:	3,0,8,5,
8:	1668.8	15,6,11,17,4,10,17,9,14,8,18,16,:	3,0,2,5,
9:	1668.8	15,6,11,17,4,10,17,9,14,8,18,16,:	3,0,7,5,
10:	1668.8	15,6,11,17,2,10,17,9,14,8,18,16,:	3,0,8,3,
11:	1672.7999999999997	15,6,12,7,18,10,7,14,10,11,17,14,:	3,1,8,0,
12:	2976.7	15,6,11,14,18,10,7,14,10,11,17,14,:	5,1,8,0,
13:	1644.0999999999997	15,14,11,7,18,10,7,14,10,11,17,13,:	2,6,4,3,
14:	1727.4	15,6,11,17,4,10,7,14,10,11,18,16,:	7,3,8,0,
15:	1658.9999999999998	15,14,11,7,18,10,17,9,14,8,17,14,:	2,0,5,3,
16:	1647.8	15,6,11,17,0,5,7,7,14,8,18,16,:	3,1,8,5,
17:	1668.8	15,6,11,17,4,10,17,9,14,8,10,16,:	3,0,8,2,
18:	1647.8	15,6,11,17,0,5,4,7,14,8,18,16,:	3,0,3,5,
19:	1644.0999999999997	15,14,11,7,18,10,7,14,10,11,17,14,:	3,0,8,7,
20:	1727.4	15,6,11,17,4,18,7,14,10,11,17,14,:	3,7,8,0,
21:	1717.2999999999997	15,6,11,7,18,10,14,7,14,8,18,16,:	3,6,8,5,
22:	1647.8	15,6,11,17,4,18,7,7,14,8,18,16,:	0,0,4,3,
23:	1647.8	15,6,11,17,6,5,7,7,14,8,18,16,:	6,3,4,3,
24:	1668.8	15,6,11,17,4,15,17,9,14,8,18,16,:	3,1,8,3,
25:	1647.8	15,6,11,17,0,5,7,12,14,8,18,16,:	3,7,8,0,
26:	1672.7999999999997	15,6,12,7,18,10,7,14,10,11,17,14,:	5,1,8,0,
27:	1711.0	15,14,11,17,1,5,7,7,14,8,18,16,:	3,0,7,5,
28:	1647.8	15,6,11,17,4,18,7,7,14,8,18,16,:	2,0,8,3,
29:	1668.8	15,6,11,17,4,18,17,7,14,8,18,16,:	4,1,4,0,
30:	1668.8	15,6,11,17,4,10,17,9,9,8,18,16,:	3,1,8,0,
31:	1647.8	15,6,11,17,0,5,7,7,14,8,18,16,:	3,1,7,0,
32:	2261.5	15,6,11,17,4,10,17,9,14,9,18,16,:	3,0,8,0,
33:	2118.4	2,6,11,17,4,10,17,9,14,8,18,16,:	3,1,8,5,
34:	1644.0999999999997	15,14,11,7,18,10,7,9,10,11,17,14,:	3,0,3,0,
35:	1668.8	15,6,11,17,2,10,17,14,14,8,18,16,:	3,0,8,5,
36:	1711.0	15,6,11,18,18,10,7,14,10,11,18,16,:	3,1,3,0,
37:	1668.8	15,6,11,17,4,10,17,9,14,8,17,14,:	3,1,8,8,
38:	1668.8	15,6,11,17,7,10,17,9,14,8,18,16,:	7,0,4,3,
39:	1668.8	15,6,11,17,4,10,17,9,14,8,18,16,:	3,1,8,0,
40:	1719.5000000000002	7,6,11,17,4,10,17,9,14,8,18,16,:	3,7,8,5,
41:	1668.8	15,6,11,17,4,10,17,9,14,8,18,16,:	3,1,8,0,
42:	1647.8	15,6,11,17,4,18,7,7,14,8,18,16,:	3,1,8,0,
43:	1668.8	15,6,11,17,4,10,17,9,14,8,18,16,:	3,0,8,5,
44:	1784.9	15,14,12,17,4,10,7,14,10,11,17,14,:	7,3,5,0,
45:	1672.7999999999997	15,6,11,7,18,10,17,19,14,8,18,16,:	2,3,3,3,
46:	1668.8	15,6,11,17,4,10,17,9,14,8,18,16,:	3,0,4,1,
47:	1668.8	15,6,11,17,4,10,17,9,14,8,18,17,:	3,0,8,5,
