0:	2543.5000000000005	18,6,3,15,10,9,15,16,8,:	8,6,5,
1:	2554.9000000000005	18,10,3,15,0,13,15,19,8,:	5,5,8,
2:	2543.5000000000005	18,6,9,15,12,9,15,16,8,:	5,7,4,
3:	2543.5000000000005	18,6,3,15,0,13,15,15,8,:	0,7,8,
4:	2543.5000000000005	18,5,3,15,0,13,15,15,8,:	0,7,8,
5:	2674.2000000000003	18,6,4,5,10,9,15,1,8,:	8,0,8,
6:	2552.5000000000005	18,6,4,15,10,9,15,1,8,:	8,7,8,
7:	2552.5000000000005	18,6,4,15,1,9,15,1,8,:	8,7,4,
8:	2552.5000000000005	18,11,4,15,10,9,15,1,8,:	8,7,4,
9:	2552.5000000000005	18,11,4,15,10,9,15,1,8,:	8,7,7,
10:	2781.6000000000004	18,12,3,0,12,9,15,16,8,:	8,0,8,
11:	2554.9000000000005	18,12,4,15,12,9,15,16,8,:	6,0,6,
12:	2554.9000000000005	18,12,3,15,12,9,15,16,8,:	8,0,6,
13:	2554.9000000000005	18,12,17,15,12,9,15,16,8,:	8,0,5,
14:	2746.3	18,6,3,4,12,9,15,16,8,:	8,0,3,
15:	2931.3999999999996	12,12,4,15,10,9,15,1,8,:	8,3,6,
16:	2543.5000000000005	18,7,3,15,0,13,15,15,8,:	8,0,6,
17:	2543.5000000000005	18,6,3,15,12,9,15,16,8,:	8,7,7,
18:	2614.0	18,6,4,15,10,9,15,12,8,:	7,0,6,
19:	2552.5000000000005	18,6,4,15,10,9,15,1,8,:	8,4,6,
20:	2554.9000000000005	18,12,3,15,12,9,15,16,8,:	8,7,7,
21:	2543.5000000000005	18,6,3,15,0,13,15,15,8,:	6,7,8,
22:	2637.6000000000004	18,6,4,15,10,9,2,1,8,:	8,0,4,
23:	2543.5000000000005	18,6,3,15,0,13,15,15,8,:	8,6,8,
24:	2543.5000000000005	18,6,4,15,12,9,15,16,8,:	8,3,5,
25:	2666.9000000000005	18,12,3,15,10,9,15,13,8,:	8,8,6,
26:	2552.5000000000005	18,6,3,15,10,0,15,1,8,:	8,0,8,
27:	2543.5000000000005	18,6,4,15,12,9,15,16,2,:	8,7,1,
28:	2931.3999999999996	12,6,4,15,10,9,15,1,8,:	8,7,3,
29:	2543.5000000000005	18,6,3,15,0,11,15,15,8,:	5,3,5,
30:	2554.9000000000005	18,12,3,15,12,9,15,16,1,:	8,0,6,
31:	2554.9000000000005	18,12,3,15,12,9,15,16,8,:	8,0,8,
32:	2552.5000000000005	18,6,4,15,10,9,15,1,8,:	8,7,8,
33:	2543.5000000000005	18,6,4,15,10,9,15,15,8,:	8,7,8,
34:	2668.6000000000004	18,6,4,15,10,9,15,13,8,:	8,5,8,
35:	2543.5000000000005	18,6,3,15,0,13,15,19,8,:	4,7,8,
36:	3072.8	18,6,3,15,10,9,14,1,8,:	8,7,5,
37:	2543.5000000000005	18,6,4,15,0,14,15,15,8,:	8,7,8,
38:	2552.5000000000005	18,6,4,15,10,9,15,1,8,:	8,0,6,
39:	2543.5000000000005	18,6,0,15,0,13,15,15,8,:	8,0,5,
40:	2543.5000000000005	18,6,3,15,7,9,15,16,8,:	8,6,6,
41:	2554.9000000000005	18,12,3,15,12,9,15,16,8,:	1,7,8,
42:	3072.8	18,6,4,15,10,9,9,1,8,:	1,0,6,
43:	2543.5000000000005	18,6,3,15,0,13,15,15,8,:	8,0,6,
44:	2552.5000000000005	18,6,3,15,10,9,15,5,8,:	8,0,1,
45:	2543.5000000000005	18,6,4,15,0,13,15,15,8,:	8,7,8,
46:	2554.9000000000005	18,12,3,15,12,9,15,16,8,:	8,6,8,
47:	2554.9000000000005	18,12,3,15,14,9,15,16,8,:	8,7,6,
