machine1:0,53,63,100,57,31,71,32,73,70,40,65,95,25,15,99,74,11,69,34,16,91,5,61,60,92,7,39,66,22,88,64,29,12,83,21,82,13,27,48,78,49,90,23,54,85,3,52,62,18,2,46,59,19,80,
machine2:0,71,8,70,15,89,14,37,44,74,58,16,17,5,61,79,1,60,7,39,66,22,67,4,55,21,96,27,48,24,49,38,90,23,54,3,52,18,2,59,72,26,80,33,35,30,28,
machine3:0,68,41,87,50,32,95,14,11,69,43,16,91,5,61,1,56,22,88,29,12,83,20,21,78,84,90,93,76,42,62,81,47,19,26,80,33,35,
machine4:0,63,75,41,98,71,8,10,9,77,15,89,14,37,69,17,91,5,6,92,39,66,88,67,64,29,4,12,55,20,94,13,45,27,38,84,90,93,62,2,46,59,36,81,47,19,26,80,35,
machine5:0,68,53,63,86,87,31,71,50,73,8,9,70,65,77,99,74,69,34,43,58,16,91,5,61,79,1,6,92,7,56,66,22,88,67,64,29,55,20,21,94,82,96,13,48,78,84,90,23,54,85,62,18,2,59,47,19,26,33,35,30,28,
machine6:0,63,75,100,98,57,71,50,32,8,70,15,99,89,37,44,34,17,61,51,56,88,64,29,4,55,21,94,96,13,45,27,48,84,90,23,93,85,52,42,62,18,46,72,81,47,19,35,30,28,
machine7:0,53,86,41,100,97,87,50,70,65,77,15,37,74,16,91,5,79,60,92,66,22,67,29,4,12,83,55,20,21,82,96,13,38,54,3,42,62,2,59,36,81,19,33,30,28,
machine8:0,68,100,57,87,31,8,70,40,95,15,14,74,11,69,34,43,5,1,6,92,56,88,67,4,83,20,21,94,96,45,24,49,84,90,93,76,52,2,46,36,47,26,33,
machine9:0,75,97,71,8,9,65,25,99,89,74,11,34,16,91,5,79,60,6,92,39,66,22,88,67,29,12,83,20,13,48,24,49,38,84,93,54,85,3,42,62,18,46,59,80,35,30,
machine10:0,68,57,71,50,32,73,10,9,95,25,89,14,37,69,43,58,16,91,5,51,79,92,7,56,66,22,67,29,4,12,55,20,48,78,23,76,3,52,42,2,46,59,80,33,35,28,
machine11:0,41,57,32,73,9,70,40,65,77,74,11,69,17,91,5,61,60,6,92,39,66,88,67,64,29,12,20,94,82,96,13,49,23,76,52,62,18,81,19,26,33,28,
machine12:0,53,75,41,100,98,31,50,32,73,8,40,95,77,25,15,99,89,14,37,44,74,11,69,34,16,17,91,5,61,51,79,1,60,6,7,56,39,66,22,88,67,64,29,4,12,55,20,21,94,82,96,13,45,48,78,24,49,38,84,90,23,93,76,54,85,3,52,42,62,18,2,46,72,36,81,47,19,26,80,33,35,30,28,
machine13:0,68,53,86,41,98,97,57,87,31,71,50,32,73,8,10,9,70,40,95,25,15,99,89,14,37,74,69,43,58,16,5,61,51,79,1,60,6,92,7,56,39,66,22,88,67,64,29,4,12,83,55,20,21,94,96,13,45,27,48,78,24,49,84,90,23,76,54,85,3,52,42,62,18,2,59,36,81,47,19,26,80,35,30,28,
machine14:0,68,53,63,75,86,97,87,31,71,50,73,8,9,40,65,95,25,15,99,89,37,44,74,11,69,34,43,58,16,17,91,5,61,79,1,60,6,92,7,56,39,66,22,88,67,64,29,4,12,83,55,20,94,82,13,45,27,48,78,24,49,38,84,90,23,93,76,54,85,52,62,18,2,46,59,36,81,47,19,26,80,35,30,28,
machine15:0,53,63,75,86,100,98,57,31,71,32,9,70,40,65,77,25,15,99,89,14,37,74,11,69,34,43,58,16,17,91,5,61,1,6,92,56,39,66,22,88,67,29,4,12,55,20,21,94,82,96,13,45,27,48,24,49,38,84,90,23,93,54,85,3,52,42,62,18,2,46,59,72,36,81,47,19,26,80,33,35,28,
machine16:0,68,63,75,100,97,57,71,50,32,73,10,9,70,95,77,25,15,89,14,74,69,43,58,16,17,91,5,61,51,1,6,92,7,39,22,88,67,64,4,12,83,55,20,94,82,96,45,78,24,49,38,84,90,23,93,76,54,85,52,42,62,2,59,72,81,47,80,33,35,30,28,
machine17:0,75,41,98,97,87,73,8,9,70,65,95,77,15,99,37,44,74,11,69,34,43,58,16,17,91,5,61,51,79,60,6,92,66,22,88,67,64,29,83,55,20,82,13,45,27,48,78,24,38,84,90,23,93,76,85,52,42,18,2,59,72,36,81,47,19,26,80,35,30,28,
machine18:0,53,41,100,97,57,31,32,73,8,10,70,95,15,99,44,74,69,34,43,58,16,17,91,5,61,60,6,92,56,39,66,88,67,64,29,4,12,83,55,20,21,94,96,13,45,27,24,49,38,84,90,23,93,76,54,85,3,52,42,18,2,46,59,36,81,47,19,26,80,33,35,30,
machine19:0,68,53,63,75,100,97,57,31,50,32,73,10,9,70,65,95,77,15,89,14,37,44,74,11,69,43,58,16,17,91,5,61,79,1,60,6,7,56,39,66,22,88,67,64,29,4,12,83,55,20,21,94,82,13,45,27,48,78,24,49,38,84,90,23,93,54,3,52,42,62,18,2,46,59,72,47,26,33,35,30,28,
machine20:0,63,75,41,98,97,57,71,50,32,73,9,40,95,25,15,99,89,14,44,11,69,34,43,58,17,91,5,61,79,1,60,6,92,7,56,39,66,22,88,67,64,29,4,12,55,20,21,94,82,96,13,45,48,78,24,49,38,84,23,93,76,54,85,3,52,42,18,46,59,81,47,19,26,80,33,35,30,28,
machine21:0,68,53,63,75,86,41,100,98,57,87,31,71,50,32,73,8,10,9,70,40,65,95,77,25,15,99,89,14,37,44,74,11,69,43,58,16,17,91,5,61,51,79,1,60,6,92,7,56,39,66,22,88,67,64,29,4,12,83,55,20,21,94,82,96,13,45,27,48,78,24,49,38,84,90,23,93,76,54,85,3,52,42,62,2,59,72,36,81,47,19,26,80,33,35,30,28,
machine22:0,68,53,63,75,86,100,98,57,87,31,71,50,32,73,8,10,9,70,65,95,25,15,99,89,14,37,44,74,11,69,34,43,58,16,17,91,5,61,51,79,1,60,6,92,7,56,39,66,22,88,67,64,29,4,12,83,55,20,21,94,82,96,13,45,27,48,78,24,49,38,84,90,23,93,54,85,3,52,42,62,18,2,46,59,72,36,81,47,19,26,80,33,35,30,28,
machine23:0,75,41,100,57,87,50,32,73,8,9,70,40,95,77,99,74,11,69,43,58,16,91,61,79,60,6,92,7,56,39,66,22,88,67,64,29,12,83,55,20,21,94,82,96,13,45,27,78,24,49,38,84,90,93,3,52,62,2,46,36,81,19,26,80,33,30,28,
machine24:0,68,63,41,87,31,50,73,9,70,77,25,15,99,37,44,69,43,16,91,5,61,51,6,92,7,39,22,88,64,29,4,12,83,20,21,94,96,13,45,27,48,24,49,38,84,90,23,93,54,3,52,42,62,18,2,46,59,36,81,47,80,33,28,
machine25:0,68,53,63,86,100,97,57,31,32,73,10,9,70,40,25,89,14,44,74,11,34,58,16,91,5,61,51,79,1,60,6,92,66,67,64,12,55,20,21,94,82,13,27,48,78,24,49,90,23,93,76,54,85,52,42,62,2,59,72,81,19,80,33,35,30,28,

1to 1:
1to 2:1,3,4,5,8,12,13,17,23,32,33,34,40,46,47,48,50,53,56,58,60,62,65,68,69,71,74,77,79,82,83,87,99,100,2,11,16,19,20,21,22,26,27,28,29,30,35,37,39,42,43,52,55,57,59,63,66,67,70,78,84,85,88,89,91,93,95,96,98,41,
1to 3:1,3,7,11,12,15,16,24,25,29,31,34,40,43,46,47,50,52,53,62,66,67,69,70,71,79,80,81,83,88,94,2,5,6,14,18,19,20,21,22,23,26,28,30,32,35,36,37,38,42,44,48,54,55,56,59,61,73,78,84,89,90,95,96,98,41,
1to 4:1,5,7,8,11,13,15,19,21,34,38,39,43,46,47,48,52,53,56,60,62,63,65,66,69,74,91,92,2,6,12,20,23,25,26,27,28,29,30,32,35,37,44,54,57,59,61,67,70,78,80,84,85,88,89,90,93,71,31,87,
1to 5:4,5,7,8,13,15,17,18,23,29,32,38,47,52,62,69,71,73,74,77,79,91,93,94,100,2,6,9,11,19,20,21,22,26,27,30,33,37,39,42,43,54,55,58,59,61,64,66,67,70,72,75,78,80,82,85,88,90,96,98,41,
1to 6:1,3,4,11,14,15,19,24,29,31,32,33,43,46,47,49,58,60,62,64,68,69,74,77,78,80,81,83,84,88,89,94,95,99,5,7,12,18,20,21,22,26,27,28,30,38,39,44,48,52,54,55,59,61,63,66,67,82,85,91,93,75,71,41,
1to 7:4,14,15,16,17,19,20,23,32,33,38,45,48,50,56,58,62,64,65,66,68,69,71,79,80,83,92,94,2,5,6,8,21,22,25,26,27,29,30,35,39,43,47,52,54,55,59,61,70,75,78,84,88,89,90,91,93,41,
1to 8:1,3,4,7,10,13,18,20,24,25,28,29,33,34,38,42,46,49,52,56,58,60,62,63,65,66,68,80,81,88,92,93,94,99,2,5,6,16,19,21,22,26,27,32,35,37,39,47,48,54,55,59,67,70,78,79,84,85,91,95,96,71,87,
1to 9:1,2,4,11,12,13,14,18,22,23,24,25,29,31,32,33,38,41,43,49,52,53,58,60,61,62,64,66,67,68,69,74,78,81,83,92,93,94,5,7,9,16,19,20,21,26,27,28,30,35,36,37,39,48,54,55,57,59,63,70,76,80,84,85,88,89,91,75,86,
2to 1:5,10,11,13,15,16,17,18,19,21,22,23,30,32,33,34,36,41,42,46,49,50,54,58,61,66,67,68,69,70,71,74,76,77,78,84,92,93,94,96,2,4,12,20,26,29,39,48,55,56,59,62,64,65,82,83,88,90,91,63,
2to 2:
2to 3:1,2,3,5,6,7,8,9,16,18,19,22,23,28,29,30,38,39,42,45,47,49,50,51,52,55,60,66,69,71,74,76,78,80,81,83,85,86,91,92,96,4,12,13,15,17,20,24,25,26,35,37,46,48,56,57,62,67,84,88,89,90,94,95,98,
2to 4:1,2,5,7,8,11,16,19,23,24,26,27,29,31,34,35,36,37,39,40,46,50,52,54,57,66,69,70,71,74,75,76,80,85,86,87,89,91,94,97,4,9,12,13,15,18,20,25,28,49,55,56,58,59,60,61,62,64,67,79,81,84,88,90,92,93,96,
2to 5:2,5,6,7,10,11,12,16,19,20,21,22,23,28,30,32,33,34,36,37,41,42,45,46,50,52,53,56,65,67,69,70,71,73,75,76,79,80,81,84,88,89,91,92,93,96,97,100,4,9,13,15,17,18,24,29,35,39,47,57,58,59,61,64,66,74,82,83,85,90,94,
2to 6:3,5,6,10,11,12,14,15,21,28,32,40,45,50,52,53,54,55,59,66,67,68,69,70,71,74,75,78,81,83,84,85,88,89,91,92,94,97,99,4,9,17,18,20,24,26,29,33,35,37,38,44,49,56,58,60,64,73,90,93,
2to 7:2,5,6,8,11,14,16,17,19,21,22,24,25,27,32,33,41,42,43,45,50,51,52,54,59,60,61,67,69,70,71,74,75,76,78,80,82,83,84,86,88,89,91,99,4,9,15,20,26,29,37,47,48,55,56,58,62,64,65,81,85,92,93,94,96,
2to 8:2,5,8,9,10,11,13,16,20,21,24,26,29,30,32,33,34,35,51,53,59,60,65,67,68,69,70,71,73,75,79,80,84,86,87,88,91,92,3,4,7,12,18,28,37,42,47,49,56,57,62,66,81,83,85,89,90,94,96,98,
2to 9:2,4,5,7,10,11,13,14,16,18,21,22,23,24,25,27,28,32,35,36,38,40,41,42,46,48,51,52,53,54,57,59,60,68,69,70,72,75,76,77,78,83,86,91,92,96,97,100,20,26,37,39,49,50,55,56,58,62,64,66,67,73,79,81,84,85,88,89,90,94,74,
3to 1:1,5,7,8,11,13,14,18,20,21,24,28,29,35,41,42,46,47,49,50,52,53,56,59,60,61,62,66,68,72,79,80,83,87,88,90,92,95,96,99,100,2,3,10,16,17,22,23,26,30,39,45,48,55,57,64,67,69,73,78,84,91,77,
3to 2:4,8,9,13,14,16,17,21,24,25,26,28,29,30,34,35,37,40,42,46,47,49,51,53,56,58,59,60,64,66,73,74,76,77,78,79,81,82,85,87,88,89,92,95,96,99,2,3,5,18,20,23,36,45,48,50,55,57,61,62,67,69,83,84,90,91,94,
3to 3:
3to 4:1,5,6,7,8,9,11,14,15,16,17,24,25,30,31,35,38,46,52,53,55,59,60,61,71,74,76,77,79,81,84,88,89,92,94,95,96,97,100,2,4,13,18,20,22,28,37,39,40,45,47,48,54,56,57,58,62,67,69,73,85,90,91,
3to 5:1,5,6,7,13,14,16,17,19,21,24,28,30,31,34,35,39,41,42,43,44,46,49,51,52,55,56,59,60,66,69,70,74,75,79,80,81,83,85,87,88,89,90,95,96,2,10,12,15,18,22,23,32,36,37,38,45,47,48,50,53,54,57,61,64,67,73,76,78,84,91,93,94,
3to 6:1,2,6,9,11,13,14,20,21,24,26,28,29,31,32,33,37,38,39,40,41,42,44,46,49,52,57,59,60,66,67,71,74,75,77,79,80,81,89,92,97,99,100,3,5,10,12,15,17,18,22,23,30,35,45,48,50,54,56,61,64,69,73,78,83,84,90,94,95,53,68,
3to 7:1,2,3,8,10,11,20,22,24,25,29,35,37,39,40,41,43,47,49,50,51,52,55,56,57,64,66,70,75,77,78,79,80,82,85,88,89,92,96,100,5,14,15,16,17,21,28,30,32,38,45,48,54,61,62,67,69,76,84,90,98,68,
3to 8:1,6,7,8,9,11,14,16,18,21,23,24,26,29,35,36,38,39,46,49,50,51,55,58,59,60,66,71,73,79,80,81,83,87,88,89,92,95,96,99,2,3,4,5,10,12,13,15,17,20,22,28,30,37,42,48,56,61,62,64,84,90,68,98,53,
3to 9:1,7,16,20,22,24,25,26,30,31,35,37,39,41,42,46,48,49,51,54,55,56,64,66,67,70,73,74,75,79,80,81,84,85,87,88,92,94,97,2,5,13,14,15,18,21,28,36,38,45,50,52,57,61,69,76,78,90,91,93,95,53,77,68,10,
4to 1:1,2,3,4,5,7,9,24,26,27,31,32,34,36,37,39,43,45,46,48,52,53,55,60,61,64,68,72,77,79,81,84,89,90,91,92,93,99,13,15,21,25,28,29,33,35,38,47,54,56,57,58,59,62,66,67,69,70,80,85,88,87,63,74,71,98,
4to 2:1,2,3,5,7,8,9,11,18,20,21,24,25,27,28,29,36,38,40,43,44,45,49,50,52,59,61,65,66,70,74,76,85,86,89,90,93,94,4,6,12,13,15,17,34,35,39,46,54,55,56,57,60,62,67,69,80,82,83,84,88,92,96,71,100,87,
4to 3:1,6,8,9,11,12,13,15,16,18,20,24,25,26,27,32,34,36,37,42,44,45,46,47,48,49,52,53,57,60,61,62,66,67,76,78,80,85,86,88,89,90,99,2,4,17,21,28,29,35,38,39,54,55,58,69,70,79,83,84,96,74,31,87,71,
4to 4:
4to 5:5,9,13,15,18,19,20,21,24,26,29,30,36,37,43,45,46,48,49,50,52,53,54,60,61,63,64,65,70,73,75,76,80,81,82,85,90,2,4,6,11,12,16,23,28,35,44,55,56,57,58,62,67,69,74,83,84,88,91,92,93,34,100,77,71,
4to 6:3,5,6,9,18,20,21,26,27,30,32,33,42,43,44,46,49,50,52,53,55,58,59,60,63,64,66,68,70,74,75,79,81,82,85,89,99,4,11,12,13,15,17,24,25,28,29,38,39,45,47,54,56,57,62,67,69,78,80,83,84,88,91,92,93,94,40,31,
4to 7:5,8,11,19,20,24,26,27,30,32,37,40,43,47,48,49,52,54,60,61,62,64,66,75,76,80,81,85,86,89,90,92,2,4,6,9,13,15,16,21,25,28,29,38,45,55,56,57,58,59,67,69,79,82,83,84,88,93,96,99,74,63,71,87,
4to 8:1,3,5,6,9,11,15,16,18,20,21,22,24,30,31,32,34,37,48,49,52,53,56,60,62,64,65,68,70,71,75,78,81,84,85,86,88,89,90,2,4,8,13,17,25,28,38,46,54,58,59,61,66,69,79,80,91,92,93,
4to 9:1,4,5,9,12,20,22,25,26,29,30,36,39,44,46,47,48,49,50,52,53,55,57,61,64,68,70,74,75,76,79,84,85,86,88,89,90,91,2,6,11,13,15,16,21,23,24,27,28,33,38,54,56,58,59,60,62,63,66,67,69,72,80,81,92,93,94,96,40,77,31,
5to 1:2,3,5,6,9,13,15,16,17,19,26,33,34,35,38,39,41,43,45,46,52,53,55,57,60,61,63,65,67,69,70,72,73,76,80,82,84,88,90,92,94,96,100,7,11,12,18,20,21,22,23,27,30,32,36,37,42,47,50,58,59,62,64,66,74,85,89,91,93,95,99,68,
5to 2:3,4,6,9,13,14,15,16,22,29,32,36,41,45,47,50,52,55,56,57,58,60,61,64,67,69,78,81,82,83,85,92,94,95,96,97,99,100,2,5,7,17,18,19,20,21,23,24,25,27,28,38,42,44,49,51,59,66,70,76,88,90,93,74,75,
5to 3:1,2,5,6,7,10,11,12,14,15,16,17,22,23,24,26,28,35,39,41,46,48,49,51,53,55,56,61,67,69,70,74,77,78,80,81,84,89,90,92,95,96,97,98,13,18,21,25,30,37,38,42,44,45,47,52,54,58,59,62,64,66,76,85,88,93,99,
5to 4:4,5,6,7,12,13,14,16,20,22,24,27,28,29,30,31,33,34,38,43,44,46,49,55,56,57,60,61,63,67,69,71,75,78,79,81,83,85,90,91,95,99,100,2,9,15,18,19,21,23,25,35,36,39,45,47,50,52,58,59,62,64,66,70,76,84,88,89,92,93,74,97,
5to 5:
5to 6:1,3,5,6,9,10,11,13,14,15,17,18,22,26,27,28,29,39,41,42,43,46,47,49,53,55,60,61,63,71,73,74,80,81,82,84,85,88,91,100,12,19,20,24,30,32,35,38,44,45,50,52,58,59,64,66,70,72,89,93,95,99,75,68,97,
5to 7:5,6,8,10,15,16,22,26,29,32,36,41,43,44,45,55,56,58,59,61,63,65,67,69,70,73,74,75,78,80,81,85,94,96,100,2,7,12,17,20,21,23,24,30,35,37,38,42,47,49,50,52,54,62,64,66,72,76,82,88,89,92,93,51,
5to 8:3,4,5,6,7,9,10,11,12,14,16,17,22,24,26,34,36,38,39,43,44,46,49,52,53,54,55,56,60,61,70,71,73,75,78,79,80,84,85,93,96,98,2,13,18,19,20,23,27,30,32,35,42,45,48,58,59,64,81,88,89,90,91,92,95,74,51,68,
5to 9:2,6,7,9,16,18,22,26,28,29,41,42,48,53,54,55,57,58,61,63,64,69,73,74,77,80,81,82,84,85,88,89,94,5,13,23,24,30,33,35,36,38,44,45,47,49,50,51,52,59,62,66,70,91,92,93,97,68,
6to 1:2,9,12,13,17,20,21,22,24,25,27,28,30,32,38,39,40,41,42,43,46,47,49,50,52,54,59,60,61,62,63,64,66,67,68,70,72,74,77,79,82,83,85,89,94,98,1,7,11,15,19,23,26,29,33,35,58,69,78,84,88,90,91,92,93,53,
6to 2:5,6,9,11,12,13,17,18,20,21,23,26,27,28,30,32,37,41,43,46,47,52,53,54,59,60,65,66,67,68,69,70,73,75,80,82,83,88,89,90,91,95,96,97,100,4,15,19,24,29,33,49,56,57,61,64,76,79,81,85,92,93,94,
6to 3:1,4,9,11,12,13,16,18,20,21,23,25,26,28,29,30,31,32,35,37,38,39,40,41,42,46,48,52,53,54,55,56,58,59,60,61,62,66,67,68,74,78,79,89,95,97,5,7,14,15,17,19,24,33,45,49,64,69,76,80,81,83,85,90,91,94,
6to 4:4,6,9,11,12,13,18,22,23,25,28,30,31,32,34,37,39,43,45,46,47,48,49,50,52,53,54,56,58,60,61,62,63,67,68,70,75,81,84,89,90,91,15,19,24,26,29,35,38,55,66,69,76,80,83,85,88,92,99,1,
6to 5:1,2,6,9,12,13,15,16,18,20,21,22,23,28,29,30,31,32,39,41,42,43,44,46,47,48,52,54,59,60,63,65,66,68,70,74,75,81,82,83,84,88,89,91,93,95,97,100,5,24,25,35,38,45,49,61,64,69,73,76,78,80,85,90,92,99,53,
6to 6:
6to 7:4,6,9,11,12,16,20,21,26,28,29,30,32,37,38,39,40,41,42,43,47,48,50,52,54,55,56,58,59,60,61,62,63,64,66,67,68,69,70,74,75,82,84,85,88,89,92,93,94,95,5,15,19,24,33,35,45,49,73,76,80,81,83,90,91,99,1,
6to 8:3,5,6,9,12,13,18,20,21,22,23,25,28,32,33,34,37,38,39,42,46,47,48,52,54,56,59,60,61,65,66,69,70,72,78,79,81,83,89,90,91,93,95,1,4,7,11,24,26,29,45,49,58,64,73,80,84,85,94,99,75,10,53,
6to 9:2,4,9,12,13,16,18,20,21,22,23,25,28,30,32,33,38,39,40,42,43,45,46,47,48,50,52,53,54,56,58,59,60,62,63,66,70,77,79,80,82,83,84,85,89,90,93,94,1,5,7,24,26,29,35,49,64,69,73,75,78,81,88,92,99,
7to 1:2,3,5,8,9,10,12,15,21,22,24,25,26,28,32,33,38,42,47,49,53,54,55,56,59,60,62,66,68,69,71,77,78,82,83,84,85,88,89,91,93,98,99,16,19,20,27,29,30,35,39,43,52,58,64,67,70,72,73,76,80,90,96,87,41,1,
7to 2:1,2,3,5,11,12,14,15,16,19,21,25,28,30,32,33,36,37,40,43,44,49,50,51,54,59,60,61,62,63,66,67,68,69,74,75,81,83,84,86,88,89,91,93,100,4,6,9,13,17,20,29,58,64,65,70,76,82,92,96,87,
7to 3:1,2,3,5,10,14,15,16,19,20,21,24,25,26,27,28,29,35,37,38,40,41,42,43,44,45,47,48,49,51,53,54,55,56,58,60,61,62,66,68,69,78,83,84,85,86,88,89,90,91,93,94,95,99,4,6,9,13,17,23,30,39,52,67,73,76,80,92,96,
7to 4:2,5,11,12,13,14,15,19,20,23,24,25,27,28,29,31,37,38,39,40,44,45,47,49,54,55,59,60,61,62,63,68,70,71,78,80,81,82,84,86,88,89,90,91,93,96,4,6,7,9,17,30,43,52,58,64,65,66,67,69,76,79,92,
7to 5:2,4,5,8,10,11,15,16,20,22,24,28,32,35,36,37,38,42,44,45,47,49,50,55,59,60,61,62,63,68,69,78,81,83,84,88,89,90,91,93,94,95,100,6,7,17,19,21,23,27,29,30,43,52,64,66,67,70,80,82,92,99,87,1,41,
7to 6:3,4,5,10,11,14,15,21,24,26,27,28,32,35,38,40,42,44,45,47,48,49,50,53,54,55,56,59,60,61,62,63,66,67,71,72,75,78,80,81,83,84,88,89,91,1,6,9,20,23,25,29,30,33,39,43,52,58,65,69,70,79,82,85,41,
7to 7:
7to 8:1,2,3,4,5,8,9,10,13,14,15,20,21,22,24,25,26,28,32,37,38,42,44,45,48,49,51,52,54,56,59,60,61,62,64,66,71,72,73,75,78,79,81,82,83,84,86,88,89,92,93,94,95,96,6,16,19,29,30,33,43,58,67,70,80,87,
7to 9:1,5,9,10,11,12,13,15,16,19,20,21,24,25,26,28,32,36,37,38,40,41,42,43,44,45,48,49,51,53,54,55,56,58,59,61,62,63,66,67,69,70,72,75,77,78,81,82,83,84,85,86,88,89,91,93,94,96,4,6,27,30,33,52,79,80,90,92,87,
8to 1:1,2,7,10,11,12,13,14,16,17,18,21,23,24,25,27,28,29,30,32,33,34,35,38,39,42,43,48,49,50,53,55,56,57,58,59,60,62,64,65,66,67,68,69,70,71,73,79,80,84,85,87,88,89,90,91,92,93,95,98,99,100,5,8,20,22,26,37,47,61,78,
8to 2:1,4,6,11,13,16,17,20,22,23,24,27,29,32,33,34,39,43,44,45,46,49,50,52,55,56,57,58,59,62,66,68,69,70,71,81,82,85,87,88,89,90,91,92,94,95,96,5,28,37,42,48,60,61,78,79,84,51,
8to 3:1,2,4,5,6,12,16,17,18,20,24,25,26,28,29,30,31,32,33,34,38,39,42,43,44,45,49,50,52,53,54,55,56,60,62,64,66,67,68,71,73,78,79,80,81,83,85,87,88,90,91,93,94,95,96,99,3,8,13,22,37,47,48,69,51,10,
8to 4:1,6,9,11,16,22,23,24,25,26,27,28,29,30,34,35,37,38,39,43,45,46,47,48,49,52,54,55,57,58,59,60,61,62,67,68,69,70,71,75,78,79,80,85,88,89,90,91,92,93,94,95,96,100,3,4,5,13,20,32,84,
8to 5:1,2,4,6,9,11,16,18,19,20,24,29,30,33,34,37,38,43,45,48,49,50,52,53,54,56,57,58,59,60,64,66,68,70,71,79,80,82,85,88,89,90,91,92,94,95,96,3,5,13,22,26,28,32,36,42,47,51,61,81,84,10,
8to 6:1,4,6,9,10,12,14,18,20,22,24,28,29,30,31,38,39,43,44,45,49,50,52,53,54,55,56,58,59,60,64,66,68,70,72,73,75,78,79,82,85,89,90,91,94,95,100,5,13,26,32,42,47,48,57,69,81,
8to 7:2,9,11,12,14,16,19,20,21,23,24,25,28,29,33,37,38,42,43,48,49,50,52,54,55,56,58,60,62,66,67,68,69,70,71,73,75,78,79,80,81,82,83,84,87,88,89,91,92,93,96,98,99,100,3,4,5,7,8,13,22,26,32,10,
8to 8:
8to 9:1,2,4,5,6,7,10,16,19,20,21,24,25,26,27,28,29,30,31,38,39,43,44,46,48,49,50,52,53,54,56,57,58,60,62,66,68,70,72,73,75,78,79,80,81,85,88,90,91,92,93,96,3,8,13,22,32,36,42,51,61,84,
9to 1:1,2,3,6,7,8,13,15,16,18,21,24,26,27,28,29,30,32,33,35,36,39,40,41,46,47,49,52,53,54,58,59,61,62,63,64,66,69,70,73,74,78,79,83,84,87,88,92,93,96,99,5,19,20,22,23,38,77,81,85,90,91,68,100,
9to 2:1,2,3,5,11,12,13,15,16,18,20,21,28,29,36,37,42,46,49,51,53,54,57,58,60,61,62,63,66,69,70,74,75,78,79,80,82,84,87,88,89,90,93,94,96,4,14,24,33,52,81,85,91,92,40,77,68,86,
9to 3:2,4,5,6,11,13,15,18,20,21,24,25,28,29,30,31,33,35,36,37,41,45,46,52,53,55,56,57,58,59,60,62,66,67,69,74,79,83,84,85,88,89,90,92,93,94,96,99,1,16,22,48,49,50,51,54,64,72,78,80,81,77,40,68,
9to 4:2,4,5,9,11,13,15,16,18,21,25,27,28,29,31,34,35,36,37,39,40,44,45,46,48,53,54,57,58,59,60,61,62,67,69,70,74,78,79,83,84,88,89,90,93,96,6,12,20,22,24,33,38,49,52,55,72,80,81,92,100,86,1,68,
9to 5:9,12,13,16,18,21,24,26,27,28,31,36,39,41,42,43,44,45,52,53,59,60,61,66,70,73,74,78,79,82,83,84,88,92,93,94,2,5,6,7,22,23,38,48,49,64,72,80,81,85,90,91,95,77,68,51,
9to 6:3,5,6,11,12,13,15,16,18,20,21,27,28,30,31,32,39,40,41,44,45,46,47,52,53,54,56,58,59,60,61,63,66,69,70,73,75,78,79,80,82,84,88,89,93,94,14,24,26,33,38,48,49,55,64,72,76,81,85,90,91,95,77,100,
9to 7:2,4,11,13,15,19,20,23,24,25,26,28,29,30,36,37,39,40,41,42,43,44,48,51,52,54,58,60,61,62,63,64,66,69,73,74,76,78,79,81,83,84,85,88,92,93,94,96,99,5,6,14,16,22,27,33,38,49,55,72,80,90,95,68,100,
9to 8:1,3,4,10,11,13,16,18,20,21,23,27,30,32,33,34,37,39,42,43,44,45,46,48,53,58,60,64,70,73,74,79,81,83,84,85,88,91,92,94,96,5,6,14,24,36,38,49,50,51,52,54,78,80,90,95,
9to 9:

cell1:9,3,4,2,5,7,8,6,
cell2:7,6,5,4,3,1,9,8,
cell3:5,4,2,1,6,9,7,8,
cell4:8,9,6,1,7,2,5,3,
cell5:3,1,7,4,2,9,8,6,
cell6:9,3,2,7,4,1,5,8,
cell7:4,3,6,1,9,2,8,5,
cell8:9,6,4,1,2,3,5,7,
cell9:8,6,7,3,5,4,1,2,
