machine1:0,191,190,132,149,113,160,123,136,165,82,111,130,157,79,8,34,13,6,3,58,44,115,178,127,77,177,50,179,171,26,75,1,169,67,125,15,41,25,43,134,89,10,70,92,118,36,11,19,116,183,90,189,138,18,170,71,155,172,131,31,167,158,174,166,161,199,47,69,57,23,68,72,119,156,12,117,182,93,200,104,128,53,59,150,105,106,7,76,185,24,54,84,32,65,164,187,9,86,140,100,14,33,126,66,60,16,162,61,120,81,21,139,40,35,152,99,88,108,87,137,17,168,159,56,80,64,186,
machine2:0,191,190,132,121,141,109,149,113,94,160,123,103,181,136,27,124,142,165,85,98,145,147,82,111,130,157,79,30,8,34,13,49,198,6,3,107,58,44,115,48,146,193,178,175,127,77,177,51,50,143,179,194,74,171,26,55,176,75,1,169,67,125,15,41,25,43,2,134,188,114,89,102,10,70,92,118,36,11,19,116,183,90,5,189,138,18,170,71,155,173,172,131,31,195,20,167,73,158,174,166,161,199,47,69,42,57,23,68,135,151,144,95,129,72,119,101,156,154,12,28,117,182,93,200,163,192,104,128,63,180,53,110,197,97,59,150,105,39,106,7,76,83,185,112,91,37,4,24,54,153,84,32,38,65,46,164,187,184,78,9,86,140,122,100,14,33,126,66,60,16,162,96,61,120,81,196,21,139,40,35,152,99,88,22,108,87,62,137,17,45,148,168,159,29,56,80,133,64,186,52,
machine3:0,191,132,121,113,160,123,103,181,27,142,85,98,145,147,130,157,79,34,13,49,6,3,107,58,44,115,48,146,193,178,175,77,177,50,179,194,171,26,75,1,169,67,125,41,25,43,2,89,92,118,19,116,90,155,173,31,73,158,174,166,69,42,68,144,129,72,119,101,156,154,12,117,182,93,200,163,192,104,128,180,53,197,97,59,150,105,39,185,112,91,4,24,153,84,46,164,187,184,78,9,122,14,33,126,66,60,162,96,61,120,139,40,35,152,99,87,137,17,45,148,168,159,56,80,64,
machine4:0,191,190,132,121,141,109,149,113,160,123,103,181,136,27,142,165,85,98,145,147,82,130,157,79,30,8,34,13,49,198,6,3,107,58,44,115,48,146,193,178,175,127,77,177,50,143,179,194,74,171,26,55,176,75,1,169,67,125,41,25,43,2,134,188,114,89,102,10,92,118,36,11,19,116,183,90,189,138,18,170,155,173,172,131,31,20,73,158,174,166,47,69,42,68,135,151,144,95,129,72,119,101,156,154,12,28,117,182,93,200,163,192,104,128,63,180,53,110,197,97,59,150,105,39,7,76,83,185,112,91,4,24,54,153,84,32,38,46,164,187,184,78,9,86,122,100,14,33,126,66,60,16,162,96,61,120,81,196,21,139,40,35,152,99,22,108,87,62,137,17,45,148,168,159,56,80,133,64,186,
machine5:0,121,141,109,149,124,98,147,111,157,34,49,198,6,177,51,143,171,176,15,43,2,188,70,118,36,19,90,5,18,172,131,195,158,174,166,199,69,135,151,144,95,72,156,12,117,182,93,200,192,104,53,110,197,97,150,105,39,106,7,83,112,91,37,4,24,54,153,32,38,65,164,187,78,86,140,122,100,33,60,16,162,96,120,81,196,21,139,40,152,99,88,22,108,62,17,45,168,159,56,80,133,52,
machine6:0,191,190,132,121,141,109,149,94,160,181,136,27,124,165,98,145,147,82,111,157,79,30,8,34,13,49,198,6,44,115,48,146,193,175,177,51,50,143,179,194,171,26,55,176,75,67,15,43,2,134,188,114,89,10,70,92,118,36,11,19,116,183,90,5,138,18,172,131,31,195,167,158,174,166,199,69,42,23,68,135,151,144,95,129,72,119,101,156,154,12,28,117,182,93,200,163,192,104,128,63,180,53,110,197,97,59,150,105,39,106,7,76,83,185,112,91,37,4,24,54,153,84,32,38,65,164,187,184,78,9,86,140,122,100,14,33,66,60,16,162,96,61,120,81,196,21,139,40,35,152,99,88,22,108,87,62,137,17,45,148,168,159,29,56,80,133,186,52,
machine7:0,109,113,94,123,103,181,27,124,145,147,82,111,30,13,198,3,107,58,44,115,146,127,177,51,50,143,179,194,74,26,55,176,1,169,67,15,41,25,43,2,70,36,19,116,183,90,138,131,31,20,73,166,47,69,57,23,135,151,144,129,72,101,156,117,182,104,128,180,53,197,59,39,7,76,185,91,54,153,84,32,38,65,46,78,9,86,122,14,66,60,16,162,96,61,120,81,21,139,35,88,22,87,137,45,148,29,80,64,
machine8:0,191,190,132,121,109,149,113,94,160,123,103,181,27,124,142,165,85,98,145,147,82,111,130,157,30,34,13,49,198,3,107,58,44,115,146,175,127,77,177,51,50,143,179,194,74,171,26,55,176,1,169,67,125,15,41,25,43,2,188,114,89,102,70,92,118,36,11,19,116,183,90,189,138,18,170,71,172,131,31,20,167,73,158,174,166,161,199,47,69,57,23,68,135,151,144,95,129,72,119,101,156,12,28,117,182,93,200,163,192,104,128,180,53,110,197,97,59,105,39,106,7,76,83,185,112,91,37,4,24,54,153,84,32,38,65,46,187,184,78,9,86,122,100,14,33,126,66,60,16,162,96,61,120,81,196,21,139,40,35,152,99,88,22,108,87,62,137,17,45,148,168,159,29,80,133,64,186,52,
machine9:0,191,190,132,121,141,149,113,94,160,123,103,136,27,124,142,165,98,147,111,30,8,34,13,6,58,44,115,178,77,50,143,179,2,114,102,70,11,90,5,189,18,71,155,173,131,31,195,20,73,158,174,161,199,42,23,68,135,151,144,95,129,72,119,101,154,12,28,163,128,63,180,197,97,150,105,39,106,76,83,185,112,37,4,24,54,153,84,38,65,46,164,187,184,122,14,33,126,66,60,16,162,96,61,81,196,21,35,152,88,22,108,87,137,17,45,148,168,159,29,56,80,133,64,186,52,
machine10:0,191,190,132,121,109,113,94,123,103,181,136,27,124,85,98,145,147,82,157,79,30,8,34,13,198,6,107,58,44,115,48,146,193,178,127,177,51,179,74,55,176,75,1,169,67,125,41,25,43,2,134,114,89,102,10,92,11,5,189,170,71,173,131,31,195,20,167,158,166,161,69,42,57,68,144,95,129,101,156,154,12,28,182,200,163,104,128,63,180,53,197,97,150,39,106,76,83,112,4,24,153,84,65,46,164,187,78,140,122,100,14,33,66,16,96,61,120,81,196,21,139,88,22,87,137,17,45,148,168,159,29,56,133,64,

1to 1:
1to 2:174,168,76,149,132,25,44,134,155,18,146,170,123,191,92,11,72,1,77,68,31,154,58,160,8,47,113,127,136,159,26,163,91,100,190,125,130,50,30,169,166,
1to 3:121,192,181,140,152,179,115,36,10,17,172,182,89,96,196,38,109,69,133,110,65,120,79,62,81,139,197,32,60,162,
1to 4:23,103,104,95,105,64,138,83,39,116,101,67,35,111,70,142,117,198,24,99,157,171,3,71,40,175,88,93,180,118,94,90,165,85,86,176,199,78,
1to 5:97,144,21,16,135,141,80,119,52,45,124,184,173,126,29,61,37,54,22,12,164,158,186,42,112,148,87,46,
1to 6:27,128,51,145,122,137,75,74,4,189,5,177,156,2,107,153,53,20,41,178,82,200,106,48,187,6,55,129,
2to 1:110,188,142,10,49,3,105,59,175,42,7,185,189,89,85,120,192,90,178,67,93,126,9,53,82,40,117,12,122,95,182,99,139,60,148,84,43,112,98,34,162,13,
2to 2:
2to 3:141,183,149,134,118,138,145,116,174,91,86,160,68,97,100,8,26,72,4,2,153,27,187,164,168,
2to 4:130,19,25,20,107,123,135,77,73,169,30,54,191,194,80,143,132,200,113,45,14,21,156,129,96,17,87,
2to 5:102,155,18,108,63,11,179,151,64,38,163,150,190,101,31,33,128,133,147,196,197,
2to 6:109,103,127,193,154,121,146,114,181,79,28,125,69,198,46,104,16,56,76,131,61,78,66,159,
3to 1:15,19,118,138,5,116,63,51,29,193,165,37,146,54,119,136,191,194,157,177,132,200,94,171,190,16,33,176,56,128,156,50,24,39,131,
3to 2:36,172,48,83,22,135,75,184,9,80,79,32,143,82,198,186,117,35,150,101,147,196,112,137,78,17,197,
3to 3:
3to 4:183,110,188,167,49,59,108,7,62,192,28,179,55,151,144,166,38,152,115,26,163,31,43,98,34,159,13,
3to 5:70,111,185,23,174,30,195,199,114,160,106,65,180,60,76,4,2,84,129,27,6,162,66,81,
3to 6:140,10,89,124,67,11,68,92,12,95,100,8,44,14,133,158,164,96,168,87,
4to 1:1,45,21,145,187,183,167,58,109,172,36,170,127,102,114,14,108,46,160,100,69,197,107,144,158,186,91,137,125,41,47,153,106,32,181,184,
4to 2:74,64,104,188,7,66,119,165,55,28,62,103,61,157,115,89,53,33,86,49,84,162,27,38,13,43,59,171,151,
4to 3:185,177,19,18,54,12,67,200,83,131,147,146,156,50,105,148,22,92,9,128,175,190,99,52,78,194,76,15,23,112,122,40,93,180,
4to 4:
4to 5:121,113,96,98,73,44,24,149,72,90,143,68,132,152,35,20,
4to 6:57,101,71,182,123,31,29,120,163,176,88,81,161,166,191,34,39,94,97,17,139,
5to 1:2,30,4,70,103,149,28,17,123,72,143,199,8,96,73,151,27,101,111,6,71,83,115,133,77,168,147,
5to 2:141,187,39,114,158,121,97,129,153,180,14,152,142,46,95,189,185,131,105,178,87,144,
5to 3:31,90,33,184,35,165,163,159,11,80,44,88,5,34,56,42,186,136,108,135,137,154,
5to 4:128,22,119,174,102,61,161,12,148,50,60,126,18,52,124,58,122,66,29,106,37,81,16,
5to 5:
5to 6:150,24,21,65,84,179,173,197,195,13,45,64,63,98,196,112,
6to 1:57,161,134,25,22,121,169,195,124,179,198,97,92,166,44,113,150,180,164,66,87,
6to 2:102,173,20,145,42,85,120,41,177,182,139,176,148,24,98,34,6,81,
6to 3:167,48,63,193,75,30,53,157,55,132,144,45,104,16,21,129,43,61,13,
6to 4:170,1,109,74,189,51,11,114,181,69,82,68,65,190,33,133,158,76,4,2,84,147,131,196,168,
6to 5:83,154,58,136,191,28,122,95,94,115,56,14,88,39,153,137,187,159,
6to 6:

cell1:6,2,3,5,4,
cell2:1,3,4,6,5,
cell3:1,4,2,6,5,
cell4:2,1,5,6,3,
cell5:2,1,3,4,6,
cell6:1,4,2,3,5,
