machine1:0,18,24,22,33,26,14,54,23,52,32,70,6,27,30,41,34,39,56,31,48,57,19,42,62,28,17,61,9,16,36,35,55,13,2,66,67,60,59,63,49,1,21,44,8,69,64,45,38,46,15,5,11,43,3,40,65,
machine2:0,18,24,22,33,12,26,14,54,23,52,32,70,6,27,30,20,41,34,39,56,31,48,58,7,57,19,25,42,62,28,47,17,61,9,4,37,68,16,36,35,55,13,2,66,67,60,59,63,53,49,10,1,21,51,44,8,69,64,50,45,29,38,46,15,5,11,43,3,40,65,
machine3:0,33,12,23,30,20,41,39,31,58,7,57,19,25,42,62,28,47,17,61,9,4,37,68,16,36,35,55,13,2,66,67,60,59,63,53,49,10,1,21,51,44,8,69,64,50,45,29,38,5,11,43,3,40,65,
machine4:0,18,24,22,33,12,26,14,54,23,52,32,70,6,27,30,20,41,34,39,56,48,58,7,57,25,42,47,17,9,4,37,68,36,35,55,53,49,10,1,51,8,69,64,50,29,46,15,5,11,43,40,
machine5:0,18,24,22,33,12,26,14,54,23,52,32,70,6,27,30,20,41,34,39,56,31,48,58,7,57,19,25,42,62,28,47,17,61,9,4,37,68,16,36,35,55,13,2,66,67,60,59,63,53,49,10,1,21,51,44,8,69,64,50,45,29,38,46,15,5,11,43,3,40,65,
machine6:0,18,24,22,12,26,14,54,52,32,70,6,27,20,34,56,31,48,58,7,19,25,62,28,47,61,4,37,68,16,13,2,66,67,60,59,63,53,10,21,51,44,50,45,29,38,46,15,3,65,

1to 1:
1to 2:8,5,1,11,31,43,62,17,65,9,68,2,40,63,13,67,60,23,44,
1to 3:46,30,36,47,35,64,45,15,57,3,50,58,69,27,41,7,29,49,10,21,38,
1to 4:34,32,61,24,56,25,37,51,16,66,6,19,59,14,4,
2to 1:36,30,3,20,53,25,57,33,41,59,55,58,69,
2to 2:
2to 3:37,42,4,51,19,39,60,8,13,44,2,1,17,43,11,40,
2to 4:47,12,65,62,7,28,45,63,
3to 1:54,42,34,5,70,32,31,18,39,62,48,26,9,24,28,56,16,66,63,67,14,23,
3to 2:35,64,53,45,61,50,25,29,49,12,55,33,21,
3to 3:
3to 4:22,52,20,58,27,68,2,10,44,38,
4to 1:46,47,22,52,15,50,7,68,29,12,13,21,60,
4to 2:3,20,37,51,16,66,10,19,4,38,
4to 3:54,70,53,31,61,18,48,26,65,28,6,67,59,
4to 4:

cell1:3,2,4,
cell2:3,4,1,
cell3:1,2,4,
cell4:3,1,2,
