machine1:0,42,34,48,26,56,22,33,14,59,18,3,32,15,23,54,52,24,43,57,70,27,35,46,39,19,6,31,44,13,30,28,62,2,55,61,21,8,9,41,60,67,36,16,1,69,63,45,65,17,64,49,11,38,40,66,5,
machine2:0,42,34,48,26,56,22,33,14,59,12,18,3,32,15,23,54,47,52,24,43,57,7,70,27,35,46,58,39,19,25,6,20,37,31,29,44,13,30,28,62,2,55,61,21,8,51,9,41,60,67,68,36,4,16,1,69,53,63,45,65,10,17,64,49,11,38,50,40,66,5,
machine3:0,42,33,59,12,3,23,47,43,57,7,35,58,39,19,25,20,37,31,29,44,13,30,28,62,2,55,61,21,8,51,9,41,60,67,68,36,4,16,1,69,53,63,45,65,10,17,64,49,11,38,50,40,66,5,
machine4:0,42,34,48,26,56,22,33,14,12,18,32,15,23,54,47,52,24,43,57,7,70,27,35,46,58,39,25,6,20,37,29,30,55,8,51,9,41,68,36,4,1,69,53,10,17,64,49,11,50,40,5,
machine5:0,42,34,48,26,56,22,33,14,59,12,18,3,32,15,23,54,47,52,24,43,57,7,70,27,35,46,58,39,19,25,6,20,37,31,29,44,13,30,28,62,2,55,61,21,8,51,9,41,60,67,68,36,4,16,1,69,53,63,45,65,10,17,64,49,11,38,50,40,66,5,
machine6:0,34,48,26,56,22,14,59,12,18,3,32,15,54,47,52,24,7,70,27,46,58,19,25,6,20,37,31,29,44,13,28,62,2,61,21,51,60,67,68,4,16,53,63,45,65,10,38,50,66,

1to 1:
1to 2:8,5,1,11,31,43,62,17,65,9,68,2,40,63,13,67,60,23,44,
1to 3:46,30,36,47,35,64,45,15,57,3,50,58,69,27,41,7,29,49,10,21,38,
1to 4:34,32,61,24,56,25,37,51,16,66,6,19,59,14,4,
2to 1:36,30,3,20,53,25,57,33,41,59,55,58,69,
2to 2:
2to 3:37,42,4,51,19,39,60,8,13,44,2,1,17,43,11,40,
2to 4:47,12,65,62,7,28,45,63,
3to 1:54,42,34,5,70,32,31,18,39,62,48,26,9,24,28,56,16,66,63,67,14,23,
3to 2:35,64,53,45,61,50,25,29,49,12,55,33,21,
3to 3:
3to 4:22,52,20,58,27,68,2,10,44,38,
4to 1:46,47,7,68,15,29,52,13,12,50,60,22,21,
4to 2:20,19,16,37,3,10,66,51,38,4,
4to 3:28,31,61,54,53,6,26,70,18,59,48,67,65,
4to 4:

cell1:3,2,4,
cell2:3,4,1,
cell3:1,2,4,
cell4:3,1,2,
