3 20 2 2 2

1 1 2 

0 15 
15 0

0 1 
1 0 

7 8 9 
9 9 6 

3    1    232    0.2
0 0 70 
74 0 0 
0 18 0 
3    0    319    0.1
35 0 0 
0 93 0 
0 0 63 
3    1    231    0.6
77 0 0 
0 33 0 
0 0 11 
3    0    273    0.6
0 0 60 
99 0 0 
0 54 0 
3    0    123    0.9
6 0 0 
0 55 0 
0 0 1 
3    0    223    0.6
0 0 56 
90 0 0 
0 21 0 
3    0    171    0.9
0 0 16 
61 0 0 
0 78 0 
3    0    296    0.1
0 0 93 
21 0 0 
0 89 0 
3    1    251    0.6
53 0 0 
0 34 0 
0 0 77 
3    0    181    0.4
0 0 46 
59 0 0 
0 30 0 
3    0    193    0.6
1 0 0 
0 52 0 
0 0 87 
3    0    227    0.8
97 0 0 
0 9 0 
0 0 15 
3    0    153    0.3
0 0 60 
17 0 0 
0 16 0 
3    0    394    0.1
88 0 0 
0 93 0 
0 0 32 
3    0    346    0.9
89 0 0 
0 63 0 
0 0 42 
3    1    396    0.4
70 0 0 
0 80 0 
0 0 96 
3    1    138    0.1
0 0 18 
27 0 0 
0 75 0 
3    1    58    0.9
26 0 0 
0 2 0 
0 0 2 
3    0    311    0.7
75 0 0 
0 33 0 
0 0 95 
3    1    103    0.4
0 0 25 
9 0 0 
0 44 0 
