machine1:0,10,45,25,28,63,30,50,48,31,13,34,5,35,42,47,24,14,21,36,9,60,2,4,52,16,46,12,19,54,62,27,44,1,61,26,29,3,15,17,6,40,37,38,57,7,51,53,32,11,49,22,64,23,58,18,65,
machine2:0,10,28,41,33,63,30,59,50,31,5,35,47,24,21,9,43,60,2,8,4,52,46,12,19,54,62,27,44,1,61,26,20,29,3,15,17,40,37,38,57,7,51,53,32,11,49,22,64,23,58,18,65,
machine3:0,10,25,28,41,33,30,59,50,34,35,42,24,21,36,9,55,43,60,8,4,39,52,16,46,12,54,62,27,44,1,61,26,20,29,3,15,17,6,40,37,38,57,7,51,53,32,11,49,22,64,23,58,18,65,
machine4:0,45,28,56,33,63,30,59,50,13,34,35,47,24,14,21,36,9,43,60,2,4,52,16,46,12,19,54,27,44,1,61,26,20,29,3,15,17,6,40,37,38,57,51,53,32,11,49,22,23,58,18,65,
machine5:0,10,45,41,63,30,59,50,48,13,34,5,35,42,47,24,14,21,36,9,55,60,2,8,4,39,52,16,46,12,19,54,62,27,44,1,61,26,20,29,3,15,17,6,40,37,38,57,7,51,53,32,11,49,22,64,23,18,65,
machine6:0,10,25,56,41,33,63,30,59,50,48,31,13,34,5,35,42,47,24,14,21,36,9,43,2,8,4,39,52,16,46,12,19,54,62,44,1,61,26,20,29,3,15,17,6,37,7,53,32,11,49,22,64,23,58,18,65,
machine7:0,10,45,25,28,33,63,59,50,31,13,34,5,35,42,47,24,14,21,36,9,55,43,60,2,8,4,52,16,46,12,19,54,27,44,1,61,26,20,29,3,15,17,6,40,37,38,57,7,51,53,32,11,22,64,23,58,18,65,
machine8:0,10,45,25,28,56,41,33,63,50,13,34,5,35,47,24,14,21,36,55,60,2,8,4,39,52,16,46,12,54,62,27,44,1,61,26,20,29,3,17,6,37,38,57,51,53,32,11,49,22,64,23,58,18,65,
machine9:0,28,56,41,33,63,30,59,50,48,31,34,5,35,42,47,24,14,21,36,9,43,60,2,8,4,52,16,46,12,19,54,62,27,61,26,20,29,3,15,17,40,37,38,57,7,53,32,11,49,22,64,23,58,18,
machine10:0,10,45,25,28,56,41,33,63,30,59,50,48,13,34,5,35,42,47,24,14,21,36,9,2,8,4,39,52,16,46,12,54,62,27,44,1,61,26,20,29,3,15,17,6,40,37,38,7,51,53,32,11,49,22,64,58,18,65,
machine11:0,10,45,25,28,41,33,63,30,59,31,34,42,47,24,14,21,36,9,55,43,60,2,8,4,39,52,16,46,12,19,54,27,44,1,61,20,29,3,15,17,6,37,38,57,7,51,53,32,11,49,22,64,23,58,18,65,
machine12:0,10,45,41,33,59,5,42,47,24,36,9,55,43,60,2,8,39,52,16,12,19,54,27,44,1,26,29,3,17,6,37,38,57,7,51,53,32,11,49,22,64,23,18,65,
machine13:0,10,45,28,56,41,33,63,30,50,48,13,34,5,42,47,24,14,21,36,9,55,43,60,2,4,39,52,16,46,12,19,54,62,27,44,1,61,20,29,3,15,17,6,40,37,38,57,7,51,53,32,11,49,22,64,23,58,18,65,
machine14:0,25,56,41,33,63,30,59,13,34,5,35,42,47,24,14,21,36,9,55,43,60,2,8,4,39,52,16,46,12,19,54,27,44,1,61,26,20,29,3,15,37,38,57,7,51,32,11,49,22,64,23,58,18,65,
machine15:0,45,25,28,56,41,33,59,50,48,31,13,5,35,42,47,14,21,36,9,55,43,2,4,52,16,46,12,19,27,44,1,61,26,20,29,3,17,6,37,38,57,7,51,53,32,11,49,23,58,18,65,
machine16:0,25,28,56,33,30,50,31,13,34,5,35,42,47,24,14,21,36,9,55,43,60,8,52,16,46,12,62,27,44,61,20,29,3,15,17,6,37,38,57,7,51,53,32,11,49,22,64,23,58,18,65,
machine17:0,10,25,56,41,63,30,59,31,34,35,42,47,24,21,36,9,55,43,60,2,8,4,52,16,46,12,19,54,62,1,61,20,29,3,17,6,40,37,38,57,7,51,53,11,49,22,64,23,58,18,65,
machine18:0,45,28,56,41,63,30,59,50,48,34,5,35,42,47,24,14,21,36,9,55,43,60,2,8,4,39,52,16,46,12,19,54,62,27,44,1,61,26,20,29,3,15,17,6,40,37,38,57,7,51,53,32,11,49,22,64,23,58,18,65,

1to 1:
1to 2:1,2,6,8,10,12,13,16,18,19,20,21,22,23,25,26,27,28,30,32,34,35,38,40,41,42,43,44,45,47,48,49,51,52,58,59,63,64,7,36,62,50,9,29,57,33,53,11,5,15,60,65,24,17,3,4,46,54,61,
1to 3:3,6,7,8,9,10,12,14,16,20,23,25,27,28,30,33,35,36,38,40,41,42,43,45,46,47,50,51,52,55,59,63,64,60,37,2,15,62,21,58,54,11,34,29,1,4,17,5,19,22,26,32,65,53,61,18,49,24,57,44,
1to 4:1,3,4,5,6,7,9,10,11,13,16,17,18,20,21,23,25,26,27,28,30,34,35,36,37,38,40,41,42,43,44,45,46,47,50,51,52,57,58,59,60,62,63,64,29,15,22,24,49,61,54,19,32,53,2,12,65,
1to 5:1,4,6,8,10,12,13,15,16,17,20,25,28,30,35,36,38,40,41,43,45,46,47,49,50,51,52,60,62,63,64,65,22,24,37,9,11,34,59,27,29,19,5,3,33,26,18,23,58,32,7,2,53,57,44,54,
1to 6:1,4,5,6,7,8,10,16,20,21,25,26,28,30,35,36,38,41,42,43,44,45,47,50,51,52,59,60,63,64,27,34,46,31,62,37,33,29,3,22,24,19,15,9,57,49,2,61,23,11,58,53,18,32,17,12,54,65,
2to 1:1,2,4,6,8,12,13,14,17,18,20,22,25,29,33,34,35,37,40,41,43,44,45,46,47,48,51,52,59,60,62,61,53,10,39,9,49,3,23,36,50,26,15,19,5,30,64,7,65,42,54,58,16,27,57,24,11,32,
2to 2:
2to 3:1,2,3,4,5,6,8,10,14,18,19,20,21,23,25,27,28,29,30,32,33,34,35,38,40,41,42,43,44,45,46,47,51,56,58,59,60,61,62,63,15,39,53,22,24,36,50,57,13,16,52,26,11,7,9,54,12,64,65,17,49,
2to 4:1,2,4,5,6,7,13,14,17,18,22,25,28,29,33,34,35,38,41,43,44,45,46,51,56,58,59,61,62,63,64,65,50,16,36,10,40,15,52,39,19,53,54,37,8,24,27,9,23,57,49,26,60,47,21,20,3,32,11,12,
2to 5:1,2,5,6,8,10,11,13,14,15,18,19,20,22,24,25,28,29,33,35,37,38,41,42,44,45,46,55,56,57,59,60,61,63,30,43,21,9,40,54,23,12,65,39,34,3,58,51,48,36,47,17,32,53,50,16,52,64,49,27,4,7,
2to 6:1,2,4,6,8,10,12,14,15,17,29,32,35,37,38,41,43,44,45,46,50,51,55,56,57,58,62,63,40,53,22,59,16,20,9,13,34,5,47,36,18,23,65,60,64,42,24,52,30,19,11,3,54,49,27,7,61,
3to 1:2,5,6,7,8,9,10,11,12,13,14,16,17,20,22,23,25,26,27,28,33,34,35,38,41,42,44,45,49,50,51,52,53,57,58,59,64,24,18,62,32,29,46,15,63,3,60,30,4,19,54,43,21,47,1,61,37,65,
3to 2:2,5,6,7,8,10,13,14,15,18,20,23,28,32,34,36,37,38,40,41,42,44,45,46,51,52,53,56,59,61,62,63,65,39,48,16,29,30,47,35,17,21,50,26,19,60,58,4,54,1,64,22,24,49,43,9,3,12,11,57,
3to 3:
3to 4:1,2,4,6,10,11,12,13,14,16,19,20,22,23,24,27,30,33,34,35,36,37,38,41,42,45,46,47,50,51,52,53,57,59,62,64,63,32,39,3,15,44,65,28,49,60,21,29,5,17,9,43,61,18,8,58,54,
3to 5:5,6,7,8,9,10,11,13,14,17,19,20,21,22,23,24,25,27,28,29,33,34,35,38,39,41,42,45,49,50,51,53,55,56,57,58,63,64,16,54,4,36,3,18,44,2,60,52,15,43,61,37,47,1,65,32,46,
3to 6:1,2,5,6,7,8,9,10,12,14,15,19,20,21,23,24,27,28,31,32,33,34,36,41,42,43,45,46,50,51,52,53,55,56,57,59,61,62,64,25,63,60,39,47,29,35,30,22,11,3,49,54,17,58,38,37,4,44,18,16,65,
4to 1:2,4,5,6,7,9,10,11,14,15,16,17,20,21,22,24,26,30,32,33,35,38,39,40,43,45,51,52,53,54,58,59,60,63,64,61,28,42,25,29,41,18,19,23,47,3,27,8,37,12,49,46,57,65,1,44,
4to 2:1,2,3,4,5,7,8,9,10,11,12,13,14,15,16,17,18,21,22,24,26,30,33,34,35,37,38,39,40,41,43,45,47,50,51,52,54,57,58,59,60,62,64,25,42,63,29,6,48,23,65,19,49,46,20,36,27,53,61,32,44,
4to 3:2,4,5,6,9,10,11,12,14,15,16,17,18,20,22,24,30,33,35,36,38,39,40,41,43,45,51,52,53,54,56,57,58,60,62,64,3,28,27,65,63,48,29,42,37,34,44,1,23,21,19,8,32,49,47,46,61,
4to 4:
4to 5:2,3,4,7,10,11,12,14,15,16,17,21,22,24,25,27,30,32,34,35,36,38,39,43,47,49,51,52,53,54,56,58,60,64,45,1,5,37,63,42,55,9,28,41,29,61,33,8,46,44,23,19,20,18,6,57,65,
4to 6:2,3,4,5,6,7,11,15,16,17,19,21,22,24,27,29,30,31,35,36,38,40,42,43,47,49,51,52,53,54,56,58,59,60,62,64,55,28,63,34,45,41,57,25,23,33,20,44,32,8,61,46,9,1,18,37,65,12,
5to 1:6,8,10,12,13,14,15,16,17,18,19,20,23,27,29,32,33,34,35,36,37,38,40,42,45,46,47,50,54,55,57,59,61,62,63,65,48,2,25,49,30,43,52,41,28,51,1,60,5,21,26,22,4,44,3,24,9,58,11,7,53,
5to 2:4,6,11,13,14,15,17,18,19,20,27,29,32,33,34,35,37,38,39,40,41,42,45,50,51,56,58,61,64,65,3,59,7,23,48,60,5,26,36,43,12,55,62,63,49,16,52,46,9,54,2,22,47,1,8,24,53,57,44,
5to 3:1,2,6,7,8,11,15,18,19,20,23,27,29,32,33,34,36,39,40,42,45,47,50,54,58,59,61,63,62,52,57,22,30,35,56,28,43,14,60,38,41,55,24,26,5,46,3,44,37,9,21,51,64,12,4,16,53,49,65,
5to 4:4,7,8,10,11,13,14,15,18,19,20,27,28,29,32,33,34,35,36,38,39,42,45,50,54,56,58,60,61,62,65,21,3,25,63,49,47,5,51,55,22,59,41,52,9,12,30,1,46,43,57,2,6,24,53,64,17,37,23,16,44,
5to 5:
5to 6:4,7,8,11,14,15,16,17,18,19,20,25,27,29,32,33,34,35,36,39,40,42,45,46,48,50,54,58,60,61,62,63,64,52,56,12,6,51,2,55,59,24,30,21,3,22,41,49,5,43,47,65,38,9,1,57,44,53,37,23,
6to 1:3,4,5,7,8,9,10,11,13,14,15,16,19,20,21,23,26,28,29,30,31,32,39,40,41,42,43,44,45,46,47,48,50,51,52,53,61,62,63,65,2,33,55,59,1,18,54,60,17,64,24,25,34,49,35,6,38,27,22,37,57,58,12,
6to 2:3,4,5,6,8,9,10,11,12,14,16,19,21,23,24,29,30,31,40,41,43,44,45,46,48,50,51,53,54,56,57,58,61,62,63,65,13,64,49,18,33,60,1,20,52,59,37,35,32,42,34,2,47,27,22,36,38,17,7,
6to 3:3,4,5,6,7,8,9,10,11,14,15,16,17,19,21,22,23,27,28,29,30,31,39,40,41,43,45,46,47,49,50,51,53,54,56,57,58,61,62,63,64,65,60,52,55,18,25,2,42,36,59,35,32,34,37,20,44,38,12,24,1,
6to 4:3,4,5,6,7,9,11,12,13,14,15,16,20,21,22,28,29,30,31,36,37,38,39,40,41,43,44,45,47,50,51,53,56,57,61,62,63,64,65,25,59,2,8,35,42,33,34,52,46,23,60,49,27,54,19,18,32,24,58,1,17,
6to 5:3,4,5,8,9,10,13,14,16,17,18,21,22,23,24,27,28,29,30,31,39,40,41,42,43,45,46,47,50,51,52,53,54,56,57,58,61,63,64,65,59,33,1,25,20,55,2,36,37,7,60,6,44,35,38,19,34,32,12,11,
6to 6:

cell1:5,6,3,2,4,
cell2:5,3,4,6,1,
cell3:6,2,4,1,5,
cell4:6,3,2,5,1,
cell5:3,2,1,4,6,
cell6:1,3,4,5,2,
