machine1:0,44,21,16,34,36,54,61,47,12,17,13,1,9,7,30,28,19,37,49,24,57,46,5,38,50,26,35,27,32,2,4,18,48,51,23,25,63,64,65,58,62,3,42,10,11,52,60,22,6,15,53,29,14,31,45,40,
machine2:0,44,8,21,54,61,47,12,17,1,9,43,7,30,28,19,37,49,24,59,57,46,5,38,50,26,35,27,32,2,4,18,51,23,63,41,64,20,65,58,62,3,10,11,52,60,22,33,15,53,29,31,40,
machine3:0,44,8,21,16,34,36,54,61,12,17,1,9,43,7,30,28,37,49,24,59,57,46,38,50,26,35,27,32,4,18,51,23,25,41,64,20,65,58,62,3,42,10,11,52,60,22,33,6,15,53,29,55,39,40,
machine4:0,44,21,16,34,36,54,61,47,12,17,13,1,9,43,30,28,19,37,49,24,59,57,46,38,50,26,35,27,32,2,4,18,51,23,63,20,65,58,3,11,52,60,22,33,6,15,53,56,29,14,45,40,
machine5:0,44,8,21,16,34,36,54,61,47,12,17,13,1,9,7,30,19,37,49,24,59,57,46,5,38,50,26,35,27,32,2,4,18,48,51,23,63,41,64,20,65,62,3,42,10,11,52,60,22,6,15,53,29,14,55,39,45,40,
machine6:0,44,8,21,16,34,36,54,61,47,12,17,13,1,9,43,7,30,19,37,49,24,59,46,5,50,26,35,32,2,4,18,48,23,25,63,41,64,20,65,58,62,3,42,10,11,52,22,33,6,15,53,56,29,14,39,31,
machine7:0,44,8,21,16,34,36,54,61,47,12,17,13,1,9,43,7,28,19,37,24,59,57,46,5,38,50,26,35,27,32,2,4,18,51,23,25,63,64,20,65,58,3,42,10,11,52,60,22,33,6,15,53,29,14,55,31,45,40,
machine8:0,44,8,21,16,34,36,54,61,47,12,17,13,1,28,37,49,24,57,46,5,38,50,26,35,27,32,2,4,18,51,23,25,63,41,64,20,65,58,62,3,10,11,52,60,22,33,6,53,56,29,14,55,39,45,
machine9:0,8,21,16,34,36,54,61,47,12,17,9,43,7,30,28,19,37,49,24,59,57,46,5,38,50,26,35,27,32,2,4,18,48,23,63,41,64,20,58,62,3,42,11,52,60,22,33,15,53,56,29,14,31,40,
machine10:0,44,8,21,16,34,36,54,61,47,12,17,13,1,9,7,30,28,37,49,24,59,46,5,38,50,26,35,27,32,2,4,18,48,51,25,63,41,64,20,65,58,62,3,42,10,11,52,22,33,6,15,53,56,29,14,39,45,40,
machine11:0,44,8,21,16,34,36,54,61,47,12,17,1,9,43,7,30,28,19,37,49,24,59,57,46,38,27,32,2,4,18,51,23,25,63,41,64,20,65,58,3,42,10,11,52,60,22,33,6,15,53,29,14,55,39,31,45,
machine12:0,44,8,16,36,54,47,12,17,1,9,43,7,19,37,49,24,59,57,5,38,26,27,32,2,18,51,23,41,64,65,3,42,10,11,52,60,22,33,6,53,29,55,39,45,
machine13:0,44,21,16,34,36,54,61,47,12,17,13,1,9,43,7,30,28,19,37,49,24,57,46,5,38,50,27,32,2,4,18,48,51,23,63,41,64,20,65,58,62,3,42,10,11,52,60,22,33,6,15,53,56,29,14,55,39,45,40,
machine14:0,44,8,21,16,34,36,54,61,47,12,13,1,9,43,7,30,19,37,49,24,59,57,46,5,38,26,35,27,32,2,4,18,51,23,25,63,41,64,20,65,58,3,42,11,52,60,22,33,15,56,29,14,55,39,
machine15:0,44,21,16,36,61,47,12,17,13,1,9,43,7,28,19,37,49,59,57,46,5,38,50,26,35,27,32,2,4,18,48,51,23,25,41,20,65,58,3,42,11,52,33,6,53,56,29,14,55,31,45,
machine16:0,44,8,21,16,34,36,61,47,12,17,13,9,43,7,30,28,37,49,24,57,46,5,38,50,35,27,32,18,51,23,25,64,20,65,58,62,3,42,11,52,60,22,33,6,15,53,56,29,14,55,31,
machine17:0,8,21,16,34,36,54,61,47,12,17,1,9,43,7,30,19,37,49,24,59,57,46,38,35,2,4,18,51,23,25,63,41,64,20,65,58,62,3,42,10,11,52,60,22,6,53,56,29,55,31,40,
machine18:0,44,8,21,16,34,36,54,61,47,12,17,1,9,43,7,30,28,19,37,49,24,59,57,46,5,38,50,26,35,27,32,2,4,18,48,51,23,63,41,64,20,65,58,62,3,42,11,52,60,22,6,15,53,56,29,14,55,39,45,40,

1to 1:
1to 2:2,6,8,10,13,15,18,20,23,25,26,27,28,30,32,34,35,40,42,44,45,46,47,48,49,51,52,58,59,64,1,3,4,5,7,9,11,12,16,17,19,21,22,24,29,33,36,38,41,43,50,53,54,57,60,61,62,63,65,
1to 3:3,6,7,8,9,10,14,15,20,23,25,27,30,32,33,35,36,38,40,43,45,46,47,50,51,52,55,59,63,64,1,2,4,5,11,12,16,17,18,19,21,22,24,26,28,29,34,37,41,42,44,49,53,54,57,58,60,61,62,65,
1to 4:4,5,6,7,10,13,15,17,19,20,23,24,25,26,27,30,32,34,35,36,40,42,43,44,45,46,47,50,51,52,57,58,59,62,63,64,1,2,3,9,11,12,16,18,21,22,28,29,37,38,41,49,53,54,60,61,65,
1to 5:3,4,6,8,10,12,13,15,16,17,18,20,23,25,27,30,32,35,36,40,45,46,47,50,51,52,54,60,62,64,65,1,2,5,7,9,11,19,22,24,26,28,29,33,34,37,38,41,43,44,49,53,57,58,59,63,
1to 6:3,4,5,6,7,8,10,15,16,18,19,20,23,26,27,28,30,32,35,36,43,44,45,46,47,50,52,59,64,1,2,9,11,12,17,21,22,24,25,29,31,33,34,37,38,41,42,49,51,53,54,57,58,60,61,62,63,65,
2to 1:1,2,3,4,5,6,8,12,13,14,16,17,18,20,22,25,30,34,35,37,39,40,43,44,45,46,48,51,52,58,59,60,64,7,9,10,11,15,19,23,24,26,27,29,32,33,36,41,42,47,49,50,53,54,57,61,62,65,
2to 2:
2to 3:1,2,3,5,6,7,8,10,14,18,20,21,23,25,28,29,30,32,34,35,38,40,41,42,43,45,49,51,56,58,59,62,63,64,4,9,11,12,13,15,16,17,19,22,24,26,27,33,36,39,44,46,47,50,52,53,54,57,60,61,65,
2to 4:1,2,3,7,11,13,14,16,18,22,25,28,29,34,35,37,38,39,41,43,45,46,51,56,58,59,60,62,63,64,4,5,6,8,9,10,12,15,17,19,20,21,23,24,26,27,32,33,36,40,44,47,49,50,52,53,54,57,61,65,
2to 5:1,2,3,5,6,8,10,11,13,14,15,18,20,22,24,25,28,30,35,37,38,42,45,46,49,55,56,58,59,61,63,4,7,9,12,16,17,19,21,23,27,29,32,33,34,36,39,40,41,43,44,47,48,50,51,52,53,54,57,60,64,65,
2to 6:1,2,3,4,5,8,10,11,12,14,15,30,32,35,37,43,45,46,49,50,51,55,56,57,58,59,60,62,63,6,7,9,13,16,17,18,19,20,22,23,24,27,29,34,36,38,40,41,42,44,47,52,53,54,61,64,65,
3to 1:2,5,6,7,8,9,10,11,13,14,16,17,19,20,23,24,25,26,27,28,29,32,33,34,35,37,38,41,42,43,45,49,50,51,52,57,58,59,60,62,64,65,1,3,4,12,15,18,21,22,30,44,46,47,53,54,61,63,
3to 2:2,5,6,7,8,9,10,12,14,15,18,19,20,23,28,29,32,37,38,40,41,42,43,44,45,48,50,51,52,53,56,59,60,62,63,64,65,1,3,4,11,13,16,17,21,22,24,26,30,34,35,36,39,46,47,49,54,57,58,61,
3to 3:
3to 4:1,2,4,5,6,9,10,11,12,13,14,16,17,20,22,24,27,29,30,32,33,34,35,36,38,41,42,43,45,46,47,50,51,52,58,59,60,61,62,64,3,8,15,18,19,21,23,28,37,39,44,49,53,54,57,63,65,
3to 5:2,5,6,7,8,10,11,13,14,20,21,22,23,25,27,28,29,32,34,35,37,38,39,41,42,43,44,45,50,51,55,56,58,60,61,63,64,1,3,4,9,15,16,17,18,19,24,33,36,46,47,49,52,53,54,57,65,
3to 6:1,2,5,6,7,10,14,15,17,19,20,21,22,23,24,25,27,28,29,31,32,34,36,37,38,41,42,43,44,45,50,51,52,55,56,59,60,62,64,3,4,8,9,11,12,16,18,30,33,35,39,46,47,49,53,54,57,58,61,63,65,
4to 1:2,4,5,7,9,10,11,12,14,16,18,20,21,24,25,26,29,30,32,33,35,38,39,41,43,45,49,51,52,53,54,58,59,60,61,63,64,1,3,6,8,15,17,19,22,23,27,28,37,40,42,44,46,47,57,65,
4to 2:1,2,3,4,5,7,8,9,10,11,12,13,14,15,16,17,18,21,25,26,29,30,32,33,34,35,36,37,38,39,41,43,45,49,51,54,58,59,60,61,62,63,6,19,20,22,23,24,27,40,42,44,46,47,48,50,52,53,57,64,65,
4to 3:2,4,5,6,9,10,11,12,14,15,16,17,18,21,24,29,30,32,33,35,36,38,39,41,43,45,49,51,53,54,56,57,58,60,61,62,64,1,3,8,19,20,22,23,27,28,34,37,40,42,44,46,47,48,52,63,65,
4to 4:
4to 5:3,4,7,9,10,11,12,14,15,16,17,18,22,24,25,29,30,32,33,34,35,36,38,39,41,43,49,51,52,53,54,56,57,58,60,64,1,2,5,6,8,19,20,21,23,27,28,37,42,44,45,46,47,55,61,63,65,
4to 6:2,3,4,5,6,7,9,11,12,15,16,17,18,21,25,29,30,31,33,35,36,38,41,42,43,51,53,54,56,58,60,61,62,63,64,1,8,19,20,22,23,24,27,28,32,34,37,40,44,45,46,47,49,52,55,57,59,65,
5to 1:6,8,10,12,13,14,15,17,20,22,23,27,29,30,32,34,35,36,37,38,40,42,44,45,46,47,50,54,57,58,59,61,62,63,1,2,3,4,5,7,9,11,16,18,19,21,24,25,26,28,33,41,43,48,49,51,52,53,55,60,65,
5to 2:2,4,6,11,13,14,17,20,27,29,34,35,37,38,39,40,41,42,45,47,50,51,56,57,58,61,64,1,3,5,7,8,9,12,15,16,18,19,22,23,24,26,32,33,36,43,44,46,48,49,52,53,54,55,59,60,62,63,65,
5to 3:1,2,6,7,8,11,12,20,22,23,26,27,29,33,34,36,37,39,40,42,45,47,50,54,58,59,61,63,64,65,3,4,5,9,14,15,16,18,19,21,24,28,30,32,35,38,41,43,44,46,49,51,52,53,55,56,57,60,62,
5to 4:4,6,7,8,10,11,12,13,14,16,20,28,29,30,32,34,35,36,37,38,39,42,45,47,50,54,56,58,60,61,62,64,1,2,3,5,9,15,17,18,19,21,22,23,24,25,27,33,41,43,44,46,49,51,52,53,55,57,59,63,65,
5to 5:
5to 6:2,4,6,7,8,9,11,14,17,18,20,25,27,29,30,33,34,35,36,37,39,40,42,45,47,48,50,54,58,60,61,62,63,64,1,3,5,12,15,16,19,21,22,23,24,32,38,41,43,44,46,49,51,52,53,55,56,57,59,65,
6to 1:1,3,4,5,6,7,8,9,10,13,14,15,16,18,19,20,21,23,24,25,26,27,28,29,31,32,33,40,41,42,44,45,46,47,48,50,51,52,53,55,65,2,11,12,17,22,30,34,35,37,38,39,43,49,54,57,58,59,60,61,62,63,64,
6to 2:1,3,4,5,6,8,9,10,13,14,16,18,19,20,21,22,24,27,29,30,31,32,33,36,40,41,44,45,46,48,50,51,52,53,54,56,57,58,61,62,65,2,7,11,12,17,23,34,35,37,38,42,43,47,49,59,60,63,64,
6to 3:1,3,4,5,6,7,8,9,10,11,14,15,16,17,19,20,23,24,25,27,28,29,30,31,36,40,41,43,44,45,46,47,49,50,51,52,53,55,56,57,58,61,65,2,12,18,21,22,32,34,35,37,38,39,42,54,59,60,62,63,64,
6to 4:1,3,4,5,6,7,9,11,12,13,14,15,16,18,19,20,21,23,24,25,27,28,29,30,31,32,33,36,38,40,41,44,45,47,50,51,52,53,56,57,62,65,2,8,17,22,34,35,37,39,42,43,46,49,54,58,59,60,61,63,64,
6to 5:1,3,4,5,6,8,9,10,13,14,16,17,18,19,20,21,22,24,25,27,28,29,31,33,36,40,41,42,44,45,46,47,50,51,52,53,54,56,57,64,65,2,7,11,12,23,30,32,34,35,37,38,39,43,55,58,59,60,61,63,
6to 6:

cell1:6,2,3,5,4,
cell2:3,4,1,6,5,
cell3:5,6,2,1,4,
cell4:2,3,5,6,1,
cell5:1,4,6,2,3,
cell6:1,5,4,2,3,
