machine1:0,9,19,20,7,13,14,18,4,15,1,6,3,2,10,5,17,11,16,12,8,
machine2:0,9,19,20,13,18,4,15,3,2,5,17,11,16,12,8,
machine3:0,9,19,13,18,4,15,2,5,17,11,16,8,
machine4:0,9,19,20,7,13,14,18,4,15,1,6,3,2,10,5,17,16,12,8,
machine5:0,9,19,20,7,13,14,15,1,6,3,2,10,17,16,12,
machine6:0,9,19,7,13,14,1,12,
machine7:0,19,20,7,13,14,18,4,1,6,3,2,10,5,17,11,16,12,8,
machine8:0,20,6,10,17,11,12,8,
machine9:0,20,11,12,8,

1to 1:
1to 2:5,9,10,14,13,
1to 3:8,6,3,19,7,1,12,2,17,
2to 1:15,8,6,20,1,16,12,2,
2to 2:
2to 3:18,10,4,14,
3to 1:5,11,18,4,13,
3to 2:3,19,20,7,16,17,
3to 3:

cell1:2,3,
cell2:3,1,
cell3:1,2,
