machine1:0,72,15,35,122,31,80,33,70,133,149,20,48,127,36,12,3,94,102,112,26,79,77,8,97,73,104,124,75,125,16,90,10,114,24,117,113,106,67,4,54,53,118,128,9,32,60,19,49,83,110,25,107,34,89,150,39,134,88,68,27,58,50,100,148,86,74,18,119,108,28,139,22,115,103,6,137,47,98,11,63,17,59,129,71,
machine2:0,72,15,35,122,31,29,80,33,136,143,70,84,140,41,44,38,133,46,149,123,135,20,48,127,57,52,142,111,65,36,40,12,5,69,3,94,145,85,102,112,26,79,77,82,37,8,97,73,104,124,96,75,125,141,16,21,130,131,90,121,10,114,144,147,78,76,24,117,120,113,106,67,116,4,54,13,138,53,118,99,56,128,132,9,32,93,42,92,60,23,45,19,49,14,83,110,25,66,107,34,89,150,39,134,88,64,87,68,27,58,7,50,100,101,148,86,1,74,18,119,108,91,28,30,62,126,139,22,51,115,103,109,6,61,55,137,105,47,98,146,11,95,63,43,17,59,129,2,71,81,
machine3:0,122,29,80,33,70,41,44,38,123,127,142,65,5,69,3,102,77,37,8,104,96,125,131,121,144,24,113,106,4,13,138,53,118,99,56,132,32,92,60,45,19,14,83,25,107,89,88,87,58,50,1,74,18,28,139,51,115,109,6,137,105,95,43,17,129,2,81,
machine4:0,35,122,31,29,80,33,143,70,140,41,44,38,133,123,127,57,52,142,111,65,36,40,12,5,69,3,145,85,102,112,77,82,37,8,73,104,124,96,125,21,130,131,121,10,144,147,78,76,24,117,113,106,67,116,4,13,138,53,118,99,56,132,32,93,42,92,60,23,45,19,14,83,110,25,66,107,34,89,150,134,88,64,87,58,50,1,74,18,119,91,28,30,62,126,139,22,51,115,103,109,6,61,137,105,47,98,146,11,95,43,17,129,2,71,81,
machine5:0,72,15,35,122,31,29,80,136,143,70,84,41,38,133,46,149,135,20,48,127,52,142,65,36,40,5,69,3,145,85,102,112,79,77,82,37,8,97,73,104,124,125,141,16,21,131,121,10,114,144,147,78,76,24,117,120,113,106,67,116,4,54,13,138,53,118,56,128,132,9,32,93,42,92,60,45,19,49,14,83,110,25,66,34,89,150,39,134,88,64,87,68,27,58,7,50,100,101,148,86,1,74,18,119,108,91,28,62,126,139,22,51,115,103,109,6,61,55,137,105,47,98,146,11,95,63,43,17,59,129,2,71,81,
machine6:0,72,15,122,29,80,136,133,46,135,48,127,52,142,40,5,69,3,85,102,112,82,8,97,73,104,124,125,141,16,21,131,121,10,114,144,76,24,120,113,106,67,54,13,138,53,118,56,128,132,9,32,93,42,92,60,45,19,49,14,83,25,66,34,89,150,39,134,88,64,87,68,27,7,50,100,101,86,1,74,18,119,108,91,28,62,126,22,51,115,103,109,6,55,137,105,98,146,11,95,63,43,17,59,129,71,81,
machine7:0,72,15,122,40,5,69,112,82,97,73,125,141,21,131,10,120,113,106,13,138,53,56,132,9,42,92,45,49,14,83,25,66,34,150,39,134,87,68,27,7,50,101,86,1,74,119,108,91,62,126,22,51,115,109,6,55,137,105,146,11,95,63,43,17,59,129,71,81,
machine8:0,72,35,122,31,29,80,33,136,70,84,140,41,44,38,133,46,123,135,20,48,127,57,52,111,65,36,40,12,5,69,94,145,102,112,26,77,82,8,73,104,124,96,75,125,16,21,130,131,90,121,10,144,147,78,76,117,120,113,106,67,4,54,13,138,53,118,99,56,132,9,32,93,42,92,60,23,45,19,49,14,83,110,25,34,89,150,39,134,88,64,68,27,58,7,100,101,1,74,18,108,91,28,30,126,139,22,51,115,103,109,6,61,55,137,105,47,98,146,11,95,63,43,17,59,129,2,71,81,
machine9:0,72,35,122,31,80,136,70,84,140,38,135,20,40,12,69,94,102,112,26,77,82,8,73,104,124,96,125,16,21,130,131,90,121,10,144,120,113,106,67,4,54,13,138,53,118,99,56,132,9,32,93,42,92,60,23,45,19,49,14,83,110,25,34,89,150,39,134,88,64,27,58,7,100,101,1,74,18,108,91,28,139,22,51,115,103,109,6,61,55,137,105,47,98,146,95,63,43,17,59,129,2,71,81,
machine10:0,72,35,38,20,40,112,26,8,73,104,96,125,16,131,121,144,113,106,4,54,138,53,118,56,132,93,92,60,45,19,14,83,25,89,150,39,134,88,27,58,7,100,74,18,108,91,22,115,103,109,61,55,137,105,47,98,63,129,2,71,81,
machine11:0,15,35,122,31,29,136,70,84,140,133,149,123,48,127,57,65,40,69,94,102,112,8,73,104,124,96,75,141,16,21,130,131,121,144,78,76,113,116,138,53,99,56,128,132,9,42,92,60,23,45,14,83,34,150,87,68,27,50,101,86,1,74,28,22,103,109,55,137,105,95,63,43,17,129,71,81,
machine12:0,15,35,122,31,29,80,33,136,70,84,140,44,133,46,149,123,135,20,48,127,57,65,40,5,69,94,145,85,102,112,26,82,8,73,104,124,96,75,125,141,16,21,130,131,90,121,10,144,78,76,24,117,120,113,106,116,4,54,138,53,99,56,128,132,9,93,42,92,60,23,45,19,49,14,83,110,25,107,34,89,150,87,68,27,50,100,101,148,86,1,74,119,28,30,62,126,22,115,103,109,6,61,55,137,105,47,98,11,95,63,43,17,59,129,71,81,
machine13:0,72,15,35,122,31,29,143,70,84,38,133,149,135,20,48,127,57,52,111,65,40,5,3,94,145,85,102,112,26,79,77,82,37,8,73,104,124,96,125,141,16,21,130,131,90,121,10,114,144,147,78,24,117,113,106,67,4,54,13,138,53,118,99,56,128,132,9,93,42,92,60,23,45,19,83,110,25,66,107,34,89,150,39,88,87,68,27,7,100,148,86,1,74,18,119,108,28,30,62,126,139,22,115,103,109,6,61,137,105,47,98,146,11,95,63,43,17,59,129,2,71,81,
machine14:0,72,15,35,122,31,29,143,38,133,149,135,48,57,52,111,65,40,5,102,112,26,79,77,82,37,8,73,104,124,96,141,16,21,130,131,90,10,114,147,78,24,117,113,106,67,4,13,53,118,56,128,132,9,93,42,92,60,23,45,19,25,66,34,89,150,39,88,87,68,27,100,86,1,74,18,119,108,28,126,139,22,115,103,109,6,137,105,47,98,146,11,95,43,17,59,129,2,71,81,
machine15:0,72,35,122,31,29,143,38,149,52,40,112,26,77,82,8,104,124,141,21,130,131,10,114,147,78,106,67,4,13,56,128,132,42,60,45,19,66,150,88,87,100,1,18,119,28,103,6,105,47,98,146,17,59,71,81,

1to 1:
1to 2:105,17,73,61,140,110,126,104,142,57,21,12,33,83,58,
1to 3:67,46,66,13,103,150,34,136,116,119,134,72,51,88,10,95,97,131,143,20,47,135,6,9,50,
1to 4:54,42,139,146,44,80,109,64,52,56,18,39,41,16,4,91,55,89,84,7,74,65,71,144,23,70,117,25,
1to 5:121,22,59,26,19,76,127,123,102,124,35,107,120,137,81,99,5,62,69,93,138,60,63,78,125,48,15,149,
1to 6:45,129,27,112,148,98,113,133,30,130,94,82,24,31,28,100,122,92,87,43,53,106,141,114,79,
2to 1:3,4,14,32,42,64,69,74,76,77,89,91,99,103,107,119,125,150,123,137,81,139,145,11,66,116,19,13,
2to 2:
2to 3:18,35,37,53,56,58,71,98,105,106,132,146,41,127,142,78,
2to 4:8,43,60,73,82,83,88,102,115,147,2,93,111,126,36,
2to 5:1,17,23,24,28,29,34,45,65,95,104,117,30,33,85,44,
2to 6:6,10,21,25,38,40,67,96,110,118,131,144,52,22,124,
3to 1:93,92,141,86,56,5,114,101,68,55,127,109,35,25,108,28,
3to 2:80,82,144,77,1,134,51,143,36,88,32,52,118,87,121,95,122,62,64,24,50,138,45,67,2,8,129,38,
3to 3:
3to 4:131,58,22,49,133,40,112,136,69,63,125,124,13,27,104,31,29,72,76,61,10,
3to 5:16,14,70,6,103,150,21,53,110,132,4,113,100,116,74,106,105,73,47,
3to 6:78,34,18,128,11,42,20,85,9,119,66,117,145,147,39,54,115,83,102,37,17,139,3,
4to 1:31,27,105,113,47,132,104,147,78,1,9,130,48,96,20,61,36,12,120,45,6,134,106,22,57,67,49,51,
4to 2:28,131,69,35,117,44,133,41,53,76,70,25,137,30,127,18,71,10,29,23,65,146,5,
4to 3:144,60,42,102,92,81,43,59,39,118,91,139,77,122,145,14,129,38,32,93,7,
4to 4:
4to 5:112,98,83,8,84,56,55,54,140,101,82,115,40,68,135,11,75,46,80,
4to 6:125,19,89,109,63,150,13,99,26,111,95,16,121,4,138,108,72,126,74,2,90,
5to 1:8,112,115,53,129,98,122,144,70,21,110,46,140,100,85,50,10,82,136,34,16,75,
5to 2:40,14,124,130,22,43,60,119,42,78,145,
5to 3:133,28,11,89,141,138,117,120,148,80,84,128,126,15,54,49,31,17,87,109,101,62,
5to 4:121,5,132,19,92,123,96,103,106,90,113,20,81,57,33,94,
5to 5:
5to 6:71,137,104,56,1,35,73,29,59,48,135,61,107,86,47,65,68,149,
6to 1:118,29,73,38,52,102,7,15,63,146,111,135,143,138,95,90,83,40,84,37,62,71,60,128,23,2,26,88,
6to 2:109,3,93,125,150,47,115,99,85,113,92,31,98,132,112,147,81,103,11,
6to 3:8,108,4,24,65,149,61,74,19,79,68,121,70,45,86,137,124,5,48,
6to 4:1,6,34,100,122,129,105,59,21,17,110,77,30,127,
6to 5:96,145,87,131,130,148,25,43,27,94,126,133,9,57,89,
6to 6:

cell1:2,5,3,6,4,
cell2:6,3,5,4,1,
cell3:5,6,1,4,2,
cell4:5,1,6,2,3,
cell5:6,2,4,1,3,
cell6:3,5,4,1,2,
