machine1:0,74,55,108,159,88,87,52,18,77,26,80,56,95,38,46,17,10,22,79,115,167,122,143,105,160,125,4,94,71,129,112,90,1,25,5,109,58,107,149,59,47,119,8,113,44,162,158,169,29,50,151,163,84,166,100,154,132,121,147,76,13,93,136,20,39,120,28,15,116,123,33,42,81,30,60,150,161,137,43,101,141,69,64,138,73,110,104,164,12,49,75,65,96,140,145,103,111,170,99,102,124,48,83,23,32,14,35,36,118,31,157,128,155,92,152,117,78,153,66,57,139,54,62,156,68,16,86,9,61,82,127,131,97,98,168,148,41,2,51,27,133,21,91,85,24,19,70,3,72,63,144,135,45,34,11,37,114,165,7,6,134,67,142,89,40,106,146,130,126,53,
machine2:0,74,55,159,88,87,52,18,77,26,80,56,95,38,17,22,79,115,143,105,160,125,94,112,1,109,119,8,113,44,158,169,29,84,166,100,154,13,93,20,39,15,116,42,60,150,161,101,141,69,64,73,110,104,164,75,65,96,140,145,111,170,99,102,124,48,83,23,32,35,36,118,157,128,155,92,78,153,54,62,156,68,16,86,9,82,127,97,168,148,41,51,27,91,85,24,19,70,3,63,45,11,37,114,165,7,134,67,142,89,40,106,146,130,126,53,
machine3:0,74,55,159,88,87,18,77,26,80,56,1,109,119,44,158,169,166,100,154,20,39,15,116,42,150,161,101,141,69,73,110,164,75,65,96,140,145,170,102,83,23,32,35,36,157,128,92,153,54,62,68,16,86,9,82,127,41,51,27,85,24,70,3,63,11,37,165,134,67,89,40,106,146,53,
machine4:0,108,87,52,125,162,158,151,100,76,13,20,120,28,15,33,81,30,150,161,137,43,69,73,110,104,164,49,65,96,140,145,103,99,102,124,48,83,32,35,118,31,155,152,117,153,66,57,139,54,62,156,16,86,61,82,131,97,148,41,2,51,27,133,21,85,24,70,72,135,45,34,37,114,7,134,67,142,89,146,130,126,53,
machine5:0,108,87,52,18,77,95,38,46,115,167,143,125,4,25,109,58,107,149,119,8,113,162,158,169,151,163,100,154,76,13,136,20,120,28,15,116,123,33,42,81,30,60,150,161,137,43,69,138,73,110,104,164,12,49,75,65,96,140,145,103,111,170,99,102,124,48,83,32,35,36,118,31,155,92,152,117,78,153,66,57,139,54,62,156,68,16,86,61,82,131,97,168,148,41,2,51,27,133,21,91,85,24,19,70,3,72,63,135,45,34,11,37,114,165,7,6,134,67,142,89,40,106,146,130,126,53,
machine6:0,74,108,26,115,4,90,58,47,158,29,163,84,100,121,13,20,39,120,15,116,42,30,60,150,69,64,49,75,140,145,170,102,83,35,36,118,157,92,78,153,54,62,156,68,86,9,127,98,148,51,91,24,19,70,135,114,165,7,6,134,89,40,106,146,126,
machine7:0,74,108,88,52,18,77,26,80,95,38,46,17,10,22,115,167,122,143,105,125,4,94,71,112,90,1,5,109,58,149,47,119,8,113,44,158,169,29,151,163,84,100,154,121,147,13,136,20,39,120,15,116,123,42,30,60,150,161,101,141,69,64,138,73,110,164,12,49,75,65,140,145,111,170,99,102,48,83,32,14,35,36,118,157,92,117,78,153,66,57,139,54,62,156,68,86,9,82,127,131,97,98,168,148,41,51,27,21,91,85,24,19,70,3,72,144,135,11,37,114,165,7,6,134,89,40,106,146,130,126,53,
machine8:0,74,159,18,46,10,22,79,122,107,149,119,158,29,163,154,147,20,120,15,116,42,150,161,101,69,110,164,49,75,65,96,111,170,99,23,35,31,128,155,152,153,57,156,68,16,86,9,97,148,51,27,133,21,72,135,45,37,114,7,6,134,142,40,106,146,126,
machine9:0,74,55,159,87,18,77,26,95,46,10,22,79,115,167,122,160,125,94,71,129,1,5,109,58,107,149,119,8,44,162,158,29,50,151,163,100,154,121,147,76,13,20,120,28,15,116,123,33,42,30,60,150,161,137,43,101,141,69,138,110,164,12,49,75,65,96,140,145,111,170,99,102,83,23,14,35,36,118,31,157,128,155,152,78,153,66,57,54,62,156,68,16,86,9,97,98,168,148,41,2,51,27,133,21,91,85,24,19,70,3,72,63,144,135,45,11,37,114,7,6,134,67,142,89,40,106,146,130,126,
machine10:0,88,80,105,125,94,129,5,149,44,158,169,163,100,132,121,136,20,116,33,30,60,161,137,69,73,104,49,75,96,145,170,99,102,35,36,118,31,157,128,78,153,66,57,54,62,156,16,86,82,127,131,98,168,41,2,51,27,133,21,70,63,37,114,7,134,89,40,106,146,126,53,
machine11:0,74,108,88,87,80,38,46,17,10,22,167,143,105,160,125,4,94,71,129,90,1,25,5,109,58,149,59,119,113,44,158,169,29,163,84,166,100,154,132,121,76,93,136,20,39,15,116,33,30,60,161,137,43,101,141,69,73,110,104,49,75,65,96,140,145,103,111,170,99,102,48,23,32,14,35,36,118,31,157,128,92,78,153,66,57,54,62,156,16,86,9,82,127,131,97,98,168,41,2,51,27,133,21,70,72,63,144,135,37,114,165,7,134,67,142,89,40,106,146,126,53,
machine12:0,74,108,159,88,18,77,80,56,46,17,115,160,125,4,94,71,112,90,1,25,5,109,58,107,149,59,47,8,44,162,158,169,29,50,151,163,84,166,154,132,121,147,76,13,93,20,120,116,123,33,81,30,150,161,137,43,101,141,69,64,73,104,164,12,49,75,65,140,145,103,111,170,99,102,83,23,32,14,35,36,118,31,157,155,92,117,153,66,57,139,54,62,156,68,16,86,9,61,82,127,131,168,148,41,2,51,27,133,21,91,24,19,3,72,63,144,45,34,37,114,165,7,134,67,142,89,40,106,146,130,53,
machine13:0,74,159,88,18,80,56,115,160,125,4,94,112,90,1,5,58,149,59,8,158,169,29,50,151,163,84,154,132,121,147,76,13,93,20,116,123,81,30,150,161,137,101,141,69,164,49,75,65,140,145,111,170,99,102,83,23,32,14,35,36,118,31,157,155,92,117,153,57,139,54,62,156,68,16,86,9,61,82,127,131,168,148,2,51,27,133,21,91,24,19,3,72,63,144,45,37,114,165,7,134,67,142,89,40,106,130,53,
machine14:0,159,56,125,58,149,59,169,29,50,163,84,154,132,121,147,76,93,123,30,150,69,164,75,65,140,111,170,83,14,35,118,157,155,92,54,62,156,68,16,86,9,127,168,2,27,133,21,91,24,19,63,45,37,114,7,89,40,106,53,
machine15:0,74,55,159,88,18,80,56,22,79,115,122,160,4,94,129,1,25,5,58,149,59,47,119,8,44,162,158,169,29,50,151,163,84,166,100,154,132,121,76,93,136,20,39,120,28,116,42,30,60,150,161,137,43,101,141,138,73,110,164,12,49,75,65,96,145,103,111,170,102,124,48,83,23,32,14,35,36,118,155,92,152,117,78,153,66,57,139,54,62,156,68,16,86,9,82,127,131,97,98,168,148,41,2,51,27,133,21,91,85,24,19,70,3,72,63,144,135,45,34,11,37,114,165,7,6,134,67,142,89,40,106,146,130,126,53,
machine16:0,74,159,88,115,8,158,84,121,120,116,42,30,150,161,137,101,141,138,164,12,49,75,65,96,145,111,170,102,83,23,14,35,36,118,155,92,152,117,78,153,66,57,139,54,62,156,68,16,86,9,82,127,131,97,98,168,148,41,2,51,27,133,21,91,85,24,19,70,3,72,63,144,135,45,34,11,37,114,165,7,6,134,67,142,89,40,106,146,130,126,53,
machine17:0,74,115,158,120,42,30,150,161,137,141,138,12,49,75,65,96,145,111,170,102,83,14,92,153,66,57,139,54,156,16,9,82,97,98,168,41,2,27,85,24,3,72,135,45,34,11,37,114,7,6,134,130,53,

1to 1:
1to 2:52,124,103,28,143,152,48,104,76,139,100,140,43,99,53,67,36,137,170,54,102,27,
1to 3:64,122,90,167,123,138,60,9,3,85,66,151,115,116,20,164,168,111,114,125,134,86,158,
1to 4:10,26,22,128,95,109,147,33,31,23,5,94,24,97,8,49,155,70,121,40,41,68,62,16,153,156,
1to 5:105,129,166,25,136,39,110,4,88,29,57,30,69,65,
1to 6:81,107,17,112,61,132,144,84,46,108,47,133,44,1,74,154,120,163,89,82,72,150,106,
1to 7:50,59,79,162,34,117,130,14,160,93,98,96,6,119,19,165,127,32,146,169,142,92,148,118,58,83,63,21,51,37,7,35,
2to 1:16,148,2,89,45,70,164,149,11,97,83,91,162,125,38,57,8,142,12,81,134,146,73,113,21,77,4,
2to 2:
2to 3:156,100,27,117,95,161,52,108,24,
2to 4:69,118,150,116,3,135,6,42,30,15,130,137,167,96,72,28,85,
2to 5:67,82,58,49,75,168,54,7,53,66,165,104,87,76,92,133,63,126,33,109,
2to 6:102,153,170,19,37,13,139,151,34,123,41,131,62,99,25,
2to 7:158,114,65,155,120,154,36,40,110,60,43,145,78,20,18,
3to 1:71,105,26,17,112,22,108,14,141,6,15,32,131,53,121,163,40,30,36,161,170,145,51,54,102,
3to 2:136,130,123,138,85,42,19,154,57,111,118,58,82,68,72,106,69,153,7,
3to 3:
3to 4:77,13,98,18,44,11,151,75,99,78,120,164,89,125,37,
3to 5:113,10,38,143,46,80,60,100,119,140,97,169,70,149,86,158,
3to 6:90,117,147,157,9,3,88,24,127,115,49,116,168,114,35,27,
3to 7:122,48,144,139,47,12,4,91,5,66,74,101,73,29,135,126,134,
4to 1:13,130,50,100,9,79,144,157,60,116,98,140,118,160,74,167,78,42,44,55,106,123,
4to 2:86,77,83,87,12,161,114,95,146,107,110,46,168,45,75,119,33,155,24,63,
4to 3:19,97,135,154,10,70,35,6,5,147,102,145,91,126,149,7,8,
4to 4:
4to 5:71,125,111,41,15,101,21,20,62,14,96,141,31,40,99,128,89,
4to 6:109,158,58,43,30,2,137,76,148,18,65,51,66,69,
4to 7:16,54,68,28,115,133,152,150,57,94,129,151,85,23,163,3,138,11,1,159,156,
5to 1:59,87,90,103,132,143,109,93,119,99,114,37,156,7,35,
5to 2:113,38,167,108,31,78,169,40,135,89,149,62,21,16,
5to 3:48,144,39,157,15,88,94,165,32,73,146,29,163,92,72,
5to 4:129,76,46,160,110,43,66,1,2,142,57,58,36,161,126,51,54,106,134,65,27,158,
5to 5:
5to 6:71,33,14,141,5,140,75,101,20,53,118,63,145,
5to 7:166,22,25,136,84,80,100,9,44,97,131,49,116,70,121,111,67,41,170,86,153,
6to 1:64,166,117,104,56,80,31,23,18,19,66,151,101,29,155,92,111,58,67,68,63,69,
6to 2:61,162,91,3,165,115,49,20,2,163,148,125,145,134,35,
6to 3:71,77,84,46,139,109,14,13,141,12,4,1,169,120,121,40,82,83,41,62,150,51,65,
6to 4:107,159,157,133,140,114,21,86,7,
6to 5:17,103,144,93,9,44,94,127,32,131,74,154,73,146,142,36,161,137,170,16,37,102,153,156,
6to 6:
6to 7:75,8,53,164,168,30,89,45,72,149,106,27,
7to 1:1,20,24,49,62,65,82,88,115,120,126,135,137,150,152,153,154,158,159,76,75,39,47,84,138,124,48,
7to 2:4,8,11,25,32,41,51,73,92,96,133,156,164,116,34,
7to 3:18,21,22,30,37,42,68,78,106,110,127,131,136,148,
7to 4:12,29,35,45,60,67,74,101,102,145,149,168,170,55,141,122,119,162,
7to 5:2,5,27,43,72,118,132,134,98,23,163,
7to 6:36,54,56,57,80,83,86,94,111,121,130,142,146,160,161,165,169,91,59,103,50,
7to 7:

cell1:6,5,2,7,4,3,
cell2:1,7,3,5,4,6,
cell3:5,7,1,4,6,2,
cell4:5,6,1,2,3,7,
cell5:3,6,1,7,2,4,
cell6:1,3,4,2,5,7,
cell7:3,2,1,6,4,5,
