machine1:0,39,111,56,109,70,126,72,91,8,112,121,13,37,79,69,40,64,18,26,12,76,82,33,57,54,99,35,59,68,104,74,17,108,20,124,80,60,81,15,66,23,32,116,55,92,1,49,5,34,7,30,47,77,24,86,46,128,21,28,43,36,83,44,127,114,63,129,4,85,90,11,118,16,75,73,71,105,103,102,9,19,122,88,
machine2:0,39,25,111,56,130,109,70,93,126,72,91,8,10,112,121,13,37,3,79,69,40,64,18,125,120,26,58,12,76,42,82,95,33,31,67,57,54,99,35,48,41,59,98,38,62,68,104,74,110,17,108,65,20,124,80,60,29,81,15,66,6,23,27,32,116,55,92,1,96,49,113,115,97,5,34,7,30,84,47,101,123,51,77,22,24,86,119,117,46,100,128,21,28,43,36,50,53,52,83,107,44,127,114,2,63,129,78,4,85,90,61,11,118,16,75,73,71,14,105,103,102,106,87,9,19,122,89,94,88,45,
machine3:0,39,111,56,109,70,93,126,72,121,3,120,82,31,67,57,54,99,48,59,68,104,74,110,17,65,20,80,60,29,6,23,32,116,92,1,96,115,97,30,84,101,51,22,119,128,28,36,127,114,129,78,4,61,11,14,105,103,102,87,94,45,
machine4:0,39,111,56,130,109,70,93,126,72,8,112,121,3,79,69,64,125,120,26,58,12,42,82,33,31,67,57,54,99,35,48,59,68,104,74,110,17,108,65,20,124,80,60,29,15,66,6,23,32,116,55,92,1,96,115,97,5,30,84,47,101,123,51,22,24,86,119,128,21,28,36,50,53,52,83,107,44,127,114,129,78,4,85,90,61,11,118,16,75,73,71,14,105,103,102,106,87,19,94,45,
machine5:0,39,111,56,130,109,70,93,126,72,91,8,10,112,121,37,3,40,64,18,125,26,58,12,76,42,82,95,33,31,67,57,54,99,48,41,59,98,38,68,104,110,17,108,65,20,124,80,60,81,15,66,6,23,27,32,116,55,92,1,96,49,113,115,97,5,34,7,30,84,47,101,123,51,77,22,24,86,119,117,46,100,128,21,28,43,36,50,52,83,44,127,114,2,63,129,78,4,85,61,11,16,71,14,105,103,102,106,87,9,19,122,89,94,88,45,
machine6:0,39,111,56,130,109,70,93,126,10,112,121,40,64,125,26,58,76,42,82,33,31,57,54,99,48,41,59,98,38,68,104,110,17,65,20,80,60,81,15,66,6,23,27,32,116,55,92,96,49,97,5,34,7,30,84,47,51,77,22,86,119,46,100,128,28,43,36,83,44,127,2,129,78,4,85,61,11,16,71,14,105,103,102,106,87,9,122,89,94,88,45,
machine7:0,39,111,56,70,93,121,64,42,82,57,54,59,104,110,20,80,60,81,66,6,23,27,55,96,49,97,5,34,7,30,47,51,77,22,28,36,83,44,129,78,85,61,11,16,14,105,103,102,87,122,89,94,45,
machine8:0,25,111,56,130,109,126,72,91,8,13,79,40,64,120,26,31,67,99,48,98,62,68,104,74,110,124,15,6,23,32,116,92,1,113,115,5,7,30,101,77,119,117,128,28,43,50,52,83,44,127,63,129,4,61,16,14,105,106,87,19,94,88,
machine9:0,39,25,111,56,130,109,70,93,126,72,91,8,121,13,3,79,69,40,64,18,120,26,58,12,42,82,31,67,57,54,99,35,48,41,98,38,62,68,104,74,110,17,108,124,80,60,29,81,15,66,6,23,27,32,116,55,92,1,49,113,115,97,5,34,7,30,47,101,123,51,77,119,117,128,28,43,36,50,52,83,107,44,127,114,2,63,129,4,90,61,11,118,16,75,73,14,105,103,102,106,87,9,19,89,94,88,45,
machine10:0,39,109,10,42,82,95,33,57,54,48,59,98,104,74,17,108,20,15,66,6,32,116,92,96,115,97,34,84,47,77,128,36,53,83,44,127,2,78,85,90,61,11,118,16,75,73,71,14,105,102,106,87,9,19,122,89,94,88,45,
machine11:0,39,111,109,70,93,72,8,10,121,69,64,125,76,42,82,95,33,31,67,57,54,48,41,59,98,68,104,74,17,108,20,81,15,66,6,32,116,92,96,113,115,97,34,30,84,47,101,123,51,77,22,24,86,119,117,46,100,128,21,28,43,36,50,53,52,83,107,44,127,114,2,63,129,78,4,85,90,61,11,118,16,75,73,71,14,105,103,102,106,87,9,19,122,89,94,88,45,
machine12:0,39,25,70,126,121,37,82,95,33,31,57,54,98,38,62,68,110,108,65,124,80,60,29,81,15,6,23,27,32,92,1,49,115,97,5,34,7,47,101,51,100,128,36,83,107,44,127,2,90,11,16,75,14,103,102,106,87,94,45,
machine13:0,39,25,111,56,109,70,93,126,72,121,13,37,3,40,18,26,42,82,95,33,31,67,57,54,35,59,98,38,62,68,104,74,110,17,108,65,124,80,60,29,81,15,66,6,23,27,32,116,55,92,1,96,49,115,97,5,34,7,30,84,47,101,51,86,119,100,128,28,36,50,53,52,83,107,44,127,114,2,63,78,4,90,61,11,118,16,75,73,71,14,105,103,102,106,87,19,94,45,

1to 1:
1to 2:32,97,55,128,90,65,39,51,72,1,60,68,129,74,29,107,28,66,93,84,101,19,14,58,
1to 3:10,112,46,9,102,96,115,43,27,113,116,88,86,108,63,8,114,22,71,110,78,83,21,130,
1to 4:91,18,5,73,118,117,121,105,50,80,61,25,54,98,56,87,89,109,45,7,
1to 5:85,20,122,103,123,59,4,11,70,111,94,47,75,81,24,77,53,106,2,
1to 6:104,124,3,34,100,52,92,126,16,44,49,38,35,127,
2to 1:79,24,73,125,52,15,96,56,3,16,106,44,54,
2to 2:
2to 3:124,12,64,60,85,61,99,129,5,51,23,19,57,101,104,28,36,48,14,4,
2to 4:120,29,58,26,130,55,114,93,126,128,1,42,72,103,102,11,83,94,
2to 5:69,21,90,50,97,32,31,82,105,115,45,92,119,30,
2to 6:65,107,80,75,59,33,71,47,67,17,68,109,6,87,
3to 1:18,37,100,124,123,40,50,65,122,89,64,85,80,61,7,59,23,31,33,82,57,104,48,92,121,11,127,4,
3to 2:112,21,125,52,26,130,20,56,126,105,111,71,45,67,103,119,102,109,44,87,54,30,94,
3to 3:
3to 4:12,9,43,38,41,8,60,63,49,99,129,16,81,39,70,115,14,6,
3to 5:46,117,113,76,114,88,15,22,128,78,86,51,42,28,36,17,83,
3to 6:95,27,84,32,93,108,110,5,1,19,106,116,72,66,
4to 1:94,99,32,108,49,97,111,27,88,13,17,26,110,120,69,12,75,62,
4to 2:121,47,106,31,123,64,124,70,5,16,36,3,23,4,79,35,8,
4to 3:127,92,119,72,128,105,98,45,42,1,77,117,87,91,11,68,34,58,82,
4to 4:
4to 5:14,116,66,101,57,74,129,102,48,41,89,43,52,104,67,6,19,9,
4to 6:103,51,39,2,15,60,50,29,40,73,30,63,7,118,61,55,90,114,115,
5to 1:76,115,41,42,10,34,95,72,93,36,66,68,84,109,8,101,
5to 2:118,22,15,78,83,57,33,59,6,48,116,104,127,17,96,
5to 3:67,81,32,20,125,24,2,121,39,
5to 4:82,123,77,69,44,47,107,51,64,113,108,30,92,28,
5to 5:
5to 6:74,86,111,97,11,128,70,53,4,54,98,119,31,
6to 1:14,105,103,98,102,2,28,90,83,6,67,25,119,74,81,39,114,78,30,45,
6to 2:50,53,82,86,108,110,42,
6to 3:26,47,56,70,55,37,18,3,54,31,15,126,40,38,33,80,94,111,97,
6to 4:106,19,75,36,17,35,52,57,68,23,62,13,34,66,116,101,
6to 5:107,118,127,93,61,84,95,16,63,100,121,96,87,73,109,44,71,
6to 6:

cell1:6,2,3,5,4,
cell2:1,5,4,3,6,
cell3:5,1,4,6,2,
cell4:3,2,6,5,1,
cell5:1,3,4,2,6,
cell6:5,3,1,4,2,
