machine1:0,41,140,149,77,88,152,44,191,182,156,6,115,159,61,72,92,104,166,157,69,24,123,79,137,25,36,138,10,89,167,8,183,134,170,47,71,82,111,200,106,116,189,117,118,127,136,57,7,178,31,3,70,66,11,1,84,67,199,119,161,185,43,33,58,108,14,128,172,165,125,150,160,18,187,53,12,65,19,131,179,90,34,13,130,105,174,16,81,32,93,155,158,59,23,86,35,60,15,113,21,168,68,186,50,126,9,87,26,54,99,56,139,64,76,177,162,17,120,164,75,132,171,190,100,40,169,80,
machine2:0,41,140,149,77,88,109,152,44,121,153,191,182,45,96,156,78,6,115,159,61,72,196,92,104,166,157,69,97,24,123,83,79,137,25,36,138,10,89,167,8,101,183,107,134,170,47,71,82,111,200,106,146,194,116,181,142,189,192,117,114,173,118,127,175,136,57,193,7,178,198,195,31,3,70,66,11,1,84,30,67,199,119,161,185,63,147,43,102,135,27,103,5,143,33,145,58,108,14,128,55,172,165,129,176,98,85,125,51,39,150,160,18,188,187,144,53,12,124,65,19,110,74,163,4,131,122,73,179,90,34,13,46,95,130,105,49,174,16,29,81,151,32,48,2,42,93,184,155,148,180,20,158,197,59,23,86,35,91,60,15,37,154,112,94,113,28,21,38,168,68,186,50,126,9,87,26,54,99,56,139,64,76,177,141,62,162,17,120,164,75,132,171,190,100,40,22,133,169,80,52,
machine3:0,41,77,152,44,121,153,191,182,45,96,156,78,6,115,159,61,72,92,104,166,157,69,97,24,123,79,137,25,89,101,107,200,146,194,116,181,142,192,117,173,118,175,193,178,31,3,66,1,84,67,119,185,147,43,27,103,33,145,58,14,128,129,98,85,125,39,150,160,187,144,53,12,19,163,4,122,73,179,90,34,13,46,130,105,49,174,48,2,42,93,184,155,148,180,158,197,59,35,91,60,154,112,113,168,68,50,126,9,87,26,99,56,139,64,177,162,17,120,164,75,132,171,40,169,80,
machine4:0,41,149,77,109,152,44,121,153,191,182,45,96,156,78,6,115,159,61,72,196,92,104,166,157,69,97,24,123,83,79,137,25,36,138,10,89,8,101,183,107,134,170,47,82,200,146,194,116,181,142,189,192,117,114,173,118,127,175,136,193,7,178,198,31,3,66,11,1,84,30,67,119,185,63,147,43,102,135,27,103,143,33,145,58,108,14,128,55,172,165,129,176,98,85,125,39,150,160,18,188,187,144,53,12,19,110,74,163,4,131,122,73,179,90,34,13,46,95,130,105,49,174,16,81,151,32,48,2,42,93,184,155,148,180,20,158,197,59,86,35,91,60,154,112,113,28,21,38,168,68,186,50,126,9,87,26,54,99,56,139,64,76,177,141,62,162,17,120,164,75,132,171,190,100,40,22,133,169,80,
machine5:0,140,149,88,109,152,121,153,182,45,96,156,78,6,159,72,196,104,166,157,69,97,24,83,36,111,200,106,192,117,118,7,198,195,70,199,147,43,135,5,143,33,108,172,176,98,51,39,150,18,188,187,144,53,12,124,65,19,110,4,131,122,90,34,95,105,49,174,16,81,151,32,2,93,158,197,86,91,60,15,37,112,21,38,168,54,99,56,139,177,141,62,162,17,120,164,171,100,40,22,133,80,52,
machine6:0,140,149,88,109,152,44,121,153,191,182,45,96,156,78,6,115,159,61,72,196,92,104,166,157,69,97,24,83,79,137,36,138,10,89,167,8,101,183,134,82,111,200,106,146,194,116,181,192,117,114,118,175,136,193,7,198,195,31,70,66,11,84,30,67,199,119,185,63,147,43,135,27,5,143,33,145,108,14,128,55,172,165,129,176,98,51,39,150,160,18,188,187,144,53,12,124,65,19,110,163,4,131,122,179,90,34,13,95,105,49,174,16,29,81,151,32,48,2,42,93,184,148,180,158,197,59,23,86,35,91,60,15,37,154,112,94,28,21,38,168,68,186,50,9,87,26,54,99,56,139,76,177,141,62,162,17,120,164,75,132,171,190,100,40,22,133,80,52,
machine7:0,41,88,109,44,153,182,45,96,156,78,115,61,72,104,166,69,123,137,25,36,138,101,183,107,47,82,111,146,194,116,181,117,127,57,7,198,31,3,70,66,1,84,30,67,185,147,43,135,27,103,143,145,58,14,128,55,129,176,51,39,144,53,124,65,19,74,131,122,73,179,90,13,46,16,29,81,151,32,2,148,180,20,197,59,23,86,35,91,60,15,94,113,21,38,50,9,87,26,54,139,64,76,177,162,120,22,169,80,
machine8:0,41,149,77,88,109,152,44,121,153,191,182,45,96,156,78,115,159,61,72,196,92,104,166,157,69,97,24,123,83,137,25,36,138,89,167,101,183,107,170,47,71,82,111,200,106,146,194,116,181,142,189,192,117,114,118,127,175,57,7,198,31,3,70,66,11,1,84,30,67,199,119,161,185,147,43,102,135,27,103,143,33,145,58,108,14,128,55,172,165,129,176,98,85,125,51,39,160,18,188,187,144,53,12,124,65,19,110,74,163,4,131,122,73,179,90,34,13,46,95,130,105,49,174,16,29,81,151,32,2,93,184,148,180,20,158,197,59,23,86,35,91,60,15,37,112,94,113,28,21,38,168,68,186,50,126,9,87,26,54,99,139,64,76,177,62,162,17,120,132,171,190,100,40,22,133,169,80,52,
machine9:0,149,77,88,152,44,121,153,191,45,96,6,115,159,61,72,196,97,24,123,83,137,8,101,71,111,106,142,189,114,173,136,178,195,31,70,66,11,84,30,199,119,161,185,63,147,102,135,27,103,5,143,33,58,108,14,128,165,129,98,39,150,160,18,187,144,12,124,65,163,4,131,122,73,179,90,34,13,46,95,105,174,16,29,81,151,2,42,184,155,148,180,20,158,197,23,35,60,37,154,112,94,113,28,21,38,168,68,186,50,126,87,54,56,64,76,141,162,17,164,132,190,22,133,80,52,
machine10:0,41,140,88,109,44,121,153,191,182,45,96,156,78,6,115,159,61,196,92,104,166,157,69,97,24,123,83,79,137,25,10,89,167,8,101,107,134,170,71,82,200,106,146,181,189,114,173,127,136,57,193,178,198,195,31,66,11,1,84,30,67,161,63,147,43,102,27,103,5,33,145,58,14,128,55,129,176,98,85,125,51,39,150,187,144,53,12,124,65,74,163,4,131,122,179,34,13,46,95,16,29,81,48,2,42,148,180,20,158,197,154,112,94,113,28,21,168,68,87,56,139,64,76,177,17,120,164,75,132,190,100,22,133,169,

1to 1:
1to 2:170,155,1,130,47,149,18,134,25,127,123,154,174,77,146,58,169,30,136,191,11,91,125,160,132,68,92,166,100,8,44,113,26,163,190,31,72,76,50,168,159,
1to 3:110,36,109,140,172,10,62,89,120,192,121,181,79,32,179,69,182,38,152,115,65,139,133,60,196,96,162,17,197,81,
1to 4:142,70,118,3,71,103,83,138,105,175,111,116,85,23,165,90,199,67,93,86,157,198,40,117,95,94,64,99,171,35,101,104,176,180,88,24,39,78,
1to 5:141,52,173,42,29,22,37,135,184,54,124,119,126,80,46,186,97,12,144,45,16,21,148,158,112,61,164,87,
1to 6:74,20,48,107,5,145,189,51,75,41,178,53,82,55,177,200,122,106,128,156,4,2,129,153,27,137,187,6,
2to 1:110,188,142,10,49,3,105,59,175,42,7,185,189,89,85,120,192,90,178,67,93,126,9,53,82,40,117,12,122,95,182,99,139,60,148,84,43,112,98,34,162,13,
2to 2:
2to 3:141,183,149,134,118,138,145,116,174,91,86,160,68,97,100,8,26,72,4,2,153,27,187,164,168,
2to 4:130,19,25,20,107,123,135,77,73,169,30,54,191,194,80,143,132,200,113,45,14,21,156,129,96,17,87,
2to 5:102,155,18,108,63,11,179,151,64,38,163,150,190,101,31,33,128,133,147,196,197,
2to 6:109,103,127,193,154,121,146,114,181,79,28,125,69,198,46,104,16,56,76,131,61,78,66,159,
3to 1:146,157,136,29,24,190,194,118,191,156,5,132,39,176,131,15,16,171,116,138,128,177,51,50,33,63,19,54,56,165,193,94,200,37,119,
3to 2:35,22,137,36,78,82,79,143,117,112,197,147,32,48,9,17,186,150,198,80,135,196,75,83,101,184,172,
3to 3:
3to 4:179,31,151,62,28,49,108,183,110,98,188,163,144,167,34,152,159,7,55,38,59,115,13,26,43,166,192,
3to 5:160,70,111,185,65,4,2,174,129,106,114,23,195,27,30,180,84,199,60,6,66,162,76,81,
3to 6:95,10,44,100,89,8,68,158,12,14,96,164,133,140,124,168,87,11,67,92,
4to 1:170,102,183,1,36,109,47,167,172,127,107,108,145,58,184,41,114,181,32,91,125,69,160,46,186,144,100,106,45,14,21,158,153,137,187,197,
4to 2:188,74,49,103,59,7,62,89,165,119,28,53,86,157,55,151,64,171,38,115,104,33,84,43,61,27,162,66,13,
4to 3:52,15,18,19,83,105,175,185,22,23,146,54,67,93,194,9,177,40,92,12,200,122,99,190,128,180,148,156,76,50,147,131,112,78,
4to 4:
4to 5:149,20,121,73,90,143,132,68,44,152,113,35,72,24,98,96,
4to 6:57,161,71,29,123,120,191,97,182,94,166,163,101,139,31,176,88,39,34,17,81,
5to 1:2,30,4,70,103,149,28,17,123,72,143,199,8,96,73,151,27,101,111,6,71,83,115,133,77,168,147,
5to 2:141,187,39,114,158,121,97,129,153,180,14,152,142,46,95,189,185,131,105,178,87,144,
5to 3:31,90,33,184,35,165,163,159,11,80,44,88,5,34,56,42,186,136,108,135,137,154,
5to 4:128,22,119,174,102,61,161,12,148,50,60,126,18,52,124,58,122,66,29,106,37,81,16,
5to 5:
5to 6:150,24,21,65,84,179,173,197,195,13,45,64,63,98,196,112,
6to 1:57,161,134,25,22,121,169,195,124,179,198,97,92,166,44,113,150,180,164,66,87,
6to 2:102,173,20,145,42,85,120,41,177,182,139,176,148,24,98,34,6,81,
6to 3:167,48,63,193,75,30,53,157,55,132,144,45,104,16,21,129,43,61,13,
6to 4:170,1,109,74,189,51,11,114,181,69,82,68,65,190,33,133,158,76,4,2,84,147,131,196,168,
6to 5:83,154,58,136,191,28,122,95,94,115,56,14,88,39,153,137,187,159,
6to 6:

cell1:2,4,5,3,6,
cell2:1,3,4,6,5,
cell3:4,6,1,5,2,
cell4:1,3,2,5,6,
cell5:2,1,3,4,6,
cell6:1,4,2,3,5,
