machine1:0,63,64,191,173,205,202,183,151,230,34,169,231,10,158,81,125,189,150,211,15,73,238,199,144,95,171,70,79,192,112,60,130,145,57,247,22,36,161,244,80,67,147,190,72,35,195,237,113,139,75,245,1,160,206,141,236,225,134,85,74,65,233,142,240,90,119,11,25,4,149,101,185,250,136,219,40,41,177,218,188,24,207,33,110,7,68,208,19,46,222,193,155,127,215,62,226,3,98,76,148,42,108,159,224,32,124,153,187,12,30,2,107,47,198,152,132,204,172,17,227,99,111,118,50,184,201,39,9,20,102,97,128,228,179,249,44,154,52,200,135,131,6,156,196,66,45,120,13,38,220,232,197,164,143,96,234,178,18,91,140,82,133,163,223,242,94,241,239,87,246,217,186,212,123,88,109,54,14,235,29,58,16,49,89,167,77,138,175,100,146,84,56,137,48,31,162,37,114,53,92,126,121,104,122,21,69,182,229,51,243,83,86,166,181,106,8,216,78,203,26,168,117,165,93,116,55,214,27,194,210,105,248,213,103,43,176,221,115,59,61,209,157,5,180,174,71,28,23,170,129,
machine2:0,63,173,205,183,151,230,34,169,231,10,158,81,125,189,150,211,15,73,238,199,144,95,70,79,192,112,60,130,247,22,161,244,67,147,190,72,35,195,237,113,139,75,245,1,206,141,236,225,134,85,74,65,233,142,240,90,119,11,25,4,149,101,185,250,219,40,177,218,188,207,33,110,68,208,19,46,193,127,215,226,98,76,42,108,124,187,12,30,2,107,47,198,152,132,204,172,17,227,111,118,50,184,39,9,102,97,128,228,179,249,154,52,200,131,6,196,66,45,13,38,220,197,143,96,234,178,18,91,140,82,133,223,242,94,241,239,217,186,212,123,88,109,54,14,235,29,89,167,77,138,100,146,56,137,48,162,53,92,126,121,104,122,21,182,229,243,83,166,181,106,8,216,78,203,168,117,93,116,214,27,194,105,248,213,103,176,115,59,61,209,157,5,180,71,28,170,129,
machine3:0,63,205,183,34,231,158,81,125,189,150,211,73,238,199,95,70,192,112,60,130,247,22,161,190,72,237,113,139,1,206,141,236,225,134,85,74,65,233,142,90,119,11,25,4,149,250,219,40,188,68,19,127,215,98,42,108,187,30,2,107,152,204,172,17,111,118,128,179,154,131,45,13,38,197,143,96,18,91,82,133,223,94,241,239,217,186,212,88,109,14,235,89,167,100,146,137,48,162,53,92,121,104,122,21,182,243,83,166,181,106,8,78,168,117,116,214,27,194,105,176,115,61,209,71,
machine4:0,63,64,191,173,205,183,34,169,231,10,158,81,125,189,150,211,73,238,199,144,95,171,70,192,112,60,130,145,57,247,22,36,161,244,80,67,147,190,72,35,195,237,113,245,1,160,141,236,134,85,74,65,233,142,119,11,25,4,149,101,185,250,136,40,41,177,24,207,33,110,7,68,208,19,222,193,155,127,215,62,226,3,98,76,148,42,159,32,124,153,12,30,2,47,198,132,204,172,17,227,118,39,9,20,102,128,228,179,249,200,135,131,6,156,66,45,38,220,232,197,164,234,18,91,140,82,133,163,223,242,241,239,87,217,186,212,123,88,109,54,14,235,29,58,16,49,89,167,77,138,175,100,146,56,137,31,162,37,114,53,92,126,121,104,122,21,69,182,229,51,243,83,166,181,106,8,216,78,203,26,168,117,165,93,55,214,27,194,105,213,103,43,176,115,59,61,209,157,5,180,174,71,28,23,170,129,
machine5:0,63,191,173,205,183,34,231,10,158,81,125,189,150,211,73,199,144,95,70,192,112,60,247,22,161,244,80,67,147,72,35,195,113,245,1,141,85,74,233,142,119,11,25,4,101,185,136,40,41,24,207,110,68,19,222,193,155,127,215,62,226,3,98,76,42,124,153,2,47,132,204,172,17,39,9,20,102,128,179,249,135,131,6,156,45,220,232,164,18,91,82,133,163,223,241,239,87,217,186,212,123,88,109,54,235,29,16,89,167,77,138,100,146,56,137,31,114,53,92,126,121,104,122,21,69,182,229,243,83,166,181,106,8,216,78,203,26,117,165,93,55,214,194,105,103,43,176,59,209,157,5,180,174,71,28,23,170,129,
machine6:0,63,205,183,10,81,125,150,199,192,112,60,247,161,80,67,72,35,195,245,1,141,25,185,136,40,24,207,110,68,193,127,215,226,3,124,153,2,47,132,204,172,17,39,102,128,179,249,131,6,156,45,133,239,217,186,212,109,54,235,29,16,89,77,138,56,114,53,92,122,21,69,182,83,166,181,106,216,165,93,55,214,194,103,43,174,71,28,129,
machine7:0,63,64,191,205,202,183,151,230,34,169,231,10,158,81,125,189,150,211,15,73,238,199,144,95,171,70,192,112,60,130,145,57,22,161,244,80,67,147,190,72,35,195,237,113,139,75,245,1,160,236,134,74,65,233,240,90,119,11,25,4,149,40,41,177,218,188,24,110,7,68,208,19,155,127,215,62,226,98,148,42,108,159,224,32,124,153,12,2,107,47,152,132,204,172,17,99,111,118,50,184,39,9,20,102,97,128,228,179,249,44,154,52,135,131,6,196,66,45,120,13,38,220,232,143,96,234,18,91,140,82,133,163,223,94,241,239,87,217,186,212,88,109,54,14,235,29,58,16,49,89,167,77,138,146,84,56,137,48,31,162,37,53,92,126,121,104,122,21,69,182,229,51,243,83,86,166,181,106,8,216,78,203,26,165,93,55,214,27,194,210,105,213,103,43,176,221,115,59,61,209,5,180,174,71,28,23,170,129,
machine8:0,63,64,191,205,183,230,34,231,10,158,81,125,189,150,211,15,73,199,144,95,171,112,60,130,57,22,161,244,67,147,190,72,35,195,237,113,139,75,245,1,160,74,65,233,119,4,40,177,24,110,68,208,19,155,127,215,62,226,98,42,108,159,32,124,153,107,47,132,204,17,99,118,50,184,39,9,20,102,97,179,44,52,131,6,196,66,45,120,13,220,96,18,223,94,241,239,87,217,186,212,88,109,14,235,29,16,49,89,167,77,138,84,56,137,48,31,162,53,92,121,104,122,21,69,182,229,243,83,86,166,181,106,8,216,203,165,214,27,194,105,213,103,43,176,115,59,209,5,180,174,71,28,23,170,129,
machine9:0,63,64,183,10,81,125,150,211,15,73,95,60,130,57,161,244,72,35,195,237,113,139,75,245,160,74,65,233,40,24,208,155,127,62,226,98,42,108,124,107,47,132,204,99,118,50,184,9,20,102,179,131,6,45,13,220,18,223,241,87,217,186,212,88,109,14,16,49,89,167,84,56,137,31,53,92,121,104,122,69,229,83,166,106,8,216,203,165,27,194,105,213,103,43,176,115,59,209,180,174,71,28,129,
machine10:0,173,202,183,34,169,231,10,158,81,125,189,150,211,73,238,199,95,171,70,192,112,60,22,161,244,67,190,72,113,139,206,225,134,74,65,233,240,11,25,4,149,250,136,40,218,208,19,46,222,98,42,108,159,32,2,152,132,204,172,17,99,201,179,6,156,45,120,13,38,220,197,234,18,82,242,241,87,217,88,49,167,138,175,100,146,56,137,31,162,53,92,104,182,243,86,181,106,8,93,55,27,105,213,176,115,59,180,174,71,28,129,
machine11:0,173,202,183,151,34,169,231,10,158,81,125,189,150,211,15,73,238,199,144,95,171,70,79,192,112,60,145,247,22,36,161,244,80,67,147,190,72,35,237,113,139,1,206,225,134,85,74,65,233,240,90,119,11,25,4,149,101,250,136,219,40,177,218,188,207,33,7,208,19,46,222,155,62,98,42,108,159,32,153,30,2,47,198,152,132,204,172,17,99,118,50,201,102,128,179,249,154,131,6,156,45,120,13,38,220,232,197,96,234,18,140,82,163,223,242,241,87,246,217,186,212,88,109,14,235,29,58,16,49,89,167,138,175,100,146,84,56,137,48,31,162,37,53,92,126,104,122,21,182,229,51,243,83,86,181,106,8,216,78,26,168,117,165,93,55,214,27,194,210,105,213,103,43,176,221,115,59,209,157,180,174,71,28,23,129,
machine12:0,183,230,34,169,81,189,211,15,199,144,112,60,247,22,80,35,195,113,245,1,141,134,74,90,11,25,4,250,218,24,33,7,68,19,42,159,224,124,187,132,204,172,17,99,50,39,9,102,179,249,154,52,200,135,131,6,156,120,13,143,96,234,178,91,133,223,94,241,217,186,212,123,54,14,235,29,58,16,138,175,100,84,56,137,37,53,126,121,104,122,69,182,229,51,83,86,166,181,8,216,78,203,26,168,117,165,93,55,214,194,210,105,248,213,103,43,176,115,209,5,180,174,71,28,170,129,
machine13:0,63,191,173,205,183,230,34,169,158,81,189,150,211,15,73,199,144,112,60,247,22,80,35,195,237,113,139,245,1,141,134,74,90,119,11,25,4,149,101,250,136,218,188,24,207,33,110,7,68,208,19,46,155,215,226,3,98,76,42,108,159,224,32,124,187,132,204,172,17,99,118,50,201,39,9,20,102,97,228,179,249,154,52,200,135,131,6,156,196,66,45,120,13,38,220,232,197,164,143,96,234,178,91,140,82,133,163,223,242,94,241,239,87,246,217,186,212,123,88,109,54,14,235,29,58,16,49,89,77,138,175,100,146,84,56,137,48,31,162,37,114,53,92,126,121,104,122,21,69,182,229,51,243,83,86,166,181,106,8,216,78,203,26,168,117,165,93,55,214,27,194,210,105,248,213,103,43,176,221,115,59,61,209,157,5,180,174,71,28,23,170,129,
machine14:0,191,173,205,202,169,231,10,158,189,150,211,73,199,144,95,70,79,192,112,130,145,57,247,22,36,244,190,195,237,113,1,74,25,101,250,40,177,207,7,208,19,222,193,155,3,76,148,124,153,47,198,132,172,17,227,118,184,9,249,44,154,52,135,131,66,45,38,220,164,96,234,18,82,241,87,246,186,212,109,235,58,167,77,100,56,137,48,31,114,104,122,21,182,51,86,166,181,106,8,26,116,27,210,105,213,103,43,176,115,61,157,5,129,
machine15:0,63,64,191,173,205,202,183,151,230,34,169,231,10,158,81,125,189,150,211,15,73,238,199,144,95,171,70,79,192,112,60,130,145,57,247,22,36,161,244,80,67,190,35,195,237,113,245,1,141,74,233,119,25,4,101,250,219,40,41,177,207,7,208,19,222,193,155,127,215,3,98,76,148,108,224,32,124,153,12,47,198,152,132,204,172,17,227,111,118,50,184,201,39,9,20,102,128,228,249,44,154,52,200,135,131,6,156,196,66,45,13,38,220,197,164,96,234,178,18,82,133,223,241,239,87,246,186,212,88,109,54,14,235,29,58,16,89,167,77,138,100,146,56,137,48,31,114,53,92,126,121,104,122,21,69,182,229,51,83,86,166,181,106,8,216,26,168,165,116,27,194,210,105,248,213,103,43,176,221,115,59,61,209,157,5,180,71,28,23,170,129,

1to 1:
1to 2:12,142,36,160,85,101,33,164,141,175,117,191,110,70,78,203,198,157,57,130,149,234,5,55,7,124,215,16,162,169,205,237,11,166,105,183,249,22,34,241,186,199,
1to 3:236,184,120,151,75,41,139,188,170,32,61,147,163,245,145,66,54,24,2,87,192,58,80,133,42,244,223,118,190,144,103,235,165,35,229,214,1,60,14,45,73,
1to 4:79,225,30,240,90,171,232,173,48,134,37,174,126,233,72,231,217,10,180,38,53,98,29,212,220,137,4,167,176,74,31,67,28,8,
1to 5:97,178,123,242,135,200,93,51,179,140,156,86,39,26,210,23,49,43,209,50,92,63,181,109,172,243,59,213,83,138,56,
1to 6:227,248,116,111,246,196,114,202,20,221,52,64,15,230,153,69,96,238,127,168,154,82,113,95,128,247,216,121,125,161,132,81,21,112,150,129,6,89,211,146,115,189,18,27,158,194,182,106,71,104,
2to 1:163,227,236,232,88,229,29,245,176,170,53,25,89,49,63,72,61,118,35,119,193,171,80,123,134,14,173,17,95,244,177,8,146,185,226,30,47,147,238,129,67,10,
2to 2:
2to 3:22,153,109,203,21,64,160,62,5,228,51,181,125,158,106,195,115,71,102,39,124,180,28,40,243,208,12,183,11,
2to 4:192,93,145,2,65,32,113,209,204,159,60,6,242,92,222,162,182,56,131,136,165,186,190,45,161,168,234,55,216,214,59,
2to 5:137,69,211,66,38,73,20,144,194,91,121,239,3,117,100,126,77,175,217,189,166,122,132,212,42,105,24,241,68,87,155,78,157,114,
2to 6:138,223,23,207,26,41,19,199,213,9,76,36,191,70,4,34,231,16,197,205,130,83,57,169,250,148,31,
3to 1:107,228,196,240,64,110,65,230,78,153,57,91,48,99,68,127,234,55,7,233,169,102,205,181,231,125,40,132,180,150,98,243,59,83,34,138,211,131,18,28,
3to 2:148,159,135,171,93,179,37,226,66,238,177,23,87,49,47,92,223,63,122,121,161,217,10,172,53,19,155,213,214,167,74,56,27,104,
3to 3:
3to 4:218,188,15,70,152,51,140,86,84,149,119,62,50,244,237,25,95,128,11,81,105,112,229,1,89,146,189,194,71,199,
3to 5:143,224,120,191,90,94,170,203,61,163,13,9,174,5,154,82,58,16,162,133,21,204,17,103,208,235,29,88,129,220,249,4,14,115,158,182,106,8,
3to 6:12,151,44,145,39,195,54,210,126,192,215,80,43,108,239,166,144,109,38,77,183,165,212,176,60,73,186,
4to 1:206,219,85,46,120,151,242,202,218,117,197,15,32,70,136,222,152,179,140,157,156,86,250,149,62,168,23,2,192,82,16,209,42,92,108,161,190,144,204,112,235,165,249,213,56,115,27,158,
4to 2:147,153,163,119,233,43,100,102,25,181,118,128,247,231,125,40,81,38,17,98,137,1,89,18,106,
4to 3:221,65,78,13,134,96,26,174,126,162,47,113,72,122,216,172,29,129,19,220,176,83,34,67,211,241,8,
4to 4:
4to 5:201,101,246,33,159,139,207,232,99,84,37,234,55,7,169,180,150,35,229,214,6,31,131,28,104,
4to 6:79,171,173,198,51,48,177,58,237,10,105,103,53,208,88,155,22,167,74,14,45,
5to 1:143,248,187,224,101,246,33,164,159,221,52,139,188,191,90,94,3,84,24,154,215,113,100,247,122,11,217,239,81,183,208,212,1,4,74,60,45,189,73,194,186,199,
5to 2:76,207,136,173,51,140,156,134,250,39,9,195,174,54,82,80,133,216,109,235,88,35,59,138,182,71,
5to 3:97,196,135,20,218,110,15,93,230,232,179,91,99,69,37,226,149,68,119,23,7,169,50,205,237,25,132,38,77,112,150,98,137,213,6,31,146,131,27,104,
5to 4:46,175,197,96,26,210,49,58,43,42,102,108,223,118,144,21,17,103,243,19,155,22,34,14,211,158,
5to 5:
5to 6:201,228,141,200,170,32,61,13,157,86,245,87,124,209,92,204,172,229,220,249,56,241,28,8,
6to 1:178,184,201,44,141,148,135,41,76,207,198,13,66,26,9,195,210,5,124,133,43,50,237,166,105,77,19,137,155,22,31,
6to 2:228,114,20,200,193,32,3,222,245,69,145,127,126,58,244,113,190,239,180,21,204,103,112,150,208,29,212,220,6,60,67,115,131,
6to 3:224,111,202,52,152,130,177,234,82,233,16,209,63,95,128,121,81,17,88,59,4,167,74,189,194,182,199,
6to 4:219,36,101,221,156,250,238,87,7,154,80,47,100,181,247,122,40,132,109,183,172,235,35,129,249,83,138,18,73,241,106,104,
6to 5:164,197,48,96,54,119,168,215,102,108,223,25,118,216,53,98,165,1,176,89,45,146,27,186,71,
6to 6:

cell1:2,5,3,6,4,
cell2:1,4,5,3,6,
cell3:1,6,5,2,4,
cell4:1,5,6,3,2,
cell5:1,3,2,6,4,
cell6:1,2,3,4,5,
