machine1:0,156,70,149,214,101,107,217,139,177,89,3,88,67,114,18,17,28,27,32,6,175,72,153,160,98,99,131,119,194,55,102,106,40,142,124,206,191,209,45,216,23,112,83,66,170,52,15,13,43,69,94,165,58,171,211,97,172,203,111,51,173,161,174,127,73,120,85,109,113,190,24,4,195,185,62,164,104,1,2,31,130,183,121,166,151,145,118,35,158,42,93,186,86,14,39,188,192,20,74,193,152,41,140,178,65,80,47,146,189,134,176,100,200,84,201,77,138,218,204,163,154,144,92,5,38,205,135,141,36,95,54,199,136,155,169,184,207,137,213,
machine2:0,125,150,87,156,70,149,214,101,122,126,107,217,179,159,139,79,177,68,89,3,88,117,67,114,18,17,75,28,27,32,197,96,6,175,7,72,153,160,30,98,22,99,131,119,50,46,194,55,82,212,102,106,40,76,142,124,44,206,90,26,191,209,45,37,216,23,129,112,83,180,63,66,170,52,202,187,15,13,43,115,69,94,165,143,219,58,171,211,97,167,49,172,203,111,51,173,161,174,127,162,64,198,157,73,81,148,120,85,109,113,53,110,168,105,190,19,108,24,4,195,185,62,164,104,123,1,210,2,60,147,31,130,183,57,121,10,166,208,151,145,71,48,181,78,128,118,35,158,42,93,59,186,86,14,11,39,25,16,188,192,20,74,215,193,152,41,140,8,178,65,80,47,146,189,134,176,100,34,200,84,61,12,116,201,9,77,103,138,218,204,163,154,91,29,144,182,92,196,5,133,38,205,56,135,141,21,36,95,132,54,199,136,155,33,169,184,207,137,220,213,
machine3:0,87,156,70,214,126,159,89,88,67,30,99,46,194,55,212,102,106,142,206,90,26,45,37,112,83,180,63,170,52,202,13,43,115,69,94,143,219,58,172,51,173,162,198,73,120,85,109,53,168,108,24,4,195,185,164,104,1,210,2,183,57,10,166,208,71,48,181,78,128,35,158,93,186,86,14,25,16,192,20,74,41,8,178,47,189,134,84,61,12,77,103,138,218,204,163,154,91,92,196,5,38,141,132,54,199,136,155,184,207,220,
machine4:0,87,156,70,149,214,126,107,217,179,159,139,177,68,89,3,88,117,67,114,18,197,7,72,153,30,98,99,119,46,194,55,212,102,106,76,142,124,44,206,90,26,45,37,23,129,112,83,180,63,170,52,202,15,13,43,115,69,94,143,219,58,211,97,49,172,111,51,173,162,64,198,73,148,120,85,109,113,53,168,105,19,108,24,4,195,185,62,164,104,123,1,210,2,147,31,130,183,57,121,10,166,208,151,145,71,48,181,78,128,118,35,158,93,186,86,14,39,25,16,192,20,74,215,193,41,140,8,178,65,80,47,189,134,176,100,34,84,61,12,116,201,9,77,103,138,218,204,163,154,91,144,182,92,196,5,133,38,205,56,135,141,21,95,132,54,199,136,155,169,184,207,137,220,
machine5:0,125,150,87,156,70,101,122,217,159,88,117,67,18,27,175,7,160,98,99,131,46,194,82,106,40,76,44,206,90,191,45,37,216,112,83,63,170,202,187,15,43,143,171,111,173,127,162,198,157,73,85,168,4,62,210,2,60,31,183,121,10,151,48,78,128,118,158,16,74,65,80,146,134,176,100,84,61,12,201,103,218,154,91,182,92,38,169,207,137,213,
machine6:0,125,150,87,156,70,149,214,101,122,217,179,159,79,177,68,89,3,88,117,67,18,75,27,32,96,175,7,153,160,30,98,22,99,131,119,46,194,55,82,212,102,106,40,76,142,124,44,206,90,191,45,37,216,112,83,180,63,66,170,202,187,15,13,43,165,143,171,211,49,172,111,51,173,174,127,162,64,198,157,73,81,148,85,109,53,168,19,24,4,195,185,62,164,104,123,1,210,2,60,147,31,130,183,121,10,151,145,48,181,78,128,118,158,86,11,39,16,188,20,74,215,193,152,140,8,65,80,47,146,134,176,100,84,61,12,116,201,77,103,138,218,154,91,144,182,92,196,5,38,135,141,21,36,95,199,155,33,169,184,207,137,213,
machine7:0,156,89,3,17,96,175,7,160,50,55,82,106,40,142,191,209,129,180,202,187,13,69,94,165,143,219,171,211,97,167,49,51,173,161,127,162,198,157,81,85,109,113,110,105,19,24,195,185,62,164,1,31,183,57,121,208,151,71,48,181,78,128,118,42,93,59,186,86,14,11,25,192,20,215,193,152,41,178,47,176,100,34,116,201,9,103,138,218,204,163,154,91,182,38,141,95,54,199,136,155,33,137,220,
machine8:0,125,150,87,156,70,214,122,126,107,217,179,159,139,79,89,3,114,17,75,28,197,96,6,175,7,160,22,119,50,194,55,82,102,106,40,76,142,124,44,206,90,191,209,45,216,129,112,180,63,170,52,202,187,15,13,43,69,94,165,143,219,171,211,97,167,49,172,203,111,51,173,161,127,162,64,198,157,73,81,120,85,109,113,53,110,168,105,190,19,108,24,195,185,62,164,104,123,1,210,60,31,130,183,57,121,208,151,145,71,48,181,78,128,118,158,42,93,59,186,86,14,11,25,16,188,192,20,215,193,152,41,178,80,47,189,134,176,100,34,116,201,9,103,138,218,204,163,154,91,29,182,92,5,133,38,141,21,95,54,199,136,155,33,169,184,137,220,213,
machine9:0,125,150,87,156,70,149,101,139,79,177,68,89,3,88,17,75,28,27,32,197,6,175,72,160,30,22,99,119,50,82,142,124,44,206,90,26,45,23,112,83,66,170,202,13,43,115,94,143,219,58,171,211,97,167,203,111,161,174,127,64,157,73,81,148,120,85,109,113,53,110,168,190,19,108,24,4,195,185,62,164,104,123,1,210,2,60,147,31,130,183,57,10,166,208,151,145,71,48,78,118,35,158,42,93,59,86,14,11,39,25,16,188,192,74,215,193,152,41,140,8,178,65,80,47,146,189,134,176,100,200,84,61,12,116,201,9,103,138,218,204,163,154,91,29,144,182,92,196,5,133,38,205,56,135,141,21,36,95,132,54,199,136,155,33,169,184,207,137,220,213,
machine10:0,125,87,156,70,149,101,139,79,177,68,89,75,28,32,197,175,72,160,30,99,50,142,124,44,206,90,26,45,112,66,202,13,43,115,94,143,219,171,211,97,167,203,111,161,174,127,64,157,73,81,120,85,109,113,110,168,19,108,24,4,195,185,62,164,104,1,210,2,60,147,31,130,183,57,10,166,208,145,71,48,78,118,35,158,42,93,86,11,39,25,16,74,215,193,152,41,8,178,65,80,47,146,189,134,176,100,200,84,61,12,201,9,103,138,163,154,91,29,92,5,133,38,56,135,141,21,36,95,132,54,199,136,155,169,184,207,137,220,213,
machine11:0,125,150,87,156,70,149,101,122,126,107,179,159,139,79,177,68,89,3,88,117,114,18,17,75,28,27,32,197,96,6,175,7,72,153,160,30,98,22,99,131,119,50,46,55,82,212,142,124,44,206,90,26,209,45,216,23,129,112,83,63,66,170,202,187,15,13,43,115,69,94,165,143,219,58,171,211,97,167,172,203,111,173,161,174,127,162,64,198,157,73,81,148,120,85,109,113,53,110,168,105,190,19,108,24,4,195,185,62,164,104,123,1,210,2,60,147,31,130,183,57,10,166,208,151,145,71,48,78,128,118,35,158,42,93,59,186,86,14,11,39,25,16,188,192,20,74,215,193,152,41,140,8,178,65,80,47,146,189,134,176,100,34,200,84,61,12,116,201,9,103,138,218,204,163,154,91,29,144,182,92,196,5,133,38,205,56,135,141,21,36,95,132,54,199,136,155,33,169,184,207,137,220,213,
machine12:0,87,149,139,79,177,32,30,50,142,124,44,206,90,26,112,66,202,13,43,219,171,97,167,174,157,73,113,110,168,108,24,4,195,164,1,210,31,130,48,78,118,158,86,11,39,16,74,215,193,152,178,65,80,189,84,201,9,103,163,92,5,135,21,36,95,54,136,155,169,184,207,137,213,

1to 1:
1to 2:116,18,46,35,26,137,21,154,106,92,130,102,24,135,118,198,71,94,172,14,121,140,78,68,114,10,65,192,148,72,77,52,86,158,149,
1to 3:146,123,214,83,207,169,55,141,206,40,155,8,176,76,187,111,15,171,45,36,125,150,156,44,142,152,215,33,62,181,91,101,5,138,184,193,2,47,147,157,194,
1to 4:139,202,51,70,85,129,109,64,69,124,100,49,81,43,217,128,1,103,168,16,122,182,9,25,151,108,201,161,20,112,213,210,195,197,189,
1to 5:56,178,220,113,53,95,4,73,196,93,205,39,173,174,186,166,12,144,34,133,153,179,57,29,54,60,132,136,63,84,183,218,204,163,74,134,212,41,87,199,42,131,107,216,59,11,159,164,
2to 1:123,99,163,19,56,37,43,97,112,89,145,69,159,139,197,212,133,64,108,155,136,58,57,201,214,70,168,5,129,23,44,25,144,151,54,134,9,109,177,88,34,1,166,178,90,41,4,8,132,176,84,76,83,
2to 2:
2to 3:118,67,87,100,104,92,154,158,128,12,13,3,53,211,143,7,74,119,199,153,16,195,98,106,18,173,
2to 4:219,179,170,180,198,14,185,45,91,192,48,164,86,71,121,142,52,184,102,62,120,78,105,38,186,93,126,204,55,116,95,218,181,194,
2to 5:115,31,30,172,210,189,135,148,103,124,156,207,130,2,140,35,215,206,117,137,65,162,47,61,208,182,21,80,15,
3to 1:174,191,67,148,77,27,180,96,131,198,66,116,68,49,196,153,32,121,12,179,82,60,217,10,213,65,30,124,149,127,74,183,130,86,78,202,143,103,20,63,182,95,185,13,85,
3to 2:37,177,117,159,207,51,99,134,88,147,39,112,164,80,201,61,218,1,62,111,73,90,170,
3to 3:
3to 4:123,211,187,21,11,75,216,214,165,188,79,19,157,76,138,31,137,87,206,3,125,15,162,47,89,176,193,199,158,
3to 5:18,22,36,146,98,33,104,46,64,7,119,152,145,8,118,175,128,151,169,141,160,48,154,5,24,38,91,92,155,184,16,168,
4to 1:29,209,114,190,42,194,181,106,33,21,28,11,110,40,208,6,53,7,107,50,175,113,137,120,141,160,3,220,219,48,24,199,170,156,
4to 2:133,97,104,49,173,119,19,217,215,145,41,169,31,183,189,100,210,195,162,202,47,20,63,182,13,85,
4to 3:191,22,81,180,172,159,102,51,134,127,80,38,73,185,70,109,43,
4to 4:
4to 5:203,123,167,122,161,96,211,187,150,126,17,116,105,108,75,171,165,188,9,82,79,44,213,138,45,201,142,192,86,94,55,78,1,143,62,111,89,176,90,193,
5to 1:203,167,200,22,81,98,115,211,14,104,150,117,72,126,17,105,75,171,46,26,165,188,101,119,79,157,71,215,2,147,128,31,80,45,206,61,100,125,15,142,195,94,55,162,111,38,16,158,
5to 2:205,129,69,58,23,204,83,196,139,64,53,93,197,107,186,179,25,44,151,113,138,87,120,141,3,220,143,219,48,89,91,193,95,184,185,70,109,168,43,
5to 3:122,27,212,96,198,66,144,177,68,135,216,32,140,82,19,99,4,10,88,39,30,112,124,149,164,210,218,202,103,20,84,90,170,85,
5to 4:209,114,190,59,172,97,34,28,110,57,208,6,173,7,50,60,152,145,163,118,175,178,169,127,183,136,160,130,54,154,5,24,63,92,73,155,156,13,
5to 5:

cell1:2,5,4,3,
cell2:1,5,3,4,
cell3:1,4,2,5,
cell4:1,5,3,2,
cell5:1,3,4,2,
