machine1:0,74,24,54,84,86,89,96,75,25,104,53,23,85,118,47,115,65,15,97,50,45,90,51,11,66,41,18,87,29,105,117,103,28,21,17,16,98,71,38,61,12,9,59,48,37,43,67,2,109,92,44,57,73,49,76,93,72,63,20,78,102,1,13,108,60,10,40,116,88,31,69,30,112,111,91,19,
machine2:0,74,95,24,54,120,84,86,14,62,89,96,75,25,104,35,53,23,85,26,34,118,33,47,8,107,70,115,94,100,65,15,97,55,50,45,90,51,64,22,11,66,119,7,41,18,87,29,56,105,81,117,103,28,21,17,16,98,71,38,61,12,9,59,3,48,27,37,43,67,2,109,92,44,114,77,99,57,73,49,76,68,93,72,63,20,78,102,101,1,113,13,58,52,108,46,60,83,10,82,40,116,106,88,31,6,36,69,39,30,112,5,111,91,19,42,79,32,110,4,80,
machine3:0,74,54,120,84,86,62,85,118,33,70,94,100,65,97,45,51,64,22,41,87,103,21,71,38,12,3,48,27,43,67,2,109,92,44,77,99,57,73,93,72,63,20,78,102,101,1,113,13,108,116,39,112,5,91,32,4,80,
machine4:0,74,95,24,54,120,84,86,14,62,35,53,85,26,118,33,47,8,107,70,94,100,65,15,97,55,50,45,90,51,64,22,66,119,41,87,56,105,81,117,103,21,17,16,98,71,38,12,3,48,27,37,43,67,2,109,92,44,114,77,99,57,73,49,76,93,72,63,20,78,102,101,1,113,13,58,108,83,10,116,106,88,31,6,36,69,39,112,5,111,91,42,32,110,4,80,
machine5:0,74,95,24,54,84,86,14,62,89,96,25,104,53,85,34,118,33,47,8,70,115,94,100,97,55,50,45,90,51,64,22,11,66,119,7,41,18,87,56,81,103,28,21,16,71,38,61,12,9,59,3,48,37,43,67,2,109,92,44,114,77,99,57,73,49,68,93,63,78,102,1,113,13,58,52,108,46,60,83,10,82,40,116,106,88,31,6,36,69,39,30,112,5,111,91,19,42,79,32,110,4,80,
machine6:0,74,95,24,54,84,86,62,89,25,104,85,118,47,8,70,94,100,50,45,90,51,7,41,81,103,21,16,71,38,61,12,9,3,48,43,92,114,99,57,73,49,68,93,78,1,113,13,58,52,108,46,60,83,10,82,40,116,106,88,31,6,36,69,39,30,112,5,111,91,19,42,79,32,110,4,80,
machine7:0,95,24,54,86,89,25,85,118,47,8,94,90,7,38,61,43,99,57,68,93,78,1,113,13,58,52,108,46,83,106,88,31,36,39,30,112,111,91,
machine8:0,74,95,24,54,120,84,86,14,62,89,96,75,25,104,35,53,23,85,26,118,47,8,107,70,115,94,100,65,55,64,11,18,87,56,103,28,16,98,38,61,12,48,27,109,92,73,20,1,82,106,31,39,5,32,110,4,80,
machine9:0,74,95,24,54,120,84,86,14,62,89,96,75,25,104,35,53,23,85,26,118,47,8,107,70,115,94,100,65,15,97,55,45,90,64,22,11,119,18,87,56,105,81,117,103,28,21,17,16,98,71,38,61,12,9,3,48,27,37,43,67,2,109,92,44,114,57,73,76,68,93,63,20,78,102,101,1,113,13,58,46,10,82,106,88,31,36,69,39,30,112,5,111,19,42,79,32,110,4,80,
machine10:0,74,95,24,54,120,84,86,14,62,89,75,25,104,35,53,23,85,26,34,118,33,47,107,70,115,94,100,65,15,97,55,50,45,90,51,64,11,66,119,7,41,18,87,29,105,81,117,103,28,21,17,16,98,71,38,61,9,59,3,48,27,43,2,109,92,44,77,99,73,76,68,93,72,63,20,78,101,1,113,13,52,108,46,60,83,10,82,40,116,106,88,31,6,36,69,30,112,5,111,91,19,42,79,110,4,80,
machine11:0,74,95,24,120,84,86,14,62,89,75,104,35,85,26,34,118,33,47,70,100,65,15,97,55,50,45,90,11,66,119,7,41,87,29,81,103,17,16,38,9,59,3,48,43,2,109,92,44,99,73,72,20,78,101,1,113,13,60,83,10,82,40,31,30,112,5,111,91,19,42,79,4,80,
machine12:0,95,24,120,14,62,89,104,35,26,34,70,100,65,15,97,55,45,90,11,66,119,7,41,87,29,103,16,9,48,43,2,109,92,44,99,73,78,101,13,60,83,31,112,5,91,19,79,4,80,

1to 1:
1to 2:37,96,69,22,7,81,77,106,36,64,33,19,75,115,34,60,66,82,53,42,116,39,50,46,14,112,108,12,32,110,55,26,100,25,6,41,120,21,2,87,44,88,65,45,111,118,31,4,89,62,5,90,73,95,74,16,92,80,94,109,86,54,70,84,85,
1to 3:67,114,23,81,35,104,27,105,59,53,42,11,97,50,107,79,112,108,17,30,110,15,100,41,120,21,71,76,45,93,111,101,10,118,119,48,4,24,3,113,91,103,62,5,90,20,47,74,63,94,54,78,70,84,
2to 1:37,18,56,96,67,114,58,104,49,102,64,40,53,11,50,14,108,12,99,41,71,93,61,118,31,48,3,113,103,62,90,74,63,38,1,94,13,78,70,84,
2to 2:
2to 3:18,56,96,7,23,81,35,104,77,106,98,28,27,64,33,52,75,115,60,66,68,82,53,116,39,11,107,46,57,51,14,12,32,110,83,55,26,100,25,6,120,21,2,87,44,88,65,45,61,10,118,31,48,9,4,24,89,8,103,62,5,20,73,47,95,74,16,92,80,38,1,94,109,86,54,43,70,84,85,
3to 1:66,117,37,119,48,73,78,100,83,92,14,98,22,21,97,80,67,29,39,64,81,16,8,107,19,112,10,9,87,86,57,118,101,69,20,28,68,52,32,45,74,103,43,110,3,36,47,54,26,27,70,105,120,44,51,42,111,75,72,77,34,113,94,17,85,93,88,5,2,6,4,109,
3to 2:103,10,56,48,85,11,89,53,62,97,115,30,5,104,79,102,82,107,71,35,59,43,91,63,84,3,23,80,13,61,58,106,38,31,1,47,119,28,40,12,18,95,24,99,109,
3to 3:

cell1:2,3,
cell2:1,3,
cell3:2,1,
