machine1:0,50,90,15,118,10,45,65,41,11,66,92,109,60,73,30,89,85,2,74,20,86,78,104,43,97,51,9,59,115,87,53,29,16,23,105,96,103,117,28,21,75,17,98,71,38,18,12,61,48,37,49,67,44,108,57,47,76,93,72,63,102,25,1,24,13,31,84,40,116,54,88,91,69,112,111,19,
machine2:0,50,33,90,15,118,100,10,70,45,82,7,65,41,55,11,95,66,92,109,62,34,60,73,30,89,85,2,74,20,86,78,104,43,97,120,35,51,22,9,119,59,115,87,81,53,29,16,23,105,96,103,56,117,28,21,75,17,98,71,38,18,12,61,3,48,27,107,64,37,49,67,44,14,108,77,99,57,47,76,94,68,93,72,52,63,26,113,102,46,101,114,25,1,24,13,31,8,58,84,83,40,116,54,6,88,106,91,36,69,39,112,79,111,19,42,32,110,4,5,80,
machine3:0,33,118,100,70,45,65,41,92,109,62,73,85,2,74,20,86,78,43,97,120,51,22,87,103,21,71,38,12,3,48,27,64,67,44,108,77,99,57,94,93,72,63,113,102,101,1,13,84,116,54,91,39,112,32,4,5,80,
machine4:0,50,33,90,15,118,100,10,70,45,65,41,55,95,66,92,109,62,73,85,2,74,20,86,78,43,97,120,35,51,22,119,87,81,53,16,105,103,56,117,21,17,98,71,38,12,3,48,27,107,64,37,49,67,44,14,108,77,99,57,47,76,94,93,72,63,26,113,102,101,114,1,24,13,31,8,58,84,83,116,54,6,88,106,91,36,69,39,112,111,42,32,110,4,5,80,
machine5:0,50,33,90,118,100,10,70,45,82,7,41,55,11,95,66,92,109,62,34,60,73,30,89,85,2,74,86,78,104,43,97,51,22,9,119,59,115,87,81,53,16,96,103,56,28,21,71,38,18,12,61,3,48,64,37,49,67,44,14,108,77,99,57,47,94,68,93,52,63,113,102,46,114,25,1,24,13,31,8,58,84,83,40,116,54,6,88,106,91,36,69,39,112,79,111,19,42,32,110,4,5,80,
machine6:0,50,90,118,100,10,70,45,82,7,41,95,92,62,60,73,30,89,85,74,86,78,104,43,51,9,81,16,103,21,71,38,12,61,3,48,49,108,99,57,47,94,68,93,52,113,46,114,25,1,24,13,31,8,58,84,83,40,116,54,6,88,106,91,36,69,39,112,79,111,19,42,32,110,4,5,80,
machine7:0,90,118,7,95,30,89,85,86,78,43,38,61,108,99,57,47,94,68,93,52,113,46,25,1,24,13,31,8,58,83,54,88,106,91,36,39,112,111,
machine8:0,118,100,70,82,65,55,11,95,92,109,62,73,89,85,74,20,86,104,120,35,115,87,53,16,23,96,103,56,28,75,98,38,18,12,61,48,27,107,64,14,47,94,26,25,1,24,31,8,84,54,106,39,32,110,4,5,80,
machine9:0,90,15,118,100,10,70,45,82,65,55,11,95,92,109,62,73,30,89,85,2,74,20,86,78,104,43,97,120,35,22,9,119,115,87,81,53,16,23,105,96,103,56,117,28,21,75,17,98,71,38,18,12,61,3,48,27,107,64,37,67,44,14,57,47,76,94,68,93,63,26,113,102,46,101,114,25,1,24,13,31,8,58,84,54,88,106,36,69,39,112,79,111,19,42,32,110,4,5,80,
machine10:0,50,33,90,15,118,100,10,70,45,82,7,65,41,55,11,95,66,92,109,62,34,60,73,30,89,85,2,74,20,86,78,104,43,97,120,35,51,9,119,59,115,87,81,53,29,16,23,105,103,117,28,21,75,17,98,71,38,18,61,3,48,27,107,64,44,14,108,77,99,47,76,94,68,93,72,52,63,26,113,46,101,25,1,24,13,31,84,83,40,116,54,6,88,106,91,36,69,112,79,111,19,42,110,4,5,80,
machine11:0,50,33,90,15,118,100,10,70,45,82,7,65,41,55,11,95,66,92,109,62,34,60,73,30,89,85,2,74,20,86,78,104,43,97,120,35,9,119,59,87,81,29,16,103,75,17,38,3,48,44,14,99,47,72,26,113,101,1,24,13,31,84,83,40,91,112,79,111,19,42,4,5,80,
machine12:0,90,15,100,70,45,7,65,41,55,11,95,66,92,109,62,34,60,73,89,2,78,104,43,97,120,35,9,119,87,29,16,103,48,44,14,99,26,101,24,13,31,83,91,112,79,19,4,5,80,

1to 1:
1to 2:37,96,69,22,7,81,77,106,36,64,33,19,75,115,34,60,66,82,53,42,116,39,50,46,14,112,108,12,32,110,55,26,100,25,6,41,120,21,2,87,44,88,65,45,111,118,31,4,89,62,5,90,73,95,74,16,92,80,94,109,86,54,70,84,85,
1to 3:67,114,23,81,35,104,27,105,59,53,42,11,97,50,107,79,112,108,17,30,110,15,100,41,120,21,71,76,45,93,111,101,10,118,119,48,4,24,3,113,91,103,62,5,90,20,47,74,63,94,54,78,70,84,
2to 1:37,18,56,96,67,114,58,104,49,102,64,40,53,11,50,14,108,12,99,41,71,93,61,118,31,48,3,113,103,62,90,74,63,38,1,94,13,78,70,84,
2to 2:
2to 3:18,56,96,7,23,81,35,104,77,106,98,28,27,64,33,52,75,115,60,66,68,82,53,116,39,11,107,46,57,51,14,12,32,110,83,55,26,100,25,6,120,21,2,87,44,88,65,45,61,10,118,31,48,9,4,24,89,8,103,62,5,20,73,47,95,74,16,92,80,38,1,94,109,86,54,43,70,84,85,
3to 1:66,117,37,119,48,73,78,100,83,92,14,98,22,21,97,80,67,29,39,64,81,16,8,107,19,112,10,9,87,86,57,118,101,69,20,28,68,52,32,45,74,103,43,110,3,36,47,54,26,27,70,105,120,44,51,42,111,75,72,77,34,113,94,17,85,93,88,5,2,6,4,109,
3to 2:103,10,56,48,85,11,89,53,62,97,115,30,5,104,79,102,82,107,71,35,59,43,91,63,84,3,23,80,13,61,58,106,38,31,1,47,119,28,40,12,18,95,24,99,109,
3to 3:

cell1:2,3,
cell2:1,3,
cell3:2,1,
