machine1:0,97,15,90,45,11,65,66,115,53,29,23,105,96,117,28,21,75,17,87,16,98,103,50,61,71,38,18,12,48,59,104,9,89,86,49,37,41,108,85,73,67,47,76,25,40,60,13,118,24,10,116,1,54,93,74,88,31,72,102,84,69,51,63,78,30,57,2,44,112,111,91,19,20,92,109,43,
machine2:0,34,97,15,90,45,70,55,7,11,65,66,119,100,33,115,53,29,23,56,105,96,117,28,21,75,17,87,16,98,103,50,61,81,71,38,18,12,48,59,3,104,9,89,86,49,35,37,107,41,108,85,62,95,14,73,120,67,47,76,58,68,52,26,114,25,27,40,8,22,83,46,60,13,118,24,113,10,82,116,1,54,93,74,88,106,6,31,64,77,101,72,36,102,84,69,39,51,63,78,30,57,2,99,44,112,111,94,91,19,20,42,92,109,43,79,110,32,4,5,80,
machine3:0,97,45,70,65,100,33,21,87,103,71,38,12,48,3,86,41,108,85,62,73,120,67,27,22,13,118,113,116,1,54,93,74,64,77,101,72,102,84,39,51,63,78,57,2,99,44,112,94,91,20,92,109,43,32,4,5,80,
machine4:0,97,15,90,45,70,55,65,66,119,100,33,53,56,105,117,21,17,87,16,98,103,50,81,71,38,12,48,3,86,49,35,37,107,41,108,85,62,95,14,73,120,67,47,76,58,26,114,27,8,22,83,13,118,24,113,10,116,1,54,93,74,88,106,6,31,64,77,101,72,36,102,84,69,39,51,63,78,57,2,99,44,112,111,94,91,20,42,92,109,43,110,32,4,5,80,
machine5:0,34,97,90,45,70,55,7,11,66,119,100,33,115,53,56,96,28,21,87,16,103,50,61,81,71,38,18,12,48,59,3,104,9,89,86,49,37,41,108,85,62,95,14,73,67,47,58,68,52,114,25,40,8,22,83,46,60,13,118,24,113,10,82,116,1,54,93,74,88,106,6,31,64,77,36,102,84,69,39,51,63,78,30,57,2,99,44,112,111,94,91,19,42,92,109,43,79,110,32,4,5,80,
machine6:0,90,45,70,7,100,21,16,103,50,61,81,71,38,12,48,3,104,9,89,86,49,41,108,85,62,95,73,47,58,68,52,114,25,40,8,83,46,60,13,118,24,113,10,82,116,1,54,93,74,88,106,6,31,36,84,69,39,51,78,30,57,99,112,111,94,91,19,42,92,43,79,110,32,4,5,80,
machine7:0,90,7,61,38,89,86,108,85,95,47,58,68,52,25,8,83,46,13,118,24,113,1,54,93,88,106,31,36,39,78,30,57,99,112,111,94,91,43,
machine8:0,70,55,11,65,100,115,53,23,56,96,28,75,87,16,98,103,61,38,18,12,48,104,89,86,35,107,85,62,95,14,73,120,47,26,25,27,8,118,24,82,1,54,74,106,31,64,84,39,94,20,92,109,110,32,4,5,80,
machine9:0,97,15,90,45,70,55,11,65,119,100,115,53,23,56,105,96,117,28,21,75,17,87,16,98,103,61,81,71,38,18,12,48,3,104,9,89,86,35,37,107,85,62,95,14,73,120,67,47,76,58,68,26,114,25,27,8,22,46,13,118,24,113,10,82,1,54,93,74,88,106,31,64,101,36,102,84,69,39,63,78,30,57,2,44,112,111,94,19,20,42,92,109,43,79,110,32,4,5,80,
machine10:0,34,97,15,90,45,70,55,7,11,65,66,119,100,33,115,53,29,23,105,117,28,21,75,17,87,16,98,103,50,61,81,71,38,18,48,59,3,104,9,89,86,35,107,41,108,85,62,95,14,73,120,47,76,68,52,26,25,27,40,83,46,60,13,118,24,113,10,82,116,1,54,93,74,88,106,6,31,64,77,101,72,36,84,69,51,63,78,30,2,99,44,112,111,94,91,19,20,42,92,109,43,79,110,4,5,80,
machine11:0,34,97,15,90,45,70,55,7,11,65,66,119,100,33,29,75,17,87,16,103,50,81,38,48,59,3,104,9,89,86,35,41,85,62,95,14,73,120,47,26,40,83,60,13,118,24,113,10,82,1,74,31,101,72,84,78,30,2,99,44,112,111,91,19,20,42,92,109,43,79,4,5,80,
machine12:0,34,97,15,90,45,70,55,7,11,65,66,119,100,29,87,16,103,48,104,9,89,35,41,62,95,14,73,120,26,83,60,13,24,31,101,78,2,99,44,112,91,19,92,109,43,79,4,5,80,

1to 1:
1to 2:37,96,69,22,7,81,77,106,36,64,33,19,75,115,34,60,66,82,53,42,116,39,50,46,14,112,108,12,32,110,55,26,100,25,6,41,120,21,2,87,44,88,65,45,111,118,31,4,89,62,5,90,73,95,74,16,92,80,94,109,86,54,70,84,85,
1to 3:67,114,23,81,35,104,27,105,59,53,42,11,97,50,107,79,112,108,17,30,110,15,100,41,120,21,71,76,45,93,111,101,10,118,119,48,4,24,3,113,91,103,62,5,90,20,47,74,63,94,54,78,70,84,
2to 1:37,18,56,96,67,114,58,104,49,102,64,40,53,11,50,14,108,12,99,41,71,93,61,118,31,48,3,113,103,62,90,74,63,38,1,94,13,78,70,84,
2to 2:
2to 3:18,56,96,7,23,81,35,104,77,106,98,28,27,64,33,52,75,115,60,66,68,82,53,116,39,11,107,46,57,51,14,12,32,110,83,55,26,100,25,6,120,21,2,87,44,88,65,45,61,10,118,31,48,9,4,24,89,8,103,62,5,20,73,47,95,74,16,92,80,38,1,94,109,86,54,43,70,84,85,
3to 1:37,29,69,67,22,81,117,72,77,98,36,28,27,64,105,19,52,75,34,66,68,42,39,97,107,57,51,14,112,17,32,110,83,26,100,6,120,21,2,87,44,88,45,93,111,101,10,118,119,48,9,4,3,113,8,103,5,20,73,47,74,16,92,80,94,109,86,54,78,43,70,85,
3to 2:18,56,23,58,35,104,102,106,28,115,40,82,59,53,11,97,107,79,30,12,99,71,61,10,119,31,48,24,3,89,91,103,62,5,47,95,80,63,38,1,109,13,43,84,85,
3to 3:

cell1:2,3,
cell2:1,3,
cell3:1,2,
