machine1:0,118,15,97,50,45,90,65,11,66,115,41,104,53,87,23,29,105,96,117,28,21,75,17,16,98,103,71,38,61,48,18,59,12,37,49,85,51,89,67,9,86,40,73,47,76,92,44,74,2,25,78,43,57,1,63,102,109,13,93,72,108,20,88,60,24,10,84,116,54,30,31,91,69,112,111,19,
machine2:0,34,33,118,15,97,100,70,50,45,90,55,65,11,7,66,22,119,115,41,104,53,87,23,29,56,105,96,117,28,21,75,17,16,98,103,71,38,81,61,48,18,59,12,3,35,37,49,85,51,62,95,89,67,9,86,107,52,40,14,64,27,73,47,120,68,76,92,26,44,74,2,25,78,43,114,57,99,1,63,101,94,102,77,8,109,58,13,93,72,108,46,113,39,20,88,60,83,24,10,82,84,116,54,36,30,106,31,91,6,69,112,111,19,42,79,32,110,4,5,80,
machine3:0,33,118,97,100,70,45,65,22,41,87,21,103,71,38,48,12,3,85,51,62,67,86,64,27,73,120,92,44,74,2,78,43,57,99,1,63,101,94,102,77,109,13,93,72,108,113,39,20,84,116,54,91,112,32,4,5,80,
machine4:0,33,118,15,97,100,70,50,45,90,55,65,66,22,119,41,53,87,56,105,117,21,17,16,98,103,71,38,81,48,12,3,35,37,49,85,51,62,95,67,86,107,14,64,27,73,47,120,76,92,26,44,74,2,78,43,114,57,99,1,63,101,94,102,77,8,109,58,13,93,72,108,113,39,20,88,83,24,10,84,116,54,36,106,31,91,6,69,112,111,42,32,110,4,5,80,
machine5:0,34,33,118,97,100,70,50,45,90,55,11,7,66,22,119,115,41,104,53,87,56,96,28,21,16,103,71,38,81,61,48,18,59,12,3,37,49,85,51,62,95,89,67,9,86,52,40,14,64,73,47,68,92,44,74,2,25,78,43,114,57,99,1,63,94,102,77,8,109,58,13,93,108,46,113,39,88,60,83,24,10,82,84,116,54,36,30,106,31,91,6,69,112,111,19,42,79,32,110,4,5,80,
machine6:0,118,100,70,50,45,90,7,41,104,21,16,103,71,38,81,61,48,12,3,49,85,51,62,95,89,9,86,52,40,73,47,68,92,74,25,78,43,114,57,99,1,94,8,58,13,93,108,46,113,39,88,60,83,24,10,82,84,116,54,36,30,106,31,91,6,69,112,111,19,42,79,32,110,4,5,80,
machine7:0,118,90,7,38,61,85,95,89,86,52,47,68,25,78,43,57,99,1,94,8,58,13,93,108,46,113,39,88,83,24,54,36,30,106,31,91,112,111,
machine8:0,118,100,70,55,65,11,115,104,53,87,23,56,96,28,75,16,98,103,38,61,48,18,12,35,85,62,95,89,86,107,14,64,27,73,47,120,92,26,74,25,1,94,8,109,39,20,24,82,84,54,106,31,32,110,4,5,80,
machine9:0,118,15,97,100,70,45,90,55,65,11,22,119,115,104,53,87,23,56,105,96,117,28,21,75,17,16,98,103,71,38,81,61,48,18,12,3,35,37,85,62,95,89,67,9,86,107,14,64,27,73,47,120,68,76,92,26,44,74,2,25,78,43,114,57,1,63,101,94,102,8,109,58,13,93,46,113,39,20,88,24,10,82,84,54,36,30,106,31,69,112,111,19,42,79,32,110,4,5,80,
machine10:0,34,33,118,15,97,100,70,50,45,90,55,65,11,7,66,119,115,41,104,53,87,23,29,105,117,28,21,75,17,16,98,103,71,38,81,61,48,18,59,3,35,85,51,62,95,89,9,86,107,52,40,14,64,27,73,47,120,68,76,92,26,44,74,2,25,78,43,99,1,63,101,94,77,109,13,93,72,108,46,113,20,88,60,83,24,10,82,84,116,54,36,30,106,31,91,6,69,112,111,19,42,79,110,4,5,80,
machine11:0,34,33,118,15,97,100,70,50,45,90,55,65,11,7,66,119,41,104,87,29,75,17,16,103,38,81,48,59,3,35,85,62,95,89,9,86,40,14,73,47,120,92,26,44,74,2,78,43,99,1,101,109,13,72,113,20,60,83,24,10,82,84,30,31,91,112,111,19,42,79,4,5,80,
machine12:0,34,15,97,100,70,45,90,55,65,11,7,66,119,41,104,87,29,16,103,48,35,62,95,89,9,14,73,120,92,26,44,2,78,43,99,101,109,13,60,83,24,31,91,112,19,79,4,5,80,

1to 1:
1to 2:37,96,69,22,7,81,77,106,36,64,33,19,75,115,34,60,66,82,53,42,116,39,50,46,14,112,108,12,32,110,55,26,100,25,6,41,120,21,2,87,44,88,65,45,111,118,31,4,89,62,5,90,73,95,74,16,92,80,94,109,86,54,70,84,85,
1to 3:67,114,23,81,35,104,27,105,59,53,42,11,97,50,107,79,112,108,17,30,110,15,100,41,120,21,71,76,45,93,111,101,10,118,119,48,4,24,3,113,91,103,62,5,90,20,47,74,63,94,54,78,70,84,
2to 1:37,18,56,96,67,114,58,104,49,102,64,40,53,11,50,14,108,12,99,41,71,93,61,118,31,48,3,113,103,62,90,74,63,38,1,94,13,78,70,84,
2to 2:
2to 3:18,56,96,7,23,81,35,104,77,106,98,28,27,64,33,52,75,115,60,66,68,82,53,116,39,11,107,46,57,51,14,12,32,110,83,55,26,100,25,6,120,21,2,87,44,88,65,45,61,10,118,31,48,9,4,24,89,8,103,62,5,20,73,47,95,74,16,92,80,38,1,94,109,86,54,43,70,84,85,
3to 1:66,117,37,119,48,73,78,100,83,92,14,98,22,21,97,80,67,29,39,64,81,16,8,107,19,112,10,9,87,86,57,118,101,69,20,28,68,52,32,45,74,103,43,110,3,36,47,54,26,27,70,105,120,44,51,42,111,75,72,77,34,113,94,17,85,93,88,5,2,6,4,109,
3to 2:103,10,56,48,85,11,89,53,62,97,115,30,5,104,79,102,82,107,71,35,59,43,91,63,84,3,23,80,13,61,58,106,38,31,1,47,119,28,40,12,18,95,24,99,109,
3to 3:

cell1:2,3,
cell2:1,3,
cell3:2,1,
