machine1:0,118,15,97,50,45,90,51,92,20,65,11,66,72,109,41,2,43,115,78,44,93,63,102,53,87,29,76,23,105,96,117,28,21,75,17,16,98,103,71,61,38,12,18,37,48,67,59,9,104,74,49,108,85,57,89,1,86,84,73,47,13,25,10,60,31,24,40,116,54,88,69,30,112,111,91,19,
machine2:0,34,33,118,100,15,97,70,22,50,45,119,90,51,55,92,20,65,11,66,72,99,7,109,41,2,43,77,115,64,78,44,120,14,93,63,101,102,53,87,83,26,29,76,107,23,114,56,105,96,117,28,21,75,17,16,98,103,71,61,38,81,12,18,27,37,48,67,3,35,59,113,9,94,104,74,49,108,85,57,89,1,62,95,86,84,58,73,8,47,68,13,25,52,10,46,6,60,31,24,82,40,116,54,88,106,36,39,69,30,112,111,91,19,42,79,32,110,5,80,4,
machine3:0,33,118,100,97,70,22,45,51,92,20,65,72,99,109,41,2,43,77,64,78,44,120,93,63,101,102,87,21,103,71,38,12,27,48,67,3,113,94,74,108,85,57,1,62,86,84,73,13,116,54,39,112,91,32,5,80,4,
machine4:0,33,118,100,15,97,70,22,50,45,119,90,51,55,92,20,65,66,72,99,109,41,2,43,77,64,78,44,120,14,93,63,101,102,53,87,83,26,76,107,114,56,105,117,21,17,16,98,103,71,38,81,12,27,37,48,67,3,35,113,94,74,49,108,85,57,1,62,95,86,84,58,73,8,47,13,10,6,31,24,116,54,88,106,36,39,69,112,111,91,42,32,110,5,80,4,
machine5:0,34,33,118,100,97,70,22,50,45,119,90,51,55,92,11,66,99,7,109,41,2,43,77,115,64,78,44,14,93,63,102,53,87,83,114,56,96,28,21,16,103,71,61,38,81,12,18,37,48,67,3,59,113,9,94,104,74,49,108,85,57,89,1,62,95,86,84,58,73,8,47,68,13,25,52,10,46,6,60,31,24,82,40,116,54,88,106,36,39,69,30,112,111,91,19,42,79,32,110,5,80,4,
machine6:0,118,100,70,50,45,90,51,92,99,7,41,43,78,93,83,114,21,16,103,71,61,38,81,12,48,3,113,9,94,104,74,49,108,85,57,89,1,62,95,86,84,58,73,8,47,68,13,25,52,10,46,6,60,31,24,82,40,116,54,88,106,36,39,69,30,112,111,91,19,42,79,32,110,5,80,4,
machine7:0,118,90,99,7,43,78,93,83,61,38,113,94,108,85,57,89,1,95,86,58,8,47,68,13,25,52,46,31,24,54,88,106,36,39,30,112,111,91,
machine8:0,118,100,70,55,92,20,65,11,109,115,64,120,14,53,87,26,107,23,56,96,28,75,16,98,103,61,38,12,18,27,48,35,94,104,74,85,89,1,62,95,86,84,73,8,47,25,31,24,82,54,106,39,32,110,5,80,4,
machine9:0,118,100,15,97,70,22,45,119,90,55,92,20,65,11,109,2,43,115,64,78,44,120,14,93,63,101,102,53,87,26,76,107,23,114,56,105,96,117,28,21,75,17,16,98,103,71,61,38,81,12,18,27,37,48,67,3,35,113,9,94,104,74,85,57,89,1,62,95,86,84,58,73,8,47,68,13,25,10,46,31,24,82,54,88,106,36,39,69,30,112,111,19,42,79,32,110,5,80,4,
machine10:0,34,33,118,100,15,97,70,50,45,119,90,51,55,92,20,65,11,66,72,99,7,109,41,2,43,77,115,64,78,44,120,14,93,63,101,53,87,83,26,29,76,107,23,105,117,28,21,75,17,16,98,103,71,61,38,81,18,27,48,3,35,59,113,9,94,104,74,108,85,89,1,62,95,86,84,73,47,68,13,25,52,10,46,6,60,31,24,82,40,116,54,88,106,36,69,30,112,111,91,19,42,79,110,5,80,4,
machine11:0,34,33,118,100,15,97,70,50,45,119,90,55,92,20,65,11,66,72,99,7,109,41,2,43,78,44,120,14,101,87,83,26,29,75,17,16,103,38,81,48,3,35,59,113,9,104,74,85,89,1,62,95,86,84,73,47,13,10,60,31,24,82,40,30,112,111,91,19,42,79,5,80,4,
machine12:0,34,100,15,97,70,45,119,90,55,92,65,11,66,99,7,109,41,2,43,78,44,120,14,101,87,83,26,29,16,103,48,35,9,104,89,62,95,73,13,60,31,24,112,91,19,79,5,80,4,

1to 1:
1to 2:81,50,96,115,34,53,112,86,69,92,118,66,77,106,54,45,110,108,36,44,14,75,4,5,37,87,60,19,41,73,21,12,16,109,2,111,26,116,120,25,88,100,80,84,82,31,65,94,7,46,22,33,62,95,90,42,70,39,64,74,55,89,32,6,85,
1to 3:90,70,74,97,11,100,10,35,30,112,110,4,91,50,21,48,108,59,67,93,118,120,17,104,47,53,113,3,71,105,15,42,114,101,111,78,41,24,54,62,45,103,81,94,119,27,20,76,63,23,79,5,84,107,
2to 1:37,18,56,96,67,114,58,104,49,102,64,40,53,11,50,14,108,12,99,41,71,93,61,118,31,48,3,113,103,62,90,74,63,38,1,94,13,78,70,84,
2to 2:
2to 3:18,56,96,7,23,81,35,104,77,106,98,28,27,64,33,52,75,115,60,66,68,82,53,116,39,11,107,46,57,51,14,12,32,110,83,55,26,100,25,6,120,21,2,87,44,88,65,45,61,10,118,31,48,9,4,24,89,8,103,62,5,20,73,47,95,74,16,92,80,38,1,94,109,86,54,43,70,84,85,
3to 1:66,117,37,119,48,73,78,100,83,92,14,98,22,21,97,80,67,29,39,64,81,16,8,107,19,112,10,9,87,86,57,118,101,69,20,28,68,52,32,45,74,103,43,3,36,47,54,26,27,70,105,120,44,51,42,111,110,75,72,77,34,113,94,17,85,93,88,5,2,6,4,109,
3to 2:103,10,56,48,85,11,89,53,62,97,115,30,5,104,79,102,82,107,71,35,59,43,91,63,84,3,23,80,13,61,58,106,38,31,1,47,119,28,40,12,18,95,24,99,109,
3to 3:

cell1:2,3,
cell2:1,3,
cell3:2,1,
