machine1:0,69,15,8,5,51,29,16,113,68,72,63,61,38,32,9,99,37,98,97,116,93,44,55,106,58,76,25,80,83,30,3,59,23,10,20,108,60,86,90,81,52,78,50,71,27,119,46,47,67,120,11,109,89,57,18,62,17,12,103,88,21,64,1,
machine2:0,69,15,8,5,117,113,68,94,101,72,105,14,99,37,112,100,87,116,107,106,58,65,25,56,42,7,3,59,20,108,35,52,53,77,78,50,70,31,2,46,28,36,6,47,120,11,109,24,57,18,17,12,88,21,64,33,22,1,26,
machine3:0,66,39,85,111,113,101,9,48,93,13,114,110,41,76,45,30,3,59,10,20,108,60,86,54,81,74,91,78,40,31,27,19,4,67,24,89,18,17,104,103,88,33,118,79,82,
machine4:0,69,39,73,115,111,113,96,61,99,37,75,112,92,87,116,44,107,114,110,65,25,34,102,45,7,3,10,60,86,90,35,53,91,78,43,27,4,119,2,36,6,67,11,109,24,89,57,62,17,104,88,64,33,118,1,79,82,
machine5:0,66,69,84,51,29,16,85,113,68,94,101,72,105,63,61,32,75,48,92,97,107,114,106,41,65,76,56,80,102,45,83,3,59,20,60,86,54,90,52,53,77,31,71,27,19,2,46,28,6,67,109,24,89,57,18,62,17,103,88,21,64,33,118,1,26,82,
machine6:0,69,15,49,73,16,115,113,68,94,96,101,105,61,32,14,48,98,92,87,97,44,110,55,106,25,102,45,83,30,42,3,59,108,60,86,54,35,53,91,50,70,40,43,27,19,4,2,46,28,6,11,109,62,17,12,103,88,21,33,118,1,26,79,82,
machine7:0,39,84,51,85,115,95,68,94,72,63,14,99,75,48,112,100,98,116,107,110,106,58,65,34,80,7,3,10,20,60,90,35,81,52,53,77,40,31,27,19,119,28,36,11,109,89,57,18,17,104,103,64,1,26,79,
machine8:0,66,8,29,85,117,68,94,101,72,105,38,32,100,98,92,93,44,13,55,106,41,65,34,102,45,3,86,54,90,81,74,91,50,31,43,2,6,47,67,120,109,24,18,12,103,88,118,22,1,82,
machine9:0,69,73,16,95,113,101,72,63,32,9,37,87,97,44,110,106,58,65,83,23,10,20,108,60,86,90,81,52,91,77,78,40,27,19,119,46,28,36,6,47,89,57,12,104,103,64,33,118,22,82,
machine10:0,66,69,5,49,111,105,14,99,48,87,116,93,44,107,114,55,106,41,65,76,56,102,30,23,10,20,108,54,90,35,74,53,77,78,50,40,31,71,27,19,4,2,46,6,67,120,11,109,89,57,18,12,104,103,21,64,33,1,26,
machine11:0,15,39,16,117,113,68,94,72,63,38,14,9,37,75,92,116,107,55,58,65,80,102,30,7,3,59,10,108,60,86,90,74,50,31,71,27,19,4,119,6,47,67,11,109,24,89,62,17,12,103,21,64,118,26,79,
machine12:0,15,8,5,73,29,16,117,111,113,94,96,101,105,38,32,14,99,37,48,112,100,92,87,116,44,107,114,110,106,76,34,83,42,3,59,23,10,60,54,74,52,53,77,50,40,43,4,119,28,36,6,47,11,109,24,18,17,12,88,33,118,1,
machine13:0,15,8,39,5,49,51,16,117,72,105,14,9,75,48,98,92,87,97,93,44,58,65,76,80,45,30,42,3,59,23,20,108,60,86,54,35,74,52,53,91,77,78,50,70,40,31,71,27,19,4,119,2,46,28,36,6,47,67,11,109,24,89,62,12,104,103,88,21,64,33,118,22,1,26,79,82,
machine14:0,66,15,84,85,117,115,95,94,101,38,99,37,92,97,116,93,107,114,110,106,58,41,56,102,83,59,23,20,108,86,90,35,81,74,53,77,78,50,40,71,43,27,19,4,2,46,28,6,47,67,120,11,109,24,57,18,62,17,12,103,88,64,33,22,1,26,79,82,
machine15:0,69,39,49,51,29,113,68,96,101,72,99,37,48,112,87,116,93,107,13,55,65,76,25,56,34,102,45,30,7,3,59,10,20,108,60,86,54,90,81,52,53,78,40,43,27,19,4,119,2,46,28,6,120,11,109,57,18,17,12,103,21,64,118,22,1,26,82,
machine16:0,66,69,15,8,5,84,73,51,29,16,85,117,115,95,111,113,101,72,63,61,38,32,14,99,37,48,100,92,87,97,93,44,107,114,110,106,58,41,65,76,25,56,34,80,102,45,83,42,3,59,23,10,20,108,60,86,54,90,35,81,74,52,53,91,77,78,50,71,43,27,19,4,119,2,46,28,36,6,47,67,11,24,89,57,18,62,17,12,104,103,88,21,64,33,118,22,1,26,79,82,
machine17:0,69,15,8,84,73,51,29,16,117,115,111,113,68,94,96,101,72,105,63,61,38,32,9,99,37,75,112,98,92,87,97,116,44,13,110,55,41,65,25,56,34,80,45,83,30,7,3,59,23,10,20,108,60,86,54,90,35,52,53,91,78,50,70,40,31,43,27,19,4,119,2,46,36,6,47,67,120,11,109,24,89,57,18,17,12,104,103,88,21,64,33,118,22,1,26,79,82,
machine18:0,66,69,15,5,49,73,117,95,111,113,68,94,72,61,99,37,75,48,98,92,87,116,93,13,114,110,55,106,41,65,76,56,80,45,83,30,7,59,23,10,20,108,60,86,90,81,74,52,53,91,78,50,70,40,31,71,43,19,4,28,36,6,47,67,11,109,89,57,62,17,12,104,88,21,33,22,1,26,79,82,
machine19:0,39,5,49,73,85,117,115,95,111,113,68,96,101,72,105,63,32,14,9,99,75,112,100,97,116,93,107,13,106,58,41,65,76,25,56,34,80,102,45,83,42,7,3,59,10,20,86,90,35,81,74,53,91,77,78,50,70,40,71,43,27,19,4,119,2,46,28,36,6,67,11,24,89,57,18,62,17,12,104,88,21,64,33,118,22,1,26,79,82,
machine20:0,15,39,51,29,115,95,111,113,68,94,101,72,105,32,14,37,112,98,92,97,93,44,107,13,114,110,55,58,41,65,25,56,34,102,45,83,30,42,7,3,59,10,108,86,54,90,81,74,52,53,91,78,50,40,31,71,43,27,19,119,2,28,36,6,47,67,120,109,24,89,57,18,62,17,104,103,88,21,64,33,118,22,1,79,82,
machine21:0,66,15,8,5,73,51,29,16,117,95,111,113,68,101,72,105,63,61,14,9,99,37,75,48,98,92,87,116,93,44,107,114,110,55,106,58,41,65,76,25,56,80,102,45,30,42,7,3,59,10,20,108,60,86,54,35,81,52,53,91,77,50,70,40,31,71,43,27,19,119,46,28,36,6,47,67,120,109,24,89,57,62,17,12,104,103,88,21,64,33,118,22,1,26,82,
machine22:0,69,15,39,73,117,115,95,111,113,94,96,101,105,61,38,32,14,9,37,48,100,92,87,97,93,44,107,13,55,106,58,41,65,76,56,80,102,45,83,30,42,3,59,23,10,20,108,86,54,90,74,52,53,91,77,78,50,40,31,71,43,27,19,4,119,2,46,28,36,6,47,67,120,11,109,24,89,57,18,62,17,12,104,103,21,64,33,118,22,1,26,79,82,
machine23:0,69,8,39,49,84,73,117,113,68,101,72,105,63,61,38,14,99,37,48,100,87,107,13,58,41,65,76,56,34,80,102,30,42,7,59,23,20,60,86,54,90,81,74,52,53,91,78,50,40,31,71,27,19,4,119,2,46,28,36,6,47,67,11,109,89,57,18,62,17,12,104,88,21,64,33,118,22,1,79,82,
machine24:0,66,39,5,73,51,16,85,115,113,94,96,101,63,38,14,9,99,37,48,100,98,92,87,93,107,110,106,41,65,25,102,45,83,30,7,3,59,23,10,20,108,60,86,54,90,52,53,91,77,78,70,40,31,43,27,19,4,119,46,28,36,6,47,67,120,11,109,24,89,57,18,62,17,12,104,103,88,21,118,22,1,26,79,82,
machine25:0,66,69,39,5,29,117,115,113,68,94,96,105,61,38,14,75,112,100,92,87,97,107,13,114,110,55,106,58,41,65,76,25,56,34,80,102,45,83,30,42,7,3,59,20,108,60,86,90,35,81,52,53,91,77,50,70,40,71,43,27,4,119,2,46,28,36,6,47,67,120,11,109,24,89,57,18,17,12,104,103,64,33,118,22,1,26,
machine26:0,66,69,15,5,49,84,73,29,16,85,117,113,68,94,96,101,72,105,63,32,14,9,37,48,112,100,92,87,97,116,93,44,107,13,114,110,55,106,58,41,76,25,56,80,102,83,30,7,3,59,20,108,60,86,54,90,81,52,53,91,77,78,50,31,27,19,4,119,2,46,28,36,6,47,67,120,11,109,24,89,57,18,62,17,12,104,103,88,64,33,118,22,1,26,79,82,
machine27:0,66,15,8,5,49,73,51,85,115,111,68,94,96,101,63,61,32,14,99,37,48,112,98,87,97,116,93,44,107,13,110,55,106,58,65,76,25,56,34,102,45,83,30,42,7,3,59,23,10,20,108,60,86,54,90,35,81,52,53,91,77,78,50,70,40,71,43,27,19,4,2,46,28,36,6,47,67,11,109,24,89,57,18,62,17,12,104,103,88,21,64,33,118,22,1,26,79,82,
machine28:0,15,39,5,73,85,115,111,113,68,94,101,72,38,14,9,99,37,75,48,112,100,98,92,97,93,44,13,110,55,58,41,65,76,25,56,34,80,102,30,59,10,20,108,60,86,54,90,81,53,91,77,78,50,31,71,43,27,19,4,119,2,28,36,6,47,67,11,109,24,89,18,62,17,104,103,88,64,118,22,1,26,79,82,
machine29:0,66,39,49,29,16,85,117,115,113,68,94,61,99,37,75,48,112,92,97,44,107,114,110,106,41,25,34,45,42,7,3,59,23,10,20,108,60,86,90,35,81,52,91,78,50,40,31,71,43,27,19,4,119,2,46,36,6,47,67,120,109,89,57,62,104,103,88,21,118,22,1,26,79,82,
machine30:0,66,15,8,49,84,51,29,115,95,113,68,101,72,105,61,38,32,14,112,100,98,92,87,107,13,114,110,55,106,58,65,76,25,56,80,102,83,30,42,7,3,59,23,108,60,90,74,52,53,91,77,78,50,70,40,31,71,19,119,46,28,6,47,120,11,109,89,57,18,62,17,12,104,103,88,21,64,33,118,22,1,26,79,

1to 1:
1to 2:2,3,6,9,10,11,12,15,18,19,21,26,30,31,32,35,38,41,44,45,46,48,51,54,55,58,61,63,64,66,67,68,69,72,75,76,77,80,81,83,85,86,91,97,101,102,103,104,105,106,107,108,109,118,120,37,94,116,111,96,113,20,8,87,93,50,56,39,98,17,53,27,40,60,33,24,25,65,57,89,82,28,1,
1to 3:2,4,6,11,12,13,15,16,22,23,24,26,27,29,30,32,38,41,44,45,46,48,50,51,53,57,60,64,65,67,68,69,71,76,77,78,79,81,86,92,94,99,101,102,103,106,107,108,109,110,116,117,20,36,96,10,28,39,8,87,59,3,33,5,93,35,34,42,40,54,82,119,21,113,52,19,18,17,1,88,
1to 4:1,2,3,4,6,10,11,15,17,19,21,23,26,27,30,32,36,37,41,44,45,46,50,51,52,54,55,58,61,63,64,67,68,72,89,90,91,99,102,103,104,105,107,108,109,110,117,118,119,69,111,29,85,115,35,8,25,60,86,87,28,42,24,9,76,33,65,83,113,57,78,59,18,88,82,
1to 5:1,2,3,6,7,11,12,14,15,19,21,25,27,30,31,36,37,41,45,50,52,57,60,62,64,67,68,69,71,72,75,77,78,80,89,91,92,94,99,101,102,104,105,108,109,110,114,118,119,120,73,115,70,96,116,5,106,59,39,107,98,56,9,111,65,76,35,20,113,53,88,40,24,83,103,28,18,86,17,
1to 6:7,10,13,14,15,16,17,22,24,25,26,27,29,30,31,36,37,41,44,45,46,47,52,53,56,57,58,60,61,62,64,66,67,72,75,76,78,79,80,81,82,87,89,91,92,93,97,99,102,103,107,116,119,120,106,42,113,69,73,83,8,39,111,19,59,9,86,20,28,6,65,3,50,
1to 7:2,4,11,12,14,17,23,25,30,31,36,37,43,46,48,54,60,62,63,64,66,67,68,69,76,77,78,81,86,91,92,101,102,104,105,107,109,110,113,117,118,120,59,19,73,89,100,87,39,21,45,90,56,82,6,41,108,20,24,57,103,50,106,53,27,119,52,88,18,33,28,3,1,
1to 8:4,5,6,7,11,15,16,20,22,23,25,26,27,30,31,32,35,36,37,40,44,46,47,50,54,56,58,60,61,63,64,66,68,78,79,86,90,91,92,94,97,101,102,103,104,105,109,113,114,117,93,45,24,76,115,106,69,116,85,65,77,9,1,18,89,83,108,19,33,17,53,107,118,52,57,2,3,82,
1to 9:4,5,6,7,10,11,13,20,21,22,23,24,26,29,30,31,35,39,41,47,50,51,52,55,58,59,60,61,62,64,65,66,67,68,72,74,76,78,79,81,86,90,91,92,99,101,102,105,106,109,112,113,119,120,84,87,34,83,115,73,8,25,37,107,57,17,56,89,103,46,3,18,36,53,33,19,1,28,82,104,27,108,
2to 1:2,3,7,9,10,11,12,13,14,16,17,18,19,20,28,30,31,39,40,44,46,47,48,53,57,59,60,61,62,63,64,66,67,69,74,75,76,80,82,88,90,91,92,94,101,104,106,109,110,116,118,52,119,34,54,102,99,113,108,72,32,24,68,112,56,107,6,1,27,65,37,21,120,81,86,89,
2to 2:
2to 3:3,4,5,6,7,10,11,13,14,15,17,19,20,21,22,24,26,27,28,36,37,40,43,45,46,47,48,49,58,60,64,69,74,76,78,79,81,82,83,84,87,88,89,90,93,96,101,105,106,109,110,113,115,119,67,33,94,99,50,104,55,16,23,116,72,44,92,112,107,35,65,53,86,54,120,102,108,1,
2to 4:4,6,12,14,16,17,19,21,22,27,29,33,35,37,44,48,53,55,57,59,60,62,64,67,69,72,74,78,82,83,84,85,87,88,89,90,92,95,100,101,103,104,105,108,111,119,73,99,50,38,8,25,86,65,68,107,112,58,23,77,113,32,10,34,94,54,120,52,102,18,47,24,56,91,26,3,79,
2to 5:3,5,7,12,15,18,20,21,22,26,28,30,32,34,35,39,43,44,48,50,51,54,59,62,63,69,71,73,77,78,79,80,82,83,87,89,90,91,95,98,100,101,103,104,105,106,107,110,111,112,113,115,116,118,119,55,37,92,74,94,72,27,31,99,45,108,67,2,40,9,81,68,10,102,64,109,65,57,19,17,86,33,56,1,88,
2to 6:3,7,10,12,13,15,17,19,22,24,26,30,31,36,38,43,48,51,53,57,62,64,65,66,67,68,69,72,76,79,81,82,83,86,87,88,89,90,92,95,97,100,103,104,105,107,108,111,113,115,116,119,71,8,16,47,56,73,120,50,58,102,42,27,9,54,35,91,109,1,52,33,
2to 7:1,2,3,6,7,11,12,13,14,17,20,22,23,24,30,31,39,41,43,46,48,49,53,57,58,59,60,62,68,69,76,78,80,81,82,83,84,87,89,97,99,101,103,104,105,106,110,115,119,73,67,65,8,45,72,112,52,74,120,117,63,90,92,109,94,108,54,107,25,56,35,102,91,18,27,50,40,86,79,
2to 8:1,3,5,6,7,10,11,13,14,19,22,27,28,31,33,47,49,51,57,58,60,63,66,69,71,77,78,82,83,84,85,86,87,89,90,96,101,102,103,106,107,110,111,114,116,118,99,26,104,8,92,32,112,40,81,16,55,73,109,64,45,68,108,79,30,94,54,113,120,35,2,12,24,67,65,88,
2to 9:5,11,12,13,14,15,19,20,21,22,23,26,30,33,36,38,39,40,44,46,47,49,51,52,53,55,57,58,60,62,66,70,73,75,76,81,82,83,84,87,88,89,90,94,95,98,99,100,101,103,105,106,107,108,110,111,112,113,115,50,68,65,35,77,102,72,86,54,34,71,119,9,92,74,18,56,109,24,37,48,25,120,1,3,67,64,17,79,
3to 1:2,4,9,12,14,15,17,18,19,22,24,26,27,37,39,40,43,44,47,48,50,51,55,57,58,59,60,62,64,66,67,70,77,78,81,82,86,88,89,97,99,101,102,106,107,109,117,119,5,94,85,45,33,8,71,16,1,90,65,116,98,75,93,7,108,53,20,113,76,54,28,120,11,46,21,6,
3to 2:2,4,5,6,14,15,22,27,28,32,33,35,38,40,43,44,47,49,51,55,56,57,58,59,62,64,67,74,75,77,82,83,86,89,93,97,99,100,101,102,103,105,106,107,111,116,119,72,34,54,24,108,65,21,94,117,81,45,92,85,80,16,48,12,1,79,76,71,109,87,53,60,26,23,19,110,17,120,90,88,46,11,
3to 3:
3to 4:2,3,4,11,13,14,15,16,18,19,20,22,23,28,29,35,37,38,43,44,50,51,55,57,58,67,69,74,75,82,86,87,89,90,92,93,94,95,99,100,105,107,109,110,111,119,98,71,8,59,46,33,72,77,108,45,60,52,54,1,104,65,83,53,36,56,12,26,6,88,79,
3to 5:2,3,4,5,6,11,12,13,14,15,18,19,22,26,28,29,30,32,35,39,40,41,42,44,47,49,50,53,55,57,58,59,62,64,67,73,74,77,81,82,83,86,88,89,91,93,99,101,102,105,106,109,111,115,117,76,51,85,87,72,34,54,116,68,7,21,110,20,114,120,36,92,94,71,48,10,79,37,45,43,108,33,113,78,65,46,17,52,1,
3to 6:2,5,12,15,16,18,20,22,27,29,30,35,38,39,40,42,44,46,50,55,57,58,62,64,65,66,69,73,75,81,82,87,95,97,99,102,107,111,115,116,120,47,93,8,105,71,21,113,51,37,72,98,92,48,117,28,76,36,43,31,54,17,33,90,3,59,10,77,26,78,119,67,52,104,24,19,11,6,118,79,88,
3to 7:1,2,3,8,12,13,14,18,19,20,22,23,26,27,30,35,38,39,41,47,48,49,50,54,55,62,64,66,73,74,75,76,77,78,82,83,86,88,99,100,101,104,105,106,107,109,110,115,119,120,7,4,80,43,28,36,45,96,94,98,5,87,68,11,118,113,37,65,67,90,59,60,52,17,53,46,33,6,
3to 8:1,2,3,6,8,9,12,13,14,15,18,20,22,26,27,33,34,35,44,48,49,53,56,57,58,59,62,64,66,69,77,78,81,82,86,87,97,100,101,102,106,107,118,119,105,93,37,11,60,96,24,85,116,51,114,5,90,7,28,94,117,36,40,21,109,10,71,54,47,108,4,17,88,46,79,
3to 9:2,3,4,5,6,14,15,16,17,20,22,26,28,29,35,39,40,44,46,48,49,54,55,62,64,65,66,67,73,74,82,83,86,89,90,91,95,99,103,105,109,112,115,120,8,72,37,51,85,113,75,93,106,110,36,34,68,52,50,92,77,71,53,23,104,76,19,33,43,1,88,108,59,11,24,118,18,79,47,78,12,
4to 1:1,2,3,4,5,6,10,11,12,18,22,24,25,26,27,29,30,31,32,34,36,37,41,43,44,45,46,51,52,53,54,58,59,60,61,65,66,68,69,70,72,75,79,85,87,88,89,90,96,97,103,104,107,108,109,112,116,118,120,33,62,83,78,99,117,113,100,23,55,102,77,67,86,35,91,64,50,82,56,57,
4to 2:1,2,3,4,8,11,12,13,18,22,23,25,26,27,32,34,36,38,41,42,43,47,48,50,52,54,57,58,59,60,64,68,69,72,74,80,84,85,88,91,92,98,100,101,102,103,106,107,108,109,110,115,116,117,118,120,37,99,44,90,113,65,55,94,63,87,10,78,6,67,83,53,104,19,33,86,81,82,
4to 3:1,2,3,4,6,8,10,11,12,14,15,16,23,24,25,26,27,32,34,36,40,42,43,44,45,46,47,50,51,52,55,58,59,64,67,68,69,72,74,76,84,86,88,97,103,104,106,107,108,109,112,115,116,119,65,87,53,29,78,30,110,105,99,85,82,60,18,94,22,81,35,77,37,83,113,56,33,
4to 4:
4to 5:1,2,3,10,12,13,14,15,17,18,19,24,26,27,28,32,34,35,41,42,43,44,46,47,48,51,52,54,58,59,60,61,65,68,69,71,72,73,74,75,79,80,83,88,89,98,99,101,102,108,109,110,113,115,120,55,91,50,56,53,6,117,111,90,21,33,63,4,81,118,104,67,86,78,22,62,82,
4to 6:2,4,8,10,11,12,14,15,16,18,19,24,25,26,27,28,31,36,38,40,41,42,44,45,47,48,51,52,53,54,56,57,58,60,61,64,65,66,68,72,73,76,79,80,83,89,92,97,99,100,104,115,116,117,120,87,102,82,62,6,37,29,81,55,105,90,107,113,91,78,30,43,77,23,86,3,67,50,22,
4to 7:1,2,4,5,8,11,12,13,14,17,18,19,22,24,25,26,27,36,38,41,43,45,46,47,52,54,58,59,60,61,62,64,65,69,72,73,74,79,80,84,88,90,97,106,108,109,110,112,115,118,119,120,99,35,53,30,100,87,23,85,55,56,83,6,7,113,91,105,94,101,104,77,81,67,50,28,78,86,57,3,82,
4to 8:5,8,11,12,14,18,20,22,26,29,30,32,35,36,46,47,50,51,52,54,58,66,67,68,69,76,79,83,84,88,89,101,102,103,108,109,110,111,112,115,116,117,4,119,44,73,87,6,28,90,7,63,118,23,56,77,86,60,113,2,64,91,59,19,57,62,3,104,78,82,
4to 9:1,2,3,4,6,8,12,13,14,15,20,22,23,24,25,26,27,31,34,36,37,38,42,44,45,46,47,48,51,52,53,54,55,58,59,60,61,62,65,66,67,68,70,72,74,75,82,84,87,88,89,92,100,103,104,107,110,111,112,115,120,99,73,29,83,18,91,94,64,79,50,78,108,57,77,101,113,90,56,21,28,86,
5to 1:1,2,3,4,6,7,11,12,14,15,17,20,24,28,30,31,32,33,34,35,39,40,43,44,48,50,51,53,55,56,58,60,61,63,64,65,67,71,74,78,80,82,83,86,87,88,89,90,92,93,94,97,98,99,100,101,102,103,107,108,110,112,116,118,66,36,37,45,9,72,70,111,41,59,19,13,68,10,113,57,25,91,109,21,18,119,62,
5to 2:1,2,3,4,15,20,25,27,30,34,39,40,43,45,47,48,49,50,53,54,56,58,59,62,65,67,74,76,80,81,86,90,91,92,93,94,95,97,98,99,101,104,105,106,107,110,115,116,118,64,18,14,19,113,72,73,68,42,12,111,22,13,21,57,55,23,102,36,6,119,17,109,108,83,26,11,88,79,
5to 3:1,3,4,9,15,18,20,21,22,24,26,28,33,35,37,39,40,43,44,46,47,49,50,51,53,54,56,60,65,67,72,74,78,82,83,86,90,91,93,94,95,97,99,101,102,104,106,107,109,110,112,113,115,116,119,120,96,23,52,59,76,45,111,42,117,5,75,10,13,68,14,87,11,36,19,62,2,79,12,57,64,6,88,
5to 4:1,4,12,14,15,20,22,25,26,28,29,31,32,34,42,43,44,47,48,50,53,54,58,60,61,65,67,69,73,74,77,79,81,86,87,88,89,93,97,98,99,102,105,107,110,112,113,115,119,120,57,83,64,36,37,45,95,72,55,76,117,18,2,21,33,23,10,11,41,90,91,68,82,27,17,59,104,56,62,108,6,
5to 5:
5to 6:2,3,6,7,9,11,12,15,20,24,25,26,27,28,30,37,39,40,43,44,45,47,48,50,51,53,58,59,61,69,71,72,78,79,80,82,86,87,89,91,93,98,99,102,103,106,107,109,111,113,115,116,118,66,73,22,95,10,14,5,42,36,41,119,97,70,33,68,56,83,19,57,64,17,62,
5to 7:1,3,4,6,12,14,17,20,24,27,28,30,34,35,39,40,42,47,48,49,50,52,53,54,56,57,59,60,61,63,65,67,68,71,72,73,76,78,83,86,87,92,94,98,99,100,101,102,103,104,105,106,107,108,109,110,115,118,119,33,45,70,13,114,11,5,117,41,22,74,43,10,80,62,113,90,2,36,19,91,21,18,64,79,
5to 8:1,2,3,6,9,12,15,18,19,22,24,28,30,32,34,40,41,42,43,44,46,47,49,50,51,53,54,56,58,68,69,71,73,77,79,82,83,86,89,93,94,99,101,104,105,106,108,116,118,119,87,90,91,21,37,5,88,66,17,36,78,57,10,72,96,7,111,117,13,14,102,25,113,76,109,20,52,59,11,33,62,
5to 9:1,3,6,7,14,15,20,24,26,27,28,34,39,40,43,46,47,48,50,51,52,53,56,60,61,62,64,67,71,72,75,80,82,83,86,89,92,99,101,102,105,107,108,110,112,115,118,49,19,66,103,5,95,59,42,21,111,13,106,55,87,68,45,109,113,120,31,78,57,90,22,104,91,36,33,79,
6to 1:3,4,5,7,9,10,11,14,15,17,18,20,21,22,23,26,28,30,33,36,37,38,39,41,44,45,47,48,50,51,56,58,59,60,61,62,64,65,66,68,70,72,75,77,80,81,83,86,87,88,90,96,99,101,102,103,104,105,108,113,116,118,119,27,67,25,92,107,76,57,52,12,82,1,24,31,91,40,89,
6to 2:1,4,5,6,7,8,10,11,12,14,15,16,17,18,19,21,24,26,28,30,39,41,44,45,51,59,62,63,64,65,66,67,68,71,73,77,78,80,81,86,87,88,89,90,93,94,95,98,99,100,101,102,103,104,105,106,109,113,115,117,118,74,54,55,58,50,57,27,25,83,92,35,79,119,120,22,47,91,31,52,3,108,
6to 3:4,5,7,8,9,10,11,14,15,17,18,19,21,23,24,26,27,28,29,33,36,38,39,44,51,53,54,58,59,60,62,64,65,66,72,76,77,78,81,87,88,95,99,101,103,105,106,107,109,110,115,79,67,83,120,92,93,50,37,74,118,119,30,31,47,102,22,35,46,40,43,52,89,104,6,56,57,12,3,
6to 4:1,2,4,8,10,11,12,15,16,17,20,21,23,28,29,32,36,41,44,45,46,47,48,51,52,53,54,56,58,59,60,61,65,66,68,73,78,82,86,87,88,90,99,101,103,104,107,108,113,118,119,120,30,74,83,35,26,97,43,50,64,102,27,6,33,89,37,67,24,22,81,79,
6to 5:3,4,5,6,7,10,11,15,17,18,19,20,21,26,27,28,29,30,33,37,39,40,41,44,45,46,47,51,58,59,61,63,64,66,68,72,73,78,80,81,82,86,87,88,90,91,95,98,101,103,105,106,107,109,111,113,115,116,117,120,74,57,23,93,119,43,36,42,12,104,102,83,97,52,76,71,1,79,62,67,89,50,22,
6to 6:
6to 7:4,5,6,7,8,10,11,18,24,27,28,30,33,36,37,38,39,41,45,46,48,50,53,54,58,59,60,61,62,64,65,66,67,68,72,73,78,79,80,81,82,83,86,87,88,90,91,93,99,100,103,105,106,109,110,113,120,47,102,17,92,71,26,22,43,97,3,35,74,89,107,57,12,104,52,31,56,119,40,118,
6to 8:2,5,7,8,9,10,11,12,14,15,17,19,20,21,23,24,31,32,36,37,44,45,46,51,54,56,57,58,59,63,64,68,70,73,76,77,78,81,87,88,91,99,101,102,103,105,106,107,110,111,113,114,116,119,89,22,93,92,97,52,71,79,50,35,26,30,43,47,62,83,40,82,3,118,27,67,
6to 9:1,5,8,10,11,12,16,18,19,20,21,23,24,27,28,30,31,33,36,37,38,40,41,43,44,45,48,50,51,54,57,60,61,64,68,73,75,77,78,79,80,81,82,83,86,87,88,90,91,100,101,102,103,104,106,107,110,111,113,115,120,46,47,26,22,67,92,58,97,71,6,76,62,3,56,52,118,119,
7to 1:1,2,3,4,5,12,13,16,18,20,22,23,24,26,27,30,31,36,37,39,40,45,47,51,53,54,56,57,58,62,64,66,67,69,70,74,75,76,78,81,82,83,85,86,87,94,96,97,101,106,107,108,109,113,118,119,120,33,17,10,114,41,7,80,91,28,89,68,60,52,6,71,25,102,65,103,50,88,104,11,
7to 2:2,3,4,5,6,11,12,13,14,16,17,19,23,26,27,30,31,34,38,41,42,48,52,56,57,58,60,61,64,65,66,67,72,73,74,79,81,82,84,85,86,87,91,94,98,105,106,109,113,115,117,118,119,120,10,7,68,47,102,108,107,49,35,99,63,89,101,80,104,103,90,18,59,62,28,1,
7to 3:1,2,3,4,5,12,14,17,18,22,23,24,25,27,33,35,37,38,39,40,41,42,45,46,47,51,54,56,58,59,60,64,65,66,67,74,76,78,81,82,83,84,86,87,88,89,91,92,93,94,97,99,101,103,106,107,109,110,115,118,119,52,90,120,21,13,6,108,117,49,7,71,43,53,19,36,11,28,26,50,
7to 4:2,3,12,14,17,18,22,23,25,27,29,35,36,37,38,42,47,52,53,56,57,58,59,60,65,66,68,69,74,76,77,78,79,80,82,84,87,88,94,99,100,101,102,105,108,110,113,118,91,50,6,43,103,117,119,41,61,45,63,13,114,1,28,4,107,10,21,120,90,67,89,104,86,109,64,62,26,
7to 5:2,3,4,5,9,12,14,17,20,22,26,27,30,33,34,35,36,39,40,42,43,47,48,53,57,58,60,66,67,76,78,79,81,82,85,87,88,91,92,93,98,100,101,103,104,105,106,113,115,117,118,119,120,109,80,28,7,41,13,50,45,90,61,107,62,65,97,25,89,108,68,102,21,64,19,59,18,6,86,11,1,
7to 6:1,2,4,5,9,11,14,17,19,23,24,25,27,30,33,37,39,40,42,46,47,48,51,54,56,57,58,59,60,69,73,76,77,78,79,82,86,87,100,105,106,107,108,113,117,120,13,64,68,53,38,101,7,61,63,109,80,52,45,18,31,41,65,119,70,36,67,83,22,50,102,89,103,21,43,81,28,26,6,118,12,
7to 7:
7to 8:2,3,4,12,14,18,19,20,22,23,24,27,30,36,40,42,47,54,56,57,58,59,60,62,64,65,69,71,73,76,77,78,79,80,82,84,85,87,90,91,92,93,94,99,105,106,107,113,118,120,7,101,49,13,35,70,86,68,11,41,117,108,104,26,43,109,28,102,6,31,46,50,81,52,17,103,119,1,
7to 9:2,3,9,11,14,17,18,23,24,30,34,36,39,40,41,42,46,47,51,52,54,56,57,59,60,64,67,68,70,73,75,76,77,78,79,80,82,83,84,85,86,87,92,94,99,100,105,106,107,108,113,115,118,120,49,103,38,61,104,114,117,50,81,89,65,7,13,6,35,25,88,28,90,109,10,22,53,43,91,19,31,26,1,
8to 1:1,3,5,6,7,9,10,12,14,18,21,22,23,25,26,27,31,33,35,36,40,41,47,48,53,54,55,56,58,64,65,67,68,69,71,76,77,78,82,83,85,86,91,93,97,98,99,102,107,108,111,113,116,117,87,114,63,8,66,103,30,51,37,96,101,32,45,57,28,2,105,60,109,24,89,118,20,19,90,11,59,46,62,88,
8to 2:1,5,6,7,12,13,14,15,17,20,21,22,25,26,27,31,35,37,41,42,47,50,53,54,55,56,60,67,68,69,76,79,80,85,86,87,88,89,92,93,94,99,100,102,106,108,109,111,113,115,116,120,117,90,48,66,49,101,105,32,44,16,58,118,112,9,3,30,59,40,83,43,77,82,103,19,64,57,2,46,11,
8to 3:3,4,5,6,10,12,13,14,16,18,22,23,27,29,30,31,32,35,36,41,42,43,48,50,52,54,58,62,64,65,69,71,76,77,78,79,81,83,85,86,89,91,92,94,97,99,102,106,107,108,110,111,116,118,8,114,24,15,45,37,66,11,51,49,20,60,7,46,101,103,93,19,105,109,119,47,1,67,53,40,17,26,2,88,28,
8to 4:1,3,4,6,12,13,14,15,18,20,21,22,24,25,26,27,28,33,35,37,41,43,45,46,52,55,56,58,59,65,67,68,69,73,76,77,86,89,91,92,93,94,98,99,103,104,108,111,113,115,101,66,110,23,112,44,118,53,107,32,60,100,36,105,87,30,90,57,109,19,82,11,83,47,78,2,50,88,
8to 5:4,5,12,13,17,18,22,24,26,27,28,31,35,41,43,46,50,51,52,54,55,56,57,58,64,68,69,77,78,80,86,87,88,89,92,93,94,99,102,104,106,107,108,109,111,113,115,116,120,2,105,90,66,9,15,117,49,34,14,11,19,112,32,114,62,20,30,7,83,48,45,101,47,1,103,59,36,119,40,82,3,79,
8to 6:3,4,5,6,7,10,11,12,13,16,20,22,27,28,29,36,41,42,52,54,56,57,58,62,64,66,68,71,73,76,77,80,83,92,93,98,99,101,102,103,104,106,109,111,113,115,117,120,43,24,46,26,15,47,119,14,87,100,51,55,45,89,48,70,37,53,107,30,79,67,40,88,50,118,17,
8to 7:1,4,10,11,12,13,17,18,21,22,26,27,31,35,36,40,41,48,52,54,56,58,64,65,66,67,68,69,71,73,76,77,78,79,80,81,82,85,86,87,89,90,91,94,96,97,98,99,100,101,102,104,106,108,109,113,115,118,119,120,20,14,30,6,53,60,105,7,110,107,47,3,23,2,24,50,46,
8to 8:
8to 9:1,2,7,11,13,14,17,18,22,23,25,27,29,36,37,41,42,46,47,50,52,54,55,56,58,64,66,68,71,73,76,77,78,79,86,89,91,94,99,102,103,104,105,106,108,110,113,120,83,49,118,114,119,34,51,15,12,44,112,24,20,90,48,70,100,60,59,30,88,101,82,107,109,26,28,40,3,
9to 1:1,5,6,11,13,14,15,19,22,25,26,27,28,31,33,34,37,38,44,45,47,50,51,52,57,59,60,62,66,67,68,72,75,76,81,82,89,90,94,98,99,102,107,108,110,111,112,113,117,119,39,85,77,101,18,103,3,106,83,104,61,97,71,17,118,30,24,56,20,91,2,36,64,21,86,79,88,109,
9to 2:3,4,5,6,7,8,11,12,13,14,15,19,27,34,44,47,51,52,55,59,60,61,64,66,68,72,73,75,77,78,80,88,89,92,94,100,102,104,105,106,107,110,111,113,115,119,49,67,38,99,84,50,85,103,35,76,90,87,91,58,40,31,22,10,83,86,56,109,2,118,26,79,82,1,
9to 3:2,3,4,5,6,7,8,11,14,15,17,18,22,23,26,27,28,31,33,34,39,43,44,47,50,51,52,53,54,55,58,60,64,65,66,67,72,75,82,88,90,91,92,94,106,107,108,110,111,112,113,118,120,99,49,29,38,35,9,76,79,46,70,48,97,109,87,13,86,101,83,56,104,103,81,20,1,77,119,62,78,57,
9to 4:1,3,4,6,8,10,14,15,19,23,26,27,32,33,34,35,36,37,38,42,43,44,46,47,51,52,53,55,57,58,59,60,65,66,68,72,76,77,79,81,82,88,94,98,102,103,105,107,109,110,111,113,115,119,120,29,84,56,90,20,99,104,25,87,100,70,91,31,50,118,101,67,78,18,86,22,
9to 5:1,2,5,6,11,14,15,22,34,42,43,47,50,51,59,66,68,71,72,75,76,80,81,86,89,90,91,92,93,102,103,110,111,113,114,115,117,120,101,106,36,108,13,100,39,70,29,62,77,41,49,119,10,40,20,58,19,37,46,64,25,21,78,82,83,57,26,24,109,79,88,3,104,
9to 6:3,5,6,7,8,11,13,18,26,28,29,36,38,42,43,44,45,50,51,52,53,54,56,59,61,64,67,68,71,73,75,76,77,78,80,89,92,93,98,102,106,107,111,113,115,118,119,87,101,22,25,39,30,74,37,58,2,57,9,70,46,47,88,10,103,91,104,83,24,17,12,1,62,31,86,108,82,79,
9to 7:2,4,6,8,11,12,13,14,21,22,23,26,27,28,34,35,36,38,39,42,47,50,52,53,56,59,60,61,62,66,67,72,74,79,83,90,91,92,93,94,98,100,107,110,113,115,118,103,101,41,97,37,31,70,76,49,20,109,64,58,77,99,18,106,78,25,40,71,3,104,81,24,86,82,108,46,88,1,119,17,
9to 8:1,4,6,7,8,11,12,13,14,15,18,21,28,31,32,35,36,40,42,43,44,47,51,52,62,68,72,77,81,82,83,89,90,92,93,94,107,109,110,113,114,115,49,112,86,58,56,25,99,41,71,78,37,30,9,50,48,108,34,88,76,103,3,106,79,118,2,22,46,
9to 9:

cell1:9,8,5,6,3,2,4,7,
cell2:5,3,1,6,4,7,8,9,
cell3:2,1,5,7,8,6,4,9,
cell4:3,7,9,6,5,8,1,2,
cell5:3,9,1,8,7,2,4,6,
cell6:4,9,5,2,7,8,1,3,
cell7:2,3,5,1,6,4,9,8,
cell8:3,2,1,5,6,9,4,7,
cell9:1,4,5,6,7,2,8,3,
