machine1:0,51,61,116,5,8,99,98,55,15,69,29,30,71,9,63,68,93,38,23,97,113,72,67,32,59,89,12,58,11,90,1,20,37,64,86,62,27,81,10,103,80,16,108,46,76,25,106,47,119,88,21,52,17,83,50,60,3,109,44,57,120,78,18,
machine2:0,116,5,8,99,117,15,69,68,87,35,113,7,42,72,105,56,107,100,59,77,12,58,11,1,20,37,64,6,65,2,53,94,108,46,25,106,22,47,36,88,21,52,17,50,101,3,109,112,14,57,70,120,24,78,31,33,26,28,18,
machine3:0,66,39,13,85,48,30,9,93,111,113,67,41,59,89,110,54,4,20,86,27,81,10,103,108,114,76,82,88,74,91,17,118,40,101,60,3,19,45,79,24,78,104,31,33,18,
machine4:0,61,116,73,39,99,96,69,111,75,87,35,113,7,102,67,107,89,11,90,110,1,4,37,64,86,6,65,62,115,27,2,53,10,92,114,43,25,119,36,82,88,91,17,118,60,3,109,44,112,57,34,45,79,24,78,104,33,
machine5:0,66,51,61,84,85,48,69,29,71,63,68,75,97,113,72,102,67,105,32,41,56,107,59,89,77,90,1,54,20,64,86,6,65,62,27,2,53,92,103,94,80,16,114,46,76,106,82,88,21,52,17,83,118,101,60,3,109,19,57,45,24,31,33,26,28,18,
machine6:0,61,73,98,96,55,15,48,69,30,68,87,97,35,113,42,102,105,32,59,49,12,11,110,1,54,4,86,6,62,115,27,2,53,92,103,94,16,108,43,46,25,106,82,88,21,91,17,83,118,50,40,101,60,3,109,44,19,14,70,45,79,33,26,28,
machine7:0,51,116,84,39,99,98,95,85,48,63,68,75,35,7,72,107,100,89,77,58,11,90,110,1,20,64,65,115,27,81,53,10,103,94,80,106,119,36,52,17,40,60,3,109,19,112,14,57,34,79,104,31,26,28,18,
machine8:0,66,8,117,98,55,13,85,29,68,93,38,72,102,67,105,32,41,100,12,90,1,54,86,6,65,2,81,92,103,94,43,106,22,47,82,88,74,91,118,50,101,3,109,44,34,45,120,24,31,18,
machine9:0,73,95,69,9,63,23,87,97,113,72,32,89,77,12,58,90,110,20,37,64,86,6,65,27,81,10,103,16,108,46,106,22,47,119,36,82,91,52,83,118,40,101,60,44,19,57,78,104,33,28,
machine10:0,66,116,5,99,55,48,69,30,71,93,111,23,87,35,102,67,105,41,56,107,89,49,77,12,11,90,1,54,4,20,64,6,65,27,2,53,10,103,108,114,46,76,106,21,74,50,40,109,44,19,14,57,120,78,104,31,33,26,18,
machine11:0,116,39,117,55,15,30,71,9,63,68,38,75,113,7,72,102,67,107,59,89,12,58,11,90,4,37,64,86,6,65,62,27,10,92,103,94,80,16,108,47,119,21,74,17,118,50,60,3,109,19,14,79,24,31,26,
machine12:0,116,5,73,8,99,117,96,15,48,29,38,111,23,87,113,42,105,32,107,100,59,77,12,11,110,1,54,4,37,6,53,10,92,94,16,114,43,76,106,47,119,36,88,74,52,17,83,118,50,40,101,60,3,109,44,112,14,34,24,33,28,18,
machine13:0,51,5,39,8,117,98,15,48,30,71,9,93,75,23,87,97,35,42,72,67,105,59,89,49,77,12,58,11,1,54,4,20,64,86,6,65,62,27,2,53,92,103,80,16,108,46,76,22,47,119,36,82,88,21,74,91,52,118,50,40,60,3,109,44,19,14,70,45,79,24,78,104,31,33,26,28,
machine14:0,66,116,84,99,117,95,15,85,71,93,38,23,97,35,102,67,41,56,107,59,77,12,58,11,90,110,1,4,20,37,64,86,6,62,115,27,2,81,53,92,103,94,108,114,43,46,106,22,47,82,88,74,17,83,50,40,101,109,19,57,79,120,24,78,33,26,28,18,
machine15:0,51,116,39,99,96,55,13,48,69,29,30,68,93,87,113,7,72,102,56,107,59,49,12,11,90,1,54,4,20,37,64,86,6,65,27,2,81,53,10,103,108,43,46,76,25,22,119,82,21,52,17,118,40,101,60,3,109,19,112,57,34,45,120,78,26,28,18,
machine16:0,66,51,61,5,73,84,8,99,117,95,15,85,48,69,29,71,63,93,38,111,23,87,97,35,113,42,72,102,67,32,41,56,107,100,59,89,77,12,58,11,90,110,1,54,4,20,37,64,86,6,65,62,115,27,2,81,53,10,92,103,80,16,108,114,43,46,76,25,106,22,47,119,36,82,88,21,74,91,52,17,83,118,50,101,60,3,44,19,14,57,34,45,79,24,78,104,33,26,28,18,
machine17:0,51,61,116,73,84,8,99,117,98,96,55,13,15,69,29,30,9,63,68,38,111,75,23,87,97,35,113,7,72,67,105,32,41,56,59,89,12,11,90,110,1,54,4,20,37,64,86,6,65,115,27,2,53,10,92,103,94,80,16,108,43,46,25,22,47,119,36,82,88,21,91,52,17,83,118,50,40,101,60,3,109,44,19,112,57,70,34,45,79,120,24,78,104,31,33,26,18,
machine18:0,66,61,116,5,73,99,117,98,95,55,13,15,48,69,30,71,68,93,111,75,23,87,113,7,72,67,41,56,59,89,49,12,11,90,110,1,4,20,37,86,6,65,62,81,53,10,92,94,80,108,114,43,76,106,22,47,36,82,88,21,74,91,52,17,83,50,40,60,109,19,57,70,45,79,78,104,31,33,26,28,
machine19:0,116,5,73,39,99,117,96,95,13,85,71,9,63,68,93,111,75,97,35,113,7,42,72,102,67,105,32,41,56,107,100,59,89,49,77,12,58,11,90,1,4,20,64,86,6,65,62,115,27,2,81,53,10,80,43,46,76,25,106,22,119,36,82,88,21,74,91,17,83,118,50,40,101,3,19,112,14,57,70,34,45,79,24,78,104,33,26,28,18,
machine20:0,51,39,98,95,55,13,15,29,30,71,68,93,111,97,113,7,42,72,102,67,105,32,41,56,107,59,89,58,90,110,1,54,37,64,86,6,65,62,115,27,2,81,53,10,92,103,94,108,114,43,25,22,47,119,36,82,88,21,74,91,52,17,83,118,50,40,101,3,109,44,19,112,14,57,34,45,79,120,24,78,104,31,33,28,18,
machine21:0,66,51,61,116,5,73,8,99,117,98,95,55,15,48,29,30,71,9,63,68,93,111,75,87,35,113,7,42,72,102,67,105,41,56,107,59,89,77,12,58,110,1,54,20,37,64,86,6,65,62,27,81,53,10,92,103,80,16,108,114,43,46,76,25,106,22,47,119,36,82,88,21,91,52,17,118,50,40,101,60,3,109,44,19,14,57,70,45,120,24,104,31,33,26,28,
machine22:0,61,73,39,117,96,95,55,13,15,48,69,30,71,9,93,38,111,23,87,97,113,42,102,67,105,32,41,56,107,100,59,89,77,12,58,11,90,1,54,4,20,37,64,86,6,65,62,115,27,2,53,10,92,103,94,80,108,43,46,76,106,22,47,119,36,82,21,74,91,52,17,83,118,50,40,101,3,109,44,19,14,57,45,79,120,24,78,104,31,33,26,28,18,
machine23:0,61,73,84,39,8,99,117,13,48,69,30,71,63,68,38,23,87,113,7,42,72,102,67,105,41,56,107,100,59,89,49,12,58,11,90,1,54,4,20,37,64,86,6,65,62,27,2,81,53,80,46,76,22,47,119,36,82,88,21,74,91,52,17,118,50,40,101,60,109,19,14,57,34,79,78,104,31,33,28,18,
machine24:0,66,51,5,73,39,99,98,96,85,48,30,9,63,93,38,23,87,113,7,102,67,41,107,100,59,89,77,12,11,90,110,1,54,4,20,37,86,6,65,62,115,27,53,10,92,103,94,16,108,43,46,25,106,22,47,119,36,82,88,21,91,52,17,83,118,40,101,60,3,109,19,14,57,70,45,79,120,24,78,104,31,26,28,18,
machine25:0,66,61,5,39,117,96,55,13,69,29,30,71,68,38,75,87,97,35,113,7,42,102,67,105,41,56,107,100,59,89,77,12,58,11,90,110,1,4,20,64,86,6,65,115,27,2,81,53,92,103,94,80,108,114,43,46,76,25,106,22,47,119,36,91,52,17,83,118,50,40,60,3,109,112,14,57,70,34,45,120,24,104,33,26,28,18,
machine26:0,66,116,5,73,84,117,96,55,13,15,85,48,69,29,30,9,63,68,93,87,97,113,7,72,102,67,105,32,41,56,107,100,59,89,49,77,12,58,11,90,110,1,54,4,20,37,64,86,6,62,27,2,81,53,92,103,94,80,16,108,114,46,76,25,106,22,47,119,36,82,88,91,52,17,83,118,50,101,60,3,109,44,19,112,14,57,79,120,24,78,104,31,33,26,28,18,
machine27:0,66,51,61,116,5,73,8,99,98,96,55,13,15,85,48,30,71,63,68,93,111,23,87,97,35,7,42,102,67,32,56,107,59,89,49,77,12,58,11,90,110,1,54,4,20,37,64,86,6,65,62,115,27,2,81,53,10,103,94,108,43,46,76,25,106,22,47,36,82,88,21,91,52,17,83,118,50,40,101,60,3,109,44,19,112,14,57,70,34,45,79,24,78,104,33,26,28,18,
machine28:0,5,73,39,99,98,55,13,15,85,48,30,71,9,68,93,38,111,75,97,113,72,102,67,41,56,100,59,89,77,58,11,90,110,1,54,4,20,37,64,86,6,65,62,115,27,2,81,53,10,92,103,94,80,108,43,76,25,22,47,119,36,82,88,91,17,118,50,101,60,109,44,19,112,14,34,79,24,78,104,31,26,28,18,
machine29:0,66,61,39,99,117,85,48,29,71,68,75,23,97,35,113,7,42,67,41,107,59,89,49,90,110,1,4,20,37,86,6,62,115,27,2,81,10,92,103,94,16,108,114,43,46,25,106,22,47,119,36,82,88,21,91,52,118,50,40,60,3,109,44,19,112,57,34,45,79,120,78,104,31,26,
machine30:0,66,51,61,84,8,98,95,55,13,15,29,30,71,68,38,23,87,113,7,42,72,102,105,32,56,107,100,59,89,49,77,12,58,11,90,110,1,64,6,65,62,115,53,92,103,80,108,114,46,76,25,106,22,47,119,88,21,74,91,52,17,83,118,50,40,101,60,3,109,19,112,14,57,70,79,120,78,104,31,33,26,28,18,

1to 1:
1to 2:1,2,3,6,9,10,11,12,15,18,19,25,26,30,31,32,35,37,38,40,41,44,45,46,48,50,54,55,58,60,61,63,64,66,69,72,75,77,80,81,83,85,86,91,93,97,98,101,102,103,104,105,106,108,111,118,120,94,67,116,96,113,20,56,87,8,39,107,51,17,53,27,76,68,24,33,21,65,57,89,82,28,109,
1to 3:2,4,6,11,12,15,16,22,23,26,27,29,30,32,36,38,40,41,44,45,46,48,50,57,59,60,64,65,67,68,69,77,79,81,92,93,94,99,101,102,103,106,107,108,110,116,117,20,96,10,39,51,13,71,87,3,8,33,5,76,86,35,34,24,42,54,53,82,119,113,52,21,109,19,17,18,28,1,78,88,
1to 4:1,2,3,4,6,10,11,15,17,19,23,25,26,27,30,32,36,37,41,44,45,46,50,52,54,55,58,59,60,61,63,64,72,89,90,91,99,102,103,104,105,108,110,111,117,118,119,68,69,29,85,115,35,109,51,8,24,87,42,76,33,9,65,28,83,107,113,57,78,21,67,18,88,82,86,
1to 5:1,2,3,6,7,11,12,14,15,19,25,27,30,31,36,37,40,41,45,50,52,59,60,62,64,67,69,72,75,77,80,89,91,92,94,98,99,101,102,103,105,108,109,110,111,114,118,119,120,73,115,70,96,116,106,68,5,39,107,86,56,9,65,76,71,35,20,113,88,57,53,104,24,21,78,83,18,17,28,
1to 6:7,10,14,15,17,22,25,26,27,28,29,30,31,36,37,41,44,45,46,47,50,52,53,56,58,59,60,61,62,64,66,67,72,75,76,78,79,80,81,82,86,87,91,92,93,97,99,102,103,107,111,116,119,13,106,42,113,69,73,83,16,8,39,120,19,57,9,89,24,20,6,65,3,
1to 7:1,2,4,11,12,14,17,21,23,25,30,31,36,37,41,43,45,46,48,50,54,59,60,62,63,64,66,67,68,69,77,81,90,91,92,102,103,105,107,109,110,113,117,118,120,19,73,89,100,87,56,82,39,6,76,108,78,101,20,104,57,24,53,106,86,27,119,52,88,18,28,33,3,
1to 8:1,2,4,5,6,7,11,15,20,22,23,25,26,27,31,32,35,36,37,40,44,45,46,47,50,54,56,58,60,61,63,64,66,79,90,91,92,93,94,97,101,102,103,105,113,114,117,118,24,115,76,106,116,69,65,77,85,9,18,16,78,109,89,83,108,19,17,33,68,53,30,107,52,57,3,86,104,82,
1to 9:4,5,6,7,10,11,20,22,23,24,25,26,28,29,30,31,35,36,37,39,41,47,50,52,55,58,59,60,61,62,64,65,66,67,72,74,76,78,79,81,86,90,91,92,99,102,103,105,106,112,113,119,120,84,87,34,83,115,73,8,109,107,57,17,51,56,89,46,3,13,21,18,68,53,33,101,1,19,82,104,27,108,
2to 1:2,3,7,9,12,13,14,16,17,18,20,28,30,31,32,39,40,44,47,52,53,57,59,60,61,62,63,64,66,67,69,74,75,80,82,88,90,91,92,94,101,102,104,106,116,118,68,119,34,54,113,99,48,108,72,24,56,110,112,107,10,6,76,1,86,27,109,19,21,81,37,120,89,65,46,11,
2to 2:
2to 3:3,4,5,6,7,11,13,14,15,17,20,21,24,26,27,28,36,37,40,43,45,47,48,49,53,58,60,64,69,74,78,79,81,82,83,84,87,88,89,90,93,101,102,105,106,109,110,113,115,116,119,120,96,67,33,94,99,104,55,23,16,46,76,44,72,112,107,10,92,35,22,86,19,54,65,108,50,1,
2to 4:3,4,6,8,12,14,16,17,18,21,27,29,32,35,37,44,52,53,55,57,59,60,62,64,67,68,69,72,73,74,78,82,83,84,85,87,88,89,92,95,101,103,104,105,108,111,99,50,33,48,38,25,65,86,107,58,112,90,77,23,113,119,100,34,94,10,54,120,102,56,47,19,24,91,79,26,22,
2to 5:3,5,7,12,15,18,20,21,22,26,28,30,32,34,35,39,40,43,44,48,54,59,62,63,69,71,73,74,77,78,79,80,82,83,87,88,89,90,91,92,95,98,101,103,104,105,106,107,109,111,112,113,115,116,118,119,55,37,51,94,50,72,100,27,31,99,68,45,108,67,2,110,81,9,10,102,64,19,65,57,17,86,33,56,1,
2to 6:3,7,8,12,13,15,17,19,22,24,26,30,31,36,38,42,43,50,52,53,57,62,64,65,66,67,68,69,71,72,73,79,81,82,83,86,87,88,89,90,92,95,97,100,102,103,104,105,107,108,111,113,115,116,47,16,48,56,51,76,58,27,54,9,35,119,91,109,10,1,120,33,
2to 7:1,2,3,6,7,8,12,13,14,17,18,20,23,24,30,31,39,40,41,43,49,50,52,53,57,58,59,60,62,65,69,73,74,78,80,81,82,83,84,87,89,92,97,99,101,103,104,105,106,110,115,119,120,67,68,22,45,90,72,112,76,48,117,63,109,108,94,54,107,56,25,91,35,102,27,11,46,86,79,
2to 8:1,3,5,6,7,8,13,14,16,19,27,28,30,31,32,33,40,49,57,58,60,63,66,69,71,73,77,78,82,83,84,85,87,88,89,90,92,101,102,103,106,107,110,111,114,116,118,99,26,104,22,10,112,81,68,55,96,109,64,51,11,86,45,108,79,94,54,12,113,47,120,35,2,24,67,65,
2to 9:5,11,12,13,14,15,18,19,20,21,22,23,25,26,30,33,36,38,39,40,44,46,49,52,53,55,57,58,60,62,66,70,71,73,75,81,82,83,84,87,88,89,90,92,94,95,98,99,100,101,103,105,106,107,108,110,111,112,113,115,120,76,65,51,35,86,68,77,74,54,34,102,72,50,9,56,119,24,48,109,37,1,3,67,64,17,47,79,
3to 1:2,4,7,9,12,14,15,17,18,19,22,24,26,27,39,40,43,44,45,47,48,50,51,55,57,58,59,60,64,66,70,77,78,81,82,86,89,97,99,101,102,106,107,109,113,117,119,5,94,85,33,71,8,62,16,1,90,65,116,98,37,93,75,53,20,108,28,67,76,54,120,11,46,88,6,21,
3to 2:2,4,5,6,14,15,19,22,27,28,32,33,35,38,43,44,45,47,49,51,55,56,57,58,59,62,64,67,74,75,77,82,86,87,89,93,97,99,100,101,102,103,105,106,107,108,109,111,116,117,119,72,34,54,24,65,21,94,81,92,80,85,40,16,48,12,1,79,76,71,53,26,60,23,110,17,83,120,90,88,46,11,
3to 3:
3to 4:2,3,4,11,13,14,15,16,19,20,22,23,28,29,35,38,43,44,45,50,51,55,56,57,58,69,74,75,82,86,87,89,90,92,93,94,95,99,100,104,105,107,108,109,110,111,119,98,37,71,59,8,46,72,77,67,52,60,1,54,65,26,83,53,36,33,12,6,18,88,79,
3to 5:2,3,4,5,6,7,11,12,13,14,15,18,20,22,26,28,29,30,32,35,36,39,40,41,42,43,44,45,47,49,50,51,53,55,57,58,59,64,67,73,76,77,81,82,86,87,89,93,99,101,102,105,106,109,111,113,115,117,85,74,72,34,54,116,68,21,91,110,120,114,108,92,19,94,71,48,79,10,83,37,33,78,65,46,17,52,88,62,1,
3to 6:2,5,12,15,16,19,20,22,27,29,30,35,38,39,40,43,44,46,47,50,51,55,57,58,64,65,66,69,73,75,76,81,82,87,95,97,99,102,104,107,111,113,115,116,117,118,119,120,8,105,21,71,62,37,72,92,48,98,42,28,36,93,31,52,17,33,54,18,90,3,59,10,26,78,77,67,24,11,6,79,88,
3to 7:1,2,3,7,8,12,13,14,19,20,22,23,27,30,35,38,39,41,43,45,47,48,49,50,52,54,55,62,64,66,73,75,76,77,78,82,83,86,87,99,100,101,104,105,106,107,109,110,113,115,119,120,36,4,80,28,118,96,74,94,98,5,68,11,88,18,37,65,67,90,59,60,17,53,46,33,6,26,
3to 8:1,2,3,6,7,8,9,12,13,14,15,18,20,22,27,28,33,34,35,44,47,48,49,51,53,56,57,58,59,64,66,69,77,78,79,81,82,86,87,97,100,101,102,106,107,109,117,118,119,105,40,93,37,60,24,11,96,85,116,114,90,5,94,36,21,26,10,71,54,108,4,17,46,88,62,
3to 9:2,3,4,5,6,14,15,16,17,19,20,22,28,29,35,36,39,40,43,44,46,47,48,49,51,54,55,62,64,65,66,73,76,82,86,89,90,95,99,104,105,109,112,113,115,118,120,83,8,37,72,26,85,75,103,106,93,52,50,110,68,34,77,91,53,92,74,71,23,33,18,1,88,108,59,11,67,24,79,78,12,
4to 1:1,2,3,4,5,6,10,11,12,18,22,24,25,26,27,29,30,31,32,34,36,37,41,43,44,46,51,52,53,54,58,59,61,62,65,66,68,69,70,72,75,77,79,82,85,87,88,89,90,91,96,97,99,100,102,104,107,108,109,113,116,117,120,33,83,78,112,23,55,45,67,86,35,60,118,103,64,50,56,57,
4to 2:2,3,4,8,11,12,13,18,22,23,25,26,27,34,36,38,41,42,43,47,48,52,54,59,64,68,69,72,74,80,83,84,85,87,88,91,92,98,101,102,103,106,107,108,110,113,115,116,117,118,120,100,37,50,99,58,32,44,90,60,55,94,65,63,109,10,78,6,67,86,53,33,19,57,104,81,82,1,
4to 3:1,2,3,4,6,8,10,11,12,14,15,16,18,22,23,24,25,27,32,34,35,40,42,43,44,45,46,47,50,51,55,58,59,64,65,67,68,69,72,74,76,83,84,85,86,87,88,97,104,106,107,108,109,115,116,119,52,36,53,78,29,30,110,105,99,82,112,60,94,103,81,77,37,113,56,33,26,
4to 4:
4to 5:1,2,3,10,12,13,14,15,17,18,19,22,24,26,27,28,34,35,41,43,44,46,47,48,51,52,54,58,59,61,62,65,68,69,71,72,73,74,75,79,80,83,88,89,98,99,101,102,108,109,110,113,115,117,120,55,50,56,53,6,42,90,111,32,21,33,63,104,4,81,118,60,67,82,91,86,78,
4to 6:2,4,8,10,11,12,14,15,16,18,19,22,24,25,27,28,31,36,38,40,41,42,44,47,48,51,52,53,56,57,58,61,62,64,65,66,68,72,73,77,79,80,83,87,89,92,97,99,100,102,115,116,117,120,82,6,37,104,29,81,26,55,90,105,45,91,113,107,54,78,43,30,76,23,86,60,3,67,50,
4to 7:2,4,5,8,11,12,13,14,17,18,19,22,24,25,26,27,35,36,38,41,45,46,47,52,58,59,60,61,62,64,65,69,72,73,74,79,80,83,84,85,87,88,90,97,101,104,106,108,109,110,112,113,115,119,120,99,53,30,118,100,23,91,55,6,7,54,56,43,105,94,77,1,81,50,67,28,78,86,57,3,82,
4to 8:5,8,11,12,14,18,20,22,29,30,32,35,36,46,47,50,51,54,58,62,66,67,68,69,73,76,79,82,83,84,87,88,89,101,102,104,108,110,111,112,115,116,117,119,4,44,6,28,90,7,118,63,109,56,23,26,86,103,60,77,113,2,52,64,91,57,19,59,3,78,
4to 9:1,2,3,4,6,8,12,13,14,15,18,20,22,23,24,25,26,27,31,34,37,38,42,44,45,46,47,48,51,52,53,55,59,61,62,65,66,67,68,70,72,73,74,75,77,82,83,84,87,88,89,92,101,103,107,110,111,115,120,99,29,91,58,60,94,112,64,100,79,50,78,108,57,36,56,54,104,113,90,21,28,86,
5to 1:1,2,3,4,6,7,10,11,12,14,15,17,20,24,28,30,31,32,33,34,36,39,43,44,48,50,51,53,55,56,58,60,61,63,65,66,67,70,74,78,80,82,83,87,89,90,91,92,93,94,97,98,99,101,103,107,108,110,112,113,116,118,45,37,88,9,102,72,41,111,25,71,59,19,13,100,68,64,18,57,35,109,21,119,40,62,86,
5to 2:2,3,4,6,14,15,20,27,30,34,39,40,43,45,47,48,50,53,54,56,59,62,65,67,68,74,76,80,81,83,90,91,92,93,94,95,97,99,101,104,105,106,107,110,113,115,116,118,64,49,18,19,98,72,12,73,42,22,17,111,25,13,21,57,58,55,23,102,119,36,109,108,26,86,11,88,79,1,
5to 3:1,3,4,6,9,10,14,15,18,20,21,22,24,26,28,33,39,44,46,47,49,51,53,54,56,60,65,67,72,74,78,82,83,88,90,91,93,94,95,96,97,99,101,104,106,107,109,110,112,113,115,116,119,120,23,59,45,50,111,37,42,117,76,5,75,13,68,11,36,87,35,19,86,62,2,102,79,12,40,52,57,43,64,
5to 4:1,4,6,10,12,14,15,20,22,25,26,28,29,31,32,34,36,42,44,47,48,53,54,58,60,61,65,67,68,69,73,74,77,79,81,82,83,87,89,91,93,97,98,99,102,104,105,107,110,112,113,115,119,120,2,50,57,64,37,45,95,43,55,76,88,72,18,21,33,117,23,11,90,41,27,17,59,56,86,62,108,
5to 5:
5to 6:2,3,6,7,9,10,11,12,14,15,20,24,25,26,27,28,30,39,40,43,44,45,47,48,51,53,58,59,61,66,68,69,71,72,78,79,80,82,83,87,89,91,93,98,99,103,106,107,109,111,113,115,116,118,102,73,36,95,50,5,42,22,119,41,33,97,37,70,56,19,64,86,57,17,62,
5to 7:3,4,6,10,12,14,20,24,27,28,30,34,39,42,43,47,48,53,54,56,57,59,60,61,63,65,67,68,72,73,76,78,83,87,91,92,94,98,99,101,103,104,105,106,107,108,109,110,113,115,118,119,33,35,45,70,13,100,114,11,52,5,117,49,17,41,74,21,62,90,80,22,71,64,102,86,2,36,19,18,50,40,1,79,
5to 8:2,3,6,9,10,12,14,15,18,19,22,24,28,30,32,34,36,41,42,44,46,47,50,51,52,53,54,56,66,68,69,73,77,78,82,83,86,89,91,93,94,96,99,101,104,105,106,108,113,116,118,119,43,58,87,90,21,37,5,88,17,57,49,1,72,71,7,13,111,117,102,25,109,76,20,40,59,11,33,62,79,
5to 9:1,3,6,7,14,15,20,24,26,27,28,34,39,40,43,46,47,48,51,52,53,56,60,61,62,66,67,68,71,72,75,78,80,82,83,86,89,91,92,99,101,104,105,107,108,110,112,113,115,118,49,19,50,103,5,95,102,59,21,42,111,13,106,64,55,87,45,109,22,120,31,57,90,36,33,79,
6to 1:1,3,4,5,11,15,17,20,21,22,23,25,26,27,28,30,33,36,37,38,39,40,41,44,45,47,48,51,52,57,58,59,60,61,62,64,65,66,67,68,72,75,77,80,81,83,87,88,89,90,96,99,102,103,104,105,108,116,118,119,14,9,10,101,70,86,50,92,7,56,107,24,76,113,12,82,31,18,91,
6to 2:1,4,5,6,7,8,11,12,15,16,17,18,19,21,24,25,26,27,28,30,35,39,41,44,45,51,52,57,58,62,63,64,65,66,67,68,71,73,77,78,80,81,88,89,90,94,95,99,100,102,103,105,106,109,115,117,118,10,50,86,54,93,55,101,113,14,74,98,92,83,79,3,119,104,87,120,59,47,91,31,108,22,
6to 3:4,7,8,9,10,11,15,17,19,21,22,23,24,26,27,28,29,33,35,36,37,38,39,40,44,50,51,52,53,54,56,57,58,59,60,62,64,65,66,67,72,77,79,87,88,95,99,101,103,105,106,107,109,110,115,76,5,18,83,93,120,92,74,118,119,14,30,31,47,102,81,46,89,104,43,6,78,12,3,
6to 4:1,2,4,8,11,12,15,16,17,20,21,23,27,28,29,32,35,36,37,41,43,44,45,46,47,48,51,52,53,54,56,58,59,60,61,65,66,67,68,73,79,82,87,88,89,90,99,103,107,108,113,118,119,120,30,101,74,83,97,64,102,6,26,86,10,33,24,22,81,50,78,104,
6to 5:1,4,6,10,11,15,17,18,19,20,21,26,27,28,29,30,33,37,39,40,41,42,44,45,46,47,50,51,52,57,58,61,63,64,66,68,72,73,79,80,81,82,88,89,90,91,95,105,106,107,109,111,113,115,116,117,120,87,23,5,119,93,74,7,98,36,12,104,83,102,97,78,101,76,71,43,59,86,62,67,103,3,22,
6to 6:
6to 7:4,5,6,8,10,11,17,18,24,27,28,30,33,35,37,38,39,40,46,48,50,52,53,54,56,57,58,59,60,61,62,64,65,66,67,68,72,73,79,80,82,88,90,91,93,99,100,105,106,109,110,120,7,47,102,26,92,45,83,71,87,43,41,97,89,74,3,107,12,78,113,86,81,104,103,31,36,22,119,118,
6to 8:2,8,10,11,12,14,15,17,19,20,21,22,23,24,26,27,31,32,35,36,37,40,44,46,50,51,52,54,57,58,59,63,64,68,70,77,79,81,87,88,89,91,99,101,102,103,105,106,107,110,111,114,116,45,93,9,119,73,56,5,92,7,97,71,78,43,30,113,47,76,62,83,82,3,118,67,
6to 9:1,8,11,12,16,19,20,21,23,24,27,28,30,31,33,37,38,40,41,43,44,45,48,51,52,54,56,57,58,60,61,64,67,68,75,77,78,79,80,81,82,87,88,90,91,100,101,102,103,106,107,110,111,115,120,73,86,46,83,18,22,104,47,92,5,97,71,6,76,62,36,113,10,118,50,3,26,119,
7to 1:1,2,3,4,10,12,13,16,18,20,22,24,26,30,31,36,37,39,40,45,47,50,51,53,54,56,57,58,60,64,66,69,70,71,74,75,76,78,81,82,83,85,86,87,91,94,96,97,102,106,107,108,109,113,119,120,33,27,101,17,67,114,41,7,80,5,28,89,68,23,6,52,118,25,65,103,88,104,62,11,
7to 2:2,3,4,6,10,11,12,13,16,17,19,23,26,30,31,34,38,41,42,48,49,56,57,58,59,60,61,64,65,66,67,72,73,74,79,81,82,84,85,86,87,91,94,98,102,104,105,106,107,108,109,113,115,117,118,119,120,7,68,5,47,14,35,27,99,89,63,101,80,103,90,18,52,62,28,1,
7to 3:1,2,3,4,12,13,17,18,22,24,25,27,33,35,37,38,39,40,41,42,45,46,47,49,51,54,56,58,59,60,64,65,66,71,74,76,78,81,82,83,84,86,87,88,89,91,92,93,94,97,99,103,106,107,108,109,110,115,118,119,52,90,120,21,6,23,67,117,5,7,14,50,43,101,53,19,36,11,28,26,
7to 4:2,10,12,13,14,17,22,25,29,35,36,37,38,42,47,50,52,57,58,59,60,65,66,68,69,74,76,77,78,79,80,84,86,87,88,91,94,99,100,102,105,107,108,110,113,23,6,43,103,45,119,41,117,61,63,1,114,28,4,53,27,82,118,21,120,90,101,67,89,104,109,62,64,56,3,18,26,
7to 5:2,3,4,9,12,13,14,17,20,22,26,27,30,33,34,35,36,39,40,42,43,47,48,50,53,57,58,59,60,66,76,78,79,81,82,85,86,87,88,91,92,93,98,100,102,103,104,105,106,107,108,113,115,117,118,119,120,5,101,109,28,41,7,80,90,61,65,62,97,45,25,89,68,64,21,19,18,67,6,11,1,
7to 6:1,2,4,9,11,13,17,19,22,23,24,25,27,30,33,37,39,40,42,46,47,48,51,56,57,58,59,60,64,67,69,73,76,77,78,79,82,86,87,100,102,105,106,107,108,113,117,120,5,101,68,18,53,7,38,61,14,63,109,80,52,45,31,41,65,70,83,89,54,103,21,119,36,43,28,50,26,6,81,118,12,
7to 7:
7to 8:1,2,3,4,11,12,13,18,19,20,22,24,30,36,40,42,47,49,50,54,56,57,58,59,60,62,64,65,69,71,73,76,77,78,79,80,81,82,84,85,86,87,90,91,92,93,94,99,102,105,106,107,108,113,120,7,101,23,35,70,68,41,14,117,104,26,43,109,28,118,6,31,46,17,52,103,119,27,
7to 9:2,3,9,10,11,14,17,18,22,24,30,34,36,39,40,41,42,46,47,49,50,51,54,56,57,59,60,64,68,70,73,75,76,77,78,79,80,81,82,83,84,85,86,87,91,92,94,99,100,104,105,106,107,108,113,115,118,120,103,38,67,61,114,117,89,65,13,7,6,88,35,25,23,28,52,109,90,53,43,19,31,26,1,
8to 1:1,3,5,6,7,9,12,14,18,21,23,25,27,28,31,33,35,36,37,41,46,48,53,54,55,56,57,58,62,67,68,69,76,77,78,82,83,85,86,90,91,93,97,98,99,101,102,107,111,113,116,117,87,114,63,8,103,30,66,51,96,26,64,45,108,32,2,65,60,105,47,22,24,71,89,118,10,20,11,59,40,19,88,109,
8to 2:1,3,5,6,7,12,14,15,17,20,21,22,27,31,35,41,42,49,50,53,54,55,56,57,60,64,67,68,69,76,79,80,83,85,86,87,88,89,90,92,93,94,99,100,101,106,111,113,115,116,120,117,108,48,37,66,105,44,58,16,118,32,13,112,9,102,59,30,40,43,25,82,77,103,19,2,109,47,46,11,26,
8to 3:3,4,5,6,10,12,13,14,16,18,19,22,23,27,29,30,31,32,35,36,37,41,42,43,48,49,50,52,54,58,62,69,76,77,78,79,81,83,86,89,92,94,97,99,102,106,107,108,110,111,118,8,114,24,15,45,66,28,51,20,40,116,85,60,11,65,7,101,103,91,93,71,105,119,26,47,1,109,67,53,46,64,17,2,88,
8to 4:1,3,4,6,12,13,14,15,18,20,21,23,24,26,27,33,35,41,43,45,46,52,55,56,57,58,59,67,68,69,73,76,77,78,83,86,89,90,91,92,93,94,98,99,101,103,111,113,115,22,66,110,25,118,53,65,44,107,112,60,37,28,32,36,108,100,105,87,30,109,104,82,19,11,47,2,50,88,
8to 5:3,4,5,12,17,18,19,24,27,31,35,41,43,46,49,50,51,52,54,55,56,57,58,62,64,68,69,77,80,83,86,87,88,89,90,92,93,94,99,101,104,106,107,109,111,113,115,116,120,2,105,13,66,9,15,117,34,102,78,32,14,11,112,114,28,20,30,7,22,48,45,47,1,103,59,36,79,119,26,40,108,82,
8to 6:3,4,5,6,7,11,12,13,16,20,27,29,36,37,41,42,52,54,56,57,58,62,66,68,70,71,73,76,77,80,83,89,92,93,98,99,101,102,103,106,109,111,113,115,117,120,26,43,24,46,47,119,15,22,14,87,100,10,51,55,45,48,53,107,30,67,28,40,64,88,104,50,118,79,17,
8to 7:1,3,4,12,18,21,23,27,31,35,36,40,41,46,48,52,54,56,58,66,67,68,69,71,73,76,77,78,79,80,81,82,86,87,89,90,94,96,97,98,99,100,101,102,104,106,113,115,118,119,120,17,65,13,20,14,85,108,30,6,60,10,53,105,7,110,107,47,91,11,26,2,109,64,24,50,22,
8to 8:
8to 9:1,2,3,7,11,14,17,22,23,27,29,36,41,42,46,47,49,50,52,54,55,56,58,66,68,71,73,76,77,79,83,86,89,90,94,99,102,103,105,106,109,110,113,120,108,118,25,37,114,119,34,12,51,44,15,112,24,20,64,48,70,100,60,59,30,13,88,82,101,91,107,104,26,28,78,40,18,
9to 1:1,5,11,13,14,15,19,24,25,26,27,31,33,34,37,38,44,45,47,50,51,56,60,62,66,67,68,71,72,75,76,81,86,89,90,94,98,99,101,102,107,108,109,110,111,112,113,119,39,85,52,77,18,104,103,3,106,20,97,118,83,61,17,57,117,59,30,91,2,36,64,21,28,82,79,22,88,6,
9to 2:3,4,5,6,7,8,11,13,14,15,19,26,27,34,47,49,51,52,55,59,61,66,67,68,72,73,75,76,78,80,88,89,92,94,100,102,104,105,106,107,110,113,115,119,44,111,109,99,38,50,84,12,103,85,90,35,87,91,60,58,40,31,22,77,10,64,83,86,56,2,118,79,82,1,
9to 3:2,3,4,5,6,7,8,11,14,15,17,18,22,23,26,27,28,29,31,33,34,39,43,44,47,51,52,53,54,55,56,58,60,64,65,66,67,72,75,76,78,81,82,88,90,91,92,94,101,106,107,108,109,110,111,112,113,118,120,99,49,38,79,46,9,86,70,48,97,50,87,13,83,104,103,1,35,20,77,119,62,57,
9to 4:1,3,4,6,10,14,15,19,23,25,26,27,29,32,33,34,36,37,38,42,43,44,46,47,51,53,55,56,58,59,66,67,68,72,76,77,79,81,82,88,94,98,100,101,102,103,105,107,109,110,113,115,118,119,120,84,111,90,8,20,99,104,60,35,87,70,91,31,52,50,57,22,65,78,18,86,
9to 5:1,2,5,6,11,14,15,19,22,24,25,26,29,34,42,43,47,50,51,66,68,71,72,75,76,78,80,81,86,89,90,91,92,93,100,101,102,103,104,110,113,114,115,120,106,36,108,13,70,39,62,77,41,119,59,40,10,20,117,49,111,58,37,46,109,64,21,83,82,3,57,88,79,
9to 6:3,5,6,7,11,13,18,25,26,28,29,36,38,42,43,44,45,50,51,53,54,56,57,59,61,67,68,71,73,75,76,77,78,80,86,89,92,93,98,101,102,104,106,107,113,115,118,119,87,8,64,39,30,74,37,111,58,2,46,70,9,88,47,10,103,91,83,17,24,52,79,22,12,1,62,108,31,82,
9to 7:2,4,6,11,13,14,21,23,24,26,27,28,34,36,38,39,42,47,49,53,56,60,61,62,66,67,71,72,74,76,78,79,81,83,90,91,92,93,94,98,100,104,107,110,113,115,118,103,101,41,50,109,97,8,52,37,70,20,64,58,77,31,18,12,99,35,106,25,40,3,22,59,86,82,108,46,88,119,1,17,
9to 8:1,4,6,7,11,13,14,15,18,21,25,31,32,36,40,42,43,44,47,51,52,62,68,71,72,76,77,78,79,81,83,89,90,92,93,94,107,110,113,114,115,118,12,49,112,8,86,58,99,28,41,37,30,50,108,48,9,35,34,103,3,22,106,56,88,2,46,109,82,
9to 9:

cell1:9,6,5,4,2,3,8,7,
cell2:3,5,1,4,6,8,9,7,
cell3:2,1,8,9,4,5,7,6,
cell4:3,7,2,5,1,9,8,6,
cell5:9,8,3,7,4,1,2,6,
cell6:8,2,9,4,7,1,5,3,
cell7:5,3,1,2,6,4,9,8,
cell8:3,2,5,6,1,9,4,7,
cell9:1,4,5,6,7,2,8,3,
