machine1:0,32,17,24,42,9,34,26,4,49,16,33,15,20,48,43,13,10,44,1,31,21,23,38,25,14,29,39,3,2,28,36,47,30,22,27,5,45,11,46,18,41,40,50,8,37,7,
machine2:0,17,24,42,9,12,26,4,49,6,16,33,15,20,48,43,35,44,1,31,21,23,38,25,14,29,39,19,3,2,28,36,47,30,22,27,5,45,11,46,18,41,40,50,8,7,
machine3:0,32,24,9,12,34,26,4,49,6,16,20,48,43,35,13,10,44,1,21,23,38,25,14,29,39,19,3,2,28,36,47,30,22,27,5,45,11,46,18,40,8,37,7,
machine4:0,32,17,24,34,49,6,16,15,48,35,13,10,44,1,31,21,23,38,14,29,39,19,3,2,28,36,47,30,22,27,5,45,11,46,18,41,40,50,8,37,7,
machine5:0,32,24,42,12,34,26,4,49,6,16,20,43,35,13,44,1,21,23,38,25,14,29,39,19,3,2,28,36,47,30,22,27,45,11,46,18,41,40,50,8,37,7,
machine6:0,24,42,12,34,26,4,49,15,20,48,43,35,13,10,44,1,31,21,23,38,25,14,29,39,19,3,2,28,36,47,30,22,27,5,45,11,46,18,41,40,50,8,37,7,
machine7:0,32,24,42,9,12,34,26,4,49,6,16,33,20,48,43,35,13,10,44,1,31,21,23,38,25,14,29,39,3,28,36,47,22,27,5,45,11,46,18,41,40,50,8,37,7,
machine8:0,32,17,24,42,9,34,26,4,49,16,33,15,20,48,35,13,10,44,1,21,23,38,25,14,29,39,19,3,2,28,36,47,30,22,27,45,11,46,18,41,40,50,8,37,7,
machine9:0,32,24,9,12,26,4,6,16,20,48,43,35,13,10,1,31,21,23,25,14,39,19,3,2,28,36,47,30,22,27,5,45,11,46,18,41,40,50,8,37,7,
machine10:0,24,34,26,4,49,6,33,15,20,48,43,13,10,1,31,21,38,25,14,29,19,2,28,36,47,30,22,27,5,45,11,46,18,41,40,50,8,37,7,
machine11:0,32,17,24,42,12,34,4,49,6,16,15,20,48,43,13,10,44,1,31,21,23,38,25,29,39,19,2,28,36,47,30,22,27,45,11,18,41,40,50,8,37,7,
machine12:0,32,17,24,42,9,12,34,26,4,49,6,16,33,15,20,48,43,35,13,10,44,1,31,21,23,38,25,14,29,39,19,3,2,28,36,47,30,22,27,5,45,11,46,18,41,40,50,8,37,7,
machine13:0,32,17,24,9,12,34,26,4,49,6,16,15,20,48,43,10,1,31,21,23,25,14,29,39,3,2,28,36,47,30,22,27,5,45,11,46,18,41,40,50,8,37,7,
machine14:0,17,24,42,9,34,4,49,6,16,33,15,20,48,43,35,13,10,44,1,31,21,23,38,25,14,29,39,19,3,2,28,36,47,30,22,27,5,45,11,46,18,41,40,50,8,37,7,
machine15:0,32,17,24,42,9,12,34,4,49,16,33,15,48,43,35,10,44,1,31,21,23,38,25,14,29,39,19,3,2,28,36,47,30,22,27,5,45,11,46,18,41,40,50,8,37,7,

1to 1:
1to 2:1,4,6,7,10,12,13,14,16,17,18,19,20,22,25,26,27,30,31,32,34,36,40,41,42,43,44,47,48,49,24,9,11,15,29,39,38,3,35,45,23,21,8,37,2,50,28,46,5,
1to 3:1,2,4,5,6,7,10,12,13,14,16,17,18,19,20,24,25,27,28,29,30,31,32,34,35,38,40,42,43,44,45,46,47,48,49,9,26,23,11,3,8,41,21,39,50,36,22,37,
1to 4:1,3,4,5,6,10,12,13,14,16,17,18,19,24,25,26,27,28,30,31,32,34,35,36,41,42,43,44,46,47,48,49,29,23,8,15,38,33,21,50,7,11,40,22,45,39,37,2,
1to 5:1,2,5,6,7,8,10,12,13,14,16,17,18,19,20,24,25,26,27,28,29,30,31,32,34,35,39,42,43,44,46,47,48,49,50,40,4,9,15,33,45,3,23,11,41,38,22,21,36,37,
2to 1:1,3,4,5,6,8,9,10,11,12,14,16,17,18,20,22,24,26,27,29,30,31,32,34,35,36,38,39,42,44,46,48,49,13,28,15,43,40,25,21,45,50,2,23,41,19,7,47,37,
2to 2:
2to 3:1,3,4,5,6,8,9,10,12,13,14,15,16,18,21,22,23,24,25,26,28,29,30,31,34,35,38,39,41,42,43,46,48,50,11,44,32,2,36,20,45,49,19,27,40,7,37,47,
2to 4:1,3,4,6,8,9,11,12,13,14,15,16,18,21,22,23,24,25,26,27,28,29,31,33,34,35,36,37,38,39,40,41,42,44,45,46,48,50,20,32,10,2,47,19,49,30,43,5,7,
2to 5:1,3,4,5,6,8,9,12,13,14,15,16,18,21,22,23,24,26,28,29,30,31,33,34,36,37,39,42,44,48,49,50,35,17,19,32,20,10,25,43,11,38,2,41,27,40,45,47,46,7,
3to 1:1,2,3,4,5,6,7,12,13,14,15,16,17,19,20,21,23,24,25,26,27,28,31,34,35,37,38,41,43,45,46,47,48,50,9,40,49,18,44,29,10,8,39,36,30,22,11,
3to 2:1,3,4,5,7,11,12,13,14,15,18,19,20,21,22,23,24,25,26,27,28,29,31,32,34,35,37,38,39,42,43,45,46,47,50,40,9,49,6,16,10,44,36,48,30,8,41,2,
3to 3:
3to 4:1,2,3,4,6,7,8,10,12,13,14,15,16,19,21,22,23,24,25,26,27,28,31,32,33,34,35,37,38,39,40,41,42,45,46,49,50,48,9,44,36,20,5,29,30,43,11,47,18,
3to 5:1,2,4,8,10,11,12,13,14,15,16,17,19,20,21,22,23,24,25,26,27,28,31,32,34,35,37,38,39,40,42,43,45,46,47,48,50,33,6,9,29,44,49,5,3,18,30,41,7,36,
4to 1:1,2,3,7,9,10,12,13,14,15,16,17,18,19,24,25,27,28,29,31,34,35,39,41,43,45,46,47,48,49,50,26,37,4,36,44,38,22,11,5,33,30,23,40,20,21,8,
4to 2:1,2,3,5,6,7,8,9,10,12,13,14,18,19,21,22,24,25,26,27,28,29,31,32,34,35,37,39,40,41,43,45,46,48,49,50,42,15,47,20,23,4,36,44,30,38,11,
4to 3:1,2,3,6,9,10,12,13,14,15,16,19,24,25,26,27,28,31,32,34,35,37,39,40,41,43,44,45,46,48,49,21,22,42,4,33,20,11,38,23,30,7,8,29,18,50,47,36,5,
4to 4:
4to 5:1,2,3,6,7,8,9,10,12,13,14,16,17,19,24,25,26,27,28,30,32,33,34,35,36,37,39,40,41,43,45,46,47,48,49,50,5,18,20,44,42,31,29,11,15,4,23,22,38,21,
5to 1:6,7,12,13,15,17,18,19,20,22,23,27,29,31,33,34,35,36,39,40,42,43,44,45,47,48,49,50,9,8,24,1,25,26,16,30,4,11,3,10,21,38,41,2,46,14,28,37,5,
5to 2:2,3,4,5,9,10,12,13,15,16,17,19,22,23,24,26,27,28,29,30,33,35,36,37,38,39,40,43,45,46,47,49,34,1,31,32,21,42,8,44,6,20,48,41,25,7,14,50,11,18,
5to 3:3,5,9,12,13,15,17,20,23,24,25,28,31,32,33,34,36,37,38,39,40,42,45,49,44,30,48,19,4,26,1,10,14,6,43,16,18,21,29,46,2,22,41,7,11,27,50,47,8,
5to 4:2,3,10,12,13,15,16,17,19,20,22,24,27,29,32,33,35,36,37,39,41,43,45,46,47,48,49,31,42,26,30,9,34,4,44,25,23,28,6,40,1,5,38,11,18,14,21,7,8,50,
5to 5:

cell1:3,4,5,2,
cell2:4,3,1,5,
cell3:2,1,4,5,
cell4:5,1,3,2,
cell5:4,2,1,3,
