machine1:0,17,9,15,31,25,10,30,23,33,29,41,44,34,3,45,4,43,26,11,8,40,36,18,28,49,48,5,20,38,22,37,14,2,7,32,42,1,13,27,50,24,39,16,46,47,21,
machine2:0,17,12,9,35,15,31,25,30,23,33,19,29,41,44,3,45,4,43,26,11,8,40,36,18,28,49,48,5,20,38,22,6,14,2,7,42,1,27,50,24,39,16,46,47,21,
machine3:0,12,9,35,25,10,30,23,19,29,44,34,3,45,4,43,26,11,8,40,36,18,28,49,48,5,20,38,22,6,37,14,2,7,32,1,13,27,24,39,16,46,47,21,
machine4:0,17,35,15,31,10,30,23,19,29,41,44,34,3,45,11,8,40,36,18,28,49,48,5,38,22,6,37,14,2,7,32,1,13,27,50,24,39,16,46,47,21,
machine5:0,12,35,25,30,23,19,29,41,44,34,3,45,4,43,26,11,8,40,36,18,28,49,20,38,22,6,37,14,2,7,32,42,1,13,27,50,24,39,16,46,47,21,
machine6:0,12,35,15,31,25,10,30,23,19,29,41,44,34,3,45,4,43,26,11,8,40,36,18,28,49,48,5,20,38,22,37,14,2,7,42,1,13,27,50,24,39,46,47,21,
machine7:0,12,9,35,31,25,10,23,33,29,41,44,34,3,45,4,43,26,11,8,40,36,18,28,49,48,5,20,38,22,6,37,14,7,32,42,1,13,27,50,24,39,16,46,47,21,
machine8:0,17,9,35,15,25,10,30,23,33,19,29,41,44,34,3,45,4,26,11,8,40,36,18,28,49,48,20,38,22,37,14,2,7,32,42,1,13,27,50,24,39,16,46,47,21,
machine9:0,12,9,35,31,25,10,30,23,19,41,3,45,4,43,26,11,8,40,36,18,28,48,5,20,22,6,37,14,2,7,32,1,13,27,50,24,39,16,46,47,21,
machine10:0,15,31,25,10,30,33,19,29,41,34,45,4,43,26,11,8,40,36,18,28,49,48,5,20,38,22,6,37,14,2,7,1,13,27,50,24,46,47,21,
machine11:0,17,12,15,31,25,10,30,23,19,29,41,44,34,45,4,43,11,8,40,36,18,28,49,48,20,38,22,6,37,2,7,32,42,1,13,27,50,24,39,16,47,21,
machine12:0,17,12,9,35,15,31,25,10,30,23,33,19,29,41,44,34,3,45,4,43,26,11,8,40,36,18,28,49,48,5,20,38,22,6,37,14,2,7,32,42,1,13,27,50,24,39,16,46,47,21,
machine13:0,17,12,9,15,31,25,10,30,23,29,41,34,3,45,4,43,26,11,8,40,36,18,28,49,48,5,20,22,6,37,14,2,7,32,1,27,50,24,39,16,46,47,21,
machine14:0,17,9,35,15,31,25,10,30,23,33,19,29,41,44,34,3,45,4,43,11,8,40,36,18,28,49,48,5,20,38,22,6,37,14,2,7,42,1,13,27,50,24,39,16,46,47,21,
machine15:0,17,12,9,35,15,31,25,10,30,23,33,19,29,41,44,34,3,45,4,43,11,8,40,36,18,28,49,48,5,38,22,37,14,2,7,32,42,1,27,50,24,39,16,46,47,21,

1to 1:
1to 2:1,2,4,6,7,10,12,13,14,16,17,18,19,20,22,25,26,27,30,31,32,34,36,40,41,42,43,44,47,48,24,9,11,49,29,15,39,38,3,35,45,21,23,8,37,50,28,46,5,
1to 3:1,2,4,5,6,7,10,12,13,14,16,17,18,19,20,24,25,27,28,29,31,32,34,35,38,40,42,44,45,46,48,9,26,23,11,3,43,8,30,49,41,21,39,50,36,47,22,37,
1to 4:1,2,3,4,5,6,7,12,13,14,16,17,18,19,24,25,26,27,28,30,31,32,34,35,36,41,42,43,44,46,47,48,29,23,8,15,33,38,21,50,10,11,40,49,22,45,39,37,
1to 5:1,2,5,6,7,8,9,12,13,14,16,17,18,19,20,24,25,26,27,28,29,30,31,32,34,35,39,42,43,44,46,47,48,50,40,4,15,33,10,45,3,23,11,41,49,38,22,21,36,37,
2to 1:1,2,3,4,5,6,9,10,11,12,14,16,17,18,20,22,24,26,27,29,30,31,32,34,35,36,38,39,42,44,46,48,49,13,28,15,8,43,40,21,45,50,25,23,41,19,7,47,37,
2to 2:
2to 3:1,2,3,4,5,6,8,10,11,12,13,14,15,16,18,21,22,23,24,25,26,28,29,30,31,34,35,38,39,41,42,43,44,45,46,48,50,32,36,9,20,49,19,27,40,7,37,47,
2to 4:1,2,3,4,6,9,10,11,12,13,14,15,16,18,21,22,23,24,25,26,27,28,29,31,33,34,35,36,37,38,39,40,41,42,44,45,46,48,50,20,32,47,19,49,30,8,43,5,7,
2to 5:1,2,3,4,5,6,8,10,11,12,13,14,15,16,18,21,22,23,24,26,28,29,30,31,33,34,36,37,39,42,44,48,49,50,35,17,19,32,9,20,25,43,38,40,27,47,41,45,46,7,
3to 1:1,2,3,4,5,6,7,12,13,14,15,16,17,19,20,21,23,24,25,27,28,31,34,35,37,38,41,43,45,47,48,49,50,26,40,9,18,44,29,8,10,39,36,46,11,30,22,
3to 2:1,3,4,5,6,7,11,12,13,14,15,18,19,20,21,22,23,24,25,26,27,28,29,31,32,34,35,37,38,39,42,43,45,46,47,49,50,40,9,10,44,16,36,48,30,8,41,2,
3to 3:
3to 4:1,3,4,6,7,8,10,12,13,15,16,19,21,22,23,24,25,26,27,28,31,32,34,35,37,38,39,40,41,42,45,49,50,48,9,44,36,33,20,5,14,29,30,43,46,11,2,47,18,
3to 5:1,2,4,6,8,10,11,12,13,14,15,16,17,19,20,21,22,23,24,25,26,27,28,31,32,34,35,37,38,39,40,42,43,45,46,47,48,49,50,33,9,29,44,5,18,3,30,41,7,36,
4to 1:1,2,3,7,9,10,12,13,14,15,16,17,18,19,24,25,26,27,29,31,34,35,39,41,43,46,47,48,50,37,4,28,36,44,45,38,22,11,5,30,33,40,23,49,20,21,8,
4to 2:1,3,5,7,8,9,10,12,13,14,18,19,21,22,24,25,26,27,29,31,32,34,35,37,39,40,41,43,46,48,49,50,15,42,47,20,6,23,28,4,36,44,30,45,38,2,11,
4to 3:1,2,3,6,9,10,12,13,14,15,16,19,24,25,26,27,28,31,32,34,35,37,39,40,41,43,44,46,48,45,21,22,42,33,4,20,11,38,23,49,30,7,8,29,50,18,47,36,5,
4to 4:
4to 5:1,2,3,7,8,9,10,12,13,14,16,17,19,24,25,26,27,30,32,33,34,35,36,37,39,40,41,43,46,47,48,49,50,5,18,20,44,6,28,31,42,29,11,15,4,23,22,45,38,21,
5to 1:6,12,13,15,17,18,19,20,22,23,27,29,31,33,34,35,36,39,40,41,42,43,44,45,47,48,49,50,9,8,24,1,25,30,16,11,26,4,3,10,21,38,46,2,7,14,28,37,5,
5to 2:2,3,4,5,9,10,12,13,15,16,17,19,22,23,24,26,27,28,29,30,33,35,36,37,38,39,40,41,43,45,46,47,49,34,1,31,21,32,8,42,44,20,6,48,7,25,14,50,18,11,
5to 3:3,5,9,12,13,15,17,20,23,24,25,28,31,32,33,34,36,37,38,39,40,41,42,43,45,47,49,44,30,48,19,4,22,26,1,10,14,18,21,6,16,29,46,2,7,11,27,50,8,
5to 4:2,3,10,12,13,15,16,17,19,20,22,24,27,29,32,33,35,36,37,39,41,43,45,46,47,48,49,31,42,26,30,34,9,4,44,25,23,28,6,40,5,1,11,38,14,7,18,21,8,50,
5to 5:

cell1:3,4,5,2,
cell2:4,1,5,3,
cell3:1,2,4,5,
cell4:5,3,1,2,
cell5:4,2,1,3,
