machine1:0,49,8,34,18,29,10,17,23,45,20,33,44,40,13,36,28,15,31,21,30,9,4,26,43,5,41,1,48,11,22,3,7,25,38,47,39,2,50,37,14,32,42,27,46,24,16,
machine2:0,49,8,18,35,29,17,23,45,20,33,12,44,40,36,28,15,31,21,30,9,4,26,43,19,5,41,1,48,11,22,3,6,7,25,38,47,39,2,50,14,42,27,46,24,16,
machine3:0,49,8,34,18,35,29,10,23,45,20,12,44,40,13,36,28,21,30,9,4,26,43,19,5,1,48,11,22,3,6,7,25,38,47,39,2,37,14,32,27,46,24,16,
machine4:0,49,8,34,18,35,29,10,17,23,45,44,40,13,36,28,15,31,21,30,19,5,41,1,48,11,22,3,6,7,38,47,39,2,50,37,14,32,27,46,24,16,
machine5:0,49,8,34,18,35,29,23,45,20,12,44,40,13,36,28,21,30,4,26,43,19,41,1,11,22,3,6,7,25,38,47,39,2,50,37,14,32,42,27,46,24,16,
machine6:0,49,8,34,18,35,29,10,23,45,20,12,44,40,13,36,28,15,31,21,30,4,26,43,19,5,41,1,48,11,22,3,7,25,38,47,39,2,50,37,14,42,27,46,24,
machine7:0,49,8,34,18,35,29,10,23,45,20,33,12,44,40,13,36,28,31,21,9,4,26,43,5,41,1,48,11,22,3,6,7,25,38,47,39,50,37,14,32,42,27,46,24,16,
machine8:0,49,8,34,18,35,29,10,17,23,45,20,33,44,40,13,36,28,15,21,30,9,4,26,19,41,1,48,11,22,3,7,25,38,47,39,2,50,37,14,32,42,27,46,24,16,
machine9:0,8,18,35,10,23,45,20,12,40,13,36,28,31,21,30,9,4,26,43,19,5,41,1,48,11,22,3,6,7,25,47,39,2,50,37,14,32,27,46,24,16,
machine10:0,49,8,34,18,29,10,45,20,33,40,13,36,28,15,31,21,30,4,26,43,19,5,41,1,48,11,22,6,7,25,38,47,2,50,37,14,27,46,24,
machine11:0,49,8,34,18,29,10,17,23,45,20,12,44,40,13,36,28,15,31,21,30,4,43,19,41,1,48,11,22,6,7,25,38,47,39,2,50,37,32,42,27,24,16,
machine12:0,49,8,34,18,35,29,10,17,23,45,20,33,12,44,40,13,36,28,15,31,21,30,9,4,26,43,19,5,41,1,48,11,22,3,6,7,25,38,47,39,2,50,37,14,32,42,27,46,24,16,
machine13:0,49,8,34,18,29,10,17,23,45,20,12,40,36,28,15,31,21,30,9,4,26,43,5,41,1,48,11,22,3,6,7,25,47,39,2,50,37,14,32,27,46,24,16,
machine14:0,49,8,34,18,35,29,10,17,23,45,20,33,44,40,13,36,28,15,31,21,30,9,4,43,19,5,41,1,48,11,22,3,6,7,25,38,47,39,2,50,37,14,42,27,46,24,16,
machine15:0,49,8,34,18,35,29,10,17,23,45,33,12,44,40,36,28,15,31,21,30,9,4,43,19,5,41,1,48,11,22,3,7,25,38,47,39,2,50,37,14,32,42,27,46,24,16,

1to 1:
1to 2:1,2,4,6,7,10,12,13,14,17,18,19,20,22,25,26,27,30,31,32,34,36,40,42,43,44,47,48,49,24,9,11,16,29,15,39,38,3,35,8,45,21,23,41,37,50,28,46,5,
1to 3:1,2,4,5,6,7,10,12,13,14,16,17,18,19,20,24,25,27,28,29,31,32,34,35,38,40,41,42,44,45,46,47,48,49,9,26,23,11,3,43,30,8,21,39,50,36,22,37,
1to 4:1,2,3,4,5,6,10,12,13,14,16,17,18,19,24,26,27,28,30,31,32,34,35,36,41,42,43,44,46,47,48,49,29,23,8,15,33,38,21,50,7,25,11,40,22,45,39,37,
1to 5:1,2,5,6,7,8,9,10,12,13,14,16,17,18,19,20,24,25,26,27,28,29,30,31,32,34,35,39,42,43,44,46,47,48,49,50,40,4,11,15,33,45,3,23,41,38,22,21,36,37,
2to 1:1,3,4,5,6,9,10,11,12,14,15,16,17,18,20,22,24,26,27,29,30,31,32,34,35,36,38,39,40,42,44,46,48,49,13,28,43,21,45,50,25,2,23,41,8,19,7,47,37,
2to 2:
2to 3:1,3,4,5,6,9,10,12,13,14,15,16,18,21,22,23,24,25,26,28,29,30,31,34,35,38,39,41,42,43,44,45,46,48,50,11,2,32,36,8,20,49,19,27,40,7,37,47,
2to 4:1,3,4,6,9,11,12,13,14,15,16,18,21,22,23,24,25,26,27,28,29,31,33,34,35,36,37,38,39,40,41,42,44,45,46,48,50,20,32,10,2,19,49,30,43,5,7,8,47,
2to 5:1,3,4,5,6,9,12,13,14,15,16,18,21,22,23,24,26,28,29,30,31,33,34,36,37,39,40,42,44,48,49,50,35,17,19,32,20,10,25,43,11,38,47,27,2,41,45,46,7,8,
3to 1:1,2,3,4,5,6,7,12,13,14,15,16,17,19,20,21,23,24,25,26,27,28,31,34,35,37,38,39,41,43,45,48,50,40,9,49,18,11,44,29,8,10,36,46,30,22,47,
3to 2:1,3,4,5,6,7,12,13,14,15,16,18,19,20,21,22,23,24,25,26,27,28,29,31,32,34,35,37,38,39,41,42,43,45,46,47,50,40,9,49,10,44,36,11,48,30,8,2,
3to 3:
3to 4:1,3,4,6,7,8,10,12,13,14,15,16,19,21,22,23,24,25,26,27,28,31,32,34,35,37,38,39,40,41,42,45,49,50,48,9,44,36,33,20,47,5,29,30,43,46,11,2,18,
3to 5:1,2,4,6,8,10,12,13,14,15,16,17,19,20,21,22,23,24,25,26,27,28,31,32,34,35,37,38,39,40,41,42,43,45,46,48,50,33,9,29,44,49,5,18,3,30,7,36,47,11,
4to 1:1,2,3,7,9,11,12,13,14,15,16,17,18,19,24,25,27,28,29,31,34,35,41,43,47,48,50,26,37,4,36,44,45,38,22,5,30,33,10,39,46,40,23,49,20,21,8,
4to 2:1,2,3,5,7,9,10,11,12,13,14,18,19,21,22,24,25,26,27,28,29,31,32,34,35,37,39,40,41,43,48,49,50,15,42,47,20,6,8,23,4,36,44,30,45,38,46,
4to 3:1,2,3,6,11,12,13,14,15,16,19,24,25,26,27,28,31,32,34,35,37,39,40,41,43,44,48,45,21,10,22,42,4,20,9,33,38,23,49,46,30,7,29,8,50,18,47,36,5,
4to 4:
4to 5:1,2,3,7,10,11,12,13,14,16,17,19,24,25,26,27,28,30,32,33,34,35,36,37,39,40,41,43,46,47,48,49,50,5,18,20,44,6,31,42,29,9,15,4,23,22,45,38,21,8,
5to 1:6,7,10,12,13,17,18,19,20,22,23,27,29,31,33,34,35,36,39,40,42,43,44,45,47,48,49,50,9,8,24,15,1,25,30,16,11,26,4,3,21,38,41,46,2,14,28,37,5,
5to 2:2,3,4,5,9,10,12,13,15,16,17,19,22,23,24,26,27,28,29,30,33,35,36,37,38,39,40,43,45,46,47,49,34,1,31,21,32,8,42,44,20,6,48,7,25,41,14,50,18,11,
5to 3:3,5,9,12,13,15,17,20,23,24,25,28,31,32,33,34,36,37,38,39,40,42,43,45,49,44,30,48,19,4,26,1,14,18,21,6,16,29,10,46,2,22,7,41,11,27,50,47,8,
5to 4:2,3,10,12,13,15,16,17,19,20,22,24,27,29,32,33,35,36,37,39,41,43,45,46,47,48,49,31,42,26,30,34,9,4,44,25,23,28,6,40,5,1,11,38,18,14,21,7,8,50,
5to 5:

cell1:3,4,5,2,
cell2:4,3,1,5,
cell3:2,1,4,5,
cell4:5,3,1,2,
cell5:4,1,2,3,
