machine1:0,39,44,3,33,29,19,40,8,35,22,26,30,11,45,23,5,2,14,36,32,41,9,17,10,28,1,38,43,12,6,15,31,37,
machine2:0,20,39,42,3,33,29,19,40,8,35,34,24,18,13,22,7,30,11,23,5,14,36,32,41,9,17,10,28,25,1,16,38,43,12,6,15,37,27,
machine3:0,4,42,3,33,29,35,24,18,13,22,26,7,21,30,45,5,2,14,36,32,41,9,17,10,28,1,16,38,43,12,15,31,37,27,
machine4:0,20,39,44,42,3,40,8,34,24,13,22,26,7,21,30,45,5,14,36,32,9,17,10,25,1,16,38,43,12,6,15,31,37,
machine5:0,4,20,39,44,42,3,33,29,19,40,35,34,24,18,13,22,26,7,21,30,11,45,5,2,14,32,41,9,17,10,28,1,16,38,43,12,6,15,31,37,27,
machine6:0,4,20,39,44,3,33,29,40,8,35,34,24,18,13,22,26,7,21,30,11,45,23,5,2,14,36,32,41,9,17,10,28,25,1,16,38,43,12,6,15,31,37,27,
machine7:0,4,20,39,44,42,3,33,29,40,8,35,34,24,18,22,26,7,21,30,11,45,23,5,2,14,36,32,41,9,17,10,28,25,1,16,38,43,12,6,15,31,37,27,
machine8:0,4,20,39,44,42,3,33,29,40,8,35,34,24,18,13,22,26,7,21,30,11,23,5,2,14,36,32,41,9,17,10,28,25,1,16,38,43,12,6,15,31,37,27,
machine9:0,4,20,44,42,3,29,19,40,8,34,24,18,13,22,26,7,21,30,11,45,5,2,14,36,32,41,9,17,10,28,25,1,16,38,43,12,6,15,31,37,27,
machine10:0,20,39,44,42,3,33,29,19,40,8,35,34,24,18,13,22,26,7,45,5,2,14,36,41,9,17,10,28,25,1,16,38,43,12,6,15,31,37,27,
machine11:0,4,20,39,44,42,3,33,40,8,35,34,24,13,22,7,21,30,23,5,2,14,36,32,41,9,17,10,1,16,43,12,6,15,31,37,27,
machine12:0,39,44,42,3,33,29,19,40,8,35,34,24,18,13,22,26,7,21,30,11,45,23,5,2,14,36,32,41,9,17,10,28,25,1,16,38,43,12,6,15,31,37,27,
machine13:0,4,20,39,44,42,3,33,29,19,40,8,35,34,24,18,13,22,26,7,30,11,45,23,5,2,14,36,32,41,9,10,28,25,1,16,38,43,12,6,15,31,37,27,

1to 1:
1to 2:1,2,3,4,5,6,7,8,11,12,13,15,21,23,24,25,26,27,29,30,31,33,35,36,37,39,40,41,42,43,44,20,34,19,14,18,28,17,45,16,32,10,22,9,38,
1to 3:2,3,4,5,8,9,11,12,13,21,22,23,24,25,26,27,29,31,35,39,40,41,43,45,34,33,7,14,6,17,20,42,18,16,30,36,28,32,10,37,15,38,1,
1to 4:2,3,4,5,7,8,9,11,14,15,17,21,22,24,25,26,27,28,29,33,35,37,39,40,41,43,44,45,20,30,19,42,36,18,23,13,32,1,38,12,16,10,6,31,
1to 5:2,3,5,8,11,12,13,15,17,18,22,23,24,25,26,27,29,30,31,33,35,39,40,41,42,43,45,36,28,20,19,32,9,7,16,10,14,38,37,6,1,
2to 1:2,3,4,8,10,11,14,15,16,19,20,25,26,27,28,29,31,36,38,39,41,44,45,12,42,21,40,35,34,17,24,6,1,13,30,33,37,7,5,32,22,9,43,
2to 2:
2to 3:1,2,3,5,8,10,11,12,14,16,18,20,23,24,27,28,29,32,33,36,38,39,41,42,45,40,21,35,44,4,30,9,26,34,17,13,7,6,25,15,31,22,43,37,
2to 4:1,2,3,6,8,10,11,14,15,16,18,19,20,22,25,26,27,28,29,31,33,34,35,36,38,41,42,43,44,4,13,39,30,21,5,24,12,7,40,17,9,32,37,
2to 5:1,3,6,8,9,10,13,14,15,16,18,19,20,21,23,26,28,31,32,34,36,39,41,43,44,12,45,11,29,24,17,40,27,35,2,30,38,7,33,25,37,22,5,
3to 1:1,3,4,5,6,8,9,11,12,13,14,17,18,21,22,23,24,25,26,27,29,30,31,33,34,36,39,40,42,43,45,35,20,44,38,7,41,16,2,28,10,37,15,32,
3to 2:1,2,3,4,5,7,8,11,12,13,18,22,24,26,27,28,29,30,31,32,36,39,40,42,43,45,20,15,34,33,35,44,21,9,41,6,37,17,38,10,14,16,
3to 3:
3to 4:1,2,3,4,5,8,11,12,13,14,16,22,23,24,30,31,32,36,37,38,39,40,42,44,45,20,41,6,34,7,33,9,26,18,21,35,15,25,10,17,43,28,27,
3to 5:1,3,5,7,8,11,12,13,15,16,22,23,24,25,29,30,32,33,36,39,40,42,44,45,17,41,20,35,18,37,34,27,26,28,10,38,2,14,9,31,6,43,
4to 1:2,3,5,6,8,10,11,12,13,14,15,16,17,18,21,22,23,24,25,27,28,31,33,34,35,36,37,38,40,42,43,44,45,1,39,30,26,19,20,32,7,41,9,
4to 2:2,3,5,6,8,9,10,11,14,15,16,17,18,22,24,28,31,33,34,35,36,37,38,40,41,42,44,45,7,32,25,21,20,39,19,30,13,12,43,1,27,
4to 3:2,3,4,5,8,10,11,13,14,15,16,17,21,22,24,25,27,28,31,32,33,34,35,36,37,38,39,40,41,42,44,45,12,43,26,20,9,18,7,30,1,6,
4to 4:
4to 5:2,3,6,10,11,14,15,16,17,20,22,24,27,28,29,33,34,35,36,37,38,39,40,41,42,44,45,18,8,43,19,5,12,30,23,7,25,1,13,26,9,31,32,
5to 1:5,6,7,8,10,11,12,13,15,18,22,23,25,26,29,30,31,32,33,34,35,36,37,38,39,40,41,42,44,24,14,19,9,17,45,3,2,28,27,16,43,1,
5to 2:2,3,7,8,12,13,14,15,16,18,19,22,23,26,28,29,30,32,33,34,35,36,38,39,40,41,42,44,17,4,6,11,24,9,45,5,37,31,1,10,27,43,
5to 3:5,7,8,9,11,12,13,15,17,18,20,22,23,26,29,30,31,33,34,35,36,37,39,40,42,44,4,24,3,27,10,45,41,1,2,25,43,32,28,14,6,16,38,
5to 4:3,5,6,7,8,9,10,12,13,14,15,17,18,20,22,23,25,26,28,29,30,31,33,34,35,36,38,39,40,41,42,43,45,19,1,24,2,11,32,27,16,37,
5to 5:

cell1:3,4,5,2,
cell2:4,5,3,1,
cell3:2,4,5,1,
cell4:5,1,2,3,
cell5:4,2,1,3,
