0:	886.5999999999999	6,1,1,7,7,2,7,10,6,3,:	3,1,0,
1:	962.4	10,1,4,7,7,10,7,3,6,7,:	0,0,0,
2:	886.5999999999999	6,1,4,7,7,2,7,10,6,2,:	0,2,1,
3:	1216.7	6,1,8,5,7,10,7,3,4,8,:	2,0,2,
4:	886.5999999999999	6,1,1,7,7,10,7,3,4,8,:	2,2,2,
5:	933.5	6,1,8,7,7,8,10,7,1,8,:	0,0,2,
6:	933.5	6,1,8,7,7,8,10,7,4,8,:	0,0,2,
7:	933.5	6,1,8,7,7,8,10,1,4,8,:	0,0,2,
8:	933.5	6,1,8,7,7,8,10,7,4,5,:	0,0,3,
9:	933.5	6,1,3,7,7,8,10,7,4,8,:	0,0,2,
10:	943.6999999999999	6,1,4,7,7,8,1,0,4,8,:	2,0,3,
11:	943.6999999999999	6,1,4,7,7,7,1,0,4,8,:	1,0,1,
12:	943.6999999999999	6,1,4,7,7,8,1,3,4,8,:	2,0,1,
13:	943.6999999999999	6,1,4,7,7,8,1,0,5,8,:	2,0,1,
14:	943.6999999999999	6,1,4,7,7,8,1,0,4,8,:	0,1,3,
15:	933.5	6,1,8,7,7,8,10,7,4,8,:	0,0,1,
16:	933.5	6,1,8,7,7,8,10,7,4,10,:	0,1,1,
17:	943.6999999999999	6,1,4,7,7,8,1,0,4,8,:	3,1,1,
18:	933.5	6,1,4,7,7,8,10,3,4,3,:	0,0,2,
19:	1012.2	6,2,8,7,7,2,7,10,6,8,:	2,0,0,
20:	886.5999999999999	6,1,8,7,10,10,7,7,4,8,:	0,2,2,
21:	933.5	6,1,8,7,7,0,10,3,4,8,:	0,1,2,
22:	933.5	6,1,8,7,7,1,10,7,4,8,:	2,0,1,
23:	943.6999999999999	6,1,6,7,7,8,1,0,4,8,:	2,0,1,
24:	1106.6999999999998	6,1,8,8,7,8,10,7,4,8,:	3,0,1,
25:	933.5	6,1,8,7,7,8,10,7,4,8,:	2,1,1,
26:	886.5999999999999	6,1,4,7,7,10,7,3,6,6,:	1,1,1,
27:	886.5999999999999	6,1,4,7,7,10,8,3,6,7,:	3,3,1,
28:	943.6999999999999	6,1,4,7,7,8,1,0,4,8,:	2,0,2,
29:	943.6999999999999	6,1,4,7,7,8,1,9,4,8,:	2,0,2,
30:	943.6999999999999	6,1,4,7,7,8,1,0,4,0,:	2,0,2,
31:	943.6999999999999	6,1,4,7,9,8,1,0,4,8,:	0,1,3,
32:	943.6999999999999	6,1,1,7,7,6,1,0,4,8,:	2,2,1,
33:	1070.8	6,1,4,7,7,10,9,3,4,8,:	0,0,2,
34:	886.5999999999999	6,1,8,7,7,2,7,2,4,8,:	2,2,2,
35:	933.5	6,1,4,7,7,8,10,10,6,3,:	2,0,2,
36:	886.5999999999999	6,1,4,7,7,2,7,10,6,3,:	2,0,1,
37:	943.6999999999999	6,1,4,7,7,2,1,0,0,8,:	0,0,2,
38:	886.5999999999999	6,1,8,7,7,2,7,10,6,3,:	2,0,2,
39:	1060.3	6,1,4,7,7,10,5,3,4,8,:	2,0,3,
40:	933.5	6,1,8,7,6,8,10,7,4,8,:	3,1,1,
41:	933.5	6,1,8,7,7,4,10,7,4,8,:	0,0,2,
42:	933.5	6,1,8,7,7,8,10,7,4,8,:	0,2,1,
43:	943.6999999999999	6,1,4,7,7,8,1,0,4,8,:	2,1,2,
44:	886.5999999999999	6,1,8,7,7,3,7,3,4,8,:	2,0,2,
45:	943.6999999999999	6,1,4,7,7,8,1,0,4,8,:	2,1,1,
46:	989.8000000000001	3,1,4,7,7,8,10,7,4,8,:	2,2,1,
47:	933.5	6,1,8,7,7,8,10,0,4,8,:	0,1,1,
