0:	6692.299999999999	2,10,1,8,0,9,4,7,9,8,8,0,0,8,5,8,2,4,0,8,6,1,3,2,9,9,10,8,0,3,:	2,3,2,2,3,
1:	6692.299999999999	2,10,1,8,0,9,4,7,9,8,8,5,0,8,5,8,2,4,0,8,6,1,3,2,9,9,10,8,0,3,:	3,1,2,3,0,
2:	6707.799999999999	2,10,1,8,5,9,4,7,9,0,8,5,0,8,5,8,7,4,0,8,6,1,3,2,9,9,10,8,0,3,:	3,0,2,2,3,
3:	6707.799999999999	2,10,1,8,5,9,4,7,9,0,8,5,0,8,2,8,7,4,0,8,6,1,3,2,9,9,10,8,0,3,:	3,3,2,3,2,
4:	6745.6	2,10,8,8,5,9,4,7,9,0,8,5,0,8,5,8,7,4,0,8,6,1,3,6,9,9,10,8,0,3,:	3,2,2,2,3,
5:	7525.199999999999	2,10,1,8,5,9,4,7,9,5,8,5,0,8,5,8,7,4,0,8,6,1,3,2,9,9,10,8,0,3,:	3,0,2,3,2,
6:	6692.299999999999	2,10,1,8,0,9,4,7,9,8,8,5,0,8,5,8,2,4,0,8,6,1,3,2,9,9,0,8,0,3,:	3,3,2,2,2,
7:	6816.999999999999	2,10,1,8,5,9,4,7,9,0,8,5,0,8,5,8,7,4,0,5,6,1,3,6,9,9,10,8,0,3,:	3,2,2,2,3,
8:	6840.399999999999	2,10,1,8,5,9,4,7,9,0,8,5,0,8,2,8,7,4,0,7,6,1,0,2,9,10,6,8,0,3,:	3,1,2,3,0,
9:	6692.299999999999	2,10,1,8,0,9,4,7,9,10,8,5,0,8,5,8,2,4,0,8,6,1,3,2,9,9,10,8,0,3,:	2,1,2,1,3,
10:	9036.800000000001	2,6,1,8,5,9,4,7,9,0,8,5,0,8,2,8,7,4,0,8,6,1,0,2,9,10,6,8,0,3,:	3,1,2,3,0,
11:	6840.399999999999	2,10,1,8,5,9,4,7,9,0,8,5,0,8,2,8,7,4,0,8,6,1,0,7,9,10,6,8,0,3,:	1,1,2,3,0,
12:	6872.0	2,10,8,8,5,9,4,7,9,0,8,5,0,8,2,8,7,4,0,8,6,1,0,2,9,10,6,8,0,3,:	3,1,2,3,0,
13:	6840.399999999999	2,10,1,8,5,9,4,7,9,0,8,5,0,8,2,8,7,4,0,8,6,1,0,2,9,10,6,8,0,3,:	0,1,2,3,0,
14:	6829.099999999999	2,10,1,8,0,9,4,7,9,8,8,5,0,8,5,8,2,4,0,8,6,1,0,2,9,10,6,8,0,3,:	3,1,2,2,3,
15:	7149.4	2,10,1,8,5,9,4,7,9,0,8,5,0,8,2,4,7,4,0,8,6,1,3,2,9,9,10,8,0,3,:	2,2,2,2,0,
16:	6707.799999999999	2,10,1,8,5,9,4,7,9,0,8,5,0,8,5,8,7,4,0,8,6,1,3,2,8,9,10,8,0,3,:	3,1,2,2,3,
17:	6692.299999999999	2,10,1,8,0,9,4,7,9,8,8,5,0,8,5,8,2,4,0,8,6,1,3,2,9,9,10,8,0,3,:	3,2,2,2,0,
18:	6692.299999999999	2,10,1,8,0,9,4,7,9,0,8,5,0,8,5,8,2,4,10,8,6,1,3,2,9,9,10,8,0,3,:	3,1,2,3,1,
19:	6707.799999999999	2,10,1,8,5,9,4,7,9,8,8,5,0,8,5,8,7,4,0,8,6,1,3,6,9,8,10,8,0,3,:	3,1,2,3,0,
20:	7394.8	2,10,1,8,5,9,4,7,9,0,4,5,0,8,2,8,7,4,0,8,6,1,0,2,9,10,6,8,0,3,:	3,2,2,2,3,
21:	7700.4	2,10,1,8,5,9,4,7,9,0,8,5,0,8,2,8,7,4,0,8,6,1,0,2,9,10,6,6,0,3,:	3,3,2,2,3,
22:	7956.599999999999	2,10,1,8,5,9,4,7,9,8,8,5,0,8,5,8,2,4,0,8,6,1,0,2,9,10,6,6,0,3,:	3,1,2,2,3,
23:	7764.799999999997	2,10,1,8,0,9,4,7,9,0,5,5,0,8,2,8,7,4,0,8,6,1,3,2,9,9,10,8,0,3,:	3,3,2,2,3,
24:	6692.299999999999	2,10,1,8,0,9,4,7,9,8,8,5,0,8,5,8,2,4,0,8,2,1,3,2,9,9,10,8,0,3,:	1,0,2,3,2,
25:	6692.299999999999	2,10,1,8,0,9,4,7,9,8,8,5,0,8,5,8,2,4,0,8,6,1,3,2,10,9,10,8,0,3,:	0,2,2,2,3,
26:	6822.899999999999	2,10,1,8,5,9,4,7,9,0,8,5,0,8,2,8,7,4,0,8,6,1,0,2,9,10,6,8,5,3,:	3,1,2,3,1,
27:	6840.399999999999	2,10,1,8,5,9,4,7,9,0,8,5,0,8,2,8,7,4,0,8,6,1,0,2,9,10,6,8,0,3,:	3,1,2,3,1,
28:	6692.299999999999	2,10,1,8,0,9,4,7,9,8,8,5,0,8,5,8,2,4,0,8,6,1,3,2,9,9,10,8,0,3,:	3,1,2,2,0,
29:	11769.099999999999	2,10,1,9,5,9,4,7,9,0,8,5,0,8,5,8,7,4,0,8,6,1,3,6,9,9,10,8,0,3,:	3,0,2,3,3,
30:	6707.799999999999	2,10,1,8,5,9,4,7,9,0,8,7,0,8,5,8,7,4,0,8,6,1,3,2,9,9,10,8,0,3,:	0,1,2,2,3,
31:	6707.799999999999	2,10,1,8,5,9,4,7,9,0,8,5,8,8,5,8,7,4,0,8,6,1,3,2,9,9,10,8,0,3,:	3,1,2,3,0,
32:	7087.199999999999	2,10,1,8,0,9,4,7,9,0,8,5,0,8,5,8,7,4,0,8,6,1,3,2,9,9,10,8,0,3,:	3,1,2,2,3,
33:	6840.399999999999	2,10,1,8,5,9,4,7,9,8,8,5,0,8,5,8,2,4,0,8,6,1,10,2,9,9,10,8,0,3,:	3,2,2,3,0,
34:	6707.799999999999	2,10,1,8,5,9,4,7,9,0,8,5,0,8,5,8,7,4,0,8,6,1,3,2,9,10,6,8,0,3,:	0,0,2,0,3,
35:	6840.399999999999	2,10,1,8,5,9,4,7,9,0,8,5,0,8,2,8,9,4,0,8,6,1,0,2,9,9,10,8,0,3,:	1,0,2,0,3,
36:	6840.399999999999	2,10,1,8,5,9,4,7,9,0,8,5,0,8,2,8,7,4,0,8,6,1,0,2,9,7,6,8,0,3,:	3,2,2,2,2,
37:	7385.599999999999	2,10,1,8,5,9,4,7,9,0,1,5,0,8,2,8,7,4,0,8,6,1,0,2,9,10,6,8,0,3,:	2,1,1,2,3,
38:	6840.399999999999	2,10,1,8,5,9,4,7,9,0,8,5,0,8,2,8,7,4,0,1,6,1,0,2,9,10,6,8,0,3,:	3,1,2,3,3,
39:	7128.999999999999	2,10,1,8,7,9,4,7,9,0,8,5,0,8,5,8,7,4,0,8,6,1,3,2,9,9,10,8,0,3,:	3,1,2,2,0,
40:	7223.999999999999	2,10,1,8,0,9,4,7,9,0,8,5,0,8,2,8,7,4,0,8,6,1,0,10,9,10,10,8,0,3,:	3,1,3,3,2,
41:	6707.799999999999	2,10,1,8,5,9,4,7,9,8,8,5,0,8,5,8,2,4,0,8,6,1,3,2,10,9,6,8,0,3,:	3,0,3,3,0,
42:	6692.299999999999	2,10,1,8,0,9,4,7,9,8,8,5,0,8,5,8,2,4,0,8,6,1,3,6,9,9,10,8,0,3,:	1,1,2,3,2,
43:	6707.799999999999	2,10,1,8,5,9,4,7,9,0,8,5,0,8,5,8,7,4,10,8,6,1,3,2,9,9,10,8,0,3,:	3,0,2,3,0,
44:	6707.799999999999	2,10,1,8,5,9,4,7,9,0,8,5,0,8,5,8,7,4,0,8,6,1,3,3,9,9,10,8,0,3,:	1,0,2,2,3,
45:	6707.799999999999	2,10,1,8,5,9,4,7,9,0,8,5,0,8,5,8,7,4,0,8,6,1,3,6,9,9,8,8,0,3,:	3,2,2,2,2,
46:	6707.799999999999	2,10,1,8,5,9,4,7,9,8,8,5,0,8,5,8,2,4,0,8,6,1,3,2,9,9,10,8,0,3,:	3,1,2,3,0,
47:	7087.199999999999	2,10,1,8,0,9,4,7,9,0,8,5,0,8,5,8,7,4,0,8,6,1,3,0,9,9,10,8,0,3,:	3,3,2,2,3,
