0:	3356.8	7,9,3,4,3,0,4,2,4,7,1,0,:	3,3,2,1,
1:	3356.8	7,9,3,7,1,7,8,4,2,7,3,6,:	3,3,0,2,
2:	3356.8	7,9,3,7,1,4,7,2,2,7,3,6,:	3,3,0,1,
3:	3356.8	7,3,10,1,8,4,0,2,4,7,4,2,:	3,3,3,1,
4:	4184.299999999999	7,9,3,7,1,4,7,2,2,6,3,3,:	3,3,0,1,
5:	3359.9	7,9,3,7,3,8,4,9,5,7,8,0,:	3,3,2,0,
6:	3359.9	7,9,3,7,3,8,4,9,5,7,8,0,:	3,3,0,3,
7:	3359.9	7,9,3,7,3,8,4,9,5,7,8,0,:	3,3,0,0,
8:	3359.9	7,2,3,7,3,8,4,9,5,7,8,0,:	3,3,0,0,
9:	3436.0000000000005	7,9,3,5,3,8,4,9,5,7,8,0,:	2,3,0,0,
10:	3373.9999999999995	7,3,8,0,5,4,2,2,0,7,4,3,:	3,0,0,1,
11:	3373.9999999999995	7,3,8,2,5,4,2,2,4,7,4,3,:	3,0,0,1,
12:	3373.9999999999995	7,3,8,0,5,4,2,2,4,7,4,3,:	3,3,3,1,
13:	3373.9999999999995	7,3,8,0,5,4,2,2,4,7,4,3,:	3,3,0,1,
14:	3409.7999999999997	7,3,8,0,5,4,2,2,5,7,8,0,:	3,3,0,1,
15:	3356.8	7,9,3,8,3,8,4,9,4,7,4,3,:	3,3,0,0,
16:	3359.9	7,9,3,7,3,8,4,4,2,7,3,6,:	3,0,0,1,
17:	3356.8	7,9,3,7,1,7,8,9,5,7,8,0,:	3,3,0,1,
18:	3373.9999999999995	7,3,8,0,5,4,2,2,4,7,4,3,:	3,3,0,0,
19:	3387.3999999999996	7,9,3,4,3,0,1,2,4,7,8,0,:	3,3,0,1,
20:	3356.8	7,3,1,1,3,8,4,9,5,7,8,0,:	2,3,0,0,
21:	3848.3000000000006	10,9,3,7,8,4,0,2,4,7,4,2,:	3,3,0,0,
22:	3359.9	7,9,3,7,3,8,4,9,5,7,8,0,:	3,3,1,0,
23:	3356.8	7,0,3,7,1,4,7,2,2,7,3,3,:	3,3,0,3,
24:	3359.9	7,9,3,7,3,8,4,9,5,7,8,0,:	1,3,0,1,
25:	3356.8	7,10,3,4,3,0,4,2,4,7,8,0,:	3,3,2,0,
26:	3359.9	7,3,3,7,3,2,4,9,5,7,8,0,:	3,3,0,1,
27:	3409.7999999999997	7,9,8,0,5,4,2,2,4,7,8,3,:	3,3,0,1,
28:	3356.8	7,9,3,7,1,4,2,2,2,7,3,3,:	3,3,1,1,
29:	3373.9999999999995	7,3,8,0,5,4,2,2,4,7,4,3,:	0,3,0,0,
30:	3356.8	7,9,3,7,1,4,7,2,2,7,3,7,:	3,3,0,1,
31:	3680.5	7,9,3,7,1,4,7,2,2,8,3,3,:	3,3,0,1,
32:	3359.9	7,3,8,0,7,4,2,2,4,7,4,3,:	3,3,0,0,
33:	3373.9999999999995	7,3,8,0,5,10,2,2,4,7,4,3,:	3,3,0,2,
34:	3569.4000000000005	7,3,8,0,5,4,5,2,4,7,4,3,:	3,3,0,1,
35:	3373.9999999999995	7,3,3,0,5,4,2,2,4,7,4,3,:	3,3,0,0,
36:	3356.8	7,9,3,7,1,4,7,5,2,7,3,3,:	3,3,0,1,
37:	3356.8	7,6,3,7,1,4,7,2,2,7,3,3,:	3,3,0,3,
38:	3556.1	8,9,3,4,3,7,8,2,4,7,8,0,:	1,3,0,1,
39:	4101.6	7,9,3,7,1,0,4,4,2,2,3,6,:	3,3,0,1,
40:	3484.2999999999997	7,3,8,0,5,4,1,2,4,7,4,3,:	3,3,2,0,
41:	3382.9000000000005	7,3,8,0,0,4,2,2,4,7,4,3,:	3,1,0,1,
42:	3373.9999999999995	7,3,8,0,5,4,2,2,4,7,4,3,:	3,3,3,0,
43:	4679.599999999999	3,3,8,0,5,4,2,2,4,7,4,3,:	3,3,0,3,
44:	3356.8	7,9,3,6,1,4,7,2,2,7,8,0,:	3,0,0,3,
45:	3356.8	7,9,3,0,3,8,4,9,5,7,3,3,:	3,3,0,2,
46:	3359.9	7,9,3,7,3,8,4,9,5,7,8,0,:	1,3,0,0,
47:	3373.9999999999995	7,3,8,0,5,0,2,2,4,7,4,3,:	3,3,0,1,
