0:	20908.7	17,19,5,4,11,12,7,1,4,1,16,9,1,10,17,18,1,6,16,11,18,11,13,13,6,:	5,7,3,1,6,2,
1:	20909.100000000002	17,19,11,4,11,12,7,1,4,1,16,9,1,10,17,18,1,6,16,11,18,11,13,17,6,:	7,7,3,4,3,3,
2:	21133.100000000002	17,19,11,4,11,12,7,14,4,1,16,9,1,10,17,18,11,6,16,15,18,19,0,19,6,:	7,7,3,6,8,3,
3:	21008.700000000004	15,19,5,4,11,12,7,14,4,1,16,9,1,10,19,18,11,6,16,11,18,19,0,19,6,:	0,0,3,2,2,2,
4:	21134.500000000004	15,19,5,4,11,12,7,17,4,1,16,9,1,10,17,18,11,6,16,15,18,19,0,19,6,:	6,6,7,2,6,3,
5:	21133.100000000002	17,19,11,4,11,12,7,14,4,1,16,9,1,10,17,18,11,6,16,15,18,19,0,19,6,:	7,7,6,2,8,3,
6:	21133.100000000002	17,19,11,4,11,12,7,14,4,1,16,9,1,10,17,18,11,6,16,15,18,19,0,19,6,:	7,7,3,2,8,3,
7:	20909.100000000002	17,19,11,4,11,12,7,1,4,1,16,9,1,10,17,18,1,6,16,11,18,11,13,13,6,:	7,7,3,0,8,3,
8:	21134.500000000004	15,19,5,4,11,12,7,1,4,1,16,9,1,10,17,18,11,6,16,15,18,19,0,19,6,:	6,6,3,2,1,3,
9:	21133.100000000002	17,19,11,4,11,12,7,14,4,1,16,9,1,10,17,18,11,6,16,15,18,19,0,19,6,:	7,7,3,2,8,3,
10:	21518.600000000002	17,19,11,4,11,12,7,14,4,1,11,9,1,10,17,18,11,6,16,15,18,19,0,19,6,:	7,7,3,5,8,3,
11:	21011.700000000004	15,19,5,4,11,12,7,14,4,1,16,9,1,10,19,18,11,6,16,15,18,19,0,19,6,:	8,0,3,2,8,2,
12:	20909.100000000002	17,19,5,4,11,12,7,1,4,1,16,9,1,0,17,18,1,6,16,11,18,11,13,19,6,:	8,7,3,2,8,0,
13:	20909.100000000002	15,19,0,4,11,12,7,14,4,1,16,9,1,10,17,18,1,6,16,11,18,19,0,19,6,:	8,0,3,2,2,2,
14:	20909.100000000002	17,19,11,4,11,12,7,1,4,1,16,9,1,10,17,18,1,6,16,11,18,11,13,13,6,:	6,6,3,2,2,3,
15:	21710.700000000004	17,19,11,4,11,12,7,1,4,1,16,9,1,10,17,18,5,6,16,11,18,11,13,13,6,:	0,0,3,2,6,2,
16:	21133.100000000002	17,19,11,4,11,12,7,14,4,1,16,9,1,10,17,18,11,6,16,15,18,19,0,19,6,:	8,0,3,2,2,2,
17:	21134.500000000004	15,19,5,4,11,12,7,14,4,1,16,9,1,10,17,18,11,6,16,15,18,19,12,19,6,:	0,0,3,2,2,2,
18:	20909.100000000002	17,19,5,4,11,12,7,14,4,1,16,9,1,10,17,18,1,6,16,11,18,11,13,13,6,:	7,7,3,2,8,3,
19:	21134.500000000004	15,19,5,4,11,12,7,1,4,1,16,9,1,10,17,18,11,6,16,15,18,19,0,19,6,:	7,7,3,2,8,4,
20:	21134.500000000004	15,19,5,4,11,12,7,14,4,1,16,9,1,10,17,18,11,6,16,15,18,19,0,19,6,:	0,0,3,2,8,5,
21:	21500.100000000002	17,19,11,4,11,12,7,14,4,1,16,9,1,10,19,18,11,6,7,15,18,19,0,19,6,:	7,8,3,2,2,2,
22:	21134.500000000004	15,19,5,4,11,12,7,14,4,1,16,9,1,10,17,18,11,6,16,17,18,19,0,19,6,:	8,1,3,2,8,2,
23:	21011.700000000004	15,19,5,4,11,12,7,14,4,1,16,9,1,10,19,18,11,6,16,15,18,19,0,19,6,:	8,0,0,2,8,2,
24:	20909.100000000002	17,19,11,4,11,12,7,14,4,1,16,9,1,10,17,18,1,6,16,15,18,19,0,19,6,:	7,7,3,2,8,3,
25:	21134.500000000004	15,19,5,4,11,12,7,12,4,1,16,9,1,10,17,18,11,6,16,11,18,19,0,19,6,:	7,7,1,2,8,3,
26:	20909.100000000002	17,19,13,4,11,12,7,1,4,1,16,9,1,10,17,18,1,6,16,11,18,11,13,13,6,:	7,7,3,5,8,3,
27:	20909.100000000002	17,19,11,4,11,12,7,1,4,1,16,9,1,10,17,18,1,6,16,11,18,11,13,13,6,:	8,0,3,2,8,2,
28:	21134.500000000004	15,19,5,4,11,12,7,14,4,1,16,9,1,10,17,8,11,6,16,15,18,19,0,19,6,:	7,7,3,2,8,2,
29:	21133.100000000002	17,19,12,4,11,12,7,14,4,1,16,9,1,10,17,18,11,6,16,15,18,19,0,19,6,:	1,7,3,4,8,3,
30:	21133.100000000002	17,19,11,4,11,12,7,14,4,1,16,9,1,10,17,18,11,6,16,15,18,19,0,19,6,:	8,0,3,2,2,2,
31:	21133.100000000002	17,19,11,15,11,12,7,14,4,1,16,9,1,10,17,18,11,6,16,15,18,19,0,19,6,:	7,7,3,2,8,3,
32:	20909.100000000002	17,19,5,4,11,12,7,14,4,1,16,9,1,10,17,18,1,6,16,11,18,11,13,13,6,:	8,0,3,0,8,2,
33:	21133.100000000002	17,19,11,4,11,12,7,1,4,1,16,9,1,10,17,18,11,6,16,15,18,19,0,19,6,:	7,7,3,7,2,3,
34:	22040.7	17,19,11,4,11,12,7,14,15,1,16,9,1,10,17,18,11,6,16,15,18,19,0,19,6,:	6,6,3,2,6,3,
35:	21133.100000000002	17,19,11,4,11,12,7,14,4,1,16,9,1,10,17,18,11,6,16,15,18,19,0,19,6,:	0,0,3,2,2,2,
36:	21008.700000000004	15,19,5,4,11,12,7,14,4,1,16,9,1,10,19,18,11,6,18,11,18,19,0,19,6,:	6,6,3,2,3,3,
37:	21011.700000000004	15,19,5,4,11,12,7,14,4,1,16,9,1,10,19,18,11,6,16,11,18,19,0,19,6,:	0,0,3,2,4,2,
38:	22143.099999999995	15,19,5,4,11,11,7,14,4,1,16,9,1,10,17,18,11,6,16,11,18,19,0,19,6,:	8,3,3,2,8,0,
39:	21655.200000000004	15,19,5,4,11,12,7,14,4,1,16,9,1,10,19,18,13,6,16,15,18,19,0,19,6,:	8,0,3,2,8,2,
40:	21864.999999999993	17,19,5,4,11,12,7,14,4,1,16,9,1,10,17,18,19,6,16,11,18,19,0,19,6,:	7,0,3,2,2,3,
41:	21133.100000000002	15,19,11,4,11,12,7,14,4,1,16,9,1,10,17,18,11,6,16,15,18,19,0,19,6,:	8,7,3,3,8,2,
42:	21880.7	17,19,11,4,11,12,7,14,4,1,16,9,1,10,17,18,9,6,16,15,18,19,0,19,6,:	7,7,3,4,2,3,
43:	21133.100000000002	15,19,10,4,11,12,7,14,4,1,16,9,1,10,17,18,11,6,16,11,18,19,0,19,6,:	7,5,3,2,8,3,
44:	21008.700000000004	15,19,5,4,11,12,7,14,4,1,16,19,1,10,19,18,11,6,16,15,18,19,0,19,6,:	7,0,3,2,2,2,
45:	22452.399999999998	17,19,11,4,11,10,7,14,4,1,16,9,1,10,17,18,11,6,16,15,18,19,0,19,6,:	0,7,3,2,8,3,
46:	21133.100000000002	17,19,11,4,11,12,7,1,4,1,16,9,1,16,17,18,11,6,16,15,18,19,0,13,6,:	8,0,0,2,8,3,
47:	20909.100000000002	17,19,11,4,11,12,7,14,4,1,16,9,1,10,17,18,1,6,16,11,18,11,13,19,6,:	7,8,3,2,8,2,
