machine1:0,87,38,54,53,24,66,22,5,26,58,16,12,90,44,68,80,34,35,45,78,10,49,77,79,52,43,65,85,2,19,59,9,72,8,30,71,15,74,50,82,81,60,23,51,32,6,55,76,1,29,46,18,75,56,48,84,41,37,86,4,14,21,
machine2:0,13,87,54,70,66,22,5,58,3,11,16,12,90,39,68,35,88,78,49,77,79,42,43,65,19,25,9,72,8,30,71,15,50,82,40,36,27,81,60,23,51,32,6,1,29,46,28,18,7,20,33,75,48,83,84,89,41,37,86,4,14,21,
machine3:0,73,31,87,38,70,66,22,67,58,57,3,11,16,39,44,35,45,88,77,79,42,52,85,2,19,59,72,30,71,15,74,82,40,27,81,60,23,51,32,6,55,76,29,18,7,20,47,33,48,83,84,89,41,37,17,86,14,21,
machine4:0,73,31,63,53,24,70,66,61,26,57,16,90,44,68,80,34,35,45,88,78,10,49,52,43,65,85,19,30,71,74,50,82,62,27,23,51,32,6,76,1,29,28,18,7,20,47,33,75,48,84,41,17,86,21,
machine5:0,69,54,63,70,66,5,67,26,12,90,44,80,34,35,45,10,49,77,52,65,2,25,9,72,71,15,50,82,40,36,62,27,81,60,6,55,76,29,46,18,7,20,47,75,56,48,84,41,37,17,86,4,14,21,
machine6:0,69,31,38,54,66,61,67,58,11,16,44,80,34,35,88,79,42,65,85,19,9,72,30,71,74,50,36,62,60,23,51,6,55,76,29,46,28,18,7,20,33,75,56,48,84,41,37,17,86,4,
machine7:0,54,53,70,66,5,61,26,58,57,11,16,90,39,68,80,34,35,45,88,78,49,77,42,43,2,19,25,9,72,8,30,15,50,82,40,36,62,81,60,51,32,55,1,29,28,7,20,75,56,48,84,41,37,21,
machine8:0,13,31,87,53,22,61,26,57,16,64,12,44,68,80,34,35,45,88,49,79,52,2,19,25,72,71,15,50,82,27,60,23,32,55,1,29,46,7,20,33,75,48,84,89,41,37,17,86,4,14,21,
machine9:0,13,31,38,24,66,22,61,67,26,58,57,3,11,90,39,68,80,35,45,88,78,49,77,79,42,43,65,85,19,25,72,8,30,50,36,81,60,23,51,32,6,55,76,1,29,7,33,75,56,84,89,41,17,86,4,14,21,
machine10:0,69,31,38,54,70,66,22,5,67,58,11,64,90,45,88,10,79,42,52,65,2,59,9,8,71,82,40,36,62,27,81,60,23,51,6,55,76,1,29,46,56,48,84,89,41,17,86,14,21,
machine11:0,69,13,31,54,63,53,24,66,61,67,57,90,44,68,80,35,78,10,77,79,42,52,65,2,25,9,8,30,71,15,50,82,36,62,27,81,60,51,32,76,46,28,7,47,33,75,56,48,84,89,41,17,86,14,21,
machine12:0,69,13,73,31,87,38,63,53,66,22,5,61,67,58,3,11,64,12,90,39,44,68,80,34,35,45,88,78,49,77,79,52,85,2,19,25,59,9,72,8,30,71,15,74,50,82,40,36,62,27,81,60,23,51,32,6,55,76,1,29,46,28,18,7,20,47,33,75,56,48,83,84,89,41,37,17,86,4,14,21,
machine13:0,69,13,73,31,87,38,54,24,70,66,22,5,67,26,58,57,3,11,16,64,12,90,39,44,68,80,34,35,45,88,78,10,49,77,79,42,52,43,65,85,2,19,25,59,9,72,30,71,15,50,82,40,36,62,27,81,60,23,51,32,6,55,76,1,29,46,18,7,20,47,33,75,56,48,83,84,89,41,37,17,86,4,14,21,
machine14:0,69,13,73,31,54,63,53,24,66,22,5,61,67,26,58,57,11,16,64,12,39,44,68,80,34,35,45,88,10,49,77,79,42,52,43,65,85,2,19,25,9,72,30,71,15,74,50,82,40,36,62,27,81,60,23,51,32,6,55,76,1,29,46,28,18,7,20,47,33,75,56,48,83,84,89,41,37,17,86,4,14,21,
machine15:0,69,73,31,87,38,63,53,70,66,22,5,61,67,26,58,57,3,11,16,64,12,90,39,44,68,80,34,35,88,78,49,77,79,52,43,65,85,2,19,25,59,9,72,8,30,15,50,82,36,62,27,81,60,23,51,32,6,55,76,1,29,46,28,18,7,20,47,33,75,56,48,83,84,89,41,17,86,4,14,21,
machine16:0,13,73,31,87,38,63,53,24,70,66,22,5,61,26,58,57,3,11,64,12,90,39,44,68,80,34,35,88,78,10,77,79,42,52,43,65,2,19,9,72,8,30,71,15,74,50,82,40,36,62,27,81,60,23,51,32,6,29,46,7,20,47,33,75,56,48,83,84,89,41,37,17,86,4,14,21,
machine17:0,13,31,87,38,54,63,53,70,66,22,67,26,58,57,16,12,90,39,44,68,34,35,45,88,78,79,42,52,43,85,19,25,59,9,72,71,15,74,50,82,36,62,27,81,60,23,51,32,6,55,76,1,29,46,28,7,20,75,56,48,83,84,89,41,37,17,86,4,14,21,
machine18:0,69,13,31,87,24,66,22,67,26,58,3,11,16,64,12,39,44,80,34,35,45,88,78,10,77,79,42,52,43,65,85,2,19,25,9,72,8,30,15,74,50,82,40,36,62,27,81,60,23,51,32,6,55,76,1,29,28,18,7,20,47,33,75,56,48,83,84,89,41,37,17,86,4,14,21,
machine19:0,69,73,31,87,53,24,70,66,22,5,61,67,26,58,57,3,11,16,64,90,39,44,34,35,45,88,78,10,49,77,79,42,52,43,65,85,2,19,25,59,9,72,15,74,50,82,40,36,62,27,81,60,23,51,32,6,55,76,1,29,46,28,18,7,20,47,33,75,56,48,83,84,89,41,37,17,86,4,14,21,
machine20:0,69,13,31,87,38,54,63,24,70,66,22,5,61,67,26,58,57,3,64,12,90,39,44,68,80,34,35,45,88,78,10,49,77,79,42,43,65,2,19,25,9,72,8,30,71,15,74,50,40,36,62,27,60,23,51,32,6,55,76,1,29,46,28,18,7,20,47,33,75,56,48,83,84,89,41,37,17,4,14,21,
machine21:0,69,13,73,31,87,38,54,63,53,24,70,66,22,5,61,67,26,58,57,3,11,16,64,12,90,39,44,68,80,34,35,45,88,78,10,49,77,79,42,52,43,65,85,2,19,25,59,9,72,8,30,71,15,74,82,40,36,62,27,81,60,23,51,32,6,55,76,1,29,46,28,18,7,20,47,33,75,56,48,83,84,89,41,37,17,86,4,14,21,

1to 1:
1to 2:1,4,5,6,8,10,11,13,15,16,18,19,20,21,22,24,26,29,31,32,34,36,37,38,41,42,45,48,54,55,56,57,58,65,68,70,71,72,74,76,78,84,86,87,88,2,7,9,14,17,23,27,28,30,33,35,43,44,46,49,50,51,52,59,60,61,62,66,67,75,77,79,80,81,82,
1to 3:4,6,8,9,15,16,19,20,22,25,26,27,31,32,37,38,39,40,45,46,48,54,56,57,58,63,66,68,69,70,72,80,81,84,85,88,90,1,2,3,5,7,11,12,14,17,18,21,23,28,29,30,33,34,35,36,41,43,44,47,49,50,51,52,53,55,59,60,62,65,67,71,73,74,75,76,77,78,79,82,86,89,
1to 4:6,7,12,13,15,16,17,18,19,20,22,24,25,26,29,33,34,37,39,41,45,48,54,56,57,58,59,63,66,71,74,76,78,79,80,85,86,88,90,1,3,4,5,11,14,21,23,27,28,30,32,35,40,44,46,47,49,50,52,55,60,62,65,67,72,73,75,77,81,82,83,84,87,89,
1to 5:1,6,10,12,13,16,18,20,22,24,25,27,31,33,34,36,37,40,41,42,45,48,51,56,57,58,60,62,66,68,69,70,72,75,76,77,78,83,85,86,87,2,7,11,14,15,17,19,21,23,28,29,30,32,35,43,44,46,47,50,52,55,59,61,65,67,71,79,80,81,82,84,88,89,90,
1to 6:1,4,5,6,10,13,14,16,19,20,22,26,27,29,30,31,32,33,35,36,37,39,42,43,45,47,48,55,56,57,58,60,61,63,70,76,80,84,85,86,87,89,2,3,7,8,11,12,15,17,18,21,23,24,34,41,44,46,49,50,52,62,65,66,67,71,72,74,75,77,79,81,88,90,
1to 7:4,5,6,9,10,15,16,18,19,21,22,25,26,27,34,37,39,41,42,45,48,51,54,55,56,58,61,66,70,71,77,78,80,84,85,88,1,2,3,7,11,14,17,20,23,24,29,30,32,33,35,38,43,44,46,47,49,52,53,60,62,65,67,72,74,75,76,79,81,82,86,87,89,90,
2to 1:1,3,4,9,11,15,18,19,21,22,24,26,29,30,31,34,37,38,40,42,47,48,50,54,56,57,61,62,65,68,69,78,80,81,84,85,86,87,2,5,6,7,8,10,14,16,17,20,23,27,28,32,33,35,36,41,43,44,45,46,49,51,52,53,55,58,60,66,67,71,72,75,76,77,79,82,88,90,
2to 2:
2to 3:1,2,3,4,5,11,13,14,15,16,17,18,23,24,25,26,29,30,31,32,34,37,38,40,41,42,49,51,52,53,54,57,61,62,64,65,68,69,70,72,74,78,79,80,84,85,86,87,88,6,7,8,9,19,20,21,22,27,28,33,35,36,39,44,45,46,50,55,56,58,60,66,67,71,75,76,77,81,82,90,
2to 4:1,3,6,9,11,13,14,15,17,18,22,24,25,27,29,31,34,35,41,42,44,48,49,52,53,54,57,58,61,65,67,69,70,71,77,79,81,84,86,87,88,90,2,4,5,7,8,16,19,20,21,23,26,28,30,32,33,36,39,43,45,46,50,51,55,56,60,62,64,66,72,75,76,80,82,85,89,
2to 5:1,4,10,11,12,13,15,16,18,19,23,25,31,33,34,35,37,40,41,46,48,52,53,54,57,61,62,65,67,69,70,78,79,80,81,82,86,87,88,2,6,7,9,14,17,20,21,22,26,27,28,29,30,32,36,39,42,43,44,45,50,51,55,56,58,60,64,66,68,71,72,75,76,77,84,89,90,
2to 6:1,3,10,13,14,16,19,20,21,24,25,28,29,30,31,32,33,36,37,40,46,49,51,57,61,63,64,65,66,68,69,70,77,82,86,88,89,90,2,4,5,6,7,9,11,15,17,22,23,26,27,35,41,42,43,44,45,48,50,52,55,56,58,60,62,67,72,75,76,79,80,84,
2to 7:1,4,5,8,10,11,13,15,16,18,19,22,23,25,27,29,31,33,34,37,38,42,45,46,49,52,57,61,62,64,65,69,70,71,74,78,81,84,85,86,87,90,2,6,7,9,14,17,20,21,28,32,35,36,41,43,48,51,54,55,56,58,59,60,66,67,72,75,76,79,80,82,88,
3to 1:1,2,7,10,14,15,17,23,27,35,36,37,38,43,44,47,49,50,51,52,55,56,60,61,62,69,76,80,82,83,85,90,4,5,6,9,16,18,19,20,21,22,26,28,29,30,32,33,34,39,40,41,42,45,46,48,58,65,66,71,72,73,75,77,78,79,81,84,86,88,89,
3to 2:4,5,8,11,13,14,17,18,22,28,29,30,37,38,40,44,46,48,49,50,51,52,53,62,65,67,69,70,72,75,79,80,82,84,85,86,1,2,6,7,15,16,19,21,23,25,26,27,31,32,33,34,35,36,39,41,42,45,55,56,58,60,64,66,71,76,77,87,88,89,
3to 3:
3to 4:3,7,10,11,12,13,14,15,18,23,25,27,30,31,32,34,38,43,45,48,49,50,51,52,55,56,62,65,66,78,80,82,83,84,85,87,90,1,4,5,6,9,16,17,19,20,21,22,26,28,29,33,35,36,39,40,41,42,44,46,47,53,58,60,67,69,70,71,72,73,75,76,77,79,81,86,88,89,
3to 5:1,5,7,8,11,12,13,14,17,19,29,30,33,35,38,40,42,43,44,46,47,50,52,55,56,61,67,69,72,75,76,80,83,85,89,4,6,9,10,15,16,18,20,21,22,23,25,26,27,28,31,32,34,36,37,39,45,48,51,58,64,65,66,68,70,71,74,77,78,79,84,86,88,
3to 6:2,7,8,10,11,12,13,14,24,25,29,33,38,40,42,44,46,47,48,50,51,52,55,56,57,62,64,65,67,69,70,76,77,78,81,82,83,84,85,86,90,1,3,4,5,6,15,17,18,19,20,22,23,26,27,28,31,32,34,35,36,37,39,41,43,58,60,66,71,72,73,74,75,79,87,88,89,
3to 7:1,3,4,5,10,11,14,15,22,24,25,30,31,34,37,38,40,45,46,47,49,52,54,59,60,64,67,77,80,82,83,84,85,86,89,90,2,6,7,13,17,18,19,20,21,23,26,27,28,32,33,35,36,39,41,42,43,48,51,53,55,56,57,58,65,66,70,71,72,73,74,75,76,78,79,81,87,88,
4to 1:4,5,7,10,12,15,16,17,19,20,21,23,25,27,34,35,37,38,39,41,42,45,46,48,49,50,52,53,54,57,59,60,62,63,65,66,71,72,74,75,76,77,78,82,83,85,86,1,6,9,14,18,22,24,26,29,30,31,32,33,36,40,43,44,47,51,55,58,69,79,80,81,84,87,88,89,
4to 2:1,2,6,7,10,12,15,16,17,18,20,21,23,26,27,28,30,34,35,38,39,42,43,44,46,47,49,50,53,54,55,57,59,61,62,65,66,68,71,72,74,75,76,77,79,80,81,86,4,9,11,14,19,22,25,29,31,32,33,36,41,45,48,51,52,56,58,60,64,67,69,82,84,88,89,
4to 3:3,4,5,7,9,11,12,14,15,16,20,21,23,24,27,28,29,34,37,39,42,43,46,47,49,50,51,52,53,54,55,59,60,62,63,65,66,67,68,71,74,75,76,77,79,80,82,83,84,85,86,89,1,6,17,18,19,22,25,26,30,31,32,33,35,36,40,44,48,56,58,64,69,72,73,78,87,88,
4to 4:
4to 5:2,3,4,5,10,11,15,16,17,20,21,23,25,26,27,28,29,30,34,37,39,40,42,43,44,46,47,48,50,51,52,53,55,57,59,61,62,65,66,68,70,71,76,77,78,79,81,82,84,86,89,90,1,6,7,12,14,19,22,24,31,32,36,41,56,58,60,72,75,80,83,85,87,88,
4to 6:2,3,4,5,7,8,10,12,14,15,16,20,21,23,24,25,26,27,28,32,33,34,35,37,38,39,42,45,46,47,50,51,52,53,55,57,60,61,62,65,66,67,70,75,76,77,81,82,83,85,86,90,1,6,18,19,22,29,31,36,40,41,43,44,48,49,56,58,63,64,69,72,79,80,84,88,89,
4to 7:2,3,4,5,9,10,11,12,13,14,15,16,18,20,21,22,23,25,27,28,29,32,34,37,39,42,43,44,47,51,53,54,57,58,60,61,62,65,66,67,69,74,75,76,78,79,80,81,82,83,85,86,88,89,90,1,6,7,17,19,26,30,31,33,36,40,41,45,46,48,52,55,56,64,72,73,84,87,
5to 1:1,2,3,5,6,7,9,12,15,17,18,19,20,22,26,28,29,30,31,33,35,36,37,39,42,43,44,45,46,47,48,51,52,53,54,55,56,57,58,60,61,62,65,66,71,72,75,76,77,78,79,80,81,82,85,86,88,89,90,4,10,21,23,24,25,32,34,38,40,50,63,68,70,74,83,84,87,
5to 2:1,2,4,6,9,11,12,13,14,15,16,17,22,23,24,25,26,28,30,31,33,34,35,36,37,40,41,42,43,44,45,46,48,50,51,52,54,56,57,58,60,61,62,65,67,70,72,76,77,78,79,80,81,82,86,87,88,89,7,8,10,19,20,21,27,29,32,38,53,55,64,66,68,71,75,84,85,
5to 3:1,2,3,5,6,7,8,9,10,11,13,14,15,16,17,21,22,29,30,31,32,33,35,36,37,38,39,41,42,43,44,45,46,47,48,50,52,53,54,55,56,57,58,60,62,65,67,70,72,73,74,75,76,77,78,79,82,88,90,4,12,19,20,23,24,25,27,28,34,40,63,66,71,80,83,84,85,86,87,89,
5to 4:1,3,5,6,7,11,13,15,16,17,22,23,24,25,26,27,28,30,31,32,33,35,36,38,39,40,41,42,43,44,45,46,47,48,50,52,54,56,57,58,60,61,62,65,67,69,72,73,75,76,77,79,80,81,82,83,84,85,86,88,90,4,10,12,14,19,20,21,29,34,37,51,53,63,64,66,68,71,74,89,
5to 5:
5to 6:1,2,3,4,5,6,7,9,13,14,15,16,17,18,22,26,31,33,34,35,36,39,40,41,42,43,44,45,46,47,50,51,52,53,56,58,60,61,62,65,67,70,71,72,75,76,77,79,81,82,87,88,90,10,12,19,20,21,23,25,27,28,29,32,37,38,48,55,57,63,64,66,68,80,83,84,85,86,89,
5to 7:2,3,4,5,6,7,9,10,11,12,13,14,15,16,17,21,22,23,25,26,28,30,31,33,34,35,36,38,39,40,41,42,43,44,45,46,47,51,52,54,55,56,57,58,59,60,61,62,65,67,70,72,75,76,77,78,79,80,81,82,85,86,88,90,1,19,20,27,29,32,37,48,64,66,71,74,83,84,87,89,
6to 1:1,5,6,9,10,14,16,19,20,21,24,26,27,28,29,30,33,36,37,39,40,43,46,49,51,53,55,57,58,60,65,68,70,76,78,82,83,85,88,2,3,15,17,18,22,23,31,34,35,41,42,44,45,47,48,50,52,56,59,61,62,66,71,72,75,79,80,81,84,86,87,89,90,
6to 2:1,6,7,10,13,14,15,18,19,20,21,25,27,29,31,33,37,39,40,43,46,49,51,52,53,55,56,57,58,61,64,67,68,70,71,76,77,79,82,85,89,2,3,5,17,22,23,24,28,32,34,35,36,41,42,44,45,48,50,54,60,62,65,66,72,75,80,81,84,86,88,90,
6to 3:1,5,6,7,9,14,19,23,25,26,27,30,33,36,40,43,44,46,47,48,49,50,51,53,55,56,57,58,60,64,67,68,69,70,71,76,77,78,80,83,85,86,88,89,2,3,4,11,15,17,18,20,21,22,28,31,32,34,35,37,39,41,42,45,52,65,66,72,74,75,79,84,87,
6to 4:1,4,5,13,14,16,20,23,27,29,32,33,34,37,39,40,42,43,45,47,50,51,53,55,58,62,64,65,67,71,75,76,77,82,83,85,86,3,6,11,12,15,17,18,19,21,22,24,25,28,31,35,36,41,44,46,48,52,56,57,59,60,66,72,79,80,84,87,88,89,
6to 5:5,7,10,13,14,19,25,27,29,31,33,39,40,43,46,47,48,50,51,53,55,58,62,64,65,68,69,75,76,77,78,81,84,85,89,1,2,3,6,11,12,15,17,18,20,21,22,23,24,32,34,35,36,37,41,42,52,56,57,60,61,63,66,71,72,74,79,80,83,87,88,90,
6to 6:
6to 7:1,2,5,7,9,10,13,21,23,25,26,31,33,36,39,42,43,46,47,51,52,55,57,58,60,62,64,65,70,75,76,77,78,82,85,89,3,6,8,11,15,17,18,19,20,22,24,27,28,32,34,35,37,41,45,48,49,56,63,66,67,71,72,79,80,81,83,84,86,87,88,
7to 1:2,3,4,5,6,9,10,12,13,16,18,19,21,22,26,27,28,29,31,32,33,35,37,39,40,41,42,43,44,45,46,51,52,55,58,60,63,66,69,73,74,75,76,77,79,80,83,84,86,87,88,89,90,1,7,14,15,17,20,23,30,34,36,47,48,49,53,54,56,57,65,67,71,72,78,81,82,85,
7to 2:2,4,5,6,8,11,20,21,22,23,25,26,28,32,33,35,36,37,39,40,41,42,43,45,48,51,52,55,58,61,62,64,66,69,71,74,75,76,77,80,82,84,85,87,88,1,7,13,14,15,17,19,27,29,30,34,46,49,53,54,56,57,60,65,67,72,78,79,81,86,90,
7to 3:3,4,5,6,8,11,12,13,15,16,17,19,20,21,22,25,26,28,31,33,35,36,40,42,43,44,45,47,51,58,60,62,64,66,69,71,75,76,77,78,79,80,82,83,84,87,88,89,90,1,7,14,23,27,29,32,37,38,39,41,48,49,52,53,54,55,56,59,65,67,72,85,86,
7to 4:2,3,4,5,6,9,11,12,16,17,20,24,28,30,33,35,36,37,39,40,41,42,43,46,48,49,52,54,55,57,58,62,63,65,66,72,74,75,76,77,78,80,83,86,87,88,89,1,7,13,15,19,23,26,27,29,31,32,34,47,53,56,60,67,71,79,82,84,85,
7to 5:2,3,4,6,9,10,11,12,15,16,19,20,21,22,23,25,26,28,30,31,33,35,36,37,39,40,41,42,43,44,45,46,47,48,52,56,58,61,62,63,65,66,68,71,72,74,75,76,77,78,80,81,82,83,85,87,88,90,1,7,8,13,14,17,27,29,32,34,38,51,53,55,57,60,64,70,79,84,86,89,
7to 6:2,3,4,5,11,18,22,24,26,28,31,33,34,35,37,39,40,41,42,43,44,46,49,51,55,58,62,63,64,66,67,69,73,75,76,79,80,82,83,85,86,87,88,90,1,6,7,13,14,15,17,19,20,23,32,36,45,47,48,52,53,56,57,59,60,65,70,72,81,84,89,
7to 7:

cell1:6,2,7,3,5,4,
cell2:1,3,7,6,5,4,
cell3:6,2,7,4,5,1,
cell4:3,7,5,1,2,6,
cell5:2,1,7,6,3,4,
cell6:4,3,1,2,5,7,
cell7:5,6,1,2,4,3,
