machine1:0,54,32,1,47,36,20,46,30,25,39,35,6,10,13,2,19,52,8,55,17,44,50,21,60,12,4,49,14,40,43,58,45,28,37,24,53,18,15,56,7,
machine2:0,54,32,1,34,47,36,38,29,22,33,20,42,41,46,30,25,39,35,48,6,10,13,2,23,19,52,8,31,55,3,57,17,44,50,21,60,12,16,9,27,11,4,49,14,40,43,58,45,5,59,28,37,26,24,51,53,18,15,56,7,
machine3:0,32,34,36,38,29,22,33,42,41,46,30,39,48,6,10,13,23,19,8,31,55,3,57,17,21,12,16,9,27,11,4,14,40,43,58,45,5,59,28,26,24,51,7,
machine4:0,54,32,1,34,47,36,38,29,22,33,20,42,41,46,30,25,39,35,48,6,10,13,2,23,19,52,8,31,55,3,57,17,44,50,21,60,12,16,9,27,11,4,49,14,40,43,58,45,5,59,28,37,26,24,51,53,18,15,56,7,
machine5:0,54,1,34,47,38,29,22,33,20,42,41,25,35,48,2,23,52,31,3,57,44,50,60,16,9,27,11,49,5,59,37,26,51,53,18,15,56,
machine6:0,54,32,1,34,47,36,38,29,22,33,20,42,41,46,30,25,39,35,48,6,10,13,2,23,19,52,8,31,55,3,57,17,44,50,21,60,12,16,9,27,11,4,49,14,40,43,58,45,5,59,28,37,26,24,51,53,18,15,56,7,

1to 1:
1to 2:33,32,55,23,34,9,29,30,6,22,48,47,46,4,13,36,58,42,
1to 3:20,1,57,41,11,38,19,39,49,59,2,5,25,35,50,17,45,12,60,
2to 1:20,1,27,21,54,44,14,15,8,59,2,10,5,40,51,35,17,28,45,3,26,24,52,
2to 2:
2to 3:33,37,56,32,23,34,9,29,6,43,48,47,46,18,4,53,31,36,42,7,16,
3to 1:18,43,30,16,31,55,58,37,53,13,22,56,7,
3to 2:28,19,51,3,8,44,54,10,25,38,57,26,11,52,12,14,50,49,60,24,15,39,27,40,41,21,
3to 3:

cell1:2,3,
cell2:3,1,
cell3:2,1,
