machine1:0,37,88,44,46,10,68,53,3,25,74,50,76,1,2,29,12,36,71,40,7,58,22,31,13,15,82,66,55,32,61,27,62,90,39,89,60,87,24,52,63,43,69,56,30,70,85,64,23,73,59,83,81,80,8,4,19,77,21,84,14,
machine2:0,86,37,88,6,44,46,9,35,10,68,53,3,25,74,50,76,1,2,29,12,36,71,40,45,42,7,58,22,72,51,65,31,13,57,15,20,67,5,75,82,66,48,79,55,32,61,18,27,62,90,47,39,89,34,60,28,87,24,52,63,38,43,69,56,17,30,70,85,64,23,41,73,59,83,81,78,26,33,80,16,8,54,4,11,19,77,49,21,84,14,
machine3:0,37,6,46,9,35,74,29,12,36,71,45,42,58,72,51,65,31,13,57,5,79,32,61,27,62,90,47,39,34,60,28,87,24,63,38,69,56,30,64,23,73,59,81,26,16,4,19,77,84,
machine4:0,86,37,88,6,44,46,9,35,10,68,53,3,25,74,50,76,1,2,29,12,36,71,40,45,42,7,58,22,72,51,65,31,13,57,20,5,75,82,66,48,79,55,32,61,18,27,62,90,47,39,89,34,60,28,87,24,52,63,38,43,69,56,17,30,85,64,23,41,73,59,83,81,78,26,33,80,16,54,4,19,77,49,84,14,
machine5:0,37,88,44,9,35,10,68,53,25,74,50,76,1,2,40,42,7,58,22,51,65,13,15,20,67,5,66,48,55,32,39,89,24,52,38,30,70,85,23,41,83,78,80,8,11,49,14,
machine6:0,86,37,88,6,44,46,9,35,10,68,53,3,25,74,50,76,1,2,29,12,36,71,40,45,42,7,58,22,72,51,65,31,13,57,15,20,67,5,75,66,48,79,55,32,18,27,62,47,39,89,34,24,52,63,38,17,30,70,85,23,41,73,59,83,81,78,26,33,80,8,54,4,11,49,21,84,14,
machine7:0,86,46,9,3,2,29,36,71,7,72,51,65,31,15,67,5,75,82,66,48,55,61,18,27,62,90,89,28,87,63,43,69,56,17,64,41,59,83,81,33,16,54,11,77,21,84,14,
machine8:0,86,6,46,9,3,2,29,36,71,45,7,22,72,51,65,31,13,57,15,20,67,5,75,82,66,48,79,55,32,61,18,27,62,90,47,39,89,34,60,28,87,24,52,63,38,43,69,56,17,30,70,85,64,23,41,73,59,83,81,78,26,33,80,16,8,54,4,11,19,77,49,21,84,14,

1to 1:
1to 2:75,86,68,19,77,88,32,72,71,20,65,45,2,29,82,26,
1to 3:46,4,66,84,22,83,89,23,74,14,6,42,49,34,79,27,36,80,50,47,73,9,78,
1to 4:54,64,38,17,63,28,87,43,21,8,59,30,41,56,70,52,81,16,11,33,18,
2to 1:48,28,43,16,74,54,27,40,90,31,58,87,35,42,30,78,83,60,84,41,64,55,4,49,51,7,5,
2to 2:
2to 3:10,53,25,76,37,1,44,88,85,57,39,3,45,24,63,2,59,12,13,29,
2to 4:47,19,26,61,66,34,69,62,77,89,14,80,
3to 1:13,57,71,37,33,15,3,86,44,76,8,81,11,52,72,1,10,17,59,67,18,25,21,68,70,26,12,53,
3to 2:7,9,22,51,38,6,54,14,41,36,62,80,35,58,50,5,40,46,
3to 3:
3to 4:32,49,79,78,39,48,75,84,83,73,23,31,55,20,65,4,24,85,
4to 1:20,22,24,29,32,36,39,45,61,62,65,66,69,75,89,46,2,85,34,6,47,82,9,
4to 2:18,23,52,55,57,60,63,90,81,73,33,56,3,79,17,48,13,31,27,
4to 3:5,7,15,38,51,30,71,86,72,67,
4to 4:

cell1:3,2,4,
cell2:3,1,4,
cell3:1,2,4,
cell4:3,1,2,
