machine1:0,18,125,8,165,143,171,31,70,177,183,121,7,71,184,190,105,24,39,112,124,57,189,153,94,133,187,140,178,82,158,145,38,20,5,54,59,45,107,144,19,139,104,157,33,4,93,106,185,89,169,53,150,118,148,92,115,100,17,131,23,188,119,97,37,173,76,134,77,95,48,138,155,151,50,64,61,90,35,81,175,65,67,27,66,110,15,72,166,32,49,46,159,146,113,40,114,127,43,147,44,60,16,130,126,123,42,63,85,9,91,79,152,176,116,34,62,13,83,128,129,86,12,68,87,11,74,26,122,101,179,51,135,182,41,103,69,154,88,28,120,160,164,98,14,80,55,2,168,6,21,186,52,47,73,172,22,181,136,58,108,109,161,78,163,10,149,141,117,162,102,25,170,156,111,132,142,84,30,137,99,3,1,167,180,174,75,56,36,29,96,
machine2:0,125,165,143,31,177,183,121,7,71,190,105,112,124,57,153,94,133,187,140,158,54,59,144,139,157,33,4,93,185,89,169,150,118,148,92,115,100,17,131,23,188,37,77,95,48,155,50,64,61,90,35,81,175,65,27,66,110,166,46,146,113,40,127,147,44,16,130,126,42,9,91,152,176,116,34,62,13,83,128,129,86,12,68,11,74,122,101,179,51,135,182,103,69,154,88,28,120,160,164,98,14,80,55,2,6,21,186,52,47,73,22,181,136,58,108,109,161,163,149,141,117,102,170,111,132,142,84,30,99,3,1,167,174,75,56,36,29,96,
machine3:0,125,31,183,121,190,105,57,94,133,187,140,144,93,169,118,148,92,100,131,23,188,37,155,64,61,90,35,81,175,65,27,46,113,44,16,130,152,176,116,62,83,128,129,86,68,101,51,135,182,69,154,88,120,164,14,55,2,6,186,47,73,181,58,108,161,163,102,111,84,30,99,167,174,75,56,29,
machine4:0,18,125,165,143,177,184,57,178,144,19,93,148,100,188,119,77,48,155,50,64,35,175,67,27,66,110,15,166,32,159,146,40,114,44,60,16,130,126,123,85,9,176,116,34,62,13,83,128,129,86,12,68,87,11,74,101,51,41,103,69,154,88,160,164,14,55,2,6,186,52,47,73,172,22,58,108,161,149,141,117,102,25,170,156,132,30,99,1,174,75,56,29,96,
machine5:0,18,125,165,143,177,184,24,112,57,94,133,178,82,38,20,5,54,59,144,19,139,4,93,185,169,53,150,148,92,115,100,131,23,188,119,97,173,77,95,48,138,155,151,50,64,61,35,81,175,65,67,27,66,110,15,72,166,32,46,159,146,113,40,114,127,43,147,44,60,16,130,126,123,63,85,9,91,79,176,116,34,62,13,83,128,129,86,12,68,87,11,74,26,101,51,135,182,41,103,69,154,88,28,160,164,98,14,55,2,6,186,52,47,73,172,22,181,136,58,108,109,161,163,10,149,141,117,162,102,25,170,156,111,132,84,30,137,99,1,167,180,174,75,56,36,29,96,
machine6:0,18,165,143,171,177,183,121,71,184,190,105,24,39,112,124,57,153,94,133,187,140,82,158,145,38,20,5,59,45,107,144,19,139,157,4,93,106,185,89,169,53,150,118,148,92,100,131,23,188,119,97,76,134,77,95,48,138,155,151,64,61,90,35,81,175,67,27,66,110,15,72,166,32,49,46,113,114,127,147,60,16,130,126,42,63,9,91,152,176,34,62,83,128,129,86,11,26,122,101,51,135,182,41,103,69,154,88,28,160,164,98,14,80,55,2,168,6,21,186,47,73,172,22,181,58,108,109,161,163,141,117,162,102,25,170,111,132,142,84,30,137,99,3,1,167,174,75,56,36,29,96,
machine7:0,18,165,171,177,183,121,184,190,105,24,39,112,124,57,133,187,140,145,20,59,45,107,144,19,139,4,93,106,185,169,118,148,92,100,131,23,188,97,76,134,77,95,48,138,155,64,90,35,81,175,67,27,110,15,166,114,127,147,60,126,63,9,91,152,176,34,62,83,128,129,86,101,51,135,182,41,69,154,88,28,160,164,98,55,2,168,6,21,186,47,73,172,22,181,58,108,161,163,141,117,162,102,25,111,132,84,30,3,1,167,174,75,56,36,96,
machine8:0,18,177,121,190,112,57,20,45,144,4,93,185,118,148,92,100,23,134,77,95,138,155,64,175,27,110,15,114,60,63,9,91,176,34,62,83,129,101,51,182,41,69,154,88,160,164,98,55,168,6,186,47,73,172,181,108,161,162,102,111,132,84,30,3,174,75,36,96,
machine9:0,8,143,171,31,177,121,112,57,133,140,158,20,59,144,19,104,157,93,148,92,100,23,188,119,37,173,77,95,48,155,64,35,27,66,166,32,46,159,113,127,60,16,130,126,63,9,176,62,13,128,101,135,182,69,154,28,160,164,14,2,186,52,73,172,22,109,161,163,162,102,25,156,111,132,84,30,137,3,174,75,56,96,
machine10:0,18,125,8,165,143,171,31,177,183,121,190,105,24,112,124,57,133,140,178,158,20,5,54,59,45,107,144,19,139,104,157,33,93,89,169,53,118,148,92,115,100,131,23,188,119,37,173,134,77,95,48,138,155,50,64,35,81,175,65,67,27,66,15,166,32,49,46,159,146,113,40,127,43,147,60,16,130,126,42,63,85,9,91,152,176,116,62,13,128,86,11,26,101,135,182,41,69,154,28,160,164,14,80,55,2,168,6,21,186,52,47,73,172,22,181,58,108,109,161,163,149,141,117,162,102,25,170,156,111,132,142,84,30,137,99,3,1,167,174,75,56,36,29,96,
machine11:0,18,165,143,171,177,71,24,124,140,178,54,59,45,144,19,157,33,185,169,148,17,131,23,173,76,77,95,138,151,50,64,61,35,81,67,27,110,15,46,113,40,60,91,62,128,12,122,51,182,154,88,160,164,98,14,80,55,2,6,21,186,22,181,58,109,78,10,141,102,142,84,30,174,75,
machine12:0,18,8,165,143,171,31,70,177,7,71,190,24,39,124,57,133,140,178,82,158,20,5,54,59,45,144,19,104,157,33,4,93,185,89,169,53,148,92,100,17,131,23,37,173,76,77,95,138,155,151,50,64,61,35,81,65,67,27,110,15,166,46,159,146,113,40,60,126,63,91,176,34,62,83,128,129,86,12,11,122,101,51,135,182,41,69,154,88,28,120,160,164,98,14,80,55,2,168,6,21,186,47,22,181,58,108,109,161,78,10,149,141,162,102,25,111,142,84,30,99,3,167,174,75,56,96,
machine13:0,18,125,143,171,31,70,177,183,121,184,190,24,39,112,57,189,153,94,133,187,140,178,82,158,5,54,45,107,144,157,4,93,106,185,89,169,53,150,118,148,115,100,17,23,188,119,97,37,173,76,77,95,138,155,151,50,64,90,81,175,65,67,27,66,15,72,166,32,46,159,146,43,147,44,60,16,126,63,85,9,91,79,176,116,62,83,128,129,86,68,87,11,74,26,122,101,179,51,135,182,103,69,154,88,28,120,160,164,98,14,80,55,2,168,6,21,186,52,47,73,172,22,181,136,58,108,109,161,78,163,10,149,141,117,162,102,170,156,111,132,142,84,30,137,99,3,1,167,180,174,75,56,36,29,96,
machine14:0,125,143,31,177,184,189,153,133,140,178,82,45,93,106,89,150,118,100,23,188,119,97,77,95,138,155,151,64,175,65,67,27,66,15,72,166,46,159,43,147,60,16,126,63,85,9,91,79,176,116,62,83,128,129,86,68,87,11,74,26,122,101,179,51,135,182,103,69,154,88,28,120,98,14,80,55,2,168,6,21,186,52,47,73,172,22,181,136,58,108,109,161,78,163,10,141,117,162,102,170,111,132,142,84,30,137,99,3,167,180,174,56,36,29,96,
machine15:0,177,140,45,93,150,100,188,95,151,64,175,27,66,15,72,166,46,147,16,9,79,176,62,11,74,101,179,51,135,103,88,28,98,2,6,21,186,172,181,136,58,108,109,161,163,10,141,117,162,102,111,84,30,137,167,36,29,
machine16:0,18,177,183,121,57,153,133,187,140,145,20,45,93,169,118,148,100,131,23,188,97,37,77,48,138,35,81,175,27,110,15,166,32,46,159,127,126,9,128,129,68,101,179,51,135,69,154,88,160,164,14,80,6,47,22,58,108,109,163,149,141,117,25,156,111,99,3,180,56,29,
machine17:0,18,8,165,143,31,177,183,121,7,71,184,39,112,124,57,189,153,133,187,140,158,145,38,20,5,54,59,45,107,144,19,104,93,185,89,169,118,148,100,131,23,188,97,37,76,77,95,48,138,50,35,81,175,65,67,27,66,110,15,166,32,46,159,146,113,114,127,147,60,16,126,42,63,85,9,152,176,62,128,129,86,68,87,11,74,101,179,51,135,182,41,103,69,154,88,160,164,98,14,80,55,2,168,6,21,186,52,47,172,22,181,58,108,109,161,78,163,149,141,117,162,102,25,156,111,84,99,3,167,180,174,75,56,29,96,
machine18:0,18,125,8,70,121,57,189,45,144,19,104,157,93,118,115,131,188,173,77,64,61,90,81,67,15,72,166,49,46,159,114,60,16,123,42,63,85,9,91,152,176,62,128,129,68,11,101,179,135,182,154,120,98,55,2,21,47,73,22,181,108,109,161,163,149,141,162,170,111,84,30,99,3,180,174,75,56,29,
machine19:0,18,125,8,143,70,177,183,121,7,184,190,24,39,57,189,153,94,133,187,140,82,38,5,54,59,45,144,19,104,157,4,93,106,89,53,118,148,92,115,100,131,188,37,173,76,77,95,48,151,64,61,90,81,175,67,110,15,72,166,32,49,46,159,146,114,43,147,60,16,130,123,42,63,85,9,91,79,152,176,116,62,13,128,129,68,11,122,101,179,51,135,182,103,69,154,88,28,120,164,98,55,2,6,21,52,47,73,172,22,181,136,58,108,109,161,78,163,149,141,117,162,102,170,156,111,132,84,30,137,99,3,1,167,180,174,75,56,36,29,

1to 1:
1to 2:180,61,87,26,12,176,55,53,84,147,34,44,116,103,115,35,68,
1to 3:38,1,20,188,99,11,153,25,172,131,101,157,121,28,137,83,77,63,140,29,46,42,177,151,155,171,66,
1to 4:31,52,73,143,40,135,47,127,128,186,181,45,125,134,178,130,50,43,5,169,
1to 5:59,164,21,102,70,62,14,96,158,173,174,98,166,76,161,8,182,111,
1to 6:88,10,54,56,86,160,109,167,4,90,39,91,149,32,97,108,57,136,2,17,74,79,162,72,117,142,190,9,
1to 7:168,185,152,129,113,165,184,51,124,95,41,104,114,187,189,71,18,100,179,15,19,7,80,112,146,
1to 8:49,154,37,85,48,13,122,94,24,175,6,16,36,156,3,120,141,123,89,163,58,159,81,82,30,22,75,170,
2to 1:19,38,132,123,20,13,54,32,139,43,41,88,95,117,28,98,29,2,36,150,165,137,127,59,63,133,11,
2to 2:
2to 3:82,47,86,148,4,103,110,112,161,119,26,16,69,114,186,144,
2to 4:48,60,15,99,166,175,24,93,56,116,101,108,154,81,160,53,
2to 5:126,57,75,149,35,177,5,55,64,92,113,46,162,50,
2to 6:1,180,176,125,184,147,23,111,51,73,163,67,185,84,155,129,178,44,170,85,6,100,159,27,66,77,52,128,143,
2to 7:181,97,68,169,131,167,102,87,138,109,164,22,156,65,62,96,
2to 8:61,18,174,151,188,173,9,72,79,91,136,
3to 1:16,23,56,61,82,92,102,106,118,119,130,134,144,147,148,152,154,164,167,174,187,34,81,126,105,
3to 2:1,5,6,9,24,27,41,72,83,88,91,111,128,155,162,170,181,184,96,97,
3to 3:
3to 4:22,26,58,67,77,80,95,100,112,113,117,141,158,168,177,183,139,
3to 5:3,18,25,47,93,109,142,143,165,185,190,171,71,124,169,
3to 6:14,15,28,29,30,36,53,55,64,89,99,103,122,132,137,138,150,182,94,121,107,
3to 7:39,48,60,63,75,76,86,101,127,135,163,175,145,42,
3to 8:2,4,11,21,45,57,69,73,84,90,98,108,110,129,131,133,140,161,172,
4to 1:1,6,14,22,24,27,37,46,48,58,67,86,112,113,146,162,166,173,8,49,80,124,33,
4to 2:2,25,36,64,73,85,92,102,126,132,148,163,164,130,66,139,
4to 3:18,55,56,60,91,93,108,109,118,138,154,160,167,174,181,190,142,105,
4to 4:
4to 5:19,23,30,45,69,77,84,89,95,128,131,155,159,176,41,81,40,54,65,
4to 6:11,21,75,119,140,144,157,168,175,141,169,26,
4to 7:3,20,32,35,57,59,107,133,147,172,183,186,188,121,
4to 8:5,15,29,47,52,53,62,99,100,111,115,117,135,137,182,101,43,
5to 1:10,17,31,39,51,57,64,83,84,120,143,151,159,168,176,178,186,78,7,12,
5to 2:4,11,56,62,63,65,67,69,101,133,154,160,161,40,18,
5to 3:19,24,30,34,41,80,96,111,122,126,135,166,182,
5to 4:6,20,25,27,35,46,138,140,164,165,104,33,
5to 5:
5to 6:3,22,50,60,82,93,146,171,174,
5to 7:2,14,21,23,47,58,89,98,108,110,128,141,148,158,5,
5to 8:28,59,76,92,102,144,149,157,162,167,177,181,190,8,54,70,
6to 1:70,65,125,153,66,184,158,138,157,89,21,163,177,129,93,55,30,135,140,77,101,141,128,
6to 2:150,10,136,74,94,82,119,146,156,173,14,15,166,95,186,75,47,109,
6to 3:72,169,185,117,32,175,67,45,51,100,22,62,84,
6to 4:115,171,107,142,155,170,28,96,118,188,16,23,159,29,91,111,3,182,172,161,64,
6to 5:78,83,31,178,4,151,80,53,86,37,148,58,133,27,63,167,11,154,
6to 6:
6to 7:180,103,85,149,160,50,126,144,6,81,99,9,162,174,69,
6to 8:106,189,116,187,68,183,39,147,132,143,88,46,60,176,164,56,
7to 1:145,97,74,107,5,25,85,169,110,50,175,45,188,60,182,172,108,
7to 2:54,127,114,48,20,185,149,32,52,113,59,58,29,81,143,100,93,
7to 3:71,124,158,168,165,35,89,14,147,21,23,133,129,27,176,57,141,
7to 4:8,66,156,86,37,18,148,126,163,131,9,2,62,75,69,109,
7to 5:104,138,160,39,144,15,88,99,101,56,
7to 6:87,78,65,68,76,31,112,183,98,96,16,177,46,135,102,161,186,181,164,
7to 7:
7to 8:7,38,180,42,153,179,19,184,146,152,121,118,67,51,166,55,63,95,77,128,
8to 1:79,104,115,189,90,116,103,114,190,121,183,73,15,99,9,69,181,109,
8to 2:38,125,98,137,28,144,131,51,46,30,135,167,60,22,182,172,77,57,141,
8to 3:49,106,94,130,187,76,170,92,53,36,59,6,143,3,95,75,64,
8to 4:42,13,19,152,157,173,149,1,32,132,55,63,102,162,174,
8to 5:146,122,61,110,67,91,100,129,2,108,
8to 6:43,153,179,120,5,156,24,151,37,118,18,188,148,58,81,133,166,62,47,
8to 7:78,54,117,52,45,16,159,177,111,88,93,140,176,11,154,161,84,
8to 8:

cell1:2,7,3,8,4,5,6,
cell2:3,1,7,6,5,4,8,
cell3:8,7,4,2,1,6,5,
cell4:7,3,8,2,6,1,5,
cell5:6,3,7,2,1,4,8,
cell6:2,5,4,8,1,3,7,
cell7:1,8,2,3,6,4,5,
cell8:1,3,6,4,5,7,2,
