machine1:0,18,8,70,183,121,71,140,158,190,177,105,7,24,31,184,187,38,39,112,20,124,189,57,94,82,133,19,145,59,107,144,171,165,139,173,104,153,53,157,33,106,93,45,178,89,169,185,5,4,150,118,148,92,115,54,100,17,143,95,23,119,188,127,97,125,44,77,131,138,48,37,76,134,50,66,175,65,67,151,61,90,110,113,15,35,166,126,32,49,159,46,146,40,81,72,114,123,43,13,155,147,130,64,42,63,34,60,9,79,27,85,152,128,116,91,62,83,86,68,11,74,16,26,87,12,135,129,182,122,101,176,154,179,41,69,88,164,28,120,80,103,55,98,14,51,2,186,160,168,6,52,21,47,111,136,73,10,172,181,58,108,109,161,22,78,163,142,149,117,162,141,102,170,25,156,132,84,30,137,99,3,1,167,180,174,75,56,36,29,96,
machine2:0,183,121,71,140,158,190,177,105,7,31,187,112,124,57,94,133,59,144,165,139,153,157,33,93,89,169,185,4,150,118,148,92,115,54,100,17,143,95,23,188,127,125,44,77,131,48,37,50,66,175,65,61,90,110,113,35,166,126,46,146,40,81,13,155,147,130,64,42,34,9,27,152,128,116,91,62,83,86,68,11,74,16,12,135,129,182,122,101,176,154,179,69,88,164,28,120,80,103,55,98,14,51,2,186,160,6,52,21,47,111,136,73,181,58,108,109,161,22,163,142,149,117,141,102,170,132,84,30,99,3,1,167,174,75,56,36,29,96,
machine3:0,183,121,140,190,105,31,187,57,94,133,144,93,169,118,148,92,100,23,188,125,44,131,37,175,65,61,90,113,35,46,81,155,130,64,27,152,128,116,62,83,86,68,16,135,129,182,101,176,154,69,88,164,120,55,14,51,2,186,6,47,111,73,181,58,108,161,163,102,84,30,99,167,174,75,56,29,
machine4:0,18,177,184,57,19,144,165,93,178,148,100,143,119,188,125,44,77,48,50,66,175,67,110,15,35,166,126,32,159,146,40,114,123,13,155,130,64,34,60,9,27,85,128,116,62,83,86,68,11,74,16,87,12,129,101,176,154,41,69,88,164,103,55,14,51,2,186,160,6,52,47,73,172,58,108,161,22,149,117,141,102,170,25,156,132,30,99,1,174,75,56,29,96,
machine5:0,18,177,24,184,38,112,20,57,94,82,133,19,59,144,165,139,173,53,93,178,169,185,5,4,150,148,92,115,54,100,143,95,23,119,188,127,97,125,44,77,131,138,48,50,66,175,65,67,151,61,110,113,15,35,166,126,32,159,46,146,40,81,72,114,123,43,13,155,147,130,64,63,34,60,9,79,27,85,128,116,91,62,83,86,68,11,74,16,26,87,12,135,129,182,101,176,154,41,69,88,164,28,103,55,98,14,51,2,186,160,6,52,47,111,136,73,10,172,181,58,108,109,161,22,163,149,117,162,141,102,170,25,156,132,84,30,137,99,1,167,180,174,75,56,36,29,96,
machine6:0,18,183,121,71,140,158,190,177,105,24,184,187,38,39,112,20,124,57,94,82,133,19,145,59,107,144,171,165,139,153,53,157,106,93,45,89,169,185,5,4,150,118,148,92,100,143,95,23,119,188,127,97,77,131,138,48,76,134,66,175,67,151,61,90,110,113,15,35,166,126,32,49,46,81,72,114,155,147,130,64,42,63,34,60,9,27,152,128,91,62,83,86,11,16,26,135,129,182,122,101,176,154,41,69,88,164,28,80,103,55,98,14,51,2,186,160,168,6,21,47,111,73,172,181,58,108,109,161,22,163,142,117,162,141,102,170,25,132,84,30,137,99,3,1,167,174,75,56,36,29,96,
machine7:0,18,183,121,140,190,177,105,24,184,187,39,112,20,124,57,133,19,145,59,107,144,171,165,139,106,93,45,169,185,4,118,148,92,100,95,23,188,127,97,77,131,138,48,76,134,175,67,90,110,15,35,166,126,81,114,155,147,64,63,34,60,9,27,152,128,91,62,83,86,135,129,182,101,176,154,41,69,88,164,28,55,98,51,2,186,160,168,6,21,47,111,73,172,181,58,108,161,22,163,117,162,141,102,25,132,84,30,3,1,167,174,75,56,36,96,
machine8:0,18,121,190,177,112,20,57,144,93,45,185,4,118,148,92,100,95,23,77,138,134,175,110,15,114,155,64,63,34,60,9,27,91,62,83,129,182,101,176,154,41,69,88,164,55,98,51,186,160,168,6,47,111,73,172,181,108,161,162,102,132,84,30,3,174,75,36,96,
machine9:0,8,121,140,158,177,31,112,20,57,133,19,59,144,171,173,104,157,93,148,92,100,143,95,23,119,188,127,77,48,37,66,113,35,166,126,32,159,46,13,155,130,64,63,60,9,27,128,62,16,135,182,101,176,154,69,164,28,14,2,186,160,52,111,73,172,109,161,22,163,162,102,25,156,132,84,30,137,3,174,75,56,96,
machine10:0,18,8,183,121,140,158,190,177,105,24,31,112,20,124,57,133,19,59,107,144,171,165,139,173,104,53,157,33,93,45,178,89,169,5,118,148,92,115,54,100,143,95,23,119,188,127,125,77,131,138,48,37,134,50,66,175,65,67,113,15,35,166,126,32,49,159,46,146,40,81,43,13,155,147,130,64,42,63,60,9,27,85,152,128,116,91,62,86,11,16,26,135,182,101,176,154,41,69,164,28,80,55,14,2,186,160,168,6,52,21,47,111,73,172,181,58,108,109,161,22,163,142,149,117,162,141,102,170,25,156,132,84,30,137,99,3,1,167,174,75,56,36,29,96,
machine11:0,18,71,140,177,24,124,19,59,144,171,165,173,157,33,45,178,169,185,148,54,17,143,95,23,77,131,138,76,50,67,151,61,110,113,15,35,46,40,81,64,60,27,128,91,62,12,182,122,154,88,164,80,55,98,14,51,2,186,160,6,21,10,181,58,109,22,78,142,141,102,84,30,174,75,
machine12:0,18,8,70,71,140,158,190,177,7,24,31,39,20,124,57,82,133,19,59,144,171,165,173,104,53,157,33,93,45,178,89,169,185,5,4,148,92,54,100,17,143,95,23,77,131,138,37,76,50,65,67,151,61,110,113,15,35,166,126,159,46,146,40,81,155,64,63,34,60,27,128,91,62,83,86,11,12,135,129,182,122,101,176,154,41,69,88,164,28,120,80,55,98,14,51,2,186,160,168,6,21,47,111,10,181,58,108,109,161,22,78,142,149,162,141,102,25,84,30,99,3,167,174,75,56,96,
machine13:0,18,70,183,121,140,158,190,177,24,31,184,187,39,112,189,57,94,82,133,107,144,171,173,153,53,157,106,93,45,178,89,169,185,5,4,150,118,148,115,54,100,17,143,95,23,119,188,97,125,44,77,138,37,76,50,66,175,65,67,151,90,15,166,126,32,159,46,146,81,72,43,155,147,64,63,60,9,79,27,85,128,116,91,62,83,86,68,11,74,16,26,87,135,129,182,122,101,176,154,179,69,88,164,28,120,80,103,55,98,14,51,2,186,160,168,6,52,21,47,111,136,73,10,172,181,58,108,109,161,22,78,163,142,149,117,162,141,102,170,156,132,84,30,137,99,3,1,167,180,174,75,56,36,29,96,
machine14:0,140,177,31,184,189,82,133,153,106,93,45,178,89,150,118,100,143,95,23,119,188,97,125,77,138,66,175,65,67,151,15,166,126,159,46,72,43,155,147,64,63,60,9,79,27,85,128,116,91,62,83,86,68,11,74,16,26,87,135,129,182,122,101,176,154,179,69,88,28,120,80,103,55,98,14,51,2,186,168,6,52,21,47,111,136,73,10,172,181,58,108,109,161,22,78,163,142,117,162,141,102,170,132,84,30,137,99,3,167,180,174,56,36,29,96,
machine15:0,140,177,93,45,150,100,95,188,66,175,151,15,166,46,72,147,64,9,79,27,62,11,74,16,135,101,176,179,88,28,103,98,51,2,186,6,21,111,136,10,172,181,58,108,109,161,163,117,162,141,102,84,30,137,167,36,29,
machine16:0,18,183,121,140,177,187,20,57,133,145,153,93,45,169,118,148,100,23,188,127,97,77,131,138,48,37,175,110,15,35,166,126,32,159,46,81,9,27,128,68,135,129,101,154,179,69,88,164,80,14,51,160,6,47,111,58,108,109,22,163,149,117,141,25,156,99,3,180,56,29,
machine17:0,18,8,183,121,71,140,158,177,7,31,184,187,38,39,112,20,124,189,57,133,19,145,59,107,144,165,104,153,93,45,89,169,185,5,118,148,54,100,143,95,23,188,127,97,77,131,138,48,37,76,50,66,175,65,67,110,113,15,35,166,126,32,159,46,146,81,114,147,42,63,60,9,27,85,152,128,62,86,68,11,74,16,87,135,129,182,101,176,154,179,41,69,88,164,80,103,55,98,14,51,2,186,160,168,6,52,21,47,111,172,181,58,108,109,161,22,78,163,149,117,162,141,102,25,156,84,99,3,167,180,174,75,56,29,96,
machine18:0,18,8,70,121,189,57,19,144,173,104,157,93,45,118,115,188,125,77,131,67,61,90,15,166,49,159,46,81,72,114,123,64,42,63,60,9,85,152,128,91,62,68,11,16,135,129,182,101,176,154,179,120,55,98,2,21,47,111,73,181,108,109,161,22,163,149,162,141,170,84,30,99,3,180,174,75,56,29,
machine19:0,18,8,70,183,121,140,190,177,7,24,184,187,38,39,189,57,94,82,133,19,59,144,173,104,153,53,157,106,93,45,89,5,4,118,148,92,115,54,100,143,95,188,125,77,131,48,37,76,175,67,151,61,90,110,15,166,32,49,159,46,146,81,72,114,123,43,13,147,130,64,42,63,60,9,79,85,152,128,116,91,62,68,11,16,135,129,182,122,101,176,154,179,69,88,164,28,120,103,55,98,51,2,6,52,21,47,111,136,73,172,181,58,108,109,161,22,78,163,149,117,162,141,102,170,156,132,84,30,137,99,3,1,167,180,174,75,56,36,29,

1to 1:
1to 2:180,61,87,26,12,176,55,53,84,147,34,44,116,103,115,35,68,
1to 3:38,1,20,188,99,11,153,25,172,131,101,157,121,28,137,83,77,63,140,29,46,42,177,151,155,171,66,
1to 4:31,52,73,143,40,135,47,127,128,186,181,45,125,134,178,130,50,43,5,169,
1to 5:59,164,21,102,70,62,14,96,158,173,174,98,166,76,161,8,182,111,
1to 6:88,10,54,56,86,160,109,167,4,90,39,91,149,32,97,108,57,136,2,17,74,79,162,72,117,142,190,9,
1to 7:168,185,152,129,113,165,184,51,124,95,41,104,114,187,189,71,18,100,179,15,19,7,80,112,146,
1to 8:49,154,37,85,48,13,122,94,24,175,6,16,36,156,3,120,141,123,89,163,58,159,81,82,30,22,75,170,
2to 1:139,43,123,38,150,13,54,19,127,165,41,36,20,98,137,28,117,32,132,59,29,133,88,63,2,11,95,
2to 2:
2to 3:26,82,119,103,114,4,112,86,110,148,144,16,161,186,47,69,
2to 4:116,24,48,53,160,175,81,15,166,93,99,60,154,108,101,56,
2to 5:5,92,35,149,50,113,126,177,46,55,162,75,57,64,
2to 6:44,180,125,66,184,155,170,178,85,185,1,52,67,147,73,6,23,163,159,51,111,143,100,129,27,176,77,84,128,
2to 7:87,97,65,68,138,156,169,96,131,167,22,102,62,181,109,164,
2to 8:79,72,136,173,151,61,18,188,91,9,174,
3to 1:16,23,56,61,82,92,102,106,118,119,130,134,144,147,148,152,154,164,167,174,187,34,81,126,105,
3to 2:1,5,6,9,24,27,41,72,83,88,91,111,128,155,162,170,181,184,96,97,
3to 3:
3to 4:22,26,58,67,77,80,95,100,112,113,117,141,158,168,177,183,139,
3to 5:3,18,25,47,93,109,142,143,165,185,190,171,71,124,169,
3to 6:14,15,28,29,30,36,53,55,64,89,99,103,122,132,137,138,150,182,94,121,107,
3to 7:39,48,60,63,75,76,86,101,127,135,163,175,145,42,
3to 8:2,4,11,21,45,57,69,73,84,90,98,108,110,129,131,133,140,161,172,
4to 1:1,6,14,22,24,27,37,46,48,58,67,86,112,113,146,162,166,173,8,49,80,124,33,
4to 2:2,25,36,64,73,85,92,102,126,132,148,163,164,130,66,139,
4to 3:18,55,56,60,91,93,108,109,118,138,154,160,167,174,181,190,142,105,
4to 4:
4to 5:19,23,30,45,69,77,84,89,95,128,131,155,159,176,41,81,40,54,65,
4to 6:11,21,75,119,140,144,157,168,175,141,169,26,
4to 7:3,20,32,35,57,59,107,133,147,172,183,186,188,121,
4to 8:5,15,29,47,52,53,62,99,100,111,115,117,135,137,182,101,43,
5to 1:31,39,51,57,64,83,84,120,143,151,159,168,176,178,186,17,10,78,7,12,
5to 2:4,11,56,62,63,65,67,69,101,133,154,161,160,40,18,
5to 3:19,24,30,41,80,96,111,122,126,135,182,34,166,
5to 4:20,25,27,35,46,138,140,164,165,6,104,33,
5to 5:
5to 6:3,22,50,60,82,93,146,171,174,
5to 7:2,14,21,23,47,58,89,98,108,110,128,141,148,158,5,
5to 8:28,59,76,102,144,149,157,162,167,177,181,190,92,8,54,70,
6to 1:158,101,140,177,184,93,89,157,77,66,153,163,65,138,135,129,55,125,70,30,21,128,141,
6to 2:75,109,166,47,14,10,173,95,156,186,146,74,82,136,94,150,15,119,
6to 3:22,100,67,84,185,169,175,51,32,72,45,62,117,
6to 4:3,96,159,111,23,91,172,118,29,28,107,161,170,16,155,188,142,171,182,64,115,
6to 5:11,78,133,178,58,83,4,31,53,80,167,27,154,63,37,151,148,86,
6to 6:
6to 7:50,103,180,6,69,99,81,160,144,126,9,85,149,162,174,
6to 8:60,143,39,56,68,116,132,176,183,164,46,88,187,147,106,189,
7to 1:108,60,172,182,175,188,85,5,25,169,50,145,97,74,45,110,107,
7to 2:58,143,93,59,52,81,114,100,54,185,20,48,29,113,32,149,127,
7to 3:176,129,141,165,35,168,89,57,71,147,14,27,133,158,23,21,124,
7to 4:69,62,109,148,163,2,75,66,131,8,86,9,156,37,126,18,
7to 5:56,101,88,144,99,160,138,39,15,104,
7to 6:161,102,135,181,186,177,16,46,112,183,76,98,164,96,31,65,78,87,68,
7to 7:
7to 8:128,63,51,95,67,166,19,179,118,55,77,152,180,38,153,121,146,7,42,184,
8to 1:9,15,69,73,79,90,99,109,114,115,116,121,181,183,189,190,103,104,
8to 2:22,28,30,46,51,57,60,77,125,131,135,137,141,144,167,172,182,98,38,
8to 3:3,6,36,49,53,59,64,75,76,92,94,95,106,130,143,170,187,
8to 4:1,13,19,32,55,63,102,132,149,152,157,162,173,174,42,
8to 5:2,61,67,91,100,108,110,122,129,146,
8to 6:5,18,24,37,47,58,62,81,118,120,133,148,151,153,156,166,179,188,43,
8to 7:11,16,45,52,54,84,88,93,111,140,154,159,161,176,177,117,78,
8to 8:

cell1:2,7,3,8,4,5,6,
cell2:1,8,3,6,7,5,4,
cell3:8,7,4,2,1,6,5,
cell4:7,3,8,2,6,1,5,
cell5:6,7,3,2,1,4,8,
cell6:4,2,3,8,7,1,5,
cell7:5,6,4,1,2,8,3,
cell8:5,3,6,2,7,1,4,
