machine1:0,8,70,121,183,71,158,24,190,20,7,105,177,153,31,112,184,39,38,124,189,94,57,187,140,171,82,145,59,5,107,144,19,165,139,54,104,157,33,93,106,173,45,89,185,133,169,4,118,150,148,92,178,115,53,17,143,80,100,95,188,119,127,97,37,125,76,77,48,138,61,18,44,134,50,175,90,66,81,23,65,131,67,151,110,113,35,15,114,166,49,46,159,146,40,60,123,160,32,43,13,147,130,152,69,155,42,83,63,27,72,9,79,85,64,116,91,34,62,86,12,126,68,11,74,16,128,26,87,88,135,182,122,101,129,179,41,154,164,176,28,120,103,98,14,51,55,2,186,168,6,52,136,21,47,142,73,10,172,181,58,108,109,22,78,163,161,141,117,149,162,102,25,170,156,111,132,84,30,137,99,3,1,167,180,174,75,56,36,29,96,
machine2:0,121,183,71,158,190,7,105,177,153,31,112,124,94,57,187,140,59,144,165,139,54,157,33,93,89,185,133,169,4,118,150,148,92,115,17,143,80,100,95,188,127,37,125,77,48,61,44,50,175,90,66,81,23,65,131,110,113,35,166,46,146,40,160,13,147,130,152,69,155,42,83,27,9,64,116,91,34,62,86,12,126,68,11,74,16,128,88,135,182,122,101,129,179,154,164,176,28,120,103,98,14,51,55,2,186,6,52,136,21,47,142,73,181,58,108,109,22,163,161,141,117,149,102,170,111,132,84,30,99,3,1,167,174,75,56,36,29,96,
machine3:0,121,183,190,105,31,94,57,187,140,144,93,133,169,118,148,92,100,188,37,125,61,44,175,90,81,23,65,131,113,35,46,130,152,69,155,83,27,64,116,62,86,68,16,128,88,135,182,101,129,154,164,176,120,14,51,55,2,186,6,47,73,181,58,108,163,161,102,111,84,30,99,167,174,75,56,29,
machine4:0,177,184,57,144,19,165,93,148,178,143,100,188,119,125,77,48,18,44,50,175,66,67,110,35,15,114,166,159,146,40,60,123,160,32,13,130,69,155,83,27,9,85,64,116,34,62,86,12,126,68,11,74,16,128,87,88,101,129,41,154,164,176,103,14,51,55,2,186,6,52,47,73,172,58,108,22,161,141,117,149,102,25,170,156,132,30,99,1,174,75,56,29,96,
machine5:0,24,20,177,112,184,38,94,57,82,59,5,144,19,165,139,54,93,173,185,133,169,4,150,148,92,178,115,53,143,100,95,188,119,127,97,125,77,48,138,61,18,44,50,175,66,81,23,65,131,67,151,110,113,35,15,114,166,46,159,146,40,60,123,160,32,43,13,147,130,69,155,83,63,27,72,9,79,85,64,116,91,34,62,86,12,126,68,11,74,16,128,26,87,88,135,182,101,129,41,154,164,176,28,103,98,14,51,55,2,186,6,52,136,47,73,10,172,181,58,108,109,22,163,161,141,117,149,162,102,25,170,156,111,132,84,30,137,99,1,167,180,174,75,56,36,29,96,
machine6:0,121,183,71,158,24,190,20,105,177,153,112,184,39,38,124,94,57,187,140,171,82,145,59,5,107,144,19,165,139,157,93,106,45,89,185,133,169,4,118,150,148,92,53,143,80,100,95,188,119,127,97,76,77,48,138,61,18,134,175,90,66,81,23,131,67,151,110,113,35,15,114,166,49,46,60,160,32,147,130,152,69,155,42,83,63,27,72,9,64,91,34,62,86,126,11,16,128,26,88,135,182,122,101,129,41,154,164,176,28,103,98,14,51,55,2,186,168,6,21,47,142,73,172,181,58,108,109,22,163,161,141,117,162,102,25,170,111,132,84,30,137,99,3,1,167,174,75,56,36,29,96,
machine7:0,121,183,24,190,20,105,177,112,184,39,124,57,187,140,171,145,59,107,144,19,165,139,93,106,45,185,133,169,4,118,148,92,100,95,188,127,97,76,77,48,138,18,134,175,90,81,23,131,67,110,35,15,114,166,60,160,147,152,69,155,83,63,27,9,64,91,34,62,86,126,128,88,135,182,101,129,41,154,164,176,28,98,51,55,2,186,168,6,21,47,73,172,181,58,108,22,163,161,141,117,162,102,25,111,132,84,30,3,1,167,174,75,56,36,96,
machine8:0,121,190,20,177,112,57,144,93,45,185,4,118,148,92,100,95,77,138,18,134,175,23,110,15,114,60,160,69,155,83,63,27,9,64,91,34,62,88,182,101,129,41,154,164,176,98,51,55,186,168,6,47,73,172,181,108,161,162,102,111,132,84,30,3,174,75,36,96,
machine9:0,8,121,158,20,177,31,112,57,140,171,59,144,19,104,157,93,173,133,148,92,143,100,95,188,119,127,37,77,48,66,23,113,35,166,46,159,60,160,32,13,130,69,155,63,27,9,64,62,126,16,128,135,182,101,154,164,176,28,14,2,186,52,73,172,109,22,163,161,162,102,25,156,111,132,84,30,137,3,174,75,56,96,
machine10:0,8,121,183,158,24,190,20,105,177,31,112,124,57,140,171,59,5,107,144,19,165,139,54,104,157,33,93,173,45,89,133,169,118,148,92,178,115,53,143,80,100,95,188,119,127,37,125,77,48,138,18,134,50,175,66,81,23,65,131,67,113,35,15,166,49,46,159,146,40,60,160,32,43,13,147,130,152,69,155,42,63,27,9,85,64,116,91,62,86,126,11,16,128,26,135,182,101,41,154,164,176,28,14,55,2,186,168,6,52,21,47,142,73,172,181,58,108,109,22,163,161,141,117,149,162,102,25,170,156,111,132,84,30,137,99,3,1,167,174,75,56,36,29,96,
machine11:0,71,24,177,124,140,171,59,144,19,165,54,157,33,173,45,185,169,148,178,17,143,80,95,76,77,138,61,18,50,81,23,131,67,151,110,113,35,15,46,40,60,160,27,64,91,62,12,128,88,182,122,154,164,98,14,51,55,2,186,6,21,142,10,181,58,109,22,78,141,102,84,30,174,75,
machine12:0,8,70,71,158,24,190,20,7,177,31,39,124,57,140,171,82,59,5,144,19,165,54,104,157,33,93,173,45,89,185,133,169,4,148,92,178,53,17,143,80,100,95,37,76,77,138,61,18,50,81,23,65,131,67,151,110,113,35,15,166,46,159,146,40,60,160,69,155,83,63,27,64,91,34,62,86,12,126,11,128,88,135,182,122,101,129,41,154,164,176,28,120,98,14,51,55,2,186,168,6,21,47,142,10,181,58,108,109,22,78,161,141,149,162,102,25,111,84,30,99,3,167,174,75,56,96,
machine13:0,70,121,183,158,24,190,177,153,31,112,184,39,189,94,57,187,140,171,82,5,107,144,54,157,93,106,173,45,89,185,133,169,4,118,150,148,178,115,53,17,143,80,100,95,188,119,97,37,125,76,77,138,18,44,50,175,90,66,81,23,65,67,151,15,166,46,159,146,60,160,32,43,147,69,155,83,63,27,72,9,79,85,64,116,91,62,86,126,68,11,74,16,128,26,87,88,135,182,122,101,129,179,154,164,176,28,120,103,98,14,51,55,2,186,168,6,52,136,21,47,142,73,10,172,181,58,108,109,22,78,163,161,141,117,149,162,102,170,156,111,132,84,30,137,99,3,1,167,180,174,75,56,36,29,96,
machine14:0,177,153,31,184,189,140,82,93,106,45,89,133,118,150,178,143,80,100,95,188,119,97,125,77,138,175,66,23,65,67,151,15,166,46,159,60,43,147,69,155,83,63,27,72,9,79,85,64,116,91,62,86,126,68,11,74,16,128,26,87,88,135,182,122,101,129,179,154,176,28,120,103,98,14,51,55,2,186,168,6,52,136,21,47,142,73,10,172,181,58,108,109,22,78,163,161,141,117,162,102,170,111,132,84,30,137,99,3,167,180,174,56,36,29,96,
machine15:0,177,140,93,45,150,100,95,188,175,66,151,15,166,46,147,27,72,9,79,64,62,11,74,16,88,135,101,179,176,28,103,98,51,2,186,6,136,21,10,172,181,58,108,109,163,161,141,117,162,102,111,84,30,137,167,36,29,
machine16:0,121,183,20,177,153,57,187,140,145,93,45,133,169,118,148,80,100,188,127,97,37,77,48,138,18,175,81,23,131,110,35,15,166,46,159,160,32,69,27,9,126,68,128,88,135,101,129,179,154,164,14,51,6,47,58,108,109,22,163,141,117,149,25,156,111,99,3,180,56,29,
machine17:0,8,121,183,71,158,20,7,177,153,31,112,184,39,38,124,189,57,187,140,145,59,5,107,144,19,165,54,104,93,45,89,185,133,169,118,148,143,80,100,95,188,127,97,37,76,77,48,138,18,50,175,66,81,23,65,131,67,110,113,35,15,114,166,46,159,146,60,160,32,147,152,69,42,63,27,9,85,62,86,126,68,11,74,16,128,87,88,135,182,101,129,179,41,154,164,176,103,98,14,51,55,2,186,168,6,52,21,47,172,181,58,108,109,22,78,163,161,141,117,149,162,102,25,156,111,84,99,3,167,180,174,75,56,29,96,
machine18:0,8,70,121,189,57,144,19,104,157,93,173,45,118,115,188,125,77,61,18,90,81,131,67,15,114,166,49,46,159,60,123,152,42,63,72,9,85,64,91,62,68,11,16,128,135,182,101,129,179,154,176,120,98,55,2,21,47,73,181,108,109,22,163,161,141,149,162,170,111,84,30,99,3,180,174,75,56,29,
machine19:0,8,70,121,183,24,190,7,177,153,184,39,38,189,94,57,187,140,82,59,5,144,19,54,104,157,93,106,173,45,89,133,4,118,148,92,115,53,143,100,95,188,37,125,76,77,48,61,18,175,90,81,131,67,151,110,15,114,166,49,46,159,146,60,123,32,43,13,147,130,152,69,42,63,72,9,79,85,64,116,91,62,68,11,16,128,88,135,182,122,101,129,179,154,164,176,28,120,103,98,51,55,2,6,52,136,21,47,73,172,181,58,108,109,22,78,163,161,141,117,149,162,102,170,156,111,132,84,30,137,99,3,1,167,180,174,75,56,36,29,

1to 1:
1to 2:180,61,87,26,12,176,55,53,84,147,34,44,116,103,115,35,68,
1to 3:38,1,20,188,99,11,153,25,172,131,101,157,121,28,137,83,77,63,140,29,46,42,177,151,155,171,66,
1to 4:31,52,73,143,40,135,47,127,128,186,181,45,125,134,178,130,50,43,5,169,
1to 5:59,164,21,102,70,62,14,96,158,173,174,98,166,76,161,8,182,111,
1to 6:88,10,54,56,86,160,109,167,4,90,39,91,149,32,97,108,57,136,2,17,74,79,162,72,117,142,190,9,
1to 7:168,185,152,129,113,165,184,51,124,95,41,104,114,187,189,71,18,100,179,15,19,7,80,112,146,
1to 8:49,154,37,85,48,13,122,94,24,175,6,16,36,156,3,120,141,123,89,163,58,159,81,82,30,22,75,170,
2to 1:139,43,123,38,150,13,54,19,127,165,41,36,20,98,137,28,117,32,132,59,29,133,88,63,2,11,95,
2to 2:
2to 3:26,82,119,103,114,4,112,86,110,148,144,16,161,186,47,69,
2to 4:116,24,48,53,160,175,81,15,166,93,99,60,154,108,101,56,
2to 5:5,92,35,149,50,113,126,177,46,55,162,75,57,64,
2to 6:44,180,125,66,184,155,170,178,85,185,1,52,67,147,73,6,23,163,159,51,111,143,100,129,27,176,77,84,128,
2to 7:87,97,65,68,138,156,169,96,131,167,22,102,62,181,109,164,
2to 8:79,72,136,173,151,61,18,188,91,9,174,
3to 1:16,23,56,61,82,92,102,106,118,119,130,134,144,147,148,152,154,164,167,174,187,34,81,126,105,
3to 2:1,5,6,9,24,27,41,72,83,88,91,111,128,155,162,170,181,184,96,97,
3to 3:
3to 4:22,26,58,67,77,80,95,100,112,113,117,141,158,168,177,183,139,
3to 5:3,18,25,47,93,109,142,143,165,185,190,171,71,124,169,
3to 6:14,15,28,29,30,36,53,55,64,89,99,103,122,132,137,138,150,182,94,121,107,
3to 7:39,48,60,63,75,76,86,101,127,135,163,175,145,42,
3to 8:2,4,11,21,45,57,69,73,84,90,98,108,110,129,131,133,140,161,172,
4to 1:1,6,14,22,24,27,37,46,48,58,67,86,112,113,146,162,166,173,8,49,80,124,33,
4to 2:2,25,36,64,73,85,92,102,126,132,148,163,164,130,66,139,
4to 3:18,55,56,60,91,93,108,109,118,138,154,160,167,174,181,190,142,105,
4to 4:
4to 5:19,23,30,45,69,77,84,89,95,128,131,155,159,176,41,81,40,54,65,
4to 6:11,21,75,119,140,144,157,168,175,141,169,26,
4to 7:3,20,32,35,57,59,107,133,147,172,183,186,188,121,
4to 8:5,15,29,47,52,53,62,99,100,111,115,117,135,137,182,101,43,
5to 1:31,39,51,57,64,83,84,120,143,151,159,168,176,178,186,17,10,78,7,12,
5to 2:4,11,56,62,63,65,67,69,101,133,154,161,160,40,18,
5to 3:19,24,30,41,80,96,111,122,126,135,182,34,166,
5to 4:20,25,27,35,46,138,140,164,165,6,104,33,
5to 5:
5to 6:3,22,50,60,82,93,146,171,174,
5to 7:2,14,21,23,47,58,89,98,108,110,128,141,148,158,5,
5to 8:28,59,76,102,144,149,157,162,167,177,181,190,92,8,54,70,
6to 1:128,141,30,55,135,129,21,77,163,93,138,125,177,70,65,101,140,153,89,157,66,184,158,
6to 2:15,186,95,119,146,94,150,136,82,74,156,47,109,75,166,173,14,10,
6to 3:62,84,51,45,117,32,175,169,72,185,22,100,67,
6to 4:64,182,188,16,161,155,115,142,172,171,29,170,91,28,118,111,23,3,107,159,96,
6to 5:154,63,167,27,148,86,37,151,80,53,58,31,4,133,11,83,178,78,
6to 6:
6to 7:174,162,9,126,69,149,99,81,144,85,6,160,50,103,180,
6to 8:164,147,88,46,176,56,189,106,132,187,183,143,60,116,68,39,
7to 1:145,97,74,107,5,25,85,169,110,50,175,45,188,60,182,172,108,
7to 2:54,127,114,48,20,185,149,32,52,113,59,58,29,81,143,100,93,
7to 3:71,124,158,168,165,35,89,14,147,21,23,133,129,27,176,57,141,
7to 4:8,66,156,86,37,18,148,126,163,131,9,2,62,75,69,109,
7to 5:104,138,160,39,144,15,88,99,101,56,
7to 6:87,78,65,68,76,31,112,183,98,96,16,177,46,135,102,161,186,181,164,
7to 7:
7to 8:7,38,180,42,153,179,19,184,146,152,121,118,67,51,166,55,63,95,77,128,
8to 1:79,104,115,189,90,116,103,114,190,121,183,73,15,99,9,69,181,109,
8to 2:38,125,98,137,28,144,131,51,46,30,135,167,60,22,182,172,77,57,141,
8to 3:49,106,94,130,187,76,170,92,53,36,59,6,143,3,95,75,64,
8to 4:42,13,19,152,157,173,149,1,32,132,55,63,102,162,174,
8to 5:146,122,61,110,67,91,100,129,2,108,
8to 6:43,153,179,120,5,156,24,151,37,118,18,188,148,58,81,133,166,62,47,
8to 7:78,54,117,52,45,16,159,177,111,88,93,140,176,11,154,161,84,
8to 8:

cell1:2,7,3,8,4,5,6,
cell2:1,8,3,6,7,5,4,
cell3:8,7,4,2,1,6,5,
cell4:7,3,8,2,6,1,5,
cell5:6,7,3,2,1,4,8,
cell6:3,7,1,8,5,2,4,
cell7:1,8,2,3,6,4,5,
cell8:1,3,6,4,5,7,2,
