machine1:0,17,14,9,20,12,6,1,13,11,8,16,5,19,15,4,2,
machine2:0,14,10,9,20,12,6,1,13,8,3,16,5,4,18,2,
machine3:0,7,17,14,10,9,20,12,6,1,13,11,8,3,16,5,19,15,4,18,2,
machine4:0,7,17,14,10,9,20,6,1,13,11,8,3,16,5,19,15,4,18,2,
machine5:0,14,10,20,6,1,13,11,8,3,16,5,19,15,18,2,
machine6:0,7,10,9,20,12,6,1,13,11,8,3,16,5,19,15,4,18,2,
machine7:0,9,20,12,6,1,13,8,3,16,5,19,15,4,18,2,
machine8:0,7,14,10,9,20,12,6,13,11,8,3,5,19,15,4,18,2,
machine9:0,10,20,12,6,1,13,11,8,3,16,5,19,15,4,18,
machine10:0,7,17,14,10,9,20,12,6,1,13,11,8,3,16,5,19,15,4,2,
machine11:0,17,14,10,9,20,12,6,1,13,11,8,3,16,19,15,4,18,2,

1to 1:
1to 2:1,14,15,19,11,5,7,20,12,4,6,9,16,8,2,18,3,13,
1to 3:2,4,11,14,20,7,17,1,10,12,3,5,18,6,19,8,15,16,9,13,
2to 1:1,6,7,8,5,3,2,10,19,11,14,12,20,4,9,18,16,13,15,
2to 2:
2to 3:3,6,8,10,12,14,16,18,19,20,5,11,1,2,4,9,15,13,
3to 1:2,9,11,12,14,15,17,19,7,20,10,8,5,1,4,6,16,18,3,13,
3to 2:3,8,9,10,13,14,16,18,19,7,11,20,4,6,2,5,12,1,15,
3to 3:

cell1:2,3,
cell2:1,3,
cell3:2,1,
