machine1:0,17,14,20,9,12,6,13,11,1,8,5,19,16,15,4,2,
machine2:0,14,10,20,9,12,6,13,1,8,3,5,16,4,18,2,
machine3:0,7,17,14,10,20,9,12,6,13,11,1,8,3,5,19,16,15,4,18,2,
machine4:0,7,17,14,10,20,9,6,13,11,1,8,3,5,19,16,15,4,18,2,
machine5:0,14,10,20,6,13,11,1,8,3,5,19,16,15,18,2,
machine6:0,7,10,20,9,12,6,13,11,1,8,3,5,19,16,15,4,18,2,
machine7:0,20,9,12,6,13,1,8,3,5,19,16,15,4,18,2,
machine8:0,7,14,10,20,9,12,6,13,11,8,3,5,19,15,4,18,2,
machine9:0,10,20,12,6,13,11,1,8,3,5,19,16,15,4,18,
machine10:0,7,17,14,10,20,9,12,6,13,11,1,8,3,5,19,16,15,4,2,
machine11:0,17,14,10,20,9,12,6,13,11,1,8,3,19,16,15,4,18,2,

1to 1:
1to 2:1,11,14,15,19,12,20,5,6,4,13,9,2,8,7,3,16,18,
1to 3:2,4,11,14,15,20,1,7,17,3,5,18,12,10,19,6,8,13,16,9,
2to 1:1,6,7,8,12,3,2,19,5,9,13,18,15,4,10,11,16,20,14,
2to 2:
2to 3:3,8,10,12,14,16,18,19,20,5,6,9,2,15,1,4,13,11,
3to 1:2,11,14,15,17,19,20,9,8,7,5,4,1,16,12,18,6,10,13,3,
3to 2:3,7,8,9,10,13,14,16,18,19,11,2,4,20,6,15,5,12,1,
3to 3:

cell1:2,3,
cell2:3,1,
cell3:1,2,
