machine1:0,11,20,1,16,8,5,15,19,17,13,9,14,2,4,12,6,
machine2:0,20,1,16,8,18,5,13,9,14,10,3,2,4,12,6,
machine3:0,7,11,20,1,16,8,18,5,15,19,17,13,9,14,10,3,2,4,12,6,
machine4:0,7,11,20,1,16,8,18,5,15,19,17,13,9,14,10,3,2,4,6,
machine5:0,11,20,1,16,8,18,5,15,19,13,14,10,3,2,6,
machine6:0,7,11,20,1,16,8,18,5,15,19,13,9,10,3,2,4,12,6,
machine7:0,20,1,16,8,18,5,15,19,13,9,3,2,4,12,6,
machine8:0,7,11,20,8,18,5,15,19,13,9,14,10,3,2,4,12,6,
machine9:0,11,20,1,16,8,18,5,15,19,13,10,3,4,12,6,
machine10:0,7,11,20,1,16,8,5,15,19,17,13,9,14,10,3,2,4,12,6,
machine11:0,11,20,1,16,8,18,15,19,17,13,9,14,10,3,2,4,12,6,

1to 1:
1to 2:1,14,19,11,5,7,20,12,4,6,15,9,16,8,2,18,3,13,
1to 3:2,4,11,14,20,7,17,1,10,12,3,5,18,6,19,8,15,16,9,13,
2to 1:1,6,7,8,5,3,2,10,19,11,14,12,20,4,9,16,13,18,15,
2to 2:
2to 3:3,8,10,12,14,16,18,19,20,5,6,11,1,2,4,9,15,13,
3to 1:2,9,11,12,14,15,17,18,19,7,20,10,8,5,1,4,6,16,3,13,
3to 2:3,8,9,10,13,14,15,16,18,19,7,11,20,4,6,2,5,12,1,
3to 3:

cell1:2,3,
cell2:1,3,
cell3:2,1,
