machine1:0,77,72,36,48,63,68,26,16,39,51,8,15,74,47,21,78,49,54,29,45,41,65,62,42,2,70,59,79,44,80,30,6,10,37,20,17,73,32,4,34,64,23,5,14,28,43,3,
machine2:0,50,12,35,77,72,63,68,22,16,57,27,39,51,71,15,46,1,69,11,47,19,21,33,49,54,45,41,9,65,42,40,2,70,59,44,30,6,10,66,37,20,13,17,73,25,32,75,58,56,34,64,5,14,28,3,61,
machine3:0,50,52,35,77,72,36,38,48,63,26,22,16,55,27,39,51,8,15,46,11,33,29,45,41,9,65,62,42,67,2,70,60,44,7,66,37,31,73,25,18,76,32,58,4,64,5,14,28,61,
machine4:0,50,35,72,36,38,48,68,26,22,27,51,71,8,1,69,74,47,33,54,29,45,41,9,65,62,67,40,2,70,60,59,79,10,66,37,17,31,73,18,32,4,34,64,5,28,61,
machine5:0,52,72,36,38,48,63,68,22,16,55,27,39,51,71,8,15,46,1,69,74,11,19,21,54,29,45,41,67,2,70,60,59,79,44,80,7,30,66,13,17,73,25,18,24,76,32,75,58,4,34,64,23,5,14,43,3,61,
machine6:0,50,12,52,77,72,36,38,48,63,22,16,57,39,51,71,8,15,1,47,21,78,53,29,45,41,9,67,40,2,70,60,59,44,80,7,10,13,17,73,25,18,76,32,75,58,56,23,28,3,61,
machine7:0,50,35,77,72,36,48,63,26,22,16,57,55,27,51,71,15,1,74,47,19,21,78,49,54,29,45,41,65,62,67,60,59,79,44,80,30,10,13,17,25,24,76,4,34,23,14,28,43,61,
machine8:0,35,77,36,38,48,68,16,27,51,8,69,47,21,78,49,53,54,29,45,41,9,65,42,67,2,70,79,7,30,6,10,66,17,73,25,18,32,34,3,
machine9:0,50,52,35,36,38,48,63,22,16,55,27,51,8,46,74,19,21,33,49,54,29,45,9,62,67,40,2,60,59,44,7,10,66,37,13,17,25,24,32,4,56,34,23,5,14,
machine10:0,52,35,77,48,63,68,16,57,55,39,51,71,8,15,1,74,11,47,19,21,33,49,45,41,9,65,62,67,40,2,44,80,7,30,10,20,13,31,25,18,76,32,4,56,23,3,
machine11:0,12,52,35,77,72,48,63,68,26,22,55,27,39,51,8,15,1,69,74,11,47,19,21,54,45,9,62,67,40,2,70,60,79,30,10,66,37,20,73,58,4,34,23,5,14,28,3,61,
machine12:0,50,12,52,35,77,72,36,38,48,63,68,26,22,16,57,55,27,51,71,8,15,46,69,74,11,47,19,21,33,78,49,54,29,45,9,65,62,42,67,2,70,60,59,79,44,80,7,30,6,10,66,37,17,31,73,25,18,24,76,32,75,4,56,34,23,5,14,28,43,3,61,
machine13:0,12,35,77,72,36,38,48,63,68,26,22,16,57,55,27,39,51,8,15,46,1,69,74,11,47,19,21,33,78,49,53,54,29,45,41,9,65,42,67,40,2,70,59,79,44,80,7,30,6,10,66,37,20,13,17,31,73,25,18,76,32,75,58,4,56,34,64,23,5,14,28,43,3,61,
machine14:0,50,12,52,35,77,72,36,38,48,68,26,22,16,57,55,27,39,51,71,8,15,46,1,69,74,11,47,19,21,33,78,49,29,45,41,9,65,62,42,67,40,2,60,59,79,44,80,7,30,6,10,66,37,13,17,31,25,18,24,76,32,75,58,4,56,64,23,5,14,28,43,3,61,
machine15:0,50,12,52,35,77,72,36,38,48,63,68,26,22,16,57,55,27,39,51,71,8,15,46,1,69,74,11,47,19,21,33,78,49,53,54,29,45,41,9,65,62,42,67,40,2,70,60,59,79,44,80,7,30,6,10,66,37,20,31,73,25,18,24,76,32,58,4,56,34,64,23,5,14,28,43,3,61,
machine16:0,50,12,52,35,72,38,48,63,68,26,22,16,57,55,27,39,51,71,8,1,69,74,11,47,19,33,78,49,54,29,45,41,9,65,62,67,40,70,79,44,7,30,6,10,66,37,20,17,31,73,25,18,24,75,4,34,64,23,5,28,43,3,61,
machine17:0,12,35,77,72,36,38,48,63,68,26,22,16,57,27,39,51,71,8,15,46,1,69,11,19,21,33,78,49,53,54,29,45,9,65,62,42,67,2,70,60,59,79,44,80,7,30,6,10,66,37,20,13,17,31,73,25,18,76,58,4,56,34,64,23,5,14,28,43,
machine18:0,50,52,35,72,36,38,48,63,26,22,16,57,55,27,39,51,8,15,46,1,74,11,47,19,21,33,78,49,53,54,29,45,41,9,62,42,67,40,2,59,79,44,80,6,10,66,37,20,13,17,25,18,76,75,58,4,56,34,23,5,14,28,43,3,61,
machine19:0,50,52,35,77,72,36,38,48,63,68,26,22,16,57,55,27,39,51,8,15,1,74,11,47,19,21,33,78,49,54,29,45,41,9,65,62,42,67,40,2,70,60,59,79,44,80,7,30,10,66,37,13,17,31,73,25,18,24,76,32,58,4,56,34,64,23,5,14,28,43,3,61,
machine20:0,12,52,35,77,72,36,38,48,63,68,26,22,16,57,55,27,39,51,71,8,15,46,1,69,74,11,47,19,21,33,78,49,53,54,29,45,41,9,65,62,42,67,40,2,70,59,79,44,80,7,30,6,10,66,37,20,13,17,31,73,25,18,24,76,32,75,58,4,56,34,64,23,5,14,3,61,
machine21:0,50,12,52,35,77,72,36,38,48,63,68,26,22,16,57,55,27,39,51,71,8,15,46,1,69,74,11,47,19,21,33,78,49,53,54,29,45,41,9,65,62,42,67,40,2,70,60,59,79,44,80,7,30,6,10,66,37,20,13,17,31,73,25,18,24,76,32,75,58,4,56,34,64,23,5,14,28,43,3,61,

1to 1:
1to 2:1,5,10,11,13,19,33,34,37,38,40,47,49,50,51,52,55,58,60,62,66,67,68,70,73,77,59,69,28,30,23,18,61,74,54,3,14,29,39,15,41,17,32,27,22,78,44,2,4,16,8,9,45,48,72,21,63,
1to 3:1,2,3,5,9,10,16,18,19,21,25,28,30,31,33,34,35,37,42,44,50,52,54,55,58,61,63,66,67,71,73,74,75,77,78,24,6,76,59,64,69,60,20,46,79,23,7,38,65,62,14,29,39,11,15,70,17,47,32,27,22,4,8,45,36,51,68,48,49,72,
1to 4:3,5,8,10,11,12,13,19,22,26,29,30,31,32,34,35,36,40,42,43,44,45,46,54,55,58,62,63,64,66,67,71,72,73,75,77,78,79,50,6,76,59,69,60,20,28,7,18,38,65,61,74,14,39,15,41,37,47,1,25,27,57,2,4,16,9,51,68,48,49,21,
1to 5:1,3,5,13,14,15,16,18,19,26,27,29,30,34,35,36,38,40,43,44,45,49,51,52,55,56,57,58,59,64,65,66,67,69,70,75,50,6,76,60,20,28,46,79,42,61,74,54,62,33,39,11,41,17,37,22,78,2,4,8,9,10,68,48,72,21,63,
1to 6:1,3,4,5,9,12,13,16,17,19,20,28,29,30,31,32,34,40,41,45,51,54,55,56,58,60,62,64,66,67,68,69,70,72,75,77,79,80,24,76,46,23,42,7,73,18,38,65,61,33,14,39,11,15,37,47,25,27,22,78,44,2,8,10,36,48,49,21,63,
1to 7:1,2,3,4,5,8,10,13,16,19,25,26,29,30,31,34,35,38,43,45,50,51,54,55,56,58,62,64,66,67,70,77,79,52,59,69,28,46,42,7,73,18,65,61,33,14,11,15,41,17,37,47,32,22,78,44,57,9,36,68,48,49,21,63,
2to 1:1,3,4,7,8,11,14,18,19,20,21,22,24,25,26,28,31,32,33,34,36,37,39,41,42,44,47,48,50,57,58,59,60,61,63,65,68,69,70,72,74,76,77,79,80,12,55,71,30,66,46,23,73,54,62,5,29,15,17,27,78,35,2,16,67,9,45,10,51,
2to 2:
2to 3:1,2,4,9,10,11,16,18,20,22,24,25,27,29,36,37,39,40,41,42,43,44,47,49,50,52,53,54,58,59,60,61,62,65,66,67,69,70,74,75,77,79,80,13,12,76,55,71,28,34,30,23,7,73,38,3,5,19,33,14,15,17,32,78,35,8,45,51,68,48,72,21,63,
2to 4:4,6,7,8,11,13,14,15,17,18,21,22,24,25,27,33,34,37,38,40,41,42,44,47,48,50,52,56,58,59,60,61,65,67,69,70,71,72,74,77,79,80,12,55,28,30,66,46,23,73,26,54,62,3,5,19,29,57,35,2,16,9,45,10,36,51,68,49,63,
2to 5:2,7,11,13,18,19,21,22,24,25,26,27,28,29,33,37,38,39,40,41,44,47,48,49,50,52,53,59,60,61,62,63,65,66,67,68,69,70,72,73,74,75,76,79,80,55,20,34,30,46,23,54,3,5,14,15,17,1,78,57,35,4,16,8,9,45,10,36,51,
2to 6:2,7,8,11,14,15,16,18,20,21,22,23,24,25,27,30,31,32,36,37,38,40,41,42,44,47,48,51,53,58,59,60,61,63,65,68,69,70,72,73,74,76,77,78,79,80,13,12,55,56,34,66,46,54,62,3,5,19,33,29,17,57,35,4,67,9,45,10,49,
2to 7:2,7,8,10,13,16,18,21,22,24,26,27,31,32,33,35,37,38,41,42,44,50,52,54,57,59,61,63,65,66,67,68,69,70,74,75,77,79,80,55,28,30,46,23,73,40,62,3,5,19,14,29,15,17,47,1,25,4,9,45,51,48,49,
3to 1:5,7,9,10,18,19,20,23,24,25,26,27,28,30,34,37,38,41,42,43,46,49,51,58,59,61,64,65,71,74,75,77,80,76,55,69,56,60,66,73,40,54,3,33,14,39,11,15,70,17,47,1,32,22,78,44,2,4,16,8,45,36,68,48,72,21,63,
3to 2:5,9,10,11,12,14,18,20,21,23,26,27,28,30,31,34,37,39,40,41,43,44,48,52,54,57,58,59,61,66,67,73,74,76,77,80,13,55,69,60,79,7,65,3,19,33,29,15,70,17,47,1,25,32,22,78,35,2,4,16,8,45,36,51,68,49,72,63,
3to 3:
3to 4:3,4,5,10,12,16,18,23,26,27,28,30,31,34,35,40,41,49,50,52,54,57,63,65,67,68,74,76,80,75,53,58,6,13,55,59,69,71,60,43,20,46,79,42,7,73,38,19,33,14,29,39,11,15,70,17,37,47,1,25,32,22,78,44,2,8,9,45,36,51,48,72,21,
3to 5:2,3,4,10,11,12,15,17,18,21,23,26,28,30,31,36,37,42,45,46,48,50,53,54,57,59,64,66,67,69,73,74,75,79,80,58,13,76,55,60,43,20,34,7,38,65,5,19,33,14,29,39,41,70,47,1,25,22,78,44,35,16,8,9,51,49,72,63,
3to 6:3,6,10,11,12,14,18,19,23,25,27,30,31,37,42,43,46,47,49,53,57,58,60,61,63,67,69,73,74,75,77,80,13,76,55,59,64,56,34,66,79,7,38,65,40,5,33,39,15,41,70,17,1,32,22,78,44,35,2,4,16,8,9,45,36,51,48,72,21,
3to 7:3,4,5,6,7,10,11,12,14,15,17,18,23,25,26,27,31,36,37,38,40,45,46,52,54,58,59,61,63,64,67,74,75,77,80,69,71,60,43,20,34,66,42,73,65,62,19,33,29,39,41,70,47,32,22,78,44,57,35,2,16,8,9,68,48,49,21,
4to 1:2,3,4,5,7,9,10,14,17,18,19,21,22,23,25,26,29,30,32,33,34,35,37,38,39,43,44,45,49,52,54,55,58,61,63,64,65,67,68,70,71,72,76,77,24,75,6,59,69,60,28,66,79,42,73,74,62,11,15,41,47,1,27,78,57,16,8,51,48,
4to 2:2,3,4,5,7,8,10,12,13,14,16,17,22,23,24,25,26,27,29,30,31,32,34,40,45,47,51,53,54,57,58,61,63,65,68,70,72,74,77,78,79,80,52,55,59,69,71,60,28,66,46,73,38,62,19,33,39,11,15,41,1,35,67,9,36,48,49,21,
4to 3:3,5,6,7,10,12,13,14,17,18,21,22,23,24,25,27,29,30,31,35,38,41,42,43,44,45,46,49,55,58,59,60,61,63,64,65,67,68,70,71,72,77,78,80,75,53,52,69,56,28,34,66,79,40,26,74,19,33,11,15,37,47,1,57,2,4,16,8,9,36,51,48,
4to 4:
4to 5:1,2,3,4,5,6,7,8,9,10,11,13,14,20,21,23,24,25,29,30,31,34,35,40,42,43,44,46,51,54,58,60,61,64,65,68,70,72,74,76,78,79,80,75,53,52,12,55,59,69,71,56,28,66,38,26,62,19,33,39,15,41,37,47,27,57,16,67,45,36,48,49,63,
4to 6:1,2,4,7,8,10,12,13,14,17,18,22,24,25,27,29,30,31,32,34,36,39,40,41,42,43,44,46,49,52,54,56,58,59,61,63,65,70,72,76,75,53,6,55,69,60,28,79,23,77,73,38,26,74,62,3,5,19,33,11,15,47,78,57,35,16,67,9,45,51,48,21,
4to 7:3,4,5,7,9,11,14,15,20,22,23,24,25,27,29,30,31,32,33,34,39,40,41,42,43,44,45,46,49,51,54,58,59,60,61,64,65,68,70,71,78,50,75,53,6,12,55,56,66,79,77,73,38,26,74,62,19,37,47,1,57,35,2,16,67,8,10,36,48,72,21,63,
5to 1:1,2,3,5,6,10,11,14,15,16,17,18,19,21,23,24,25,26,28,29,30,31,34,36,38,42,43,44,47,48,51,54,55,56,57,58,59,62,64,65,66,67,68,70,71,73,75,76,79,80,13,20,46,61,74,33,39,41,37,27,22,78,4,8,9,45,72,63,
5to 2:1,2,3,4,7,8,11,14,15,16,17,18,19,21,23,25,28,29,31,33,34,36,38,41,43,44,47,49,51,52,54,55,56,57,58,59,60,62,65,66,67,69,70,71,76,78,79,53,13,20,30,61,74,5,39,27,22,35,9,45,10,68,48,72,63,
5to 3:1,3,6,7,8,11,13,14,15,16,17,18,19,20,21,23,25,28,29,30,33,34,35,36,37,38,40,41,44,46,47,48,49,51,52,53,54,55,57,58,59,60,61,62,65,66,67,69,70,71,73,75,79,31,76,43,74,5,39,27,22,78,2,4,9,45,10,68,72,63,
5to 4:1,2,6,7,8,9,11,13,14,15,16,17,18,19,20,21,23,25,28,29,30,34,36,37,38,40,42,43,44,46,47,49,50,51,52,53,54,55,56,58,59,60,61,62,64,65,66,67,68,69,71,73,75,76,78,79,31,26,74,33,39,41,27,22,57,35,4,10,48,72,63,
5to 5:
5to 6:1,2,3,5,6,7,9,11,13,14,15,17,18,19,20,23,25,29,33,34,35,36,37,38,39,43,44,46,47,49,51,53,55,56,58,59,60,62,64,65,66,67,70,72,73,75,76,77,79,80,31,12,30,61,26,74,54,41,27,22,78,57,4,16,8,45,10,68,48,21,63,
5to 7:2,4,6,7,11,14,15,16,17,18,19,21,22,23,25,27,28,29,30,33,34,36,37,39,43,44,46,47,50,51,55,58,59,62,64,65,66,67,69,70,72,73,74,75,76,77,78,79,31,12,20,38,61,54,5,41,1,57,35,8,9,45,10,68,48,49,63,
6to 1:1,2,3,4,5,8,9,10,11,15,16,19,20,22,32,33,34,35,36,38,40,41,43,45,48,51,52,54,55,57,58,60,63,67,69,70,72,73,75,77,78,79,80,64,66,23,42,7,18,65,61,74,14,29,39,17,37,47,25,27,44,68,49,21,
6to 2:1,3,4,8,9,10,11,12,13,15,16,18,20,21,22,24,25,29,31,32,33,35,38,39,41,44,45,48,51,52,54,55,57,58,60,62,63,69,70,72,77,78,80,56,34,30,66,23,7,65,40,61,26,74,5,19,14,17,47,27,2,67,36,68,49,
6to 3:1,2,3,4,5,6,8,9,10,11,12,13,15,16,17,19,20,21,22,23,24,27,29,30,31,32,33,34,38,41,46,48,51,52,55,56,57,58,61,62,63,64,66,68,69,70,72,74,75,76,77,78,79,71,42,7,73,18,65,40,26,14,37,47,25,44,35,67,45,36,49,
6to 4:1,2,3,4,6,7,8,9,10,12,13,15,16,17,18,19,20,22,24,26,31,32,35,36,38,39,41,43,44,45,47,48,51,52,53,54,55,56,58,60,61,63,64,65,66,69,70,72,73,75,76,78,80,59,30,79,23,42,77,40,74,62,5,33,14,29,11,37,25,27,57,67,68,49,21,
6to 5:1,2,4,6,8,9,10,11,12,14,15,16,17,19,20,22,24,27,31,36,38,39,41,43,44,46,47,48,51,52,56,58,63,70,72,73,75,78,79,80,13,76,64,34,66,23,7,18,65,40,61,26,74,54,62,5,33,29,37,25,57,35,67,68,49,21,
6to 6:
6to 7:1,2,4,5,8,9,10,11,12,14,15,16,17,18,19,20,21,22,24,27,31,32,33,38,41,42,43,44,45,46,48,51,52,55,56,57,58,61,63,66,67,69,70,73,77,78,64,34,23,7,65,40,26,54,62,37,47,25,35,36,68,49,
7to 1:2,3,4,9,10,15,16,17,18,19,20,22,24,25,26,27,28,30,31,33,35,39,41,42,43,44,45,46,48,50,51,55,56,58,59,61,62,63,66,67,68,69,73,74,75,78,64,79,77,7,38,65,54,5,14,29,70,37,47,1,32,8,36,49,21,
7to 2:1,2,3,4,9,13,15,16,17,19,22,25,27,28,31,32,33,34,35,36,38,39,40,41,44,48,49,50,51,53,54,55,56,58,59,63,66,67,69,71,73,74,78,80,12,60,20,23,77,7,65,61,62,14,29,70,37,47,57,8,45,10,21,
7to 3:2,3,4,6,7,8,11,12,15,16,17,18,19,20,22,23,25,27,28,30,31,33,34,35,42,43,45,46,48,50,55,58,59,61,62,63,64,66,67,68,69,73,74,75,76,79,80,60,77,38,65,40,54,5,14,29,41,70,37,47,1,32,78,44,57,9,10,36,49,21,
7to 4:2,3,4,6,9,11,12,13,15,16,18,19,22,25,26,27,28,30,31,33,34,35,37,39,40,41,42,43,44,45,46,48,49,50,51,55,56,57,58,59,60,62,63,64,67,69,72,73,74,75,80,52,77,7,38,65,61,54,14,29,70,47,1,78,8,10,36,68,21,
7to 5:2,3,4,6,9,10,11,13,15,16,17,18,19,20,21,22,26,27,30,31,33,34,35,37,41,43,44,46,47,48,49,50,51,54,55,57,58,60,62,63,66,67,71,73,74,75,78,79,80,64,23,7,38,65,61,14,29,70,1,8,36,68,72,
7to 6:2,3,4,7,11,12,13,14,15,16,17,19,20,22,27,30,31,33,34,35,36,37,40,41,43,44,45,46,48,50,51,55,56,58,59,61,62,63,65,67,69,70,73,74,75,78,52,60,23,77,38,54,5,29,47,1,25,32,57,8,9,10,68,49,21,
7to 7:

cell1:3,4,5,7,6,2,
cell2:6,3,1,7,4,5,
cell3:4,5,6,7,1,2,
cell4:1,5,2,6,3,7,
cell5:2,7,1,3,6,4,
cell6:5,2,7,4,1,3,
cell7:2,5,1,4,6,3,
