11 20 3 3 3

1 1 1 2 2 2 3 3 3 3 3 

0 11 30 
51 0 41 
6 22 0 

0 1 1 
1 0 1 
1 1 0 

9 6 8 8 9 8 7 8 7 9 7 
7 6 9 6 7 5 9 9 9 8 8 
7 7 5 9 5 6 8 5 9 5 5 

5    1    344    0.6    648
0 4 0 0 0 16 0 26 0 0 0 
0 0 0 0 0 15 0 0 0 0 0 
0 0 0 0 4 0 0 0 0 0 0 
0 0 9 0 17 0 29 0 0 0 0 
18 0 0 0 0 13 0 0 0 0 0 
11    0    880    0.3    1752
0 0 0 28 0 0 0 15 0 0 0 
0 0 0 0 27 0 25 0 0 0 0 
0 25 0 0 0 0 0 0 0 0 0 
4 0 0 0 0 0 0 0 0 0 0 
0 0 0 0 12 0 0 0 0 0 0 
0 0 11 0 29 0 0 0 0 21 0 
20 0 0 0 0 30 0 0 0 0 0 
17 0 0 0 0 22 0 17 0 0 0 
0 0 11 0 26 0 0 0 14 0 0 
8 0 0 0 0 18 0 0 30 0 0 
22 0 0 9 0 0 8 0 0 0 0 
13    1    898    0.1    1779
0 0 19 21 0 0 0 0 0 0 0 
0 0 29 13 0 0 0 0 0 0 0 
0 0 0 0 0 19 0 0 0 0 0 
0 6 0 0 0 0 0 0 0 0 17 
23 0 0 0 23 0 0 0 0 0 0 
0 0 0 0 0 0 5 0 0 0 0 
29 0 0 0 0 0 0 0 0 0 0 
0 0 10 3 0 0 19 0 0 0 0 
0 0 0 0 21 0 0 20 0 0 0 
0 10 0 0 9 0 0 0 0 3 0 
0 2 0 0 0 0 0 0 0 0 0 
0 30 0 0 0 16 0 0 0 0 27 
0 9 0 0 0 0 0 0 0 0 0 
7    0    488    0.2    958
0 0 0 0 0 0 0 14 0 0 0 
14 0 0 0 0 0 0 0 0 12 0 
0 12 0 0 0 0 0 0 0 5 0 
0 20 0 0 0 0 0 0 0 12 0 
0 0 0 0 0 28 12 0 0 0 0 
0 0 4 0 7 0 0 24 0 0 0 
0 12 0 0 0 0 0 0 0 24 0 
8    0    587    0.8    1138
0 0 0 0 20 0 0 0 0 0 0 
0 1 0 0 0 0 0 0 0 0 6 
0 0 9 4 0 0 0 0 4 0 0 
0 0 0 0 0 30 0 0 0 0 16 
0 0 1 0 0 26 0 0 23 0 0 
0 0 25 0 0 27 0 0 0 0 9 
0 0 0 0 0 0 0 0 24 0 0 
0 15 0 0 5 0 0 0 0 0 0 
18    1    1267    0.3    2509
1 0 0 0 21 0 0 0 0 10 0 
0 0 22 5 0 0 0 25 0 0 0 
0 0 5 26 0 0 9 0 0 0 0 
29 0 0 0 0 10 0 0 14 0 0 
11 0 0 0 18 0 0 0 0 0 0 
11 0 0 26 0 0 0 0 0 0 17 
0 0 22 0 0 0 0 0 0 0 0 
0 0 0 22 0 0 0 0 0 0 0 
0 29 0 0 0 0 0 0 0 0 0 
0 26 0 0 4 0 0 0 0 19 0 
0 5 0 0 0 0 0 0 0 0 0 
0 0 5 6 0 0 0 0 27 0 0 
0 0 0 0 0 0 0 12 0 0 0 
0 25 0 0 0 0 0 0 0 0 27 
0 0 0 0 0 0 20 0 0 0 0 
0 12 0 0 0 0 0 0 0 0 0 
0 0 0 0 0 11 0 0 0 0 0 
0 0 0 0 0 0 0 0 0 0 4 
8    1    538    0.4    1061
0 0 0 0 11 0 0 0 0 0 0 
0 0 0 0 0 0 30 0 0 0 0 
0 30 0 14 0 0 0 0 16 0 0 
0 0 0 0 10 0 0 0 0 0 0 
0 0 13 0 0 0 0 0 0 0 0 
0 0 0 11 0 0 0 0 0 2 0 
0 0 0 0 0 0 0 0 9 0 0 
0 2 0 0 0 17 0 0 0 21 0 
8    2    627    0.5    1245
0 0 0 0 29 0 0 0 6 0 0 
0 0 16 0 24 0 0 0 0 0 0 
22 0 0 0 0 0 0 0 0 0 0 
27 0 0 0 0 0 1 0 0 0 0 
0 0 0 7 0 0 0 0 0 28 0 
0 0 0 30 0 0 0 0 0 0 0 
14 0 0 0 0 0 0 0 0 0 0 
0 0 3 0 0 0 0 0 0 30 0 
9    1    618    0.6    1210
1 0 0 4 0 0 0 0 0 0 0 
0 0 0 0 0 5 0 0 0 0 27 
0 0 0 0 1 0 17 0 0 0 0 
0 24 0 0 0 28 0 0 0 0 0 
0 0 17 0 0 14 0 0 0 0 0 
0 0 29 0 0 27 15 0 0 0 0 
0 0 0 0 0 0 0 0 0 17 0 
0 0 10 0 0 0 0 0 9 0 0 
0 0 11 0 0 0 0 0 0 0 0 
17    1    1229    0.9    2420
0 0 16 30 0 0 0 0 0 0 0 
0 29 0 0 0 0 0 0 0 0 0 
19 0 0 0 22 0 0 0 0 0 0 
0 0 0 0 26 0 0 0 0 0 0 
0 21 0 0 0 24 0 0 0 0 20 
10 0 0 11 0 0 0 0 0 0 0 
0 0 0 0 0 0 0 0 0 0 4 
0 0 0 0 22 0 9 0 0 0 0 
29 0 0 0 28 0 0 20 0 0 0 
0 0 0 0 0 0 0 0 0 0 4 
0 0 0 0 0 8 0 0 0 0 0 
0 0 0 0 0 8 0 0 0 0 0 
0 0 0 0 30 0 0 0 0 0 30 
21 0 0 0 0 0 0 0 0 0 0 
0 1 0 0 0 0 0 0 0 0 0 
0 0 0 0 12 0 0 0 0 7 0 
0 22 0 23 0 0 0 23 0 0 0 
15    2    860    0.1    1688
1 0 0 0 23 0 0 6 0 0 0 
0 0 0 13 0 0 0 0 0 0 0 
0 18 0 0 0 7 13 0 0 0 0 
0 7 0 0 0 0 0 0 0 0 0 
0 0 0 0 0 0 0 0 17 0 0 
0 0 0 0 0 0 0 0 3 0 0 
0 0 0 0 20 0 0 0 0 10 0 
0 0 19 0 3 0 0 0 0 24 0 
0 3 0 0 0 0 0 0 0 28 0 
0 22 0 0 0 0 0 0 0 10 0 
0 0 2 0 0 0 0 0 0 0 0 
23 0 0 3 0 0 12 0 0 0 0 
14 0 0 0 3 0 0 0 0 0 17 
0 0 0 13 0 0 0 0 0 0 11 
9 0 0 4 0 0 20 0 0 0 0 
6    1    474    0.8    917
0 0 0 0 0 0 0 0 26 0 0 
0 0 0 0 0 0 0 0 26 0 0 
0 0 15 0 0 0 6 0 0 0 0 
2 0 0 0 0 0 0 0 0 0 0 
0 27 0 0 0 0 0 0 0 0 0 
0 0 0 10 0 0 0 0 0 0 0 
9    0    714    0.7    1392
0 0 0 30 0 0 0 0 0 0 22 
6 0 0 0 0 0 0 0 0 0 0 
0 19 0 0 0 0 0 0 0 20 0 
0 0 0 30 0 0 0 0 0 0 0 
0 0 14 0 0 0 0 0 0 0 0 
0 17 0 10 0 0 0 0 0 0 0 
0 23 0 0 0 0 0 18 0 0 0 
0 0 1 0 0 0 0 0 26 0 0 
0 0 14 19 0 0 0 0 0 0 8 
11    1    704    0.8    1372
0 0 2 0 0 14 0 0 0 0 0 
0 0 27 0 0 0 0 0 0 0 18 
0 0 0 0 0 0 0 0 0 23 0 
0 1 0 0 0 0 0 0 0 0 0 
0 19 0 0 8 0 0 0 1 0 0 
15 0 0 0 0 15 26 0 0 0 0 
0 13 0 0 0 0 6 0 0 0 0 
0 0 0 1 0 0 0 0 0 0 0 
0 0 11 0 23 0 0 28 0 0 0 
0 7 0 0 0 15 25 0 0 0 0 
0 15 0 0 0 0 0 0 0 0 0 
9    2    562    0.4    1104
0 3 0 0 0 2 0 0 24 0 0 
13 0 0 0 0 22 0 0 0 0 0 
8 0 0 0 0 0 0 0 0 0 0 
0 0 26 0 0 0 0 0 23 0 0 
0 21 0 14 0 0 0 0 0 0 0 
4 0 0 0 13 0 0 0 0 0 0 
0 0 0 0 1 0 0 0 0 0 0 
0 0 5 0 0 0 0 0 0 0 0 
0 0 0 28 0 0 0 0 0 0 0 
8    2    531    0.4    1019
0 0 0 0 10 0 0 0 0 0 23 
0 0 0 0 0 0 0 0 0 0 26 
0 0 3 0 0 19 0 0 0 0 0 
0 0 0 0 0 0 12 0 0 0 0 
0 0 0 0 0 0 0 0 0 0 8 
0 0 14 0 0 0 0 0 0 0 0 
0 0 0 0 0 0 0 0 0 0 20 
0 0 8 13 0 0 0 0 6 0 0 
15    1    1005    0.2    1970
23 0 0 0 0 0 0 0 0 0 0 
0 0 0 15 0 0 0 0 0 17 0 
6 0 0 0 0 4 0 0 23 0 0 
0 0 0 0 30 0 10 0 0 0 0 
24 0 0 0 0 0 0 0 0 0 25 
0 0 0 0 13 0 0 6 0 0 0 
0 14 0 0 0 0 0 0 0 0 13 
0 20 0 0 0 2 0 27 0 0 0 
0 1 0 0 0 13 16 0 0 0 0 
0 0 0 0 0 0 0 0 0 7 0 
0 0 9 0 23 0 0 0 0 15 0 
29 0 0 0 2 0 0 13 0 0 0 
0 0 0 0 3 0 19 0 0 0 0 
0 0 11 8 0 0 0 0 0 14 0 
0 0 5 6 0 0 0 8 0 0 0 
9    0    660    0.8    1312
0 30 0 0 0 10 0 0 0 0 0 
0 27 0 0 0 1 0 0 0 0 0 
4 0 0 0 0 25 11 0 0 0 0 
0 6 0 0 0 0 0 0 0 0 0 
0 0 13 0 0 0 0 0 17 0 0 
0 0 5 0 0 0 0 0 30 0 0 
0 0 15 0 0 0 0 0 0 0 0 
22 0 0 0 0 0 0 0 0 0 19 
0 0 0 29 0 0 0 0 0 0 30 
9    1    654    0.2    1269
0 0 16 0 0 0 0 0 0 0 0 
8 0 0 22 0 0 0 0 0 0 0 
0 0 8 0 0 0 0 0 0 0 22 
0 0 0 21 0 0 0 0 0 0 0 
10 0 0 0 28 0 0 0 0 21 0 
0 18 0 0 0 0 0 0 0 0 0 
0 0 0 5 0 0 0 0 0 0 18 
0 0 13 0 11 0 0 0 30 0 0 
7 0 0 0 0 0 0 1 0 0 0 
6    0    357    0.9    671
0 25 0 2 0 0 0 0 3 0 0 
0 5 0 0 24 0 0 0 0 0 0 
0 0 0 0 0 0 0 10 0 0 0 
0 22 0 13 0 0 9 0 0 0 0 
0 0 6 0 0 0 0 0 0 0 0 
0 0 0 0 0 0 0 0 0 3 0 
