machine1:0,14,32,30,39,3,11,2,40,13,34,19,23,10,4,26,9,29,25,1,27,28,24,6,8,5,12,33,37,20,15,38,18,16,31,21,36,22,7,35,17,
machine2:0,14,32,30,39,3,11,2,40,13,34,19,23,10,4,26,9,29,25,1,27,28,24,6,8,5,12,33,37,20,15,38,18,16,31,21,36,22,7,35,17,
machine3:0,14,32,30,39,3,11,2,40,13,34,19,23,10,4,26,9,29,25,1,27,28,24,6,8,5,12,33,37,20,15,38,18,16,31,21,36,22,7,35,17,
machine4:0,14,32,30,39,3,11,2,40,13,34,19,23,10,4,26,9,29,25,1,27,28,24,6,8,5,12,33,37,20,15,38,18,16,31,21,36,22,7,35,17,

1to 1:
1to 2:3,32,19,30,37,23,7,26,4,28,14,21,39,27,10,2,35,11,16,40,36,12,18,25,20,5,22,38,
2to 1:3,28,15,26,1,19,21,27,30,4,25,39,24,14,17,2,13,34,20,9,11,33,6,18,16,31,10,29,12,22,23,8,
2to 2:

cell1:2,
cell2:1,
