machine1:0,76,92,85,24,27,86,70,38,33,81,72,87,20,9,2,67,26,84,98,12,40,55,95,25,93,50,17,71,90,5,34,6,88,83,14,73,63,59,7,13,97,89,94,100,30,32,42,79,74,80,60,1,56,23,68,4,21,8,69,18,45,47,35,16,46,66,29,19,54,15,36,
machine2:0,37,31,76,92,85,24,22,49,75,27,86,70,38,33,51,81,91,72,39,10,87,20,9,2,67,26,84,98,12,48,40,55,95,44,25,93,50,17,71,52,90,5,34,6,88,83,14,73,63,59,7,65,41,13,11,97,89,58,94,100,30,32,53,99,96,42,79,74,57,62,80,60,77,1,56,78,23,68,4,21,8,69,18,45,47,3,61,35,43,64,28,16,46,66,29,19,54,82,15,36,
machine3:0,37,92,24,86,70,33,81,72,10,9,2,67,26,84,98,48,40,52,5,88,83,14,63,41,11,89,58,94,100,42,79,74,62,80,1,78,23,68,21,69,18,45,47,35,43,46,66,29,82,15,36,
machine4:0,37,31,76,92,24,22,75,27,86,70,33,51,81,91,72,10,20,9,2,67,26,84,98,12,48,40,55,95,25,71,52,5,6,88,83,14,63,7,41,13,11,97,89,58,94,100,53,99,96,42,79,74,62,80,77,1,78,23,68,4,21,8,69,18,45,47,3,61,35,43,28,16,46,66,29,19,82,15,36,
machine5:0,76,92,85,24,22,49,75,27,70,38,33,51,81,91,87,20,9,26,84,98,12,48,40,55,44,93,71,52,90,34,6,83,63,41,13,11,97,89,58,30,32,99,96,74,57,62,80,60,77,1,56,78,23,68,4,21,8,69,18,45,47,3,35,64,28,16,66,19,82,15,36,
machine6:0,37,31,76,92,85,24,22,49,75,27,86,70,38,33,51,81,91,72,39,10,87,20,9,2,67,26,84,98,12,48,40,55,95,44,93,17,71,52,90,5,34,6,83,14,63,59,41,13,11,97,89,58,30,32,99,96,42,74,57,62,80,60,77,1,56,78,23,68,4,21,8,69,18,45,47,3,61,35,64,28,16,46,66,19,54,82,15,36,
machine7:0,37,92,85,49,27,86,38,33,51,91,26,98,48,55,95,93,50,71,52,90,88,83,14,63,65,41,11,89,58,100,53,99,79,57,62,60,77,1,56,4,21,61,43,16,46,29,19,82,
machine8:0,37,31,92,85,22,49,75,27,86,70,38,33,51,91,72,39,10,20,9,2,67,26,98,48,55,95,44,25,93,50,17,71,52,90,5,34,6,88,83,14,73,63,59,65,41,11,89,58,94,100,32,53,99,42,79,74,57,62,60,77,1,56,78,23,68,4,21,8,18,45,47,61,35,43,28,16,46,66,29,19,82,15,36,
machine9:0,37,31,24,86,39,67,55,44,25,17,71,90,34,6,14,73,7,65,41,13,97,94,100,30,32,53,99,96,74,62,80,60,56,78,23,68,4,8,69,18,45,47,3,61,35,43,64,28,16,46,29,19,54,82,15,36,
machine10:0,37,31,92,85,24,22,75,86,70,38,33,91,72,39,10,87,20,67,26,84,98,40,55,95,44,25,93,50,17,71,52,90,34,6,88,83,14,73,63,59,7,65,41,13,97,89,58,94,100,30,32,53,99,96,42,74,57,62,80,60,1,56,78,23,68,4,8,69,18,45,47,3,61,35,43,64,28,16,46,66,29,19,54,82,15,36,

1to 1:
1to 2:68,99,29,67,53,43,37,98,20,25,100,22,5,86,75,8,94,26,11,96,
1to 3:4,6,87,63,3,24,30,19,9,49,54,81,45,21,89,83,85,35,55,12,
1to 4:18,48,62,59,38,82,74,57,73,51,58,32,36,77,27,23,
1to 5:80,47,72,42,93,70,14,13,50,44,78,61,15,64,39,
2to 1:62,89,88,36,40,35,16,3,82,2,92,4,24,
2to 2:
2to 3:77,13,27,28,80,22,41,76,66,46,74,
2to 4:68,98,78,42,53,10,21,79,19,61,71,33,91,86,9,52,45,94,37,75,55,99,72,14,67,
2to 5:97,96,95,29,84,7,8,69,1,20,31,
3to 1:1,11,34,47,52,58,67,68,71,75,77,80,98,61,78,33,20,51,76,99,
3to 2:2,10,15,19,23,40,48,62,63,69,70,72,81,83,84,95,92,91,97,21,12,
3to 3:
3to 4:4,5,6,8,16,31,39,41,17,26,85,66,49,
3to 5:18,22,28,30,35,36,45,46,54,56,57,60,82,89,90,59,38,3,37,
4to 1:70,31,91,79,10,17,5,90,9,15,29,25,55,50,8,100,45,93,
4to 2:47,51,46,27,6,88,1,58,18,28,
4to 3:33,36,34,37,42,95,14,59,56,60,11,86,44,2,61,82,52,48,
4to 4:
4to 5:23,32,19,41,94,92,74,62,63,71,75,99,26,16,73,68,83,65,43,85,66,
5to 1:18,26,28,41,43,53,57,66,83,86,95,6,63,87,60,84,65,46,97,69,56,7,38,
5to 2:4,14,16,42,52,55,74,78,33,24,13,
5to 3:10,15,31,58,67,71,93,96,98,40,32,17,39,91,72,23,70,1,92,64,
5to 4:22,34,35,47,89,90,100,88,44,20,25,
5to 5:

cell1:5,4,2,3,
cell2:4,5,1,3,
cell3:5,4,1,2,
cell4:5,3,1,2,
cell5:2,1,3,4,
