machine1:0,85,92,70,38,27,86,24,33,81,72,87,98,9,20,2,67,26,84,7,76,14,71,12,13,23,40,55,95,97,25,93,50,17,32,30,90,74,94,34,80,5,6,88,18,83,63,56,73,47,59,60,16,89,45,8,68,35,100,29,46,19,42,79,1,4,21,69,54,15,36,66,
machine2:0,31,85,92,22,39,70,49,38,75,27,86,24,33,51,91,81,44,72,87,10,98,9,20,2,67,26,84,7,76,14,71,12,48,13,23,40,55,95,97,96,65,25,93,50,17,32,30,52,90,74,94,34,80,5,6,88,18,83,63,56,73,78,99,47,62,59,60,41,3,16,11,89,58,45,8,68,35,100,29,61,46,53,19,64,42,79,57,77,1,28,4,21,69,54,37,82,15,43,36,66,
machine3:0,92,70,86,24,33,81,72,10,98,9,2,67,26,84,14,48,23,40,52,74,94,80,5,88,18,83,63,78,47,62,41,11,89,58,45,68,35,100,29,46,42,79,1,21,69,37,82,15,43,36,66,
machine4:0,31,92,22,70,75,27,86,24,33,51,91,81,72,10,98,9,20,2,67,26,84,7,76,14,71,12,48,13,23,40,55,95,97,96,25,52,74,94,80,5,6,88,18,83,63,78,99,47,62,41,3,16,11,89,58,45,8,68,35,100,29,61,46,53,19,42,79,77,1,28,4,21,69,37,82,15,43,36,66,
machine5:0,85,92,22,70,49,38,75,27,24,33,51,91,81,44,87,98,9,20,26,84,76,71,12,48,13,23,40,55,97,96,93,32,30,52,90,74,34,80,6,18,83,63,56,78,99,47,62,60,41,3,16,11,89,58,45,8,68,35,19,64,57,77,1,28,4,21,69,82,15,36,66,
machine6:0,31,85,92,22,39,70,49,38,75,27,86,24,33,51,91,81,44,72,87,10,98,9,20,2,67,26,84,76,14,71,12,48,13,23,40,55,95,97,96,93,17,32,30,52,90,74,34,80,5,6,18,83,63,56,78,99,47,62,59,60,41,3,16,11,89,58,45,8,68,35,61,46,19,64,42,57,77,1,28,4,21,69,54,37,82,15,36,66,
machine7:0,85,92,49,38,27,86,33,51,91,98,26,14,71,48,55,95,65,93,50,52,90,88,83,63,56,99,62,60,41,16,11,89,58,100,29,61,46,53,19,79,57,77,1,4,21,37,82,43,
machine8:0,31,85,92,22,39,70,49,38,75,27,86,33,51,91,44,72,10,98,9,20,2,67,26,14,71,48,23,55,95,65,25,93,50,17,32,52,90,74,94,34,5,6,88,18,83,63,56,73,78,99,47,62,59,60,41,16,11,89,58,45,8,68,35,100,29,61,46,53,19,42,79,57,77,1,28,4,21,37,82,15,43,36,66,
machine9:0,31,39,86,24,44,67,7,14,71,13,23,55,97,96,65,25,17,32,30,90,74,94,34,80,6,18,56,73,78,99,47,62,60,41,3,16,45,8,68,35,100,29,61,46,53,19,64,28,4,69,54,37,82,15,43,36,
machine10:0,31,85,92,22,39,70,38,75,86,24,33,91,44,72,87,10,98,20,67,26,84,7,14,71,13,23,40,55,95,97,96,65,25,93,50,17,32,30,52,90,74,94,34,80,6,88,18,83,63,56,73,78,99,47,62,59,60,41,3,16,89,58,45,8,68,35,100,29,61,46,53,19,64,42,57,1,28,4,69,54,37,82,15,43,36,66,

1to 1:
1to 2:68,99,29,67,53,43,37,98,20,25,100,22,5,86,75,8,94,26,11,96,
1to 3:4,6,87,63,3,24,30,19,9,49,54,81,45,21,89,83,85,35,55,12,
1to 4:18,48,62,59,38,82,74,57,73,51,58,32,36,77,27,23,
1to 5:80,47,72,42,93,70,14,13,50,44,78,61,15,64,39,
2to 1:62,89,88,36,40,35,16,3,82,2,92,4,24,
2to 2:
2to 3:77,13,27,28,80,22,41,76,66,46,74,
2to 4:68,98,78,42,53,10,21,79,19,61,71,33,91,86,9,52,45,94,37,75,55,99,72,14,67,
2to 5:97,96,95,29,84,7,8,69,1,20,31,
3to 1:1,11,34,47,52,58,67,68,71,75,77,80,98,61,78,33,20,51,76,99,
3to 2:2,10,15,19,23,40,48,62,63,69,70,72,81,83,84,95,92,91,97,21,12,
3to 3:
3to 4:4,5,6,8,16,31,39,41,17,26,85,66,49,
3to 5:18,22,28,30,35,36,45,46,54,56,57,60,82,89,90,59,38,3,37,
4to 1:70,31,91,79,10,17,5,90,9,15,29,25,55,50,8,100,45,93,
4to 2:47,51,46,27,6,88,1,58,18,28,
4to 3:33,36,34,37,42,95,14,59,56,60,11,86,44,2,61,82,52,48,
4to 4:
4to 5:23,32,19,41,94,92,74,62,63,71,75,99,26,16,73,68,83,65,43,85,66,
5to 1:18,26,28,41,43,53,57,66,83,86,95,6,63,87,60,84,65,46,97,69,56,7,38,
5to 2:4,14,16,42,52,55,74,78,33,24,13,
5to 3:10,15,31,58,67,71,93,96,98,40,32,17,39,91,72,23,70,1,92,64,
5to 4:22,34,35,47,89,90,100,88,44,20,25,
5to 5:

cell1:5,4,2,3,
cell2:4,5,1,3,
cell3:5,4,1,2,
cell4:5,3,1,2,
cell5:2,1,3,4,
