machine1:0,36,137,102,108,79,171,2,181,96,127,10,162,177,98,161,16,143,63,179,158,136,6,147,31,28,9,156,3,188,74,95,51,167,62,109,104,186,160,88,155,132,100,111,84,58,59,141,75,66,30,126,76,64,121,164,19,1,103,140,175,35,148,93,130,22,7,189,38,157,145,187,107,106,33,138,150,54,115,82,119,184,146,67,48,89,34,110,17,92,65,94,39,151,144,44,105,41,190,57,139,12,69,83,80,4,90,32,182,99,142,172,60,23,97,124,169,133,128,47,53,183,72,114,71,129,52,11,70,40,159,176,61,55,154,123,135,21,122,13,113,8,15,5,14,174,163,86,18,24,78,180,87,185,20,112,73,91,49,85,43,68,120,173,26,117,81,168,45,131,134,125,42,101,178,152,165,170,116,149,50,46,29,77,166,56,37,118,153,25,27,
machine2:0,36,102,108,2,181,96,127,177,98,161,16,143,179,158,136,6,147,31,28,9,3,188,74,95,51,167,62,109,186,160,88,155,132,100,111,84,58,59,141,75,66,30,126,64,121,164,1,103,140,175,35,148,93,130,22,7,157,187,33,150,54,115,146,48,89,34,110,17,92,65,94,144,44,105,190,57,139,12,69,83,80,4,90,182,99,142,23,124,169,133,128,47,183,71,129,52,11,40,176,61,55,154,135,21,122,13,113,14,174,163,86,185,112,73,91,68,120,117,81,131,125,42,101,152,165,170,116,149,50,46,29,77,166,56,37,118,153,27,
machine3:0,102,108,2,181,161,16,6,31,188,51,167,62,186,88,155,100,111,84,58,75,30,64,121,164,140,175,35,148,93,130,187,92,65,94,144,44,105,190,57,69,83,90,182,99,23,169,133,128,47,183,129,176,61,55,154,135,113,14,174,163,86,73,68,120,81,131,125,101,152,116,46,29,56,37,118,27,
machine4:0,102,108,2,96,177,161,16,143,6,9,156,188,74,51,62,186,160,88,155,132,100,58,141,75,66,30,126,64,164,19,1,103,175,35,148,93,130,22,119,184,146,67,48,34,110,144,44,41,57,12,69,83,32,99,172,60,128,47,114,129,52,11,40,159,176,55,154,123,13,15,14,174,86,18,87,73,85,68,117,125,101,178,165,170,116,149,50,29,77,166,56,25,27,
machine5:0,36,137,102,108,79,2,181,96,127,10,162,177,98,161,16,143,63,136,6,147,28,9,156,188,74,95,51,167,62,109,186,160,88,155,132,100,111,84,58,59,141,75,66,30,126,64,164,19,1,103,175,35,148,93,130,22,38,138,150,54,115,82,119,184,146,67,48,34,110,92,65,94,151,144,44,41,57,139,12,69,83,4,32,182,99,172,60,23,97,169,133,128,47,53,72,114,129,52,11,40,159,176,61,55,154,123,135,13,113,15,5,14,174,163,86,18,24,180,87,185,20,112,73,91,85,43,68,173,26,117,81,131,125,101,178,165,170,116,149,50,46,29,77,166,56,25,27,
machine6:0,36,137,102,108,171,2,181,96,127,162,177,98,161,16,143,63,158,6,147,28,9,3,188,95,51,167,62,109,186,160,88,155,132,100,111,84,58,59,141,75,66,30,126,76,64,121,164,19,1,103,140,175,35,148,93,130,22,38,157,145,187,107,106,138,150,82,119,184,67,48,89,34,110,92,94,39,151,144,105,41,190,57,139,69,83,80,4,90,32,182,99,142,172,60,23,97,124,169,133,128,47,53,183,72,114,71,129,11,176,61,55,154,135,21,122,113,15,5,14,174,163,86,18,24,185,20,112,73,91,49,26,117,81,168,45,131,134,42,101,152,165,170,46,29,77,166,56,118,153,25,27,
machine7:0,36,102,108,171,2,181,96,127,162,177,98,161,63,6,147,28,9,3,188,95,51,167,62,186,160,88,155,132,100,111,84,58,59,141,75,30,126,76,64,121,164,19,1,140,175,35,148,93,22,145,187,107,106,138,184,67,48,34,110,92,39,144,105,41,190,57,139,69,83,4,90,182,172,60,23,97,124,169,133,128,47,183,114,129,176,55,154,135,21,15,174,163,86,18,24,185,20,112,73,91,117,81,168,45,131,134,101,152,165,77,166,56,118,25,27,
machine8:0,36,102,108,181,96,162,177,98,161,63,6,9,3,95,51,62,186,160,88,155,132,100,111,84,75,30,64,121,164,175,148,93,138,34,110,92,144,41,190,57,69,83,4,182,172,60,23,47,114,129,176,55,154,15,174,18,185,20,112,73,91,168,45,134,101,77,118,27,
machine9:0,137,102,171,2,96,127,162,177,161,16,143,63,158,31,28,9,156,3,188,95,62,109,104,186,160,155,132,100,111,84,59,75,66,30,126,64,121,164,19,140,35,148,93,130,22,157,119,48,92,144,57,69,32,182,172,60,23,133,128,52,159,176,154,135,13,113,8,14,174,163,20,112,73,173,101,46,77,166,56,37,25,27,
machine10:0,36,137,102,108,171,2,181,96,127,162,177,161,16,143,63,158,6,147,31,28,9,156,3,188,95,167,62,109,104,186,160,155,132,100,111,84,58,59,141,75,66,30,126,64,121,164,19,1,140,175,35,148,93,130,22,157,107,33,138,54,115,119,146,67,48,89,92,65,144,105,41,190,57,139,69,80,32,182,99,142,172,60,23,124,169,133,128,47,53,183,52,11,40,159,176,55,154,135,21,13,113,8,15,5,14,174,163,86,18,24,20,112,73,91,49,85,43,173,26,117,81,168,45,131,134,125,42,101,178,152,165,170,116,149,50,46,29,77,166,56,37,118,25,27,
machine11:0,102,171,2,181,10,177,98,143,6,95,51,62,109,186,160,88,84,58,59,141,75,30,76,64,164,19,140,35,148,22,157,33,138,54,67,110,17,151,144,12,80,182,142,60,23,124,169,128,71,40,61,55,154,21,122,113,15,14,174,18,24,78,185,91,173,81,45,131,178,165,50,46,77,27,
machine12:0,102,108,171,2,181,96,10,162,177,98,161,143,63,158,6,31,28,3,95,51,167,62,109,104,186,160,88,155,100,111,84,58,59,141,75,30,126,76,64,164,19,140,35,148,93,22,7,157,33,138,54,82,146,67,89,34,110,17,92,65,39,151,144,41,190,57,12,69,83,80,4,182,99,142,60,23,124,169,133,128,47,53,71,129,11,70,40,159,176,61,55,154,135,21,122,113,8,15,5,14,174,86,18,24,78,185,20,91,120,173,81,168,45,131,101,178,165,149,50,46,77,166,56,37,25,27,
machine13:0,36,137,102,108,79,171,2,181,96,10,162,177,98,161,16,143,63,179,158,136,6,147,31,28,9,156,3,188,74,95,51,167,62,109,186,160,88,155,132,100,111,84,58,141,75,66,30,126,76,64,121,164,1,103,140,175,148,93,22,189,157,187,107,106,138,150,54,115,82,119,184,146,67,89,17,65,94,39,151,144,44,190,57,69,83,80,4,90,32,182,99,142,172,60,23,97,169,133,128,47,53,183,72,129,52,11,70,159,176,55,154,135,21,122,15,5,14,174,163,86,18,24,78,180,87,185,112,73,91,85,43,68,120,173,26,117,81,168,45,125,101,178,170,116,149,50,46,29,77,166,56,37,118,153,27,
machine14:0,36,137,102,108,79,2,181,96,10,162,177,98,161,16,143,63,179,136,6,147,31,28,9,3,188,74,95,51,167,62,109,186,88,155,132,100,111,84,58,141,66,30,126,64,103,140,175,93,22,189,106,138,150,82,119,184,67,89,65,151,69,83,80,182,99,142,172,60,23,97,133,128,47,72,129,52,11,159,176,55,154,135,21,122,15,14,174,163,86,78,180,87,73,91,85,43,68,120,26,117,168,45,125,101,178,170,116,46,29,77,166,56,118,153,27,
machine15:0,36,137,102,108,79,2,181,10,162,177,98,161,16,179,136,6,147,28,9,188,74,95,51,167,62,109,186,88,100,111,84,58,141,66,30,64,103,140,175,93,150,151,172,72,11,176,135,21,15,163,117,45,101,46,29,166,27,
machine16:0,108,127,177,179,6,9,156,3,188,51,109,160,88,100,111,58,141,126,121,164,140,175,35,148,93,22,145,187,138,48,110,57,69,80,32,99,23,97,169,133,128,47,183,129,159,154,135,15,14,163,18,180,20,68,117,81,45,131,101,149,46,29,77,166,56,37,118,153,25,27,
machine17:0,102,108,2,181,96,127,162,177,98,161,16,143,63,179,158,6,147,31,9,156,3,188,74,95,51,167,62,109,104,186,160,88,100,111,84,58,59,141,75,66,126,76,121,164,19,103,140,175,35,148,93,22,7,189,38,145,187,107,138,54,184,146,67,48,89,110,65,39,144,41,57,69,80,32,182,99,172,60,23,97,124,169,133,128,47,183,114,71,129,52,11,159,176,55,154,135,21,113,8,15,5,14,174,163,86,18,78,180,87,185,20,112,85,68,117,81,168,45,131,42,101,152,165,149,50,46,29,77,166,56,37,118,153,25,27,
machine18:0,108,2,181,162,98,161,16,63,179,9,3,188,62,109,104,111,84,141,75,30,64,121,19,93,22,189,157,115,67,144,57,90,182,99,60,128,47,72,114,129,11,70,159,176,61,55,154,123,135,21,8,15,174,163,18,180,73,91,49,85,68,120,173,81,45,131,125,42,101,152,170,149,46,29,77,166,56,118,
machine19:0,36,137,102,108,79,2,181,162,177,98,161,16,143,63,179,136,6,147,28,9,156,3,188,95,51,167,62,109,104,88,132,100,111,84,58,59,141,75,30,76,64,121,164,19,1,103,140,175,148,93,130,22,7,189,38,157,187,106,54,115,82,184,146,67,48,89,110,92,94,39,151,144,190,57,69,4,90,32,182,99,172,60,133,128,47,53,183,72,114,129,52,11,70,159,176,61,55,154,123,135,21,122,13,8,15,5,174,163,18,24,78,180,73,91,49,85,43,68,120,173,117,81,45,131,125,42,101,152,170,116,149,46,29,77,166,56,37,118,153,

1to 1:
1to 2:12,44,87,115,180,34,26,116,68,103,61,53,35,147,55,176,84,
1to 3:38,171,42,153,66,25,83,155,157,121,151,20,137,1,28,188,131,29,177,46,63,99,140,172,11,77,101,
1to 4:43,40,134,125,5,130,127,31,178,169,52,50,45,73,143,135,186,47,181,128,
1to 5:70,8,76,158,173,98,96,14,59,21,111,166,182,102,62,161,174,164,
1to 6:79,17,97,10,72,90,54,136,74,142,190,4,149,86,160,39,117,32,91,88,167,9,2,162,108,57,109,56,
1to 7:7,71,104,124,189,179,19,187,184,114,146,152,168,165,112,80,41,185,113,18,51,15,100,129,95,
1to 8:123,49,13,94,82,120,170,122,156,24,85,48,36,89,37,175,16,6,163,58,159,81,3,30,22,154,75,141,
2to 1:95,88,2,132,29,32,20,117,41,28,19,98,36,38,13,54,123,165,63,137,43,139,59,150,11,133,127,
2to 2:
2to 3:47,161,148,69,86,186,4,16,110,112,82,103,119,144,26,114,
2to 4:60,99,166,15,56,93,175,48,101,108,24,154,81,116,160,53,
2to 5:57,75,64,126,177,55,149,35,5,92,113,162,46,50,
2to 6:176,84,111,51,23,163,147,73,1,129,67,184,185,125,77,100,180,128,27,155,159,6,178,170,85,44,143,52,66,
2to 7:181,109,167,102,164,131,22,169,68,138,97,87,62,156,65,96,
2to 8:174,18,9,188,61,151,173,91,72,136,79,
3to 1:126,81,154,174,147,23,167,148,105,187,118,130,152,34,119,82,164,56,106,144,61,134,16,92,102,
3to 2:96,97,128,24,155,6,88,83,181,5,27,72,184,91,1,9,41,111,170,162,
3to 3:
3to 4:100,183,22,77,141,67,158,58,139,168,117,177,80,95,113,26,112,
3to 5:169,109,171,124,190,3,71,165,47,93,25,142,185,18,143,
3to 6:121,107,94,29,182,99,15,55,30,103,137,53,64,14,122,138,36,132,28,150,89,
3to 7:42,63,60,163,76,48,145,175,39,101,127,135,86,75,
3to 8:45,98,73,21,69,108,131,2,133,11,84,129,90,110,161,57,4,140,172,
4to 1:162,22,27,46,80,37,58,166,173,86,112,67,124,113,33,14,24,48,49,6,1,8,146,
4to 2:164,64,126,148,102,2,132,163,73,66,130,25,139,92,85,36,
4to 3:108,181,91,167,154,109,190,138,18,142,174,160,93,55,56,60,118,105,
4to 4:
4to 5:84,77,81,95,131,69,41,159,89,23,128,176,65,30,54,40,45,155,19,
4to 6:141,75,140,144,175,169,11,168,26,157,21,119,
4to 7:57,133,121,32,59,188,172,3,107,20,186,35,147,183,
4to 8:101,182,111,29,62,15,47,99,100,53,117,135,43,52,115,137,5,
5to 1:12,151,78,168,10,120,17,176,51,64,7,31,84,143,178,39,83,186,159,57,
5to 2:18,160,62,40,69,161,4,133,101,67,154,63,65,56,11,
5to 3:166,96,111,126,24,34,19,182,30,135,41,80,122,
5to 4:6,33,104,165,46,27,25,20,164,35,140,138,
5to 5:
5to 6:3,93,60,146,174,50,171,82,22,
5to 7:5,108,14,158,98,128,21,58,89,2,110,47,141,148,23,
5to 8:70,54,8,92,59,181,144,76,102,28,162,157,149,167,177,190,
6to 1:70,65,125,153,66,184,158,138,157,89,21,163,177,129,93,55,30,135,140,77,101,141,128,
6to 2:150,10,136,74,94,82,119,146,156,173,14,15,166,95,186,75,47,109,
6to 3:72,169,185,117,32,175,67,45,51,100,22,62,84,
6to 4:115,171,107,142,155,170,28,96,118,188,16,23,159,29,91,111,3,182,172,161,64,
6to 5:78,83,31,178,4,151,80,53,86,37,148,58,133,27,63,167,11,154,
6to 6:
6to 7:180,103,85,149,160,50,126,144,6,81,99,9,162,174,69,
6to 8:106,189,116,187,68,183,39,147,132,143,88,46,60,176,164,56,
7to 1:145,97,74,107,5,25,85,169,110,50,175,45,188,60,182,172,108,
7to 2:54,127,114,48,20,185,149,32,52,113,59,58,29,81,143,100,93,
7to 3:71,124,158,168,165,35,89,14,147,21,23,133,129,27,176,57,141,
7to 4:8,66,156,86,37,18,148,126,163,131,9,2,62,75,69,109,
7to 5:104,138,160,39,144,15,88,99,101,56,
7to 6:87,78,65,68,76,31,112,183,98,96,16,177,46,135,102,161,186,181,164,
7to 7:
7to 8:7,38,180,42,153,179,19,184,146,152,121,118,67,51,166,55,63,95,77,128,
8to 1:69,99,73,15,9,183,103,181,116,90,104,109,114,121,190,79,189,115,
8to 2:22,172,135,77,131,46,144,167,98,182,60,137,57,51,141,38,125,30,28,
8to 3:143,95,64,6,36,3,170,187,94,53,130,49,75,76,106,59,92,
8to 4:102,55,63,149,174,1,42,157,173,13,152,19,32,162,132,
8to 5:108,100,61,91,67,2,110,146,129,122,
8to 6:81,166,47,58,62,188,18,24,151,5,148,120,43,118,37,133,153,156,179,
8to 7:84,93,111,88,154,177,117,11,159,45,78,176,161,52,140,16,54,
8to 8:

cell1:2,7,4,6,8,3,5,
cell2:3,7,4,5,6,1,8,
cell3:2,5,4,8,1,7,6,
cell4:6,5,8,3,2,1,7,
cell5:4,8,6,3,2,7,1,
cell6:2,5,4,8,1,3,7,
cell7:1,8,2,3,6,4,5,
cell8:2,7,4,5,6,1,3,
