machine1:0,6,25,67,65,178,54,77,112,85,155,137,103,36,159,101,49,5,79,118,219,18,123,71,153,156,203,175,73,142,43,17,2,130,94,31,170,195,158,218,205,220,102,168,89,204,200,33,86,13,129,37,193,44,138,180,76,116,115,166,22,45,150,199,191,7,82,161,171,48,165,93,39,1,202,119,4,28,8,169,110,75,88,111,70,134,100,174,154,98,114,189,136,9,185,182,217,176,209,125,190,47,55,72,66,181,11,147,80,46,84,90,99,128,132,214,78,148,162,92,149,41,140,211,
machine2:0,6,208,62,127,25,192,201,67,120,188,65,104,178,184,54,40,144,57,77,112,122,85,155,21,137,16,50,15,206,210,108,177,26,69,58,194,103,36,105,196,159,101,49,5,79,10,118,23,219,34,197,81,139,19,27,18,123,113,71,153,156,203,175,73,142,43,131,17,12,152,133,2,130,96,94,52,31,109,170,87,195,35,158,218,213,59,135,172,121,205,220,102,56,42,24,126,106,168,198,89,60,14,204,200,68,164,33,95,179,187,86,13,183,129,207,37,32,193,124,44,138,180,53,212,76,157,107,64,116,115,186,166,22,143,146,215,45,150,160,199,191,97,173,61,51,74,7,82,161,63,171,48,165,93,39,1,202,119,4,28,141,216,91,83,20,8,30,29,169,110,151,38,163,75,88,111,145,70,134,117,3,100,167,174,154,98,114,189,136,9,185,182,217,176,209,125,190,47,55,72,66,181,11,147,80,46,84,90,99,128,132,214,78,148,162,92,149,41,140,211,
machine3:0,6,208,62,25,192,201,67,120,104,184,54,40,77,122,85,155,16,50,108,26,69,103,36,196,101,49,79,10,118,34,81,18,71,153,175,73,43,17,12,152,133,130,96,52,31,109,87,213,135,205,102,42,126,106,168,60,14,204,200,68,86,37,193,44,180,53,76,107,64,116,166,22,146,215,199,173,51,7,82,161,63,93,39,202,119,4,28,216,91,83,30,29,110,38,88,145,134,117,3,174,154,98,136,9,182,217,176,125,47,11,46,90,214,78,162,41,211,
machine4:0,6,208,62,127,25,192,201,67,120,65,104,178,184,54,40,144,57,77,122,85,155,137,16,50,15,206,108,26,69,103,36,196,159,101,49,5,79,10,118,34,197,81,139,19,18,123,71,153,156,175,73,43,17,12,152,133,2,130,96,94,52,31,109,87,158,213,135,172,121,205,220,102,56,42,126,106,168,198,89,60,14,204,200,68,164,95,179,86,183,37,193,44,180,53,76,157,107,64,116,166,22,143,146,215,45,150,160,199,173,51,7,82,161,63,171,48,93,39,1,202,119,4,28,141,216,91,83,20,30,29,169,110,151,38,163,88,145,70,134,117,3,167,174,154,98,114,136,9,182,217,176,209,125,47,55,72,181,11,147,80,46,84,90,128,132,214,78,148,162,149,41,140,211,
machine5:0,6,120,188,65,40,122,85,137,16,206,210,108,58,36,105,101,79,10,23,197,81,139,27,153,156,175,73,142,17,12,152,133,2,52,109,170,87,158,213,59,135,205,168,89,60,14,204,200,68,164,33,95,187,13,183,37,32,193,157,64,116,150,160,199,191,97,173,51,7,63,165,141,216,91,83,20,8,29,169,110,151,111,134,117,3,100,167,154,114,176,209,125,190,55,72,181,80,84,90,99,132,78,92,149,41,140,
machine6:0,6,208,62,127,67,120,188,65,104,178,40,144,77,122,85,21,137,16,206,210,108,177,69,58,194,36,105,101,49,5,79,10,118,23,219,34,197,81,139,19,27,18,123,113,71,153,156,175,73,142,131,17,12,152,133,2,96,52,31,109,170,87,195,158,218,213,59,135,121,205,102,56,24,126,168,89,60,14,204,200,68,164,33,95,179,187,86,13,183,37,32,193,124,138,180,53,212,76,157,107,64,116,22,143,215,45,150,160,199,191,97,173,61,51,74,7,161,63,171,48,165,93,39,1,4,28,141,216,91,83,20,8,30,29,169,110,151,163,75,88,111,145,134,117,3,100,167,174,154,98,114,136,9,182,176,209,125,190,47,55,72,66,181,11,147,80,46,84,90,99,128,132,78,148,162,92,149,41,140,211,
machine7:0,208,104,178,184,40,144,57,112,122,85,155,206,108,177,69,58,194,36,105,196,101,5,23,219,34,197,139,19,71,156,43,131,17,152,133,96,52,109,35,218,59,135,121,42,106,168,60,14,204,200,68,164,95,187,13,183,207,193,124,44,138,53,76,107,116,115,186,166,22,143,45,191,97,74,82,161,63,48,93,1,4,141,216,83,29,88,134,3,167,174,98,189,136,9,182,217,176,209,190,55,72,181,11,46,84,78,162,41,140,
machine8:0,208,62,25,104,178,184,54,40,144,57,112,122,85,155,21,137,16,206,108,177,26,69,58,194,36,105,196,101,5,10,118,23,219,34,197,139,19,18,123,113,71,153,156,43,131,17,12,152,133,2,96,94,52,109,87,195,35,218,59,135,172,121,205,220,42,24,126,106,168,89,60,14,204,200,68,164,95,179,187,13,183,129,207,193,124,44,138,53,212,76,157,107,64,116,115,186,166,22,143,146,45,150,160,199,191,97,173,61,51,74,82,161,63,171,48,93,39,1,119,4,141,216,91,83,8,29,169,110,38,163,75,88,111,134,3,167,174,154,98,114,189,136,9,185,182,217,176,209,125,190,55,72,181,11,147,46,84,90,99,128,132,78,162,92,149,41,140,211,
machine9:0,208,192,201,67,144,15,69,36,159,10,118,23,197,81,139,19,27,113,71,153,156,203,175,43,131,12,152,52,87,158,218,213,135,172,205,102,56,42,24,126,198,89,60,68,95,179,187,183,207,193,76,157,107,116,186,166,22,143,215,45,150,160,199,191,97,173,61,82,171,165,93,1,202,4,141,83,8,29,169,110,88,111,145,134,117,100,167,174,154,98,185,182,176,209,125,190,72,181,11,147,46,84,90,128,132,148,162,92,149,41,140,
machine10:0,6,208,192,201,67,144,112,155,15,177,69,36,196,159,101,10,118,23,197,81,139,19,27,18,123,113,71,153,156,203,175,142,43,131,12,152,133,2,130,94,52,31,170,87,35,158,218,213,59,135,172,121,205,220,102,56,42,24,126,106,168,198,89,60,14,204,200,68,164,33,95,179,187,86,13,183,129,207,37,32,193,124,138,180,53,212,76,157,107,64,116,115,186,166,22,143,146,215,45,150,160,199,191,97,173,61,51,74,82,161,63,171,48,165,93,39,1,202,119,4,28,141,216,91,83,20,8,30,29,169,110,151,38,163,75,88,111,145,70,134,117,3,100,167,174,154,98,136,185,182,217,176,209,125,190,55,72,66,181,11,147,46,84,90,128,132,78,148,162,92,149,41,140,211,
machine11:0,208,62,127,192,188,104,184,77,122,85,155,21,137,50,15,206,210,26,58,194,196,159,101,49,219,197,139,71,153,156,43,152,2,109,170,87,195,158,213,59,135,172,102,42,24,106,89,14,204,200,33,187,86,183,180,212,76,107,166,22,45,199,191,97,61,7,82,161,171,39,202,28,141,216,91,83,30,29,169,110,111,70,3,167,154,189,136,217,66,181,11,80,46,84,90,99,128,132,214,162,92,140,211,
machine12:0,208,62,127,25,192,201,188,65,104,184,57,77,122,85,155,21,137,50,15,206,210,26,58,194,103,36,196,159,101,49,5,79,23,219,34,197,81,139,19,18,123,113,71,153,156,203,142,43,152,2,130,52,109,170,87,195,35,158,218,213,59,135,172,205,220,102,56,42,24,126,106,198,89,60,14,204,200,68,33,95,187,86,183,129,37,32,193,180,53,212,76,107,116,186,166,22,143,45,150,160,199,191,97,173,61,7,82,161,63,171,165,93,39,202,119,4,28,141,216,91,83,8,30,29,169,110,38,163,88,111,70,3,167,174,154,98,114,189,136,9,185,182,217,72,66,181,11,147,80,46,84,90,99,128,132,214,78,162,92,149,41,140,211,

1to 1:
1to 2:54,30,213,16,128,5,29,44,158,153,178,159,19,98,65,76,168,40,15,154,6,57,198,51,11,134,82,202,96,4,2,17,139,184,53,220,114,88,182,18,7,160,
1to 3:116,161,93,31,64,20,47,86,79,62,34,137,39,195,1,55,89,69,22,49,151,81,204,163,36,78,118,58,77,183,73,191,45,121,105,124,145,
1to 4:115,174,157,211,75,83,108,193,147,177,212,219,216,150,179,167,24,99,206,10,123,218,3,152,109,94,156,48,97,155,176,186,
1to 5:209,129,71,112,110,13,67,138,215,33,66,8,135,14,146,180,37,117,199,38,61,32,70,207,74,173,166,181,107,
1to 6:25,23,72,149,169,35,84,200,201,119,136,111,122,196,185,171,95,188,194,85,9,102,141,165,127,68,208,203,63,126,197,172,26,101,192,103,
2to 1:120,79,214,192,50,47,70,151,145,104,215,110,55,155,28,37,48,164,176,181,217,140,216,45,152,107,36,156,84,183,
2to 2:
2to 3:16,67,178,179,108,80,114,206,117,144,51,6,85,122,9,143,205,10,19,162,135,29,3,168,199,60,18,180,88,174,154,197,11,153,
2to 4:54,121,96,17,146,196,1,40,95,209,133,69,204,38,163,98,46,53,173,101,134,2,166,90,
2to 5:94,20,198,172,175,148,31,12,220,213,130,119,81,42,106,171,30,116,147,149,200,125,160,78,39,211,136,82,76,41,68,
2to 6:65,56,159,202,137,184,34,5,77,7,43,91,132,139,161,71,4,87,182,52,
3to 1:144,65,173,40,160,170,127,53,134,117,138,177,27,97,141,131,210,98,7,188,80,14,113,174,96,108,219,8,
3to 2:1,84,20,49,90,116,132,133,152,209,175,73,102,110,123,56,120,46,216,148,118,193,200,163,77,176,107,52,147,72,
3to 3:
3to 4:122,137,16,45,51,208,34,71,111,128,178,12,104,88,161,199,182,114,140,149,9,154,21,63,68,36,125,190,93,13,55,164,39,41,62,91,187,
3to 5:167,2,124,89,22,100,162,29,165,87,139,169,126,212,142,151,150,75,60,28,157,92,24,86,64,3,10,4,145,
3to 6:204,181,195,206,19,109,143,66,99,205,59,79,158,211,81,83,218,
4to 1:35,207,25,146,196,44,105,124,195,209,64,12,5,119,85,42,74,122,9,69,38,169,111,43,125,59,132,168,136,92,22,199,60,63,82,76,11,153,
4to 2:26,137,144,126,106,171,143,149,109,3,78,161,208,87,14,197,68,89,
4to 3:17,157,75,194,23,167,150,101,139,141,123,72,
4to 4:
4to 5:121,115,185,131,179,1,95,113,186,51,55,133,97,48,205,163,164,118,190,19,176,46,91,53,140,134,216,128,45,187,18,93,90,88,174,84,182,52,83,
4to 6:189,21,62,104,220,110,57,58,155,8,193,98,147,162,135,29,217,61,39,191,156,154,41,183,
5to 1:203,121,94,100,185,175,142,148,159,31,212,133,23,81,6,143,10,118,190,19,147,149,91,218,101,139,78,123,128,2,208,90,87,72,41,197,68,
5to 2:201,67,192,196,179,157,64,155,69,204,205,43,167,164,150,173,141,166,71,180,63,93,156,183,83,
5to 3:27,131,56,33,177,95,102,12,215,13,74,171,48,30,193,125,59,61,211,158,136,152,84,52,
5to 4:35,112,172,129,138,220,144,126,169,116,162,200,135,181,217,132,168,92,191,60,4,11,
5to 5:
5to 6:170,198,32,113,213,130,15,97,24,28,42,106,37,86,46,160,53,140,216,45,22,199,187,18,107,36,82,88,76,14,153,89,
6to 1:189,21,66,56,33,129,114,34,206,186,130,49,57,58,15,24,106,99,30,205,163,167,116,162,29,46,109,150,3,61,211,158,191,166,187,18,180,93,52,83,
6to 2:127,25,172,214,103,50,62,95,70,80,104,119,28,85,86,38,169,135,181,217,140,101,39,136,22,60,36,174,41,
6to 3:165,210,170,142,32,113,213,219,110,212,5,8,126,37,200,91,173,92,128,2,208,71,4,90,87,156,76,182,
6to 4:26,184,194,23,42,171,43,160,59,78,107,72,14,197,153,89,
6to 5:201,202,102,204,143,111,193,98,218,132,141,161,123,152,63,154,183,11,
6to 6:

cell1:6,2,3,5,4,
cell2:4,1,5,6,3,
cell3:5,4,2,6,1,
cell4:1,3,6,5,2,
cell5:3,4,1,2,6,
cell6:2,1,3,5,4,
