machine1:0,29,28,117,102,57,51,67,96,98,49,72,69,37,13,1,44,40,12,18,47,38,19,75,61,59,97,54,103,74,112,43,71,11,111,87,31,104,48,60,21,53,2,89,17,91,85,23,66,86,78,73,24,9,84,41,65,109,92,108,93,118,105,116,115,76,16,45,63,25,88,20,90,15,10,50,30,
machine2:0,29,56,28,117,102,57,51,114,67,96,98,49,72,99,69,37,13,58,1,81,44,40,12,18,8,47,38,19,26,106,39,34,14,75,3,42,61,4,59,101,36,97,22,54,32,80,103,35,74,112,43,71,70,11,107,111,46,119,113,110,87,31,104,7,48,60,52,21,53,2,89,17,91,55,62,85,23,66,86,78,73,24,64,9,79,84,82,41,120,65,109,92,5,108,93,83,118,105,68,116,115,76,94,16,27,45,63,25,88,20,90,95,100,15,77,6,10,50,33,30,
machine3:0,102,57,51,67,72,99,13,1,44,12,38,39,3,4,101,97,22,54,32,80,103,74,112,43,71,70,113,87,48,21,2,91,62,85,86,78,73,64,84,41,120,65,109,92,5,108,93,118,116,94,27,45,63,20,100,77,33,
machine4:0,56,117,102,57,51,114,67,98,49,72,99,69,37,13,58,1,81,44,12,8,47,38,26,106,39,14,3,42,4,101,36,97,22,54,32,80,103,35,74,112,43,71,70,107,111,119,113,110,87,31,48,21,53,2,17,91,55,62,85,66,86,78,73,24,64,84,41,120,65,109,92,5,108,93,83,118,105,116,76,94,16,27,45,63,88,20,90,95,100,15,77,6,10,50,33,
machine5:0,56,28,102,57,51,114,67,96,49,99,69,37,13,58,1,81,44,40,12,18,8,47,38,19,106,39,34,14,3,42,61,4,59,36,97,22,54,32,80,103,74,112,43,71,70,11,111,46,119,113,110,87,31,104,7,48,60,52,21,53,2,89,91,55,62,85,66,86,78,73,24,64,9,79,84,82,41,109,92,5,108,93,83,118,68,116,115,94,16,45,63,25,88,90,95,100,77,6,10,50,33,30,
machine6:0,57,51,114,49,99,69,13,58,1,81,40,12,8,47,38,19,106,39,3,42,61,4,36,54,32,80,103,74,112,43,71,70,111,46,113,110,31,104,7,48,60,52,21,89,91,62,85,86,78,73,24,9,79,84,82,41,92,5,108,93,83,118,68,116,94,16,45,25,88,90,95,100,6,10,50,30,
machine7:0,57,99,13,58,1,8,47,38,106,39,61,36,54,112,43,111,46,113,31,7,52,89,91,85,86,78,24,108,93,83,118,68,94,25,88,90,95,30,
machine8:0,56,28,96,98,1,12,18,8,47,38,26,106,39,14,75,61,4,54,32,80,103,35,74,70,11,107,110,87,31,104,48,53,89,55,62,85,23,86,73,24,64,84,82,120,65,109,92,5,118,115,94,16,27,25,20,95,100,
machine9:0,56,28,117,102,57,114,67,96,98,69,37,13,58,1,81,44,12,18,8,47,38,19,26,106,39,14,75,3,42,61,4,101,36,97,22,54,32,80,103,35,74,112,43,71,70,11,107,111,46,119,113,110,87,31,104,48,21,53,2,89,17,55,62,85,23,86,78,73,24,64,9,79,84,82,120,65,109,92,5,93,118,105,68,115,76,94,16,27,45,63,25,88,20,90,95,100,15,10,30,
machine10:0,29,28,117,51,98,72,99,69,13,1,81,44,40,18,47,38,19,26,106,34,14,75,3,42,61,4,59,101,36,97,54,80,103,35,74,112,43,71,70,11,107,111,46,119,113,110,87,31,104,7,48,60,52,21,53,2,89,17,91,55,62,85,23,66,86,78,73,24,64,9,79,84,82,41,120,65,109,92,5,108,93,83,118,105,68,116,115,76,94,16,27,45,63,25,88,20,90,95,100,15,77,6,10,50,33,30,
machine11:0,29,72,99,13,1,81,44,40,47,38,19,26,34,14,75,3,42,4,59,101,97,80,103,35,74,112,43,70,11,111,119,113,87,31,104,7,48,60,2,89,17,91,55,62,85,66,86,78,73,24,9,79,84,82,41,120,65,109,92,5,83,118,16,45,20,90,95,100,15,10,50,33,30,
machine12:0,29,99,13,44,19,26,34,14,4,101,97,80,103,35,112,43,70,11,119,87,31,104,7,48,60,2,89,91,55,62,66,78,73,24,9,79,41,120,65,109,92,5,83,16,45,90,95,100,15,

1to 1:
1to 2:81,50,96,115,34,53,112,86,69,92,118,66,77,106,54,45,110,108,36,44,14,75,4,5,37,87,60,19,41,73,21,12,16,109,2,111,26,116,120,25,88,100,80,84,82,31,65,94,7,46,22,33,62,95,90,42,70,39,64,74,55,89,32,6,85,
1to 3:90,70,74,97,11,100,10,35,30,112,110,4,91,50,21,48,108,59,67,93,118,120,17,104,47,53,113,3,71,105,15,42,114,101,111,78,41,24,54,62,45,103,81,94,119,27,20,76,63,23,79,5,84,107,
2to 1:118,108,14,37,61,1,113,102,49,56,114,18,64,103,67,71,40,58,31,99,104,78,13,11,38,94,70,96,53,74,3,63,12,90,62,41,48,93,50,84,
2to 2:
2to 3:16,4,51,18,7,104,31,46,56,106,26,38,64,11,55,52,28,60,77,66,45,118,35,87,120,115,57,23,33,48,70,109,32,53,75,86,92,95,116,61,85,44,68,110,6,39,83,89,73,27,65,9,25,2,47,100,20,43,82,1,54,81,14,94,107,5,8,98,96,10,88,12,21,74,80,84,103,24,62,
3to 1:37,29,69,67,22,81,117,72,77,98,36,28,27,64,105,19,52,75,34,66,68,42,39,97,107,57,51,14,112,17,32,110,83,26,100,6,120,21,2,87,44,88,45,93,111,101,10,118,119,48,9,4,3,113,8,103,5,20,73,47,74,16,92,80,94,109,86,54,78,43,70,85,
3to 2:18,56,23,58,35,104,102,106,28,115,40,82,59,53,11,97,107,79,30,12,99,71,61,10,119,31,48,24,3,89,91,103,62,5,47,95,80,63,38,1,109,13,43,84,85,
3to 3:

cell1:2,3,
cell2:1,3,
cell3:1,2,
