machine1:0,17,59,88,69,19,54,79,86,35,25,36,50,20,89,38,6,68,56,4,94,67,33,85,14,24,98,29,76,45,42,73,92,74,21,32,70,30,8,97,80,46,7,27,90,16,26,2,93,5,1,72,84,71,87,12,60,47,9,34,23,83,63,13,15,40,66,18,55,100,81,95,
machine2:0,61,62,65,53,17,41,51,59,88,69,57,31,19,77,54,39,79,91,3,99,75,86,35,25,36,50,28,22,20,89,38,37,6,68,64,56,4,94,67,33,82,85,14,24,98,29,49,76,45,42,73,52,92,74,21,32,70,30,8,97,80,46,7,43,10,27,90,16,26,2,93,58,5,1,72,84,71,87,12,60,47,9,78,11,34,23,83,44,63,13,15,48,40,66,18,96,55,100,81,95,
machine3:0,62,41,88,69,79,86,35,36,89,37,68,94,67,33,82,14,24,98,29,45,42,52,92,74,21,70,80,46,43,10,26,2,58,5,1,72,84,47,9,78,11,23,83,63,15,48,40,66,18,100,81,
machine4:0,61,62,53,41,51,88,69,31,19,77,79,91,3,99,75,86,35,25,36,28,22,20,89,37,6,68,4,94,67,33,82,14,24,98,29,76,45,42,52,92,74,21,70,8,97,80,46,7,43,10,27,16,26,2,58,5,1,72,84,71,12,47,9,78,11,23,83,63,13,15,48,40,66,18,96,55,100,81,95,
machine5:0,62,41,51,69,57,19,77,91,3,99,75,35,36,28,22,20,89,38,6,68,64,56,4,33,82,85,24,98,49,76,45,52,92,74,21,32,70,30,8,97,80,27,90,16,26,93,58,1,84,71,87,12,60,47,9,78,11,34,23,83,44,63,13,15,48,40,66,18,96,55,81,
machine6:0,61,62,17,41,51,59,69,57,31,19,77,54,39,91,3,99,75,86,35,36,28,22,20,89,38,37,6,68,64,56,4,67,33,82,85,14,24,98,49,76,45,42,52,92,74,21,32,70,30,8,97,80,46,10,27,90,16,26,2,93,58,5,1,72,84,71,87,12,60,47,9,78,11,34,23,83,44,63,13,15,48,40,66,18,96,55,81,95,
machine7:0,61,62,65,53,41,51,88,57,19,77,79,91,99,86,50,89,38,37,56,4,33,82,85,14,98,29,49,52,92,21,46,43,27,90,16,26,93,58,1,71,60,11,83,63,48,55,100,95,
machine8:0,61,62,65,53,17,41,51,59,88,57,31,19,77,39,79,91,99,75,86,35,25,36,50,28,22,20,89,38,37,6,68,56,4,94,67,33,82,85,14,98,29,49,45,42,73,52,92,74,21,32,70,8,46,43,10,27,90,16,26,2,93,58,5,1,72,71,60,47,9,78,11,34,23,83,44,63,15,48,66,18,55,100,95,
machine9:0,61,62,65,53,17,41,69,31,19,54,39,3,99,86,35,25,36,28,37,6,68,64,56,4,94,67,82,14,24,29,45,73,74,32,30,8,97,80,46,7,43,90,16,71,60,47,78,34,23,44,13,15,18,96,55,100,
machine10:0,61,62,65,53,17,41,59,88,69,57,31,19,54,39,91,3,99,75,86,35,25,36,50,28,22,20,89,38,37,6,68,64,56,4,94,67,33,82,85,14,24,98,29,45,42,73,52,92,74,32,70,30,8,97,80,46,7,43,10,90,16,26,93,58,1,72,84,71,87,60,47,78,34,23,83,44,63,13,15,40,66,18,96,55,100,95,

1to 1:
1to 2:20,22,25,5,53,96,43,75,29,11,99,94,100,26,37,98,67,86,68,8,
1to 3:3,49,54,12,30,87,24,85,21,9,81,55,63,4,6,35,19,45,83,89,
1to 4:38,59,73,51,27,32,77,48,57,82,23,58,18,62,74,36,
1to 5:44,64,13,50,39,72,70,61,14,93,47,78,80,42,15,
2to 1:62,89,88,36,40,35,16,3,82,2,92,4,24,
2to 2:
2to 3:77,13,27,28,80,22,41,76,66,46,74,
2to 4:68,98,78,42,53,10,21,79,19,61,71,33,91,86,9,52,45,94,37,75,55,99,72,14,67,
2to 5:97,96,95,29,84,7,8,69,1,20,31,
3to 1:52,78,99,67,33,61,11,51,20,75,76,71,34,68,58,77,80,1,98,47,
3to 2:62,95,92,63,97,91,21,70,12,15,84,19,83,23,40,81,48,72,10,69,2,
3to 3:
3to 4:26,66,6,49,85,31,17,4,41,16,5,8,39,
3to 5:45,28,89,37,35,46,60,59,3,38,82,36,57,18,22,56,90,30,54,
4to 1:17,9,50,79,25,5,91,70,31,55,29,100,93,10,90,45,15,8,
4to 2:51,27,88,46,47,6,58,18,1,28,
4to 3:59,44,56,2,60,48,61,34,14,82,11,33,95,37,42,86,36,52,
4to 4:
4to 5:65,73,85,32,92,43,75,71,66,99,94,26,63,23,41,62,74,19,16,83,68,
5to 1:18,26,28,41,43,53,57,66,83,86,95,6,63,87,60,84,65,46,97,69,56,7,38,
5to 2:4,14,16,42,52,55,74,78,33,24,13,
5to 3:10,15,31,58,67,71,93,96,98,40,32,17,39,91,72,23,70,1,92,64,
5to 4:22,34,35,47,89,90,100,88,44,20,25,
5to 5:

cell1:3,4,5,2,
cell2:4,5,1,3,
cell3:1,5,4,2,
cell4:1,3,5,2,
cell5:2,1,3,4,
