machine1:0,24,93,55,27,32,74,13,9,12,15,4,36,81,45,83,1,63,89,23,33,6,21,71,60,85,87,56,70,98,97,35,92,30,5,14,17,59,88,42,18,47,69,19,54,79,25,86,20,72,50,76,80,29,100,38,67,94,84,95,8,68,2,73,26,46,7,90,16,40,34,66,
machine2:0,24,96,64,93,55,27,32,74,13,9,12,15,52,4,44,36,48,81,45,83,1,63,22,82,28,89,23,33,11,6,21,71,60,85,87,56,70,99,98,75,91,97,35,92,3,49,51,30,61,5,41,14,62,10,58,65,53,17,59,88,42,18,37,47,69,31,19,57,43,39,78,77,54,79,25,86,20,72,50,76,80,29,100,38,67,94,84,95,8,68,2,73,26,46,7,90,16,40,34,66,
machine3:0,24,74,9,15,52,36,48,81,45,83,1,63,82,89,23,33,11,21,70,98,35,92,5,41,14,62,10,58,88,42,18,37,47,69,43,78,79,86,72,80,29,100,67,94,84,68,2,26,46,40,66,
machine4:0,24,96,55,27,74,13,9,12,15,52,4,36,48,81,45,83,1,63,22,82,28,89,23,33,11,6,21,71,70,99,98,75,91,97,35,92,3,51,61,5,41,14,62,10,58,53,88,42,18,37,47,69,31,19,43,78,77,79,25,86,20,72,76,80,29,100,67,94,84,95,8,68,2,26,46,7,16,40,66,
machine5:0,24,96,64,93,55,27,32,74,13,9,12,15,52,4,44,36,48,81,45,83,1,63,22,82,28,89,23,33,11,6,21,71,60,85,87,56,70,99,98,75,91,97,35,92,3,49,51,30,41,62,58,18,47,69,19,57,78,77,20,76,80,38,84,8,68,26,90,16,40,34,66,
machine6:0,24,96,64,93,55,27,32,74,13,9,12,15,52,4,44,36,48,81,45,83,1,63,22,82,28,89,23,33,11,6,21,71,60,85,87,56,70,99,98,75,91,97,35,92,3,49,51,30,61,5,41,14,62,10,58,17,59,42,18,37,47,69,31,19,57,39,78,77,54,86,20,72,76,80,38,67,84,95,8,68,2,26,46,90,16,40,34,66,
machine7:0,93,55,27,52,4,48,83,1,63,82,89,33,11,21,71,60,85,56,99,98,91,92,49,51,61,41,14,62,58,65,53,88,37,19,57,43,77,79,86,50,29,100,38,95,26,46,90,16,
machine8:0,93,55,27,32,74,9,15,52,4,44,36,48,45,83,1,63,22,82,28,89,23,33,11,6,21,71,60,85,56,70,99,98,75,91,35,92,49,51,61,5,41,14,62,10,58,65,53,17,59,88,42,18,37,47,31,19,57,43,39,78,77,79,25,86,20,72,50,29,100,38,67,94,95,8,68,2,73,26,46,90,16,34,66,
machine9:0,24,96,64,55,32,74,13,15,4,44,36,45,82,28,23,6,71,60,56,99,97,35,3,30,61,41,14,62,65,53,17,18,37,47,69,31,19,43,39,78,54,25,86,80,29,100,67,94,8,68,73,46,7,90,16,34,
machine10:0,24,96,64,93,55,32,74,13,15,52,4,44,36,45,83,1,63,22,82,28,89,23,33,6,71,60,85,87,56,70,99,98,75,91,97,35,92,3,30,61,41,14,62,10,58,65,53,17,59,88,42,18,37,47,69,31,19,57,43,39,78,54,25,86,20,72,50,80,29,100,38,67,94,84,95,8,68,73,26,46,7,90,16,40,34,66,

1to 1:
1to 2:5,8,11,20,22,25,26,37,43,67,68,75,86,94,96,98,100,29,99,53,
1to 3:6,9,12,19,21,35,45,55,63,81,83,85,89,54,30,49,24,4,87,3,
1to 4:18,23,27,32,36,51,57,58,62,73,74,77,82,48,59,38,
1to 5:14,15,39,42,44,50,61,64,70,78,80,93,13,72,47,
2to 1:16,35,36,40,62,88,89,4,82,92,2,3,24,
2to 2:
2to 3:13,27,28,41,77,80,22,66,46,74,76,
2to 4:9,10,14,19,21,33,37,42,45,52,53,55,61,67,68,71,75,78,79,86,91,94,98,99,72,
2to 5:1,7,8,29,69,84,95,96,97,31,20,
3to 1:52,78,99,67,33,61,11,51,20,75,76,71,34,68,58,77,80,1,98,47,
3to 2:62,95,92,63,97,91,21,70,12,15,84,19,83,23,40,81,48,72,10,69,2,
3to 3:
3to 4:26,66,6,49,85,31,17,4,41,16,5,8,39,
3to 5:45,28,89,37,35,46,60,59,3,38,82,36,57,18,22,56,90,30,54,
4to 1:17,9,50,79,25,5,91,70,31,55,29,100,93,10,90,45,15,8,
4to 2:51,27,88,46,47,6,58,18,1,28,
4to 3:59,44,56,2,60,48,61,34,14,82,11,33,95,37,42,86,36,52,
4to 4:
4to 5:65,73,85,32,92,43,75,71,66,99,94,26,63,23,41,62,74,19,16,83,68,
5to 1:38,7,65,87,69,97,56,53,60,43,84,57,66,95,46,26,63,6,41,18,28,86,83,
5to 2:24,13,55,14,33,4,78,74,16,42,52,
5to 3:64,17,91,39,32,72,96,70,92,31,40,71,93,10,98,23,58,67,1,15,
5to 4:44,20,22,25,88,34,100,47,90,35,89,
5to 5:

cell1:5,2,4,3,
cell2:4,5,3,1,
cell3:1,5,4,2,
cell4:1,3,5,2,
cell5:1,3,4,2,
