machine1:0,50,17,59,88,79,69,54,20,35,25,6,46,94,56,73,19,70,76,33,45,24,92,9,72,67,13,97,7,42,36,85,84,12,29,34,16,8,2,87,68,5,32,55,74,80,60,47,30,90,71,40,26,27,83,23,95,18,100,63,66,15,93,1,38,81,14,21,86,4,98,89,
machine2:0,61,50,17,59,88,41,79,69,31,54,39,3,20,35,51,25,75,6,28,46,94,56,73,65,19,70,76,33,45,24,92,9,72,64,67,13,97,52,22,7,91,82,42,36,43,85,84,12,29,34,16,8,2,87,68,5,32,55,74,80,37,60,47,62,30,90,96,10,78,71,40,26,27,83,23,95,18,44,99,11,100,63,66,58,15,93,1,38,81,48,49,14,21,53,77,86,57,4,98,89,
machine3:0,88,41,79,69,35,46,94,70,33,45,24,92,9,72,67,52,82,42,36,43,84,29,2,68,5,74,80,37,47,62,10,78,40,26,83,23,18,11,100,63,66,58,15,1,81,48,14,21,86,98,89,
machine4:0,61,88,41,79,69,31,3,20,35,51,25,75,6,28,46,94,19,70,76,33,45,24,92,9,72,67,13,97,52,22,7,91,82,42,36,43,84,12,29,16,8,2,68,5,55,74,80,37,47,62,96,10,78,71,40,26,27,83,23,95,18,99,11,100,63,66,58,15,1,81,48,14,21,53,77,86,4,98,89,
machine5:0,41,69,3,20,35,51,75,6,28,56,19,70,76,33,45,24,92,9,64,13,97,52,22,91,82,36,85,84,12,34,16,8,87,68,32,55,74,80,60,47,62,30,90,96,78,71,40,26,27,83,23,18,44,99,11,63,66,58,15,93,1,38,81,48,49,21,77,57,4,98,89,
machine6:0,61,17,59,41,69,31,54,39,3,20,35,51,75,6,28,46,56,19,70,76,33,45,24,92,9,72,64,67,13,97,52,22,91,82,42,36,85,84,12,34,16,8,2,87,68,5,32,55,74,80,37,60,47,62,30,90,96,10,78,71,40,26,27,83,23,95,18,44,99,11,63,66,58,15,93,1,38,81,48,49,14,21,77,86,57,4,98,89,
machine7:0,61,50,88,41,79,51,46,56,65,19,33,92,52,91,82,43,85,29,16,55,37,60,62,90,71,26,27,83,95,99,11,100,63,58,93,1,38,48,49,14,21,53,77,86,57,4,98,89,
machine8:0,61,50,17,59,88,41,79,31,39,20,35,51,25,75,6,28,46,94,56,73,65,19,70,33,45,92,9,72,67,52,22,91,82,42,36,43,85,29,34,16,8,2,68,5,32,55,74,37,60,47,62,90,10,78,71,26,27,83,23,95,18,44,99,11,100,63,66,58,15,93,1,38,48,49,14,21,53,77,86,57,4,98,89,
machine9:0,61,17,41,69,31,54,39,3,35,25,6,28,46,94,56,73,65,19,45,24,64,67,13,97,7,82,36,43,29,34,16,8,68,32,55,74,80,37,60,47,62,30,90,96,78,71,23,18,44,99,100,15,14,53,86,4,
machine10:0,61,50,17,59,88,41,69,31,54,39,3,20,35,25,75,6,28,46,94,56,73,65,19,70,33,45,24,92,72,64,67,13,97,52,22,7,91,82,42,36,43,85,84,29,34,16,8,87,68,32,55,74,80,37,60,47,62,30,90,96,10,78,71,40,26,83,23,95,18,44,99,100,63,66,58,15,93,1,38,14,53,86,57,4,98,89,

1to 1:
1to 2:68,99,29,67,53,43,37,98,20,25,100,22,5,86,75,8,94,26,11,96,
1to 3:4,6,87,63,3,24,30,19,9,49,54,81,45,21,89,83,85,35,55,12,
1to 4:18,48,62,59,38,82,74,57,73,51,58,32,36,77,27,23,
1to 5:80,47,72,42,93,70,14,13,50,44,78,61,15,64,39,
2to 1:16,35,36,40,62,88,89,4,82,92,2,3,24,
2to 2:
2to 3:13,27,28,41,77,80,22,66,46,74,76,
2to 4:9,10,14,19,21,33,37,42,45,52,53,55,61,67,68,71,75,78,79,86,91,94,98,99,72,
2to 5:1,7,8,29,69,84,95,96,97,31,20,
3to 1:52,78,99,67,33,61,11,51,20,75,76,71,34,68,58,77,80,1,98,47,
3to 2:62,95,92,63,97,91,21,70,12,15,84,19,83,23,40,81,48,72,10,69,2,
3to 3:
3to 4:26,66,6,49,85,31,17,4,41,16,5,8,39,
3to 5:45,28,89,37,35,46,60,59,3,38,82,36,57,18,22,56,90,30,54,
4to 1:93,45,100,8,50,55,25,15,29,9,90,5,17,10,79,91,31,70,
4to 2:28,18,58,1,88,6,27,46,51,47,
4to 3:48,52,82,2,61,44,86,11,60,56,59,14,95,42,37,34,33,36,
4to 4:
4to 5:66,85,43,65,83,68,73,16,26,75,99,71,63,62,74,92,94,41,19,32,23,
5to 1:18,26,28,41,43,53,57,66,83,86,95,6,63,87,60,84,65,46,97,69,56,7,38,
5to 2:4,14,16,42,52,55,74,78,33,24,13,
5to 3:10,15,31,58,67,71,93,96,98,40,32,17,39,91,72,23,70,1,92,64,
5to 4:22,34,35,47,89,90,100,88,44,20,25,
5to 5:

cell1:5,4,2,3,
cell2:4,5,3,1,
cell3:1,5,4,2,
cell4:2,1,5,3,
cell5:2,1,3,4,
