machine1:0,92,110,135,91,46,17,10,20,78,138,52,112,47,19,105,66,6,16,24,3,96,126,84,95,82,33,77,1,59,65,55,85,18,60,8,62,14,56,38,9,75,54,140,41,28,44,63,49,88,90,34,13,64,97,5,119,106,108,57,31,89,103,42,122,133,25,67,76,74,109,
machine2:0,110,130,32,115,91,121,43,2,46,10,20,11,138,52,112,70,47,131,105,58,113,66,6,120,101,24,96,48,84,77,1,30,59,55,29,85,129,124,71,14,79,53,123,56,38,9,22,21,41,100,49,88,117,34,97,119,106,57,31,103,127,122,73,72,133,80,104,99,67,114,132,45,74,35,12,118,83,4,
machine3:0,92,110,130,32,115,135,43,2,17,10,20,107,52,70,47,131,113,66,6,16,96,126,48,33,59,23,55,85,124,18,60,8,53,123,56,38,22,136,140,100,125,44,63,97,119,106,57,103,127,72,133,80,99,132,118,68,94,
machine4:0,37,111,115,91,121,2,46,17,10,11,78,138,52,47,19,105,39,58,113,6,101,3,126,26,77,1,30,59,65,29,81,60,8,62,71,14,53,123,102,22,21,75,136,28,44,88,139,117,90,34,128,13,57,89,42,122,73,51,80,25,15,104,67,40,109,134,36,94,
machine5:0,92,130,32,91,121,43,2,46,17,10,20,11,107,78,138,52,112,47,131,39,58,66,120,16,24,3,48,95,61,82,69,23,55,85,129,18,60,8,79,56,38,9,102,54,140,41,28,100,125,44,49,13,97,31,89,98,103,127,122,86,51,72,133,25,104,114,76,132,45,50,40,27,109,83,134,68,
machine6:0,92,37,135,91,121,43,46,10,20,11,107,138,52,47,105,6,120,101,16,24,96,48,61,82,77,1,59,85,60,62,71,53,56,21,28,100,63,13,5,119,106,108,31,89,103,127,137,25,99,67,132,45,50,35,40,12,83,94,4,
machine7:0,92,32,135,91,121,43,2,46,17,20,11,107,52,112,70,47,131,105,6,120,101,16,24,3,96,84,30,23,85,129,81,18,8,71,79,53,123,9,102,22,41,125,44,49,139,90,34,97,5,119,106,116,127,137,122,93,133,80,15,99,76,35,68,4,
machine8:0,110,130,111,115,135,91,121,2,11,107,78,138,39,58,113,66,101,3,48,84,26,30,69,23,55,29,18,62,53,56,38,102,140,41,28,125,117,34,13,64,106,108,116,89,42,127,137,93,80,25,15,132,45,74,50,40,109,83,94,
machine9:0,37,115,121,43,17,10,107,78,138,52,70,47,19,131,105,101,16,24,96,126,61,82,33,77,1,23,129,18,60,8,71,123,56,38,87,102,41,28,44,90,5,106,108,57,98,103,42,127,86,104,132,45,74,109,
machine10:0,92,110,130,32,111,121,43,10,11,107,52,112,70,47,19,131,39,6,82,33,77,59,65,55,129,81,124,18,71,79,53,123,9,21,136,140,100,44,88,34,97,108,57,31,127,122,86,25,67,50,40,118,
machine11:0,37,130,32,111,115,91,121,43,2,46,17,10,20,11,107,138,112,70,19,131,113,120,101,16,126,48,95,26,33,30,59,55,81,60,8,62,71,53,56,38,87,102,21,75,41,28,100,88,139,90,64,57,31,89,98,86,51,133,80,99,114,45,74,40,109,83,134,36,
machine12:0,92,32,111,115,135,43,46,17,20,11,107,78,138,112,70,47,19,58,113,6,120,101,16,24,96,126,95,26,33,1,30,69,59,55,29,129,18,60,62,79,53,9,140,41,28,100,125,44,49,88,117,90,128,5,108,116,31,98,103,42,127,73,80,15,104,76,132,45,27,7,134,36,68,4,
machine13:0,92,110,130,32,111,115,91,121,46,17,10,20,11,107,52,112,47,39,113,6,120,101,16,24,3,126,84,61,82,26,77,30,69,23,55,85,129,60,62,71,14,53,56,38,87,9,102,75,136,54,140,41,100,117,90,34,64,97,5,116,127,86,15,104,114,76,45,50,40,12,134,94,4,
machine14:0,92,37,110,91,121,17,10,20,11,107,78,52,112,70,47,19,131,105,39,58,113,66,6,120,24,3,126,48,95,61,82,33,30,69,23,81,18,8,71,79,53,123,56,87,9,102,21,136,54,100,44,49,97,119,106,108,31,89,42,86,72,133,80,25,99,67,76,45,74,40,27,118,7,4,
machine15:0,92,37,110,130,32,111,135,91,121,43,2,46,10,11,107,138,52,112,47,131,105,39,58,113,6,101,3,126,48,84,95,61,82,26,33,77,65,23,55,29,85,129,81,124,18,60,8,71,79,53,56,9,22,140,41,28,100,125,44,63,88,139,90,128,64,5,108,116,57,31,42,122,73,51,93,80,104,99,114,132,45,74,35,109,118,83,134,94,4,
machine16:0,92,111,135,91,121,43,2,17,10,20,11,107,78,52,112,47,19,131,105,58,113,66,6,101,16,24,3,96,126,48,61,82,26,33,69,59,65,23,55,129,81,124,60,8,62,14,79,123,87,9,102,75,136,54,41,28,100,125,44,63,49,88,117,34,128,13,5,106,108,31,89,98,42,122,86,73,72,93,80,25,99,67,114,76,132,45,50,35,40,12,109,83,7,134,68,4,
machine17:0,92,37,110,130,32,111,115,91,121,43,2,46,107,78,52,112,70,47,19,131,105,39,113,66,6,120,101,24,3,96,126,48,26,33,77,1,30,59,23,55,29,85,129,81,124,18,60,71,79,53,123,56,38,9,102,75,136,54,140,41,28,100,125,44,90,34,13,64,97,5,119,106,108,57,31,89,98,42,127,122,86,51,72,93,80,104,132,50,12,27,109,118,7,94,4,
machine18:0,130,32,111,115,135,91,121,43,2,46,17,10,20,11,78,138,52,112,70,19,131,39,113,66,6,101,24,96,126,48,84,82,77,30,69,59,65,55,85,129,81,18,60,62,53,123,56,38,9,22,21,75,136,54,41,28,100,44,88,139,117,90,34,128,64,106,108,116,57,98,42,127,137,86,73,51,133,80,25,15,99,114,45,74,50,27,109,134,36,68,94,4,
machine19:0,92,37,110,130,111,115,91,121,43,2,46,17,10,20,11,107,138,52,112,70,47,131,39,58,113,6,101,24,126,82,26,33,77,1,30,69,59,23,29,85,129,81,124,18,60,71,14,79,123,9,102,75,136,54,140,28,100,44,49,90,34,128,97,5,119,106,116,57,89,42,127,137,122,51,93,133,80,15,132,74,50,35,12,109,118,83,134,68,94,
machine20:0,92,37,110,32,111,115,135,91,121,43,2,46,17,20,107,78,138,52,70,47,19,105,39,113,66,120,24,3,48,84,95,61,82,30,59,65,23,55,129,81,124,18,60,8,62,71,14,79,123,56,9,102,21,136,54,41,100,44,49,139,90,34,64,97,5,106,108,116,57,31,89,98,93,133,15,104,99,67,76,132,74,40,27,109,68,94,4,
machine21:0,92,110,130,32,111,115,91,121,43,2,46,17,10,11,107,78,138,52,112,70,47,19,131,105,58,113,66,6,101,16,24,96,48,84,61,82,26,33,77,1,30,69,59,65,23,55,29,85,129,81,18,60,8,71,14,79,53,123,38,87,9,102,22,54,140,41,28,100,139,13,64,119,106,108,116,57,89,98,42,127,86,72,93,133,104,99,132,45,50,40,12,27,109,118,7,
machine22:0,92,130,32,111,115,135,91,121,2,46,17,20,11,107,78,138,52,112,70,47,19,105,39,58,113,66,6,120,101,16,24,3,96,126,48,61,82,33,77,1,30,69,59,65,23,55,29,85,129,81,124,18,62,71,79,53,123,56,38,87,9,102,75,136,140,41,100,49,90,34,128,13,64,97,5,119,108,57,31,89,98,103,42,127,137,122,86,133,80,25,104,99,114,132,12,27,109,118,134,68,
machine23:0,92,110,130,32,111,115,135,121,46,17,10,20,11,107,78,138,52,112,70,47,131,105,58,6,101,3,126,48,82,26,33,1,30,69,59,23,129,81,124,18,60,8,14,53,123,56,87,9,102,22,21,75,140,41,28,100,44,88,139,34,128,13,64,5,116,57,89,98,42,137,122,73,51,72,93,133,25,15,104,99,67,132,45,74,40,12,27,7,36,94,
machine24:0,92,110,130,32,111,115,135,91,121,43,46,17,20,107,78,138,52,112,47,19,105,39,58,113,66,120,101,16,24,3,96,126,48,61,82,77,69,59,23,55,29,81,124,18,60,8,62,14,79,53,38,9,102,21,75,136,140,41,28,100,125,44,63,49,88,117,90,34,64,5,119,106,108,116,31,89,127,86,73,72,93,133,15,104,99,67,114,74,35,40,83,7,94,4,
machine25:0,110,32,111,135,91,121,43,2,46,10,20,11,107,78,138,52,112,70,47,19,131,39,58,66,6,101,24,96,126,48,61,82,26,33,77,1,69,59,55,85,129,81,124,18,60,8,62,71,14,79,53,123,102,75,41,28,100,44,63,88,117,90,34,64,97,119,106,108,57,31,89,98,127,133,104,99,76,132,35,27,109,83,134,68,4,
machine26:0,92,37,110,130,32,111,135,91,121,2,46,17,10,20,107,52,112,70,47,19,131,105,113,66,101,16,24,3,126,48,95,61,77,1,30,69,59,23,29,85,129,81,124,18,60,71,53,123,56,38,87,9,102,22,21,136,140,41,28,100,44,88,90,34,13,64,97,5,119,108,57,31,89,42,127,137,73,51,93,133,25,104,99,132,45,35,12,27,109,118,83,7,134,4,
machine27:0,92,37,110,130,32,111,91,121,43,2,46,17,10,20,11,107,78,138,52,112,70,47,19,131,105,58,113,66,120,101,24,3,96,126,84,82,26,77,30,23,55,29,129,81,124,18,60,8,62,71,14,79,123,56,102,22,21,75,136,140,41,28,100,44,63,49,88,139,90,34,13,64,97,5,119,106,116,57,31,103,42,122,73,51,72,93,80,15,104,67,132,74,50,118,7,68,94,4,
machine28:0,92,37,110,130,32,111,115,135,91,121,43,2,46,17,10,20,11,107,78,138,112,70,47,19,131,105,39,58,113,66,6,120,101,16,24,3,96,126,48,61,82,33,77,1,30,69,59,65,29,85,129,81,18,60,62,71,79,53,123,38,9,102,22,21,75,136,54,140,41,28,100,44,63,49,88,117,90,34,128,13,64,97,5,119,106,108,116,57,31,89,98,103,42,127,137,86,73,72,93,133,80,25,15,104,99,67,114,76,132,45,74,50,35,40,12,27,118,83,7,4,
machine29:0,92,37,110,130,32,111,115,135,91,121,43,2,46,17,10,20,11,107,78,138,52,112,70,47,19,131,105,39,58,113,66,6,101,16,24,96,126,48,61,82,26,33,77,1,30,69,59,65,23,55,129,81,124,60,8,62,71,14,79,123,56,38,87,102,22,136,140,41,28,125,44,63,49,88,139,90,34,13,64,97,5,119,106,108,57,89,103,127,137,122,86,73,51,72,93,80,25,15,104,99,67,132,45,74,12,118,7,36,68,94,4,
machine30:0,110,130,32,111,115,91,121,2,46,17,20,11,107,78,138,52,70,47,19,131,105,39,58,113,66,6,120,101,16,24,3,126,48,84,95,33,1,59,65,23,55,85,124,18,60,8,62,14,53,123,56,38,87,9,102,22,21,54,28,100,44,63,88,139,117,90,34,13,97,5,108,116,89,98,103,127,137,122,86,51,80,25,15,99,74,35,40,118,83,134,4,
machine31:0,92,37,110,130,32,111,135,91,121,43,2,46,10,20,11,107,78,138,52,112,70,47,19,131,105,39,58,113,66,120,101,16,24,96,126,48,61,82,1,30,59,55,85,129,81,124,18,60,62,71,14,79,53,56,38,9,102,21,75,136,140,41,28,100,63,49,88,139,90,13,64,97,5,106,108,31,89,137,122,86,73,72,93,80,25,15,104,99,76,132,45,74,50,35,12,109,118,36,68,
machine32:0,37,110,130,32,111,115,91,43,2,46,17,10,20,11,107,138,112,70,47,19,131,105,39,113,66,6,24,3,96,126,95,61,82,33,77,1,69,59,65,23,55,85,129,18,60,8,71,14,53,123,56,87,9,102,54,41,28,100,44,49,88,139,117,90,34,128,13,64,97,5,106,108,116,89,103,122,133,80,104,99,114,76,132,45,74,40,27,109,36,94,
machine33:0,92,37,110,130,32,111,115,135,91,43,2,17,10,20,11,107,78,52,112,70,19,131,105,39,58,113,66,120,101,16,24,3,96,126,48,84,95,61,26,33,77,1,30,69,59,65,23,55,85,129,81,124,18,60,8,62,71,14,79,53,123,56,38,87,9,102,75,136,140,41,28,100,125,44,63,49,88,139,117,90,128,64,97,5,119,106,108,116,57,89,98,103,42,127,137,122,86,73,93,133,80,15,104,99,114,132,45,74,50,40,12,109,118,83,7,134,94,
machine34:0,92,37,110,130,32,111,115,91,121,43,2,46,17,10,20,11,107,78,138,52,70,47,19,131,105,39,58,113,6,101,16,24,3,96,126,48,61,82,26,33,77,30,69,59,65,23,55,29,85,129,81,124,18,60,8,62,71,14,79,53,56,38,87,9,102,22,21,136,140,41,28,100,44,63,49,88,139,117,90,128,13,64,5,106,116,57,31,89,98,103,42,127,122,86,51,72,80,25,15,99,67,76,132,74,50,40,27,109,83,7,134,36,68,

1to 1:
1to 2:1,2,6,8,18,20,23,24,25,31,32,33,39,43,44,47,48,49,50,52,56,57,60,63,65,66,71,74,75,77,79,80,81,84,85,86,89,91,95,96,97,100,101,102,104,105,106,109,113,119,120,122,126,129,133,134,140,51,13,11,3,132,10,88,125,94,17,130,59,131,123,40,21,29,41,34,138,28,127,9,53,111,110,121,
1to 3:6,9,11,12,16,18,20,22,23,24,30,33,34,35,38,41,43,44,45,47,48,51,52,55,56,57,58,59,60,65,71,73,76,79,80,82,83,84,85,86,88,91,95,96,97,99,103,104,105,106,113,114,117,120,122,123,126,127,129,131,134,135,136,138,140,112,63,64,10,67,40,25,42,118,3,46,132,111,17,32,121,
1to 4:6,11,13,16,18,19,20,28,30,31,37,38,41,44,45,47,50,53,54,56,57,58,65,67,72,73,75,76,78,79,80,81,84,85,89,91,94,97,99,100,104,107,109,113,114,118,121,122,126,132,134,135,136,140,48,34,88,102,123,124,68,138,98,125,25,127,42,17,26,131,24,9,66,112,3,64,52,59,61,2,32,
1to 5:6,9,11,18,22,23,28,29,30,31,34,37,38,39,42,44,54,55,56,57,58,59,60,66,67,68,71,72,74,75,81,83,84,89,90,100,102,105,106,107,109,113,115,119,121,127,130,132,133,139,140,61,138,104,14,94,8,118,97,98,77,3,123,110,96,46,131,85,112,82,124,43,70,5,32,2,47,24,91,111,52,
1to 6:2,4,6,9,10,13,16,17,18,19,20,23,31,36,39,41,44,45,46,47,48,49,51,52,53,56,57,59,60,62,63,65,67,68,71,72,73,74,75,81,83,86,88,92,94,96,99,100,102,104,107,109,114,115,118,119,120,121,122,123,126,129,133,136,140,58,42,98,11,112,132,70,78,77,66,127,8,3,91,106,64,85,89,32,79,24,55,
1to 7:1,4,11,12,14,18,20,23,25,28,29,30,31,33,37,38,43,47,50,51,53,56,57,58,66,69,72,73,74,76,78,82,84,85,89,97,101,104,105,106,107,109,112,119,122,126,129,130,131,135,136,140,133,96,42,68,121,63,21,124,88,67,17,103,118,3,26,70,9,8,91,5,123,77,138,44,132,10,52,41,2,
1to 8:1,2,11,12,14,16,20,22,24,27,28,31,33,34,37,38,40,45,47,48,49,50,52,53,58,60,65,68,70,71,72,74,78,80,82,83,88,90,91,94,96,97,100,104,105,107,113,115,118,119,121,122,123,126,127,129,130,135,140,61,6,138,63,106,103,120,67,46,25,21,112,131,9,44,26,132,136,102,110,64,77,5,66,89,30,10,43,
1to 9:1,2,6,10,11,13,14,16,17,18,21,33,36,41,43,44,47,49,53,54,55,56,58,59,60,68,70,73,74,76,77,78,85,89,92,95,97,99,100,102,104,105,109,118,120,121,122,123,129,130,131,134,135,138,88,132,25,32,103,63,98,52,40,8,106,124,66,111,91,110,46,28,
1to 10:1,5,6,8,14,16,17,20,23,27,33,37,38,42,43,44,47,48,49,53,55,56,57,59,60,69,72,74,75,78,80,81,83,84,85,86,89,90,92,97,99,100,102,103,106,109,113,115,119,122,123,126,128,129,132,133,134,135,136,139,140,98,50,124,117,46,67,63,11,131,2,13,40,9,96,91,52,28,3,24,10,112,77,18,
2to 1:2,3,5,6,8,10,11,16,18,20,23,25,30,31,33,34,36,37,38,40,41,44,49,50,53,55,57,62,66,67,70,74,78,82,84,85,89,90,91,92,94,96,99,101,102,104,105,106,107,109,110,112,115,120,122,123,126,127,129,131,136,138,140,132,118,97,83,35,88,29,46,86,28,1,71,56,52,47,59,81,77,130,43,113,60,121,
2to 2:
2to 3:1,3,5,9,10,16,17,20,23,26,30,33,34,37,42,43,45,55,56,57,58,59,60,62,65,66,70,74,77,81,82,90,93,97,99,102,103,105,106,107,111,112,116,127,129,140,4,125,108,8,94,115,46,110,123,24,120,117,80,76,31,118,92,126,38,32,29,41,71,91,52,79,18,47,44,28,101,113,53,100,11,131,6,130,
2to 4:1,2,3,4,5,9,10,11,13,15,17,19,20,24,25,26,30,33,34,40,41,45,46,49,50,53,55,56,57,58,60,62,63,66,67,70,77,78,82,83,85,86,89,90,93,98,102,104,106,107,109,111,112,113,114,120,122,123,130,134,137,138,140,44,135,101,47,117,51,118,12,76,80,100,99,133,29,105,48,94,6,28,81,52,129,132,43,71,38,108,31,121,131,18,110,91,59,32,
2to 5:1,2,3,5,6,10,15,17,20,23,28,30,31,33,34,37,39,40,42,43,44,49,52,55,57,58,59,60,62,64,65,66,74,77,78,81,82,84,87,89,91,93,97,98,99,101,102,104,106,107,108,109,110,111,112,113,119,120,124,126,127,134,138,139,140,24,53,13,121,71,47,21,132,4,35,118,92,46,105,8,80,41,133,79,130,48,90,11,70,100,18,
2to 6:1,3,6,8,11,15,17,19,23,25,28,30,34,36,38,39,40,42,45,48,49,53,55,57,58,66,78,81,85,86,87,89,90,92,96,98,99,102,105,107,109,110,111,116,119,120,122,123,124,127,129,133,135,136,138,140,13,68,94,10,118,79,59,31,131,62,137,52,18,101,80,100,108,41,21,88,60,91,16,130,56,115,9,32,47,113,
2to 7:3,4,6,10,11,17,23,25,26,28,30,32,33,34,37,41,45,48,49,52,53,55,57,58,60,61,62,64,69,77,82,85,89,90,91,92,96,98,99,102,103,108,109,110,111,112,113,119,122,123,124,138,43,83,35,97,24,133,44,47,13,120,127,131,29,105,117,31,107,101,88,126,81,8,71,100,46,129,135,121,132,18,70,
2to 8:3,4,5,6,15,16,19,22,23,25,26,28,30,32,33,34,35,37,40,43,44,45,46,49,50,55,56,57,61,62,63,64,65,66,74,77,78,82,87,89,90,92,93,98,99,103,106,107,111,112,113,115,119,122,129,137,138,139,8,80,47,100,120,68,97,13,96,29,130,83,86,117,135,127,71,60,20,59,1,91,38,41,131,108,126,132,101,24,2,48,11,110,70,121,
2to 9:2,3,5,6,16,20,28,33,35,36,40,45,49,52,53,59,62,63,66,71,74,75,81,87,89,91,92,101,102,103,104,107,109,111,112,115,122,126,129,134,138,97,13,48,137,43,86,99,38,88,47,123,18,113,70,76,83,9,8,108,4,41,31,127,80,110,94,79,1,11,21,77,44,131,56,10,105,90,32,46,60,82,130,
2to 10:3,5,8,11,15,16,18,19,23,25,28,31,33,37,38,40,42,45,46,47,48,49,50,61,62,64,69,70,71,74,77,78,81,84,85,87,89,90,92,96,97,98,102,103,106,109,111,117,119,122,123,127,129,132,134,136,138,139,140,79,130,131,52,137,83,80,43,88,13,53,99,91,57,101,56,86,100,44,120,126,133,1,17,105,10,110,41,59,60,113,
3to 1:1,2,3,5,9,11,14,20,24,25,29,36,41,42,44,46,47,48,50,55,56,58,60,68,69,71,72,73,74,77,82,85,89,90,91,92,94,95,96,97,100,103,104,106,108,122,123,124,130,131,132,134,136,117,80,49,34,107,59,118,120,32,37,28,81,31,127,138,75,78,140,8,126,133,53,110,113,18,121,52,6,10,43,17,
3to 2:1,2,3,4,9,10,18,20,24,25,26,32,33,37,39,41,44,46,48,51,52,55,56,57,59,60,61,62,64,66,68,69,71,74,77,84,85,86,88,89,92,100,105,108,110,113,121,129,131,126,116,125,53,87,34,82,23,8,67,134,47,45,80,109,21,127,107,112,140,81,11,31,99,101,43,78,70,28,5,91,17,
3to 3:
3to 4:3,4,6,9,12,15,18,19,20,23,24,27,30,32,33,41,42,44,50,52,53,55,56,57,61,68,71,72,77,79,80,81,82,87,88,92,98,102,104,105,108,111,112,113,117,123,124,129,130,132,136,138,116,121,54,40,8,109,126,66,28,73,86,70,7,69,127,34,131,120,140,78,75,26,134,91,115,45,17,101,31,100,90,5,107,11,10,
3to 5:2,4,5,6,7,9,11,12,14,15,18,20,24,26,29,30,31,32,39,41,42,44,46,48,53,55,56,58,61,68,69,70,71,77,78,79,80,81,84,85,89,90,91,93,95,97,98,100,105,107,108,110,112,116,119,127,129,130,132,134,139,140,111,118,45,17,40,76,82,99,49,102,109,64,34,54,94,52,92,23,113,28,66,120,136,104,10,43,101,47,
3to 6:3,4,8,9,10,12,15,19,20,24,30,32,33,36,41,42,43,47,52,56,57,58,60,62,69,72,79,80,86,89,93,96,98,99,103,104,105,108,112,119,122,123,124,131,138,140,23,31,11,73,55,40,114,49,16,94,64,7,120,121,115,87,39,81,136,102,107,48,45,53,101,113,78,82,126,6,46,111,100,91,5,17,
3to 7:1,3,4,7,9,10,14,16,20,23,24,28,31,32,33,41,44,47,52,53,55,57,58,61,67,71,76,79,85,88,91,92,93,97,100,102,105,108,110,116,119,122,123,130,131,132,134,135,136,138,37,64,66,26,49,127,15,111,73,121,59,69,81,29,34,112,104,46,113,90,126,11,48,43,17,70,
3to 8:1,2,4,5,6,9,14,17,18,19,25,26,27,30,33,41,44,50,52,53,56,58,59,60,61,71,73,79,80,85,86,91,92,96,97,100,102,104,105,107,108,110,113,116,118,119,121,122,126,128,130,132,135,139,24,83,99,67,46,87,35,136,31,140,7,45,82,120,76,69,111,131,28,16,125,94,90,47,37,23,81,101,127,34,138,64,43,55,32,20,11,78,
3to 9:3,4,8,9,10,12,14,18,20,23,25,28,32,33,36,43,44,46,47,52,53,58,59,60,66,71,74,79,80,85,86,88,93,95,97,98,103,104,105,107,108,110,116,117,126,129,130,138,118,40,140,111,82,45,101,123,76,87,11,56,100,54,113,134,55,102,99,16,115,136,5,131,17,
3to 10:2,5,6,9,10,11,12,14,19,20,25,27,28,30,32,33,37,41,42,43,44,46,47,50,56,57,58,60,61,64,67,71,72,77,78,79,88,91,93,96,97,98,105,108,112,116,117,119,120,122,124,128,130,135,138,139,87,134,49,55,80,109,133,101,7,100,16,48,26,15,73,126,40,23,17,52,102,140,136,66,70,131,24,
4to 1:1,11,12,14,16,17,20,24,25,27,28,29,30,36,38,41,42,46,48,50,51,53,56,57,62,65,70,72,75,78,80,82,83,90,94,97,101,105,109,110,112,113,114,115,119,121,122,124,126,129,132,136,15,40,22,63,117,67,44,89,100,45,54,118,73,85,125,6,55,10,52,31,135,106,123,19,107,33,131,34,77,66,91,3,59,32,60,47,
4to 2:1,3,9,11,12,15,16,17,19,21,23,24,25,28,30,33,37,38,41,43,44,47,50,53,55,56,57,60,62,65,70,75,77,79,82,85,89,93,94,97,98,99,100,105,107,112,113,115,116,123,130,131,137,135,108,86,91,102,22,129,96,71,31,40,34,101,84,106,45,138,122,127,66,20,48,74,6,5,92,18,81,52,59,32,121,
4to 3:3,4,6,7,10,15,17,19,24,26,27,32,37,41,46,48,56,57,60,62,64,66,68,72,75,77,79,80,84,88,90,91,94,97,101,102,107,108,111,113,118,120,121,124,126,127,130,132,136,138,34,89,67,74,112,140,54,69,131,43,71,12,114,73,129,65,33,81,20,31,92,70,5,82,47,52,55,100,
4to 4:
4to 5:4,9,10,14,15,17,18,23,24,27,29,34,37,38,39,41,42,44,46,48,51,52,56,59,61,62,64,66,68,70,72,75,80,82,85,92,93,94,97,98,99,107,108,109,111,112,113,115,118,121,122,123,124,126,127,130,134,67,74,135,106,84,81,136,105,12,69,138,86,129,77,40,30,65,54,19,101,3,90,89,79,96,6,132,5,43,102,55,91,60,28,100,
4to 6:3,6,7,9,11,12,13,14,16,17,19,23,24,25,30,31,33,34,36,38,39,41,45,48,53,55,56,57,58,59,60,65,68,72,75,78,79,80,82,91,93,98,99,100,101,102,106,107,108,111,112,113,114,115,118,121,126,130,133,137,138,139,15,129,122,132,67,123,69,105,73,136,116,26,135,2,81,47,32,66,85,52,89,92,
4to 7:4,5,7,10,11,16,17,24,25,28,29,30,31,32,38,41,46,48,50,51,53,55,57,58,61,62,64,68,69,72,73,79,83,84,85,88,93,104,105,113,120,121,122,123,124,126,131,134,135,138,12,60,82,81,18,92,129,45,22,71,127,90,89,98,59,107,112,100,44,19,132,34,2,66,20,101,70,91,52,33,47,
4to 8:1,3,4,6,7,9,17,18,23,24,25,30,31,32,38,41,43,47,48,49,50,51,52,53,55,57,58,62,64,66,68,70,72,77,78,80,83,86,88,89,91,96,97,99,106,107,112,113,114,120,121,122,123,124,126,127,130,133,135,137,138,5,45,34,129,12,71,101,98,81,79,27,118,73,60,54,33,74,15,44,65,69,19,108,136,102,105,90,132,85,82,131,59,
4to 9:3,4,5,9,11,14,15,18,20,24,25,28,32,36,38,41,46,52,53,56,58,70,72,73,80,81,83,88,91,93,98,99,101,102,108,109,111,113,121,124,126,128,131,138,122,89,117,19,135,54,66,85,33,118,47,74,44,69,6,129,75,112,96,105,106,90,48,59,55,100,60,
4to 10:2,6,7,10,11,14,15,16,17,23,24,25,32,38,41,42,44,49,50,52,55,56,57,58,59,60,61,62,64,68,69,75,77,79,80,83,86,88,93,99,101,102,108,109,112,114,115,119,120,121,122,124,126,128,129,130,131,132,135,136,138,139,22,105,27,92,123,20,73,67,33,100,98,40,117,90,8,96,71,18,45,31,48,3,81,78,19,66,70,5,107,30,28,113,
5to 1:1,2,5,6,8,9,13,14,15,17,20,24,28,29,30,31,32,34,39,40,41,46,47,48,50,51,53,57,59,60,68,69,70,74,76,77,78,79,81,85,86,90,97,100,102,105,109,110,112,113,118,119,123,124,126,127,129,130,136,138,140,52,84,54,95,131,67,72,22,65,134,21,37,3,106,89,11,132,10,121,43,92,111,18,91,
5to 2:4,6,9,11,13,17,18,23,28,30,34,41,42,44,47,48,50,53,57,59,61,64,65,68,69,70,76,81,84,89,91,92,98,100,102,105,106,107,108,109,111,113,115,116,119,122,123,127,129,130,133,138,140,1,56,15,49,40,39,95,12,134,43,71,97,121,3,24,5,37,2,82,126,131,77,46,52,101,110,
5to 3:1,3,4,7,12,14,17,23,24,26,33,34,42,44,53,55,57,58,59,61,64,67,71,76,77,79,81,90,91,92,93,94,100,102,105,106,107,110,111,113,116,121,123,124,126,127,130,131,136,138,140,95,6,35,101,82,37,49,15,87,30,22,134,9,66,104,56,52,45,39,47,28,70,43,10,46,
5to 4:2,4,5,6,11,13,14,18,19,23,24,26,27,28,31,37,40,41,43,44,48,50,53,54,57,58,59,60,61,66,68,69,78,79,81,85,90,92,93,94,97,98,100,101,102,104,105,106,108,109,111,113,116,121,124,126,128,133,135,137,138,140,67,70,82,136,3,74,15,91,89,52,39,65,134,56,132,9,33,131,47,
5to 5:
5to 6:2,7,11,17,18,19,20,30,31,32,40,42,43,46,53,55,59,60,61,62,68,70,71,77,78,79,81,82,85,89,93,94,96,102,104,105,106,108,109,110,111,113,115,116,119,122,123,124,129,130,133,134,136,138,139,5,101,24,87,52,107,15,126,72,58,23,49,65,66,121,74,47,6,92,90,91,28,
5to 7:2,6,8,9,11,12,16,17,20,23,24,26,31,34,48,57,59,60,64,66,67,68,69,70,74,76,77,78,79,81,82,85,90,92,93,94,96,98,99,100,101,102,104,105,106,107,109,110,111,112,113,116,121,126,129,130,133,136,138,140,134,89,72,97,37,58,61,46,45,14,33,47,39,41,30,1,3,18,28,91,
5to 8:1,4,9,12,15,17,18,19,26,27,28,31,34,39,40,42,43,44,46,47,50,53,54,57,60,64,65,67,68,69,70,71,77,79,81,82,83,89,90,91,92,93,98,99,100,102,104,105,106,107,108,110,111,113,115,116,118,119,121,126,127,128,129,130,133,135,136,137,138,58,61,49,72,97,13,45,23,30,14,120,37,66,41,24,5,2,131,11,
5to 9:6,11,13,14,19,20,23,40,41,46,52,54,55,60,64,68,70,75,76,77,79,81,86,89,90,91,93,94,96,97,100,102,104,105,106,107,108,109,111,113,116,118,122,123,128,129,130,138,139,140,49,15,95,71,74,30,37,58,65,3,85,1,9,82,2,66,28,18,24,47,92,5,126,110,
5to 10:2,3,5,7,9,11,13,14,16,17,18,24,27,29,38,40,42,43,44,47,48,50,55,57,59,60,64,66,67,69,70,71,74,76,77,79,81,85,89,91,93,94,96,97,98,99,100,102,104,105,106,108,110,111,113,115,116,119,123,124,128,129,130,132,133,134,136,138,139,140,21,45,61,84,58,109,41,23,65,19,39,92,33,10,30,121,126,82,46,90,52,28,
6to 1:2,3,6,8,9,10,13,15,16,17,18,21,23,25,28,32,33,34,38,39,40,43,44,45,46,47,49,52,55,56,57,59,60,65,66,67,69,74,75,77,81,88,89,92,94,97,99,104,105,106,110,115,118,120,121,122,123,131,134,135,140,124,11,126,19,72,91,42,112,31,22,114,73,85,29,30,58,102,24,119,41,96,48,20,53,78,62,138,82,
6to 2:1,2,3,4,9,11,12,13,17,18,23,24,28,32,33,34,39,40,42,45,46,47,49,51,52,55,56,57,59,61,63,65,66,69,71,74,77,81,82,86,87,88,89,92,98,99,100,101,102,104,105,108,110,112,114,115,116,119,122,123,124,127,129,130,131,133,134,135,137,138,139,140,79,62,58,64,44,30,90,96,31,41,19,16,91,6,107,70,53,113,20,48,121,
6to 3:1,3,4,5,9,12,16,17,18,23,24,28,32,33,34,38,39,41,42,46,47,48,52,53,56,57,58,59,61,64,65,66,67,72,73,74,75,77,80,81,82,85,87,88,90,93,94,99,100,101,104,108,110,111,112,114,115,120,122,129,130,134,139,140,79,69,126,7,31,20,62,11,107,44,102,113,30,91,55,78,
6to 4:1,2,3,4,7,10,13,14,15,16,17,18,20,23,24,27,32,33,34,38,41,46,47,49,52,53,57,59,61,65,66,67,75,78,79,86,87,88,89,91,92,93,97,98,99,100,101,104,105,106,108,111,115,120,121,123,125,127,129,130,132,133,136,137,140,5,30,42,44,102,124,62,122,72,114,73,69,81,55,107,96,112,31,48,135,138,77,113,85,11,60,
6to 5:1,2,3,4,8,9,10,14,15,16,18,19,23,32,39,40,43,46,47,52,55,57,59,61,66,69,71,77,81,85,87,89,90,91,92,93,96,98,99,100,101,102,104,105,106,108,110,111,112,115,116,119,120,123,130,131,133,140,22,72,124,107,70,42,79,58,64,31,41,30,132,126,11,82,78,48,113,121,
6to 6:
6to 7:3,8,9,10,11,12,13,17,18,19,20,23,25,28,29,32,33,34,38,41,45,46,47,48,52,56,58,59,61,66,67,81,82,88,89,90,91,92,93,96,98,99,100,101,105,108,110,112,116,120,121,123,126,127,129,130,131,133,135,136,138,140,124,79,53,7,2,104,119,30,55,94,16,24,31,70,62,64,107,78,
6to 8:9,12,14,15,16,17,23,24,28,33,34,38,41,45,46,49,52,57,58,60,61,63,64,65,66,67,69,71,73,74,77,78,79,81,82,83,86,87,88,89,91,92,96,98,99,100,101,104,106,108,110,112,115,116,118,120,122,123,126,128,129,130,131,136,138,121,102,7,62,72,113,119,53,44,19,107,111,30,11,135,2,70,
6to 9:1,3,4,8,9,13,16,18,20,23,25,28,32,33,34,39,45,46,47,49,52,56,59,60,63,66,72,74,75,80,81,85,86,87,88,89,97,98,99,101,104,105,106,108,110,111,115,118,122,123,129,130,135,138,139,140,19,114,126,124,53,64,78,2,94,58,48,24,70,91,62,102,96,5,55,79,107,121,
6to 10:2,3,7,9,11,13,15,17,18,21,23,25,28,31,32,33,38,40,41,45,46,47,52,53,56,57,58,59,60,61,64,66,67,71,73,74,79,80,81,85,86,87,89,91,92,96,97,98,99,100,101,105,109,115,116,117,119,120,123,128,130,131,133,140,42,19,103,16,62,113,122,94,107,20,112,78,48,126,70,
7to 1:3,6,8,9,10,16,23,24,28,31,33,34,38,43,46,47,48,52,55,59,60,61,66,70,71,73,74,77,78,79,83,85,88,89,90,91,95,96,97,100,102,103,105,107,110,113,117,120,123,129,130,131,132,135,136,140,64,26,5,67,58,127,118,138,92,20,2,18,119,22,42,112,133,124,17,104,57,53,44,121,11,
7to 2:1,3,6,15,16,20,21,23,24,31,33,34,38,43,46,48,49,51,55,56,62,63,64,66,70,77,81,82,84,87,89,90,91,92,97,98,99,104,106,108,111,112,113,121,130,131,133,138,118,35,67,127,4,123,71,102,13,80,26,57,2,5,105,8,32,10,119,129,135,18,101,28,53,110,100,60,107,11,47,
7to 3:6,7,16,18,23,24,25,28,30,31,32,33,35,41,43,45,46,47,48,52,55,56,57,60,66,71,77,79,83,88,91,92,93,97,100,102,104,107,108,110,111,112,113,116,126,127,129,135,136,101,4,17,90,58,61,124,59,68,103,44,70,20,75,29,133,105,53,121,
7to 4:3,6,7,11,12,18,19,23,24,25,27,30,31,32,33,34,37,42,43,46,48,52,55,57,60,66,68,69,70,71,73,77,78,79,81,85,89,91,93,96,97,98,99,100,101,106,108,111,121,122,123,126,127,129,132,133,134,135,136,137,138,20,104,10,118,4,29,14,38,41,124,112,17,107,59,92,90,28,2,
7to 5:2,7,9,11,12,14,16,17,18,20,21,23,24,28,30,34,37,38,41,42,44,47,52,53,55,66,70,76,77,79,81,83,84,89,90,91,93,95,98,100,101,108,110,112,113,118,119,124,126,127,130,131,132,133,134,136,138,140,67,107,104,68,105,106,29,1,26,129,102,5,61,92,123,46,64,59,32,121,60,
7to 6:1,3,5,7,9,10,11,12,14,15,16,19,20,21,23,24,26,31,32,33,34,38,39,44,48,49,52,59,62,63,66,70,73,78,79,81,82,83,85,87,88,89,91,92,93,98,100,106,108,110,111,113,121,123,126,129,131,133,139,140,124,4,112,29,61,67,22,18,127,58,104,60,69,75,105,96,119,47,135,102,57,46,64,107,53,90,138,41,17,
7to 7:
7to 8:3,4,9,15,19,23,24,25,30,31,33,34,37,44,49,55,58,64,66,70,71,73,76,77,82,85,87,88,90,91,92,96,99,100,101,105,107,108,113,119,126,127,129,131,132,133,137,138,46,103,10,102,2,38,110,67,135,28,29,121,35,14,22,118,13,104,79,41,53,61,47,57,5,111,130,17,
7to 9:3,4,5,9,10,12,15,16,23,25,34,38,43,44,47,48,49,52,53,56,61,64,66,71,74,76,77,79,82,87,88,89,90,91,92,95,97,99,100,101,108,110,111,112,113,117,118,126,130,131,135,138,104,140,35,41,96,32,59,105,103,70,58,102,129,11,28,133,46,20,18,60,2,107,121,
7to 10:2,3,9,11,12,14,15,16,17,19,20,23,24,28,30,31,33,37,38,41,42,43,46,47,48,52,56,57,59,60,61,63,64,66,70,73,74,79,81,83,85,87,88,91,92,97,99,100,104,105,109,111,112,113,117,120,122,123,126,129,131,132,135,136,138,139,140,68,119,10,124,8,71,103,58,69,118,29,26,133,127,101,53,18,5,90,
8to 1:1,2,3,5,6,9,11,12,16,17,20,22,23,29,34,35,37,38,41,43,45,47,48,49,52,55,57,59,66,67,69,70,71,74,77,79,80,81,82,83,89,90,91,92,96,97,99,100,104,105,112,113,117,118,119,122,123,126,127,128,129,131,132,138,25,58,136,76,72,103,13,135,120,14,60,28,44,101,106,102,140,46,110,10,85,121,78,32,
8to 2:1,2,3,5,10,11,15,16,18,20,23,24,25,30,31,34,37,40,41,43,44,45,47,48,50,55,59,61,62,63,64,67,69,71,74,80,82,91,92,97,99,104,106,107,110,111,115,116,119,122,123,126,132,138,83,76,135,101,93,102,38,81,66,88,53,131,140,137,35,28,113,120,121,112,127,57,77,108,79,60,32,46,105,130,17,
8to 3:3,4,7,9,10,15,24,26,27,28,30,33,34,37,38,40,41,47,49,52,55,56,57,59,61,66,70,71,74,77,82,83,91,92,97,99,100,101,103,107,108,111,113,114,115,118,120,122,123,125,126,127,128,129,130,138,72,53,45,116,79,32,6,135,112,58,136,11,140,43,46,2,131,44,102,17,85,60,110,64,
8to 4:2,3,4,5,7,9,11,15,17,23,24,25,27,28,30,31,32,34,37,38,41,44,47,49,50,55,61,62,67,69,71,73,78,88,90,91,93,99,100,104,106,108,110,113,114,118,122,123,126,129,130,131,132,136,35,81,12,102,135,98,43,137,63,77,79,60,101,66,85,96,57,53,10,46,112,121,111,19,
8to 5:5,6,7,9,15,17,19,21,22,30,34,35,37,41,45,52,55,57,64,65,69,71,74,77,79,80,82,83,87,89,90,91,92,96,97,100,104,106,108,111,112,113,115,116,118,119,123,127,129,130,131,132,135,12,28,54,2,93,99,39,29,14,46,102,24,13,20,66,121,44,81,110,61,59,43,136,101,10,60,
8to 6:3,5,7,9,11,15,16,17,18,19,20,21,23,24,25,26,27,28,30,31,32,34,38,41,42,47,48,58,61,63,66,70,72,73,78,79,80,82,83,89,90,91,93,96,100,104,105,106,107,110,113,114,115,118,119,121,122,123,126,127,128,129,130,131,132,136,137,140,44,12,112,103,35,14,99,135,111,59,124,85,46,62,101,75,81,102,13,138,57,77,108,2,
8to 7:1,3,4,5,7,9,11,13,14,16,18,23,27,28,30,31,34,37,41,45,47,48,50,53,60,64,71,72,73,88,90,91,92,93,94,96,97,99,100,104,106,112,116,118,119,123,126,129,130,132,44,29,135,20,35,140,131,105,38,83,59,22,2,25,77,121,57,69,111,136,17,61,10,66,102,46,138,101,85,110,113,
8to 8:
8to 9:1,2,3,4,5,9,10,11,15,18,19,23,28,33,38,40,41,47,49,52,53,56,59,70,71,74,80,82,87,88,89,90,91,93,94,97,99,100,104,108,110,111,113,117,120,122,126,129,130,131,132,138,25,72,36,78,6,103,54,76,12,34,106,13,105,62,135,66,14,92,64,43,20,44,101,60,32,
8to 10:1,3,5,6,9,11,14,16,17,18,19,23,28,37,38,40,41,42,44,45,48,49,50,52,53,57,59,63,64,66,71,73,80,83,86,90,91,93,94,96,103,105,108,110,113,115,116,117,119,122,126,129,130,132,138,77,111,69,36,140,61,124,101,136,12,25,76,24,128,65,120,131,20,43,99,10,81,2,30,33,60,
9to 1:1,8,10,11,13,16,17,20,22,23,25,28,32,34,35,36,40,43,44,46,47,49,50,51,52,53,56,58,59,62,65,69,73,76,80,81,82,85,88,89,90,94,97,99,100,102,103,104,108,109,110,111,115,117,118,120,126,132,133,135,136,138,74,127,123,41,122,72,21,83,9,66,38,14,106,70,91,140,60,2,24,3,6,55,131,18,48,
9to 2:1,4,5,9,10,11,12,13,16,20,21,22,23,25,31,32,34,35,36,39,40,43,44,45,46,47,50,52,53,59,62,65,66,69,76,80,82,85,88,89,96,97,98,99,104,105,106,109,111,113,115,118,121,122,126,138,116,108,100,56,130,101,70,140,6,86,41,3,74,55,90,48,18,33,131,110,112,60,92,91,
9to 3:4,9,10,17,19,20,23,30,31,36,43,44,46,47,48,52,53,55,58,59,60,61,66,71,74,76,79,80,85,87,88,93,94,102,103,105,106,107,108,111,112,116,118,121,122,126,135,34,138,95,24,86,18,45,83,97,28,124,99,14,33,110,104,5,117,78,6,140,56,32,3,41,131,90,113,100,70,11,
9to 4:3,4,5,9,11,15,18,20,24,25,28,30,31,33,34,36,43,44,47,49,50,54,58,59,60,61,62,63,65,66,68,69,70,71,76,80,81,86,88,89,91,93,96,98,102,105,108,111,116,118,120,121,123,126,129,135,137,139,90,32,37,56,72,21,41,38,27,2,101,48,13,104,132,136,122,55,106,138,113,85,6,
9to 5:8,15,23,24,32,35,39,40,44,46,47,52,54,58,59,61,62,65,66,69,74,79,81,82,85,87,92,93,99,100,102,104,105,107,109,111,113,118,120,121,126,130,132,138,139,37,18,95,14,97,56,6,70,131,116,83,110,9,123,115,41,140,89,108,134,112,106,2,55,5,48,28,11,91,
9to 6:8,11,15,16,17,20,23,28,33,34,36,38,39,44,47,52,53,55,56,58,59,61,65,73,79,81,85,87,88,89,93,103,105,107,111,113,115,116,120,124,126,130,131,136,138,122,127,72,21,104,13,83,77,1,24,3,108,92,9,99,86,140,66,18,78,46,32,19,41,48,110,70,
9to 7:2,3,6,8,9,11,16,17,20,22,28,32,34,35,43,44,46,47,53,55,56,58,59,64,66,68,70,71,79,81,88,89,92,93,98,99,101,104,105,107,108,111,113,118,121,123,126,129,131,132,135,138,139,96,95,21,112,91,75,122,13,5,38,116,60,124,106,1,100,85,90,18,136,110,24,48,130,10,
9to 8:1,2,3,4,5,14,15,16,19,23,25,30,32,34,35,38,44,47,48,50,53,54,55,56,58,60,61,62,66,69,70,71,73,86,88,89,96,97,99,100,102,103,107,108,111,113,118,120,123,126,131,132,137,139,140,116,37,75,101,112,135,122,49,9,33,124,46,91,11,45,104,138,106,136,115,41,110,90,130,78,
9to 9:
9to 10:2,10,13,15,16,17,22,23,25,28,40,43,46,47,48,52,53,55,60,70,73,74,76,79,80,85,88,89,90,91,99,103,105,109,111,112,113,117,118,126,130,133,136,139,20,24,97,78,56,72,122,49,41,9,33,86,92,18,83,116,110,14,135,38,37,115,5,6,108,66,64,19,100,106,3,96,32,
10to 1:3,5,9,10,11,15,17,18,23,28,33,36,37,38,40,42,43,47,48,50,52,53,56,57,60,65,67,71,72,73,74,77,78,80,83,85,89,91,96,102,104,105,106,107,109,110,113,117,118,119,120,124,127,130,132,133,134,136,138,140,61,2,97,58,49,115,44,59,66,103,51,68,100,79,123,8,19,129,16,126,99,20,92,131,41,32,
10to 2:2,3,5,11,12,15,16,23,25,26,36,37,40,42,43,47,48,49,50,52,53,56,57,60,64,65,66,67,70,71,80,81,82,85,87,90,91,92,98,101,106,107,110,112,113,116,121,122,126,127,129,131,132,134,135,68,10,77,97,63,139,31,38,115,133,24,8,86,103,41,18,59,109,33,130,119,117,120,62,124,19,100,9,111,99,30,44,105,17,
10to 3:3,6,7,9,11,18,24,28,32,36,37,38,41,43,44,45,53,55,58,59,60,64,67,69,70,71,76,80,81,82,83,86,90,93,99,100,102,110,112,114,116,117,118,129,131,134,135,136,84,78,139,97,111,42,27,48,50,23,49,56,120,105,8,30,26,20,88,113,77,91,17,140,119,33,61,126,16,10,92,52,19,46,
10to 4:3,5,7,9,11,13,14,16,17,18,25,26,28,36,38,40,41,43,48,52,53,55,56,57,70,71,72,73,76,80,81,88,90,91,93,96,97,98,99,100,101,102,106,107,108,112,113,114,115,116,118,122,124,125,126,127,128,130,132,133,135,136,139,68,129,86,77,59,105,33,66,62,65,15,78,64,27,123,37,84,50,109,111,39,69,140,30,19,24,
10to 5:3,5,8,11,14,16,17,26,38,40,41,43,47,48,56,57,60,64,67,70,71,72,74,77,78,80,81,82,83,85,89,90,93,96,98,99,101,110,112,113,115,116,118,122,126,128,130,133,139,91,61,109,87,58,68,15,84,20,2,18,50,33,42,37,52,97,23,59,19,79,134,9,123,24,105,31,46,140,92,30,66,100,111,
10to 6:3,5,6,7,9,10,11,13,15,16,17,18,19,24,28,39,40,41,46,47,49,55,56,57,58,63,64,65,66,67,80,81,83,85,87,89,90,93,98,103,104,105,106,107,108,110,112,113,114,116,118,122,130,132,133,135,138,139,140,42,27,69,62,119,124,20,33,115,96,70,23,78,120,86,129,99,2,59,131,30,111,61,92,48,126,91,
10to 7:3,5,7,8,9,13,14,16,17,18,26,28,30,33,43,44,46,47,50,52,53,55,56,60,67,70,78,85,88,90,93,96,98,100,104,105,106,107,111,112,113,127,130,132,135,136,139,123,79,109,69,32,31,133,27,99,57,24,58,23,140,129,19,92,37,124,101,41,131,1,119,64,126,61,59,10,91,
10to 8:2,3,5,7,8,11,13,14,16,23,24,25,26,38,40,42,43,44,46,47,49,50,52,53,56,60,64,66,67,72,78,80,83,87,89,90,91,96,101,104,108,110,112,113,116,119,122,126,127,129,130,132,133,136,138,63,15,61,111,92,10,115,41,100,37,88,97,58,128,39,79,22,86,9,48,77,59,123,131,19,99,105,20,18,17,
10to 9:3,9,11,13,14,15,17,19,23,25,28,30,36,40,41,43,44,46,48,49,53,55,60,64,66,70,71,74,75,76,77,80,81,85,88,92,96,98,99,101,102,103,104,108,113,116,122,123,128,129,131,132,63,95,115,24,109,87,58,111,39,130,8,84,139,97,91,21,86,16,120,78,37,61,56,59,52,33,2,126,10,18,
10to 10:

cell1:2,3,8,10,6,4,7,9,5,
cell2:3,9,4,10,6,8,5,7,1,
cell3:6,10,7,9,4,2,8,5,1,
cell4:2,1,3,6,8,5,9,10,7,
cell5:4,3,10,2,6,1,9,8,7,
cell6:7,10,5,1,3,2,8,4,9,
cell7:10,2,8,3,9,1,4,5,6,
cell8:2,5,10,6,9,4,3,7,1,
cell9:5,10,4,3,7,1,6,8,2,
cell10:4,2,1,6,5,9,7,8,3,
