machine1:0,135,103,5,66,19,95,24,17,96,6,76,84,109,67,8,3,42,10,52,20,110,65,105,38,62,14,91,89,54,92,82,47,74,140,122,25,34,13,49,112,31,33,59,138,88,133,126,46,44,41,56,16,18,64,1,55,57,78,63,60,75,106,77,97,9,108,85,28,90,119,
machine2:0,83,43,103,66,24,2,53,96,6,84,118,67,58,10,52,20,32,110,30,113,105,38,124,48,14,91,123,121,70,12,115,47,74,71,35,122,104,120,131,114,29,21,34,49,112,31,59,73,138,11,88,133,46,41,130,101,129,56,80,127,1,55,100,57,99,117,4,45,106,77,79,97,9,72,22,85,119,132,
machine3:0,135,125,43,103,66,17,2,53,96,6,118,8,10,52,20,32,110,113,38,124,48,123,70,92,115,47,140,131,33,59,107,133,126,68,44,130,56,80,127,23,16,18,55,100,57,99,63,136,60,106,97,94,72,22,85,119,132,
machine4:0,15,37,19,134,17,2,53,6,109,67,8,3,58,42,102,10,52,139,36,30,65,113,105,62,14,91,123,121,89,115,47,71,122,25,104,29,21,34,128,13,59,73,138,11,26,88,111,39,126,40,46,44,101,80,1,57,78,136,117,60,75,77,51,94,81,22,28,90,
machine5:0,61,125,83,43,103,66,86,50,95,24,134,17,2,76,109,8,3,58,102,10,52,20,32,38,48,91,121,89,54,92,82,47,69,140,122,25,104,120,131,114,98,13,49,112,31,138,11,39,107,133,40,68,46,44,41,130,27,129,56,127,23,16,18,55,100,78,60,45,79,51,97,9,72,85,28,132,
machine6:0,135,61,83,43,103,37,5,50,24,53,96,6,67,10,52,20,105,137,62,48,91,121,89,12,92,82,47,71,35,25,120,21,13,31,59,138,11,107,40,46,101,56,127,16,1,100,99,63,4,60,45,106,77,94,108,85,28,119,132,
machine7:0,135,125,15,43,5,24,17,2,53,96,116,6,76,84,8,3,102,52,20,32,139,30,105,137,91,123,121,70,92,47,71,35,122,120,131,34,49,112,11,107,133,68,46,44,41,101,129,80,127,23,16,18,99,93,4,106,79,97,9,81,22,85,90,119,
machine8:0,135,125,15,83,66,50,2,53,116,84,109,3,58,42,102,110,30,113,38,137,62,48,91,121,89,115,74,69,140,25,29,34,13,138,11,26,111,39,107,40,41,130,101,56,80,127,23,18,64,55,78,93,117,45,106,94,108,28,132,
machine9:0,61,43,103,37,5,19,86,24,17,96,109,8,42,102,10,52,105,38,123,121,70,115,82,47,74,71,104,131,98,33,138,107,126,44,41,101,129,56,127,23,16,18,1,57,78,87,60,45,106,77,108,28,90,132,
machine10:0,43,19,86,50,53,6,118,67,10,52,32,110,65,124,123,121,70,92,82,47,71,140,122,25,131,21,34,112,31,33,59,11,88,111,39,107,40,44,130,129,127,18,55,100,57,136,77,79,97,9,81,108,
machine11:0,83,43,37,19,86,95,134,17,2,53,109,8,102,10,20,32,139,36,30,113,38,62,48,91,121,89,70,115,74,71,120,131,114,98,21,112,31,33,59,138,11,26,88,111,107,133,126,40,46,41,130,101,56,80,16,64,55,100,57,99,87,60,45,75,51,81,28,90,
machine12:0,135,125,15,43,103,5,19,95,24,134,17,53,96,116,6,76,58,42,20,32,36,30,113,62,70,92,115,47,69,140,104,120,98,29,128,49,112,31,33,59,73,7,138,11,26,88,111,107,126,68,46,44,41,27,101,129,80,127,16,18,1,55,100,78,117,4,60,45,79,9,108,28,90,132,
machine13:0,61,15,5,86,50,24,134,17,53,116,6,76,84,3,102,10,52,20,32,110,30,113,38,62,14,91,121,12,54,92,115,82,47,71,69,140,104,120,114,34,112,11,26,111,39,107,126,40,46,41,130,101,129,56,127,23,16,64,55,100,136,87,117,4,60,45,75,77,97,94,9,85,90,
machine14:0,61,37,66,19,86,95,24,17,53,6,76,118,67,8,3,58,42,102,10,52,20,110,30,113,105,48,91,123,121,89,70,54,92,82,47,74,71,69,25,120,131,21,49,112,31,33,7,11,39,107,133,126,40,44,27,56,80,23,18,100,99,78,136,87,4,45,106,79,97,9,81,72,108,119,
machine15:0,135,61,125,83,43,37,5,95,134,2,53,116,6,84,109,118,8,3,58,42,10,52,32,139,110,65,113,105,124,48,91,121,92,82,47,74,71,35,140,122,104,131,114,29,128,112,31,33,73,138,11,26,88,111,39,107,126,46,44,41,130,101,129,56,80,23,18,64,55,100,57,99,93,63,4,60,45,77,79,51,94,9,81,22,108,85,28,90,132,
machine16:0,135,61,125,83,43,5,66,19,86,50,24,134,17,2,96,6,76,109,67,8,3,58,42,102,10,52,20,65,113,105,124,62,48,14,91,123,121,89,12,54,92,82,47,35,69,122,25,131,114,98,34,128,13,49,112,31,33,59,73,7,11,26,88,111,107,126,40,68,44,41,101,129,80,23,16,55,100,99,78,93,63,136,87,117,4,60,45,75,106,79,9,81,72,108,28,132,
machine17:0,125,43,37,5,66,19,86,50,24,2,53,96,6,109,118,3,42,102,52,32,110,30,113,105,38,124,48,91,123,121,89,70,12,54,92,115,47,71,140,122,104,120,131,98,29,34,13,112,31,33,59,7,26,111,39,107,126,46,44,41,130,27,101,129,56,80,127,23,18,64,1,55,100,57,78,93,136,4,60,75,106,77,79,51,97,94,9,81,72,108,85,28,90,119,132,
machine18:0,135,15,43,66,19,86,50,24,134,17,2,53,96,116,6,84,109,42,10,52,20,32,139,36,30,65,113,38,137,62,48,91,123,121,70,54,115,82,74,69,25,131,114,98,21,34,128,112,59,73,138,11,88,111,39,133,126,68,46,44,41,130,27,101,129,56,80,127,18,64,55,100,57,99,78,136,117,4,60,45,75,106,77,51,94,9,81,22,108,85,28,90,
machine19:0,15,83,43,37,5,50,24,134,17,2,116,6,109,118,58,42,102,10,52,20,110,30,113,137,124,14,91,123,121,89,70,12,54,92,115,82,47,74,71,35,69,140,122,131,29,34,128,49,112,33,59,138,11,26,111,39,107,133,126,68,46,44,130,101,129,80,127,23,18,1,100,57,93,136,60,75,106,77,79,51,97,94,9,81,85,28,90,119,132,
machine20:0,135,61,15,43,37,5,66,19,95,24,17,2,116,76,84,109,67,8,3,102,52,20,32,139,110,30,65,113,105,124,62,48,14,91,123,121,89,70,54,92,115,82,47,74,71,104,120,98,21,34,49,31,59,138,111,39,107,133,40,68,46,44,41,27,129,56,23,18,64,55,100,57,99,78,93,136,4,60,106,79,97,94,9,81,108,90,132,
machine21:0,61,43,66,19,86,50,24,17,2,53,96,116,6,84,109,118,8,58,42,102,10,52,32,139,110,30,65,113,105,38,48,14,91,123,121,89,70,12,54,92,115,82,47,71,69,140,104,131,98,29,13,112,33,59,7,138,11,26,111,107,133,40,46,41,130,27,101,129,127,23,16,18,64,1,55,100,57,99,78,93,87,60,45,106,77,79,9,81,72,22,108,85,28,119,132,
machine22:0,135,61,103,5,66,19,86,24,134,17,2,53,96,6,109,118,3,58,42,102,52,20,32,30,65,113,105,38,137,124,62,48,91,123,121,89,70,12,92,115,82,47,71,69,140,122,25,104,120,114,98,29,34,128,13,49,112,31,33,59,138,11,111,39,107,133,126,68,46,41,130,27,101,129,56,80,127,23,16,18,64,1,55,100,57,99,78,136,87,75,77,79,97,9,81,108,85,90,119,132,
machine23:0,135,15,5,17,53,116,6,67,8,3,58,42,102,10,52,20,32,139,110,36,30,105,137,124,48,14,123,121,89,70,12,92,115,82,47,74,69,140,122,25,104,131,98,21,34,128,13,112,33,59,73,7,138,11,26,88,111,107,133,126,40,46,44,41,130,27,101,129,56,23,18,64,1,100,57,99,78,93,87,60,45,75,51,94,9,81,72,22,28,132,
machine24:0,135,61,125,15,83,43,5,66,19,86,24,17,53,96,116,67,8,3,58,102,52,20,32,110,113,105,38,124,62,48,14,91,121,89,92,115,82,47,74,35,69,140,104,120,114,29,21,34,49,112,31,59,73,7,138,88,111,39,107,133,126,40,46,44,41,130,101,127,23,16,18,64,55,100,99,78,93,63,136,117,4,60,75,106,77,79,94,9,81,72,108,28,90,119,
machine25:0,135,61,83,43,66,19,24,134,2,53,96,6,76,109,8,58,102,10,52,20,32,110,124,62,48,14,91,123,121,89,70,82,47,71,35,69,104,131,98,34,112,31,33,59,138,11,26,88,111,39,107,133,126,68,46,44,41,27,101,129,127,18,64,1,55,100,57,99,78,63,117,4,60,75,106,77,79,97,81,108,85,28,90,119,132,
machine26:0,135,61,83,37,5,66,19,95,24,134,17,2,53,109,118,3,42,102,10,52,20,32,110,30,113,105,38,137,124,48,91,123,121,89,70,12,92,47,71,35,69,140,25,104,131,29,21,34,13,112,31,59,73,7,88,111,107,133,126,46,44,41,130,27,101,129,56,127,23,16,18,64,1,100,57,99,93,136,87,4,60,45,77,51,97,9,81,22,108,85,28,90,119,132,
machine27:0,15,43,103,37,5,66,19,50,24,17,2,96,116,84,118,67,8,3,58,42,102,10,52,20,32,139,110,30,113,105,124,62,14,91,123,121,70,92,82,47,74,71,140,122,104,120,131,29,21,34,13,49,112,31,73,7,138,11,26,88,111,107,126,68,46,44,41,130,101,129,56,80,23,18,64,55,100,57,78,93,63,136,4,60,75,106,77,79,51,97,94,81,72,22,28,90,119,132,
machine28:0,135,61,15,83,43,103,37,5,66,19,86,50,24,17,2,53,96,116,6,76,118,67,3,58,42,102,10,20,32,110,30,65,113,105,38,137,62,48,91,123,121,89,70,12,54,92,115,82,47,74,71,35,69,140,25,104,120,131,114,98,29,21,34,128,13,49,112,31,33,59,73,7,138,11,88,111,39,107,133,126,40,46,44,41,130,27,101,129,80,127,16,18,64,1,100,57,99,78,93,63,136,117,4,60,45,75,106,77,79,97,9,81,72,22,108,85,28,90,119,132,
machine29:0,135,61,125,15,43,103,37,5,66,19,86,24,17,2,96,6,118,67,8,58,102,10,52,20,32,139,110,36,30,65,113,105,38,137,124,62,48,14,91,123,121,89,70,12,92,115,82,47,74,71,69,140,122,25,104,131,34,13,49,112,33,59,73,7,138,11,26,88,111,39,107,126,68,46,44,41,130,101,129,56,80,127,23,16,64,1,55,57,99,78,93,63,136,87,4,60,45,106,77,79,51,97,94,81,72,22,108,28,90,119,132,
machine30:0,15,83,103,5,66,19,86,95,24,134,17,2,53,116,6,84,118,8,3,58,102,52,20,32,139,110,65,113,105,38,137,124,62,48,14,91,123,121,89,70,54,115,47,74,35,122,25,120,131,98,21,34,13,33,59,138,11,88,111,39,107,126,40,46,44,130,101,56,80,127,23,16,18,1,55,100,99,78,63,87,117,4,60,51,97,9,22,108,85,28,90,
machine31:0,135,61,15,43,37,5,66,19,86,50,24,2,53,96,76,109,118,58,102,10,52,20,32,139,110,36,30,113,105,38,137,124,62,48,14,91,121,89,70,12,92,82,47,74,71,35,140,122,25,104,120,131,21,13,49,112,31,59,73,138,11,88,111,39,107,126,68,46,41,130,101,129,56,80,16,18,64,1,55,100,99,78,93,63,136,60,45,75,106,79,97,9,81,72,108,85,28,90,132,
machine32:0,61,43,103,37,5,66,19,95,24,17,2,53,96,116,6,76,109,8,3,102,10,20,32,139,110,36,65,113,105,14,91,123,89,70,54,115,82,47,74,71,69,122,104,131,114,34,128,13,49,112,33,59,138,11,88,111,39,107,133,126,40,46,44,41,130,27,129,56,80,23,18,64,1,55,100,99,87,117,60,45,106,77,97,94,9,108,85,28,90,132,
machine33:0,135,61,125,15,83,43,103,37,5,66,19,86,50,95,24,134,17,2,53,96,116,84,109,118,8,3,58,42,102,10,52,20,32,139,110,30,65,113,105,38,137,124,62,48,14,91,123,89,70,12,92,115,74,71,69,140,122,104,120,131,114,98,128,49,112,33,59,73,7,11,26,88,111,39,107,133,126,40,44,41,130,101,129,56,80,127,23,16,18,64,1,55,100,57,99,78,93,63,136,87,117,60,45,75,106,77,79,97,94,9,81,108,85,28,90,119,132,
machine34:0,61,15,83,43,103,37,5,19,86,50,24,134,17,2,53,96,116,6,76,109,67,8,3,58,42,102,10,52,20,32,139,110,36,30,65,113,105,38,124,62,48,14,91,121,89,70,92,115,82,47,74,71,69,140,122,25,131,98,29,21,128,13,49,31,33,59,7,138,11,26,88,111,39,107,126,40,68,46,44,41,130,27,101,129,56,80,127,23,16,18,64,55,100,57,99,78,63,136,87,117,60,106,77,79,51,9,81,72,22,85,28,90,132,

1to 1:
1to 2:1,2,17,20,23,24,25,28,31,32,33,39,43,44,47,48,49,50,53,56,57,60,63,65,66,74,77,79,80,81,84,85,86,89,95,96,97,100,101,102,104,105,106,109,113,119,120,122,126,129,131,133,134,140,51,91,13,11,3,132,71,10,88,125,94,59,123,130,40,75,21,29,41,34,8,138,6,127,9,111,18,121,52,110,
1to 3:6,9,12,16,17,18,20,22,24,30,33,34,35,38,41,43,47,48,51,52,55,57,58,59,60,67,73,76,79,80,82,83,84,85,86,88,91,95,96,97,99,103,104,105,106,113,114,117,120,122,123,126,127,129,131,134,135,138,140,45,112,64,63,10,40,23,25,42,56,11,118,65,71,3,44,46,132,136,111,32,121,
1to 4:3,6,11,16,17,18,20,28,30,31,37,38,41,45,47,48,50,53,54,56,57,58,65,66,67,72,73,76,78,79,80,81,84,85,89,91,94,97,99,102,104,107,109,113,114,118,121,122,126,132,134,135,136,140,44,34,88,100,124,68,138,9,123,98,125,25,13,127,42,75,26,131,24,112,64,52,59,61,2,32,19,
1to 5:6,8,9,11,14,18,22,28,29,30,31,34,37,38,39,42,44,47,54,55,56,57,58,59,66,67,68,72,74,81,82,83,84,89,90,102,105,106,107,113,115,119,121,127,130,131,132,133,139,140,61,109,138,104,94,97,118,77,3,98,123,110,71,96,46,75,23,85,112,124,43,70,5,32,2,91,100,52,24,111,60,
1to 6:2,3,4,6,8,10,17,18,19,20,31,36,39,41,44,45,46,47,48,49,51,52,53,56,57,59,62,63,65,66,67,68,72,73,74,81,83,86,88,91,92,94,96,99,102,104,106,107,114,115,118,119,120,121,122,123,126,129,133,136,140,109,58,112,42,16,98,13,11,60,132,23,75,70,78,77,127,71,9,100,64,85,32,89,79,24,55,
1to 7:1,4,8,11,12,14,17,18,20,25,28,29,30,31,33,37,38,43,47,50,51,56,57,58,66,67,69,72,73,74,76,78,82,84,85,89,97,101,103,104,105,106,107,112,119,121,122,126,129,130,131,135,136,140,133,96,52,42,68,63,21,124,88,23,44,3,118,26,70,109,9,5,123,77,138,132,10,53,41,2,91,
1to 8:1,2,11,12,14,20,22,24,27,28,30,31,33,34,37,38,40,44,45,47,48,49,50,53,58,60,66,67,68,70,72,74,78,80,82,83,88,90,91,94,96,97,102,103,104,105,106,107,112,113,115,118,119,121,122,126,127,129,130,131,135,140,61,6,100,138,63,120,110,46,25,16,21,9,65,26,71,132,123,136,64,77,5,89,52,10,43,
1to 9:1,2,6,8,10,11,13,14,17,18,21,28,33,36,41,43,47,49,54,55,58,59,66,68,70,73,74,76,77,78,85,89,91,92,95,97,99,102,103,104,105,118,120,121,122,129,130,131,134,135,138,100,88,132,25,123,32,52,63,98,40,109,106,124,44,56,16,111,53,110,46,60,
1to 10:1,5,6,14,16,17,20,23,27,28,33,37,38,42,43,47,48,49,55,56,57,59,60,67,69,72,74,80,81,83,84,85,86,89,90,91,97,99,102,106,109,113,115,119,122,126,128,129,132,133,134,135,136,139,140,78,103,98,124,8,50,117,46,100,92,63,131,123,18,11,2,53,13,40,75,44,96,9,52,10,24,3,112,77,
2to 1:3,5,8,10,11,16,18,20,23,25,30,31,33,34,36,37,38,40,41,49,50,52,53,55,56,57,62,67,70,74,78,84,85,89,90,91,92,94,96,99,101,102,104,105,107,109,110,112,113,115,120,122,127,129,131,136,138,140,132,126,66,118,6,97,83,35,88,29,46,28,86,106,1,71,47,123,59,44,2,81,77,82,130,43,60,121,
2to 2:
2to 3:1,3,4,5,8,9,10,16,17,20,23,26,30,34,37,42,43,45,52,55,56,57,59,60,62,65,66,70,74,81,82,90,92,97,99,101,103,105,106,107,111,113,116,127,129,140,125,108,115,94,110,46,123,33,112,24,126,120,117,80,31,76,118,58,32,38,93,29,71,91,79,18,47,77,28,44,102,53,100,41,11,131,6,130,
2to 4:1,3,4,5,9,10,11,13,17,18,19,20,24,25,26,30,34,40,41,44,45,46,49,50,52,53,55,56,57,60,62,63,67,70,78,82,83,85,86,89,90,98,99,104,105,106,107,109,111,112,113,114,120,122,123,129,130,134,137,138,140,58,135,101,47,66,117,33,51,102,48,118,12,76,80,6,100,2,133,29,93,15,94,28,81,132,43,71,38,108,31,121,131,77,110,91,59,32,
2to 5:1,3,4,5,8,10,17,18,20,21,23,28,30,31,34,37,39,40,42,43,44,49,52,55,57,59,60,62,65,74,77,78,80,81,84,87,89,92,97,98,99,101,102,104,105,106,108,109,110,112,113,120,127,134,138,139,140,24,15,82,53,119,13,124,47,71,121,132,58,35,118,93,46,41,64,133,6,79,130,48,33,2,66,107,90,126,11,70,91,111,100,
2to 6:1,3,8,9,11,17,19,21,23,25,30,34,36,38,39,40,42,45,48,49,52,53,55,56,57,66,78,81,85,86,87,89,90,92,96,98,99,105,109,110,111,113,116,120,122,124,127,129,131,133,135,136,138,140,13,68,94,10,58,118,123,79,59,31,107,101,62,15,18,137,119,108,100,88,80,60,91,16,102,130,115,32,47,6,41,28,
2to 7:3,4,8,10,11,17,18,23,25,26,30,32,33,34,37,41,45,48,49,52,53,55,57,60,61,62,64,69,77,82,85,89,90,92,99,105,108,109,110,113,122,123,138,124,96,28,43,44,58,83,35,107,111,97,6,24,133,103,119,47,98,13,120,127,131,112,29,117,31,88,126,81,91,100,71,46,129,101,135,121,102,132,70,
2to 8:3,4,5,8,15,16,19,23,25,26,28,30,32,33,35,37,40,43,44,45,46,48,49,50,55,56,57,61,62,63,65,66,74,77,78,80,82,86,87,89,90,92,96,99,106,112,113,115,122,129,131,137,138,139,34,6,100,47,120,98,68,97,13,29,103,111,83,130,93,22,117,135,127,71,60,119,107,59,1,11,64,91,38,41,108,126,20,101,132,24,2,110,70,121,
2to 9:2,3,4,5,8,9,16,20,33,35,36,40,44,45,48,49,52,53,56,59,62,63,66,71,74,75,80,81,87,89,92,99,101,102,104,105,107,109,113,115,122,129,134,138,97,13,43,137,6,111,86,38,88,47,126,123,18,70,76,83,103,108,41,31,127,110,94,10,79,11,1,131,21,112,77,91,90,32,46,60,82,130,28,
2to 10:3,5,8,11,16,18,23,25,31,37,38,40,41,42,44,45,46,47,48,49,50,52,56,59,61,62,69,70,71,74,78,81,84,85,86,87,89,90,92,97,99,102,103,105,106,109,111,117,122,127,129,132,134,136,138,139,140,79,130,137,123,83,43,33,80,88,98,13,15,53,57,91,19,100,101,120,119,133,131,77,126,1,17,64,96,10,110,60,113,28,
3to 1:1,2,3,5,9,11,14,20,24,25,34,36,41,42,44,46,47,56,58,60,68,71,72,73,80,82,85,90,91,92,94,95,96,97,103,104,106,108,118,122,123,124,130,132,133,134,136,74,117,100,89,49,107,50,120,37,28,8,29,31,127,138,69,75,78,10,140,32,126,53,110,48,77,81,6,113,18,121,59,131,52,55,43,17,
3to 2:1,2,3,4,9,10,18,20,24,25,26,32,33,34,37,39,41,44,45,46,47,51,52,55,57,60,61,62,66,68,70,71,77,80,84,85,91,92,100,101,105,110,121,129,131,108,126,116,125,53,87,82,88,69,8,23,67,64,86,113,134,109,81,89,21,127,107,56,112,140,31,74,99,43,78,28,5,59,48,11,17,
3to 3:
3to 4:3,4,9,15,18,19,20,23,24,27,30,33,34,41,42,44,52,53,55,57,61,66,68,70,71,72,77,79,80,81,82,87,88,91,92,98,100,101,102,104,105,108,111,112,113,117,123,124,129,130,132,136,138,6,116,32,121,40,54,8,86,109,69,12,50,28,73,7,127,131,120,140,78,75,56,26,134,115,45,17,31,90,126,5,107,11,10,
3to 5:2,4,5,6,7,9,11,14,15,18,20,24,26,30,31,32,34,39,41,42,44,45,46,53,56,58,61,66,68,70,71,78,79,80,81,84,85,90,91,93,95,97,98,105,107,108,110,111,112,116,118,119,127,129,130,132,134,139,140,12,89,17,40,64,76,99,49,102,109,29,77,54,94,52,92,23,55,69,113,28,120,82,10,136,104,43,101,48,100,47,
3to 6:3,4,9,10,11,15,16,20,24,30,33,36,39,41,42,43,46,47,52,56,57,58,60,62,69,72,79,80,82,91,93,96,98,99,100,101,103,104,105,108,111,112,119,122,123,124,131,138,140,23,31,12,73,55,40,114,49,64,94,121,120,7,115,87,136,89,107,102,8,53,86,113,45,32,78,81,126,6,48,5,19,17,
3to 7:1,3,4,7,9,10,14,16,20,23,24,28,31,33,41,43,47,52,53,55,57,58,61,66,67,70,71,76,79,81,85,88,91,92,93,97,102,105,108,110,111,116,119,122,123,126,130,131,132,134,135,136,138,37,64,32,26,29,49,127,15,73,121,59,69,100,46,34,48,104,112,44,90,11,113,17,
3to 8:1,2,4,5,6,9,14,17,18,19,20,25,26,27,30,33,41,46,52,53,56,58,60,61,71,73,79,80,82,83,85,91,92,96,97,100,101,102,104,105,107,108,110,111,113,116,118,119,121,122,126,128,130,132,135,139,50,24,99,67,45,87,35,136,31,140,7,120,76,64,131,28,125,69,94,90,86,47,44,16,37,23,81,127,43,34,138,55,32,11,59,78,
3to 9:3,4,9,14,16,18,20,23,25,28,32,33,36,43,44,47,52,53,58,60,66,71,74,79,80,82,85,88,93,95,97,98,101,103,104,105,107,108,111,116,117,118,126,129,130,138,8,40,140,11,45,123,76,87,56,12,54,113,86,134,102,46,99,55,115,136,5,59,131,110,100,10,17,
3to 10:2,5,6,9,11,14,20,25,27,28,30,32,33,37,41,42,43,44,46,47,56,57,58,60,61,66,67,70,71,72,77,78,79,80,88,91,93,96,97,98,101,108,112,116,117,119,120,122,124,126,128,130,133,135,138,139,87,134,49,55,109,64,7,16,26,15,12,100,50,73,40,10,23,17,52,102,140,19,136,48,105,131,24,
4to 1:1,6,11,12,15,16,20,24,25,27,28,29,32,34,36,38,40,41,42,45,46,47,48,50,51,52,53,56,57,59,62,65,70,72,75,77,80,82,83,85,90,94,97,100,105,109,110,112,113,114,115,117,118,119,121,122,123,124,126,129,131,132,135,136,22,89,63,67,44,54,73,55,125,17,31,14,106,30,19,107,101,33,10,91,66,3,78,60,
4to 2:1,3,11,12,15,16,17,18,19,21,23,24,25,33,34,37,38,40,41,43,44,45,47,50,53,55,56,57,59,60,62,65,70,71,75,77,79,81,82,85,89,93,94,97,98,99,100,105,107,108,112,113,115,116,122,123,129,130,135,91,86,102,22,96,31,137,131,84,30,106,101,9,28,127,138,66,52,20,48,74,6,5,92,32,121,
4to 3:3,4,5,6,7,15,17,19,24,27,32,34,37,41,46,47,48,56,57,60,62,64,65,66,68,71,72,75,77,79,80,81,84,88,90,91,94,97,107,108,111,112,113,118,120,121,126,127,130,132,136,138,140,89,101,67,74,54,69,43,124,12,114,26,73,129,33,20,131,31,92,70,102,10,82,100,52,55,
4to 4:
4to 5:4,10,15,17,18,23,24,27,29,34,37,38,39,40,41,42,44,46,48,51,52,56,59,61,62,66,68,70,72,75,77,80,82,85,91,92,93,94,97,98,99,100,105,107,108,109,111,112,113,115,118,122,123,124,126,127,130,134,135,136,67,74,106,81,84,12,69,138,86,129,14,30,65,54,19,3,89,79,96,9,64,6,132,5,43,101,102,60,55,28,90,121,
4to 6:3,6,7,9,11,12,13,15,16,19,23,24,25,26,31,32,33,34,36,38,41,45,47,48,53,55,56,57,59,60,65,68,72,75,78,79,80,82,85,91,93,98,99,100,102,106,107,108,113,114,115,118,121,122,123,126,129,130,133,135,136,137,138,139,30,132,67,69,39,14,105,58,73,116,81,101,2,112,66,111,52,89,92,17,
4to 7:4,5,7,10,11,16,18,24,25,28,29,31,32,34,38,41,45,46,47,48,50,51,52,53,55,57,59,61,62,68,69,71,72,73,79,83,84,85,88,90,93,98,104,105,112,113,120,121,122,123,126,134,135,64,12,60,30,82,81,92,129,131,22,127,89,58,107,124,44,100,19,132,138,2,91,66,20,101,70,33,17,
4to 8:1,3,4,6,7,15,17,18,23,24,25,31,32,34,38,41,43,45,47,48,49,50,51,52,53,54,55,57,59,62,65,66,68,70,71,72,77,80,83,86,88,89,91,96,97,98,99,106,107,113,114,118,122,123,126,127,129,130,131,133,135,136,137,5,121,58,138,102,12,101,81,79,27,60,73,124,64,112,33,74,44,69,19,9,120,108,85,105,30,90,132,82,78,
4to 9:3,4,5,9,11,15,18,20,24,25,32,36,38,41,46,47,52,53,55,56,59,70,72,73,75,80,81,83,85,88,90,91,93,98,99,100,102,108,109,111,112,113,117,118,122,124,126,128,129,131,135,89,19,54,66,33,58,74,44,6,69,14,96,105,106,138,101,48,28,60,121,
4to 10:2,6,7,11,14,15,16,17,18,23,24,25,32,38,40,41,42,44,45,49,50,52,55,56,57,60,61,62,68,69,71,75,77,79,80,83,86,88,93,98,99,102,105,108,109,112,113,114,115,117,119,120,121,122,123,124,126,128,129,130,132,135,136,139,22,58,92,27,20,73,101,67,33,90,8,96,10,131,48,31,3,138,100,81,78,19,66,28,70,5,64,107,30,59,
5to 1:1,2,5,6,8,10,11,13,14,15,17,22,24,28,29,30,31,32,34,39,40,41,46,47,48,50,51,57,59,60,68,69,70,74,76,77,78,79,85,86,90,91,97,100,102,105,106,109,110,112,113,118,123,124,126,127,129,130,138,140,52,84,54,9,95,131,136,67,72,119,81,20,65,134,21,37,3,53,89,132,121,43,92,111,18,
5to 2:4,5,6,9,11,13,15,17,23,28,30,34,40,41,42,43,44,46,47,48,50,56,57,59,61,64,65,68,69,71,76,77,84,89,91,92,98,100,102,105,106,108,109,110,111,113,116,119,122,123,127,129,130,133,138,140,1,39,95,12,134,115,49,107,97,3,24,37,2,82,121,53,126,70,131,81,52,18,101,
5to 3:1,3,4,6,7,9,10,12,14,15,17,22,23,24,26,28,30,33,34,35,42,44,45,46,55,56,57,58,61,64,66,71,76,77,79,81,90,91,92,93,94,100,102,105,106,107,110,111,113,116,121,123,124,126,127,130,131,138,140,95,82,101,37,49,67,87,134,104,53,52,136,39,47,70,43,59,
5to 4:2,4,5,6,9,11,13,14,15,18,19,23,24,26,27,28,31,33,37,40,41,43,44,48,50,52,54,56,57,58,60,61,66,68,69,78,79,81,85,90,92,93,94,97,98,100,101,102,104,105,106,108,109,111,113,116,121,124,126,128,135,137,138,140,67,70,82,136,3,53,74,89,39,65,134,133,132,59,131,47,91,
5to 5:
5to 6:2,5,6,7,11,15,17,18,19,23,28,30,31,32,40,42,43,46,49,53,55,58,59,60,61,62,66,68,70,71,77,78,79,82,85,89,90,93,94,96,102,104,105,106,108,109,110,111,113,115,116,122,123,124,129,130,134,136,138,139,101,24,81,20,87,52,126,72,107,65,121,74,47,92,133,119,91,
5to 7:2,6,8,9,11,12,16,17,23,24,26,30,31,33,34,41,45,46,48,57,58,59,60,61,64,66,68,69,74,76,77,78,79,82,85,90,92,93,94,96,98,99,100,101,102,105,106,107,109,110,111,112,113,116,126,129,130,133,138,140,134,104,89,72,121,97,18,67,20,37,81,14,47,39,136,1,70,3,28,91,
5to 8:1,4,5,9,11,12,15,17,18,19,23,26,27,28,31,34,39,40,41,42,43,44,45,46,47,49,50,53,54,57,58,60,61,64,65,66,68,69,71,77,79,81,82,83,89,90,91,92,93,98,99,100,102,105,106,107,108,110,111,113,116,118,120,121,126,127,128,129,130,135,136,137,138,119,67,115,72,104,97,13,30,14,37,133,24,2,131,70,
5to 9:5,6,11,13,14,15,23,30,40,41,46,49,52,54,55,58,60,64,66,68,70,71,75,76,77,79,81,86,89,90,91,93,94,96,97,100,102,105,106,107,108,109,110,111,113,116,118,122,123,128,129,130,138,139,140,74,95,37,65,3,85,1,104,19,82,9,2,20,28,18,24,47,92,126,
5to 10:2,3,5,7,10,11,13,14,16,17,23,24,27,28,29,33,38,40,41,42,43,44,45,46,47,48,50,55,57,58,59,60,64,66,69,71,74,76,77,79,81,85,89,90,91,93,94,96,97,98,99,100,102,105,106,108,109,110,111,113,115,116,123,124,128,129,130,132,133,134,138,139,140,21,61,84,67,65,9,19,39,18,104,92,119,30,136,121,126,82,52,70,
6to 1:2,3,6,8,9,10,13,15,16,17,18,21,22,25,28,29,32,33,34,38,39,43,44,47,48,49,53,55,56,57,59,60,65,66,67,69,73,74,75,81,82,85,88,89,92,94,97,99,102,104,105,106,110,115,118,119,120,121,122,123,124,126,131,134,135,40,52,11,19,91,72,42,112,45,31,114,23,20,30,58,77,24,41,96,78,62,138,140,46,
6to 2:1,2,3,4,6,9,12,13,18,24,28,32,33,34,39,42,44,46,47,48,49,51,53,55,56,57,59,61,62,63,64,65,69,70,71,74,82,86,87,88,89,90,96,98,99,100,101,102,104,105,108,110,113,114,115,116,119,121,122,123,124,127,129,130,131,133,134,135,137,138,139,79,81,58,66,30,112,140,40,23,17,31,41,19,16,20,92,45,91,107,77,52,11,
6to 3:1,3,4,9,12,16,18,20,23,24,28,32,33,34,38,39,41,42,44,47,48,53,55,56,57,58,59,61,64,65,66,67,72,73,74,75,80,82,85,87,88,90,93,94,99,100,101,102,104,108,110,111,112,113,114,115,120,122,126,129,130,134,139,79,69,7,31,62,140,46,11,107,77,5,81,30,17,52,91,78,
6to 4:1,2,3,4,7,10,13,14,15,16,18,20,23,24,27,32,33,34,38,41,44,47,48,49,52,53,57,59,60,61,65,66,67,73,75,78,79,85,86,87,88,89,91,92,93,96,97,98,100,102,104,105,106,108,111,113,115,120,121,122,123,125,127,130,132,133,136,137,140,5,30,42,62,72,99,114,69,55,81,107,17,129,124,31,101,135,112,138,77,46,11,
6to 5:2,3,4,8,9,10,15,16,18,19,22,23,32,39,43,47,48,55,57,59,61,64,69,71,81,82,85,89,90,91,92,93,96,98,100,101,102,104,105,106,108,110,112,113,115,116,119,120,121,123,124,126,130,131,132,133,140,111,72,87,77,107,70,14,42,79,40,46,1,58,66,31,41,99,30,52,11,78,
6to 6:
6to 7:2,3,8,9,10,11,12,18,19,20,25,28,29,32,33,34,38,41,46,47,48,53,56,58,59,67,81,82,88,89,90,91,93,94,96,98,99,100,105,108,110,116,119,120,121,123,124,126,127,129,130,131,133,135,136,138,79,7,104,23,70,140,45,30,13,55,17,61,16,24,31,62,112,101,92,66,52,64,107,78,
6to 8:2,9,12,14,15,16,17,23,24,28,33,34,38,44,46,49,52,53,57,58,60,63,64,65,66,67,69,70,71,73,74,78,79,81,82,83,86,87,88,89,91,96,98,99,100,102,104,106,108,110,112,113,115,116,118,119,120,121,122,123,126,128,129,130,131,136,138,45,61,62,7,72,92,101,19,11,77,107,41,111,30,135,
6to 9:1,2,3,4,8,9,16,18,20,25,28,32,33,34,39,45,46,47,48,49,52,53,56,59,60,62,63,64,72,74,80,85,86,88,89,94,96,97,98,102,104,105,106,108,110,115,118,121,122,123,126,129,130,135,138,139,140,19,114,99,101,124,87,81,111,78,23,58,66,75,13,24,70,91,5,55,79,107,
6to 10:2,3,7,9,11,13,15,17,18,21,25,28,31,32,33,38,46,47,48,52,53,56,57,58,59,60,64,66,67,71,73,74,79,80,81,85,86,87,89,91,94,96,97,98,100,103,105,113,115,116,117,119,120,122,123,126,128,130,131,133,42,19,140,16,101,41,62,109,107,40,99,23,45,112,78,61,20,70,92,
7to 1:8,9,16,17,23,24,28,31,33,34,43,46,47,48,52,53,55,57,59,60,61,66,70,71,73,74,77,78,79,88,89,90,92,95,96,97,100,102,103,105,107,110,112,123,129,130,131,132,135,136,140,64,91,58,26,5,117,67,127,83,138,118,2,85,119,120,20,18,22,42,133,124,10,104,44,38,121,3,11,6,113,
7to 2:1,3,8,16,21,23,24,31,34,38,43,46,48,49,51,55,56,57,62,63,64,66,70,77,81,84,87,89,90,91,92,97,98,99,101,104,105,106,108,110,111,112,113,119,121,130,138,118,133,35,67,123,4,127,71,102,13,15,80,131,26,2,47,5,6,32,10,129,135,18,28,82,53,33,20,100,60,107,11,
7to 3:7,16,18,23,24,25,28,30,31,32,43,45,46,47,48,53,55,56,57,60,61,66,71,77,79,88,91,92,93,97,100,101,102,104,105,107,108,110,111,112,116,126,129,135,136,35,4,17,90,83,58,124,59,41,127,68,103,44,20,33,70,75,6,29,133,113,52,121,
7to 4:3,7,11,12,18,19,23,24,25,27,30,31,32,33,34,37,41,42,43,46,48,52,55,57,59,60,66,68,69,70,71,73,77,78,79,81,89,91,92,93,96,97,98,99,100,101,106,108,111,121,122,123,126,127,129,132,133,134,135,136,137,138,20,104,10,118,4,29,14,38,124,112,17,107,90,6,28,85,2,
7to 5:1,2,7,9,11,12,14,16,17,18,20,23,24,28,30,34,37,42,44,46,47,53,55,60,61,66,70,76,77,79,81,84,89,90,92,93,95,98,100,101,105,108,110,112,113,119,124,126,130,134,136,138,140,67,107,118,104,21,68,83,106,29,52,26,129,102,131,5,127,133,38,123,41,91,132,64,59,32,121,
7to 6:1,3,7,10,11,12,14,16,17,19,20,23,24,31,32,33,34,38,39,44,46,48,49,52,57,59,60,61,62,63,66,73,78,79,81,85,87,88,89,91,92,93,98,100,105,106,108,110,111,119,121,123,126,129,131,139,140,5,124,4,112,29,15,83,67,22,127,58,104,70,69,41,75,26,21,96,18,133,47,135,102,82,9,64,107,53,90,138,113,
7to 7:
7to 8:3,4,9,19,23,24,25,30,31,34,37,41,44,46,49,55,57,58,61,64,66,70,71,73,76,77,87,88,90,92,96,99,100,101,105,107,108,110,113,119,126,129,132,133,137,138,103,10,102,2,38,67,15,28,135,82,127,121,29,35,33,14,22,131,118,13,104,79,53,47,5,85,111,91,130,17,
7to 9:3,4,10,12,16,23,25,34,38,41,43,44,46,47,48,49,53,56,60,61,64,66,71,74,76,77,79,87,88,89,91,92,95,97,99,100,101,105,108,110,111,112,126,130,131,135,138,104,118,140,35,117,82,113,9,96,32,59,15,70,103,58,102,129,11,28,133,52,90,20,18,5,2,107,121,
7to 10:2,3,8,9,11,12,14,16,17,19,23,24,28,30,31,37,42,43,46,47,48,52,53,56,57,59,60,61,63,64,66,70,73,74,79,81,85,87,88,92,97,99,100,101,104,105,109,111,112,122,123,126,129,132,136,138,139,140,68,119,38,10,124,15,71,33,103,58,83,69,118,117,29,131,135,26,133,127,120,20,18,5,90,41,113,91,
8to 1:1,2,3,5,9,11,12,14,16,17,20,22,23,28,29,34,35,37,38,41,43,44,45,46,48,49,52,55,57,58,59,66,67,69,70,71,74,77,78,79,80,81,82,83,89,90,91,92,96,97,99,101,103,104,105,113,117,118,119,122,123,126,127,128,129,131,132,138,140,25,136,76,72,13,6,112,135,47,60,120,106,102,110,10,100,85,121,32,
8to 2:1,2,3,5,10,16,18,20,23,24,25,28,30,31,34,37,40,41,44,45,46,48,55,59,61,62,63,64,66,67,69,71,74,80,81,82,88,92,97,99,104,106,107,110,111,113,115,116,122,123,126,127,131,132,138,140,83,135,76,101,93,15,50,102,38,53,137,35,43,121,120,11,112,57,77,119,108,79,60,32,105,130,91,47,17,
8to 3:3,4,7,10,11,24,26,27,28,30,33,34,37,38,40,41,44,45,46,47,49,52,55,56,57,58,59,61,66,70,71,74,77,82,83,91,92,97,99,101,103,107,108,110,111,113,114,115,118,120,122,123,125,126,127,128,129,130,131,135,138,140,53,72,116,79,15,32,6,112,9,136,43,2,102,17,85,60,64,100,
8to 4:2,3,4,5,7,11,12,17,19,23,24,25,27,28,30,31,32,34,37,38,44,46,49,55,61,62,67,69,71,73,78,81,88,90,93,99,104,106,108,110,113,114,118,122,123,126,129,130,131,132,135,35,41,50,102,15,43,98,137,63,77,79,60,101,91,66,85,96,9,47,57,53,136,10,100,112,111,121,
8to 5:5,6,7,9,12,14,15,17,19,21,22,28,29,30,34,35,37,44,45,46,52,55,57,59,64,65,69,71,74,77,79,80,81,82,83,87,89,90,91,92,96,97,100,101,104,106,108,110,111,112,113,115,116,118,119,123,127,129,130,131,132,54,135,2,93,99,136,41,102,24,121,13,20,66,39,61,43,10,60,
8to 6:3,5,7,9,12,14,16,17,18,19,20,21,23,24,25,26,27,28,30,31,32,34,38,41,42,44,46,47,48,58,59,61,63,66,70,72,73,75,78,79,80,81,82,83,89,90,96,101,102,103,104,105,106,107,110,113,114,115,118,121,122,123,126,127,128,129,130,131,132,136,137,138,140,11,112,15,35,99,111,93,124,85,62,135,119,13,57,77,108,2,91,100,
8to 7:1,3,4,5,7,9,11,13,14,16,18,23,27,28,29,30,31,34,37,41,44,45,46,47,48,53,59,60,64,66,71,72,73,88,90,91,92,96,97,99,100,102,104,106,111,112,113,116,118,119,123,126,129,130,131,132,140,20,135,35,93,105,38,83,50,94,22,2,25,77,57,69,136,17,61,10,110,101,138,121,85,
8to 8:
8to 9:1,2,3,4,5,10,12,14,18,19,23,28,33,38,40,41,44,47,49,52,53,56,59,66,70,71,74,78,80,82,87,88,89,90,91,97,99,101,103,104,108,110,111,113,117,120,122,126,129,130,131,132,138,25,72,36,15,6,135,54,34,76,93,106,13,105,94,62,9,92,64,43,20,100,11,60,32,
8to 10:1,3,5,6,9,11,12,14,16,17,18,19,23,28,37,38,40,41,42,44,45,48,49,50,52,53,57,59,63,64,66,71,73,80,81,83,90,91,96,101,103,105,108,110,113,115,116,117,119,120,122,126,129,130,131,132,138,140,77,111,86,69,36,61,124,136,94,25,76,93,24,128,65,20,43,2,99,10,30,33,60,
9to 1:1,2,6,10,13,16,17,20,22,23,25,28,32,34,35,36,40,43,44,46,49,50,51,52,53,58,65,69,73,74,76,80,81,82,83,85,88,89,90,91,94,97,99,102,103,104,109,111,115,117,118,120,126,131,132,133,135,136,138,127,41,123,122,8,56,72,21,100,110,9,59,66,47,38,14,106,70,62,140,11,60,108,24,3,55,18,48,
9to 2:1,4,5,6,9,10,11,12,13,16,18,20,21,22,23,25,31,32,33,34,35,36,39,40,45,50,52,53,59,65,66,69,74,76,80,82,85,88,89,91,96,97,98,99,101,104,105,106,109,111,115,118,121,122,126,130,138,108,116,100,44,62,56,70,140,43,86,41,3,113,55,90,48,46,131,110,112,60,92,47,
9to 3:4,9,10,11,17,19,20,23,31,33,36,46,47,48,52,53,55,58,59,60,61,66,71,74,76,79,80,83,85,87,88,94,100,102,103,105,106,107,111,116,118,121,122,124,126,135,34,138,108,24,95,86,18,45,97,28,99,14,93,110,112,104,5,117,43,78,44,140,56,30,3,41,32,6,131,113,90,70,
9to 4:2,3,4,5,6,9,11,13,20,24,25,28,31,32,33,34,36,43,47,49,50,54,58,59,61,62,63,65,68,69,70,71,76,80,81,86,88,89,91,96,98,101,105,111,116,118,120,121,126,129,135,136,137,139,90,37,56,72,44,15,66,21,102,38,27,123,48,93,104,41,132,122,108,30,55,18,106,138,113,85,60,
9to 5:2,8,11,23,24,32,35,40,41,44,46,52,54,58,61,65,69,74,79,81,82,83,85,87,89,91,92,99,102,104,107,109,111,118,120,121,130,132,138,139,37,95,18,14,97,15,39,56,6,105,131,116,93,70,9,110,115,140,123,108,134,66,112,62,106,59,55,100,5,48,47,28,126,113,
9to 6:8,11,13,15,16,17,20,23,28,33,34,36,38,39,44,47,52,53,55,58,61,65,73,79,81,83,85,87,88,89,103,105,107,111,113,115,116,120,124,126,130,131,136,122,127,56,72,21,104,77,108,140,1,24,59,3,93,92,9,99,86,66,138,18,78,46,110,19,32,41,48,70,
9to 7:2,3,6,9,11,13,16,17,20,22,28,32,34,35,43,44,47,53,55,56,58,64,68,70,71,79,81,88,89,91,92,96,98,99,100,101,104,105,107,108,113,118,121,124,126,129,131,132,135,136,138,139,123,95,66,21,112,75,122,8,5,38,59,60,116,93,106,1,85,111,90,110,46,24,18,48,130,10,
9to 8:1,2,3,4,5,14,16,19,23,25,32,33,34,35,38,41,47,48,50,53,55,58,60,61,66,69,70,71,73,86,88,89,91,97,99,101,103,107,108,111,118,120,124,126,131,132,135,136,137,139,116,15,37,75,112,96,122,49,62,9,113,56,54,100,46,30,44,45,140,104,138,106,115,102,123,110,90,130,11,78,
9to 9:
9to 10:2,10,13,15,16,17,18,19,22,23,25,28,33,40,41,46,48,52,53,55,60,70,73,74,76,78,79,80,83,85,88,89,90,91,92,96,99,100,103,109,111,117,118,126,130,133,135,136,139,20,24,97,105,72,49,9,56,113,86,116,122,14,110,38,43,37,115,5,6,64,108,106,3,66,112,32,47,
10to 1:3,5,9,10,11,17,18,23,28,32,33,36,37,38,40,42,47,48,50,53,56,57,60,65,66,67,71,72,73,74,77,78,80,83,85,89,91,96,100,102,104,105,106,107,110,113,117,118,119,120,123,126,127,130,132,133,134,136,138,140,15,109,124,61,2,97,58,49,115,44,43,59,103,51,52,68,79,8,19,129,16,99,131,20,92,41,
10to 2:2,3,5,9,11,12,15,16,23,25,26,31,36,37,42,43,47,48,50,52,56,57,60,64,65,66,67,71,80,81,82,85,86,87,91,92,100,106,107,110,112,113,115,116,121,126,127,129,131,132,134,68,135,10,77,49,97,63,139,98,40,38,90,133,24,8,103,18,41,109,59,33,130,101,119,117,120,124,122,62,19,111,99,30,53,44,70,105,17,
10to 3:7,9,11,18,23,28,32,36,37,38,41,43,44,45,46,53,56,58,59,60,64,67,69,70,71,76,80,81,82,83,86,90,93,99,102,110,112,114,116,117,118,129,134,136,6,8,84,24,78,139,111,97,42,27,126,135,50,30,49,131,105,120,20,88,113,26,19,91,52,77,17,140,119,61,100,33,3,48,16,10,92,55,
10to 4:5,7,9,11,13,14,15,16,17,18,25,26,28,36,38,40,43,48,53,56,57,66,71,72,73,76,80,81,86,88,90,91,93,96,97,99,102,106,107,108,112,113,114,115,116,118,122,123,125,127,128,130,132,133,136,139,59,129,68,77,105,33,62,65,124,78,64,135,70,27,52,37,101,84,98,50,109,41,111,39,69,126,140,30,55,3,19,24,100,
10to 5:3,5,9,11,14,15,16,17,23,26,31,38,40,41,46,47,48,56,57,60,64,66,67,70,71,72,74,77,78,81,82,83,85,87,89,90,93,96,98,99,101,110,112,113,115,116,118,122,123,128,130,133,139,43,91,61,58,68,109,20,84,2,18,50,33,42,52,37,97,100,8,59,19,80,79,134,30,126,24,105,140,92,111,
10to 6:5,7,9,10,11,13,16,17,18,19,23,24,28,39,40,46,47,55,56,57,58,63,64,65,66,67,70,81,83,85,86,87,89,90,93,98,104,105,106,107,108,110,112,113,114,116,118,130,131,132,133,138,139,140,42,15,27,69,119,122,124,62,20,103,33,115,80,96,78,49,135,120,6,3,129,99,2,30,59,111,61,92,41,48,126,91,
10to 7:5,7,9,13,14,16,17,18,23,26,28,31,32,33,44,46,47,50,52,53,55,56,60,67,70,78,85,88,90,93,96,101,104,105,106,107,111,112,113,123,126,127,130,131,132,136,139,135,79,109,69,133,27,99,24,57,58,98,140,129,19,92,37,124,41,1,8,119,64,30,61,3,59,10,43,100,91,
10to 8:2,3,5,7,9,11,13,14,16,22,23,24,25,26,38,40,42,44,46,47,50,52,53,56,60,64,66,67,72,78,86,87,89,90,91,96,100,104,108,110,112,113,116,119,122,123,127,129,130,132,133,136,138,63,8,83,61,80,19,49,111,101,92,10,115,37,41,88,97,15,58,39,128,79,77,59,126,99,48,105,20,131,43,18,17,
10to 9:3,9,11,13,14,15,17,23,25,28,36,40,43,44,46,53,55,56,60,64,66,70,71,74,75,76,77,81,85,86,87,88,92,96,98,99,101,102,104,108,113,116,123,128,129,131,132,48,122,63,95,115,49,24,30,41,109,58,111,103,130,39,8,84,97,139,80,21,16,33,78,120,61,37,91,52,59,19,126,2,10,18,
10to 10:

cell1:2,6,4,10,8,3,9,7,5,
cell2:4,9,7,3,5,6,8,10,1,
cell3:6,4,7,10,2,5,8,9,1,
cell4:3,8,2,7,6,5,10,9,1,
cell5:4,3,10,1,2,6,7,8,9,
cell6:1,2,5,10,7,3,4,9,8,
cell7:10,2,9,1,4,8,6,5,3,
cell8:2,10,9,5,3,6,4,1,7,
cell9:10,3,5,6,7,4,8,1,2,
cell10:1,2,6,9,4,5,3,8,7,
