machine1:0,92,10,16,19,135,138,6,105,46,110,78,17,91,47,52,20,24,112,66,65,55,95,96,14,60,82,33,41,13,63,84,3,28,62,90,77,59,108,106,8,56,64,5,9,126,38,85,18,88,1,140,97,122,57,119,49,44,67,31,103,75,54,42,89,133,74,34,76,25,109,
machine2:0,10,121,113,130,11,115,43,70,138,6,105,46,2,110,91,32,47,52,20,24,112,66,58,53,131,120,55,101,30,96,48,14,100,124,41,79,84,77,59,71,123,106,56,29,9,38,85,117,22,88,1,97,122,57,129,119,49,21,67,31,103,127,104,99,133,12,74,73,34,80,132,45,72,118,114,83,35,4,
machine3:0,92,10,113,130,16,115,107,43,70,135,6,2,110,17,32,47,52,20,66,53,131,55,96,48,60,100,124,33,23,63,59,136,123,106,8,56,126,38,85,18,22,140,97,57,119,125,44,103,127,99,133,80,132,72,118,68,94,
machine4:0,111,10,37,121,113,11,115,19,138,6,105,46,2,78,17,91,47,52,39,65,58,53,101,30,14,128,60,102,26,13,3,28,62,90,77,59,71,136,123,8,139,29,126,81,117,22,88,1,122,57,44,21,67,75,104,40,42,89,73,34,80,15,134,51,25,109,36,94,
machine5:0,92,10,121,130,11,16,107,43,138,46,2,78,17,91,32,47,52,39,20,24,112,66,58,131,120,55,95,69,61,48,60,82,100,102,41,23,79,13,3,28,8,56,9,38,85,18,140,97,122,129,86,49,125,44,98,31,103,127,104,54,40,89,133,76,132,134,45,51,25,50,72,114,109,83,27,68,
machine6:0,92,10,37,121,11,16,107,43,135,138,6,105,46,91,47,52,20,24,53,120,101,61,96,48,60,82,100,13,63,28,62,77,59,71,108,106,56,5,85,1,119,21,137,67,31,103,127,40,99,89,12,132,45,25,50,83,35,94,4,
machine7:0,92,121,11,16,107,43,70,135,6,105,46,2,17,91,32,47,52,20,24,112,53,131,120,101,30,96,102,41,23,79,84,3,90,71,123,106,8,139,5,9,85,81,18,22,97,122,129,119,49,125,44,116,137,127,99,133,34,76,80,93,15,35,68,4,
machine8:0,111,121,113,130,11,115,107,135,138,2,110,78,91,39,66,58,53,55,101,69,30,48,102,41,23,26,13,84,3,28,62,108,106,56,29,64,38,117,18,140,125,116,137,127,40,42,89,74,34,80,93,15,132,45,25,50,109,83,94,
machine9:0,10,37,121,16,115,107,19,43,70,138,105,78,17,47,52,24,131,101,61,96,60,82,33,102,41,23,28,90,77,71,123,108,106,8,56,87,5,126,38,18,1,57,129,86,44,98,103,127,104,42,74,132,45,109,
machine10:0,111,92,10,121,130,11,107,19,43,70,6,110,32,47,52,39,112,65,53,131,55,82,100,124,33,79,77,59,71,136,123,108,9,81,18,88,140,97,122,57,129,86,44,21,67,31,127,40,34,25,50,118,
machine11:0,111,10,37,121,113,130,11,16,115,107,19,43,70,138,46,2,17,91,32,20,112,53,131,120,55,95,101,30,48,60,100,33,102,41,26,28,62,90,59,71,8,139,56,87,64,126,38,81,88,57,86,21,98,31,75,40,99,89,133,74,80,134,45,51,114,109,83,36,
machine12:0,111,92,113,11,16,115,107,19,43,70,135,138,6,46,78,17,32,47,20,24,112,58,53,120,55,95,101,69,30,96,128,60,100,33,41,79,26,28,62,90,59,108,29,5,9,126,117,18,88,1,140,129,49,125,44,116,98,31,103,127,104,42,73,76,80,15,132,134,45,27,7,36,68,4,
machine13:0,111,92,10,121,113,130,11,16,115,107,6,46,110,17,91,32,47,52,39,20,24,112,53,120,55,101,69,61,30,14,60,82,100,102,41,23,26,84,3,62,90,77,71,136,56,87,64,5,9,126,38,85,117,140,97,129,86,116,127,75,104,54,40,12,34,76,15,134,45,50,114,94,4,
machine14:0,92,10,37,121,113,11,107,19,70,6,105,110,78,17,91,47,52,39,20,24,112,66,58,53,131,120,95,69,61,30,48,82,100,33,102,23,79,3,71,136,123,108,106,8,56,87,9,126,81,18,97,119,86,49,44,21,67,31,54,40,42,99,89,133,74,76,80,45,25,72,118,27,7,4,
machine15:0,111,92,10,37,121,113,130,11,107,43,135,138,6,105,46,2,110,91,32,47,52,39,112,65,58,53,131,55,95,101,61,48,128,60,82,100,124,33,41,23,79,26,63,84,3,28,90,77,71,108,8,139,56,29,64,5,9,126,85,81,18,22,88,140,122,57,129,125,44,116,31,104,42,99,74,73,80,93,132,134,45,51,118,114,109,83,35,94,4,
machine16:0,111,92,10,121,113,11,16,107,19,43,135,6,105,2,78,17,91,47,52,20,24,112,66,65,58,131,55,101,69,61,96,48,14,128,60,82,100,124,33,102,41,23,79,26,13,63,3,28,62,59,136,123,108,106,8,87,5,9,126,81,117,88,122,129,86,49,125,44,67,98,31,75,54,40,42,99,89,12,73,34,76,80,93,132,134,45,25,50,72,114,109,83,35,7,68,4,
machine17:0,111,92,37,121,113,130,115,107,19,43,70,6,105,46,2,110,78,91,32,47,52,39,24,112,66,53,131,120,55,101,30,96,48,60,100,124,33,102,41,23,79,26,13,3,28,90,77,59,71,136,123,108,106,56,29,64,5,9,126,38,85,81,18,1,140,97,122,57,129,119,86,125,44,98,31,127,75,104,54,42,89,12,34,80,93,132,51,50,72,118,109,27,7,94,4,
machine18:0,111,10,121,113,130,11,115,19,43,70,135,138,6,46,2,78,17,91,32,52,39,20,24,112,66,65,53,131,55,101,69,30,96,48,128,60,82,100,41,84,28,62,90,77,59,136,123,108,106,139,56,64,9,126,38,85,81,117,18,22,88,57,129,86,44,21,116,137,98,127,75,54,42,99,133,74,73,34,80,15,134,45,51,25,50,114,109,27,36,68,94,4,
machine19:0,111,92,10,37,121,113,130,11,115,107,43,70,138,6,46,2,110,17,91,47,52,39,20,24,112,58,131,101,69,30,14,128,60,82,100,124,33,102,23,79,26,28,90,77,59,71,136,123,106,29,5,9,126,85,81,18,1,140,97,122,57,129,119,49,44,116,137,127,75,54,42,89,133,12,74,34,80,93,15,132,134,51,50,118,109,83,35,68,94,
machine20:0,111,92,37,121,113,115,107,19,43,70,135,138,105,46,2,110,78,17,91,32,47,52,39,20,24,66,65,120,55,95,61,30,48,14,60,82,100,124,102,41,23,79,84,3,62,90,59,71,136,123,108,106,8,139,56,64,5,9,81,18,97,57,129,49,44,21,116,67,98,31,104,54,40,99,89,133,74,34,76,93,15,132,109,27,68,94,4,
machine21:0,111,92,10,121,113,130,11,16,115,107,19,43,70,138,6,105,46,2,110,78,17,91,32,47,52,24,112,66,65,58,53,131,55,101,69,61,30,96,48,14,60,82,100,33,102,41,23,79,26,13,84,28,77,59,71,123,108,106,8,139,87,29,64,9,38,85,81,18,22,1,140,57,129,119,86,116,98,127,104,54,40,42,99,89,133,12,93,132,45,50,72,118,109,27,7,
machine22:0,111,92,121,113,130,11,16,115,107,19,70,135,138,6,105,46,2,78,17,91,32,47,52,39,20,24,112,66,65,58,53,120,55,101,69,61,30,96,48,128,82,100,124,33,102,41,23,79,13,3,62,90,77,59,71,136,123,108,56,87,29,64,5,9,126,38,85,81,18,1,140,97,122,57,129,119,86,49,137,98,31,103,127,75,104,42,99,89,133,12,34,80,132,134,25,118,114,109,27,68,
machine23:0,111,92,10,121,130,11,115,107,70,135,138,6,105,46,110,78,17,32,47,52,20,112,58,53,131,101,69,30,48,14,128,60,82,100,124,33,102,41,23,26,13,3,28,59,123,8,139,56,87,64,5,9,126,81,18,22,88,1,140,122,57,129,44,21,116,137,67,98,75,104,40,42,99,89,133,12,74,73,34,93,15,132,45,51,25,72,27,7,36,94,
machine24:0,111,92,121,113,130,16,115,107,19,43,135,138,105,46,110,78,17,91,32,47,52,39,20,24,112,66,58,53,120,55,101,69,61,96,48,14,60,82,100,124,102,41,23,79,63,3,28,62,90,77,59,136,108,106,8,29,64,5,9,126,38,81,117,18,88,140,119,86,49,125,44,21,116,67,31,127,75,104,40,99,89,133,74,73,34,93,15,72,114,83,35,7,94,4,
machine25:0,111,10,121,11,107,19,43,70,135,138,6,46,2,110,78,91,32,47,52,39,20,24,112,66,58,53,131,55,101,69,61,96,48,14,60,82,100,124,33,102,41,79,26,63,28,62,90,77,59,71,123,108,106,8,64,126,85,81,117,18,88,1,97,57,129,119,44,98,31,127,75,104,99,89,133,34,76,132,134,109,83,27,35,68,4,
machine26:0,111,92,10,37,121,113,130,16,107,19,70,135,105,46,2,110,17,91,32,47,52,20,24,112,66,53,131,95,101,69,61,30,48,60,100,124,102,41,23,13,3,28,90,77,59,71,136,123,108,56,87,29,64,5,9,126,38,85,81,18,22,88,1,140,97,57,129,119,44,21,137,31,127,104,42,99,89,133,12,73,34,93,132,134,45,51,25,118,109,83,27,35,7,4,
machine27:0,111,92,10,37,121,113,130,11,107,19,43,70,138,105,46,2,110,78,17,91,32,47,52,20,24,112,66,58,131,120,55,101,30,96,14,60,82,100,124,102,41,23,79,26,13,63,84,3,28,62,90,77,71,136,123,106,8,139,56,29,64,5,126,81,18,22,88,140,97,122,57,129,119,49,44,21,116,67,31,103,75,104,42,74,73,34,80,93,15,132,51,50,72,118,7,68,94,4,
machine28:0,111,92,10,37,121,113,130,11,16,115,107,19,43,70,135,138,6,105,46,2,110,78,17,91,32,47,39,20,24,112,66,65,58,53,131,120,101,69,61,30,96,48,128,60,82,100,33,102,41,79,13,63,3,28,62,90,77,59,71,136,123,108,106,29,64,5,9,126,38,85,81,117,18,22,88,1,140,97,57,129,119,86,49,44,21,116,137,67,98,31,103,127,75,104,54,40,42,99,89,133,12,74,73,34,76,80,93,15,132,45,25,50,72,118,114,83,27,35,7,4,
machine29:0,111,92,10,37,121,113,130,11,16,115,107,19,43,70,135,138,6,105,46,2,110,78,17,91,32,47,52,39,20,24,112,66,65,58,131,55,101,69,61,30,96,48,14,60,82,124,33,102,41,23,79,26,13,63,28,62,90,77,59,71,136,123,108,106,8,139,56,87,64,5,126,38,81,22,88,1,140,97,122,57,129,119,86,49,125,44,137,67,103,127,104,99,89,12,74,73,34,80,93,15,132,45,51,25,72,118,7,36,68,94,4,
machine30:0,111,121,113,130,11,16,115,107,19,70,138,6,105,46,2,110,78,17,91,32,47,52,39,20,24,66,65,58,53,131,120,55,95,101,48,14,60,100,124,33,102,23,13,63,84,3,28,62,90,59,123,108,8,139,56,87,5,9,126,38,85,117,18,22,88,1,97,122,86,44,21,116,137,98,103,127,54,40,99,89,74,34,80,15,134,51,25,118,83,35,4,
machine31:0,111,92,10,37,121,113,130,11,16,107,19,43,70,135,138,105,46,2,110,78,91,32,47,52,39,20,24,112,66,58,53,131,120,55,101,61,30,96,48,14,60,82,100,124,102,41,79,13,63,28,62,90,59,71,136,108,106,139,56,64,5,9,126,38,85,81,18,88,1,140,97,122,129,86,49,21,137,31,75,104,99,89,12,74,73,76,80,93,15,132,45,25,50,72,118,109,35,36,68,
machine32:0,111,10,37,113,130,11,115,107,19,43,70,138,6,105,46,2,110,17,91,32,47,39,20,24,112,66,65,53,131,55,95,69,61,96,14,128,60,82,100,33,102,41,23,13,3,28,90,77,59,71,123,108,106,8,139,56,87,64,5,9,126,85,117,18,88,1,97,122,129,49,44,116,103,104,54,40,99,89,133,74,34,76,80,132,45,114,109,27,36,94,
machine33:0,111,92,10,37,113,130,11,16,115,107,19,43,70,135,105,2,110,78,17,91,32,52,39,20,24,112,66,65,58,53,131,120,55,95,101,69,61,30,96,48,14,128,60,100,124,33,102,41,23,79,26,63,84,3,28,62,90,77,59,71,136,123,108,106,8,139,56,87,64,5,9,126,38,85,81,117,18,88,1,140,97,122,57,129,119,86,49,125,44,116,137,98,103,127,75,104,40,42,99,89,133,12,74,73,80,93,15,132,134,45,50,118,114,109,83,7,94,
machine34:0,111,92,10,37,121,113,130,11,16,115,107,19,43,70,138,6,105,46,2,110,78,17,91,32,47,52,39,20,24,65,58,53,131,55,101,69,61,30,96,48,14,128,60,82,100,124,33,102,41,23,79,26,13,63,3,28,62,90,77,59,71,136,106,8,139,56,87,29,64,5,9,126,38,85,81,117,18,22,88,140,122,57,129,86,49,44,21,116,67,98,31,103,127,40,42,99,89,74,76,80,15,132,134,51,25,50,72,109,83,27,7,36,68,

1to 1:
1to 2:1,2,6,17,20,23,24,25,28,31,32,39,43,44,47,48,49,50,52,53,56,57,60,63,65,66,71,74,75,77,79,81,84,85,86,89,95,96,97,100,101,102,104,105,106,109,113,119,120,122,126,129,131,133,134,140,51,91,13,11,3,132,80,10,88,125,94,130,59,123,40,21,29,138,8,34,41,127,9,111,18,33,121,110,
1to 3:6,9,12,16,17,18,20,22,23,24,30,34,35,38,41,43,44,45,47,48,51,52,56,57,58,59,60,65,67,71,76,79,82,83,84,85,86,88,91,95,96,97,99,103,104,105,106,113,114,117,120,122,123,127,129,131,134,135,136,138,140,63,112,64,10,40,80,25,42,73,118,11,126,33,3,132,46,111,32,55,121,
1to 4:3,6,11,13,16,17,18,19,20,28,30,31,37,38,41,44,45,47,50,53,54,56,57,58,65,66,67,72,75,76,78,79,81,84,85,89,91,94,97,99,102,104,107,109,113,114,118,121,122,134,135,136,140,48,34,32,73,88,100,123,68,124,98,125,25,138,127,42,26,131,80,24,9,132,112,64,52,59,126,61,2,
1to 5:5,6,8,9,11,14,18,22,23,28,29,30,31,34,37,38,39,42,43,44,54,55,56,57,58,59,66,67,68,71,72,74,75,81,82,83,84,89,90,102,104,105,106,107,109,113,115,119,121,127,130,131,133,139,140,61,94,138,98,118,97,77,3,123,96,110,46,132,124,85,112,70,32,2,91,47,100,24,111,52,60,
1to 6:3,4,6,8,9,10,13,16,17,18,19,20,23,31,36,39,41,44,45,46,47,48,49,51,52,53,55,56,57,59,62,63,65,66,67,68,71,72,74,75,78,81,83,86,88,91,92,94,96,99,100,102,104,106,107,109,114,115,118,119,120,121,122,123,126,129,133,136,140,73,58,42,112,98,11,77,60,132,70,127,2,64,89,85,32,79,24,
1to 7:1,4,5,8,11,12,14,17,18,20,23,25,28,29,30,31,33,37,38,43,44,47,50,51,53,56,57,58,66,67,69,72,74,76,78,82,84,85,89,97,103,104,105,106,107,109,112,119,121,122,126,129,130,131,135,136,140,133,96,42,68,73,63,21,88,124,118,3,26,70,101,9,123,77,138,132,2,52,10,41,91,
1to 8:1,2,5,11,12,14,16,22,24,27,28,31,34,37,38,40,43,44,45,47,48,49,50,52,53,58,60,65,66,67,68,70,71,72,74,78,82,83,88,90,91,94,96,97,102,103,104,105,106,107,112,113,115,118,119,121,122,123,126,127,129,130,131,135,140,61,6,100,138,63,120,25,46,132,21,33,9,80,26,136,110,64,77,89,30,20,10,
1to 9:1,2,6,8,10,11,13,14,16,17,18,21,28,33,36,41,43,44,47,49,53,54,56,58,59,66,68,70,74,76,77,78,85,89,91,92,95,97,99,100,102,103,104,105,109,118,120,121,122,123,129,130,131,134,135,138,88,132,25,98,32,63,73,52,40,124,106,55,111,110,46,60,
1to 10:1,5,6,14,16,17,20,23,27,28,37,38,42,43,44,47,48,49,53,56,57,59,60,67,69,72,74,75,78,81,83,84,85,86,89,90,91,92,97,99,100,102,103,106,109,113,115,119,122,123,126,128,129,133,134,135,136,139,140,98,50,124,8,117,46,33,63,80,131,11,2,40,18,13,55,9,96,52,3,24,112,132,10,77,
2to 1:2,6,8,10,11,16,18,20,23,25,30,31,33,34,36,37,38,40,41,44,49,50,55,57,62,66,67,70,74,78,84,85,89,90,91,92,94,96,99,101,102,104,105,106,107,109,110,112,115,122,123,126,127,129,131,136,138,140,132,118,53,35,83,97,52,120,88,29,46,86,28,71,1,56,5,47,59,77,81,3,82,130,43,113,60,121,
2to 2:
2to 3:1,3,5,8,9,10,16,23,26,30,34,37,42,43,45,55,56,57,59,60,62,65,70,71,74,77,81,82,90,93,97,99,101,102,103,105,106,108,111,116,127,129,140,4,125,94,115,46,110,123,33,112,24,76,120,117,80,118,31,58,92,126,38,66,32,29,41,91,52,79,18,44,47,28,107,20,113,53,100,11,131,6,17,130,
2to 4:1,2,3,4,5,9,10,11,13,15,19,20,24,25,26,30,34,40,41,45,46,48,49,50,55,56,57,60,62,63,66,67,70,71,77,78,82,83,85,86,89,90,93,98,102,104,106,107,109,111,112,113,114,122,123,130,134,137,138,140,58,44,135,101,47,117,51,17,33,118,12,76,80,100,99,120,133,29,105,94,6,28,81,129,132,43,38,53,31,121,131,18,110,108,59,91,52,32,
2to 5:1,2,5,8,10,15,21,23,28,30,31,34,37,39,40,42,43,44,48,49,52,55,57,59,60,62,64,65,66,70,74,77,78,80,81,84,87,89,93,97,98,99,101,102,104,106,108,109,110,112,113,119,126,127,134,138,139,140,24,82,53,13,124,121,71,47,58,4,132,35,118,92,46,105,3,120,20,133,41,6,79,130,33,17,107,90,11,91,111,18,100,
2to 6:1,3,6,8,11,15,19,21,23,25,28,30,34,36,38,39,40,42,45,48,49,52,55,57,78,81,85,86,87,89,90,92,96,98,99,102,105,109,110,111,116,119,122,123,124,127,129,131,133,135,136,138,140,13,68,53,94,58,118,10,79,120,59,31,101,137,62,18,100,108,41,66,88,80,60,16,91,107,130,56,9,115,32,47,17,113,
2to 7:3,4,8,10,11,23,25,26,28,30,32,33,34,37,41,45,48,49,52,53,55,57,60,61,62,64,69,70,71,77,82,85,89,90,92,96,98,99,102,108,109,110,113,119,122,123,129,138,124,43,58,83,35,97,111,6,24,103,133,44,47,13,120,127,29,131,117,112,31,105,88,121,81,126,91,100,46,135,101,107,132,18,17,
2to 8:3,4,6,8,15,16,19,22,23,25,26,28,30,32,33,34,35,37,40,43,44,45,46,49,50,55,56,57,61,62,63,64,65,70,71,74,77,78,80,82,86,87,89,90,92,93,98,99,106,112,113,115,119,122,129,131,137,138,139,47,68,100,97,120,13,96,103,29,83,111,130,117,127,135,5,60,107,20,1,66,59,38,91,41,108,126,132,101,24,2,48,11,110,121,
2to 9:2,3,5,8,16,20,28,33,35,36,40,45,49,52,59,62,63,70,71,74,75,80,81,82,87,89,92,101,102,104,107,109,115,122,126,129,134,138,97,13,48,137,43,6,86,111,99,38,88,47,123,18,113,76,83,103,9,4,41,127,31,94,110,53,21,1,79,11,131,77,112,44,56,108,91,105,66,90,32,46,60,10,130,
2to 10:8,11,15,16,18,19,23,25,28,31,37,38,40,42,45,46,47,48,49,50,52,61,62,64,69,70,71,74,77,78,81,84,85,86,87,89,90,92,96,97,98,102,103,105,106,109,111,117,119,122,123,127,129,132,134,136,138,139,140,79,130,137,83,80,33,43,88,13,99,57,56,91,53,44,100,120,101,133,126,3,131,1,17,5,10,41,110,59,60,113,
3to 1:1,2,9,11,14,17,20,24,25,29,36,41,42,44,46,47,48,50,56,58,60,68,69,71,72,73,74,77,82,85,90,91,92,94,95,96,97,100,103,104,106,107,108,120,122,123,124,130,132,134,136,80,117,5,43,89,49,34,118,37,28,31,127,138,3,75,8,140,78,133,126,131,53,110,32,81,113,55,18,59,52,121,6,10,
3to 2:1,2,4,9,10,17,18,20,24,25,26,32,37,39,41,46,47,48,51,52,56,57,60,61,62,64,66,67,68,69,71,74,77,84,85,86,92,99,100,105,107,108,110,113,121,129,126,116,125,53,87,44,34,88,82,23,8,134,45,33,109,80,81,21,127,89,3,140,112,31,11,5,101,43,131,78,70,28,55,59,91,
3to 3:
3to 4:4,6,9,12,15,18,19,20,24,27,30,32,41,42,50,52,53,56,57,61,66,68,71,72,77,79,80,81,82,87,88,92,98,100,101,102,104,105,107,108,111,112,113,117,120,123,124,129,130,132,136,138,116,121,54,40,8,109,3,28,33,73,7,86,69,70,127,34,140,23,131,78,75,44,26,17,134,45,115,91,31,55,90,126,5,11,10,
3to 5:2,4,7,9,11,12,14,15,17,18,20,24,26,29,30,31,32,39,41,42,46,47,48,53,56,58,61,66,68,69,70,71,77,78,79,80,81,84,85,90,91,93,95,97,98,99,100,105,107,108,110,112,116,119,120,127,129,130,132,134,139,140,111,43,89,118,6,45,40,76,49,109,102,34,64,54,94,23,52,92,28,104,5,136,82,10,44,113,55,101,
3to 6:3,4,8,9,10,12,15,19,20,24,30,32,36,39,41,42,43,47,52,56,57,58,60,62,69,72,79,80,86,93,96,98,99,103,104,107,108,112,119,120,122,123,131,138,140,31,23,11,73,55,40,114,49,94,16,7,64,87,115,121,105,136,89,124,102,48,45,53,101,113,100,78,82,81,126,33,46,6,111,91,5,17,
3to 7:1,4,7,9,10,14,16,20,24,28,31,33,41,47,52,53,55,57,58,61,66,67,71,76,79,81,85,88,91,92,93,97,100,105,108,110,111,116,119,122,123,126,130,131,132,134,135,136,138,37,64,26,32,49,127,102,15,73,23,121,59,69,29,34,104,44,46,112,90,113,3,11,48,43,17,70,
3to 8:1,2,4,6,9,14,17,18,19,20,25,26,27,30,33,41,47,50,52,53,56,58,60,61,67,71,73,79,80,86,91,92,96,97,99,100,104,107,108,110,111,113,116,118,119,120,121,122,126,128,130,132,135,139,24,83,46,87,35,136,31,7,44,140,76,82,45,69,125,102,94,16,28,131,90,23,37,34,81,127,5,85,105,138,64,55,43,101,32,11,59,78,
3to 9:4,8,9,10,12,14,18,20,25,28,32,36,43,44,46,47,52,53,56,58,60,66,71,74,79,80,85,86,88,93,95,97,98,99,101,103,104,107,108,116,126,129,130,138,118,40,140,100,117,33,45,87,76,123,11,54,111,23,113,3,134,55,102,16,115,105,136,82,5,59,131,110,17,
3to 10:2,6,9,10,11,12,14,19,20,25,27,28,30,32,33,37,41,42,43,46,47,50,56,57,58,60,61,66,67,71,72,77,78,79,88,91,93,96,97,98,101,105,108,112,116,119,120,122,126,128,130,135,138,139,87,134,49,55,80,109,133,7,100,124,16,26,48,15,73,117,40,23,17,44,102,140,52,136,64,5,70,131,24,
4to 1:1,3,10,11,12,14,16,17,20,24,25,27,28,29,30,33,36,38,41,42,46,48,50,51,53,56,57,59,62,65,66,70,72,73,75,78,80,82,83,90,94,97,101,105,109,110,112,113,114,115,117,119,121,122,124,126,129,132,136,15,40,22,63,89,100,67,44,45,54,118,52,85,125,6,31,135,55,106,123,19,107,131,34,77,91,32,47,60,
4to 2:1,3,5,9,11,12,15,16,17,18,19,21,23,25,30,33,37,38,41,43,44,47,48,50,53,55,56,57,59,60,62,65,66,70,75,77,79,81,82,85,89,93,94,97,98,99,100,105,107,112,113,115,116,121,122,123,127,130,131,138,135,108,86,91,102,22,129,71,96,137,31,40,34,84,101,106,45,24,28,74,20,6,92,52,32,
4to 3:3,4,6,7,10,15,17,19,24,26,27,32,33,37,41,46,48,56,57,62,66,68,72,75,77,79,80,81,84,88,90,94,97,101,102,107,108,111,112,113,118,120,121,124,126,127,130,132,136,138,140,34,89,67,74,54,69,60,12,71,131,43,73,114,65,91,129,20,31,52,64,92,70,5,82,47,100,55,
4to 4:
4to 5:3,4,5,9,10,14,15,17,18,23,24,27,28,34,37,38,39,41,42,44,46,48,51,56,59,61,62,64,66,68,72,75,80,82,85,91,92,93,94,97,98,99,107,108,109,111,112,113,115,118,121,122,123,124,126,127,130,134,136,138,67,74,135,106,81,84,12,90,105,69,29,86,40,129,54,65,77,30,52,19,101,89,96,79,55,132,6,43,102,60,70,100,
4to 6:2,3,6,7,9,11,12,13,14,16,17,19,23,26,30,31,33,34,36,38,39,41,45,48,53,56,57,59,60,65,66,68,72,73,75,78,79,80,82,91,93,98,99,100,101,102,105,106,107,108,111,113,114,115,118,121,122,126,130,133,136,137,138,139,15,129,24,25,67,132,123,69,58,116,81,135,112,47,32,85,89,52,92,55,
4to 7:2,4,5,7,10,11,16,17,18,24,25,28,30,31,32,33,38,41,46,48,50,51,53,55,57,59,61,62,64,68,72,73,79,83,84,85,88,93,104,105,112,113,120,121,122,123,124,126,127,131,134,135,138,12,60,29,82,81,92,45,129,22,71,98,58,90,89,107,44,69,100,19,132,34,66,20,91,101,52,70,47,
4to 8:1,3,4,5,6,7,9,17,18,23,30,31,32,33,38,41,43,47,48,49,50,51,52,53,55,57,59,62,66,68,72,77,78,80,83,88,89,91,96,97,99,105,106,107,113,114,120,121,122,123,124,126,127,130,133,135,136,137,138,58,45,34,12,129,71,98,101,81,27,79,73,118,54,25,60,15,112,74,86,65,44,69,19,108,102,132,90,82,64,24,85,131,70,
4to 9:3,4,5,9,11,14,15,18,20,25,32,33,36,38,41,46,53,56,59,72,73,80,81,83,88,93,98,99,101,102,105,108,109,111,112,113,117,121,122,124,126,128,131,138,89,19,135,70,54,66,85,118,47,58,74,44,69,6,129,75,96,106,52,90,24,48,28,55,100,60,91,
4to 10:2,3,5,6,7,10,11,14,15,16,17,18,23,24,32,33,38,41,42,44,48,49,50,52,55,56,57,59,61,62,66,68,73,75,77,79,80,83,88,93,99,101,102,108,109,112,113,114,115,117,119,120,121,122,124,126,128,129,130,131,132,135,136,138,139,22,69,105,58,25,27,92,123,20,67,98,40,90,8,60,96,100,86,71,45,31,28,19,78,70,81,30,64,107,
5to 1:1,2,3,5,6,8,9,13,14,15,17,20,24,28,29,30,31,32,34,39,40,41,46,47,48,50,51,52,57,59,60,68,69,70,74,76,77,78,79,85,86,90,91,97,100,102,105,109,110,112,113,118,119,123,124,126,127,129,130,131,138,140,84,54,95,67,72,136,81,22,65,134,21,37,10,53,106,89,11,132,121,43,92,111,18,
5to 2:3,4,5,6,9,11,13,17,23,24,28,30,34,41,42,44,50,52,57,59,61,64,65,68,69,70,76,77,84,89,91,92,98,100,102,105,106,107,108,109,110,111,113,115,116,119,122,123,127,129,130,131,133,138,140,1,56,15,49,95,40,39,12,134,43,97,71,47,37,2,53,121,126,48,82,81,46,101,18,
5to 3:1,3,4,7,12,14,17,23,24,26,30,33,34,42,44,52,55,57,58,59,61,64,66,71,76,77,79,81,90,91,92,93,94,100,106,107,110,111,113,116,121,123,124,126,127,130,131,138,140,95,6,35,101,82,37,49,67,87,15,22,134,104,9,53,56,45,136,39,47,102,105,28,70,43,46,10,
5to 4:2,3,4,5,6,11,13,14,18,23,24,26,27,28,31,37,40,41,43,44,48,50,54,57,58,59,60,61,68,69,78,79,81,85,90,92,93,94,97,98,100,104,105,106,108,109,111,113,116,121,124,126,128,131,133,135,137,138,140,67,70,82,102,136,15,74,53,89,52,39,65,134,56,101,66,9,132,33,19,47,91,
5to 5:
5to 6:2,5,7,11,17,18,19,20,30,31,32,40,42,52,53,55,58,59,60,61,62,66,68,70,71,77,78,79,82,85,89,90,93,94,96,104,108,109,110,111,113,115,116,119,122,123,124,129,130,133,134,136,138,139,101,24,87,81,15,107,126,72,23,49,65,121,74,6,47,92,102,106,105,46,43,91,28,
5to 7:2,3,6,8,9,11,12,16,17,20,23,24,26,30,31,34,48,57,58,59,61,64,68,69,70,74,76,77,78,79,85,90,92,93,94,96,98,99,100,106,107,109,110,111,112,113,116,121,126,129,133,138,140,28,134,104,72,89,97,67,37,66,45,46,14,81,18,33,39,47,136,41,1,102,105,101,82,130,91,60,
5to 8:1,4,5,9,12,15,17,18,19,24,26,27,28,31,34,39,40,42,44,50,53,54,57,58,60,61,64,65,68,69,70,71,77,79,81,83,89,90,91,92,93,98,99,100,102,105,107,108,110,111,113,115,116,118,119,120,121,126,127,128,129,130,131,133,135,136,137,138,49,106,67,72,82,104,97,13,45,23,46,43,30,14,47,66,37,41,2,11,
5to 9:3,5,6,11,13,14,19,20,23,24,30,40,41,46,52,54,55,58,64,68,75,76,77,79,81,85,86,89,91,93,94,96,97,100,102,105,107,108,109,110,111,113,116,118,122,123,128,129,130,138,139,140,49,15,95,71,74,37,60,65,66,82,47,1,9,104,106,2,90,18,126,92,70,28,
5to 10:2,3,5,7,9,11,13,14,16,17,24,27,29,38,40,42,44,47,50,52,55,57,58,59,60,64,69,70,71,74,76,77,79,81,85,89,90,91,93,94,96,97,98,99,100,102,106,108,110,111,115,116,119,123,124,128,129,130,132,133,134,138,139,140,21,61,45,84,67,105,109,41,23,66,65,19,39,104,18,33,92,10,30,136,48,121,126,82,43,46,113,28,
6to 1:2,6,8,9,10,15,16,17,18,21,22,23,25,28,32,33,34,38,39,40,42,43,44,45,46,47,49,52,53,55,56,57,59,60,65,66,67,74,75,81,82,88,89,92,94,97,99,102,104,105,106,110,115,118,120,121,122,123,131,134,135,124,11,91,126,19,72,112,31,73,114,85,58,29,20,30,119,77,24,69,96,41,13,48,62,78,138,140,3,
6to 2:1,2,3,4,9,11,12,16,18,23,24,28,32,33,34,39,40,42,44,45,46,49,51,52,53,55,56,57,59,61,63,65,71,74,82,86,87,88,89,90,91,98,100,101,102,104,105,108,110,113,114,115,116,119,122,123,124,129,130,131,133,134,135,137,138,139,79,62,81,58,66,64,69,30,112,140,96,17,31,41,47,20,19,92,127,6,13,107,99,77,70,48,121,
6to 3:1,3,4,5,9,12,16,18,20,23,24,28,32,33,34,38,39,41,42,44,46,47,48,52,53,56,57,58,59,61,64,65,66,67,69,72,73,74,75,82,85,87,88,90,91,93,94,99,100,101,102,104,110,111,112,114,115,120,122,129,130,134,139,108,79,126,7,31,62,107,11,140,80,113,77,81,30,17,55,78,
6to 4:1,2,3,4,5,7,10,14,15,16,18,20,23,24,27,32,33,34,38,41,42,44,46,47,49,52,53,57,59,61,65,66,67,75,78,79,86,87,88,89,91,92,93,97,98,99,100,101,102,104,105,106,108,111,113,115,120,121,123,125,127,129,130,132,133,136,137,140,30,69,124,72,122,62,73,114,13,81,55,107,17,96,31,48,135,138,77,112,85,11,60,
6to 5:2,3,4,8,9,10,15,16,18,22,23,32,39,40,42,43,46,47,52,55,57,59,61,71,81,82,85,87,89,90,92,93,96,98,100,101,102,105,106,107,108,110,111,112,115,116,119,120,123,124,130,131,132,133,72,77,99,104,14,70,58,79,1,19,69,64,66,31,41,140,30,91,126,11,113,48,78,121,
6to 6:
6to 7:2,3,8,9,10,11,12,13,18,20,23,25,28,29,32,33,34,38,41,45,46,47,48,52,53,56,58,59,67,81,82,88,89,90,91,93,96,98,99,100,101,105,108,110,116,120,121,123,124,126,129,130,131,133,135,136,138,79,7,104,119,30,127,94,55,140,70,17,16,61,19,24,31,62,112,92,64,66,107,78,
6to 8:2,9,12,14,15,16,17,23,24,28,33,34,38,41,44,45,46,49,52,53,57,58,60,63,64,65,66,67,71,73,74,78,79,81,82,83,86,87,88,89,96,98,100,101,102,104,106,108,110,112,115,116,118,122,123,126,128,129,130,131,136,138,121,99,61,7,62,72,113,119,92,19,69,120,77,111,30,135,107,11,91,70,
6to 9:1,2,3,4,5,8,9,16,18,20,23,28,32,33,34,39,45,46,47,49,52,53,56,59,60,63,72,74,75,86,87,88,89,91,97,98,101,102,104,105,106,107,110,111,115,118,122,123,129,130,135,138,139,140,25,19,114,126,124,108,80,81,64,94,58,78,85,13,48,66,99,24,70,62,96,79,55,121,
6to 10:2,3,7,9,11,15,17,18,21,23,28,31,32,33,38,40,41,42,45,46,47,52,53,56,57,58,59,60,64,66,67,71,73,74,79,81,85,86,87,89,96,97,98,99,100,101,105,109,115,116,117,119,120,123,128,130,131,133,19,103,140,16,62,113,122,94,25,107,80,13,112,61,78,48,126,20,70,92,91,
7to 1:3,5,6,8,9,10,16,23,24,28,31,34,38,43,46,47,48,55,59,60,61,66,70,71,73,74,77,78,79,83,85,88,89,90,91,95,96,97,100,102,103,105,107,110,113,117,120,123,127,129,130,131,132,135,136,64,26,140,67,58,33,118,138,20,92,42,2,18,121,119,22,133,124,112,57,17,53,44,104,11,52,
7to 2:1,3,5,6,8,15,16,20,21,23,24,31,34,38,43,46,48,49,51,55,56,60,62,63,64,66,70,77,82,84,87,89,90,91,92,97,98,99,104,106,108,111,112,113,119,121,127,130,133,138,118,35,67,4,123,71,102,13,80,26,57,131,2,33,107,105,32,10,129,135,18,101,81,28,53,110,100,11,47,
7to 3:6,7,16,18,23,24,25,31,32,33,35,41,43,45,46,47,48,52,55,56,57,60,61,66,71,77,79,83,88,91,92,93,97,100,104,107,108,110,111,112,113,116,126,127,129,135,101,4,17,90,58,124,68,28,103,44,70,75,20,29,133,136,30,105,102,53,59,121,
7to 4:3,6,7,11,12,18,19,23,24,25,27,31,32,34,37,43,46,48,55,57,60,66,68,69,70,71,73,77,78,79,81,85,89,91,93,96,97,98,99,100,101,104,106,108,111,121,122,123,126,127,129,132,133,134,135,136,137,138,20,42,33,10,118,4,29,14,124,38,52,41,112,30,107,17,59,90,92,28,2,
7to 5:1,2,5,7,9,11,12,14,16,17,18,20,21,23,24,30,34,37,38,41,44,47,52,53,55,59,60,61,66,70,76,77,79,83,84,89,90,91,93,95,98,100,101,104,108,110,112,113,118,119,124,126,127,130,132,133,134,136,138,67,140,107,68,42,105,29,106,26,129,102,131,123,92,121,46,81,64,32,28,
7to 6:1,3,5,7,9,10,11,12,14,15,16,19,20,21,23,24,26,31,32,34,38,39,44,48,49,59,60,61,62,63,66,70,73,79,82,83,85,87,88,89,91,92,93,98,100,106,108,110,111,113,119,123,126,127,129,131,133,139,124,140,4,81,29,112,67,22,18,58,104,69,52,75,105,78,96,33,47,121,135,57,102,46,64,53,107,90,138,41,17,
7to 7:
7to 8:3,4,5,9,15,19,23,24,25,31,33,34,37,44,49,55,58,61,64,66,70,71,73,76,77,82,85,87,88,90,91,92,96,99,100,101,105,107,108,113,119,126,127,129,132,133,137,138,46,103,102,10,2,38,110,67,135,28,121,35,29,22,118,14,131,13,30,104,79,41,53,47,57,111,130,17,
7to 9:3,4,5,9,10,12,15,16,23,25,34,38,43,44,47,48,49,52,53,56,59,60,61,64,66,71,74,76,77,79,82,87,88,89,90,91,92,95,97,99,100,101,104,108,110,111,112,113,117,118,126,130,131,135,138,140,35,41,70,96,32,105,103,58,129,102,11,28,133,46,20,18,2,107,121,
7to 10:2,3,5,8,9,11,12,14,15,16,17,19,20,23,24,28,30,31,37,38,41,43,46,47,48,56,57,59,60,61,63,64,66,70,73,74,79,83,85,87,88,91,92,97,99,100,104,105,109,111,112,113,117,120,122,123,126,127,129,132,135,136,138,139,68,119,10,42,124,52,71,103,58,69,118,29,140,131,26,133,101,53,18,81,90,33,
8to 1:1,3,5,6,9,11,12,16,20,23,29,32,34,35,37,38,41,45,47,48,49,52,55,57,59,66,67,69,70,71,74,77,79,80,81,82,83,89,90,91,92,96,97,99,104,105,112,113,117,118,119,122,123,126,127,128,129,131,132,138,140,25,58,76,72,136,103,13,22,135,110,14,120,60,28,102,106,101,44,46,2,10,100,85,121,78,43,17,
8to 2:1,2,3,5,10,11,15,18,20,23,24,25,30,31,32,34,37,40,41,43,44,45,47,48,50,55,59,61,62,63,64,66,67,69,71,80,81,82,88,91,92,97,99,104,106,107,110,111,115,116,122,123,126,132,138,140,83,76,135,101,93,102,38,53,131,137,35,28,120,16,121,112,127,57,113,77,119,108,74,79,60,46,105,130,17,
8to 3:3,4,7,9,10,11,15,24,26,27,28,30,32,33,34,37,38,40,41,47,49,52,55,56,57,61,66,70,71,77,82,83,91,92,97,99,101,103,107,108,111,113,114,115,118,120,122,123,125,126,127,128,129,130,138,140,72,53,45,116,79,6,135,58,112,59,136,43,46,2,74,131,44,102,17,85,60,110,64,100,
8to 4:3,4,7,9,11,15,19,23,24,25,27,28,30,31,32,34,37,38,41,44,47,49,50,55,61,62,63,67,69,71,73,78,81,88,90,91,93,99,101,104,106,108,110,114,118,122,123,129,130,131,132,35,5,126,12,102,98,135,43,2,137,77,79,60,66,57,96,85,53,136,121,10,100,46,112,113,111,17,
8to 5:5,6,7,9,15,19,29,30,34,35,37,41,44,45,52,55,57,64,65,69,71,74,77,79,80,81,82,83,87,89,90,91,92,96,97,100,104,106,108,111,112,115,116,118,119,123,127,129,130,131,132,135,12,22,28,54,93,17,99,39,21,136,102,113,14,46,24,13,20,2,66,61,121,43,110,101,10,59,60,
8to 6:3,5,7,9,11,15,16,17,18,19,20,23,24,25,27,28,30,31,32,34,38,42,44,47,48,58,59,61,63,66,70,72,73,75,78,79,80,81,82,83,89,90,91,93,96,102,104,105,106,107,113,114,115,118,121,122,123,124,126,127,128,129,130,131,132,136,137,140,12,112,103,35,14,135,99,111,85,46,62,26,101,21,119,13,57,138,77,110,108,2,41,100,
8to 7:1,3,4,5,7,9,11,13,14,18,23,27,28,29,30,31,34,37,41,45,47,48,50,53,59,60,64,66,69,71,72,73,88,90,91,92,93,94,96,97,99,100,101,102,104,106,111,112,116,118,119,123,129,130,132,140,44,135,20,35,83,131,105,38,121,22,25,2,77,57,16,136,61,17,10,126,46,138,85,110,113,
8to 8:
8to 9:1,2,3,4,9,10,11,15,18,19,23,25,28,32,33,38,40,41,44,47,49,52,53,56,66,70,71,80,82,87,88,89,90,91,93,94,97,99,104,108,110,111,113,117,120,122,126,129,130,131,132,138,74,72,36,78,6,103,76,54,12,34,59,106,13,105,62,135,14,92,64,20,43,5,101,100,60,
8to 10:1,3,5,6,9,11,14,16,18,19,23,25,28,37,38,40,41,42,44,45,48,49,50,52,53,57,59,63,64,66,69,71,73,80,81,83,90,91,93,94,96,103,108,113,115,116,117,119,122,124,129,130,132,138,140,77,111,86,36,61,101,136,76,12,126,128,24,65,120,131,20,43,2,99,105,10,30,33,17,110,60,
9to 1:1,2,10,11,13,16,17,20,22,23,25,28,32,34,35,36,40,43,44,46,47,49,50,51,53,56,58,62,65,69,73,76,81,82,85,88,89,90,91,94,97,99,100,102,103,104,108,109,110,111,115,117,118,120,126,131,132,133,135,136,138,74,52,127,123,41,122,8,72,21,83,66,80,9,59,38,14,106,70,140,60,3,24,6,55,18,48,
9to 2:1,4,9,10,11,12,13,16,18,20,21,22,23,32,33,34,35,36,39,40,43,45,46,47,50,53,55,59,62,65,66,69,76,80,82,85,88,89,91,96,97,98,99,101,104,105,106,109,111,115,118,121,122,126,138,31,116,108,100,44,56,25,130,140,86,70,6,41,3,74,5,113,90,52,48,131,110,112,60,92,
9to 3:4,9,10,17,19,20,23,28,30,36,43,46,47,48,53,58,59,60,61,66,74,76,79,85,87,88,93,94,100,102,103,105,106,107,108,111,112,116,118,121,122,126,135,80,34,138,95,24,86,18,83,45,97,124,99,14,32,33,71,110,31,52,117,104,5,44,140,56,6,78,3,41,131,90,55,11,70,113,
9to 4:2,3,4,5,9,11,13,15,18,20,24,28,30,32,33,34,36,43,47,49,50,54,58,59,60,61,62,65,68,69,70,76,81,86,88,89,91,93,96,98,101,102,105,108,111,116,118,120,121,123,126,129,135,136,137,139,90,37,25,56,72,66,41,44,21,27,38,63,48,31,104,132,122,80,55,71,106,138,113,85,6,
9to 5:2,8,15,23,24,32,35,39,40,44,46,47,52,54,55,58,59,61,62,65,69,74,79,81,82,85,87,91,92,93,99,100,102,104,105,107,109,111,118,120,121,126,130,132,138,139,37,18,95,14,97,56,70,116,83,131,110,9,123,115,41,140,89,134,108,66,6,112,106,5,48,28,11,113,
9to 6:8,11,13,15,16,17,20,23,28,32,33,34,36,38,39,44,46,47,53,55,56,58,59,61,65,73,77,79,81,85,87,88,89,93,103,105,107,111,113,115,116,120,124,126,130,131,136,138,122,127,72,21,104,52,83,1,24,3,140,108,9,86,92,99,66,18,78,19,41,48,110,70,
9to 7:2,3,6,9,11,16,17,20,22,28,32,34,35,43,44,46,47,53,55,56,58,64,68,70,79,81,88,89,91,92,93,96,98,99,100,101,104,105,107,108,111,113,118,121,123,126,130,131,132,135,136,138,139,95,66,21,112,122,75,8,13,116,5,38,60,124,59,106,85,71,1,90,129,18,110,24,48,10,
9to 8:1,2,3,4,14,15,16,19,23,30,32,34,35,38,46,47,48,50,53,54,56,58,60,61,62,66,69,70,73,86,88,89,91,96,97,99,100,101,102,103,107,108,111,118,120,123,126,130,131,132,136,137,139,116,5,37,75,112,25,135,122,49,9,113,124,33,44,11,45,104,140,71,138,106,115,41,110,90,55,78,
9to 9:
9to 10:2,10,13,15,16,17,18,22,23,25,32,40,43,46,47,48,53,55,60,64,70,73,74,76,79,85,88,89,90,91,96,99,100,103,105,109,111,112,113,117,118,126,130,133,136,139,20,24,97,78,72,56,122,49,80,41,9,86,83,92,33,116,110,14,135,37,38,115,6,108,5,19,106,3,66,52,28,
10to 1:3,5,9,10,11,15,17,18,23,28,32,33,36,37,38,40,41,42,43,47,48,50,52,56,57,60,65,66,67,71,72,73,74,77,80,83,85,89,91,100,104,105,106,107,109,110,113,117,118,119,120,124,126,127,130,131,132,133,134,136,138,140,61,2,97,58,49,115,44,59,51,103,68,96,79,123,8,102,53,19,129,16,99,20,92,78,
10to 2:2,3,5,11,12,15,16,19,23,25,26,36,37,40,41,42,43,47,48,49,50,52,56,57,60,64,65,66,70,71,80,81,82,85,87,91,92,98,100,101,106,107,110,112,113,116,121,126,127,129,131,132,134,135,68,10,77,97,63,139,31,38,90,115,67,133,24,103,8,86,18,59,109,119,33,130,117,122,120,124,62,9,111,99,30,53,44,105,17,
10to 3:3,6,7,9,11,18,24,28,32,36,37,38,41,43,44,45,53,58,59,60,64,67,70,71,76,80,81,82,83,86,90,93,99,100,110,112,114,116,117,118,126,129,131,134,135,136,84,8,78,69,139,97,42,27,50,49,48,23,20,111,30,56,120,26,105,88,113,55,77,119,17,61,33,140,102,91,16,10,52,19,92,46,
10to 4:3,5,7,9,11,13,14,16,17,18,25,26,28,36,38,40,41,43,52,53,56,57,70,71,72,73,76,80,81,88,90,91,93,97,98,99,100,101,106,107,108,112,113,114,115,116,118,122,124,125,126,127,128,130,132,133,135,136,139,68,129,86,77,105,59,33,62,65,15,102,27,64,84,50,123,37,109,48,78,39,55,69,111,66,140,96,30,19,24,
10to 5:3,5,11,14,16,17,26,38,40,41,43,47,56,57,60,64,66,67,70,71,72,74,77,78,80,81,82,83,85,89,90,93,96,98,99,100,101,110,112,113,115,116,118,122,126,128,130,133,139,140,91,61,20,109,87,58,68,15,84,2,18,50,33,42,97,37,52,23,8,134,59,79,9,123,30,31,24,105,19,46,92,48,111,
10to 6:3,5,6,7,9,10,11,13,15,16,17,18,19,24,28,40,41,46,47,49,56,57,58,63,64,65,67,80,81,83,85,87,89,90,93,98,103,104,105,106,107,108,110,112,113,114,116,118,130,131,132,133,135,138,139,140,42,27,69,62,122,119,124,20,39,33,115,96,23,70,78,120,86,66,129,99,111,2,30,59,61,92,48,55,126,91,
10to 7:1,3,5,7,9,13,14,16,17,18,19,26,32,33,41,43,44,46,47,50,52,56,60,67,70,85,88,90,93,98,100,101,104,105,106,107,111,112,113,126,127,130,131,132,135,136,139,140,78,123,53,79,109,69,31,27,133,99,58,57,24,23,129,37,92,124,8,119,96,64,30,61,59,55,28,10,91,
10to 8:2,3,5,7,11,13,14,16,23,24,25,26,38,40,41,42,43,44,46,47,49,50,52,56,60,64,72,78,80,83,87,89,90,91,100,101,104,108,110,112,113,116,119,122,126,127,129,130,131,132,133,136,138,63,8,15,67,61,111,92,10,115,128,37,88,58,97,22,53,39,79,86,9,77,48,59,123,19,99,96,66,105,20,18,17,
10to 9:3,9,11,13,14,15,17,19,23,25,36,40,41,43,44,46,48,49,60,64,70,71,74,75,76,77,80,81,85,88,92,96,98,99,101,103,104,108,113,116,123,128,129,131,132,122,63,95,115,24,30,87,109,58,91,111,39,130,84,8,139,55,97,53,21,86,16,120,37,78,56,61,33,102,66,59,52,28,2,126,10,18,
10to 10:

cell1:6,2,8,10,3,4,7,9,5,
cell2:4,9,3,6,7,5,8,10,1,
cell3:10,6,7,4,9,5,2,8,1,
cell4:2,1,6,3,10,5,8,7,9,
cell5:4,3,2,10,9,7,6,1,8,
cell6:3,1,2,9,7,8,10,4,5,
cell7:10,2,8,1,5,3,4,9,6,
cell8:2,5,9,10,4,3,6,7,1,
cell9:1,10,3,5,4,6,8,7,2,
cell10:1,2,4,6,5,7,9,8,3,
