machine1:0,6,2,28,14,26,21,29,7,11,23,30,1,3,13,19,5,16,20,25,4,18,12,9,24,17,22,27,8,10,15,
machine2:0,6,2,14,26,21,1,13,16,24,22,15,
machine3:0,6,2,28,14,26,21,29,7,11,23,1,13,5,16,4,9,24,22,10,15,
machine4:0,6,2,28,14,26,21,29,7,11,23,30,1,13,5,16,20,25,4,9,24,22,10,15,
machine5:0,6,2,28,14,26,21,29,7,11,23,1,13,5,16,9,24,22,15,
machine6:0,6,2,28,14,26,21,7,23,30,1,3,13,19,5,16,20,25,4,18,12,9,24,22,27,8,10,15,
machine7:0,6,14,23,18,12,9,27,15,
machine8:0,6,2,28,14,26,23,1,16,20,25,4,18,12,9,24,22,27,10,15,
machine9:0,6,2,28,14,26,23,1,3,16,20,25,4,18,12,9,24,22,27,10,15,
machine10:0,6,2,14,26,23,1,16,20,25,18,12,9,24,22,27,15,
machine11:0,6,2,28,14,26,29,7,11,23,30,1,13,19,5,16,20,25,4,18,12,9,24,17,22,27,8,10,15,
machine12:0,2,29,1,5,16,9,
machine13:0,6,2,28,26,29,11,1,13,5,16,20,25,9,27,
machine14:0,6,2,28,14,26,29,11,30,1,13,19,5,16,20,25,18,12,9,22,27,
machine15:0,6,2,28,29,1,13,5,16,20,9,27,
machine16:0,6,2,28,14,26,29,7,23,1,3,19,5,16,25,4,18,12,9,24,17,22,27,8,10,15,
machine17:0,23,1,8,
machine18:0,6,2,28,26,29,23,1,25,4,18,12,9,24,17,8,15,
machine19:0,6,2,28,26,29,7,23,1,3,5,16,25,4,18,12,9,24,17,8,10,15,
machine20:0,6,28,23,1,25,4,12,9,8,15,

1to 1:
1to 2:30,10,19,20,16,
1to 3:18,13,27,12,24,17,1,8,5,23,
1to 4:15,22,9,
2to 1:21,8,23,25,5,28,6,
2to 2:
2to 3:20,7,26,14,15,16,
2to 4:3,19,10,27,4,1,2,
3to 1:11,30,19,7,29,14,
3to 2:13,22,12,27,25,4,1,2,9,
3to 3:
3to 4:26,18,23,24,5,28,16,6,
4to 1:3,17,26,12,4,2,
4to 2:7,18,8,14,24,15,28,6,
4to 3:29,22,10,25,9,
4to 4:

cell1:3,2,4,
cell2:3,4,1,
cell3:1,2,4,
cell4:1,2,3,
