machine1:0,36,137,102,108,2,181,79,98,179,10,162,136,147,6,103,188,74,167,88,59,58,141,93,66,126,1,30,151,157,145,107,106,33,150,138,115,82,119,67,48,34,110,17,92,89,94,65,144,44,105,139,57,39,12,21,54,190,5,146,90,97,169,133,99,76,183,112,38,124,22,18,64,32,40,175,61,187,168,55,123,142,122,189,8,71,163,7,174,91,140,86,70,182,14,49,117,19,78,53,52,113,159,180,184,15,164,43,11,72,111,128,130,80,41,120,85,87,132,172,23,154,69,75,73,68,35,26,173,24,129,45,135,109,134,81,125,60,104,42,83,4,114,155,148,131,171,13,3,100,101,178,165,47,170,152,121,28,185,84,127,149,116,50,95,158,31,156,161,62,96,16,51,143,176,63,20,177,9,160,186,77,46,29,166,56,37,118,27,153,25,
machine2:0,36,102,108,2,181,98,179,136,147,6,103,188,74,167,88,59,58,141,93,66,126,1,30,157,33,150,115,48,34,110,17,92,89,94,65,144,44,105,139,57,12,21,54,190,146,90,169,133,99,183,112,124,22,64,40,175,61,187,55,142,122,71,163,7,174,91,140,86,182,14,117,52,113,164,11,111,128,130,80,120,132,23,154,69,75,73,68,35,129,135,109,81,125,42,83,4,155,148,131,13,3,100,101,165,47,170,152,121,28,185,84,127,149,116,50,95,158,31,161,62,96,16,51,143,176,177,9,160,186,77,46,29,166,56,37,118,27,153,
machine3:0,102,108,2,181,6,188,167,88,58,93,30,92,94,65,144,44,105,57,190,90,169,133,99,183,64,175,61,187,55,163,174,140,86,182,14,113,164,111,128,130,120,23,154,69,75,73,68,35,129,135,81,125,83,155,148,131,100,101,47,152,121,84,116,31,161,62,16,51,176,186,46,29,56,37,118,27,
machine4:0,102,108,2,6,103,188,74,88,58,141,93,66,126,1,30,119,67,48,34,110,144,44,57,12,146,99,22,18,64,32,40,175,55,123,174,86,14,117,19,52,159,184,15,164,11,128,130,41,85,87,132,172,154,69,75,73,68,35,129,125,60,83,114,155,148,13,100,101,178,165,47,170,149,116,50,156,161,62,96,16,51,143,176,177,9,160,186,77,29,166,56,27,25,
machine5:0,36,137,102,108,2,181,79,98,10,162,136,147,6,103,188,74,167,88,59,58,141,93,66,126,1,30,151,150,138,115,82,119,67,48,34,110,92,94,65,144,44,139,57,12,54,5,146,97,169,133,99,112,38,22,18,64,32,40,175,61,55,123,163,174,91,86,182,14,117,19,53,52,113,159,180,184,15,164,43,11,72,111,128,130,41,85,87,132,172,23,154,69,75,73,68,35,26,173,24,129,135,109,81,125,60,83,4,114,155,148,131,13,100,101,178,165,47,170,28,185,84,127,149,116,50,95,156,161,62,96,16,51,143,176,63,20,177,9,160,186,77,46,29,166,56,27,25,
machine6:0,36,137,102,108,2,181,98,162,147,6,103,188,167,88,59,58,141,93,66,126,1,30,151,157,145,107,106,150,138,82,119,67,48,34,110,92,89,94,144,105,139,57,39,21,190,5,90,97,169,133,99,76,183,112,38,124,22,18,64,32,175,61,187,168,55,142,122,71,163,174,91,140,86,182,14,49,117,19,53,113,184,15,164,11,72,111,128,130,80,41,132,172,23,154,69,75,73,35,26,24,129,45,135,109,134,81,60,42,83,4,114,155,148,131,171,3,100,101,165,47,170,152,121,28,185,84,127,95,158,161,62,96,16,51,143,176,63,20,177,9,160,186,77,46,29,166,56,118,27,153,25,
machine7:0,36,102,108,2,181,98,162,147,6,188,167,88,59,58,141,93,126,1,30,145,107,106,138,67,48,34,110,92,144,105,139,57,39,21,190,90,97,169,133,76,183,112,124,22,18,64,175,187,168,55,163,174,91,140,86,182,117,19,184,15,164,111,128,41,132,172,23,154,69,75,73,35,24,129,45,135,134,81,60,83,4,114,155,148,131,171,3,100,101,165,47,152,121,28,185,84,127,95,161,62,96,51,176,63,20,177,9,160,186,77,166,56,118,27,25,
machine8:0,36,102,108,181,98,162,6,88,93,30,138,34,110,92,144,57,190,112,18,64,175,168,55,174,91,182,15,164,111,41,132,172,23,154,69,75,73,129,45,134,60,83,4,114,155,148,3,100,101,47,121,185,84,95,161,62,96,51,176,63,20,177,9,160,186,77,118,27,
machine9:0,137,102,2,162,188,59,93,66,126,30,157,119,48,92,144,57,133,112,22,64,32,8,163,174,140,182,14,19,52,113,159,164,111,128,130,132,172,23,154,69,75,73,35,173,135,109,60,104,155,148,171,13,3,100,101,121,28,84,127,95,158,31,156,161,62,96,16,143,176,63,20,177,9,160,186,77,46,166,56,37,27,25,
machine10:0,36,137,102,108,2,181,162,147,6,188,167,59,58,141,93,66,126,1,30,157,107,33,138,115,119,67,48,92,89,65,144,105,139,57,21,54,190,5,146,169,133,99,183,112,124,22,18,64,32,40,175,168,55,142,8,163,174,91,140,86,182,14,49,117,19,53,52,113,159,15,164,43,11,111,128,130,80,41,85,132,172,23,154,69,75,73,35,26,173,24,45,135,109,134,81,125,60,104,42,155,148,131,171,13,3,100,101,178,165,47,170,152,121,28,84,127,149,116,50,95,158,31,156,161,62,96,16,143,176,63,20,177,9,160,186,77,46,29,166,56,37,118,27,25,
machine11:0,102,2,181,98,10,6,88,59,58,141,30,151,157,33,138,67,110,17,144,12,21,54,169,76,124,22,18,64,40,61,55,142,122,71,174,91,140,182,14,19,78,113,15,164,128,80,23,154,75,35,173,24,45,109,81,60,148,131,171,178,165,185,84,50,95,62,51,143,177,160,186,77,46,27,
machine12:0,102,108,2,181,98,10,162,6,167,88,59,58,141,93,126,30,151,157,33,138,82,67,34,110,17,92,89,65,144,57,39,12,21,54,190,5,146,169,133,99,76,124,22,18,64,40,61,168,55,142,122,8,71,7,174,91,140,86,70,182,14,19,78,53,113,159,15,164,11,111,128,80,41,120,23,154,69,75,35,173,24,129,45,135,109,81,60,104,83,4,155,148,131,171,3,100,101,178,165,47,28,185,84,149,50,95,158,31,161,62,96,51,143,176,63,20,177,160,186,77,46,166,56,37,27,25,
machine13:0,36,137,102,108,2,181,79,98,179,10,162,136,147,6,103,188,74,167,88,58,141,93,66,126,1,30,151,157,107,106,150,138,115,82,119,67,17,89,94,65,144,44,57,39,21,54,190,5,146,90,97,169,133,99,76,183,112,22,18,64,32,175,187,168,55,142,122,189,163,174,91,140,86,70,182,14,117,78,53,52,159,180,184,15,164,43,11,72,111,128,80,120,85,87,132,172,23,154,69,75,73,68,26,173,24,129,45,135,109,81,125,60,83,4,155,148,171,3,100,101,178,47,170,121,28,185,84,149,116,50,95,158,31,156,161,62,96,16,51,143,176,63,177,9,160,186,77,46,29,166,56,37,118,27,153,
machine14:0,36,137,102,108,2,181,79,98,179,10,162,136,147,6,103,188,74,167,88,58,141,93,66,126,30,151,106,150,138,82,119,67,89,65,21,97,133,99,22,64,175,168,55,142,122,189,163,174,91,140,86,182,14,117,78,52,159,180,184,15,43,11,72,111,128,80,120,85,87,132,172,23,154,69,73,68,26,129,45,135,109,125,60,83,155,3,100,101,178,47,170,28,84,116,95,31,161,62,96,16,51,143,176,63,177,9,186,77,46,29,166,56,118,27,153,
machine15:0,36,137,102,108,2,181,79,98,179,10,162,136,147,6,103,188,74,167,88,58,141,93,66,30,151,150,21,64,175,163,140,117,15,11,72,111,172,45,135,109,100,101,28,84,95,161,62,16,51,176,177,9,186,46,29,166,27,
machine16:0,108,179,6,188,88,58,141,93,126,145,138,48,110,57,97,169,133,99,183,22,18,32,175,187,163,140,14,117,159,180,15,164,111,128,80,23,154,69,68,35,129,45,135,109,81,148,131,3,100,101,47,121,127,149,156,51,20,177,9,160,77,46,29,166,56,37,118,27,153,25,
machine17:0,102,108,2,181,98,179,162,147,6,103,188,74,167,88,59,58,141,93,66,126,145,107,138,67,48,110,89,65,144,57,39,21,54,5,146,97,169,133,99,76,183,112,38,124,22,18,32,175,187,168,55,189,8,71,163,7,174,140,86,182,14,117,19,78,52,113,159,180,184,15,164,11,111,128,80,41,85,87,172,23,154,69,75,68,35,129,45,135,109,81,60,104,42,114,148,131,3,100,101,165,47,152,121,185,84,127,149,50,95,158,31,156,161,62,96,16,51,143,176,63,20,177,9,160,186,77,46,29,166,56,37,118,27,153,25,
machine18:0,108,2,181,98,179,162,188,141,93,30,157,115,67,144,57,21,90,99,22,18,64,61,55,123,189,8,163,174,91,70,182,49,19,159,180,15,11,72,111,128,120,85,154,75,73,68,173,129,45,135,109,81,125,60,104,42,114,131,3,101,47,170,152,121,84,149,161,62,16,176,63,9,77,46,29,166,56,118,
machine19:0,36,137,102,108,2,181,79,98,179,162,136,147,6,103,188,167,88,59,58,141,93,1,30,151,157,106,115,82,67,48,110,92,89,94,144,57,39,21,54,190,5,146,90,133,99,76,183,38,22,18,64,32,175,61,187,55,123,122,189,8,163,7,174,91,140,70,182,49,117,19,78,53,52,159,180,184,15,164,43,11,72,111,128,130,120,85,132,172,154,69,75,73,68,173,24,129,45,135,109,81,125,60,104,42,4,114,148,131,13,3,100,101,47,170,152,121,28,84,149,116,95,156,161,62,16,51,143,176,63,177,9,77,46,29,166,56,37,118,153,

1to 1:
1to 2:12,26,34,35,44,53,55,61,84,87,103,115,116,147,176,180,68,
1to 3:1,11,20,25,28,29,38,46,63,77,83,99,101,121,131,137,140,151,153,157,172,177,188,42,155,66,171,
1to 4:31,40,45,47,50,52,73,125,127,128,130,134,135,143,178,181,186,169,5,43,
1to 5:14,21,59,62,70,76,96,98,102,111,158,161,164,166,173,174,182,8,
1to 6:2,4,9,10,32,39,54,56,57,86,88,90,91,108,109,117,149,160,162,167,190,136,142,97,74,72,17,79,
1to 7:15,18,19,41,51,80,95,100,104,112,113,114,124,129,146,152,165,168,179,184,185,187,189,71,7,
1to 8:3,6,13,16,22,24,30,36,37,48,49,58,75,81,82,85,89,94,120,122,123,141,154,156,159,163,175,170,
2to 1:2,11,13,20,28,29,32,36,41,54,59,63,88,95,98,117,127,132,133,137,150,165,43,123,38,139,19,
2to 2:
2to 3:4,16,26,47,69,86,103,110,112,114,119,144,148,161,186,82,
2to 4:15,24,48,53,56,60,81,93,99,101,108,116,154,160,166,175,
2to 5:5,35,46,50,55,57,64,75,92,113,126,149,162,177,
2to 6:6,23,27,44,51,52,66,67,73,77,84,85,100,111,128,129,143,147,155,159,163,170,176,178,184,185,125,1,180,
2to 7:22,62,65,68,87,96,102,109,131,138,156,164,167,169,181,97,
2to 8:9,18,61,72,79,91,136,151,173,174,188,
3to 1:126,81,154,174,147,23,167,148,105,187,118,130,152,34,119,82,164,56,106,144,61,134,16,92,102,
3to 2:96,97,128,24,155,6,88,83,181,5,27,72,184,91,1,9,41,111,170,162,
3to 3:
3to 4:100,183,22,77,141,67,158,58,139,168,117,177,80,95,113,26,112,
3to 5:169,109,171,124,190,3,71,165,47,93,25,142,185,18,143,
3to 6:121,107,94,29,182,99,15,55,30,103,137,53,64,14,122,138,36,132,28,150,89,
3to 7:42,63,60,163,76,48,145,175,39,101,127,135,86,75,
3to 8:45,98,73,21,69,108,131,2,133,11,84,129,90,110,161,57,4,140,172,
4to 1:162,22,27,46,80,37,58,166,173,86,112,67,124,113,33,14,24,48,49,6,1,8,146,
4to 2:164,64,126,148,102,2,132,163,73,66,130,25,139,92,85,36,
4to 3:108,181,91,167,154,109,190,138,18,142,174,160,93,55,56,60,118,105,
4to 4:
4to 5:84,77,81,95,131,69,41,159,89,23,128,176,65,30,54,40,45,155,19,
4to 6:141,75,140,144,175,169,11,168,26,157,21,119,
4to 7:57,133,121,32,59,188,172,3,107,20,186,35,147,183,
4to 8:101,182,111,29,62,15,47,99,100,53,117,135,43,52,115,137,5,
5to 1:10,17,31,39,51,57,64,83,84,120,143,151,159,168,176,178,186,78,7,12,
5to 2:4,11,56,62,63,65,67,69,101,133,154,160,161,40,18,
5to 3:19,24,30,34,41,80,96,111,122,126,135,166,182,
5to 4:6,20,25,27,35,46,138,140,164,165,104,33,
5to 5:
5to 6:3,22,50,60,82,93,146,171,174,
5to 7:2,14,21,23,47,58,89,98,108,110,128,141,148,158,5,
5to 8:28,59,76,92,102,144,149,157,162,167,177,181,190,8,54,70,
6to 1:70,65,125,153,66,184,158,138,157,89,21,163,177,129,93,55,30,135,140,77,101,141,128,
6to 2:150,10,136,74,94,82,119,146,156,173,14,15,166,95,186,75,47,109,
6to 3:72,169,185,117,32,175,67,45,51,100,22,62,84,
6to 4:115,171,107,142,155,170,28,96,118,188,16,23,159,29,91,111,3,182,172,161,64,
6to 5:78,83,31,178,4,151,80,53,86,37,148,58,133,27,63,167,11,154,
6to 6:
6to 7:180,103,85,149,160,50,126,144,6,81,99,9,162,174,69,
6to 8:106,189,116,187,68,183,39,147,132,143,88,46,60,176,164,56,
7to 1:145,97,74,107,5,25,85,169,110,50,175,45,188,60,182,172,108,
7to 2:54,127,114,48,20,185,149,32,52,113,59,58,29,81,143,100,93,
7to 3:71,124,158,168,165,35,89,14,147,21,23,133,129,27,176,57,141,
7to 4:8,66,156,86,37,18,148,126,163,131,9,2,62,75,69,109,
7to 5:104,138,160,39,144,15,88,99,101,56,
7to 6:87,78,65,68,76,31,112,183,98,96,16,177,46,135,102,161,186,181,164,
7to 7:
7to 8:7,38,180,42,153,179,19,184,146,152,121,118,67,51,166,55,63,95,77,128,
8to 1:79,104,115,189,90,116,103,114,190,121,183,73,15,99,9,69,181,109,
8to 2:38,125,98,137,28,144,131,51,46,30,135,167,60,22,182,172,77,57,141,
8to 3:49,106,94,130,187,76,170,92,53,36,59,6,143,3,95,75,64,
8to 4:42,13,19,152,157,173,149,1,32,132,55,63,102,162,174,
8to 5:146,122,61,110,67,91,100,129,2,108,
8to 6:43,153,179,120,5,156,24,151,37,118,18,188,148,58,81,133,166,62,47,
8to 7:78,54,117,52,45,16,159,177,111,88,93,140,176,11,154,161,84,
8to 8:

cell1:8,2,5,7,3,4,6,
cell2:8,5,4,7,3,6,1,
cell3:2,5,4,8,1,7,6,
cell4:6,5,8,3,2,1,7,
cell5:6,3,7,2,1,4,8,
cell6:2,5,4,8,1,3,7,
cell7:1,8,2,3,6,4,5,
cell8:1,3,6,4,5,7,2,
