machine1:0,74,90,129,122,119,109,46,15,94,105,166,52,79,80,76,84,163,59,154,10,169,18,39,77,50,5,20,1,17,151,44,100,28,38,147,158,167,26,81,56,22,29,120,137,149,33,115,108,164,95,71,110,104,138,116,87,43,69,65,13,125,101,75,96,143,170,30,93,160,88,99,153,102,103,49,4,58,32,145,118,42,48,159,23,111,161,14,36,78,140,31,35,66,25,128,155,92,83,141,62,117,162,150,57,139,132,112,73,156,152,12,123,107,86,9,60,124,98,8,82,127,55,54,16,97,2,168,68,131,41,51,157,27,148,21,91,85,133,24,19,3,47,70,136,11,63,72,61,135,144,64,34,37,114,121,165,6,7,113,45,134,67,142,89,40,106,130,146,126,53,
machine2:0,74,119,109,15,94,105,166,52,79,80,84,154,169,18,39,77,20,1,17,44,100,38,158,26,56,22,29,115,164,95,110,104,116,87,69,65,13,125,101,75,96,143,170,93,160,88,99,153,102,32,145,118,42,48,159,23,111,161,36,78,140,35,128,155,92,83,141,62,150,112,73,156,86,9,60,124,8,82,127,55,54,16,97,168,68,41,51,157,27,148,91,85,24,19,3,70,11,63,64,37,114,165,7,113,45,134,67,142,89,40,106,130,146,126,53,
machine3:0,74,119,109,15,166,80,154,169,18,39,77,20,1,44,100,158,26,56,164,110,116,87,69,65,101,75,96,170,88,153,102,32,145,42,159,23,161,36,140,35,128,92,83,141,62,150,73,86,9,82,127,55,54,16,68,41,51,157,27,85,24,3,70,11,63,37,165,134,67,89,40,106,146,53,
machine4:0,15,52,76,20,151,100,28,158,81,120,137,33,108,164,110,104,87,43,69,65,13,125,96,30,99,153,102,103,49,32,145,118,48,161,140,31,35,66,155,83,62,117,162,150,57,139,73,156,152,86,124,82,54,16,97,2,131,41,51,27,148,21,85,133,24,70,72,61,135,34,37,114,7,45,134,67,142,89,130,146,126,53,
machine5:0,119,109,46,15,52,76,163,154,169,18,77,20,151,100,28,38,158,167,81,120,137,149,33,115,108,164,95,110,104,138,116,87,43,69,65,13,125,75,96,143,170,30,99,153,102,103,49,4,58,32,145,118,42,48,111,161,36,78,140,31,35,66,25,155,92,83,62,117,162,150,57,139,73,156,152,12,123,107,86,60,124,8,82,54,16,97,2,168,68,131,41,51,27,148,21,91,85,133,24,19,3,70,136,11,63,72,61,135,34,37,114,165,6,7,113,45,134,67,142,89,40,106,130,146,126,53,
machine6:0,74,90,15,84,163,39,20,100,158,26,29,120,115,108,116,69,13,75,170,30,153,102,49,4,58,145,118,42,36,78,140,35,92,83,62,150,156,86,9,60,98,127,54,68,51,157,148,91,24,19,47,70,135,64,114,121,165,6,7,134,89,40,106,146,126,
machine7:0,74,90,122,119,109,46,15,94,105,52,80,84,163,154,10,169,18,39,77,5,20,1,17,151,44,100,38,147,158,167,26,22,29,120,149,115,108,164,95,71,110,138,116,69,65,13,125,101,75,143,170,30,88,99,153,102,49,4,58,32,145,118,42,48,111,161,14,36,78,140,35,66,92,83,141,62,117,150,57,139,112,73,156,12,123,86,9,60,98,8,82,127,54,97,168,68,131,41,51,157,27,148,21,91,85,24,19,3,47,70,136,11,72,135,144,64,37,114,121,165,6,7,113,134,89,40,106,130,146,126,53,
machine8:0,74,122,119,46,15,79,163,154,10,18,20,147,158,22,29,120,149,164,110,116,69,65,101,75,96,170,99,153,49,42,159,23,111,161,31,35,128,155,150,57,156,152,107,86,9,16,97,68,51,27,148,21,133,72,135,37,114,6,7,45,134,142,40,106,146,126,
machine9:0,74,129,122,119,109,46,15,94,79,76,163,154,10,18,77,50,5,20,1,151,44,100,28,147,158,167,26,22,29,120,137,149,33,115,164,95,71,110,138,116,87,43,69,65,13,125,101,75,96,170,30,160,99,153,102,49,58,145,118,42,159,23,111,161,14,36,78,140,31,35,66,128,155,83,141,62,162,150,57,156,152,12,123,107,86,9,60,98,8,55,54,16,97,2,168,68,41,51,157,27,148,21,91,85,133,24,19,3,70,11,63,72,135,144,37,114,121,6,7,45,134,67,142,89,40,106,130,146,126,
machine10:0,129,94,105,80,163,169,5,20,44,100,158,137,149,33,104,116,69,125,75,96,170,30,88,99,153,102,49,145,118,161,36,78,31,35,66,128,62,57,132,73,156,86,60,98,82,127,54,16,2,168,131,41,51,157,27,21,133,70,136,63,37,114,121,7,134,89,40,106,146,126,53,
machine11:0,74,90,129,119,109,46,15,94,105,166,80,76,84,163,59,154,10,169,39,5,20,1,17,44,100,38,158,167,22,29,137,149,33,108,71,110,104,116,87,43,69,65,125,101,75,96,143,170,30,93,160,88,99,153,102,103,49,4,58,32,145,118,48,23,111,161,14,36,78,140,31,35,66,25,128,92,141,62,57,132,73,156,86,9,60,98,82,127,54,16,97,2,168,131,41,51,157,27,21,133,70,136,63,72,135,144,37,114,121,165,7,113,134,67,142,89,40,106,146,126,53,
machine12:0,74,90,109,46,94,166,80,76,84,163,59,154,169,18,77,50,5,20,1,17,151,44,147,158,81,56,29,120,137,149,33,115,108,164,71,104,116,43,69,65,13,125,101,75,170,30,93,160,88,99,153,102,103,49,4,58,32,145,118,159,23,111,161,14,36,140,31,35,66,25,155,92,83,141,62,117,162,150,57,139,132,112,73,156,12,123,107,86,9,8,82,127,54,16,2,168,68,131,41,51,157,27,148,21,91,133,24,19,3,47,63,72,61,144,64,34,37,114,121,165,7,45,134,67,142,89,40,106,130,146,53,
machine13:0,74,90,94,80,76,84,163,59,154,169,18,50,5,20,1,151,147,158,81,56,29,137,149,115,164,116,69,65,13,125,101,75,170,30,93,160,88,99,153,102,49,4,58,32,145,118,159,23,111,161,14,36,140,31,35,155,92,83,141,62,117,150,57,139,132,112,156,123,86,9,8,82,127,54,16,2,168,68,131,51,157,27,148,21,91,133,24,19,3,63,72,61,144,37,114,121,165,7,45,134,67,142,89,40,106,130,53,
machine14:0,76,84,163,59,154,169,50,147,56,29,149,164,69,65,125,75,170,30,93,58,118,159,111,14,140,35,155,92,83,62,150,132,156,123,86,9,127,54,16,2,168,68,157,27,21,91,133,24,19,63,37,114,121,7,45,89,40,106,53,
machine15:0,74,129,122,119,94,166,79,80,76,84,163,59,154,169,18,39,50,5,20,1,151,44,100,28,158,56,22,29,120,137,149,115,164,110,138,116,43,65,101,75,96,170,30,93,160,88,153,102,103,49,4,58,32,145,118,42,48,159,23,111,161,14,36,78,35,66,25,155,92,83,141,62,117,162,150,57,139,132,73,156,152,12,86,9,60,124,98,8,82,127,55,54,16,97,2,168,68,131,41,51,27,148,21,91,85,133,24,19,3,47,70,136,11,63,72,135,144,34,37,114,121,165,6,7,45,134,67,142,89,40,106,130,146,126,53,
machine16:0,74,84,158,120,137,115,164,138,116,65,101,75,96,170,30,88,153,102,49,145,118,42,159,23,111,161,14,36,78,35,66,155,92,83,141,62,117,150,57,139,156,152,12,86,9,98,8,82,127,54,16,97,2,168,68,131,41,51,27,148,21,91,85,133,24,19,3,70,11,63,72,135,144,34,37,114,121,165,6,7,45,134,67,142,89,40,106,130,146,126,53,
machine17:0,74,158,120,137,115,138,65,75,96,170,30,153,102,49,145,42,111,161,14,66,92,83,141,150,57,139,156,12,9,98,82,54,16,97,2,168,41,27,85,24,3,11,72,135,34,37,114,6,7,45,134,130,53,

1to 1:
1to 2:52,124,103,28,143,152,48,104,76,139,100,140,43,99,53,67,36,137,170,54,102,27,
1to 3:64,122,90,167,123,138,60,9,3,85,66,151,115,116,20,164,168,111,114,125,134,86,158,
1to 4:10,26,22,128,95,109,147,33,31,23,5,94,24,97,8,49,155,70,121,40,41,68,62,16,153,156,
1to 5:105,129,166,25,136,39,110,4,88,29,57,30,69,65,
1to 6:81,107,17,112,61,132,144,84,46,108,47,133,44,1,74,154,120,163,89,82,72,150,106,
1to 7:50,59,79,162,34,117,130,14,160,93,98,96,6,119,19,165,127,32,146,169,142,92,148,118,58,83,63,21,51,37,7,35,
2to 1:16,148,2,89,45,70,164,149,11,97,83,91,162,125,38,57,8,142,12,81,134,146,73,113,21,77,4,
2to 2:
2to 3:156,100,27,117,95,161,52,108,24,
2to 4:69,118,150,116,3,135,6,42,30,15,130,137,167,96,72,28,85,
2to 5:67,82,58,49,75,168,54,7,53,66,165,104,87,76,92,133,63,126,33,109,
2to 6:102,153,170,19,37,13,139,151,34,123,41,131,62,99,25,
2to 7:158,114,65,155,120,154,36,40,110,60,43,145,78,20,18,
3to 1:71,105,26,17,112,22,108,14,141,6,15,32,131,53,121,163,40,30,36,161,170,145,51,54,102,
3to 2:136,130,123,138,85,42,19,154,57,111,118,58,82,68,72,106,69,153,7,
3to 3:
3to 4:77,13,98,18,44,11,151,75,99,78,120,164,89,125,37,
3to 5:113,10,38,143,46,80,60,100,119,140,97,169,70,149,86,158,
3to 6:90,117,147,157,9,3,88,24,127,115,49,116,168,114,35,27,
3to 7:122,48,144,139,47,12,4,91,5,66,74,101,73,29,135,126,134,
4to 1:13,130,50,100,9,79,144,157,60,116,98,140,118,160,74,167,78,42,44,55,106,123,
4to 2:86,77,83,87,12,161,114,95,146,107,110,46,168,45,75,119,33,155,24,63,
4to 3:19,97,135,154,10,70,35,6,5,147,102,145,91,126,149,7,8,
4to 4:
4to 5:71,125,111,41,15,101,21,20,62,14,96,141,31,40,99,128,89,
4to 6:109,158,58,43,30,2,137,76,148,18,65,51,66,69,
4to 7:16,54,68,28,115,133,152,150,57,94,129,151,85,23,163,3,138,11,1,159,156,
5to 1:7,114,119,93,35,109,37,156,90,99,87,132,103,143,59,
5to 2:62,169,21,149,40,89,16,108,78,38,167,31,113,135,
5to 3:92,146,157,39,94,144,72,165,48,15,163,73,29,88,32,
5to 4:27,65,106,126,54,66,134,43,2,161,1,58,76,158,36,57,129,51,142,160,110,46,
5to 5:
5to 6:140,141,20,101,118,75,33,53,71,145,63,5,14,
5to 7:170,86,67,111,116,70,41,44,131,80,84,121,136,25,97,9,100,153,22,49,166,
6to 1:64,166,117,104,56,80,31,23,18,19,66,151,101,29,155,92,111,58,67,68,63,69,
6to 2:61,162,91,3,165,115,49,20,2,163,148,125,145,134,35,
6to 3:71,77,84,46,139,109,14,13,141,12,4,1,169,120,121,40,82,83,41,62,150,51,65,
6to 4:107,159,157,133,140,114,21,86,7,
6to 5:17,103,144,93,9,44,94,127,32,131,74,154,73,146,142,36,161,137,170,16,37,102,153,156,
6to 6:
6to 7:75,8,53,164,168,30,89,45,72,149,106,27,
7to 1:1,20,24,49,62,65,82,88,115,120,126,135,137,150,152,153,154,158,159,76,75,39,47,84,138,124,48,
7to 2:4,8,11,25,32,41,51,73,92,96,133,156,164,116,34,
7to 3:18,21,22,30,37,42,68,78,106,110,127,131,136,148,
7to 4:12,29,35,45,60,67,74,101,102,145,149,168,170,55,141,122,119,162,
7to 5:2,5,27,43,72,118,132,134,98,23,163,
7to 6:36,54,56,57,80,83,86,94,111,121,130,142,146,160,161,165,169,91,59,103,50,
7to 7:

cell1:6,5,2,7,4,3,
cell2:1,7,3,5,4,6,
cell3:5,7,1,4,6,2,
cell4:5,6,1,2,3,7,
cell5:7,4,1,2,6,3,
cell6:1,3,4,2,5,7,
cell7:3,2,1,6,4,5,
