machine1:0,90,139,129,138,84,98,94,105,127,52,148,76,97,57,144,163,59,118,66,168,50,5,14,79,117,111,10,17,151,28,170,38,19,167,81,46,49,122,147,78,137,149,33,9,115,108,130,95,120,26,71,22,101,131,12,104,110,23,7,80,56,77,43,154,36,13,96,125,54,21,29,143,27,30,93,160,155,86,133,135,99,166,75,119,103,91,169,4,114,58,65,68,109,83,92,48,156,35,6,34,3,18,100,31,1,16,25,41,140,44,39,32,15,162,153,132,112,85,51,126,164,152,74,87,123,20,60,124,158,8,2,159,72,70,142,102,45,37,11,88,107,63,82,47,136,61,55,165,62,42,64,116,67,121,145,141,40,134,106,89,161,113,73,69,150,53,24,146,128,157,
machine2:0,84,94,105,127,52,148,97,118,168,79,111,17,170,38,19,78,9,115,130,95,26,22,101,104,110,23,7,80,56,77,154,36,13,96,125,54,29,143,27,93,160,155,86,99,166,75,119,91,169,114,65,68,109,83,92,48,156,35,3,18,100,1,16,41,140,44,39,32,15,153,112,85,51,126,164,74,87,20,60,124,158,8,159,70,142,102,45,37,11,88,63,82,55,165,62,42,64,116,67,145,141,40,134,106,89,161,113,73,69,150,53,24,146,128,157,
machine3:0,127,170,9,26,101,110,23,80,56,77,154,36,96,54,27,86,166,75,119,169,65,68,109,83,92,35,3,18,100,1,16,41,140,44,39,32,15,153,85,51,164,74,87,20,158,159,70,102,37,11,88,63,82,55,165,62,42,116,67,145,141,40,134,106,89,161,73,69,150,53,24,146,128,157,
machine4:0,139,52,148,76,97,57,118,66,117,151,28,81,49,137,33,108,130,120,131,104,110,7,43,13,96,125,54,21,27,30,155,86,133,135,99,103,114,65,83,48,156,35,34,100,31,16,41,140,32,15,162,153,85,51,126,164,152,87,20,124,158,2,72,70,142,102,45,37,82,61,62,67,145,134,89,161,73,69,150,53,24,146,
machine5:0,139,138,52,148,76,97,57,163,118,66,168,117,111,151,28,170,38,19,167,81,46,49,78,137,149,33,115,108,130,95,120,131,12,104,110,7,77,43,154,36,13,96,125,54,21,143,27,30,155,86,133,135,99,75,119,103,91,169,4,114,58,65,68,109,83,92,48,156,35,6,34,3,18,100,31,16,25,41,140,32,15,162,153,85,51,126,164,152,87,123,20,60,124,158,8,2,72,70,142,102,45,37,11,107,63,82,136,61,165,62,42,116,67,145,40,134,106,89,161,113,73,69,150,53,24,146,
machine6:0,90,84,98,127,148,163,118,170,19,49,78,9,115,108,120,26,7,36,13,54,29,30,86,135,75,91,4,114,58,68,83,92,156,35,6,100,140,39,15,153,51,126,74,20,60,158,70,102,47,165,62,42,64,116,121,145,40,134,106,89,69,150,24,146,157,
machine7:0,90,139,138,84,98,94,105,127,52,148,97,57,144,163,118,66,168,5,14,117,111,10,17,151,170,38,19,167,46,49,122,147,78,149,9,115,108,130,95,120,26,71,22,101,131,12,110,7,80,77,154,36,13,125,54,21,29,143,27,30,86,135,99,75,119,91,169,4,114,58,65,68,109,83,92,48,156,35,6,3,18,100,1,41,140,44,39,32,15,153,112,85,51,126,164,74,123,20,60,158,8,72,70,102,37,11,88,82,47,136,165,62,42,64,116,121,145,141,40,134,106,89,161,113,73,69,150,53,24,146,157,
machine8:0,148,97,57,163,79,111,10,170,46,49,122,147,149,9,120,22,101,110,23,7,154,96,21,29,27,155,86,133,135,99,75,119,114,65,68,156,35,6,18,31,16,15,153,51,126,164,152,74,20,158,159,72,142,45,37,107,42,116,40,134,106,161,69,150,146,128,
machine9:0,129,138,98,94,148,76,97,57,144,163,118,66,168,50,5,14,79,111,10,151,28,170,19,167,46,49,122,147,78,137,149,33,9,115,130,95,120,26,71,22,101,12,110,23,7,77,43,154,36,13,96,125,54,21,29,27,30,160,155,86,133,135,99,75,119,91,114,58,65,68,109,83,156,35,6,3,18,100,31,1,16,41,140,44,15,162,153,85,51,126,164,152,74,87,123,20,60,158,8,2,159,72,70,142,102,45,37,11,107,63,55,62,42,116,67,121,145,141,40,134,106,89,161,69,150,24,146,128,157,
machine10:0,129,98,94,105,127,57,163,118,66,168,5,170,49,78,137,149,33,131,104,7,80,36,96,125,54,21,27,30,86,133,99,75,169,114,156,35,100,31,16,41,44,153,132,51,126,20,60,158,2,70,102,37,88,63,82,136,62,116,121,145,40,134,106,89,161,73,69,53,146,128,157,
machine11:0,90,129,84,98,94,105,127,76,97,57,144,163,59,118,66,168,5,14,111,10,17,170,38,167,46,49,78,137,149,33,9,108,71,22,101,131,104,110,23,7,80,43,154,36,96,125,54,21,29,143,27,30,93,160,86,133,135,99,166,75,119,103,169,4,114,58,65,109,92,48,156,35,100,31,1,16,25,41,140,44,39,32,15,153,132,51,126,74,87,20,60,158,2,72,70,142,102,37,88,63,82,136,165,62,116,67,121,145,141,40,134,106,89,161,113,73,69,53,146,128,157,
machine12:0,90,139,84,94,127,148,76,57,144,163,59,118,66,168,50,5,14,117,111,17,151,170,19,81,46,49,147,137,149,33,9,115,108,130,120,71,101,131,12,104,23,7,80,56,77,43,154,36,13,125,54,21,29,27,30,93,160,155,86,133,99,166,75,103,91,169,4,114,58,65,68,109,83,92,156,35,34,3,18,31,1,16,25,41,140,44,32,162,153,132,112,51,164,74,123,20,158,8,2,159,72,142,102,45,37,88,107,63,82,47,61,165,62,64,116,67,121,145,141,40,134,106,89,161,73,69,150,53,24,146,157,
machine13:0,90,139,84,94,127,148,76,57,144,163,59,118,168,50,5,14,117,111,151,170,19,81,49,147,137,149,9,115,130,101,131,23,7,80,56,154,36,13,125,54,21,29,27,30,93,160,155,86,133,99,75,91,169,4,114,58,65,68,83,92,156,35,3,18,31,1,16,140,32,153,132,112,51,164,74,123,20,158,8,2,159,72,142,102,45,37,88,63,82,61,165,62,116,67,121,145,141,40,134,106,89,161,69,150,53,24,157,
machine14:0,84,127,76,163,59,118,168,50,14,111,170,19,147,149,9,7,56,154,125,54,21,29,27,30,93,155,86,133,75,91,169,114,58,65,68,83,92,156,35,16,140,132,164,123,2,159,45,37,63,62,121,40,106,89,69,150,53,24,157,
machine15:0,139,129,138,84,98,94,127,148,76,97,57,144,163,59,118,66,168,50,5,14,79,117,111,151,28,170,19,49,122,78,137,149,9,115,130,120,22,101,131,12,110,23,7,80,56,43,154,36,96,54,21,29,27,30,93,160,155,86,133,135,166,75,119,103,91,169,4,114,58,65,68,83,92,48,156,35,6,34,3,18,100,1,16,25,41,44,39,32,162,153,132,85,51,126,164,152,74,20,60,124,158,8,2,159,72,70,142,102,45,37,11,88,63,82,47,136,55,165,62,42,116,67,121,145,141,40,134,106,89,161,73,150,53,24,146,
machine16:0,139,138,84,98,127,148,97,57,144,118,66,168,14,117,111,170,19,49,78,137,9,115,130,120,101,131,12,23,7,36,96,54,21,27,30,155,86,133,135,75,91,114,65,68,83,92,156,35,6,34,3,16,41,153,85,51,126,164,152,74,158,8,2,159,72,70,142,102,45,37,11,88,63,82,165,62,42,116,67,121,145,141,40,134,106,89,161,150,53,24,146,
machine17:0,139,138,98,97,57,66,168,14,111,170,49,137,9,115,130,120,12,7,96,54,27,30,135,75,114,65,83,92,156,6,34,3,16,41,153,85,74,158,2,72,102,45,37,11,82,42,145,141,134,161,150,53,24,

1to 1:
1to 2:52,124,103,28,143,152,48,104,76,139,100,140,43,99,53,67,36,137,170,54,102,27,
1to 3:64,122,90,167,123,138,60,9,3,85,66,151,115,116,20,164,168,111,114,125,134,86,158,
1to 4:10,26,22,128,95,109,147,33,31,23,5,94,24,97,8,49,155,70,121,40,41,68,62,16,153,156,
1to 5:105,129,166,25,136,39,110,4,88,29,57,30,69,65,
1to 6:81,107,17,112,61,132,144,84,46,108,47,133,44,1,74,154,120,163,89,82,72,150,106,
1to 7:50,59,79,162,34,117,130,14,160,93,98,96,6,119,19,165,127,32,146,169,142,92,148,118,58,83,63,21,51,37,7,35,
2to 1:16,148,2,89,45,70,164,149,11,97,83,91,162,125,38,57,8,142,12,81,134,146,73,113,21,77,4,
2to 2:
2to 3:156,100,27,117,95,161,52,108,24,
2to 4:69,118,150,116,3,135,6,42,30,15,130,137,167,96,72,28,85,
2to 5:67,82,58,49,75,168,54,7,53,66,165,104,87,76,92,133,63,126,33,109,
2to 6:102,153,170,19,37,13,139,151,34,123,41,131,62,99,25,
2to 7:158,114,65,155,120,154,36,40,110,60,43,145,78,20,18,
3to 1:71,105,26,17,112,22,108,14,141,6,15,32,131,53,121,163,40,30,36,161,170,145,51,54,102,
3to 2:136,130,123,138,85,42,19,154,57,111,118,58,82,68,72,106,69,153,7,
3to 3:
3to 4:77,13,98,18,44,11,151,75,99,78,120,164,89,125,37,
3to 5:113,10,38,143,46,80,60,100,119,140,97,169,70,149,86,158,
3to 6:90,117,147,157,9,3,88,24,127,115,49,116,168,114,35,27,
3to 7:122,48,144,139,47,12,4,91,5,66,74,101,73,29,135,126,134,
4to 1:9,42,44,55,60,74,78,98,100,106,116,118,123,140,144,157,160,167,130,79,13,50,
4to 2:12,24,33,45,46,63,75,83,86,95,110,114,119,146,155,161,168,107,87,77,
4to 3:5,6,7,8,19,35,70,91,97,102,126,135,145,147,149,154,10,
4to 4:
4to 5:14,15,20,21,31,40,41,62,89,96,99,101,111,125,128,141,71,
4to 6:2,18,30,43,51,58,65,66,69,76,137,148,158,109,
4to 7:1,3,11,16,23,54,57,68,85,94,115,129,133,138,150,151,156,159,163,152,28,
5to 1:7,114,119,93,35,109,37,156,90,99,87,132,103,143,59,
5to 2:62,169,21,149,40,89,16,108,78,38,167,31,113,135,
5to 3:92,146,157,39,94,144,72,165,48,15,163,73,29,88,32,
5to 4:27,65,106,126,54,66,134,43,2,161,1,58,76,158,36,57,129,51,142,160,110,46,
5to 5:
5to 6:140,141,20,101,118,75,33,53,71,145,63,5,14,
5to 7:170,86,67,111,116,70,41,44,131,80,84,121,136,25,97,9,100,153,22,49,166,
6to 1:64,166,117,104,56,80,31,23,18,19,66,151,101,29,155,92,111,58,67,68,63,69,
6to 2:61,162,91,3,165,115,49,20,2,163,148,125,145,134,35,
6to 3:71,77,84,46,139,109,14,13,141,12,4,1,169,120,121,40,82,83,41,62,150,51,65,
6to 4:107,159,157,133,140,114,21,86,7,
6to 5:17,103,144,93,9,44,94,127,32,131,74,154,73,146,142,36,161,137,170,16,37,102,153,156,
6to 6:
6to 7:75,8,53,164,168,30,89,45,72,149,106,27,
7to 1:1,20,24,49,62,65,82,88,115,120,126,135,137,150,152,153,154,158,159,76,75,39,47,84,138,124,48,
7to 2:4,8,11,25,32,41,51,73,92,96,133,156,164,116,34,
7to 3:18,21,22,30,37,42,68,78,106,110,127,131,136,148,
7to 4:12,29,35,45,60,67,74,101,102,145,149,168,170,55,141,122,119,162,
7to 5:2,5,27,43,72,118,132,134,98,23,163,
7to 6:36,54,56,57,80,83,86,94,111,121,130,142,146,160,161,165,169,91,59,103,50,
7to 7:

cell1:6,5,2,7,4,3,
cell2:1,7,3,5,4,6,
cell3:5,7,1,4,6,2,
cell4:6,3,7,5,2,1,
cell5:7,4,1,2,6,3,
cell6:1,3,4,2,5,7,
cell7:3,2,1,6,4,5,
