machine1:0,59,49,38,65,20,76,21,72,3,92,29,61,2,14,27,91,44,30,13,70,82,99,7,37,9,32,79,69,48,31,25,56,43,94,97,87,18,42,62,95,60,46,11,6,83,23,53,78,90,63,4,26,84,88,34,81,35,28,100,74,68,47,19,52,8,15,98,36,89,86,33,85,
machine2:0,59,49,22,38,65,20,76,21,72,3,12,51,54,92,29,61,2,14,27,91,44,50,17,30,13,96,70,40,82,64,99,7,37,9,32,79,69,73,71,48,31,77,25,56,43,94,97,87,18,10,55,57,75,5,42,62,95,60,46,39,11,6,93,83,23,53,78,90,63,4,26,66,84,88,34,81,67,35,28,100,74,68,47,80,19,52,45,8,58,15,98,36,89,1,86,16,33,41,24,85,
machine3:0,49,22,20,21,72,12,51,54,92,29,61,14,44,70,40,82,64,37,9,32,69,71,48,31,94,18,55,57,5,42,62,46,6,23,78,63,4,66,67,35,74,68,47,19,45,8,58,15,98,36,1,86,16,33,41,
machine4:0,49,22,20,76,21,72,3,12,51,54,92,29,61,14,27,91,44,13,70,40,82,64,7,37,9,32,79,69,73,71,48,31,77,43,94,97,87,18,55,57,75,5,42,62,60,46,39,11,6,83,23,53,78,90,63,4,26,66,84,88,34,81,67,35,100,74,68,47,80,19,52,45,8,58,15,98,36,89,1,86,16,33,41,24,
machine5:0,38,20,76,21,12,92,29,2,91,13,96,40,99,37,32,71,77,56,43,94,87,18,10,55,57,62,95,60,46,39,11,6,93,83,23,53,78,4,26,66,84,81,35,28,74,68,47,80,45,8,58,15,98,36,89,1,86,16,33,41,24,85,
machine6:0,59,38,20,76,21,3,12,51,92,29,61,2,14,27,91,44,17,30,13,96,70,40,82,64,99,7,37,9,32,69,73,71,48,31,77,25,56,43,94,97,87,18,10,55,57,75,5,42,62,95,60,46,39,11,6,93,83,23,53,78,90,63,4,26,66,84,88,34,81,67,35,28,100,74,68,47,80,19,52,45,8,58,15,98,36,89,1,86,16,33,41,24,85,
machine7:0,59,22,38,65,72,51,92,29,14,50,17,13,70,82,99,37,9,69,71,25,56,43,18,55,62,60,93,83,90,63,4,26,88,34,67,35,100,68,47,80,19,52,45,58,98,36,89,1,16,41,24,
machine8:0,59,49,22,38,65,72,51,54,92,29,14,27,44,50,17,30,13,96,70,82,64,99,37,9,79,69,73,71,48,25,56,43,94,97,18,10,55,75,5,62,95,60,46,93,83,23,90,63,4,26,66,84,88,34,81,67,35,28,100,74,68,47,80,19,52,45,58,15,98,36,89,1,86,16,33,41,24,85,
machine9:0,21,3,61,2,14,27,91,50,17,30,96,40,82,99,79,71,77,56,97,10,55,75,42,95,46,11,6,93,83,23,78,90,63,26,66,67,28,100,74,80,19,52,45,8,15,89,1,86,16,33,41,24,85,
machine10:0,22,38,65,20,21,72,3,54,92,61,2,14,27,91,50,17,30,96,70,40,82,99,7,32,79,69,73,71,48,31,77,25,56,97,18,10,55,57,75,5,42,62,95,60,46,39,11,6,93,83,23,53,78,90,63,4,26,66,84,88,34,67,35,28,100,74,68,47,80,19,52,45,8,58,15,98,36,89,1,86,16,33,41,24,85,

1to 1:
1to 2:15,94,58,55,49,75,43,22,86,63,82,98,6,97,54,41,
1to 3:80,57,8,28,73,29,25,34,87,42,40,14,13,64,81,4,76,62,18,44,59,
1to 4:23,89,83,93,33,19,92,9,90,16,51,48,65,85,66,99,24,
1to 5:2,88,69,10,96,78,77,30,5,45,61,84,50,68,27,31,60,70,67,17,100,72,21,95,
2to 1:76,61,27,31,60,66,46,18,26,90,19,16,1,
2to 2:
2to 3:20,12,91,51,7,24,39,77,9,70,92,43,37,5,78,94,88,35,36,83,15,89,
2to 4:49,54,79,73,64,14,97,47,71,67,62,80,68,
2to 5:3,22,32,53,75,82,57,6,11,42,34,23,63,4,98,8,52,74,
3to 1:36,86,92,100,82,78,84,24,21,10,75,70,98,6,30,3,7,56,12,20,37,99,
3to 2:62,8,80,16,81,11,57,87,4,32,61,53,42,19,26,69,13,33,
3to 3:
3to 4:18,88,41,96,45,52,94,1,74,63,46,27,44,59,5,29,
3to 5:35,83,66,93,47,55,40,73,90,39,71,58,97,38,48,91,14,15,
4to 1:74,41,58,67,71,64,13,38,95,81,35,45,25,50,43,96,
4to 2:89,23,36,84,9,52,37,60,72,100,29,51,48,83,1,34,44,27,
4to 3:98,86,47,33,66,69,30,75,55,10,68,85,17,
4to 4:
4to 5:80,62,19,26,92,46,56,99,54,79,28,
5to 1:47,93,33,79,65,48,91,55,32,89,52,34,39,97,28,85,11,53,
5to 2:45,68,46,14,71,5,18,20,24,90,40,73,7,77,88,21,
5to 3:67,41,2,31,60,3,26,16,23,63,1,74,56,95,
5to 4:35,86,84,100,70,72,38,69,4,58,17,36,82,15,25,22,
5to 5:

cell1:4,5,2,3,
cell2:3,5,4,1,
cell3:2,4,5,1,
cell4:3,5,1,2,
cell5:4,3,2,1,
