machine1:0,93,2,53,17,143,92,66,127,63,34,111,79,147,21,18,48,20,85,83,61,136,106,10,113,141,7,39,110,142,76,139,47,123,58,25,65,91,19,8,4,150,90,86,57,42,96,60,32,67,104,107,12,75,29,134,55,64,56,97,89,35,68,1,3,109,43,78,45,13,98,120,50,26,77,14,9,
machine2:0,2,145,53,131,31,71,143,92,33,49,111,122,21,114,48,121,54,85,106,10,113,39,132,59,72,142,102,5,146,139,23,47,123,58,25,101,22,30,4,150,86,44,57,80,74,42,124,60,144,32,67,104,100,107,133,84,75,134,36,130,118,56,97,89,35,68,81,128,105,1,3,149,78,116,13,125,98,115,46,120,119,50,14,9,73,
machine3:0,93,2,53,17,131,71,126,33,127,49,34,108,111,21,18,114,48,54,61,136,10,141,39,132,23,6,58,137,101,19,8,150,148,86,44,57,124,60,67,104,100,107,133,12,134,64,56,97,81,128,1,3,149,116,45,13,125,24,98,11,120,119,69,95,73,
machine4:0,112,2,145,40,53,31,143,92,66,127,63,129,79,122,147,18,114,48,20,103,54,61,106,10,38,7,59,110,72,102,76,139,23,47,123,82,58,27,137,22,91,15,30,150,148,90,135,74,124,60,144,29,41,118,89,35,68,81,105,1,37,43,78,116,45,11,16,140,26,52,14,95,
machine5:0,62,93,2,40,53,17,131,143,92,126,33,49,87,51,108,79,122,147,21,18,48,121,103,83,61,10,113,141,7,39,132,59,110,142,139,47,123,6,25,101,19,8,148,90,86,44,57,135,80,42,96,32,67,104,133,84,12,70,29,134,130,41,55,56,128,105,1,99,45,24,98,115,46,11,28,50,26,69,77,52,73,
machine6:0,62,93,145,53,17,143,92,49,63,51,108,122,21,48,121,54,83,61,136,106,10,38,72,142,102,5,146,139,47,25,101,22,8,150,90,86,44,57,60,32,104,100,107,133,84,12,29,36,41,64,97,68,128,1,3,109,78,13,138,46,11,120,26,95,
machine7:0,93,2,53,17,31,71,92,126,33,108,122,21,18,48,121,94,103,54,85,136,106,113,7,132,72,142,102,23,47,123,82,25,91,19,8,150,86,44,80,42,124,100,107,12,134,36,130,97,35,81,128,1,3,117,45,138,24,98,120,16,140,50,69,77,9,
machine8:0,112,2,40,131,31,92,126,49,63,51,108,111,79,122,114,94,103,54,85,136,141,39,59,110,142,102,139,27,65,19,8,30,150,90,57,42,67,107,133,84,70,75,29,41,118,56,35,81,128,1,3,117,109,43,149,116,13,138,24,46,16,26,95,
machine9:0,62,2,53,17,71,127,87,34,108,79,122,147,18,48,20,103,83,61,106,10,38,39,132,110,72,102,146,139,58,25,91,19,4,150,44,57,42,124,144,104,107,133,75,29,130,97,128,105,1,99,109,43,78,116,45,24,46,88,
machine10:0,93,112,145,40,53,131,71,143,66,33,87,34,51,108,111,122,147,48,20,54,83,10,113,141,132,72,146,123,82,6,58,137,101,22,19,150,148,44,80,124,60,32,12,130,41,56,89,35,68,128,3,109,78,45,13,125,98,119,26,
machine11:0,112,145,17,131,31,71,143,92,33,127,49,87,63,34,108,122,147,21,18,114,121,20,103,54,61,10,113,38,7,39,132,110,72,142,102,5,146,76,139,47,82,58,27,65,101,22,91,150,90,44,57,135,42,96,60,144,32,100,84,75,29,134,41,56,89,81,1,37,99,149,116,13,115,46,88,140,52,14,
machine12:0,93,112,145,17,31,71,143,126,33,127,63,34,129,108,79,21,18,114,48,121,20,54,61,136,113,141,7,59,142,102,146,139,47,6,25,27,101,91,19,30,4,150,44,135,80,74,42,96,60,32,104,133,70,29,130,118,56,97,89,81,128,105,1,37,99,117,109,43,149,116,45,13,46,11,16,28,50,69,77,
machine13:0,62,93,112,40,53,17,131,31,143,92,33,127,87,63,51,108,111,122,21,18,114,48,121,103,54,85,83,61,10,113,141,7,39,72,142,102,146,76,47,6,25,27,65,137,101,91,15,8,86,57,135,42,144,70,130,41,118,55,56,35,128,105,3,117,78,116,24,98,115,46,88,16,77,14,95,9,
machine14:0,62,93,145,40,53,31,71,92,127,49,87,34,108,111,79,122,147,21,18,114,48,121,20,103,54,83,106,10,113,38,7,132,59,72,142,146,82,6,25,137,101,22,19,8,4,150,148,90,57,80,96,124,144,32,67,100,107,12,70,75,134,41,55,68,81,3,109,43,149,45,13,24,98,46,88,120,119,28,50,26,77,73,
machine15:0,62,93,112,2,145,40,53,131,92,126,66,33,127,49,34,129,108,111,122,147,114,48,94,54,85,83,61,136,106,10,113,38,141,7,132,59,110,72,102,5,146,139,23,47,123,82,58,27,65,101,91,19,15,30,150,148,86,44,57,135,80,74,42,96,32,100,133,84,12,75,29,36,130,64,56,89,81,105,3,117,109,43,149,78,45,13,125,24,115,46,11,119,140,52,95,
machine16:0,112,2,145,131,143,92,66,33,127,49,63,34,51,129,108,79,122,147,21,18,48,20,94,103,54,85,83,61,136,10,113,38,7,39,132,59,110,142,102,146,76,23,123,82,6,58,25,65,101,91,19,15,150,148,90,86,135,74,124,60,144,32,67,100,70,29,36,130,118,56,97,89,35,128,105,1,3,43,149,116,45,13,125,115,120,140,50,26,69,77,52,95,73,
machine17:0,62,112,2,53,31,71,143,92,126,127,49,87,63,34,51,129,79,122,18,114,121,20,94,85,61,106,113,39,132,72,142,5,146,139,123,82,58,25,27,137,101,91,19,15,30,4,150,148,90,86,44,57,135,80,74,42,124,60,32,67,107,133,29,134,55,64,56,97,35,81,105,3,99,109,149,78,125,138,46,119,16,28,69,52,
machine18:0,93,2,40,71,143,126,66,33,127,49,87,63,34,51,108,111,79,122,21,18,48,103,83,61,136,106,10,113,7,142,146,76,47,82,58,25,27,65,137,101,22,91,150,90,86,44,57,135,80,74,42,124,60,144,32,67,107,133,84,70,75,134,130,55,56,97,35,1,3,99,109,149,78,116,45,138,24,98,46,88,16,14,95,
machine19:0,93,112,2,145,53,17,31,92,66,33,127,49,87,63,34,51,108,79,147,114,48,121,20,54,85,83,61,136,106,10,38,141,39,132,110,142,102,146,76,139,47,6,25,101,22,91,19,15,8,150,148,90,57,42,124,60,32,100,107,133,12,75,130,41,118,56,89,68,81,128,3,37,99,117,109,43,78,13,125,115,119,28,26,69,52,14,73,
machine20:0,93,112,2,145,40,53,131,31,71,143,92,127,34,51,129,108,111,122,147,21,18,114,48,94,103,83,61,10,113,38,141,132,59,110,72,142,102,5,76,139,47,123,82,6,58,25,27,137,101,91,19,15,8,30,4,150,90,86,44,135,80,124,60,144,107,133,84,12,70,75,29,134,36,130,55,35,81,128,1,3,117,43,149,78,116,45,13,125,138,24,98,11,120,119,16,50,69,52,95,9,
machine21:0,62,93,112,2,145,40,53,31,71,143,92,66,33,49,63,108,111,79,122,147,21,18,114,48,121,20,94,103,85,83,61,136,106,10,38,110,72,142,5,139,47,82,6,58,25,65,137,101,22,91,19,8,4,148,90,44,57,80,42,96,124,60,144,32,67,100,107,133,75,134,130,41,55,56,35,68,105,1,3,99,117,109,149,116,45,125,24,98,16,28,140,50,69,77,14,95,
machine22:0,62,93,112,2,145,53,17,131,31,71,143,92,66,33,49,87,34,51,108,111,79,122,147,18,114,48,20,94,103,54,85,83,61,106,113,141,39,132,59,110,72,142,102,146,139,23,47,82,6,58,25,27,65,101,19,15,30,150,148,90,86,44,80,42,124,60,144,67,100,107,133,12,70,29,134,130,41,55,56,97,128,105,99,117,109,43,78,116,13,24,46,88,11,120,119,28,140,9,73,
machine23:0,62,93,112,2,40,53,17,131,31,71,92,66,33,127,49,87,63,34,129,108,79,122,147,21,18,114,48,121,20,103,54,83,136,106,10,113,141,39,59,110,72,142,102,5,76,139,47,123,82,6,58,25,65,137,101,91,19,8,30,4,150,90,86,57,135,80,42,124,60,144,32,67,104,100,133,12,70,134,130,56,97,35,81,128,105,3,99,109,43,149,78,116,13,125,138,24,98,115,88,120,119,28,50,26,69,
machine24:0,93,112,2,145,53,131,31,71,33,127,49,34,129,108,111,79,122,147,21,18,48,94,103,54,83,61,136,106,10,113,141,7,132,59,142,102,5,76,139,23,47,123,82,6,58,27,65,101,22,19,4,150,90,57,74,42,124,60,144,100,133,12,70,75,29,134,130,41,89,35,68,105,1,37,99,117,43,116,45,13,125,138,24,46,88,11,16,28,140,26,52,14,95,73,
machine25:0,62,93,112,2,40,53,17,131,143,92,126,33,127,49,87,63,108,111,79,122,147,21,18,114,48,121,20,94,103,54,83,61,136,106,113,141,7,39,59,142,102,5,146,76,139,47,82,25,65,137,101,22,91,19,8,30,4,150,90,44,80,74,42,60,144,32,67,100,107,84,70,75,29,134,36,41,118,64,56,97,89,35,68,128,105,3,117,109,149,78,116,45,125,24,115,120,16,50,95,73,
machine26:0,62,112,2,145,40,53,71,143,92,33,127,49,63,34,108,111,79,122,147,21,48,20,103,54,83,61,136,10,113,7,132,59,110,72,142,102,146,76,139,47,82,6,58,25,27,65,101,91,19,8,4,150,148,90,86,44,135,80,42,124,60,32,67,100,107,133,84,70,29,134,36,130,118,64,56,97,89,35,128,105,1,3,99,109,149,78,45,125,98,11,120,28,69,77,14,
machine27:0,62,93,112,2,145,53,17,131,31,71,143,92,33,127,49,108,111,122,147,21,18,114,48,20,94,103,54,61,136,106,10,113,38,141,7,39,132,110,72,142,102,23,47,82,58,25,65,137,101,22,91,19,15,8,30,150,90,86,57,135,74,42,96,124,60,144,32,67,100,133,84,12,70,29,134,36,130,89,35,128,105,1,3,109,43,149,78,45,13,125,138,24,98,46,88,120,119,28,26,52,9,
machine28:0,93,112,2,53,131,31,71,143,92,33,127,63,51,108,111,79,122,21,18,114,48,121,20,94,103,85,83,61,106,10,113,38,141,7,132,59,72,142,102,146,76,139,23,47,123,82,6,58,25,27,65,137,101,22,91,19,15,8,30,4,150,148,44,57,80,74,42,124,144,32,67,104,107,133,12,75,29,130,64,56,97,89,35,68,81,105,3,117,43,149,78,45,13,125,24,98,120,119,16,140,50,69,52,14,95,73,
machine29:0,62,93,112,145,131,31,143,66,33,127,49,87,34,108,111,147,21,18,114,48,121,20,94,103,83,61,136,106,10,113,38,7,39,132,59,72,142,102,146,139,47,123,82,25,65,137,101,19,15,30,4,150,90,44,80,74,42,124,60,144,67,104,100,107,133,84,12,70,29,36,130,118,64,56,97,35,81,128,1,3,37,99,117,109,43,149,78,116,45,13,24,98,46,11,16,50,14,95,9,73,
machine30:0,62,93,112,2,40,17,131,31,71,143,92,127,49,63,51,129,108,111,79,122,21,18,114,48,121,20,94,103,54,83,61,106,10,113,38,141,7,39,132,59,72,142,102,5,139,47,123,82,6,58,25,27,65,101,22,91,15,8,30,4,150,90,86,44,57,80,74,42,60,144,32,67,104,100,107,133,84,29,130,56,89,35,68,81,128,105,1,3,117,149,116,45,13,24,115,46,88,120,119,16,28,140,26,69,77,14,
machine31:0,62,93,112,2,145,40,53,17,131,31,143,92,126,66,33,127,49,34,51,108,111,79,122,147,21,114,48,121,20,94,103,54,136,10,113,38,141,39,132,72,142,146,76,139,23,47,123,58,25,137,101,91,15,8,4,150,148,86,44,80,42,124,60,67,104,100,107,133,70,75,29,134,36,41,55,64,97,89,35,68,128,105,3,109,149,78,45,13,125,138,98,11,120,119,16,50,26,52,73,
machine32:0,112,2,145,40,53,17,131,71,92,66,33,127,49,87,63,34,108,111,79,122,21,18,114,48,121,20,103,54,85,61,106,7,39,132,59,142,102,139,23,47,123,6,25,101,22,91,19,15,8,4,148,90,86,57,135,96,124,60,144,67,104,100,84,12,75,29,36,41,118,55,64,56,89,35,81,128,1,3,99,117,109,149,116,45,125,138,24,98,88,11,119,16,140,26,52,14,9,
machine33:0,62,93,112,2,145,40,53,17,131,31,71,92,33,127,49,87,63,51,108,111,79,122,147,21,114,48,121,20,94,103,54,83,61,136,106,10,113,38,141,7,39,132,59,110,72,142,102,5,146,76,139,47,123,82,6,25,65,137,101,22,91,19,15,8,150,90,86,44,57,80,74,42,60,144,32,67,100,107,133,75,29,36,130,64,56,97,89,81,105,3,37,109,13,125,138,98,46,119,16,140,50,26,69,77,14,73,
machine34:0,62,112,2,145,40,131,71,143,92,66,33,127,34,129,108,111,147,21,18,114,48,20,103,54,83,61,106,10,113,38,7,132,110,72,142,146,139,47,123,6,25,65,101,91,19,15,8,150,148,90,86,44,57,42,96,124,60,144,67,104,100,107,133,12,70,75,29,134,130,41,118,55,56,97,89,35,81,105,1,3,37,117,109,149,78,116,45,13,24,98,115,46,88,28,140,50,77,95,
machine35:0,62,93,112,2,145,40,53,17,131,31,71,143,92,126,66,33,127,49,87,63,34,51,129,108,111,79,147,21,18,114,121,20,94,103,54,85,61,136,106,10,113,38,141,7,39,132,59,110,72,142,102,146,76,123,82,58,25,27,65,137,101,91,19,150,148,90,86,44,57,135,80,74,42,96,124,60,144,67,104,100,107,133,84,12,70,75,29,134,130,41,118,64,56,97,89,81,128,105,1,3,99,117,109,43,149,78,116,45,13,125,138,24,98,115,46,88,120,119,16,140,50,95,
machine36:0,62,93,112,2,145,40,53,17,131,31,71,143,92,66,33,127,49,87,63,34,51,129,108,111,79,122,21,18,114,48,20,103,54,83,61,106,10,38,141,7,39,132,59,110,72,142,102,5,139,23,47,123,82,58,25,27,65,137,101,22,91,19,8,30,4,150,148,90,86,44,57,135,80,42,60,144,32,104,100,107,133,84,70,75,29,130,41,118,64,56,97,89,68,81,128,1,37,99,117,43,149,78,116,45,13,125,24,88,11,16,28,140,50,26,69,77,52,14,9,73,

1to 1:
1to 2:4,8,13,18,24,25,26,29,33,34,35,40,41,44,45,48,49,50,51,54,57,58,61,64,66,67,75,76,78,80,82,86,87,89,90,96,97,98,101,103,105,106,107,110,114,123,127,130,131,132,134,141,143,145,146,147,150,92,102,52,133,10,72,11,32,81,60,1,124,95,126,139,85,135,112,12,21,19,22,42,121,122,120,128,142,111,30,53,2,7,
1to 3:3,11,13,14,17,18,19,23,24,25,31,33,34,35,36,39,41,42,44,47,48,52,53,56,58,59,60,61,66,74,77,80,83,84,86,87,89,92,96,97,98,100,104,105,106,107,114,115,118,119,123,124,127,128,130,135,136,137,139,141,144,146,148,150,4,6,10,65,113,46,49,85,142,64,81,57,68,15,43,121,21,26,2,133,112,122,45,72,149,132,
1to 4:1,3,8,10,13,18,19,20,21,29,31,35,39,46,48,49,51,53,54,55,57,58,59,66,67,68,73,74,76,77,79,80,86,89,90,92,95,98,100,101,105,108,110,114,115,119,122,125,127,136,137,141,146,147,150,33,45,38,42,12,14,103,124,139,148,15,82,17,123,132,25,128,32,65,43,126,133,113,7,26,27,60,2,62,81,85,69,99,135,149,
1to 5:8,12,13,14,15,19,23,24,29,30,31,32,33,35,39,40,43,44,45,47,55,56,57,58,59,60,61,67,68,69,73,75,76,78,82,83,84,90,91,98,101,103,106,107,108,110,114,116,119,120,122,125,128,131,132,134,140,141,149,150,4,38,62,85,139,6,105,111,2,142,97,148,124,71,95,86,113,133,72,92,48,53,11,143,112,1,9,25,99,
1to 6:1,3,7,8,10,12,13,18,19,20,21,24,33,37,40,42,45,46,47,48,50,52,53,54,56,57,58,59,60,61,63,64,66,67,68,69,73,74,75,76,78,79,82,84,87,89,90,92,93,95,97,100,103,105,107,108,110,115,116,119,122,123,124,127,130,133,134,137,141,144,146,147,149,150,113,43,71,6,99,14,101,65,2,121,32,128,86,49,72,120,17,25,80,
1to 7:1,3,13,14,18,19,24,26,29,30,31,34,38,39,44,48,51,52,54,57,58,59,67,73,74,75,77,78,79,83,86,89,90,98,102,105,106,107,108,110,113,119,120,123,125,127,130,131,136,137,141,143,144,145,146,147,148,150,149,4,53,134,97,122,43,71,132,12,2,22,69,42,10,32,104,21,64,133,139,27,85,70,142,124,45,92,68,
1to 8:1,2,8,12,13,14,21,23,25,28,29,32,34,35,39,41,44,46,47,48,50,51,54,59,61,66,67,69,71,73,75,78,79,83,84,89,90,91,92,95,97,98,101,105,106,107,108,113,114,116,119,120,121,122,123,124,127,128,130,131,132,136,137,141,145,146,147,149,150,143,62,139,38,133,64,104,4,22,26,49,111,45,65,68,15,11,81,72,17,27,103,53,31,10,
1to 9:2,3,7,10,13,14,18,19,22,29,33,34,37,41,44,47,48,50,53,54,55,56,59,60,61,67,69,71,74,75,77,78,79,86,89,90,92,96,98,100,103,105,106,110,119,122,123,124,125,130,131,136,139,148,150,12,101,4,15,133,143,142,26,132,9,17,93,104,107,111,112,135,42,45,64,57,121,99,
1to 10:1,3,13,18,24,28,29,34,39,41,43,44,47,48,49,50,54,56,57,60,61,73,75,76,78,82,84,86,87,90,91,92,93,98,100,103,104,107,110,114,116,120,124,125,127,129,130,134,136,137,140,141,142,143,144,146,150,79,135,70,101,21,118,132,19,99,51,85,123,81,149,53,145,58,17,64,45,68,97,10,4,25,113,2,38,133,
2to 1:3,7,10,12,13,17,19,21,24,26,29,31,32,34,35,36,37,38,39,41,42,45,47,51,53,56,57,58,63,67,68,71,72,75,79,82,85,86,91,92,93,95,97,100,102,105,106,107,108,110,111,113,116,119,121,123,127,128,130,132,137,139,141,142,144,146,149,1,8,54,50,48,98,145,30,89,90,60,133,131,44,84,114,2,83,61,78,87,103,124,148,150,122,
2to 2:
2to 3:4,5,10,13,14,17,19,21,24,27,31,35,38,43,44,45,46,47,53,56,57,58,60,61,63,66,67,75,77,78,80,82,91,92,94,98,100,102,104,106,107,109,112,116,117,119,127,128,130,132,142,145,146,149,150,95,8,25,34,113,93,124,33,32,118,121,126,71,81,39,83,143,59,111,30,108,114,29,72,101,18,3,7,42,48,141,103,131,54,
2to 4:1,2,10,12,13,14,16,20,21,25,26,27,29,31,35,41,42,45,46,47,50,51,53,56,57,58,63,64,67,68,71,77,78,79,82,84,86,87,90,91,94,99,100,105,106,107,108,110,112,113,114,115,119,121,122,123,124,130,131,132,133,135,136,138,139,142,144,145,146,147,149,150,59,83,102,3,18,48,49,34,118,101,103,52,81,44,134,30,19,111,143,39,54,92,33,95,109,7,61,32,60,141,72,
2to 5:1,3,6,10,11,13,14,16,21,22,24,29,31,32,35,36,38,40,41,43,44,45,47,49,53,56,58,60,61,63,65,66,67,71,72,75,78,79,80,81,82,85,88,92,94,98,99,100,102,105,106,107,109,110,111,113,114,119,120,121,122,125,127,128,133,139,140,141,142,143,144,145,149,25,54,83,8,48,19,108,2,150,93,42,59,18,50,131,34,91,134,103,90,112,146,12,101,135,
2to 6:3,5,8,12,13,16,17,19,20,22,24,26,35,37,39,41,42,46,49,53,56,57,58,63,67,69,79,80,82,86,87,88,91,93,97,99,100,103,106,109,110,111,112,116,119,120,121,123,125,128,130,132,134,137,141,142,143,147,149,150,54,10,95,60,102,124,1,59,32,40,90,136,2,50,61,101,92,31,131,43,33,48,108,139,18,7,81,117,89,114,138,29,
2to 7:10,12,13,18,24,26,27,31,33,34,35,36,38,42,45,46,47,49,53,54,56,58,61,62,63,65,70,71,78,82,83,86,90,91,92,93,100,103,104,106,109,110,111,114,120,123,124,125,127,132,133,136,139,142,145,149,150,29,44,97,3,59,112,1,25,48,50,7,84,2,98,134,113,101,121,128,32,102,122,118,147,30,8,19,130,143,72,99,89,108,
2to 8:1,7,8,10,13,16,17,20,21,23,24,26,27,29,31,33,34,35,36,38,41,44,45,46,47,49,50,51,56,57,58,62,63,64,65,66,67,69,71,75,78,79,81,83,87,88,91,92,93,94,97,100,104,107,109,113,114,116,120,123,127,130,132,136,138,139,140,142,143,145,146,147,149,48,101,133,61,112,121,98,131,2,108,30,99,150,60,118,128,42,111,72,25,84,90,102,122,3,39,
2to 9:3,5,7,13,14,17,19,21,34,36,37,41,45,46,47,49,50,53,57,60,63,64,67,72,75,76,77,80,81,82,88,90,92,93,100,102,103,104,105,106,109,110,116,123,127,130,132,135,139,142,143,144,146,149,44,98,150,112,39,48,138,2,87,114,71,89,124,42,111,8,1,32,128,113,54,12,33,78,84,10,61,91,131,83,22,95,29,108,
2to 10:2,4,12,13,16,17,18,19,20,24,26,32,38,39,41,42,45,46,47,48,49,51,53,57,58,60,62,63,65,70,71,72,75,78,79,80,82,85,86,87,88,89,91,93,98,100,103,104,107,110,112,118,120,123,127,128,130,132,135,137,139,140,141,143,144,131,43,50,7,44,34,124,138,92,81,84,101,61,90,1,54,102,133,10,111,99,106,134,121,114,97,29,
3to 1:1,2,3,4,5,8,11,12,13,15,18,19,21,25,26,29,30,32,35,37,42,43,45,47,48,49,50,51,54,59,60,61,69,70,72,73,74,76,78,83,86,91,93,95,96,97,98,101,104,107,108,109,111,119,123,124,125,131,133,134,135,137,139,142,143,145,146,147,148,149,150,75,118,44,81,90,132,57,10,6,79,92,121,38,127,141,122,33,114,128,105,56,7,53,82,9,
3to 2:1,2,3,6,10,11,12,13,18,19,21,22,24,25,26,27,29,33,34,35,38,40,42,45,46,47,48,49,52,53,54,58,60,61,62,67,68,69,70,71,72,78,83,86,87,93,100,101,102,106,108,109,111,114,122,130,135,141,142,143,145,146,147,127,117,126,65,7,89,113,82,88,90,8,44,79,81,85,128,63,132,56,110,32,75,57,92,
3to 3:
3to 4:2,3,7,13,14,15,16,19,20,21,24,25,29,31,32,33,34,35,42,43,45,51,54,57,58,62,67,69,71,72,73,76,78,80,81,82,83,88,89,93,99,102,103,105,108,112,114,116,118,124,125,131,133,135,137,139,141,143,144,145,146,149,122,117,109,41,55,110,8,79,18,106,87,70,128,92,121,74,56,130,5,132,150,101,27,53,91,127,4,28,6,46,113,
3to 5:1,3,4,8,10,11,15,16,18,19,21,24,25,27,29,30,31,32,33,35,40,42,43,45,46,47,48,49,50,54,57,59,62,67,69,70,71,72,78,79,80,81,82,83,86,91,94,96,98,99,100,101,102,103,108,111,112,113,117,119,120,128,130,131,133,135,140,148,150,44,90,141,65,142,85,41,93,114,106,110,145,109,56,77,137,53,92,105,55,95,121,5,9,
3to 6:3,7,8,10,13,14,16,17,20,21,24,31,33,34,37,40,42,43,44,47,48,49,50,53,54,58,59,61,70,73,80,81,83,87,94,97,99,100,102,103,104,106,108,109,112,113,114,116,120,123,124,125,132,139,142,145,146,147,32,56,57,25,141,65,74,122,41,115,4,121,90,95,137,79,63,12,46,5,92,105,127,82,88,101,18,
3to 7:1,2,3,4,7,8,10,12,13,14,15,17,21,24,25,29,30,32,34,42,45,48,49,50,54,56,58,59,60,67,68,72,77,80,82,86,89,93,94,98,101,103,109,111,112,114,117,120,123,124,127,131,132,133,135,136,137,139,142,144,146,147,149,38,65,33,92,27,122,128,145,47,106,16,35,74,70,113,53,91,18,62,105,44,71,
3to 8:1,3,4,6,10,11,13,15,18,19,20,24,26,27,28,29,31,32,34,42,45,47,48,51,53,54,59,60,61,68,72,74,80,81,83,84,87,93,97,98,100,101,102,103,106,108,111,112,114,117,119,120,122,123,127,131,133,136,139,140,143,145,146,147,148,149,150,25,109,8,137,46,141,92,62,7,121,36,57,91,12,65,70,88,17,82,142,44,132,33,86,56,38,77,95,126,21,105,35,128,129,79,
3to 9:1,2,3,4,6,7,10,13,14,15,17,19,21,24,26,29,33,34,37,44,45,48,54,59,60,61,67,72,75,80,81,83,86,87,89,94,96,98,99,100,102,103,104,108,112,114,116,117,118,119,124,127,130,131,135,139,142,143,144,146,149,8,41,141,105,109,46,53,57,56,47,55,77,106,111,101,18,132,145,88,137,150,
3to 10:1,3,7,13,14,20,21,24,26,28,29,31,33,34,38,42,43,44,45,47,48,49,50,51,58,59,61,62,67,68,72,73,78,79,80,89,92,94,97,98,99,101,102,103,106,109,113,117,118,120,121,123,125,127,129,131,134,135,136,139,140,142,144,146,148,56,65,88,81,110,17,18,10,27,145,141,16,53,57,41,150,71,74,137,132,25,
4to 1:6,15,17,21,23,25,26,28,29,30,32,33,34,37,39,41,42,43,46,47,48,49,51,52,53,54,58,63,66,68,71,73,76,81,83,84,86,91,95,101,102,106,110,111,113,114,115,116,118,120,122,123,124,125,127,130,133,137,142,143,144,145,146,147,150,16,148,3,45,92,55,64,98,18,10,90,108,31,56,20,107,136,2,79,132,119,57,1,13,60,74,78,61,126,35,67,
4to 2:2,3,7,12,13,16,17,18,20,21,22,23,24,25,26,29,32,34,38,39,41,44,46,48,49,51,54,56,57,58,61,63,66,71,72,75,76,78,80,83,85,86,90,93,94,95,99,100,101,102,103,106,108,109,113,114,116,117,124,128,130,131,138,139,143,136,87,97,98,132,35,31,107,92,42,146,150,53,67,19,33,1,122,60,45,82,123,148,
4to 3:6,7,12,14,15,16,18,20,21,25,27,28,32,33,38,42,47,48,49,57,58,65,66,67,68,69,72,73,74,75,76,78,80,81,85,89,91,93,95,102,108,109,112,113,114,119,121,122,125,128,131,133,137,139,141,142,143,144,145,149,35,90,61,44,98,127,63,3,132,34,70,55,130,82,115,71,92,150,4,83,101,1,56,13,53,103,
4to 4:
4to 5:1,6,10,12,14,15,16,18,19,24,25,28,30,31,35,38,39,40,41,42,43,45,47,49,52,53,57,62,63,67,68,69,73,75,76,81,83,85,86,92,93,94,95,99,100,101,102,106,109,110,112,113,116,119,123,124,125,127,128,131,135,137,139,142,144,107,136,3,13,103,82,78,70,130,20,5,65,44,80,87,90,66,56,4,108,150,61,97,133,60,71,114,29,55,98,91,122,
4to 6:2,6,8,12,17,20,24,25,26,27,32,33,34,35,37,39,40,42,46,48,49,54,58,59,61,66,68,73,76,79,80,81,83,86,92,93,94,99,100,101,102,107,109,112,115,116,117,119,122,124,127,130,131,134,137,138,139,140,143,144,145,147,13,31,16,69,133,108,123,106,70,60,114,103,113,5,136,82,4,18,74,53,56,150,57,67,90,
4to 7:2,3,7,10,14,15,17,21,23,25,26,29,30,32,33,34,39,45,46,47,48,49,51,52,53,54,56,58,59,62,69,70,72,73,74,80,84,85,86,89,91,93,94,99,102,105,106,113,121,122,123,124,125,128,135,136,139,145,147,149,65,31,83,19,82,108,132,130,60,61,90,101,143,20,63,127,13,92,114,133,35,146,18,42,71,67,150,
4to 8:2,7,15,18,19,24,25,26,32,33,39,42,44,45,46,48,49,50,51,52,53,54,55,56,58,59,63,66,67,72,73,75,78,81,84,86,89,90,92,97,99,100,102,107,114,115,121,123,124,125,128,130,131,134,136,137,138,139,143,144,145,147,148,150,122,103,82,61,80,13,65,113,34,69,142,20,108,35,98,109,1,3,91,119,31,106,83,87,133,70,74,127,132,149,60,16,28,79,146,71,
4to 9:2,3,7,14,16,19,21,25,26,29,33,34,37,39,42,45,47,48,53,54,59,73,74,75,81,82,84,86,89,91,94,99,100,101,102,109,110,112,113,118,125,127,129,130,132,139,142,143,146,13,90,123,20,71,136,67,114,55,92,103,1,70,119,106,49,61,107,150,76,97,60,56,57,122,
4to 10:2,3,10,12,14,16,17,18,21,23,24,25,26,31,32,33,39,41,42,43,45,46,49,50,51,53,56,58,59,62,68,69,70,72,76,78,80,81,84,89,93,94,99,100,102,106,109,110,113,114,115,116,118,120,121,122,123,124,125,129,130,131,133,136,137,139,140,144,145,146,149,150,63,4,34,61,91,143,19,148,13,28,97,132,57,74,127,79,101,71,65,87,103,20,108,29,82,60,67,
5to 1:1,8,10,12,13,15,16,18,23,25,29,31,33,35,40,41,42,47,48,49,51,52,53,54,55,58,60,61,68,69,70,71,73,75,77,78,86,87,91,92,96,98,101,106,110,111,113,114,119,120,124,127,128,130,131,132,137,139,141,143,144,145,147,150,9,85,82,21,90,146,103,11,32,107,122,142,66,30,44,93,112,19,22,38,135,125,133,80,4,79,2,
5to 2:1,2,8,10,12,13,16,18,19,24,31,35,38,42,45,47,48,51,53,54,57,58,60,62,65,66,69,70,71,77,85,92,96,99,101,103,106,107,108,109,110,111,112,116,117,120,123,124,128,130,131,132,134,139,141,143,144,150,40,44,25,41,114,43,122,135,90,29,3,72,83,49,98,127,93,147,5,50,82,78,102,
5to 3:1,10,11,12,16,18,23,24,25,27,29,31,34,35,36,38,45,46,47,53,54,57,58,59,60,62,65,68,72,77,78,80,82,88,91,92,94,95,96,101,106,107,108,111,112,114,117,122,124,127,128,131,132,137,139,141,143,144,145,147,148,149,150,5,102,43,50,105,4,67,125,146,135,83,48,142,71,93,44,3,103,40,56,
5to 4:13,16,19,20,24,25,27,28,29,34,38,41,42,44,45,49,51,54,55,57,58,59,60,62,67,68,69,70,82,86,91,92,93,95,98,99,101,105,106,107,109,110,112,114,117,122,127,129,132,134,138,139,141,143,144,145,148,149,150,71,136,2,137,142,80,103,75,53,90,3,83,40,102,147,79,133,66,125,61,135,48,32,94,
5to 5:
5to 6:1,2,3,6,8,13,16,18,19,20,21,24,25,29,31,32,33,41,43,47,50,53,54,56,59,60,61,62,63,69,71,72,73,78,79,80,83,86,88,91,92,94,95,103,105,106,107,108,109,110,111,112,114,116,117,120,123,124,130,131,134,135,137,139,140,144,145,150,125,102,82,127,122,90,48,146,5,4,67,97,75,93,66,147,44,142,
5to 7:1,2,3,6,8,10,12,13,14,17,18,24,25,27,31,32,34,35,42,46,47,49,58,59,60,61,62,67,68,69,70,71,73,75,77,78,80,83,86,91,92,94,97,99,101,103,106,107,108,110,111,112,113,117,122,127,130,131,134,137,139,141,142,143,144,145,148,79,135,146,93,90,105,21,48,98,82,38,147,4,95,19,40,102,29,100,65,11,114,
5to 8:1,8,9,13,15,16,18,19,20,24,25,27,28,29,35,40,41,42,45,46,47,48,50,51,54,55,58,59,61,62,65,66,68,69,70,71,72,73,78,82,83,84,90,91,92,93,99,101,103,106,107,108,109,111,112,114,116,117,119,120,122,127,128,129,130,131,132,134,137,138,139,142,143,144,145,147,148,149,150,43,32,44,3,105,31,80,98,136,94,100,67,2,38,121,146,
5to 9:1,3,12,13,14,15,16,20,24,25,31,41,42,47,50,53,55,59,61,65,69,76,77,78,80,82,86,87,91,92,94,96,98,101,106,107,108,109,110,111,112,114,117,119,123,124,129,130,131,139,140,141,142,143,144,148,149,150,75,72,38,97,147,56,83,66,21,90,19,48,105,2,11,29,71,93,95,103,127,5,67,6,
5to 10:1,3,8,9,14,17,18,19,20,24,25,28,30,34,39,41,42,45,46,47,48,51,53,58,59,60,61,67,68,70,71,72,75,77,78,80,82,86,91,92,94,97,98,99,101,103,106,107,109,111,112,116,117,120,124,129,130,131,133,134,135,137,139,140,141,143,145,148,150,22,62,4,125,90,2,85,93,142,56,147,110,11,95,49,122,66,31,29,44,127,83,105,144,40,43,65,100,114,
6to 1:1,4,5,10,11,13,16,22,23,24,26,29,30,33,34,35,39,40,41,45,48,56,57,58,60,61,66,67,68,74,75,78,82,83,86,89,90,92,93,95,98,100,103,105,106,107,113,116,119,121,122,123,124,132,135,143,144,146,147,150,53,125,127,6,20,43,46,142,31,25,42,49,136,79,59,18,21,115,97,54,50,32,120,139,73,111,19,47,2,17,63,70,76,141,44,
6to 2:3,12,17,19,24,25,29,33,34,35,40,41,43,45,47,50,52,56,58,60,62,63,64,65,66,78,83,87,88,89,90,92,103,105,106,111,113,114,115,116,117,120,123,124,125,130,132,134,135,136,138,139,140,142,143,144,146,147,150,80,109,101,82,18,31,67,91,32,102,42,48,59,141,20,70,97,122,57,93,99,131,8,6,108,71,46,53,1,100,54,128,49,21,72,75,
6to 3:4,7,8,10,11,12,13,19,24,25,29,31,33,34,35,39,40,42,43,45,49,54,56,58,60,62,67,68,70,76,78,83,86,88,89,91,94,95,100,102,103,105,111,112,113,115,116,121,123,130,131,135,140,143,144,146,147,149,150,57,80,109,3,75,127,73,48,21,92,101,47,141,108,59,114,5,18,142,65,14,63,66,32,53,74,79,82,81,17,
6to 4:2,3,10,16,17,19,21,24,25,28,31,33,34,35,39,42,45,48,53,54,58,60,61,62,66,68,73,74,79,80,82,86,87,88,89,90,92,93,94,98,101,103,105,106,109,112,113,114,116,121,122,123,126,128,130,131,133,134,137,138,141,143,146,147,149,150,67,43,63,125,56,100,18,70,108,49,144,97,115,76,102,107,124,32,136,139,47,142,1,6,99,50,78,
6to 5:2,5,8,10,12,13,16,17,19,20,23,24,31,33,40,41,56,58,60,62,65,73,78,82,83,86,88,90,91,92,93,94,97,99,101,103,105,106,108,109,111,112,113,116,117,120,121,122,124,131,132,134,141,142,144,147,149,150,14,71,4,125,100,48,47,72,80,43,107,102,42,44,67,3,53,70,79,114,127,32,133,59,49,
6to 6:
6to 7:2,8,10,13,19,20,21,24,26,29,31,33,34,35,39,42,47,48,49,57,59,60,62,68,82,83,89,90,91,92,94,95,97,100,101,105,106,109,117,121,122,124,127,130,131,132,134,137,139,142,144,146,149,150,4,80,125,54,136,18,56,141,14,71,17,46,120,25,128,113,67,93,32,111,53,99,65,102,108,30,63,79,147,
6to 8:2,10,13,16,17,18,24,25,29,34,35,39,45,47,53,58,59,62,64,67,68,73,78,79,80,82,83,84,87,88,89,90,92,97,99,103,105,109,111,113,116,117,119,121,122,123,127,129,130,131,132,139,142,144,146,149,150,6,147,4,72,46,100,114,63,102,50,93,20,54,75,120,61,101,107,112,108,42,74,137,66,65,124,70,71,31,136,
6to 9:1,2,4,7,8,10,13,19,21,24,26,29,34,35,40,46,47,53,60,61,63,64,65,76,87,88,89,90,95,98,99,103,105,106,107,108,111,112,116,119,122,123,130,131,139,140,141,142,146,147,149,20,73,144,115,127,33,102,109,82,79,125,81,124,54,49,86,100,50,71,75,25,67,136,17,48,57,3,56,59,6,14,97,80,92,
6to 10:1,2,3,10,13,16,18,19,22,24,26,29,33,34,39,41,47,48,53,54,58,59,60,61,62,63,68,74,75,80,82,86,87,88,90,92,95,97,98,99,101,106,110,113,116,117,118,120,121,123,129,131,132,134,143,145,146,147,20,43,17,42,102,114,141,104,108,124,100,8,21,79,93,4,72,127,71,32,65,144,46,57,49,67,81,
7to 1:6,8,9,10,14,15,17,18,25,29,32,34,44,49,53,54,56,61,71,74,75,78,79,84,86,90,91,97,103,104,106,108,111,114,119,121,124,125,130,131,136,137,141,144,147,62,65,92,133,128,27,118,101,21,35,48,139,59,80,122,67,68,24,113,96,120,93,60,143,19,134,150,39,45,58,142,43,47,13,89,148,105,23,132,98,1,2,72,4,
7to 2:8,17,21,22,25,34,36,44,47,49,50,52,56,57,63,65,67,81,85,88,90,91,92,93,98,99,105,107,112,113,114,119,120,139,145,146,147,78,134,82,124,35,39,103,131,1,64,68,13,128,132,32,2,16,33,58,143,10,27,100,106,19,71,29,101,108,150,111,72,83,130,61,102,109,3,122,136,24,48,54,
7to 3:4,13,14,15,17,19,25,26,31,32,33,34,44,46,48,54,56,57,58,61,67,71,80,84,93,94,98,101,103,105,108,111,112,113,114,117,125,136,137,145,147,102,18,47,7,91,142,36,29,150,42,3,59,92,45,128,24,62,72,78,143,21,60,109,149,49,104,76,127,130,106,122,53,146,69,30,89,8,134,
7to 4:1,7,8,12,14,20,24,25,26,28,31,32,33,34,38,39,42,43,44,47,49,53,56,58,61,69,70,74,79,80,86,94,97,99,101,102,105,107,109,112,119,122,123,124,125,128,130,133,135,136,137,138,139,144,145,21,78,82,10,19,71,13,2,35,98,146,18,30,108,113,150,67,60,100,93,134,143,29,90,147,149,72,91,127,3,92,
7to 5:4,8,9,12,14,17,18,22,25,43,45,54,56,71,77,78,80,84,85,90,91,94,99,102,105,107,109,111,113,114,119,120,125,127,131,133,135,137,139,141,142,144,147,15,62,68,108,96,106,149,38,92,31,35,53,132,21,93,103,60,122,69,130,148,30,42,101,48,82,33,39,67,24,27,65,1,143,29,61,134,2,128,19,47,150,124,
7to 6:3,7,8,10,12,14,18,21,22,24,25,27,32,33,34,35,39,40,45,47,50,53,60,63,74,80,84,86,88,90,92,93,94,97,99,101,107,111,112,114,120,124,125,132,140,141,143,145,147,128,130,59,113,61,13,71,79,30,109,42,105,106,16,48,64,122,144,1,23,19,70,82,142,76,65,108,83,146,17,68,67,91,134,149,2,136,49,103,150,20,62,139,89,54,127,58,
7to 7:
7to 8:3,4,8,13,20,24,25,26,31,32,34,36,38,39,42,45,47,50,56,59,65,67,71,72,74,77,88,91,97,102,106,108,109,114,119,120,133,138,139,143,147,150,103,104,111,62,130,29,93,122,83,136,101,132,128,10,80,149,48,142,16,68,100,1,2,30,35,54,105,89,148,78,92,146,23,127,112,18,86,131,134,58,15,
7to 9:3,4,6,8,10,12,13,14,17,24,26,35,36,39,42,44,45,48,49,50,54,57,65,67,71,75,77,78,80,88,90,92,93,97,100,101,102,105,111,112,113,114,119,131,132,136,139,147,150,141,7,98,47,83,118,96,33,60,106,144,29,89,103,130,2,62,142,109,53,61,149,19,91,134,21,72,108,59,104,127,143,16,122,
7to 10:4,7,12,17,21,25,29,32,34,43,44,49,53,54,57,58,60,61,62,65,71,74,75,80,84,86,88,89,93,101,105,110,112,113,114,119,121,123,124,125,128,130,136,137,139,140,141,144,145,150,10,39,69,100,120,98,106,127,24,72,13,16,64,132,38,70,20,104,59,102,118,18,19,30,1,134,2,92,47,67,143,27,91,42,82,148,133,31,48,142,
8to 1:2,10,11,18,21,23,26,29,30,33,35,36,38,42,44,46,47,48,53,56,58,59,60,67,68,70,71,72,73,75,77,78,80,81,82,83,84,86,90,92,93,97,98,100,104,105,106,113,114,118,120,123,124,127,128,129,130,132,133,136,139,141,142,143,145,146,150,91,50,111,137,39,61,149,13,15,119,24,49,102,107,101,103,17,144,79,122,1,121,45,
8to 2:3,5,8,9,10,13,16,17,19,21,25,26,29,31,32,33,35,42,44,45,46,47,48,49,51,54,56,60,62,63,64,65,67,68,70,72,75,77,81,82,83,89,92,93,98,100,102,105,106,107,108,111,112,116,117,120,123,124,127,128,132,133,139,141,143,144,146,149,84,136,94,103,39,122,24,113,121,142,61,78,1,58,109,138,36,41,80,38,131,18,145,114,7,
8to 3:3,4,7,10,11,14,15,16,25,27,29,31,33,35,39,42,46,48,53,54,56,57,58,59,60,62,67,71,72,73,75,78,83,84,92,93,98,100,102,104,108,109,111,112,114,115,121,123,124,126,127,128,129,130,131,132,139,141,143,144,146,149,116,38,80,142,113,136,44,117,137,47,41,50,28,18,34,61,119,45,86,65,101,103,
8to 4:7,8,10,14,16,18,20,24,25,26,29,31,32,33,35,38,42,44,45,47,48,50,51,54,56,62,63,64,67,68,70,72,74,82,89,92,94,100,101,102,105,107,109,111,115,123,124,127,130,131,132,133,145,146,147,36,103,143,39,136,61,119,78,80,144,91,122,86,99,15,114,142,13,97,112,113,149,138,3,79,28,58,137,
8to 5:2,6,9,10,13,14,16,18,20,23,29,31,35,36,38,40,42,45,46,47,53,56,58,60,65,66,67,70,72,75,78,80,81,82,83,84,88,90,91,92,93,97,98,100,101,105,107,109,113,116,117,120,124,128,130,131,132,133,136,142,143,145,146,149,112,55,11,94,114,22,103,1,25,30,21,122,44,15,61,137,150,62,111,102,144,119,147,
8to 6:5,7,14,16,17,18,19,20,21,24,25,26,29,31,32,33,35,39,43,45,48,59,60,62,64,67,71,73,74,80,81,82,83,84,86,90,92,94,97,100,101,104,105,106,107,114,115,120,122,123,124,127,128,129,130,131,132,133,137,138,139,141,143,146,149,13,113,108,28,112,8,119,47,63,102,147,136,150,111,125,36,79,103,22,76,27,78,109,49,116,42,142,58,91,
8to 7:2,3,4,7,10,17,19,26,29,31,32,38,42,46,47,48,51,54,60,61,65,67,70,72,73,74,86,89,91,92,93,94,95,97,98,100,101,102,105,106,107,111,112,113,114,117,120,124,127,130,131,132,133,141,144,145,146,149,15,45,136,21,30,142,35,122,24,150,39,18,78,143,36,49,13,58,62,84,137,23,28,1,139,103,119,
8to 8:
8to 9:5,8,10,13,14,16,19,20,29,33,39,42,45,48,50,53,54,57,60,67,71,72,73,75,77,81,83,88,89,90,91,92,93,94,95,98,100,101,104,105,106,109,111,114,118,121,123,127,130,131,132,133,136,139,143,148,150,26,3,144,79,112,37,107,35,15,34,44,55,63,65,147,21,24,41,61,149,102,
8to 10:4,10,18,19,20,29,38,42,43,45,46,50,51,53,54,58,60,64,65,67,70,72,74,77,81,82,84,92,94,95,97,100,104,106,109,114,116,117,118,120,123,127,130,131,132,133,139,141,143,146,148,149,78,112,49,87,102,137,62,37,125,142,25,144,44,1,21,26,39,17,24,150,91,66,121,31,41,61,34,129,111,
9to 1:1,7,17,18,19,24,26,29,35,37,39,44,45,47,48,50,51,56,57,59,61,66,70,73,74,75,77,81,83,86,89,90,91,92,95,98,101,103,104,105,109,110,111,112,116,118,121,123,128,132,134,136,139,143,147,149,41,53,133,137,42,124,146,23,67,2,60,22,21,12,71,142,107,119,54,84,144,52,127,13,8,25,150,33,63,82,100,36,141,15,145,10,14,49,
9to 2:1,2,3,19,26,33,36,37,40,44,46,48,51,54,56,60,61,66,67,70,75,77,83,86,89,90,92,97,98,99,101,105,106,107,110,112,116,122,123,127,131,139,146,147,119,32,109,10,23,117,45,13,21,63,71,17,24,41,57,102,81,42,114,141,35,100,22,49,142,111,53,91,47,150,132,145,8,34,87,93,113,
9to 3:1,5,10,14,18,19,20,21,24,29,37,44,48,49,59,60,61,62,67,72,75,77,80,81,86,89,94,95,101,103,104,105,106,107,108,109,112,117,118,119,122,123,136,145,147,149,35,139,25,87,46,96,111,34,100,84,98,142,53,125,79,113,15,12,32,88,127,6,31,33,42,3,13,71,114,45,144,56,132,141,146,47,91,54,57,8,
9to 4:2,14,15,16,19,21,25,26,28,29,33,34,37,38,44,48,50,51,59,60,61,62,63,66,69,70,71,72,73,77,81,87,89,90,92,94,97,99,103,105,106,109,112,117,121,122,124,127,130,136,137,140,143,144,148,149,91,35,67,42,57,45,49,145,22,102,146,133,82,32,39,55,119,31,150,56,138,114,3,13,12,107,64,139,86,123,
9to 5:1,10,12,13,14,16,19,25,29,33,38,45,53,56,59,60,62,66,70,80,82,83,86,88,92,93,94,100,101,103,105,106,108,110,112,119,121,122,131,139,147,150,2,75,140,145,40,57,96,71,8,111,132,133,42,15,90,109,116,124,55,141,98,47,113,117,142,41,49,6,24,67,84,107,135,36,63,114,127,48,144,
9to 6:2,7,16,17,18,19,21,29,34,35,37,39,40,45,47,48,54,56,57,59,60,62,66,67,73,74,80,82,86,89,90,94,104,105,108,112,114,116,117,121,123,127,128,131,132,139,147,150,24,12,142,22,53,125,78,137,25,93,109,144,88,141,79,84,100,33,49,8,106,87,42,71,10,20,111,
9to 7:1,14,15,18,19,21,29,33,35,39,44,45,48,54,56,57,59,61,65,67,69,71,72,80,89,90,92,93,94,97,99,101,105,106,109,114,119,122,123,124,130,132,136,137,139,140,143,147,149,150,22,113,96,76,100,36,60,8,108,112,86,102,107,23,91,2,82,17,111,125,127,13,25,47,142,117,131,10,49,133,
9to 8:1,2,3,13,16,17,20,26,33,35,36,38,42,47,49,51,54,56,57,59,61,62,67,70,71,72,74,87,89,90,92,98,101,103,104,105,108,109,112,121,123,124,127,132,137,143,146,148,149,140,117,39,102,113,76,97,114,136,8,34,144,48,63,31,45,125,139,50,138,141,10,111,7,55,9,46,131,107,15,91,142,100,116,150,24,79,145,119,133,
9to 9:
9to 10:1,2,10,14,16,17,18,19,26,29,38,39,42,44,47,48,56,61,67,71,73,74,75,77,79,80,81,86,90,91,92,93,97,100,101,104,106,110,112,114,127,131,134,143,148,149,25,98,23,150,57,12,34,49,111,50,87,89,136,137,21,118,41,54,65,144,7,84,109,20,116,117,119,9,3,107,53,113,123,33,140,24,
10to 1:1,2,3,4,8,10,13,14,16,17,18,19,24,33,37,38,39,43,44,45,48,49,50,51,52,53,57,58,62,66,67,68,73,74,75,78,79,80,81,84,86,90,92,93,97,100,101,103,105,106,107,108,110,114,118,119,120,121,125,127,128,130,131,132,134,135,137,139,141,142,144,148,149,150,98,59,60,116,143,29,104,124,61,20,111,41,54,133,147,7,34,69,21,72,42,
10to 2:2,3,5,9,16,17,24,25,26,27,32,37,38,41,43,44,45,48,49,50,51,53,58,65,66,67,68,71,72,78,81,82,86,88,91,93,98,99,100,101,102,108,111,113,114,116,117,121,122,123,125,127,128,130,132,135,136,143,145,146,150,10,69,57,12,83,92,39,64,140,19,42,107,60,131,134,34,7,112,20,87,142,63,120,144,133,104,118,31,18,61,110,54,1,106,
10to 3:3,4,8,13,17,28,33,37,38,39,42,43,44,45,46,47,49,50,53,56,59,60,61,62,65,68,71,72,77,78,81,82,83,84,87,91,92,94,98,100,101,103,113,115,117,119,121,130,132,135,136,137,141,142,143,144,150,25,79,112,85,70,127,21,31,114,140,106,145,54,18,24,19,12,148,27,29,34,7,51,57,89,10,93,111,120,20,118,
10to 4:1,2,3,4,17,18,19,26,27,28,37,39,41,44,49,53,56,58,70,71,72,73,74,77,78,81,82,89,91,94,97,98,99,100,101,102,103,108,113,114,115,116,117,119,123,125,126,128,129,130,131,133,134,136,137,140,141,143,149,150,34,106,87,63,69,79,92,65,66,54,60,112,16,29,109,124,142,42,38,127,145,57,148,40,31,67,110,20,85,107,25,51,
10to 5:3,8,9,10,13,17,18,27,32,39,41,42,43,44,47,48,49,53,57,58,61,62,65,67,68,71,73,75,78,79,80,81,82,84,86,88,90,91,94,97,99,101,112,113,114,116,117,119,123,129,131,134,135,140,141,143,144,150,21,12,110,59,111,16,19,34,69,72,142,85,60,92,83,93,127,25,38,51,98,148,20,31,106,100,145,24,124,102,
10to 6:1,4,5,10,16,17,18,20,25,28,29,40,41,43,48,49,50,56,57,58,59,62,64,65,66,68,70,71,81,82,84,86,88,90,91,94,97,99,100,105,106,108,113,114,115,117,119,121,123,125,127,130,131,132,134,136,139,140,141,144,150,63,92,120,21,34,19,79,133,116,104,109,67,107,147,24,60,31,93,47,142,87,3,111,42,112,
10to 7:1,2,4,8,13,17,18,19,27,28,29,32,33,44,45,47,48,51,53,54,56,57,62,68,70,71,79,80,86,89,91,92,94,97,99,100,101,102,105,106,108,112,113,114,125,127,128,130,131,132,136,137,140,141,143,146,149,150,107,148,124,110,25,61,134,58,93,20,42,24,144,59,65,38,31,145,60,133,142,10,3,120,34,
10to 8:1,9,13,17,23,24,25,26,27,39,43,44,45,48,50,51,53,54,57,61,62,65,68,73,78,79,80,81,88,90,91,93,97,100,101,102,105,113,114,117,120,123,128,129,130,131,132,134,137,139,146,64,144,16,112,10,84,142,42,116,47,92,41,38,40,133,60,127,89,20,111,98,143,21,59,87,106,49,109,67,19,18,124,
10to 9:1,2,5,8,13,16,17,18,20,24,26,29,37,41,44,45,47,50,53,54,56,57,61,62,65,71,72,75,76,77,78,81,82,86,88,89,92,93,96,97,99,100,102,103,105,112,114,117,121,123,124,129,130,132,143,149,49,25,116,64,133,31,42,131,110,40,59,79,144,7,104,148,142,98,34,22,60,87,109,19,10,67,127,140,85,38,
10to 10:

cell1:6,8,2,9,7,3,5,10,4,
cell2:9,6,10,7,3,4,8,1,5,
cell3:4,9,7,8,5,1,2,6,10,
cell4:7,8,5,6,3,9,2,10,1,
cell5:6,7,10,8,2,1,4,3,9,
cell6:5,4,9,3,1,2,8,7,10,
cell7:1,2,4,10,6,9,8,3,5,
cell8:7,5,9,3,6,4,1,2,10,
cell9:8,10,3,4,5,7,6,2,1,
cell10:4,8,6,9,3,7,2,1,5,
