machine1:0,41,44,58,191,77,92,137,79,123,8,89,10,167,185,7,34,13,178,57,134,160,161,71,170,136,127,189,119,6,118,84,11,165,47,31,43,150,15,24,106,66,157,130,183,125,166,158,1,155,138,23,186,116,70,61,68,50,126,59,25,82,177,111,9,128,132,76,171,190,90,75,115,117,179,199,18,174,113,3,200,164,67,36,64,87,14,69,12,26,35,162,105,54,104,172,169,60,53,81,65,93,16,187,182,72,86,32,156,33,159,19,152,131,56,21,168,108,99,139,17,88,120,40,149,80,100,140,
machine2:0,41,44,58,191,77,146,48,92,137,79,123,8,27,89,10,114,167,185,98,7,34,13,178,57,181,134,160,161,71,170,142,175,136,127,193,173,189,119,6,118,102,84,11,46,63,103,165,83,85,47,31,43,150,15,24,106,144,147,66,157,145,130,183,73,125,163,166,42,107,158,151,184,1,155,37,154,138,23,101,28,39,186,116,180,70,61,68,50,126,59,20,25,82,124,177,111,129,9,128,194,132,76,171,190,90,75,115,117,30,179,199,18,198,174,113,94,3,95,200,197,148,164,195,67,36,64,87,112,14,143,110,69,55,176,5,12,26,192,35,162,49,105,54,104,97,4,51,172,169,188,60,53,29,81,65,135,93,74,16,187,2,182,78,91,38,72,86,122,196,32,156,153,33,159,96,141,19,109,152,131,56,21,168,108,99,139,62,17,45,88,120,40,149,80,22,100,52,140,133,121,
machine3:0,41,44,58,191,77,146,48,92,137,79,123,27,89,185,98,34,13,178,181,160,142,175,193,173,119,6,118,84,46,103,85,31,43,150,24,144,147,66,157,145,130,73,125,163,166,42,107,158,184,1,155,154,101,39,116,180,61,68,50,126,59,25,177,129,9,128,194,132,171,90,75,115,117,179,174,113,3,200,197,148,164,67,64,87,112,14,69,12,26,192,35,162,49,105,104,97,4,169,60,53,93,187,2,182,78,91,72,122,156,153,33,159,96,19,152,56,168,99,139,17,45,120,40,80,121,
machine4:0,41,44,58,191,77,146,48,92,137,79,123,8,27,89,10,114,185,98,7,34,13,178,181,134,160,170,142,175,136,127,193,173,189,119,6,118,102,84,11,46,63,103,165,83,85,47,31,43,150,24,144,147,66,157,145,130,183,73,125,163,166,42,107,158,151,184,1,155,154,138,101,28,39,186,116,180,61,68,50,126,59,20,25,82,177,129,9,128,194,132,76,171,190,90,75,115,117,30,179,18,198,174,113,3,95,200,197,148,164,67,36,64,87,112,14,143,110,69,55,176,12,26,192,35,162,49,105,54,104,97,4,172,169,188,60,53,81,135,93,74,16,187,2,182,78,91,38,72,86,122,196,32,156,153,33,159,96,141,19,109,152,131,56,21,168,108,99,139,62,17,45,120,40,149,80,22,100,133,121,
machine5:0,98,7,34,6,118,83,43,150,15,24,106,144,147,157,166,158,151,37,39,70,124,177,111,171,90,117,199,18,198,174,95,200,197,164,195,36,112,143,110,69,176,5,12,192,162,49,105,54,104,97,4,51,172,188,60,53,81,65,135,93,16,187,2,182,78,91,38,72,86,122,196,32,156,153,33,159,96,141,19,109,152,131,56,21,168,108,99,139,62,17,45,88,120,40,149,80,22,100,52,140,133,121,
machine6:0,44,191,146,48,92,137,79,8,27,89,10,114,167,185,98,7,34,13,181,134,160,175,136,193,119,6,118,84,11,63,165,83,31,43,150,15,24,106,144,147,66,157,145,183,163,166,42,158,151,184,37,154,138,23,101,28,39,186,116,180,70,61,68,50,59,82,124,177,111,129,9,128,194,132,76,171,190,90,75,115,117,30,179,199,18,198,174,94,95,200,197,148,164,195,67,36,87,112,14,143,110,69,55,176,5,12,26,192,35,162,49,105,54,104,97,4,51,172,188,60,53,29,81,65,135,93,16,187,2,182,78,91,38,72,86,122,196,32,156,153,33,159,96,141,19,109,152,131,56,21,168,108,99,139,62,17,45,88,120,40,149,80,22,100,52,140,133,121,
machine7:0,41,44,58,146,137,123,27,185,7,13,57,181,127,84,46,103,47,31,43,15,144,147,66,145,183,73,166,107,151,1,138,23,101,39,116,180,70,61,50,59,20,25,82,124,177,111,129,9,128,194,76,90,115,117,30,179,198,113,94,3,197,148,67,36,64,87,14,143,69,55,176,26,35,162,54,104,51,169,60,53,29,81,65,135,74,16,2,182,78,91,38,72,86,122,32,156,153,96,19,109,131,21,139,45,88,120,80,22,
machine8:0,41,44,58,191,77,146,92,137,123,27,89,114,167,185,98,7,34,13,57,181,160,161,71,170,142,175,127,189,119,118,102,84,11,46,103,165,83,85,47,31,43,15,24,106,144,147,66,157,145,130,183,73,125,163,166,107,158,151,184,1,37,138,23,101,28,39,186,116,180,70,61,68,50,126,59,20,25,82,124,177,111,129,9,128,194,132,76,171,190,90,115,117,30,179,199,18,198,174,113,94,3,95,200,197,148,67,36,64,87,112,14,143,110,69,55,176,12,26,192,35,162,49,105,54,104,97,4,51,172,169,188,60,53,29,81,65,135,93,74,16,187,2,182,78,91,38,72,86,122,196,32,156,153,33,159,96,19,109,152,131,21,168,108,99,139,62,17,45,88,120,40,149,80,22,100,52,133,121,
machine9:0,44,58,191,77,137,123,8,27,114,185,98,34,13,178,160,161,71,142,136,173,189,119,6,102,84,11,46,63,103,165,83,31,150,24,106,144,147,66,73,163,42,158,151,184,155,37,154,23,101,28,39,186,180,70,61,68,50,126,20,124,111,129,128,132,76,190,90,115,30,179,199,18,174,113,94,95,197,148,164,195,64,87,112,14,143,5,12,35,162,105,54,97,4,60,29,81,65,135,16,187,2,38,72,122,196,153,33,159,96,141,152,131,56,21,168,108,17,45,88,149,80,22,52,133,121,
machine10:0,41,44,58,191,146,48,92,137,79,123,8,27,89,10,114,167,98,34,13,178,57,181,134,161,71,170,136,127,193,173,189,6,102,84,11,46,63,103,83,85,31,43,150,24,106,144,147,66,157,145,125,163,166,42,107,158,1,154,101,28,39,180,61,68,20,25,82,124,177,129,128,132,76,190,75,115,30,179,198,113,94,95,200,197,148,164,195,67,64,87,112,14,69,55,176,5,12,104,97,4,51,169,53,29,81,65,74,16,187,2,182,78,122,196,156,153,33,159,96,109,131,56,21,168,139,17,45,88,120,22,100,140,133,121,

1to 1:
1to 2:170,155,1,130,47,149,18,134,25,127,123,154,174,77,146,58,169,30,136,191,11,91,125,160,132,68,92,166,100,8,44,113,26,163,190,31,72,76,50,168,159,
1to 3:110,36,109,140,172,10,62,89,120,192,121,181,79,32,179,69,182,38,152,115,65,139,133,60,196,96,162,17,197,81,
1to 4:142,70,118,3,71,103,83,138,105,175,111,116,85,23,165,90,199,67,93,86,157,198,40,117,95,94,64,99,171,35,101,104,176,180,88,24,39,78,
1to 5:141,52,173,42,29,22,37,135,184,54,124,119,126,80,46,186,97,12,144,45,16,21,148,158,112,61,164,87,
1to 6:74,20,48,107,5,145,189,51,75,41,178,53,82,55,177,200,122,106,128,156,4,2,129,153,27,137,187,6,
2to 1:110,188,142,10,49,3,105,59,175,42,7,185,189,89,85,120,192,90,178,67,93,126,9,53,82,40,117,12,122,95,182,99,139,60,148,84,43,112,98,34,162,13,
2to 2:
2to 3:141,183,149,134,118,138,145,116,174,91,86,160,68,97,100,8,26,72,4,2,153,27,187,164,168,
2to 4:130,19,25,20,107,123,135,77,73,169,30,54,191,194,80,143,132,200,113,45,14,21,156,129,96,17,87,
2to 5:102,155,18,108,63,11,179,151,64,38,163,150,190,101,31,33,128,133,147,196,197,
2to 6:109,103,127,193,154,121,146,114,181,79,28,125,69,198,46,104,16,56,76,131,61,78,66,159,
3to 1:15,19,118,138,5,116,63,51,29,193,165,37,146,54,119,136,191,194,157,177,132,200,94,171,190,16,33,176,56,128,156,50,24,39,131,
3to 2:36,172,48,83,22,135,75,184,9,80,79,32,143,82,198,186,117,35,150,101,147,196,112,137,78,17,197,
3to 3:
3to 4:183,110,188,167,49,59,108,7,62,192,28,179,55,151,144,166,38,152,115,26,163,31,43,98,34,159,13,
3to 5:70,111,185,23,174,30,195,199,114,160,106,65,180,60,76,4,2,84,129,27,6,162,66,81,
3to 6:140,10,89,124,67,11,68,92,12,95,100,8,44,14,133,158,164,96,168,87,
4to 1:1,45,21,145,187,183,167,58,109,172,36,170,127,102,114,14,108,46,160,100,69,197,107,144,158,186,91,137,125,41,47,153,106,32,181,184,
4to 2:74,64,104,188,7,66,119,165,55,28,62,103,61,157,115,89,53,33,86,49,84,162,27,38,13,43,59,171,151,
4to 3:185,177,19,18,54,12,67,200,83,131,147,146,156,50,105,148,22,92,9,128,175,190,99,52,78,194,76,15,23,112,122,40,93,180,
4to 4:
4to 5:121,113,96,98,73,44,24,149,72,90,143,68,132,152,35,20,
4to 6:57,101,71,182,123,31,29,120,163,176,88,81,161,166,191,34,39,94,97,17,139,
5to 1:149,70,71,103,83,111,123,77,73,30,199,28,143,151,8,115,101,133,72,4,2,147,27,96,6,168,17,
5to 2:141,142,105,185,189,121,178,114,46,97,95,144,152,14,180,158,39,129,131,153,187,87,
5to 3:108,5,42,165,154,135,90,184,136,11,80,186,44,35,163,31,33,56,88,137,34,159,
5to 4:102,52,161,18,29,22,37,174,58,124,119,126,12,122,106,16,128,60,148,50,61,66,81,
5to 5:
5to 6:173,63,195,179,64,45,65,150,21,24,84,196,112,98,13,197,
6to 1:97,92,169,198,150,161,44,22,57,134,25,166,179,121,66,180,124,164,195,87,113,
6to 2:120,139,81,173,34,102,182,41,20,148,145,98,42,6,176,24,177,85,
6to 3:43,45,63,104,167,132,129,55,144,21,75,30,48,157,16,53,193,61,13,
6to 4:158,11,84,181,190,68,82,170,131,133,33,147,109,1,69,196,76,2,4,189,65,168,74,51,114,
6to 5:83,115,39,191,94,58,122,159,136,88,56,14,28,187,95,153,154,137,
6to 6:

cell1:2,4,5,3,6,
cell2:1,3,4,6,5,
cell3:1,4,2,6,5,
cell4:2,1,5,6,3,
cell5:4,3,1,2,6,
cell6:5,1,2,4,3,
