machine1:0,145,14,98,197,176,97,181,90,107,89,67,153,164,32,74,60,33,87,11,118,55,191,122,75,150,123,192,22,106,15,198,148,2,66,96,127,40,19,171,134,142,105,149,129,99,114,57,178,120,9,53,199,70,93,177,83,165,158,109,159,187,35,186,155,184,174,182,29,52,185,12,121,128,86,94,188,7,101,196,113,73,61,146,64,116,170,167,95,50,36,69,63,138,162,72,115,78,28,4,16,140,79,77,193,82,10,1,13,27,58,85,111,34,46,51,80,179,126,161,8,151,132,108,133,24,20,17,154,200,139,166,76,54,110,119,112,43,91,88,157,163,168,42,131,18,65,25,189,5,160,62,141,59,100,117,21,152,92,37,156,102,143,47,147,169,81,48,103,31,49,124,41,172,180,71,23,144,125,44,175,183,26,45,39,30,104,195,3,173,56,130,84,137,194,190,136,6,68,135,38,
machine2:0,14,98,97,181,107,89,67,164,32,60,33,87,11,55,191,122,150,192,22,15,148,2,127,40,19,134,142,105,149,129,99,114,57,178,120,53,199,70,93,177,83,165,158,109,187,35,186,155,184,182,29,52,185,121,128,86,94,7,101,196,73,64,116,170,167,95,50,36,69,63,138,162,72,115,78,28,16,140,79,77,193,82,10,13,58,85,34,46,51,80,126,161,8,151,132,108,133,24,20,17,154,200,139,166,76,54,110,119,112,43,91,88,157,163,168,18,65,25,189,5,160,62,141,100,117,21,152,92,37,156,102,143,47,147,169,81,48,103,31,49,124,41,172,180,71,23,144,125,44,175,183,26,45,30,195,3,173,56,84,137,194,190,136,6,68,135,38,
machine3:0,97,181,150,22,148,127,40,142,149,99,57,53,199,70,177,83,158,187,35,184,29,52,86,94,7,101,196,73,64,116,170,167,95,50,69,63,138,115,28,140,77,10,85,34,46,51,80,126,161,8,151,108,133,24,20,154,200,166,76,110,112,43,88,157,163,168,18,65,25,189,160,62,141,100,117,21,152,92,37,156,102,143,147,169,81,31,49,124,41,172,180,71,23,144,125,44,175,183,26,45,3,173,56,84,190,136,6,68,135,38,
machine4:0,14,98,197,176,97,181,90,107,89,67,153,164,32,74,60,33,87,11,118,55,191,122,75,123,22,106,15,198,148,66,96,127,40,19,171,142,105,149,129,99,114,57,178,120,9,53,199,70,93,177,83,158,109,159,187,35,186,155,184,174,182,52,185,12,121,128,86,94,188,7,101,196,113,73,61,146,64,116,170,167,95,36,69,63,162,72,115,28,4,16,79,193,82,10,1,13,27,58,85,111,34,46,51,80,179,126,161,8,151,132,108,133,24,20,17,154,200,139,166,76,54,110,119,43,91,88,157,163,168,42,131,18,65,25,189,160,62,141,59,100,117,21,152,92,37,156,102,143,47,147,169,81,48,103,31,49,124,41,172,180,71,23,125,44,175,183,26,45,39,30,104,195,3,173,56,130,84,137,194,190,136,6,68,135,38,
machine5:0,176,181,90,153,164,32,74,60,33,87,11,118,55,191,122,123,22,15,198,148,66,96,127,40,19,171,142,105,149,129,99,114,57,178,120,9,70,93,177,109,187,35,186,155,184,174,182,52,185,12,121,128,86,94,188,7,101,196,113,73,61,146,64,116,170,167,95,36,69,63,162,72,115,28,4,16,79,193,82,10,1,13,27,58,85,111,34,46,51,80,179,126,161,8,151,132,108,24,20,17,154,200,139,166,76,54,110,119,43,91,88,157,163,168,42,131,18,65,25,189,160,62,141,59,100,117,21,152,92,37,156,102,143,47,48,103,31,49,124,172,180,71,23,44,175,183,26,45,39,30,104,195,3,173,130,84,137,194,136,6,135,38,
machine6:0,176,90,153,32,60,87,55,191,122,123,15,148,96,105,93,109,186,155,184,185,12,128,94,101,196,113,73,61,116,170,167,95,36,162,72,115,4,16,10,58,85,111,80,179,126,161,151,132,108,24,17,139,166,76,119,43,91,157,163,168,42,131,18,189,160,62,141,100,117,152,92,37,156,47,48,49,172,71,44,175,183,26,39,30,195,3,130,84,137,194,136,6,135,38,
machine7:0,145,98,97,181,107,67,153,164,74,191,150,123,192,106,148,2,127,40,171,105,149,57,178,70,159,35,186,174,29,12,121,94,101,113,73,64,116,170,50,63,138,162,72,78,28,16,79,77,82,10,85,126,8,151,132,133,20,17,200,54,119,112,91,88,163,65,25,189,5,160,59,21,37,156,143,47,147,169,81,48,103,31,49,124,180,125,39,104,195,173,84,190,68,135,38,
machine8:0,145,98,197,97,181,90,107,67,153,164,74,60,11,118,55,191,75,150,123,192,22,106,198,148,2,96,127,40,19,171,134,105,149,57,178,120,70,165,158,109,159,187,35,186,155,174,29,12,121,94,188,101,113,73,64,116,170,50,69,63,138,162,72,115,78,28,16,140,79,77,82,10,1,13,27,58,85,111,34,126,8,151,132,108,133,20,17,154,200,139,166,76,54,110,119,112,43,91,88,157,163,42,131,18,65,25,189,5,160,62,141,59,100,117,21,37,156,102,143,47,147,169,81,48,103,31,49,124,41,172,180,71,23,144,125,183,39,30,104,195,3,173,56,130,84,194,190,136,6,68,135,38,
machine9:0,145,14,197,176,181,90,107,89,74,60,33,87,11,118,191,122,75,150,15,198,2,66,96,134,129,99,57,178,120,9,53,70,93,83,165,109,35,186,184,182,29,185,121,128,86,188,146,64,50,36,69,162,28,4,16,140,193,82,1,13,27,58,80,161,132,108,133,20,17,154,166,76,54,119,112,43,91,88,157,168,42,18,65,25,5,141,100,21,152,92,102,143,47,48,124,172,23,125,183,26,45,39,104,3,137,6,68,
machine10:0,145,14,98,197,176,97,181,90,107,89,153,164,32,74,60,33,87,11,118,191,122,75,150,123,192,22,106,15,198,148,2,66,96,127,19,134,142,105,129,99,114,57,178,120,9,53,199,70,93,83,165,158,109,159,35,186,155,184,182,29,185,121,128,86,94,188,7,113,73,61,146,64,170,167,95,50,36,69,162,72,78,28,4,16,140,77,193,82,1,13,27,58,85,111,34,46,80,179,126,161,8,151,132,108,133,20,17,154,139,166,76,54,110,119,112,43,91,88,157,163,168,42,131,18,65,25,5,160,62,141,59,100,117,21,152,92,37,102,143,47,147,48,103,31,49,124,172,71,23,144,125,44,175,183,26,45,39,30,104,195,3,130,84,137,194,136,6,68,135,38,

1to 1:
1to 2:106,114,40,61,51,177,149,171,9,196,14,26,185,167,107,118,75,136,131,109,12,115,41,124,158,36,137,83,197,200,81,156,147,173,184,68,116,181,100,154,162,84,108,175,97,64,135,151,103,47,3,38,
1to 3:145,174,5,134,187,138,159,78,113,22,165,144,56,189,29,27,195,127,63,190,72,169,140,71,125,183,101,126,62,16,194,148,180,139,119,25,198,132,117,69,20,157,21,143,141,172,
1to 4:192,146,179,122,87,15,193,66,142,178,11,130,34,182,50,86,4,49,105,39,95,59,8,92,44,102,168,186,31,13,96,170,133,98,160,191,54,76,70,30,17,
2to 1:187,24,46,113,53,52,153,93,67,122,87,33,199,15,32,111,1,23,99,66,128,142,94,89,190,71,34,182,123,101,80,152,155,4,62,35,180,6,28,48,163,25,95,198,8,92,44,168,186,31,18,10,60,69,88,13,170,133,157,21,191,141,54,172,70,82,30,
2to 2:
2to 3:106,118,178,74,11,55,12,115,79,57,41,124,158,120,81,156,58,173,116,188,110,73,102,43,104,42,96,121,37,90,135,151,160,3,76,38,17,91,
2to 4:61,22,9,19,26,176,7,75,45,131,109,161,36,183,83,16,148,129,68,164,181,65,139,84,132,175,97,20,103,143,85,166,
3to 1:40,149,171,112,178,136,11,55,2,79,130,57,120,200,58,49,181,105,39,154,162,59,108,102,43,104,97,42,96,121,90,64,98,47,85,166,17,
3to 2:174,159,153,67,19,56,189,111,23,127,63,169,125,34,183,123,126,194,35,164,65,28,48,163,31,18,10,20,170,191,143,70,82,
3to 3:
3to 4:145,106,134,150,165,144,77,27,1,195,107,118,94,74,72,140,158,197,155,147,6,188,110,73,100,119,117,60,69,88,37,151,21,141,38,91,
4to 1:114,5,159,78,150,22,19,14,77,185,29,176,127,7,167,107,45,74,125,161,124,137,197,147,126,16,184,194,148,129,164,188,65,110,73,139,100,132,37,135,3,91,
4to 2:46,146,113,53,179,93,33,199,32,27,193,1,195,99,128,94,89,72,71,130,57,120,86,80,152,155,62,58,49,6,105,39,119,25,59,198,43,117,104,60,42,88,121,90,98,160,157,172,76,
4to 3:192,153,112,111,23,75,136,131,109,2,123,50,35,68,28,48,163,154,162,84,8,108,186,18,13,64,133,103,47,54,85,82,166,30,
4to 4:

cell1:3,2,4,
cell2:4,1,3,
cell3:4,2,1,
cell4:1,2,3,
