machine1:0,31,113,67,169,90,171,139,33,174,153,79,60,197,200,55,104,148,127,178,40,51,187,176,94,22,154,99,155,14,128,57,120,159,12,149,116,32,93,63,53,35,106,114,185,177,134,29,52,115,170,196,64,101,74,164,124,2,126,138,184,15,75,142,9,162,77,73,72,41,123,25,107,118,10,192,46,111,167,146,199,16,105,180,58,108,24,109,69,198,133,80,1,28,166,89,163,165,110,189,179,129,87,43,100,88,81,27,18,71,156,96,65,161,4,19,83,193,97,62,86,34,191,47,50,147,172,8,85,186,145,121,122,70,36,158,125,76,7,182,23,157,152,188,140,95,82,56,61,3,119,78,173,48,42,137,98,5,190,37,194,136,11,160,131,150,45,135,181,91,6,20,112,117,66,151,141,132,168,175,92,44,143,103,54,49,59,102,13,30,21,195,39,130,144,84,26,68,183,38,17,
machine2:0,31,67,169,139,33,79,60,200,55,148,127,178,40,51,187,94,22,154,99,155,14,128,57,120,149,116,32,93,63,53,35,114,185,177,134,29,52,115,170,196,64,101,164,124,2,126,138,184,15,142,162,77,73,72,41,25,107,10,192,46,167,199,16,105,180,58,108,24,109,69,133,80,28,166,89,163,165,110,189,129,87,43,100,88,81,18,71,156,65,161,19,83,193,97,62,86,34,191,47,50,147,172,8,85,186,121,122,70,36,158,125,76,7,182,23,157,152,140,95,82,56,3,119,78,173,48,137,98,5,190,37,194,136,11,160,150,45,135,181,91,6,20,112,117,151,141,132,168,175,92,44,143,103,54,49,102,13,30,21,195,144,84,26,68,183,38,17,
machine3:0,31,169,200,148,127,40,51,187,94,22,154,99,57,149,116,63,53,35,177,29,52,115,170,196,64,101,124,126,138,184,142,77,73,41,25,10,46,167,199,180,108,24,69,133,80,28,166,163,110,189,43,100,88,81,18,71,156,65,161,83,97,62,86,34,50,147,172,8,85,70,158,125,76,7,23,157,152,140,95,56,3,173,190,37,136,160,150,45,135,181,6,20,112,117,151,141,168,175,92,44,143,49,102,21,144,84,26,68,183,38,
machine4:0,31,113,67,169,90,171,139,33,174,153,79,60,197,200,55,104,148,127,178,40,51,187,176,94,22,154,99,155,14,128,57,120,159,12,149,116,32,93,63,53,35,106,114,185,177,52,115,170,196,64,101,74,164,124,126,184,15,75,142,9,162,73,72,41,123,25,107,118,10,46,111,167,146,199,16,105,180,58,108,24,109,69,198,133,80,1,28,166,89,163,110,189,179,129,87,43,100,88,81,27,18,71,156,96,65,161,4,19,83,193,97,62,86,34,191,47,147,172,8,85,186,121,122,70,36,158,125,76,7,182,23,157,152,188,95,82,56,61,3,119,173,48,42,137,98,190,37,194,136,11,160,131,45,135,181,91,6,20,117,66,151,141,132,168,175,92,44,143,103,54,49,59,102,13,30,21,195,39,130,84,26,68,183,38,17,
machine5:0,31,113,90,171,139,33,174,153,79,60,200,55,104,148,127,178,40,51,187,176,94,22,154,99,155,128,57,120,12,149,116,32,93,63,35,114,185,177,52,115,170,196,64,101,74,164,124,126,184,15,142,9,162,73,72,123,25,118,10,46,111,167,146,16,105,180,58,108,24,109,69,198,80,1,28,166,163,110,189,179,129,87,43,100,88,27,18,71,156,96,65,161,4,19,193,62,86,34,191,47,172,8,85,186,121,122,70,36,76,7,182,23,157,152,188,95,82,61,3,119,173,48,42,137,37,194,136,11,160,131,45,135,181,91,6,20,117,66,151,141,132,168,175,92,44,143,103,54,49,59,102,13,30,21,195,39,130,84,26,183,38,17,
machine6:0,113,90,139,153,60,55,148,176,94,155,128,12,116,32,93,185,115,170,196,101,126,184,15,162,73,72,123,10,111,167,16,105,58,108,24,109,80,166,163,189,179,87,43,100,18,71,156,96,161,4,62,191,47,172,85,186,122,36,76,157,152,95,61,3,119,48,42,137,37,194,136,160,131,135,91,6,117,151,141,132,168,175,92,44,49,30,195,39,130,84,26,183,38,17,
machine7:0,31,113,67,169,171,174,153,79,200,104,148,127,178,40,94,57,159,12,149,116,63,35,106,29,170,64,101,74,164,124,2,126,138,162,77,73,72,123,25,107,10,192,16,105,180,133,28,163,189,88,81,156,65,97,191,47,50,147,8,85,186,145,121,70,125,82,119,78,173,48,98,5,190,37,160,150,135,181,91,20,112,151,132,143,103,54,49,59,21,195,39,84,68,38,17,
machine8:0,31,113,67,169,90,171,139,174,153,79,60,197,200,55,104,148,127,178,40,187,94,22,154,155,57,120,159,12,149,116,63,35,106,134,29,115,170,64,101,74,164,124,2,126,138,75,162,77,73,72,41,123,25,107,118,10,192,111,16,105,180,58,108,109,69,198,133,1,28,166,163,165,110,189,43,100,88,81,27,18,71,156,96,65,19,97,62,34,191,47,50,147,172,8,85,186,145,121,70,158,125,76,23,157,188,140,82,56,3,119,78,173,48,42,98,5,190,37,194,136,11,160,131,150,135,181,91,6,20,112,117,151,141,132,143,103,54,49,59,102,13,30,21,195,39,130,144,84,68,183,38,17,
machine9:0,90,33,60,197,104,178,176,154,99,14,128,57,120,93,53,35,185,134,29,64,74,124,2,184,15,75,9,162,25,107,118,146,16,58,108,109,69,198,133,80,1,28,166,89,165,129,87,43,100,88,27,18,96,65,161,4,83,193,86,191,47,50,172,186,145,121,122,70,36,125,76,182,23,157,152,188,140,82,3,119,48,42,137,5,11,150,45,181,91,6,20,112,66,141,132,168,92,143,54,102,13,21,39,26,68,183,17,
machine10:0,31,113,90,139,33,153,60,197,104,148,127,178,176,94,22,154,99,155,14,128,57,120,159,32,93,53,35,106,114,185,134,29,170,64,74,164,124,2,126,184,15,75,142,9,162,77,73,72,123,25,107,118,192,46,111,167,146,199,16,105,58,108,109,69,198,133,80,1,28,166,89,163,165,110,179,129,87,43,100,88,27,18,71,96,65,161,4,19,83,193,97,62,86,34,191,47,50,147,172,8,85,186,145,121,122,70,36,158,125,76,7,182,23,157,152,188,140,95,82,61,3,119,78,48,42,137,98,5,37,194,136,11,160,131,150,45,135,181,91,6,20,112,117,66,151,141,132,168,175,92,44,143,103,54,49,59,102,13,30,21,195,39,130,144,84,26,68,183,38,17,

1to 1:
1to 2:106,114,40,61,51,177,149,171,9,196,14,26,185,167,107,118,75,136,131,109,12,115,41,124,158,36,137,83,197,200,81,156,147,173,184,68,116,181,100,154,162,84,108,175,97,64,135,151,103,47,3,38,
1to 3:145,174,5,134,187,138,159,78,113,22,165,144,56,189,29,27,195,127,63,190,72,169,140,71,125,183,101,126,62,16,194,148,180,139,119,25,198,132,117,69,20,157,21,143,141,172,
1to 4:192,146,179,122,87,15,193,66,142,178,11,130,34,182,50,86,4,49,105,39,95,59,8,92,44,102,168,186,31,13,96,170,133,98,160,191,54,76,70,30,17,
2to 1:187,24,46,113,53,52,153,93,67,122,87,33,199,15,32,111,1,23,99,66,128,142,94,89,190,71,34,182,123,101,80,152,155,4,62,35,180,6,28,48,163,25,95,198,8,92,44,168,186,31,18,10,60,69,88,13,170,133,157,21,191,141,54,172,70,82,30,
2to 2:
2to 3:106,118,178,74,11,55,12,115,79,57,41,124,158,120,81,156,58,173,116,188,110,73,102,43,104,42,96,121,37,90,135,151,160,3,76,38,17,91,
2to 4:61,22,9,19,26,176,7,75,45,131,109,161,36,183,83,16,148,129,68,164,181,65,139,84,132,175,97,20,103,143,85,166,
3to 1:181,178,58,149,85,102,43,104,112,42,136,97,120,108,171,40,39,96,121,57,200,11,2,162,59,130,17,98,79,105,55,154,47,64,90,166,49,
3to 2:153,174,48,20,123,143,23,19,169,18,191,65,125,111,126,183,127,28,70,31,63,56,35,164,34,67,159,82,163,194,10,170,189,
3to 3:
3to 4:27,107,72,37,188,21,119,141,197,100,165,94,88,77,147,195,106,155,140,150,73,1,145,134,110,144,117,69,74,60,38,118,6,91,151,158,
4to 1:5,159,114,78,126,74,125,150,164,194,37,73,16,127,19,107,188,124,185,91,7,22,147,129,167,45,135,161,132,65,184,77,139,29,3,14,110,100,197,137,176,148,
4to 2:1,94,80,6,99,155,195,32,53,71,113,39,152,98,43,86,117,193,76,105,72,130,121,62,57,58,33,59,146,89,199,160,46,93,60,120,49,179,128,42,88,157,172,27,198,104,25,90,119,
4to 3:75,192,108,2,13,28,64,111,8,48,166,186,35,162,47,82,131,136,153,84,30,23,163,103,133,18,50,154,54,109,112,68,85,123,
4to 4:

cell1:3,2,4,
cell2:4,1,3,
cell3:4,2,1,
cell4:2,3,1,
