machine1:0,112,192,106,134,75,165,159,145,107,14,89,67,169,98,178,2,5,139,11,197,19,176,118,113,13,120,90,54,66,129,74,79,164,153,182,16,188,114,33,171,9,121,78,174,60,82,103,146,198,55,1,104,27,105,177,193,59,51,127,94,185,122,200,148,181,150,109,22,30,126,40,87,99,186,28,15,154,142,97,7,187,91,128,158,123,116,57,96,155,86,132,76,133,32,50,12,53,69,199,184,85,93,83,35,73,101,29,149,52,8,63,170,115,138,196,64,167,191,143,61,72,36,117,162,140,70,160,58,20,41,77,124,4,179,111,25,10,34,46,80,151,42,131,108,17,180,24,161,95,119,163,166,62,48,110,189,144,21,43,100,68,141,88,157,71,18,65,152,37,168,81,92,156,102,183,47,147,172,195,31,49,56,175,23,44,26,45,39,125,3,173,137,38,190,130,84,194,136,135,6,
machine2:0,112,192,134,165,107,14,89,67,169,98,178,2,5,139,11,19,13,120,54,129,79,164,182,16,114,33,121,78,60,82,103,55,105,177,193,51,127,94,185,122,200,148,181,150,109,22,30,126,40,87,99,186,28,15,154,142,97,7,187,91,128,158,116,57,155,86,132,76,133,32,50,53,69,199,184,85,93,83,35,73,101,29,149,52,8,63,170,115,138,196,64,167,191,143,72,36,117,162,140,70,160,58,20,41,77,124,25,10,34,46,80,151,108,17,180,24,161,95,119,163,166,62,48,110,189,144,21,43,100,68,141,88,157,71,18,65,152,37,168,81,92,156,102,183,47,147,172,195,31,49,56,175,23,44,26,45,125,3,173,137,38,190,84,194,136,135,6,
machine3:0,112,169,177,51,127,94,200,148,181,150,22,126,40,99,28,154,142,97,7,187,158,116,57,86,76,133,50,53,69,199,184,85,83,35,73,101,29,149,52,8,63,170,115,138,196,64,167,143,117,140,70,160,20,41,77,124,25,10,34,46,80,151,108,180,24,161,95,163,166,62,110,189,144,21,43,100,68,141,88,157,71,18,65,152,37,168,81,92,156,102,183,147,172,31,49,56,175,23,44,26,45,125,3,173,38,190,84,136,135,6,
machine4:0,106,75,159,107,14,89,67,169,98,178,139,11,197,19,176,118,113,13,120,90,54,66,129,74,79,164,153,182,16,188,114,33,171,9,121,174,60,82,103,146,198,55,1,104,27,105,177,193,59,51,127,94,185,122,200,148,181,109,22,30,126,40,87,99,186,28,15,154,142,97,7,187,91,128,158,123,116,57,96,155,86,132,76,133,32,12,53,69,199,184,85,93,83,35,73,101,149,52,8,63,170,115,196,64,167,191,143,61,72,36,117,162,70,160,58,20,41,124,4,179,111,25,10,34,46,80,151,42,131,108,17,180,24,161,95,119,163,166,62,48,110,189,21,43,100,68,141,88,157,71,18,65,152,37,168,81,92,156,102,183,47,147,172,195,31,49,56,175,23,44,26,45,39,125,3,173,137,38,190,130,84,194,136,135,6,
machine5:0,178,139,11,19,176,118,113,13,120,90,54,66,129,74,79,164,153,182,16,188,114,33,171,9,121,174,60,82,103,146,198,55,1,104,27,105,177,193,59,51,127,94,185,122,200,148,181,109,22,30,126,40,87,99,186,28,15,154,142,7,187,91,128,123,116,57,96,155,86,132,76,32,12,69,184,85,93,35,73,101,149,52,8,63,170,115,196,64,167,191,143,61,72,36,117,162,70,160,58,20,124,4,179,111,25,10,34,46,80,151,42,131,108,17,180,24,161,95,119,163,166,62,48,110,189,21,43,100,141,88,157,71,18,65,152,37,168,92,156,102,183,47,172,195,31,49,175,23,44,26,45,39,3,173,137,38,130,84,194,136,135,6,
machine6:0,139,176,113,90,153,16,60,55,105,94,185,122,148,109,30,126,87,186,15,91,128,123,116,96,155,132,76,32,12,184,85,93,73,101,170,115,196,167,191,61,72,36,117,162,160,58,4,179,111,10,80,151,42,131,108,17,24,161,95,119,163,166,62,48,189,43,100,141,157,71,18,152,37,168,92,156,183,47,172,195,49,175,44,26,39,3,137,38,130,84,194,136,135,6,
machine7:0,112,192,106,159,145,107,67,169,98,178,2,5,113,54,74,79,164,153,16,171,121,78,174,82,103,104,105,59,127,94,200,148,181,150,126,40,186,28,97,91,123,116,57,132,133,50,12,85,35,73,101,29,149,8,63,170,138,64,191,143,72,162,70,160,20,77,124,25,10,151,17,180,119,163,48,189,21,68,88,65,37,81,156,47,147,195,31,49,39,125,173,38,190,84,135,
machine8:0,112,192,106,134,75,165,159,145,107,67,169,98,178,2,5,139,11,197,19,118,113,13,120,90,54,74,79,164,153,16,188,171,121,78,174,60,82,103,198,55,1,104,27,105,59,127,94,200,148,181,150,109,22,30,126,40,186,28,154,97,187,91,158,123,116,57,96,155,132,76,133,50,12,69,85,35,73,101,29,149,8,63,170,115,138,64,191,143,72,117,162,140,70,160,58,20,41,77,124,111,25,10,34,151,42,131,108,17,180,119,163,166,62,48,110,189,144,21,43,100,68,141,88,157,71,18,65,37,81,156,102,183,47,147,172,195,31,49,56,23,39,125,3,173,38,190,130,84,194,136,135,6,
machine9:0,112,134,75,165,145,107,14,89,178,2,5,11,197,176,118,13,120,90,54,66,129,74,182,16,188,33,9,121,60,82,146,198,1,104,27,193,185,122,181,150,109,87,99,186,28,15,154,91,128,57,96,86,132,76,133,50,53,69,184,93,83,35,29,64,191,143,36,162,140,70,58,20,124,4,25,80,42,108,17,161,119,166,48,21,43,100,68,141,88,157,18,65,152,168,92,102,183,47,172,23,26,45,39,125,3,137,6,
machine10:0,112,192,106,134,75,165,159,145,107,14,89,98,178,2,5,139,11,197,19,176,118,113,13,120,90,54,66,129,74,164,153,182,16,188,114,33,9,121,78,60,82,103,146,198,1,104,27,105,193,59,127,94,185,122,148,181,150,109,22,30,126,87,99,186,28,15,154,142,97,7,91,128,158,123,57,96,155,86,132,76,133,32,50,53,69,199,184,85,93,83,35,73,29,8,170,64,167,191,143,61,72,36,117,162,140,70,160,58,20,77,124,4,179,111,25,34,46,80,151,42,131,108,17,161,95,119,163,166,62,48,110,144,21,43,100,68,141,88,157,71,18,65,152,37,168,92,102,183,47,147,172,195,31,49,175,23,44,26,45,39,125,3,137,38,130,84,194,136,135,6,

1to 1:
1to 2:106,114,40,61,51,177,149,171,9,196,14,26,185,167,107,118,75,136,131,109,12,115,41,124,158,36,137,83,197,200,81,156,147,173,184,68,116,181,100,154,162,84,108,175,97,64,135,151,103,47,3,38,
1to 3:145,174,5,134,187,138,159,78,113,22,165,144,56,189,29,27,195,127,63,190,72,169,140,71,125,183,101,126,62,16,194,148,180,139,119,25,198,132,117,69,20,157,21,143,141,172,
1to 4:192,146,179,122,87,15,193,66,142,178,11,130,34,182,50,86,4,49,105,39,95,59,8,92,44,102,168,186,31,13,96,170,133,98,160,191,54,76,70,30,17,
2to 1:187,24,46,113,53,52,153,93,67,122,87,33,199,15,32,111,1,23,99,66,128,142,94,89,190,71,34,182,123,101,80,152,155,4,62,35,180,6,28,48,163,25,95,198,8,92,44,168,186,31,18,10,60,69,88,13,170,133,157,21,191,141,54,172,70,82,30,
2to 2:
2to 3:106,118,178,74,11,55,12,115,79,57,41,124,158,120,81,156,58,173,116,188,110,73,102,43,104,42,96,121,37,90,135,151,160,3,76,38,17,91,
2to 4:61,22,9,19,26,176,7,75,45,131,109,161,36,183,83,16,148,129,68,164,181,65,139,84,132,175,97,20,103,143,85,166,
3to 1:40,149,171,112,178,136,11,55,2,79,130,57,120,200,58,49,181,105,39,154,162,59,108,102,43,104,97,42,96,121,90,64,98,47,85,166,17,
3to 2:174,159,153,67,19,56,189,111,23,127,63,169,125,34,183,123,126,194,35,164,65,28,48,163,31,18,10,20,170,191,143,70,82,
3to 3:
3to 4:145,106,134,150,165,144,77,27,1,195,107,118,94,74,72,140,158,197,155,147,6,188,110,73,100,119,117,60,69,88,37,151,21,141,38,91,
4to 1:5,159,114,78,126,74,125,150,164,194,37,73,16,127,19,107,188,124,185,91,7,22,147,129,167,45,135,161,132,65,184,77,139,29,3,14,110,100,197,137,176,148,
4to 2:1,94,80,6,99,155,195,32,53,71,113,39,152,98,43,86,117,193,76,105,72,130,121,62,57,58,33,59,146,89,199,160,46,93,60,120,49,179,128,42,88,157,172,27,198,104,25,90,119,
4to 3:75,192,108,2,13,28,64,111,8,48,166,186,35,162,47,82,131,136,153,84,30,23,163,103,133,18,50,154,54,109,112,68,85,123,
4to 4:

cell1:3,2,4,
cell2:4,1,3,
cell3:4,2,1,
cell4:2,3,1,
