machine1:0,112,78,113,192,1,164,118,27,134,9,146,75,114,188,165,193,107,182,14,89,120,169,67,198,19,139,11,197,98,129,176,13,178,59,106,90,66,171,159,153,2,74,33,60,79,174,145,105,55,121,82,5,16,54,200,104,127,94,185,103,148,150,22,30,126,15,109,40,158,51,28,187,99,96,87,123,154,142,186,7,122,128,155,132,57,191,91,86,133,97,32,50,12,116,53,73,199,184,93,83,76,35,177,101,149,29,69,85,52,8,170,181,61,115,196,64,70,167,124,25,63,138,95,117,72,36,162,140,58,20,17,77,4,179,160,111,10,34,151,42,46,80,131,143,108,62,41,180,161,24,119,43,166,189,110,141,163,144,21,68,88,100,157,81,71,18,65,152,37,168,156,102,47,147,172,92,195,48,183,31,49,125,175,23,44,26,45,56,39,3,173,137,38,190,130,84,194,136,135,6,
machine2:0,112,78,192,164,134,114,165,193,107,182,14,89,120,169,67,19,139,11,98,129,13,178,2,33,60,79,105,55,121,82,5,16,54,200,127,94,185,103,148,150,22,30,126,15,109,40,158,51,28,187,99,87,154,142,186,7,122,128,155,132,57,191,91,86,133,97,32,50,116,53,73,199,184,93,83,76,35,177,101,149,29,69,85,52,8,170,181,115,196,64,70,167,124,25,63,138,95,117,72,36,162,140,58,20,17,77,160,10,34,151,46,80,143,108,62,41,180,161,24,119,43,166,189,110,141,163,144,21,68,88,100,157,81,71,18,65,152,37,168,156,102,47,147,172,92,195,48,183,31,49,125,175,23,44,26,45,56,3,173,137,38,190,84,194,136,135,6,
machine3:0,112,169,200,127,94,148,150,22,126,40,158,51,28,187,99,154,142,7,57,86,133,97,50,116,53,73,199,184,83,76,35,177,101,149,29,69,85,52,8,170,181,115,196,64,70,167,124,25,63,138,95,117,140,20,77,160,10,34,151,46,80,143,108,62,41,180,161,24,43,166,189,110,141,163,144,21,68,88,100,157,81,71,18,65,152,37,168,156,102,147,172,92,183,31,49,125,175,23,44,26,45,56,3,173,38,190,84,136,135,6,
machine4:0,113,1,164,118,27,9,146,75,114,188,193,107,182,14,89,120,169,67,198,19,139,11,197,98,129,176,13,178,59,106,90,66,171,159,153,74,33,60,79,174,105,55,121,82,16,54,200,104,127,94,185,103,148,22,30,126,15,109,40,158,51,28,187,99,96,87,123,154,142,186,7,122,128,155,132,57,191,91,86,133,97,32,12,116,53,73,199,184,93,83,76,35,177,101,149,69,85,52,8,170,181,61,115,196,64,70,167,124,25,63,95,117,72,36,162,58,20,17,4,179,160,111,10,34,151,42,46,80,131,143,108,62,41,180,161,24,119,43,166,189,110,141,163,21,68,88,100,157,81,71,18,65,152,37,168,156,102,47,147,172,92,195,48,183,31,49,125,175,23,44,26,45,56,39,3,173,137,38,190,130,84,194,136,135,6,
machine5:0,113,1,164,118,27,9,146,114,188,193,182,120,198,19,139,11,129,176,13,178,59,90,66,171,153,74,33,60,79,174,105,55,121,82,16,54,200,104,127,94,185,103,148,22,30,126,15,109,40,51,28,187,99,96,87,123,154,142,186,7,122,128,155,132,57,191,91,86,32,12,116,73,184,93,76,35,177,101,149,69,85,52,8,170,181,61,115,196,64,70,167,124,25,63,95,117,72,36,162,58,20,17,4,179,160,111,10,34,151,42,46,80,131,143,108,62,180,161,24,119,43,166,189,110,141,163,21,88,100,157,71,18,65,152,37,168,156,102,47,172,92,195,48,183,31,49,175,23,44,26,45,39,3,173,137,38,130,84,194,136,135,6,
machine6:0,113,139,176,90,153,60,105,55,16,94,185,148,30,126,15,109,96,87,123,186,122,128,155,132,191,91,32,12,116,73,184,93,76,101,85,170,61,115,196,167,95,117,72,36,162,58,17,4,179,160,111,10,151,42,80,131,108,62,161,24,119,43,166,189,141,163,100,157,71,18,152,37,168,156,47,172,92,195,48,183,49,175,44,26,39,3,137,38,130,84,194,136,135,6,
machine7:0,112,78,113,192,164,107,169,67,98,178,59,106,171,159,153,2,74,79,174,145,105,121,82,5,16,54,200,104,127,94,103,148,150,126,40,28,123,186,132,57,191,91,133,97,50,12,116,73,35,101,149,29,85,8,170,181,64,70,124,25,63,138,72,162,20,17,77,160,10,151,143,180,119,189,163,21,68,88,81,65,37,156,47,147,195,48,31,49,125,39,173,38,190,84,135,
machine8:0,112,78,113,192,1,164,118,27,134,75,188,165,107,120,169,67,198,19,139,11,197,98,13,178,59,106,90,171,159,153,2,74,60,79,174,145,105,55,121,82,5,16,54,200,104,127,94,103,148,150,22,30,126,109,40,158,28,187,96,123,154,186,155,132,57,191,91,133,97,50,12,116,73,76,35,101,149,29,69,85,8,170,181,115,64,70,124,25,63,138,117,72,162,140,58,20,17,77,160,111,10,34,151,42,131,143,108,62,41,180,119,43,166,189,110,141,163,144,21,68,88,100,157,81,71,18,65,37,156,102,47,147,172,195,48,183,31,49,125,23,56,39,3,173,38,190,130,84,194,136,135,6,
machine9:0,112,1,118,27,134,9,146,75,188,165,193,107,182,14,89,120,198,11,197,129,176,13,178,90,66,2,74,33,60,145,121,82,5,16,54,104,185,150,15,109,28,99,96,87,154,186,122,128,132,57,191,91,86,133,50,53,184,93,83,76,35,29,69,181,64,70,124,25,36,162,140,58,20,17,4,42,80,143,108,161,119,43,166,141,21,68,88,100,157,18,65,152,168,102,47,172,92,48,183,125,23,26,45,39,3,137,6,
machine10:0,112,78,113,192,1,164,118,27,134,9,146,75,114,188,165,193,107,182,14,89,120,198,19,139,11,197,98,129,176,13,178,59,106,90,66,159,153,2,74,33,60,145,105,121,82,5,16,54,104,127,94,185,103,148,150,22,30,126,15,109,158,28,99,96,87,123,154,142,186,7,122,128,155,132,57,191,91,86,133,97,32,50,53,73,199,184,93,83,76,35,29,69,85,8,170,181,61,64,70,167,124,25,95,117,72,36,162,140,58,20,17,77,4,179,160,111,34,151,42,46,80,131,143,108,62,161,119,43,166,110,141,163,144,21,68,88,100,157,71,18,65,152,37,168,102,47,147,172,92,195,48,183,31,49,125,175,23,44,26,45,39,3,137,38,130,84,194,136,135,6,

1to 1:
1to 2:106,114,40,61,51,177,149,171,9,196,14,26,185,167,107,118,75,136,131,109,12,115,41,124,158,36,137,83,197,200,81,156,147,173,184,68,116,181,100,154,162,84,108,175,97,64,135,151,103,47,3,38,
1to 3:145,174,5,134,187,138,159,78,113,22,165,144,56,189,29,27,195,127,63,190,72,169,140,71,125,183,101,126,62,16,194,148,180,139,119,25,198,132,117,69,20,157,21,143,141,172,
1to 4:192,146,179,122,87,15,193,66,142,178,11,130,34,182,50,86,4,49,105,39,95,59,8,92,44,102,168,186,31,13,96,170,133,98,160,191,54,76,70,30,17,
2to 1:187,24,46,113,53,52,153,93,67,122,87,33,199,15,32,111,1,23,99,66,128,142,94,89,190,71,34,182,123,101,80,152,155,4,62,35,180,6,28,48,163,25,95,198,8,92,44,168,186,31,18,10,60,69,88,13,170,133,157,21,191,141,54,172,70,82,30,
2to 2:
2to 3:106,118,178,74,11,55,12,115,79,57,41,124,158,120,81,156,58,173,116,188,110,73,102,43,104,42,96,121,37,90,135,151,160,3,76,38,17,91,
2to 4:61,22,9,19,26,176,7,75,45,131,109,161,36,183,83,16,148,129,68,164,181,65,139,84,132,175,97,20,103,143,85,166,
3to 1:40,149,171,112,178,136,11,55,2,79,130,57,120,200,58,49,181,105,39,154,162,59,108,102,43,104,97,42,96,121,90,64,98,47,85,166,17,
3to 2:174,159,153,67,19,56,189,111,23,127,63,169,125,34,183,123,126,194,35,164,65,28,48,163,31,18,10,20,170,191,143,70,82,
3to 3:
3to 4:145,106,134,150,165,144,77,27,1,195,107,118,94,74,72,140,158,197,155,147,6,188,110,73,100,119,117,60,69,88,37,151,21,141,38,91,
4to 1:114,5,159,78,150,22,19,14,77,185,29,176,127,7,167,107,45,74,125,161,124,137,197,147,126,16,184,194,148,129,164,188,65,110,73,139,100,132,37,135,3,91,
4to 2:46,146,113,53,179,93,33,199,32,27,193,1,195,99,128,94,89,72,71,130,57,120,86,80,152,155,62,58,49,6,105,39,119,25,59,198,43,117,104,60,42,88,121,90,98,160,157,172,76,
4to 3:192,153,112,111,23,75,136,131,109,2,123,50,35,68,28,48,163,154,162,84,8,108,186,18,13,64,133,103,47,54,85,82,166,30,
4to 4:

cell1:3,2,4,
cell2:4,1,3,
cell3:4,2,1,
cell4:1,2,3,
