machine1:0,35,53,51,58,43,18,49,11,2,36,56,60,13,24,38,28,40,19,25,10,45,22,33,21,29,14,44,54,6,37,55,34,52,8,7,15,17,31,9,1,
machine2:0,35,53,23,51,58,47,43,18,46,49,11,2,36,56,60,13,24,38,28,40,19,25,10,45,5,22,16,33,21,29,14,41,42,4,48,20,44,54,6,50,37,55,32,34,3,12,52,8,26,7,30,15,17,31,59,9,39,57,27,1,
machine3:0,53,23,51,58,47,43,18,46,49,2,56,60,13,24,38,28,19,25,10,45,5,22,16,33,21,29,14,41,42,4,48,20,54,6,50,55,32,34,3,12,26,30,59,39,57,27,
machine4:0,35,53,23,51,58,47,43,18,46,49,11,2,36,56,60,13,24,38,28,40,19,25,10,45,5,22,16,33,21,29,14,41,42,4,48,20,44,54,6,50,37,55,32,34,3,12,52,8,26,7,30,15,17,31,59,9,39,57,27,1,
machine5:0,35,23,47,46,11,36,40,5,16,41,42,4,48,20,44,50,37,32,3,12,52,8,26,7,30,15,17,31,59,9,39,57,27,1,
machine6:0,35,53,23,51,58,47,43,18,46,49,11,2,36,56,60,13,24,38,28,40,19,25,10,45,5,22,16,33,21,29,14,41,42,4,48,20,44,54,6,50,37,55,32,34,3,12,52,8,26,7,30,15,17,31,59,9,39,57,27,1,

1to 1:
1to 2:55,32,56,23,20,33,34,27,6,54,57,39,46,4,41,29,38,11,9,22,59,19,25,47,21,49,15,14,18,30,53,43,51,40,50,2,48,36,17,60,58,10,13,5,3,45,35,26,12,42,28,24,16,
2to 1:37,55,32,23,20,33,34,27,1,44,6,54,57,39,46,41,29,38,9,22,59,25,47,21,15,14,18,30,31,53,43,50,2,8,48,17,60,58,10,5,3,45,26,52,12,7,42,28,24,16,
2to 2:

cell1:2,
cell2:1,
