machine1:0,50,15,118,90,10,45,20,65,41,11,66,92,109,73,60,30,2,85,74,86,78,89,43,97,104,51,115,59,87,9,53,29,16,23,105,96,103,61,117,71,28,21,75,17,98,38,18,48,12,37,49,67,44,57,47,76,72,63,102,108,25,1,93,24,13,31,84,40,54,88,91,116,69,112,111,19,
machine2:0,50,33,15,118,90,100,10,70,45,20,55,7,82,65,41,11,95,66,92,109,34,62,73,60,30,2,85,74,86,78,89,43,97,104,113,120,51,35,22,119,115,59,87,9,81,53,29,16,23,105,96,103,56,61,117,71,28,21,75,17,98,38,18,3,48,27,12,107,64,37,49,67,14,44,46,99,77,57,47,76,94,68,72,52,63,26,102,108,101,114,25,1,93,24,13,8,31,58,84,83,40,54,6,88,106,36,91,116,69,39,112,111,19,79,42,32,110,4,5,80,
machine3:0,33,118,100,70,45,20,65,41,92,109,62,73,2,85,74,86,78,43,97,113,120,51,22,87,103,71,21,38,3,48,27,12,64,67,44,99,77,57,94,72,63,102,108,101,1,93,13,84,54,91,116,39,112,32,4,5,80,
machine4:0,50,33,15,118,90,100,10,70,45,20,55,65,41,95,66,92,109,62,73,2,85,74,86,78,43,97,113,120,51,35,22,119,87,81,53,16,105,103,56,117,71,21,17,98,38,3,48,27,12,107,64,37,49,67,14,44,99,77,57,47,76,94,72,63,26,102,108,101,114,1,93,24,13,8,31,58,84,83,54,6,88,106,36,91,116,69,39,112,111,42,32,110,4,5,80,
machine5:0,50,33,118,90,100,10,70,45,55,7,82,41,11,95,66,92,109,34,62,73,60,30,2,85,74,86,78,89,43,97,104,113,51,22,119,115,59,87,9,81,53,16,96,103,56,61,71,28,21,38,18,3,48,12,64,37,49,67,14,44,46,99,77,57,47,94,68,52,63,102,108,114,25,1,93,24,13,8,31,58,84,83,40,54,6,88,106,36,91,116,69,39,112,111,19,79,42,32,110,4,5,80,
machine6:0,50,118,90,100,10,70,45,7,82,41,95,92,62,73,60,30,85,74,86,78,89,43,104,113,51,9,81,16,103,61,71,21,38,3,48,12,49,46,99,57,47,94,68,52,108,114,25,1,93,24,13,8,31,58,84,83,40,54,6,88,106,36,91,116,69,39,112,111,19,79,42,32,110,4,5,80,
machine7:0,118,90,7,95,30,85,86,78,89,43,113,61,38,46,99,57,47,94,68,52,108,25,1,93,24,13,8,31,58,83,54,88,106,36,91,39,112,111,
machine8:0,118,100,70,20,55,82,65,11,95,92,109,62,73,85,74,86,89,104,120,35,115,87,53,16,23,96,103,56,61,28,75,98,38,18,48,27,12,107,64,14,47,94,26,25,1,24,8,31,84,54,106,39,32,110,4,5,80,
machine9:0,15,118,90,100,10,70,45,20,55,82,65,11,95,92,109,62,73,30,2,85,74,86,78,89,43,97,104,113,120,35,22,119,115,87,9,81,53,16,23,105,96,103,56,61,117,71,28,21,75,17,98,38,18,3,48,27,12,107,64,37,67,14,44,46,57,47,76,94,68,63,26,102,101,114,25,1,93,24,13,8,31,58,84,54,88,106,36,69,39,112,111,19,79,42,32,110,4,5,80,
machine10:0,50,33,15,118,90,100,10,70,45,20,55,7,82,65,41,11,95,66,92,109,34,62,73,60,30,2,85,74,86,78,89,43,97,104,113,120,51,35,119,115,59,87,9,81,53,29,16,23,105,103,61,117,71,28,21,75,17,98,38,18,3,48,27,107,64,14,44,46,99,77,47,76,94,68,72,52,63,26,108,101,25,1,93,24,13,31,84,83,40,54,6,88,106,36,91,116,69,112,111,19,79,42,110,4,5,80,
machine11:0,50,33,15,118,90,100,10,70,45,20,55,7,82,65,41,11,95,66,92,109,34,62,73,60,30,2,85,74,86,78,89,43,97,104,113,120,35,119,59,87,9,81,29,16,103,75,17,38,3,48,14,44,99,47,72,26,101,1,24,13,31,84,83,40,91,112,111,19,79,42,4,5,80,
machine12:0,15,90,100,70,45,55,7,65,41,11,95,66,92,109,34,62,73,60,2,78,89,43,97,104,120,35,119,87,9,29,16,103,48,14,44,99,26,101,24,13,31,83,91,112,19,79,4,5,80,

1to 1:
1to 2:81,50,96,115,34,53,112,86,69,92,118,66,77,106,54,45,110,108,36,44,14,75,4,5,37,87,60,19,41,73,21,12,16,109,2,111,26,116,120,25,88,100,80,84,82,31,65,94,7,46,22,33,62,95,90,42,70,39,64,74,55,89,32,6,85,
1to 3:90,70,74,97,11,100,10,35,30,112,110,4,91,50,21,48,108,59,67,93,118,120,17,104,47,53,113,3,71,105,15,42,114,101,111,78,41,24,54,62,45,103,81,94,119,27,20,76,63,23,79,5,84,107,
2to 1:37,18,56,96,67,114,58,104,49,102,64,40,53,11,50,14,108,12,99,41,71,93,61,118,31,48,3,113,103,62,90,74,63,38,1,94,13,78,70,84,
2to 2:
2to 3:18,56,96,7,23,81,35,104,77,106,98,28,27,64,33,52,75,115,60,66,68,82,53,116,39,11,107,46,57,51,14,12,32,110,83,55,26,100,25,6,120,21,2,87,44,88,65,45,61,10,118,31,48,9,4,24,89,8,103,62,5,20,73,47,95,74,16,92,80,38,1,94,109,86,54,43,70,84,85,
3to 1:37,29,69,67,22,81,117,72,77,98,36,28,27,64,105,19,52,75,34,66,68,42,39,97,107,57,51,14,112,17,32,110,83,26,100,6,120,21,2,87,44,88,45,93,111,101,10,118,119,48,9,4,3,113,8,103,5,20,73,47,74,16,92,80,94,109,86,54,78,43,70,85,
3to 2:18,56,23,58,35,104,102,106,28,115,40,82,59,53,11,97,107,79,30,12,99,71,61,10,119,31,48,24,3,89,91,103,62,5,47,95,80,63,38,1,109,13,43,84,85,
3to 3:

cell1:2,3,
cell2:1,3,
cell3:1,2,
