machine1:0,118,97,45,65,11,66,115,104,37,87,23,29,105,96,117,28,21,75,61,17,98,103,12,71,38,76,48,18,59,9,41,49,85,86,89,67,108,73,25,10,1,88,60,24,40,74,54,93,72,31,102,13,20,116,63,69,51,57,84,30,112,2,44,91,19,92,78,109,43,111,50,15,90,16,47,53,
machine2:0,34,33,118,97,45,119,100,70,65,11,66,7,115,14,104,37,87,23,29,56,105,96,117,28,21,75,61,17,98,103,12,71,38,76,48,114,26,18,83,59,9,41,46,49,85,86,62,89,68,67,108,58,73,8,22,25,101,27,52,10,1,6,120,88,60,113,24,82,40,74,54,93,72,77,31,102,3,106,64,13,20,36,116,63,69,39,94,51,57,84,30,99,112,2,44,91,19,92,42,78,109,43,79,110,32,5,80,4,111,95,50,15,90,16,47,55,107,53,81,35,
machine3:0,33,118,97,45,100,70,65,87,21,103,12,71,38,48,41,85,86,62,67,108,73,22,101,27,1,120,113,74,54,93,72,77,102,3,64,13,20,116,63,39,94,51,57,84,99,112,2,44,91,92,78,109,43,32,5,80,4,
machine4:0,33,118,97,45,119,100,70,65,66,14,37,87,56,105,117,21,17,98,103,12,71,38,76,48,114,26,83,41,49,85,86,62,67,108,58,73,8,22,101,27,10,1,6,120,88,113,24,74,54,93,72,77,31,102,3,106,64,13,20,36,116,63,69,39,94,51,57,84,99,112,2,44,91,92,42,78,109,43,110,32,5,80,4,111,95,50,15,90,16,47,55,107,53,81,35,
machine5:0,34,33,118,97,45,119,100,70,11,66,7,115,14,104,37,87,56,96,28,21,61,103,12,71,38,48,114,18,83,59,9,41,46,49,85,86,62,89,68,67,108,58,73,8,22,25,52,10,1,6,88,60,113,24,82,40,74,54,93,77,31,102,3,106,64,13,36,116,63,69,39,94,51,57,84,30,99,112,2,44,91,19,92,42,78,109,43,79,110,32,5,80,4,111,95,50,90,16,47,55,53,81,
machine6:0,118,45,100,70,7,104,21,61,103,12,71,38,48,114,83,9,41,46,49,85,86,62,89,68,108,58,73,8,25,52,10,1,6,88,60,113,24,82,40,74,54,93,31,3,106,13,36,116,69,39,94,51,57,84,30,99,112,91,19,92,42,78,43,79,110,32,5,80,4,111,95,50,90,16,47,81,
machine7:0,118,7,61,38,83,46,85,86,89,68,108,58,8,25,52,1,88,113,24,54,93,31,106,13,36,39,94,57,30,99,112,91,78,43,111,95,90,47,
machine8:0,118,100,70,65,11,115,14,104,87,23,56,96,28,75,61,98,103,12,38,48,26,18,85,86,62,89,73,8,25,27,1,120,24,82,74,54,31,106,64,20,39,94,84,92,109,110,32,5,80,4,95,16,47,55,107,53,35,
machine9:0,118,97,45,119,100,70,65,11,115,14,104,37,87,23,56,105,96,117,28,21,75,61,17,98,103,12,71,38,76,48,114,26,18,9,46,85,86,62,89,68,67,58,73,8,22,25,101,27,10,1,120,88,113,24,82,74,54,93,31,102,3,106,64,13,20,36,63,69,39,94,57,84,30,112,2,44,19,92,42,78,109,43,79,110,32,5,80,4,111,95,15,90,16,47,55,107,53,81,35,
machine10:0,34,33,118,97,45,119,100,70,65,11,66,7,115,14,104,87,23,29,105,117,28,21,75,61,17,98,103,71,38,76,48,26,18,83,59,9,41,46,85,86,62,89,68,108,73,25,101,27,52,10,1,6,120,88,60,113,24,82,40,74,54,93,72,77,31,3,106,64,13,20,36,116,63,69,94,51,84,30,99,112,2,44,91,19,92,42,78,109,43,79,110,5,80,4,111,95,50,15,90,16,47,55,107,53,81,35,
machine11:0,34,33,118,97,45,119,100,70,65,11,66,7,14,104,87,29,75,17,103,38,48,26,83,59,9,41,85,86,62,89,73,101,10,1,120,60,113,24,82,40,74,72,31,3,13,20,84,30,99,112,2,44,91,19,92,42,78,109,43,79,5,80,4,111,95,50,15,90,16,47,55,81,35,
machine12:0,34,97,45,119,100,70,65,11,66,7,14,104,87,29,103,48,26,83,9,41,62,89,73,101,120,60,24,31,13,99,112,2,44,91,19,92,78,109,43,79,5,80,4,95,15,90,16,55,35,

1to 1:
1to 2:81,50,96,115,34,53,112,86,69,92,118,66,77,106,54,45,110,108,36,44,14,75,4,5,37,87,60,19,41,73,21,12,16,109,2,111,26,116,120,25,88,100,80,84,82,31,65,94,7,46,22,33,62,95,90,42,70,39,64,74,55,89,32,6,85,
1to 3:90,70,74,97,11,100,10,35,30,112,110,4,91,50,21,48,108,59,67,93,118,120,17,104,47,53,113,3,71,105,15,42,114,101,111,78,41,24,54,62,45,103,81,94,119,27,20,76,63,23,79,5,84,107,
2to 1:37,18,56,96,67,114,58,104,49,102,64,40,53,11,50,14,108,12,99,41,71,93,61,118,31,48,3,113,103,62,90,74,63,38,1,94,13,78,70,84,
2to 2:
2to 3:18,56,96,7,23,81,35,104,77,106,98,28,27,64,33,52,75,115,60,66,68,82,53,116,39,11,107,46,57,51,14,12,32,110,83,55,26,100,25,6,120,21,2,87,44,88,65,45,61,10,118,31,48,9,4,24,89,8,103,62,5,20,73,47,95,74,16,92,80,38,1,94,109,86,54,43,70,84,85,
3to 1:37,29,69,67,22,81,117,72,77,98,36,28,27,64,105,19,52,75,34,66,68,42,39,97,107,57,51,14,112,17,32,110,83,26,100,6,120,21,2,87,44,88,45,93,111,101,10,118,119,48,9,4,3,113,8,103,5,20,73,47,74,16,92,80,94,109,86,54,78,43,70,85,
3to 2:18,56,23,58,35,104,102,106,28,115,40,82,59,53,11,97,107,79,30,12,99,71,61,10,119,31,48,24,3,89,91,103,62,5,47,95,80,63,38,1,109,13,43,84,85,
3to 3:

cell1:2,3,
cell2:1,3,
cell3:1,2,
