machine1:0,25,72,88,89,122,80,33,97,134,50,114,6,70,20,49,86,34,31,26,10,4,36,12,119,3,106,54,79,77,39,125,19,68,59,90,112,100,75,24,115,117,67,58,128,8,16,118,11,18,32,110,53,107,60,28,48,149,73,148,108,139,71,129,113,94,47,133,98,127,15,9,102,124,83,137,104,150,27,35,103,74,22,17,63,
machine2:0,84,109,25,72,88,144,89,122,80,33,120,97,134,50,114,6,143,70,41,20,49,146,44,52,43,46,135,38,86,13,34,5,142,111,62,31,26,10,4,66,36,12,42,119,3,106,145,85,82,57,54,91,79,77,37,126,92,147,7,39,125,19,51,68,59,90,112,136,100,75,93,24,115,117,67,58,128,8,16,118,11,18,32,61,141,87,21,110,53,107,60,140,14,64,28,48,96,149,121,73,148,108,30,139,132,65,29,78,71,129,113,94,47,133,101,98,131,127,40,130,15,123,56,9,102,2,124,138,69,83,137,45,104,150,1,105,27,35,103,55,74,95,22,76,17,81,99,63,116,23,
machine3:0,109,25,88,144,89,122,80,33,50,6,70,41,44,43,38,13,5,142,4,3,106,77,37,92,125,19,51,24,115,58,8,118,18,32,87,53,107,60,14,28,96,121,139,132,65,29,129,113,131,127,123,56,102,2,138,69,83,137,45,104,1,105,74,95,17,81,99,
machine4:0,109,25,88,144,89,122,80,33,134,50,6,143,70,41,146,44,52,43,38,13,34,5,142,111,62,31,10,4,66,36,12,42,119,3,106,145,85,82,57,91,77,37,126,92,147,125,19,51,112,93,24,115,117,67,58,8,118,11,18,32,61,87,21,110,53,107,60,140,14,64,28,96,121,73,30,139,132,65,29,78,71,129,113,47,133,98,131,127,40,130,123,56,102,2,124,138,69,83,137,45,104,150,1,105,35,103,74,95,22,76,17,81,99,116,23,
machine5:0,84,109,25,72,88,144,89,122,80,120,97,134,50,114,6,143,70,41,20,49,146,52,43,46,135,38,86,13,34,5,142,62,31,10,4,66,36,42,119,3,106,145,85,82,54,91,79,77,37,126,92,147,7,39,125,19,51,68,59,112,136,100,93,24,115,117,67,58,128,8,16,118,11,18,32,61,141,87,21,110,53,60,14,64,28,48,149,121,73,148,108,139,132,65,29,78,71,129,113,47,133,101,98,131,127,40,15,56,9,102,2,124,138,69,83,137,45,104,150,1,105,27,35,103,55,74,95,22,76,17,81,63,116,
machine6:0,109,25,72,88,144,89,122,80,120,97,134,50,114,6,49,146,52,43,46,135,86,13,34,5,142,62,10,66,42,119,3,106,85,82,54,91,126,92,7,39,125,19,51,68,59,112,136,100,93,24,115,67,128,8,16,118,11,18,32,141,87,21,53,60,14,64,28,48,121,73,108,132,29,71,129,113,133,101,98,131,127,40,15,56,9,102,124,138,69,83,137,45,104,150,1,105,27,103,55,74,95,22,76,17,81,63,
machine7:0,109,25,72,122,120,97,134,50,6,49,146,43,86,13,34,5,62,10,66,42,119,106,82,91,126,92,7,39,125,51,68,59,112,115,11,141,87,21,53,14,73,108,132,71,129,113,101,131,40,15,56,9,138,69,83,137,45,150,1,105,27,55,74,95,22,17,81,63,
machine8:0,84,109,25,72,88,144,89,122,80,33,120,134,6,70,41,20,49,146,44,52,43,46,135,38,13,34,5,111,31,26,10,4,36,12,42,106,145,82,57,54,91,77,126,92,147,7,39,125,19,51,68,59,90,112,136,100,75,93,115,117,67,58,8,16,118,11,18,32,61,21,110,53,60,140,14,64,28,48,96,121,73,108,30,139,132,65,29,78,71,129,113,94,47,133,101,98,131,127,40,130,123,56,9,102,2,124,138,69,83,137,45,104,150,1,105,27,35,103,55,74,95,22,76,17,81,99,63,23,
machine9:0,84,109,25,72,88,144,89,122,80,120,134,6,70,20,49,146,43,135,38,13,34,31,26,10,4,12,42,106,82,54,91,77,92,7,39,125,19,51,59,90,112,136,100,93,115,67,58,8,16,118,18,32,61,21,110,53,60,140,14,64,28,96,121,73,108,139,132,71,129,113,94,47,101,98,131,40,130,56,9,102,2,124,138,69,83,137,45,104,150,1,105,27,35,103,55,74,95,22,17,81,99,63,23,
machine10:0,109,25,72,88,144,89,134,20,38,26,4,106,54,91,92,7,39,125,19,112,100,93,115,58,8,16,118,18,61,53,60,14,96,121,73,108,132,71,129,113,47,98,131,40,56,2,138,83,137,45,104,150,105,27,35,103,55,74,22,81,63,
machine11:0,84,109,144,122,50,70,43,86,34,31,42,57,92,68,112,136,75,128,8,16,141,87,21,53,60,140,14,28,48,96,149,121,73,132,65,29,78,71,129,113,94,133,101,131,127,40,130,15,123,56,9,102,124,138,69,83,137,45,104,150,1,105,27,35,103,55,74,95,22,76,17,81,99,63,116,23,
machine12:0,84,109,25,144,89,122,80,33,120,50,6,70,20,49,44,43,46,135,86,34,5,62,31,26,10,4,42,119,106,145,85,82,57,54,126,92,125,19,68,59,90,112,136,100,75,93,24,115,117,128,8,16,11,61,141,87,21,110,53,107,60,140,14,28,48,96,149,121,73,148,30,132,65,29,78,71,129,113,94,47,133,101,98,131,127,40,130,15,123,56,9,102,124,138,69,83,137,45,104,150,1,105,27,35,103,55,74,95,22,76,17,81,99,63,116,23,
machine13:0,84,109,25,72,88,144,89,122,114,6,143,70,20,146,52,43,135,38,86,13,34,5,111,62,31,26,10,4,66,42,119,3,106,145,85,82,57,54,79,77,37,126,92,147,7,39,125,19,68,59,90,112,100,93,24,115,117,67,128,8,16,118,11,18,61,141,87,21,110,53,107,60,28,48,96,149,121,73,148,108,30,139,132,65,29,78,71,129,113,94,47,133,98,131,127,40,130,15,56,9,102,2,124,138,83,137,45,104,150,1,105,27,35,103,74,95,22,17,81,99,63,23,
machine14:0,109,25,72,88,89,122,114,6,143,146,52,43,135,38,86,13,34,5,111,31,26,10,4,66,42,119,106,82,57,79,77,37,126,92,147,39,19,68,59,90,112,100,93,24,115,117,67,128,8,16,118,11,18,141,87,21,53,60,28,48,96,149,73,108,139,132,65,29,78,71,129,113,47,133,98,131,40,130,15,56,9,102,2,124,137,45,104,150,1,105,27,35,103,74,95,22,17,81,23,
machine15:0,72,88,122,114,6,143,146,52,38,13,31,26,10,4,66,42,119,106,82,77,147,19,59,112,100,67,128,8,18,141,87,21,60,28,149,132,29,78,71,47,98,131,40,130,56,124,45,104,150,1,105,35,103,17,81,

1to 1:
1to 2:105,17,73,61,140,110,126,104,142,57,21,12,33,83,58,
1to 3:67,46,66,13,103,150,34,136,116,119,134,72,51,88,10,95,97,131,143,20,47,135,6,9,50,
1to 4:54,42,139,146,44,80,109,64,52,56,18,39,41,16,4,91,55,89,84,7,74,65,71,144,23,70,117,25,
1to 5:121,22,59,26,19,76,127,123,102,124,35,107,120,137,81,99,5,62,69,93,138,60,63,78,125,48,15,149,
1to 6:45,129,27,112,148,98,113,133,30,130,94,82,24,31,28,100,122,92,87,43,53,106,141,114,79,
2to 1:119,89,64,14,32,76,107,99,123,3,4,77,91,150,69,103,116,125,42,66,74,139,145,81,137,11,13,19,
2to 2:
2to 3:98,37,35,105,18,58,53,106,41,142,56,132,146,127,71,78,
2to 4:102,8,83,115,82,111,73,147,36,43,60,88,93,2,126,
2to 5:17,28,104,29,65,95,117,23,45,1,33,30,24,85,34,44,
2to 6:67,131,118,21,96,10,6,40,110,52,25,38,144,22,124,
3to 1:56,92,93,5,86,141,68,55,114,127,35,101,109,25,28,108,
3to 2:1,77,144,88,82,80,118,134,121,51,32,52,95,87,143,36,138,45,122,67,24,8,50,62,64,129,2,38,
3to 3:
3to 4:131,22,40,112,133,125,58,63,49,69,104,124,27,136,31,13,29,72,76,61,10,
3to 5:6,14,150,103,4,53,16,21,132,70,110,113,74,100,106,73,105,116,47,
3to 6:18,34,11,128,42,78,20,9,85,119,115,145,117,66,54,147,83,39,17,102,37,139,3,
4to 1:31,27,105,113,47,132,104,147,78,1,9,130,48,96,20,61,36,12,120,45,6,134,106,22,57,67,49,51,
4to 2:28,131,69,35,117,44,133,41,53,76,70,25,137,30,127,18,71,10,29,23,65,146,5,
4to 3:144,60,42,102,92,81,43,59,39,118,91,139,77,122,145,14,129,38,32,93,7,
4to 4:
4to 5:112,98,83,8,84,56,55,54,140,101,82,115,40,68,135,11,75,46,80,
4to 6:125,19,89,109,63,150,13,99,26,111,95,16,121,4,138,108,72,126,74,2,90,
5to 1:34,16,75,136,10,82,50,100,140,85,98,21,110,8,46,115,144,129,122,112,70,53,
5to 2:145,42,78,60,22,119,43,124,130,40,14,
5to 3:17,62,109,31,87,101,54,49,126,128,15,138,84,89,80,28,11,148,117,120,133,141,
5to 4:94,81,57,106,33,113,103,20,90,19,96,132,92,5,121,123,
5to 5:
5to 6:149,68,65,47,73,86,107,59,61,71,104,29,35,1,56,135,48,137,
6to 1:2,23,26,29,37,38,40,60,62,63,71,73,83,84,88,95,102,128,138,146,90,118,52,135,7,15,143,111,
6to 2:11,31,47,81,92,98,99,103,112,113,115,125,132,147,150,85,93,109,3,
6to 3:4,5,19,45,48,68,70,74,86,121,124,137,24,65,61,149,8,108,79,
6to 4:1,17,21,30,34,59,77,100,105,110,122,127,129,6,
6to 5:9,25,27,43,57,89,94,126,130,131,133,148,145,87,96,
6to 6:

cell1:2,5,3,6,4,
cell2:5,4,6,1,3,
cell3:5,4,1,2,6,
cell4:5,1,6,2,3,
cell5:3,1,2,4,6,
cell6:4,1,5,2,3,
