machine1:0,103,88,83,72,4,73,150,80,122,33,134,133,97,50,70,114,6,94,49,10,9,16,20,3,68,149,112,127,48,137,86,102,119,15,124,90,34,104,74,36,113,39,26,12,54,53,60,79,25,106,59,77,8,67,89,125,31,75,117,118,19,27,35,24,100,110,115,148,58,128,139,11,32,22,18,28,17,47,107,98,63,108,71,129,
machine2:0,103,55,88,83,72,96,144,4,73,150,105,80,122,136,33,87,120,134,141,133,97,50,146,70,138,114,6,94,45,41,84,29,126,52,140,21,121,135,49,145,10,9,44,16,143,46,43,20,65,3,66,69,68,111,149,38,112,123,147,82,127,57,48,137,86,130,101,131,102,37,119,13,42,15,124,5,90,34,142,14,104,74,36,113,39,26,12,54,53,62,95,60,79,132,78,85,56,25,40,106,59,77,8,67,92,89,125,7,31,75,51,117,118,91,19,27,35,24,76,100,1,110,109,93,115,61,148,58,116,128,30,139,11,32,23,22,18,28,17,81,47,107,99,98,64,63,108,71,129,2,
machine3:0,88,83,96,144,4,105,80,122,33,87,50,70,138,6,45,41,29,121,44,43,65,3,69,38,123,127,137,131,102,37,13,5,142,14,104,74,113,53,95,60,132,56,25,106,77,8,92,89,125,51,118,19,24,1,109,115,58,139,32,18,28,17,81,107,99,129,2,
machine4:0,103,88,83,96,144,4,73,150,105,80,122,33,87,134,133,50,146,70,138,6,45,41,29,126,52,140,21,121,145,10,44,143,43,65,3,66,69,111,38,112,123,147,82,127,57,137,130,131,102,37,119,13,42,124,5,34,142,14,104,74,36,113,12,53,62,95,60,132,78,85,56,25,40,106,77,8,67,92,89,125,31,51,117,118,91,19,35,24,76,1,110,109,93,115,61,58,116,30,139,11,32,23,22,18,28,17,81,47,107,99,98,64,71,129,2,
machine5:0,103,55,88,83,72,144,4,73,150,105,80,122,136,87,120,134,141,133,97,50,146,70,138,114,6,45,41,84,29,126,52,21,121,135,49,145,10,9,16,143,46,43,20,65,3,66,69,68,149,38,112,147,82,127,48,137,86,101,131,102,37,119,13,42,15,124,5,34,142,14,104,74,36,113,39,54,53,62,95,60,79,132,78,85,56,25,40,106,59,77,8,67,92,89,125,7,31,51,117,118,91,19,27,35,24,76,100,1,110,109,93,115,61,148,58,116,128,139,11,32,22,18,28,17,81,47,98,64,63,108,71,129,2,
machine6:0,103,55,88,83,72,144,73,150,105,80,122,136,87,120,134,141,133,97,50,146,138,114,6,45,29,126,52,21,121,135,49,10,9,16,46,43,3,66,69,68,112,82,127,48,137,86,101,131,102,119,13,42,15,124,5,34,142,14,104,74,113,39,54,53,62,95,60,132,85,56,25,40,106,59,8,67,92,89,125,7,51,118,91,19,27,24,76,100,1,109,93,115,128,11,32,22,18,28,17,81,98,64,63,108,71,129,
machine7:0,55,83,72,73,150,105,122,87,120,134,141,97,50,146,138,6,45,126,21,49,10,9,43,66,69,68,112,82,137,86,101,131,119,13,42,15,5,34,14,74,113,39,53,62,95,132,56,25,40,106,59,92,125,7,51,91,27,1,109,115,11,22,17,81,63,108,71,129,
machine8:0,103,55,88,83,72,96,144,4,73,150,105,80,122,136,33,120,134,133,146,70,138,6,94,45,41,84,29,126,52,140,21,121,135,49,145,10,9,44,16,46,43,20,65,69,68,111,38,112,123,147,82,127,57,48,137,130,101,131,102,13,42,124,5,90,34,14,104,74,36,113,39,26,12,54,53,95,60,132,78,56,25,40,106,59,77,8,67,92,89,125,7,31,75,51,117,118,91,19,27,35,76,100,1,110,109,93,115,61,58,30,139,11,32,23,22,18,28,17,81,47,99,98,64,63,108,71,129,2,
machine9:0,103,55,88,83,72,96,144,4,73,150,105,80,122,136,120,134,146,70,138,6,94,45,84,140,21,121,135,49,10,9,16,43,20,69,38,112,82,137,130,101,131,102,13,42,124,90,34,14,104,74,113,39,26,12,54,53,95,60,132,56,25,40,106,59,77,8,67,92,89,125,7,31,51,118,91,19,27,35,100,1,110,109,93,115,61,58,139,32,23,22,18,28,17,81,47,99,98,64,63,108,71,129,2,
machine10:0,103,55,88,83,72,96,144,4,73,150,105,134,138,45,121,16,20,38,112,137,131,14,104,74,113,39,26,54,53,60,132,56,25,40,106,8,92,89,125,7,118,91,19,27,35,100,109,93,115,61,58,22,18,81,47,98,63,108,71,129,2,
machine11:0,103,55,83,96,144,73,150,105,122,136,87,141,133,50,70,138,94,45,84,29,140,21,121,9,16,43,65,69,68,149,112,123,127,57,48,137,86,130,101,131,102,42,15,124,34,14,104,74,113,53,95,60,132,78,56,40,8,92,31,75,27,35,76,1,109,116,128,23,22,28,17,81,99,63,71,129,
machine12:0,103,55,83,96,144,4,73,150,105,80,122,136,33,87,120,141,133,50,70,138,6,94,45,84,29,126,140,21,121,135,49,145,10,9,44,16,46,43,20,65,69,68,149,112,123,82,127,57,48,137,86,130,101,131,102,119,42,15,124,5,90,34,14,104,74,113,26,54,53,62,95,60,132,78,85,56,25,40,106,59,8,92,89,125,31,75,117,19,27,35,24,76,100,1,110,109,93,115,61,148,116,128,30,11,23,22,28,17,81,47,107,99,98,63,71,129,
machine13:0,103,88,83,72,96,144,4,73,150,105,122,87,141,133,146,70,138,114,6,94,45,84,29,126,52,21,121,135,145,10,9,16,143,43,20,65,3,66,68,111,149,38,112,147,82,127,57,48,137,86,130,131,102,37,119,13,42,15,124,5,90,34,104,74,113,39,26,54,53,62,95,60,79,132,78,85,56,25,40,106,59,77,8,67,92,89,125,7,31,117,118,19,27,35,24,100,1,110,109,93,115,61,148,128,30,139,11,23,22,18,28,17,81,47,107,99,98,63,108,71,129,2,
machine14:0,103,88,72,96,4,73,150,105,122,87,141,133,146,114,6,45,29,126,52,21,135,10,9,16,143,43,65,66,68,111,149,38,112,147,82,57,48,137,86,130,131,102,37,119,13,42,15,124,5,90,34,104,74,113,39,26,53,95,60,79,132,78,56,25,40,106,59,77,8,67,92,89,31,117,118,19,27,35,24,100,1,109,93,115,128,139,11,23,22,18,28,17,81,47,98,108,71,129,2,
machine15:0,103,88,72,4,150,105,122,87,141,146,114,6,45,29,52,21,10,143,66,149,38,112,147,82,130,131,119,13,42,124,104,26,60,132,78,56,40,106,59,77,8,67,31,19,35,100,1,128,18,28,17,81,47,98,71,

1to 1:
1to 2:105,17,73,61,140,110,126,104,142,57,21,12,33,83,58,
1to 3:67,46,66,13,103,150,34,136,116,119,134,72,51,88,10,95,97,131,143,20,47,135,6,9,50,
1to 4:54,42,139,146,44,80,109,64,52,56,18,39,41,16,4,91,55,89,84,7,74,65,71,144,23,70,117,25,
1to 5:121,22,59,26,19,76,127,123,102,124,35,107,120,137,81,99,5,62,69,93,138,60,63,78,125,48,15,149,
1to 6:45,129,27,112,148,98,113,133,30,130,94,82,24,31,28,100,122,92,87,43,53,106,141,114,79,
2to 1:3,4,14,32,42,64,69,74,76,77,89,91,99,103,107,119,125,150,123,137,81,139,145,11,66,116,19,13,
2to 2:
2to 3:18,35,37,53,56,58,71,98,105,106,132,146,41,127,142,78,
2to 4:8,43,60,73,82,83,88,102,115,147,2,93,111,126,36,
2to 5:1,17,23,24,28,29,34,45,65,95,104,117,30,33,85,44,
2to 6:6,10,21,25,38,40,67,96,110,118,131,144,52,22,124,
3to 1:114,101,141,86,93,55,68,108,92,127,5,109,25,56,28,35,
3to 2:36,143,51,64,32,134,52,80,87,62,82,50,2,38,122,24,118,121,88,129,95,144,77,138,67,1,45,8,
3to 3:
3to 4:136,13,76,58,61,49,69,72,124,63,10,29,133,125,27,31,112,22,40,131,104,
3to 5:116,70,110,16,100,21,113,132,105,103,53,47,14,150,74,6,106,4,73,
3to 6:66,85,3,20,39,78,37,119,139,117,9,145,147,128,54,102,42,11,34,17,83,18,115,
4to 1:12,36,120,51,20,48,134,61,78,49,96,9,57,147,130,113,132,105,47,27,31,67,22,6,106,1,45,104,
4to 2:44,41,30,76,70,117,23,65,69,127,5,10,53,25,29,133,146,137,28,35,18,131,71,
4to 3:7,32,91,39,139,93,43,145,92,38,102,42,122,118,59,81,129,144,77,14,60,
4to 4:
4to 5:46,75,101,135,140,80,84,82,55,68,54,11,83,56,98,112,40,115,8,
4to 6:111,90,13,26,126,99,16,108,2,72,109,121,63,95,19,89,125,150,138,74,4,
5to 1:8,112,115,53,129,98,122,144,70,21,110,46,140,100,85,50,10,82,136,34,16,75,
5to 2:40,14,124,130,22,43,60,119,42,78,145,
5to 3:133,28,11,89,141,138,117,120,148,80,84,128,126,15,54,49,31,17,87,109,101,62,
5to 4:121,5,132,19,92,123,96,103,106,90,113,20,81,57,33,94,
5to 5:
5to 6:71,137,104,56,1,35,73,29,59,48,135,61,107,86,47,65,68,149,
6to 1:2,23,26,29,37,38,40,60,62,63,71,73,83,84,88,95,102,128,138,146,90,118,52,135,7,15,143,111,
6to 2:11,31,47,81,92,98,99,103,112,113,115,125,132,147,150,85,93,109,3,
6to 3:4,5,19,45,48,68,70,74,86,121,124,137,24,65,61,149,8,108,79,
6to 4:1,17,21,30,34,59,77,100,105,110,122,127,129,6,
6to 5:9,25,27,43,57,89,94,126,130,131,133,148,145,87,96,
6to 6:

cell1:2,5,3,6,4,
cell2:6,3,5,4,1,
cell3:6,1,2,4,5,
cell4:3,1,5,6,2,
cell5:6,2,4,1,3,
cell6:4,1,5,2,3,
