0:	14864.000000000002	3,1,7,3,9,8,4,3,8,3,0,9,4,10,0,4,9,5,4,5,7,4,0,6,5,:	2,3,0,0,2,0,
1:	14864.000000000002	3,1,7,3,9,8,4,1,8,3,0,9,4,1,0,6,9,5,4,5,7,4,0,6,5,:	2,3,0,1,2,0,
2:	15215.399999999998	3,1,7,3,9,8,4,3,8,0,0,9,4,1,0,4,9,2,4,5,7,4,0,6,5,:	1,3,3,1,3,0,
3:	15084.1	3,1,7,3,9,8,4,6,8,0,0,9,4,1,0,4,9,5,4,5,7,4,0,6,5,:	2,3,0,1,3,0,
4:	15084.1	3,1,7,3,9,8,4,10,8,0,0,9,4,1,0,4,9,5,4,5,7,4,0,6,5,:	1,3,0,1,3,0,
5:	15222.999999999998	3,1,7,3,9,8,4,3,8,0,0,9,4,4,0,4,9,5,4,5,7,4,6,6,5,:	2,3,0,1,0,0,
6:	15084.1	3,1,7,3,9,8,4,3,8,0,0,9,4,1,0,4,9,5,4,5,7,1,0,6,5,:	3,3,0,1,3,0,
7:	15088.3	3,1,7,3,9,8,4,3,8,0,0,9,4,1,0,4,9,5,4,5,7,4,0,6,4,:	2,3,1,1,3,0,
8:	14985.400000000005	3,1,7,3,9,8,4,3,8,0,0,9,4,1,0,4,7,5,4,5,7,4,0,6,4,:	2,3,1,1,1,0,
9:	15088.3	3,1,7,3,9,8,4,3,8,0,0,9,4,1,0,4,9,5,4,5,7,4,0,6,4,:	2,1,1,1,3,0,
10:	16437.199999999997	3,4,7,3,9,8,4,1,8,3,0,9,4,1,0,4,9,5,4,5,7,4,0,6,5,:	2,3,0,1,2,0,
11:	16626.6	3,1,7,3,9,8,4,3,8,0,0,9,5,1,0,4,9,5,4,5,7,4,0,6,4,:	2,3,1,1,3,0,
12:	14864.000000000002	3,1,7,3,9,8,4,1,8,3,0,9,4,1,0,4,9,5,4,5,7,4,0,6,5,:	3,1,0,1,3,0,
13:	15088.3	3,1,7,3,9,8,4,3,8,0,0,9,4,1,0,4,9,5,4,5,7,4,0,6,4,:	2,3,1,1,3,0,
14:	15607.899999999996	8,1,7,3,9,8,4,1,8,0,0,9,4,1,0,4,9,5,4,5,7,4,0,6,5,:	2,3,1,1,3,0,
15:	14864.000000000002	3,1,7,3,9,8,4,3,8,3,0,9,4,1,0,4,9,5,4,5,7,4,0,6,5,:	3,3,0,1,3,0,
16:	15222.999999999998	3,1,7,3,9,8,4,3,8,0,0,9,4,1,0,4,9,5,4,5,7,4,9,6,4,:	2,3,0,1,3,0,
17:	15698.399999999998	3,1,7,3,9,8,4,3,2,0,0,9,4,1,0,4,9,5,4,5,7,4,0,6,4,:	2,3,0,1,3,0,
18:	16101.799999999997	3,1,7,3,9,8,4,3,8,0,0,9,4,1,3,4,9,5,4,5,7,4,0,6,5,:	2,3,1,1,3,0,
19:	15215.399999999998	3,1,7,3,9,8,4,3,8,0,0,9,4,1,0,4,9,5,4,5,7,4,0,6,7,:	2,3,1,1,3,0,
20:	17467.7	3,1,7,3,9,8,4,1,8,3,5,9,4,1,0,4,9,5,4,5,7,4,0,6,5,:	2,3,1,1,2,2,
21:	16514.899999999998	3,1,7,3,9,1,4,3,8,0,0,9,4,4,0,4,9,5,4,5,7,4,0,6,5,:	2,3,0,1,3,0,
22:	14864.000000000002	3,1,7,3,9,8,4,1,8,3,0,9,4,1,0,8,9,5,4,5,7,4,0,6,5,:	2,3,0,1,3,0,
23:	15084.1	3,1,7,3,9,8,4,3,8,0,0,9,4,1,0,4,9,5,4,5,7,4,0,6,5,:	2,3,0,1,3,0,
24:	15088.3	3,1,7,3,9,8,4,3,8,0,0,9,4,1,0,4,9,5,4,2,7,4,0,6,4,:	3,3,1,1,3,0,
25:	15285.699999999995	3,1,7,3,9,8,9,3,8,0,0,9,4,1,0,4,9,5,4,5,7,4,0,6,4,:	0,3,0,1,3,0,
26:	15215.399999999998	3,1,7,3,9,8,4,3,8,0,0,9,4,1,0,4,9,5,4,5,7,4,0,6,5,:	2,3,1,1,3,0,
27:	15088.3	3,1,7,3,9,8,4,3,8,0,0,9,4,4,0,4,9,5,4,5,7,4,0,6,4,:	2,3,1,1,0,0,
28:	15215.399999999998	3,1,7,3,9,8,4,3,8,0,0,9,4,1,0,4,9,5,4,5,7,4,8,6,5,:	2,2,1,1,3,0,
29:	15084.1	3,1,7,3,9,8,4,3,8,0,0,9,4,1,0,4,9,5,4,5,7,4,0,6,5,:	2,3,0,1,3,0,
30:	15084.1	3,1,7,3,9,8,4,3,8,0,0,9,4,1,0,4,9,5,4,5,7,4,8,6,4,:	3,3,0,1,2,0,
31:	15105.900000000001	3,1,7,3,9,8,4,3,8,0,0,9,4,1,0,4,9,5,4,5,7,4,0,6,5,:	2,3,0,1,3,1,
32:	15084.1	3,1,7,3,9,8,4,3,8,0,0,9,4,4,0,4,9,5,4,5,7,4,0,6,4,:	1,1,0,1,3,0,
33:	15084.1	3,1,7,3,9,8,4,3,8,0,0,9,4,1,0,4,9,5,4,5,7,4,0,6,5,:	2,3,0,1,3,0,
34:	16533.5	3,1,7,3,9,8,4,3,8,5,0,9,4,1,0,4,9,5,4,5,7,4,0,6,5,:	2,3,0,0,3,0,
35:	15052.300000000001	4,1,7,3,9,8,4,3,8,0,0,9,4,1,0,4,9,5,4,5,7,4,0,6,4,:	2,3,0,1,0,0,
36:	16244.099999999999	3,1,7,3,9,8,4,3,8,0,1,9,4,1,0,4,9,5,4,5,7,4,0,6,4,:	2,3,0,1,3,0,
37:	15084.1	3,1,7,3,9,8,4,3,8,0,0,9,4,1,0,4,9,5,4,5,7,4,0,6,4,:	1,3,0,1,3,0,
38:	15322.6	3,1,7,3,9,8,4,3,8,0,0,9,4,1,6,4,9,5,4,5,7,4,0,6,4,:	2,3,1,1,3,0,
39:	14864.000000000002	3,1,7,3,9,8,4,1,8,3,0,9,4,5,0,4,9,5,4,5,7,4,0,6,5,:	2,3,0,1,3,0,
40:	15222.999999999998	3,1,7,3,9,8,4,3,8,0,0,9,4,1,0,4,9,5,4,5,7,4,3,6,4,:	2,3,0,1,0,0,
41:	15215.399999999998	3,1,7,3,9,8,4,3,8,0,0,9,4,1,0,4,9,5,4,5,7,4,0,6,5,:	2,3,1,1,3,0,
42:	14895.700000000003	3,1,7,3,9,8,4,3,8,3,0,9,4,10,0,4,9,5,4,5,7,4,0,6,5,:	2,3,0,1,3,1,
43:	15195.299999999996	3,1,7,3,9,8,4,3,8,0,0,9,4,1,0,4,9,4,4,5,7,4,0,6,4,:	3,3,1,1,3,1,
44:	15084.1	3,1,7,3,9,8,4,3,8,0,0,9,4,1,0,4,9,5,4,5,7,4,0,6,5,:	2,3,0,0,2,0,
45:	25524.2	3,9,7,3,9,8,4,1,8,3,0,9,4,1,0,4,9,5,4,5,7,4,0,6,5,:	2,3,0,1,0,0,
46:	15362.599999999997	3,1,7,3,9,8,4,3,8,3,0,9,4,10,0,4,9,5,4,5,7,4,0,6,5,:	2,3,1,1,2,0,
47:	15216.099999999997	3,1,7,3,8,8,4,3,8,0,0,9,4,1,0,4,9,5,4,5,7,4,0,6,4,:	2,3,0,1,3,1,
