machine1:0,29,23,28,26,30,39,19,35,40,14,11,37,13,6,25,2,3,4,20,34,1,10,31,38,8,7,5,9,18,24,33,32,12,27,15,36,21,16,17,22,
machine2:0,29,23,28,26,30,39,19,35,40,14,11,37,13,6,25,2,3,4,20,34,1,10,31,38,8,7,5,9,18,24,33,32,12,27,15,36,21,16,17,22,
machine3:0,29,23,28,26,30,39,19,35,40,14,11,37,13,6,25,2,3,4,20,34,1,10,31,38,8,7,5,9,18,24,33,32,12,27,15,36,21,16,17,22,
machine4:0,29,23,28,26,30,39,19,35,40,14,11,37,13,6,25,2,3,4,20,34,1,10,31,38,8,7,5,9,18,24,33,32,12,27,15,36,21,16,17,22,

1to 1:
1to 2:12,18,22,27,33,38,17,36,10,3,32,30,23,
1to 3:31,7,34,4,13,37,39,5,19,24,14,15,2,40,
2to 1:8,40,2,14,26,11,4,7,19,37,
2to 2:
2to 3:29,33,16,23,35,20,3,25,6,1,9,21,36,12,27,28,
3to 1:1,21,32,30,17,35,16,9,20,38,6,18,10,25,29,22,28,
3to 2:26,39,13,31,15,24,11,8,5,34,
3to 3:

cell1:2,3,
cell2:1,3,
cell3:2,1,
