machine1:0,27,16,5,6,18,17,23,9,3,2,8,24,19,14,11,15,29,13,25,20,10,28,21,1,
machine2:0,27,16,6,18,17,23,9,3,2,24,19,14,25,20,28,21,1,
machine3:0,27,22,16,5,26,6,18,17,23,9,3,2,7,8,24,19,14,12,30,11,15,29,13,25,20,10,28,21,4,1,
machine4:0,16,6,18,17,3,2,14,28,1,
machine5:0,27,16,6,17,9,3,7,8,12,30,11,15,29,13,25,20,10,28,21,4,1,
machine6:0,16,6,17,9,3,7,8,12,11,15,13,20,10,28,4,1,
machine7:0,27,22,16,26,6,18,17,23,9,3,2,7,8,24,19,12,30,11,15,29,13,25,20,10,28,21,4,1,
machine8:0,16,17,9,8,12,15,13,
machine9:0,22,5,26,6,18,17,23,9,7,8,24,19,14,12,30,11,15,29,13,25,20,28,4,1,
machine10:0,22,5,26,6,18,17,23,9,7,8,24,19,14,30,29,25,20,28,4,1,
machine11:0,22,5,26,6,18,17,23,9,7,8,24,19,14,12,30,11,15,29,13,25,20,28,21,4,1,
machine12:0,22,5,23,7,8,24,14,30,29,20,28,4,

1to 1:
1to 2:21,15,10,2,30,29,25,23,22,
1to 3:14,8,13,20,1,11,28,7,
2to 1:3,27,26,16,6,7,12,4,17,24,
2to 2:
2to 3:22,18,30,29,19,21,9,
3to 1:5,18,23,15,25,19,9,
3to 2:26,11,6,8,13,12,4,1,28,17,20,24,
3to 3:

cell1:3,2,
cell2:3,1,
cell3:1,2,
