Test problems	Ins1	mean_time	max	min	mean	var
j5m6c3__3	62.0	39208.0	62.0	62.0	62.0	NaN	
j15m8c3__3	1167.7	144222.0	1167.7	1167.7	1167.7	NaN	
j20m11c3__3	1923.9999999999995	196454.0	1923.9999999999995	1923.9999999999995	1923.9999999999995	NaN	
j40m13c5__5	6159.799999999999	663546.0	6159.799999999999	6159.799999999999	6159.799999999999	NaN	
j50m15c5__5	9551.500000000002	894064.0	9551.500000000002	9551.500000000002	9551.500000000002	NaN	
j60m16c5__5	17594.300000000003	1279881.0	17594.300000000003	17594.300000000003	17594.300000000003	NaN	
j70m20c7__7	21298.8	2012703.0	21298.8	21298.8	21298.8	NaN	
j80m21c7__7	29520.200000000008	2467657.0	29520.200000000008	29520.200000000008	29520.200000000008	NaN	
j90m21c7__7	30077.199999999986	2538661.0	30077.199999999986	30077.199999999986	30077.199999999986	NaN	
j100m25c9__9	33811.4	3563942.0	33811.4	33811.4	33811.4	NaN	
