machine1:0,20,1,28,11,10,13,8,15,17,3,23,6,16,27,24,18,9,25,2,5,19,29,14,21,
machine2:0,20,1,28,17,3,23,6,16,27,24,18,9,25,2,19,14,21,
machine3:0,20,1,28,4,11,10,13,8,15,17,3,12,23,6,16,27,24,18,9,25,2,5,19,22,26,30,29,7,14,21,
machine4:0,1,28,17,3,6,16,18,2,14,
machine5:0,20,1,28,4,11,10,13,8,15,17,3,12,6,16,27,9,25,30,29,7,21,
machine6:0,20,1,28,4,11,10,13,8,15,17,3,12,6,16,9,7,
machine7:0,20,1,28,4,11,10,13,8,15,17,3,12,23,6,16,27,24,18,9,25,2,19,22,26,30,29,7,21,
machine8:0,13,8,15,17,12,16,9,
machine9:0,20,1,28,4,11,13,8,15,17,12,23,6,24,18,9,25,5,19,22,26,30,29,7,14,
machine10:0,20,1,28,4,8,17,23,6,24,18,9,25,5,19,22,26,30,29,7,14,
machine11:0,20,1,28,4,11,13,8,15,17,12,23,6,24,18,9,25,5,19,22,26,30,29,7,14,21,
machine12:0,20,28,4,8,23,24,5,22,30,29,7,14,

1to 1:
1to 2:22,23,25,29,30,2,10,15,21,
1to 3:7,28,1,11,20,13,8,14,
2to 1:3,27,26,16,6,7,12,4,17,24,
2to 2:
2to 3:22,18,30,29,19,21,9,
3to 1:5,18,23,15,25,19,9,
3to 2:26,11,6,8,13,12,4,1,28,17,20,24,
3to 3:

cell1:2,3,
cell2:3,1,
cell3:1,2,
