machine1:0,5,1,28,20,11,24,10,23,15,8,6,13,17,2,19,18,21,25,14,29,3,9,16,27,
machine2:0,1,28,20,24,23,6,17,2,19,18,21,25,14,3,9,16,27,
machine3:0,5,1,28,20,11,24,4,10,23,15,8,6,13,17,2,12,19,18,26,21,25,22,14,30,29,3,9,16,27,7,
machine4:0,1,28,6,17,2,18,14,3,16,
machine5:0,1,28,20,11,4,10,15,8,6,13,17,12,21,25,30,29,3,9,16,27,7,
machine6:0,1,28,20,11,4,10,15,8,6,13,17,12,3,9,16,7,
machine7:0,1,28,20,11,24,4,10,23,15,8,6,13,17,2,12,19,18,26,21,25,22,30,29,3,9,16,27,7,
machine8:0,15,8,13,17,12,9,16,
machine9:0,5,1,28,20,11,24,4,23,15,8,6,13,17,12,19,18,26,25,22,14,30,29,9,7,
machine10:0,5,1,28,20,24,4,23,8,6,17,19,18,26,25,22,14,30,29,9,7,
machine11:0,5,1,28,20,11,24,4,23,15,8,6,13,17,12,19,18,26,21,25,22,14,30,29,9,7,
machine12:0,5,28,20,24,4,23,8,22,14,30,29,7,

1to 1:
1to 2:22,2,30,10,23,15,29,25,21,
1to 3:14,11,8,13,7,1,28,20,
2to 1:3,27,26,16,6,7,12,4,17,24,
2to 2:
2to 3:22,18,30,29,19,21,9,
3to 1:5,18,23,15,25,19,9,
3to 2:26,11,6,8,13,12,4,1,28,17,20,24,
3to 3:

cell1:2,3,
cell2:3,1,
cell3:1,2,
