machine1:0,31,171,190,123,131,172,195,175,102,71,117,176,130,194,198,29,76,127,182,163,33,165,46,34,52,39,136,100,65,149,97,174,150,200,63,138,154,110,23,80,69,169,25,6,167,90,143,197,193,189,86,93,104,44,26,40,141,179,128,145,12,4,61,155,183,74,50,116,173,60,153,62,186,159,98,168,30,106,148,87,140,82,95,89,73,177,192,24,51,32,184,101,68,185,41,59,137,78,120,166,162,53,1,187,88,58,54,180,3,118,170,135,160,115,36,178,109,94,103,67,47,113,5,16,146,45,81,188,139,37,91,132,191,96,43,35,147,112,164,152,72,144,181,48,196,8,119,20,156,22,134,57,2,55,42,75,105,10,199,49,92,133,124,151,161,114,77,83,64,11,18,38,21,108,70,19,126,13,66,142,129,56,121,122,79,158,99,17,125,111,27,14,157,15,107,7,84,28,9,85,
machine2:0,31,171,123,131,172,195,175,102,71,117,130,198,29,163,165,46,136,149,97,150,138,69,169,25,6,167,143,197,86,93,104,44,40,141,179,128,145,12,4,61,155,183,74,116,173,62,159,106,148,140,82,95,89,73,177,24,51,101,68,185,41,59,78,53,1,88,58,54,180,3,160,115,36,109,103,47,113,5,146,139,37,91,132,191,96,43,35,112,164,72,181,48,8,119,20,156,22,2,42,75,105,10,49,92,133,124,151,77,64,18,38,21,70,19,126,13,66,129,121,79,158,99,125,111,157,15,7,84,28,9,85,
machine3:0,31,171,195,175,102,71,117,130,163,165,46,25,167,143,93,44,141,179,145,4,61,74,62,159,148,89,73,51,68,185,41,53,88,58,54,160,36,109,103,47,113,5,132,191,96,35,164,72,181,48,8,156,22,2,42,105,10,92,151,77,64,18,21,66,129,79,158,99,125,111,157,15,7,84,85,
machine4:0,171,130,194,29,33,52,149,138,110,80,69,167,143,93,40,141,12,61,155,50,173,159,168,106,140,89,177,24,32,68,185,41,59,137,166,53,170,115,36,67,47,5,45,139,37,91,43,35,164,119,20,156,57,2,75,10,92,133,124,151,83,64,11,126,13,66,142,121,158,99,17,15,7,84,
machine5:0,31,171,175,102,71,117,130,194,29,76,127,182,163,33,46,34,52,100,149,138,110,80,69,6,167,143,86,93,44,26,40,141,179,128,145,12,4,61,155,183,74,50,116,173,153,62,159,168,106,148,87,140,89,73,177,192,24,51,32,68,185,41,59,137,78,166,162,53,1,88,58,170,135,160,115,36,109,94,67,47,5,16,45,139,37,91,191,43,35,164,72,144,181,119,20,156,22,57,2,75,105,10,92,133,124,151,114,77,83,64,11,21,108,126,13,66,142,129,56,121,122,79,158,99,17,125,111,27,14,157,15,107,7,84,
machine6:0,31,190,131,172,175,102,117,176,130,194,29,76,127,182,163,33,165,34,52,39,136,100,65,149,174,150,200,63,138,23,80,25,167,90,193,189,86,93,104,44,26,40,141,179,145,12,4,61,155,74,50,173,60,62,186,159,98,168,106,148,87,140,82,95,89,73,177,192,24,51,68,185,41,59,137,78,120,166,162,53,1,187,88,58,180,118,170,135,36,109,67,47,113,5,45,188,139,37,91,132,191,96,43,147,112,164,72,144,181,48,196,8,119,20,156,22,134,57,2,55,42,75,105,10,199,49,92,124,151,114,77,64,11,18,38,21,108,70,19,126,13,66,142,129,56,121,79,158,99,17,125,111,27,157,15,107,7,84,28,9,85,
machine7:0,190,131,172,175,176,130,194,29,76,33,34,52,39,136,65,174,200,138,80,25,167,193,189,86,104,44,141,179,145,4,155,173,62,186,168,148,87,140,95,89,73,177,51,68,185,59,137,78,53,1,88,58,180,118,135,36,109,47,113,5,139,37,91,132,191,96,147,112,164,72,144,181,48,196,8,119,20,156,22,134,57,42,75,105,10,199,49,92,124,114,77,64,11,18,21,108,70,19,126,13,66,142,129,121,79,158,99,17,125,111,15,107,7,84,28,9,85,
machine8:0,175,29,76,52,174,200,80,25,167,189,179,145,4,155,62,87,95,89,73,51,68,185,137,88,58,109,47,113,37,91,132,191,96,144,8,119,156,22,134,57,42,75,10,124,77,64,18,21,126,121,99,17,125,111,107,7,28,85,
machine9:0,131,175,130,198,29,76,127,163,33,165,46,39,100,149,174,150,200,110,80,69,6,143,193,189,93,104,26,40,141,179,145,4,61,155,74,50,116,173,153,62,186,159,98,168,30,106,148,140,95,73,192,24,51,32,101,68,185,41,59,137,78,120,166,53,1,88,58,54,180,3,118,170,135,160,115,36,178,109,94,103,67,47,113,5,16,146,81,188,139,37,91,132,191,96,43,35,112,164,152,72,144,181,48,196,8,119,20,156,22,134,57,42,75,105,10,199,49,92,133,124,151,161,114,77,83,64,11,18,38,21,19,126,13,66,142,129,121,122,79,158,99,17,125,111,27,14,157,15,7,84,28,9,85,
machine10:0,175,198,29,127,163,33,165,46,39,174,110,80,69,6,143,189,93,141,179,145,4,155,74,116,153,62,159,168,30,106,140,95,73,24,51,32,101,68,185,59,137,78,120,166,53,88,3,118,170,135,115,36,178,109,94,67,47,113,5,16,146,188,37,91,132,191,96,35,112,164,152,72,144,181,48,8,156,22,57,42,105,10,199,92,133,124,151,161,114,77,83,64,11,21,19,13,66,142,129,121,79,158,99,125,157,15,7,84,28,85,
machine11:0,175,29,165,46,39,80,6,143,189,141,4,155,74,62,30,140,95,73,24,32,68,185,59,137,78,120,166,53,88,3,170,135,36,109,94,67,47,5,16,146,37,91,191,96,35,164,72,144,181,48,8,156,57,42,105,10,92,151,161,77,83,11,21,13,66,142,129,121,79,158,125,157,15,7,84,28,85,
machine12:0,195,175,71,76,182,33,136,97,174,63,138,80,143,193,93,40,141,179,61,60,62,159,98,168,106,95,89,73,177,24,32,68,59,137,78,120,1,88,58,54,135,115,36,178,109,94,67,47,5,16,146,37,132,35,164,72,144,181,20,57,2,42,75,105,92,133,161,114,77,11,126,13,66,142,129,121,158,99,111,15,7,28,
machine13:0,190,131,172,195,175,102,71,117,176,130,194,29,76,127,182,33,46,34,136,97,174,150,63,138,154,110,80,169,6,167,90,143,197,193,189,93,104,44,26,40,141,179,128,145,12,4,61,155,116,173,60,62,186,159,98,168,106,87,95,89,73,177,192,24,32,184,68,185,59,137,78,120,1,187,88,58,54,3,135,115,36,178,109,94,67,47,5,16,146,81,139,37,132,191,96,35,164,72,144,181,196,119,20,156,22,57,2,55,42,75,105,199,92,133,124,161,114,77,64,11,19,126,13,66,142,129,56,121,79,158,99,17,125,111,15,7,84,28,
machine14:0,171,123,131,195,175,102,117,130,194,198,29,76,182,165,46,34,136,149,97,174,150,200,63,138,154,69,25,167,90,143,193,189,141,179,145,12,4,61,155,183,74,50,173,153,62,159,106,148,87,140,82,95,73,177,192,24,51,32,184,101,68,185,41,59,137,78,120,166,162,53,1,187,88,58,180,170,135,115,36,109,94,103,47,113,5,16,139,37,91,191,96,43,147,112,164,152,72,144,181,48,8,119,20,156,22,134,57,2,55,42,75,105,10,199,92,133,124,151,114,77,83,64,11,18,38,21,108,70,19,126,13,66,129,56,121,122,79,158,99,17,125,111,27,14,157,15,107,7,84,28,9,85,
machine15:0,102,117,130,198,29,46,136,97,150,69,25,167,90,143,189,141,145,12,4,155,183,74,173,62,159,148,87,140,82,95,73,51,32,68,185,41,59,137,78,162,53,1,187,88,58,135,36,94,47,113,5,139,37,91,191,96,43,147,112,164,152,72,144,181,48,119,20,156,22,2,55,75,105,199,92,133,124,151,77,83,64,11,18,21,108,70,19,126,66,129,56,121,79,158,99,17,125,111,14,157,15,107,7,84,28,85,
machine16:0,102,29,136,25,143,189,141,173,62,148,87,140,95,73,51,32,185,41,59,137,78,53,1,187,88,58,135,36,5,139,91,191,96,43,112,164,72,48,20,2,75,105,133,151,77,83,64,11,18,21,70,126,66,129,121,79,158,99,125,111,15,107,7,84,85,
machine17:0,190,131,195,175,127,52,100,65,174,167,143,189,44,141,179,4,74,173,62,140,95,73,185,41,59,137,78,120,53,1,58,3,118,170,67,139,191,96,112,164,72,144,48,20,22,134,57,2,55,42,105,199,133,124,151,77,64,11,18,70,126,66,142,129,122,79,158,99,17,125,111,157,15,28,85,
machine18:0,190,123,131,195,175,71,176,130,198,29,127,163,52,39,136,100,65,174,150,110,23,80,169,6,167,143,197,189,93,104,44,141,179,128,4,155,74,173,153,62,159,168,30,106,148,87,140,95,73,192,24,51,68,185,41,59,137,78,120,166,53,1,88,58,54,180,3,118,170,135,36,103,67,47,113,5,45,81,188,139,37,91,191,96,35,147,112,164,72,144,181,48,119,20,156,22,134,57,2,55,42,75,105,10,199,92,133,124,151,161,77,64,11,18,38,70,126,66,142,129,121,122,79,158,99,17,125,111,157,15,84,28,9,85,
machine19:0,175,102,130,194,29,127,46,34,154,23,6,167,90,197,189,93,44,141,179,61,155,183,50,116,173,148,95,89,177,32,184,68,59,137,78,53,88,54,135,160,115,36,47,5,139,91,132,43,35,164,72,144,181,119,156,22,57,2,105,92,124,151,114,64,11,18,38,126,13,66,142,129,56,121,122,79,158,99,17,125,111,15,7,84,28,85,
machine20:0,123,195,175,102,130,194,198,29,76,127,165,46,34,52,39,100,174,200,63,154,23,169,25,6,167,90,143,197,189,93,44,40,141,179,128,12,4,61,155,183,50,116,173,60,62,30,106,148,87,140,95,89,73,177,24,51,32,184,68,59,137,78,162,53,88,58,54,3,170,135,160,115,36,94,103,67,47,113,5,16,81,188,139,91,132,191,43,35,147,112,164,152,72,144,181,196,8,119,20,156,22,134,57,2,42,75,105,199,92,124,151,114,77,83,64,11,18,38,21,70,126,13,66,142,129,56,121,122,79,158,99,17,125,111,15,107,7,84,28,9,85,

1to 1:
1to 2:158,144,4,2,114,130,21,177,88,83,138,141,108,32,87,52,27,59,36,46,151,163,122,45,
1to 3:137,28,29,174,175,168,117,193,131,196,39,105,31,140,43,192,107,172,186,49,135,41,34,
1to 4:62,57,155,64,24,185,80,67,124,42,58,50,173,157,30,78,16,132,153,10,121,116,54,37,19,
1to 5:47,96,84,3,136,90,182,139,98,89,178,102,133,120,190,93,189,13,150,26,94,184,161,187,
1to 6:85,51,53,95,179,191,11,77,129,76,5,15,166,75,91,55,181,165,14,145,63,156,48,103,22,152,
1to 7:79,111,167,164,127,199,73,148,197,118,65,123,66,71,44,128,180,100,195,81,9,
1to 8:72,99,125,18,142,8,6,56,200,7,23,60,40,35,12,169,162,154,188,
2to 1:99,156,15,7,139,10,167,181,179,100,140,31,171,162,93,102,72,128,84,170,106,69,33,86,
2to 2:
2to 3:62,185,151,155,80,121,129,148,78,21,56,177,92,194,57,109,67,182,
2to 4:22,11,105,166,13,40,1,192,61,
2to 5:88,24,119,79,191,17,126,110,16,66,32,71,127,117,168,
2to 6:58,158,111,68,74,138,34,157,12,107,27,108,37,83,149,41,50,
2to 7:47,91,173,135,59,20,142,5,130,159,153,143,122,163,
2to 8:137,164,175,77,2,43,115,114,94,116,124,44,87,183,73,76,75,64,51,160,
3to 1:9,19,20,24,26,37,45,47,52,56,59,60,75,78,85,89,104,144,149,191,200,82,50,
3to 2:29,51,53,58,64,93,99,106,107,125,142,145,156,157,166,170,175,179,127,162,86,
3to 3:
3to 4:15,36,48,72,73,74,76,84,88,91,96,109,118,130,139,141,148,150,158,159,165,196,49,114,188,163,
3to 5:1,33,57,61,77,80,111,132,172,173,181,185,186,193,
3to 6:7,13,21,42,43,79,87,92,105,112,119,121,124,134,135,137,151,164,167,180,187,25,147,
3to 7:2,4,18,22,41,55,62,131,140,155,176,38,190,
3to 8:5,17,28,34,66,68,70,90,100,113,126,174,177,194,199,63,
4to 1:135,96,145,142,21,28,175,92,120,6,137,161,193,101,76,112,134,114,40,95,94,41,163,174,109,166,127,150,
4to 2:111,129,35,43,69,149,16,168,20,7,80,14,185,115,160,
4to 3:156,22,59,68,119,27,26,33,113,93,191,100,104,98,180,200,
4to 4:
4to 5:73,4,99,155,116,146,75,196,
4to 6:36,84,173,139,130,144,141,29,66,126,18,62,189,47,159,8,199,131,
4to 7:11,179,17,37,125,77,1,181,133,67,106,64,78,85,39,30,51,110,192,10,188,74,
4to 8:158,140,57,32,15,132,143,46,53,58,170,38,3,83,105,198,152,165,61,13,50,
5to 1:97,131,143,5,177,138,169,29,35,36,197,176,55,132,164,146,110,168,124,64,105,154,192,
5to 2:13,62,61,6,26,167,173,155,159,116,33,68,44,92,
5to 3:136,42,15,126,102,142,20,40,4,145,72,37,190,12,76,
5to 4:77,66,17,98,144,133,46,115,178,125,186,
5to 5:
5to 6:182,56,24,117,1,193,114,94,109,88,120,19,194,174,
5to 7:185,175,80,54,87,156,121,3,104,158,57,119,58,75,189,
5to 8:128,106,184,196,181,135,81,59,95,93,195,129,79,179,141,89,78,84,11,67,111,
6to 1:153,147,187,198,34,117,195,122,12,157,74,87,194,32,133,46,119,189,13,185,121,130,155,58,
6to 2:171,182,183,76,10,109,148,1,135,22,57,73,78,
6to 3:63,108,82,149,90,150,19,8,138,114,70,9,61,48,173,5,144,11,47,158,17,53,
6to 4:101,14,38,27,69,106,43,134,140,143,4,75,51,164,79,99,129,
6to 5:97,159,192,131,145,115,199,177,2,175,7,125,95,137,167,124,59,29,
6to 6:
6to 7:103,112,120,136,170,174,113,42,96,68,141,24,28,151,88,105,84,36,72,126,
6to 8:123,16,25,102,92,21,20,139,91,85,156,191,62,
7to 1:17,57,4,42,70,158,113,1,68,39,136,48,159,23,
7to 2:15,75,77,79,105,126,164,74,181,133,37,110,71,121,41,
7to 3:179,125,51,88,99,96,73,64,139,157,10,66,111,24,120,118,87,124,147,91,199,127,166,45,65,
7to 4:29,191,175,95,53,170,18,6,142,5,9,112,81,137,161,104,168,180,
7to 5:141,135,72,78,92,106,44,11,28,176,55,129,130,35,67,
7to 6:20,143,2,148,198,153,59,150,192,38,
7to 7:
7to 8:36,144,167,173,151,47,119,22,54,134,52,189,122,103,197,
8to 1:123,152,16,160,183,38,81,30,90,25,54,107,83,165,3,61,115,148,77,141,88,11,73,126,129,53,
8to 2:50,100,128,67,140,89,102,139,24,91,5,66,17,191,
8to 3:23,188,52,112,106,170,134,44,18,189,2,7,95,130,164,79,84,
8to 4:39,94,103,122,8,127,199,119,92,35,151,85,179,47,181,111,
8to 5:63,60,56,34,12,40,6,194,174,143,20,42,68,121,22,144,36,156,58,62,
8to 6:162,154,184,200,195,9,32,46,113,4,28,64,125,99,72,155,
8to 7:147,169,198,70,93,137,124,29,15,
8to 8:

cell1:6,4,8,2,3,7,5,
cell2:7,6,4,8,5,3,1,
cell3:5,6,8,7,2,1,4,
cell4:7,5,6,2,1,8,3,
cell5:6,8,4,7,1,3,2,
cell6:1,3,4,2,5,8,7,
cell7:2,3,5,1,4,8,6,
cell8:1,3,6,5,7,4,2,
