machine1:0,21,11,20,26,35,16,32,10,23,34,6,4,25,9,3,17,15,
machine2:0,21,19,11,2,20,26,35,16,18,32,10,23,30,34,6,4,25,13,9,3,28,17,27,7,8,1,15,
machine3:0,21,11,20,26,35,16,32,10,23,34,6,4,25,13,9,3,28,17,27,8,1,15,
machine4:0,21,22,19,31,11,2,24,5,14,20,26,12,35,16,18,32,10,23,30,34,29,6,4,25,13,9,33,3,28,17,27,7,8,1,15,
machine5:0,21,19,11,2,5,14,20,26,35,16,18,32,10,23,30,34,29,6,4,25,13,9,33,3,28,17,27,7,8,1,15,
machine6:0,11,20,26,10,23,6,25,9,17,
machine7:0,21,11,2,5,20,26,18,23,29,6,4,25,3,27,15,
machine8:0,21,19,11,2,24,5,20,26,35,16,18,10,23,30,34,29,6,4,25,13,3,28,27,8,15,
machine9:0,21,19,11,2,5,20,26,35,16,18,10,23,30,34,29,6,4,25,13,3,28,27,15,
machine10:0,21,22,19,31,11,2,24,5,20,26,12,35,16,18,32,10,23,30,34,29,6,4,25,13,9,33,3,28,17,27,8,1,15,
machine11:0,21,22,19,11,2,24,5,20,26,12,35,16,18,32,10,23,30,34,29,6,4,25,13,3,28,17,27,8,15,
machine12:0,21,2,20,26,23,29,6,4,3,27,15,
machine13:0,21,22,20,26,35,10,23,25,13,9,17,
machine14:0,21,22,24,5,20,26,35,16,10,23,30,29,25,13,9,33,28,17,27,7,8,
machine15:0,21,22,5,20,26,35,16,10,23,29,25,13,9,17,7,8,
machine16:0,21,22,31,11,2,24,5,14,20,26,35,16,18,10,23,30,34,29,6,4,25,13,9,33,28,17,27,7,8,15,
machine17:0,21,22,11,2,24,5,14,20,26,35,16,18,10,23,30,29,25,13,9,33,28,17,27,7,8,15,
machine18:0,21,20,35,10,23,
machine19:0,21,11,2,20,26,35,16,10,29,6,4,25,28,17,27,7,15,
machine20:0,21,11,2,24,5,20,26,35,16,32,10,23,29,6,4,25,28,17,27,7,15,
machine21:0,21,11,2,24,5,20,26,35,16,10,23,29,6,4,25,28,17,27,7,15,
machine22:0,21,11,2,24,5,14,20,26,12,35,16,18,32,10,23,30,34,29,6,4,25,9,3,28,17,27,7,8,1,15,
machine23:0,21,11,2,24,5,20,26,35,16,32,10,23,34,29,6,4,25,28,17,27,7,8,15,
machine24:0,21,2,16,4,7,15,
machine25:0,21,19,11,20,35,16,10,23,29,25,9,33,3,27,7,8,
machine26:0,21,19,11,2,20,26,35,16,18,10,23,29,6,25,9,33,3,27,7,8,15,
machine27:0,21,19,11,20,35,16,10,23,29,6,25,9,33,3,27,7,8,15,
machine28:0,21,19,31,11,2,5,20,26,12,35,16,18,32,10,23,30,29,6,4,25,13,9,33,3,28,17,27,7,8,1,15,
machine29:0,21,19,31,11,2,5,20,26,35,16,18,10,23,29,6,4,25,9,33,3,28,27,7,8,15,
machine30:0,21,19,20,35,16,10,29,25,9,3,7,

1to 1:
1to 2:21,35,26,10,33,5,34,12,
1to 3:8,6,
1to 4:16,9,2,11,4,17,1,
1to 5:27,20,23,28,3,19,29,13,25,7,
2to 1:16,6,18,32,11,29,31,
2to 2:
2to 3:27,17,15,13,28,22,24,33,
2to 4:21,8,23,10,30,
2to 5:26,4,9,
3to 1:22,13,5,14,7,
3to 2:29,18,20,30,4,
3to 3:
3to 4:28,6,24,34,25,26,35,
3to 5:2,16,15,17,31,
4to 1:12,34,30,24,3,8,15,25,27,26,23,
4to 2:32,1,9,17,
4to 3:14,18,5,29,2,4,16,20,
4to 4:
4to 5:6,11,10,21,35,
5to 1:1,35,33,
5to 2:8,31,27,3,28,19,25,2,
5to 3:30,23,9,21,10,11,
5to 4:12,20,7,32,18,15,5,
5to 5:

cell1:4,5,3,2,
cell2:4,5,1,3,
cell3:4,1,5,2,
cell4:2,1,3,5,
cell5:3,2,1,4,
