machine1:0,12,2,3,16,5,1,11,18,8,6,14,13,7,15,19,10,17,9,20,4,
machine2:0,12,2,3,16,5,11,18,8,13,15,19,17,9,20,4,
machine3:0,2,16,5,11,18,8,13,15,19,17,9,4,
machine4:0,12,2,3,16,5,1,18,8,6,14,13,7,15,19,10,17,9,20,4,
machine5:0,12,2,3,16,1,6,14,13,7,15,19,10,17,9,20,
machine6:0,12,1,14,13,7,19,9,
machine7:0,12,2,3,16,5,1,11,18,8,6,14,13,7,19,10,17,20,4,
machine8:0,12,11,8,6,10,17,20,
machine9:0,12,11,8,20,

1to 1:
1to 2:13,5,14,10,9,
1to 3:12,17,6,19,7,2,3,1,8,
2to 1:6,12,16,1,2,8,15,20,
2to 2:
2to 3:4,10,18,14,
3to 1:5,11,18,4,13,
3to 2:3,19,20,7,16,17,
3to 3:

cell1:2,3,
cell2:1,3,
cell3:1,2,
