machine1:0,21,91,120,40,58,12,46,65,98,53,50,128,23,43,80,117,108,100,27,18,7,52,26,15,9,113,31,99,42,103,115,106,2,49,92,63,124,16,107,29,55,28,126,6,86,20,61,4,81,121,64,104,129,130,36,102,51,60,105,68,32,78,77,33,82,116,119,11,67,66,30,56,70,14,19,57,48,94,83,44,54,109,
machine2:0,123,21,91,120,112,40,58,12,46,65,125,98,114,53,50,128,13,23,43,24,80,117,108,76,100,90,27,18,88,7,38,59,122,52,26,15,101,9,85,37,113,31,99,79,95,42,103,22,47,115,25,106,10,3,2,49,92,63,124,69,16,107,29,55,28,96,126,73,6,86,127,20,118,61,87,4,81,35,121,64,84,89,104,62,72,8,129,130,36,110,102,51,97,60,39,75,105,111,68,32,78,77,33,82,116,119,17,74,71,34,11,41,67,93,66,30,56,1,5,70,14,19,57,48,94,83,44,54,45,109,
machine3:0,112,40,65,53,128,13,23,24,108,76,100,27,59,52,26,101,9,37,31,99,79,103,22,47,10,49,16,107,96,126,6,127,118,61,87,4,35,121,64,84,89,104,8,129,110,102,51,97,39,75,105,111,68,32,78,33,17,67,66,1,5,57,94,83,44,54,45,
machine4:0,112,40,65,114,53,50,128,13,23,24,80,108,76,100,27,88,7,38,59,122,52,26,15,101,9,85,37,113,31,99,79,95,42,103,22,47,106,10,49,92,124,69,16,107,28,96,126,73,6,127,118,61,87,4,81,35,121,64,84,89,104,62,8,129,36,110,102,51,97,60,39,75,105,111,68,32,78,77,33,82,119,17,71,34,11,41,67,93,66,30,56,1,5,70,14,19,57,48,94,83,44,54,45,109,
machine5:0,91,46,65,98,114,50,128,23,43,24,80,117,100,90,27,88,38,59,15,101,85,113,31,79,95,42,103,22,47,115,25,106,3,2,92,63,69,16,107,29,55,28,96,126,73,6,86,127,20,118,61,87,4,81,35,121,64,84,89,104,62,72,8,129,130,36,110,102,51,97,60,39,75,105,111,68,32,77,33,82,116,119,17,74,71,34,11,41,67,93,30,56,1,5,70,14,19,57,48,94,83,44,54,45,109,
machine6:0,91,46,65,98,114,128,23,43,24,80,90,27,88,38,59,15,85,113,31,95,42,103,22,47,115,25,106,3,2,92,63,16,29,55,28,96,126,73,6,86,127,20,61,87,4,81,121,84,104,62,72,129,130,36,110,102,97,60,39,75,105,111,68,32,77,33,82,116,119,17,74,71,34,11,30,56,1,5,70,14,57,48,94,83,44,54,45,109,
machine7:0,128,23,43,80,90,27,88,59,15,31,103,92,63,16,55,28,96,126,6,127,87,4,81,121,104,72,129,36,110,102,97,39,75,105,111,68,32,77,33,82,116,119,17,74,34,11,30,5,70,14,57,94,83,54,45,
machine8:0,120,114,128,23,43,88,7,15,85,99,42,47,115,106,49,92,124,55,28,73,6,127,20,61,87,81,104,8,129,36,102,97,60,39,105,111,68,32,77,82,116,17,74,11,93,66,56,5,70,14,57,48,83,44,54,45,109,
machine9:0,123,21,91,120,125,98,114,50,128,23,43,80,117,108,18,88,7,59,122,52,26,15,101,9,85,37,31,99,42,103,22,47,115,106,3,49,92,124,16,29,55,28,96,73,6,86,127,20,118,61,87,81,121,64,84,89,104,72,8,129,36,110,102,51,97,60,39,105,111,68,32,78,77,33,82,116,17,74,34,11,67,93,66,30,56,5,70,14,19,57,48,94,83,44,54,45,109,
machine10:0,123,21,40,58,125,98,114,13,23,108,76,90,7,122,101,9,31,42,47,115,2,49,92,63,16,126,86,127,20,118,87,4,64,89,72,36,110,102,51,97,60,39,111,78,82,116,119,74,71,34,11,93,66,30,1,14,19,57,48,94,44,54,109,
machine11:0,123,21,120,112,40,58,12,46,65,125,98,114,53,50,128,13,23,80,108,76,90,18,7,38,59,122,52,26,15,101,9,85,31,99,79,95,42,103,47,115,25,106,2,49,92,63,124,16,28,126,73,6,86,127,20,118,61,87,4,81,121,64,89,104,62,72,130,36,110,102,51,97,60,39,105,111,68,32,78,77,82,116,119,17,74,71,34,11,67,93,66,30,56,1,5,70,14,19,57,48,94,83,44,54,45,109,
machine12:0,12,98,128,80,108,90,7,59,122,26,15,101,103,47,115,106,10,3,2,92,124,69,16,28,96,6,127,61,87,121,84,104,72,36,51,39,75,105,32,78,82,116,71,34,11,41,93,66,30,56,1,70,14,19,94,83,44,45,109,
machine13:0,123,112,40,58,12,125,98,50,128,80,117,108,100,90,18,88,7,38,59,122,52,26,15,101,85,37,99,95,103,22,47,115,25,106,10,3,2,92,124,69,16,107,29,55,28,96,126,6,127,20,61,87,4,35,121,64,84,104,72,8,129,130,36,110,102,51,97,60,39,75,105,111,68,32,78,33,82,116,119,17,74,71,34,11,41,67,93,66,30,56,1,5,70,14,19,57,94,83,44,54,45,109,

1to 1:
1to 2:45,36,34,15,111,82,84,107,52,41,126,54,78,53,69,
1to 3:119,16,121,61,110,32,94,50,48,105,30,86,51,116,89,44,72,22,3,96,71,113,118,8,63,100,27,24,75,
1to 4:102,101,93,55,129,23,97,43,124,37,77,33,125,19,
1to 5:109,67,80,5,92,127,39,64,2,1,11,130,108,73,79,95,62,83,60,85,123,13,104,81,17,18,9,21,76,
1to 6:14,70,57,56,20,99,74,29,38,68,90,66,40,117,10,35,
2to 1:6,61,92,110,42,51,121,9,105,83,40,87,80,33,26,27,47,13,113,108,16,76,24,
2to 2:
2to 3:77,85,82,31,127,36,129,84,28,95,109,79,97,56,93,81,35,101,38,41,
2to 4:48,122,14,34,57,67,104,49,128,114,73,
2to 5:23,71,4,89,111,50,45,66,78,53,99,103,65,
2to 6:54,30,5,11,44,59,96,52,102,124,37,126,32,112,60,100,88,119,106,7,64,8,
3to 1:55,54,81,62,31,38,69,107,64,43,46,60,65,90,85,59,
3to 2:8,4,71,92,23,119,48,57,73,114,42,128,
3to 3:
3to 4:88,3,28,89,44,39,94,5,11,68,47,32,117,87,70,96,115,118,50,91,
3to 5:6,20,86,25,19,102,77,15,51,121,74,36,34,106,
3to 6:22,2,45,75,1,101,95,130,97,84,103,83,17,61,98,127,16,80,
4to 1:91,117,29,86,8,98,15,122,88,128,56,116,104,66,17,5,70,45,
4to 2:124,37,118,32,96,31,97,60,22,39,51,85,99,103,102,30,47,77,44,109,83,87,
4to 3:64,20,111,33,23,59,106,42,19,6,14,
4to 4:
4to 5:120,125,114,26,49,61,7,115,105,110,72,82,28,68,94,
4to 6:18,123,50,108,3,55,129,93,121,67,92,36,
5to 1:112,120,124,12,25,63,118,50,114,32,89,49,126,93,97,7,106,99,82,74,101,48,34,28,4,44,68,
5to 2:79,95,40,26,62,64,61,122,56,110,5,70,127,14,94,
5to 3:46,73,90,65,98,130,128,1,103,57,17,67,11,47,83,54,
5to 4:21,18,123,9,52,31,60,80,81,59,16,42,36,30,109,
5to 5:
5to 6:58,15,115,111,39,105,72,116,71,104,78,19,6,87,
6to 1:109,30,103,94,11,72,100,58,67,125,41,115,2,
6to 2:6,121,66,28,80,105,129,33,19,1,93,108,68,17,10,75,35,
6to 3:92,104,102,39,87,4,126,88,25,29,34,107,69,
6to 4:45,127,110,7,82,54,15,85,51,74,84,22,116,78,106,26,111,20,98,
6to 5:14,101,119,57,59,16,70,47,128,52,112,12,38,56,122,
6to 6:

cell1:2,6,4,5,3,
cell2:5,1,6,4,3,
cell3:1,6,4,5,2,
cell4:6,1,5,2,3,
cell5:1,4,2,3,6,
cell6:2,3,5,4,1,
