machine1:0,3,40,67,33,49,65,18,39,47,54,64,58,29,61,15,48,8,50,69,9,37,16,24,35,41,36,30,26,63,12,60,44,59,21,28,11,51,46,4,23,68,2,66,55,1,52,6,14,25,10,31,42,7,20,17,38,53,45,56,57,13,34,43,32,27,19,22,62,70,5,
machine2:0,3,40,67,33,49,65,54,64,58,29,61,48,50,69,37,16,24,35,41,30,26,63,12,60,59,21,28,11,51,46,4,23,2,52,6,25,10,31,42,7,20,17,38,53,56,34,32,27,19,22,62,70,5,
machine3:0,3,40,58,29,61,69,37,41,30,26,63,12,59,21,23,2,6,25,10,7,38,53,56,34,32,19,62,5,
machine4:0,3,67,33,49,65,18,47,54,64,58,29,61,15,48,50,69,37,16,24,35,41,30,26,63,12,60,44,59,21,28,11,51,46,4,23,68,2,66,55,1,52,6,14,25,10,31,42,7,20,17,38,53,45,56,57,13,34,43,32,27,19,22,62,70,5,
machine5:0,48,50,16,35,59,21,28,11,51,46,2,66,1,52,25,10,7,20,17,34,43,19,22,70,5,
machine6:0,18,54,64,58,48,50,69,37,16,24,35,30,63,12,59,21,28,11,51,46,4,2,66,1,52,6,14,25,10,31,7,20,17,38,53,45,56,57,13,34,43,32,27,19,22,70,5,
machine7:0,3,18,54,64,58,15,48,50,69,37,16,24,35,41,30,26,63,12,44,59,21,28,11,51,46,4,23,68,2,66,55,1,52,6,14,25,10,31,42,7,20,17,38,53,45,56,57,13,34,43,32,27,19,22,62,70,5,
machine8:0,54,64,58,48,50,16,24,35,30,63,59,21,28,11,51,46,2,66,1,52,6,14,25,10,31,7,20,17,53,45,56,57,13,34,43,32,19,22,70,5,
machine9:0,3,40,67,49,65,18,39,47,54,64,58,29,61,15,48,8,50,69,9,37,24,35,41,36,30,63,60,59,21,28,11,46,4,23,68,2,66,55,52,6,14,25,10,31,42,7,20,17,38,53,45,56,57,13,34,43,32,27,19,22,62,70,5,
machine10:0,40,67,49,65,18,29,61,48,50,69,9,37,24,41,36,30,63,60,59,28,11,46,4,68,2,66,55,6,25,10,31,42,7,20,17,38,45,56,57,13,43,32,22,62,5,
machine11:0,40,65,18,48,41,36,30,63,59,11,4,66,55,6,10,31,42,7,20,17,45,56,57,13,43,62,
machine12:0,3,33,18,39,47,29,61,48,8,50,9,37,16,24,41,36,30,26,63,12,60,44,59,21,28,11,51,46,4,23,68,2,66,55,1,6,14,25,10,31,42,7,20,38,45,56,13,34,43,32,27,19,22,62,70,5,
machine13:0,3,39,29,48,8,9,37,16,24,26,63,12,59,21,28,11,46,4,68,2,1,6,14,25,10,31,42,7,20,38,45,56,13,43,27,22,62,5,
machine14:0,3,67,33,65,18,39,47,54,64,58,29,61,15,48,8,50,9,37,16,24,41,36,30,26,63,12,60,44,59,21,28,11,51,46,4,23,68,2,66,55,1,6,14,25,10,31,42,7,20,17,38,53,45,56,57,13,34,43,32,27,19,22,62,70,5,
machine15:0,48,9,37,16,24,63,12,28,4,68,2,1,6,14,31,20,38,45,56,13,43,22,5,

1to 1:
1to 2:15,16,47,12,51,45,35,23,49,26,52,53,14,7,38,25,11,32,
1to 3:36,58,42,8,9,34,55,61,2,29,19,57,60,62,43,13,50,17,63,
1to 4:10,64,44,20,66,24,67,28,27,1,56,4,5,22,30,
2to 1:24,29,59,42,28,20,19,30,6,1,58,66,63,62,31,70,
2to 2:
2to 3:18,69,4,52,35,14,27,54,64,46,32,11,22,10,38,21,
2to 4:3,41,15,50,16,33,12,2,23,68,43,65,48,13,17,37,7,
3to 1:18,65,49,22,21,40,69,67,45,41,37,25,4,48,5,
3to 2:56,3,20,13,55,2,60,57,28,43,68,66,61,34,59,17,70,
3to 3:
3to 4:9,39,8,36,54,47,6,46,42,53,38,14,19,62,32,31,
4to 1:61,39,68,26,57,33,54,55,47,51,3,46,53,60,50,34,11,
4to 2:67,18,10,44,29,63,5,64,27,58,6,31,21,
4to 3:15,48,23,65,25,56,7,59,24,41,45,30,37,70,
4to 4:

cell1:2,3,4,
cell2:4,3,1,
cell3:4,2,1,
cell4:1,3,2,
