machine1:0,45,21,19,14,9,3,27,44,26,7,40,4,43,28,48,30,32,35,11,12,49,46,13,37,39,36,50,6,24,15,23,41,2,17,16,10,33,29,47,31,1,34,18,25,5,38,20,42,22,8,
machine2:0,45,21,19,14,9,3,27,44,26,7,40,4,43,28,48,30,32,35,11,12,49,46,13,37,39,36,50,6,24,15,23,41,2,17,16,10,33,29,47,31,1,34,18,25,5,38,20,42,22,8,
machine3:0,45,21,19,14,9,3,27,44,26,7,40,4,43,28,48,30,32,35,11,12,49,46,13,37,39,36,50,6,24,15,23,41,2,17,16,10,33,29,47,31,1,34,18,25,5,38,20,42,22,8,
machine4:0,45,21,19,14,9,3,27,44,26,7,40,4,43,28,48,30,32,35,11,12,49,46,13,37,39,36,50,6,24,15,23,41,2,17,16,10,33,29,47,31,1,34,18,25,5,38,20,42,22,8,

1to 1:
1to 2:49,20,28,47,48,22,40,3,24,38,39,26,10,32,15,50,2,
1to 3:1,8,5,42,31,23,46,34,25,13,37,36,18,30,12,43,11,7,
2to 1:23,12,27,5,45,6,36,14,33,41,11,16,43,17,25,1,30,19,13,21,44,
2to 2:
2to 3:29,50,35,24,32,15,4,9,49,39,48,40,
3to 1:3,28,26,4,35,2,20,9,38,10,47,29,22,
3to 2:45,19,21,46,27,44,6,41,31,17,14,33,16,7,37,34,8,18,42,
3to 3:

cell1:3,2,
cell2:1,3,
cell3:1,2,
