machine1:0,30,48,23,49,39,24,50,32,15,5,40,34,43,12,37,13,46,31,36,45,25,1,11,42,9,3,29,6,4,27,14,33,41,17,2,19,26,7,20,47,22,35,8,38,18,44,28,16,10,21,
machine2:0,30,48,23,49,39,24,50,32,15,5,40,34,43,12,37,13,46,31,36,45,25,1,11,42,9,3,29,6,4,27,14,33,41,17,2,19,26,7,20,47,22,35,8,38,18,44,28,16,10,21,
machine3:0,30,48,23,49,39,24,50,32,15,5,40,34,43,12,37,13,46,31,36,45,25,1,11,42,9,3,29,6,4,27,14,33,41,17,2,19,26,7,20,47,22,35,8,38,18,44,28,16,10,21,
machine4:0,30,48,23,49,39,24,50,32,15,5,40,34,43,12,37,13,46,31,36,45,25,1,11,42,9,3,29,6,4,27,14,33,41,17,2,19,26,7,20,47,22,35,8,38,18,44,28,16,10,21,

1to 1:
1to 2:3,32,50,24,26,49,28,15,48,10,39,2,40,47,38,20,22,
1to 3:30,37,43,46,23,7,13,1,34,36,11,31,5,12,25,42,18,8,
2to 1:45,19,30,43,14,6,23,27,21,44,41,13,1,33,17,16,36,11,5,12,25,
2to 2:
2to 3:32,50,9,24,29,35,4,49,15,48,39,40,
3to 1:28,26,4,3,20,2,35,9,38,47,10,22,29,
3to 2:21,44,45,27,19,31,46,41,6,17,14,33,16,7,8,34,37,18,42,
3to 3:

cell1:2,3,
cell2:3,1,
cell3:1,2,
