machine1:0,24,32,15,50,37,7,42,46,31,30,22,23,43,3,48,2,9,39,49,11,34,29,4,27,19,40,45,13,26,6,41,8,36,10,14,35,38,16,44,12,21,18,5,1,17,33,28,47,20,25,
machine2:0,24,32,15,50,37,7,42,46,31,30,22,23,43,3,48,2,9,39,49,11,34,29,4,27,19,40,45,13,26,6,41,8,36,10,14,35,38,16,44,12,21,18,5,1,17,33,28,47,20,25,
machine3:0,24,32,15,50,37,7,42,46,31,30,22,23,43,3,48,2,9,39,49,11,34,29,4,27,19,40,45,13,26,6,41,8,36,10,14,35,38,16,44,12,21,18,5,1,17,33,28,47,20,25,
machine4:0,24,32,15,50,37,7,42,46,31,30,22,23,43,3,48,2,9,39,49,11,34,29,4,27,19,40,45,13,26,6,41,8,36,10,14,35,38,16,44,12,21,18,5,1,17,33,28,47,20,25,

1to 1:
1to 2:2,50,15,32,10,26,39,38,24,3,40,22,48,47,28,20,49,
1to 3:7,11,12,43,30,18,36,37,13,25,34,46,23,31,42,5,8,1,
2to 1:23,12,27,5,45,6,36,14,33,41,11,16,43,17,25,1,30,19,13,21,44,
2to 2:
2to 3:29,50,35,24,32,15,4,9,49,39,48,40,
3to 1:22,29,47,10,38,9,20,2,35,4,26,3,28,
3to 2:42,8,18,34,37,7,16,33,14,17,31,41,6,27,44,21,46,19,45,
3to 3:

cell1:3,2,
cell2:1,3,
cell3:2,1,
