machine1:0,31,60,59,75,18,77,86,21,14,36,2,91,52,66,109,38,107,30,102,101,88,104,16,82,28,6,100,42,57,84,27,37,12,92,8,5,94,32,20,29,74,25,24,4,83,71,26,54,3,56,62,61,106,11,1,53,44,65,69,46,89,80,51,7,15,99,
machine2:0,31,60,58,59,76,75,34,18,77,86,68,21,14,36,64,2,91,90,48,23,52,13,66,39,109,9,73,38,79,95,40,107,30,67,102,98,101,88,104,41,16,50,82,10,28,6,100,70,42,57,84,110,27,37,105,12,92,49,8,103,5,94,108,32,20,29,74,25,24,4,83,19,71,26,43,54,45,3,56,62,55,35,85,61,33,106,11,1,22,53,44,96,47,65,72,69,46,89,97,63,80,51,81,87,7,78,15,17,93,99,
machine3:0,58,18,77,21,14,36,23,52,66,39,38,98,101,41,16,82,28,6,70,110,27,37,49,8,5,32,29,24,4,83,19,26,54,45,85,61,33,106,44,96,65,69,46,89,97,63,81,87,78,93,99,
machine4:0,58,59,34,18,77,21,14,36,64,2,91,23,52,66,39,9,73,38,30,67,102,98,101,104,41,16,50,82,28,6,100,70,84,110,27,37,92,49,8,5,94,108,32,29,25,24,4,83,19,26,54,45,3,56,35,85,61,33,106,11,22,44,96,47,65,72,69,46,89,97,63,80,51,81,87,7,78,15,17,93,99,
machine5:0,31,60,59,76,18,86,68,21,36,64,2,91,90,48,23,13,66,109,9,73,38,79,95,40,107,67,102,98,101,88,41,16,50,82,10,6,100,70,42,57,84,110,27,37,105,12,92,49,8,103,5,94,108,32,20,29,74,24,4,83,19,71,26,43,54,45,3,56,62,55,35,85,61,33,106,11,1,22,53,44,96,47,65,72,69,46,89,97,63,80,51,81,87,7,78,15,17,93,99,
machine6:0,60,76,18,68,21,2,91,48,13,66,9,79,107,67,102,98,88,41,16,50,82,10,6,100,70,42,84,27,37,105,92,8,5,108,32,20,29,74,24,83,19,71,26,43,54,45,56,55,35,85,61,11,1,22,53,96,47,65,72,69,46,89,97,63,80,51,81,87,7,78,15,17,93,99,
machine7:0,68,2,91,48,13,9,79,67,102,98,88,41,10,100,27,5,108,32,24,19,71,26,45,56,85,11,1,22,53,89,97,63,80,51,81,87,7,78,17,
machine8:0,58,75,68,21,14,36,2,23,73,79,40,107,30,67,101,104,41,10,28,42,57,84,110,37,105,12,8,103,5,108,29,74,19,26,43,54,45,62,55,35,85,61,33,11,1,22,44,96,65,72,46,89,63,80,51,81,87,78,93,99,
machine9:0,31,58,59,76,75,34,18,86,68,21,14,36,2,90,23,66,73,79,95,40,107,30,67,98,101,88,104,41,50,82,10,28,42,57,84,110,27,37,105,12,49,8,103,5,94,108,32,29,74,25,24,4,83,19,71,26,43,54,45,3,56,62,55,35,85,61,33,11,1,22,53,44,96,47,65,72,69,46,89,97,63,80,51,81,87,7,78,15,17,93,99,
machine10:0,31,60,34,68,21,14,64,2,91,90,39,109,79,95,40,107,30,98,101,104,41,50,82,42,57,84,37,92,49,8,108,74,25,24,4,83,56,55,35,85,33,11,22,53,72,69,46,97,63,80,51,81,87,7,78,15,17,99,
machine11:0,31,60,58,59,76,75,34,77,86,68,21,14,64,2,91,90,48,23,52,13,66,39,109,73,38,79,95,40,107,30,67,102,98,101,88,104,41,16,50,82,28,6,100,70,42,57,84,110,27,37,92,49,8,103,94,108,20,29,74,25,24,4,83,71,26,56,62,55,35,85,33,106,11,1,22,53,47,65,72,69,46,89,97,63,80,51,81,87,7,78,15,17,99,

1to 1:
1to 2:109,70,13,9,20,12,105,40,10,64,32,73,101,43,37,103,30,23,28,92,45,36,2,19,96,59,72,94,110,97,83,44,54,33,74,61,108,89,84,17,1,22,21,14,26,8,24,78,29,65,51,41,
1to 3:90,95,70,31,60,39,58,73,34,77,100,50,102,75,25,52,88,62,18,104,71,68,38,107,59,106,55,3,53,94,97,86,33,69,46,4,67,91,85,11,15,26,98,87,82,24,27,29,51,99,
2to 1:95,60,32,73,57,18,42,6,19,106,79,55,94,44,69,61,4,1,91,35,80,87,
2to 2:
2to 3:90,13,31,12,105,76,40,10,58,64,73,48,101,43,37,16,103,30,57,23,28,75,45,36,62,2,104,42,19,68,107,96,59,79,55,49,72,66,53,110,93,47,83,44,54,33,74,61,108,46,89,84,17,1,67,5,22,85,21,14,11,15,26,35,80,98,8,56,87,82,27,78,29,63,65,51,41,99,81,7,
3to 1:109,70,31,20,105,76,58,32,73,48,101,43,34,77,16,103,50,30,23,28,75,92,52,88,2,104,68,107,96,59,49,66,97,93,47,83,44,86,33,69,74,61,108,89,84,17,5,21,11,26,98,8,56,82,24,27,78,29,63,65,51,41,99,81,7,
3to 2:90,10,100,37,50,57,102,88,45,36,62,18,71,42,6,19,38,106,79,55,3,49,72,53,47,86,74,46,4,67,22,85,11,15,26,35,80,87,65,99,81,7,
3to 3:

cell1:2,3,
cell2:1,3,
cell3:1,2,
