machine1:0,61,108,70,5,23,22,107,96,87,106,66,68,97,4,78,99,11,56,86,80,84,28,67,25,32,55,102,46,16,101,90,91,62,35,60,26,64,31,54,98,105,72,52,36,63,74,50,21,3,88,27,89,24,100,37,
machine2:0,10,71,41,53,29,110,49,61,7,17,77,51,33,108,70,42,12,5,23,82,81,103,9,22,109,104,48,92,19,58,44,20,65,83,6,1,107,57,96,38,43,87,13,14,106,45,94,66,79,68,34,18,97,4,76,93,59,39,95,69,15,75,73,47,30,40,78,99,11,56,86,80,84,28,67,25,32,55,102,46,16,101,90,91,62,35,60,26,64,31,54,98,105,72,52,36,63,74,50,21,8,3,88,27,89,24,100,85,2,37,
machine3:0,10,71,41,53,29,110,49,61,7,17,77,51,33,108,42,5,81,104,48,92,83,87,79,15,75,73,30,40,99,11,84,67,46,101,35,26,54,36,74,21,8,27,89,24,85,2,37,
machine4:0,10,71,41,53,29,110,49,61,7,17,77,51,33,108,70,42,5,23,82,81,22,104,48,92,19,44,20,65,83,6,1,107,38,43,87,13,14,45,94,66,79,68,97,76,93,59,69,15,75,73,47,30,40,78,99,11,56,86,80,84,28,67,55,102,46,101,91,35,26,31,54,98,72,36,63,74,50,21,8,88,27,89,24,85,2,37,
machine5:0,10,71,41,53,29,110,49,61,7,17,51,33,108,70,42,12,5,23,82,81,103,9,22,109,19,58,44,65,83,6,1,107,57,96,38,87,13,14,45,94,66,79,68,34,18,97,4,76,93,59,39,95,69,15,73,47,30,40,78,99,11,56,80,84,28,67,25,32,55,102,46,16,101,90,91,62,35,60,26,64,54,98,72,36,63,74,50,21,8,3,88,27,89,24,100,85,2,37,
machine6:0,10,71,41,53,29,110,49,61,7,17,51,33,108,42,5,23,82,81,9,22,109,19,44,65,83,6,1,107,57,96,38,87,13,14,45,94,66,79,68,34,18,97,4,93,59,69,15,73,47,30,78,99,11,56,80,84,28,67,32,55,102,46,16,101,90,91,62,60,26,54,98,36,63,74,21,8,27,89,24,100,85,2,37,
machine7:0,41,29,110,7,17,51,42,5,82,81,19,44,65,83,6,107,57,87,13,45,66,68,4,69,73,78,99,56,80,84,46,62,26,54,36,63,74,21,8,89,24,100,85,2,37,
machine8:0,41,29,7,51,108,82,81,22,104,92,58,65,6,1,57,87,14,106,79,18,97,4,69,15,75,47,30,78,99,11,80,84,32,46,101,91,26,98,72,63,50,21,8,3,88,27,89,24,100,85,2,37,
machine9:0,41,53,29,110,61,7,77,51,33,108,70,12,5,82,81,103,22,104,48,92,19,58,44,20,65,83,6,1,57,96,38,43,87,14,106,45,79,68,18,97,4,76,93,59,39,95,69,15,75,47,30,78,99,11,56,86,80,84,67,25,32,55,46,16,101,90,91,62,35,26,31,54,98,105,72,52,63,74,50,21,8,3,88,27,89,24,100,85,2,37,
machine10:0,71,41,53,49,17,51,33,42,12,23,82,81,103,9,22,109,104,92,19,58,20,65,83,1,107,96,43,14,106,45,94,66,34,18,97,93,39,95,69,40,78,11,56,80,28,25,32,102,16,35,60,64,31,98,105,72,52,63,8,85,2,
machine11:0,10,71,41,53,29,49,61,7,17,77,51,33,108,70,42,12,5,23,82,81,103,9,22,109,104,48,92,19,58,44,20,65,83,1,107,57,96,38,43,87,14,106,45,94,66,79,68,34,18,97,4,76,93,59,39,95,69,15,40,78,99,11,56,86,80,28,67,25,32,55,102,46,16,101,91,35,60,26,64,31,98,105,72,52,63,50,21,8,88,27,89,24,85,2,37,

1to 1:
1to 2:63,91,97,84,46,69,77,20,23,92,102,41,43,99,107,104,5,51,40,2,108,
1to 3:21,85,11,47,68,42,110,100,73,61,10,70,57,90,13,45,4,78,67,58,6,15,18,55,53,76,28,56,65,64,
1to 4:22,80,16,103,87,62,31,44,33,26,12,30,81,75,86,106,
1to 5:24,8,17,71,82,19,66,32,95,60,105,96,25,72,83,89,38,59,93,98,1,48,
2to 1:6,33,67,83,35,31,68,72,74,48,29,87,85,75,50,49,13,94,66,17,27,38,44,36,
2to 2:
2to 3:5,81,26,99,79,23,24,54,8,2,102,93,30,80,
2to 4:61,1,110,53,59,101,78,46,82,104,97,43,91,92,11,20,14,
2to 5:77,7,56,15,51,88,28,22,42,107,70,65,108,40,55,37,
3to 1:109,19,1,88,54,59,3,41,82,40,9,71,108,46,26,30,51,25,91,39,
3to 2:37,33,89,61,53,73,83,42,21,17,14,36,38,76,65,29,44,94,110,
3to 3:
3to 4:72,70,35,6,32,50,58,63,84,15,7,74,98,45,47,
3to 5:101,2,23,12,10,67,79,69,80,5,16,34,27,4,81,49,103,
4to 1:95,101,57,2,24,18,90,78,84,89,76,93,105,69,79,8,98,100,99,55,14,63,
4to 2:70,22,45,56,50,74,19,72,35,67,47,86,54,68,7,88,
4to 3:83,27,41,37,29,96,1,59,62,38,16,3,39,12,
4to 4:
4to 5:21,33,20,97,91,106,92,87,85,52,11,
5to 1:7,80,53,56,15,103,104,61,28,102,45,64,37,52,21,11,58,86,43,81,34,
5to 2:26,93,78,98,8,31,10,82,24,71,27,49,85,101,
5to 3:22,46,89,50,107,60,88,32,66,109,95,14,63,44,87,35,9,97,94,
5to 4:5,51,108,79,76,18,57,39,48,68,19,55,99,65,29,4,41,69,25,77,96,
5to 5:

cell1:3,2,5,4,
cell2:3,5,1,4,
cell3:1,5,4,2,
cell4:2,1,3,5,
cell5:1,2,4,3,
