machine1:0,21,11,68,96,61,56,46,99,84,28,90,89,25,32,66,24,102,54,107,87,31,50,62,60,100,55,3,97,22,64,78,86,4,108,101,37,26,106,23,80,70,16,105,98,5,91,36,52,72,74,88,63,35,67,27,
machine2:0,41,6,15,21,58,75,29,53,110,30,47,11,13,43,45,94,68,18,76,39,73,96,61,103,85,56,57,46,14,99,104,109,84,69,9,28,8,90,44,89,95,25,32,66,24,49,102,54,107,87,31,50,71,62,60,100,77,93,10,34,55,3,79,97,22,82,64,81,78,48,86,4,108,101,12,37,20,19,92,26,2,106,40,23,80,70,65,51,16,17,105,1,98,59,42,5,91,36,52,38,83,72,74,88,63,7,33,35,67,27,
machine3:0,41,15,21,75,29,53,110,30,11,73,61,85,46,99,104,84,8,89,24,49,54,87,71,77,10,79,81,48,108,101,37,92,26,2,40,51,17,42,5,36,83,74,7,33,35,67,27,
machine4:0,41,6,15,21,75,29,53,110,30,47,11,13,43,45,94,68,76,73,61,85,56,46,14,99,104,84,69,28,8,44,89,66,24,49,102,54,107,87,31,50,71,77,93,10,55,79,97,22,82,81,78,48,86,108,101,37,20,19,92,26,2,40,23,80,70,65,51,17,1,98,59,42,5,91,36,38,83,72,74,88,63,7,33,35,67,27,
machine5:0,41,6,15,21,58,29,53,110,30,47,11,13,45,94,68,18,76,39,73,96,61,103,85,56,57,46,14,99,109,84,69,9,28,8,90,44,89,95,25,32,66,24,49,102,54,107,87,50,71,62,60,100,93,10,34,55,3,79,97,22,82,64,81,78,4,108,101,12,37,19,26,2,40,23,80,70,65,51,16,17,1,98,59,42,5,91,36,38,83,72,74,88,63,7,33,35,67,27,
machine6:0,41,6,15,21,29,53,110,30,47,11,13,45,94,68,18,73,96,61,85,56,57,46,14,99,109,84,69,9,28,8,90,44,89,32,66,24,49,102,54,107,87,71,62,60,100,93,10,34,55,79,97,22,82,81,78,4,108,101,37,19,26,2,23,80,65,51,16,17,1,98,59,42,5,91,36,38,83,74,63,7,33,67,27,
machine7:0,41,6,21,29,110,13,45,68,73,85,56,57,46,99,84,69,8,44,89,66,24,54,107,87,62,100,82,81,78,4,37,19,26,2,80,65,51,17,42,5,36,83,74,63,7,
machine8:0,41,6,15,21,58,75,29,30,47,11,18,85,57,46,14,99,104,84,69,8,89,32,24,87,50,100,3,79,97,22,82,81,78,4,108,101,37,92,26,2,106,80,65,51,1,98,91,72,88,63,7,27,
machine9:0,41,6,15,21,58,75,29,53,110,30,47,11,43,45,68,18,76,39,96,61,103,85,56,57,46,14,99,104,84,69,8,90,44,89,95,25,32,24,54,87,31,50,62,100,77,93,55,3,79,97,22,82,81,78,48,86,4,108,101,12,37,20,19,92,26,2,106,80,70,65,51,16,105,1,98,59,5,91,52,38,83,72,74,88,63,7,33,35,67,27,
machine10:0,41,58,53,11,43,45,94,18,39,96,103,85,56,14,104,109,69,9,28,8,95,25,32,66,49,102,107,31,71,60,93,34,97,22,82,64,81,78,12,20,19,92,2,106,40,23,80,65,51,16,17,105,1,98,42,52,83,72,63,33,35,
machine11:0,41,15,21,58,29,53,11,43,45,94,68,18,76,39,96,61,103,85,56,57,46,14,99,104,109,69,9,28,8,44,89,95,25,32,66,24,49,102,107,87,31,50,71,60,77,93,10,34,55,79,97,22,82,64,81,78,48,86,4,108,101,12,37,20,19,92,26,2,106,40,23,80,70,65,51,16,17,105,1,98,59,42,5,91,52,38,83,72,88,63,7,33,35,67,27,

1to 1:
1to 2:108,51,5,99,2,41,40,104,107,43,102,92,23,69,20,46,91,84,77,63,97,
1to 3:64,65,56,53,28,55,15,76,18,67,78,6,4,61,45,58,11,10,57,110,70,85,13,42,47,90,21,68,73,100,
1to 4:81,106,86,75,30,26,12,44,33,87,31,62,103,16,80,22,
1to 5:48,98,1,93,89,59,38,83,72,96,25,82,19,105,60,66,95,32,71,17,8,24,
2to 1:36,44,17,27,38,66,94,13,49,50,75,85,87,29,48,72,74,31,68,35,83,33,67,6,
2to 2:
2to 3:80,30,93,102,2,8,54,24,23,79,99,26,81,5,
2to 4:14,20,11,92,91,43,97,104,46,82,78,101,53,59,110,1,61,
2to 5:37,55,40,108,65,70,107,22,42,28,51,88,15,56,7,77,
3to 1:109,19,1,88,54,59,3,41,82,40,9,71,108,46,26,30,51,25,91,39,
3to 2:37,33,89,61,53,73,83,42,21,17,14,36,38,76,65,29,44,94,110,
3to 3:
3to 4:72,70,35,6,32,50,58,63,84,15,7,74,98,45,47,
3to 5:101,2,23,12,10,67,79,69,80,5,16,34,27,4,81,49,103,
4to 1:24,78,101,57,95,2,18,84,89,93,8,69,79,90,98,76,99,105,100,14,55,63,
4to 2:22,45,56,70,50,74,19,35,72,67,7,47,86,54,88,68,
4to 3:27,41,83,29,37,1,96,59,38,62,16,39,3,12,
4to 4:
4to 5:21,33,97,91,20,87,85,106,92,11,52,
5to 1:7,80,53,56,15,103,104,61,28,102,45,64,37,52,21,11,58,86,43,81,34,
5to 2:26,93,78,98,8,31,10,82,24,71,27,49,85,101,
5to 3:22,46,89,50,107,60,88,32,66,109,95,14,63,44,87,35,9,97,94,
5to 4:5,51,108,79,76,18,57,39,48,68,19,55,99,65,29,4,41,69,25,77,96,
5to 5:

cell1:4,5,2,3,
cell2:4,1,5,3,
cell3:1,5,4,2,
cell4:1,2,3,5,
cell5:1,2,4,3,
