machine1:0,108,4,21,61,89,97,70,106,24,87,5,22,23,107,96,66,68,11,78,99,16,86,84,56,102,60,32,90,55,28,37,31,91,26,67,25,46,62,54,100,80,105,64,98,101,72,35,27,52,63,36,74,88,3,50,
machine2:0,6,108,10,4,81,21,15,71,41,82,58,51,53,29,65,14,75,110,49,61,89,69,7,30,97,104,70,8,47,106,17,24,79,87,2,5,22,12,77,42,23,20,9,109,48,103,33,92,18,19,44,1,85,107,96,43,13,38,94,45,66,83,68,34,76,93,59,57,39,95,73,40,11,78,99,16,86,84,56,102,60,32,90,55,28,37,31,91,26,67,25,46,62,54,100,80,105,64,98,101,72,35,27,52,63,36,74,88,3,50,
machine3:0,108,10,81,21,15,71,41,51,53,29,75,110,49,61,89,7,30,104,8,17,24,79,87,2,5,77,42,48,33,92,85,83,73,40,11,99,84,37,26,67,46,54,101,35,27,36,74,
machine4:0,6,108,10,81,21,15,71,41,82,51,53,29,65,14,75,110,49,61,89,69,7,30,97,104,70,8,47,17,24,79,87,2,5,22,77,42,23,20,48,33,92,19,44,1,85,107,43,13,38,94,45,66,83,68,76,93,59,73,40,11,78,99,86,84,56,102,55,28,37,31,91,26,67,46,54,80,98,101,72,35,27,63,36,74,88,50,
machine5:0,6,108,10,4,81,21,15,71,41,82,58,51,53,29,65,14,110,49,61,89,69,7,30,97,70,8,47,17,24,79,87,2,5,22,12,42,23,9,109,103,33,18,19,44,1,85,107,96,13,38,94,45,66,83,68,34,76,93,59,57,39,95,73,40,11,78,99,16,84,56,102,60,32,90,55,28,37,91,26,67,25,46,62,54,100,80,64,98,101,72,35,27,63,36,74,88,3,50,
machine6:0,6,108,10,4,81,21,15,71,41,82,51,53,29,65,14,110,49,61,89,69,7,30,97,8,47,17,24,79,87,2,5,22,42,23,9,109,33,18,19,44,1,85,107,96,13,38,94,45,66,83,68,34,93,59,57,73,11,78,99,16,84,56,102,60,32,90,55,28,37,91,26,67,46,62,54,100,80,98,101,27,63,36,74,
machine7:0,6,4,81,21,41,82,51,29,65,110,89,69,7,8,17,24,87,2,5,42,19,44,85,107,13,45,66,83,68,57,73,78,99,84,56,37,26,46,62,54,100,80,63,36,74,
machine8:0,6,108,4,81,21,15,41,82,58,51,29,65,14,75,89,69,7,30,97,104,8,47,106,24,79,87,2,22,92,18,1,85,57,11,78,99,84,32,37,91,26,46,100,80,98,101,72,27,63,88,3,50,
machine9:0,6,108,4,81,21,15,41,82,58,51,53,29,65,14,75,110,61,89,69,7,30,97,104,70,8,47,106,24,79,87,2,5,22,12,77,20,48,103,33,92,18,19,44,1,85,96,43,38,45,83,68,76,93,59,57,39,95,11,78,99,16,86,84,56,32,90,55,37,31,91,26,67,25,46,62,54,100,80,105,98,101,72,35,27,52,63,74,88,3,50,
machine10:0,81,71,41,82,58,51,53,65,14,49,69,97,104,8,106,17,2,22,12,42,23,20,9,109,103,33,92,18,19,1,85,107,96,43,94,45,66,83,34,93,39,95,40,11,78,16,56,102,60,32,28,31,25,80,105,64,98,72,35,52,63,
machine11:0,108,10,4,81,21,15,71,41,82,58,51,53,29,65,14,49,61,89,69,7,97,104,70,8,106,17,24,79,87,2,5,22,12,77,42,23,20,9,109,48,103,33,92,18,19,44,1,85,107,96,43,38,94,45,66,83,68,34,76,93,59,57,39,95,40,11,78,99,16,86,56,102,60,32,55,28,37,31,91,26,67,25,46,80,105,64,98,101,72,35,27,52,63,88,50,

1to 1:
1to 2:63,91,97,84,46,69,77,20,23,92,102,41,43,99,107,104,5,51,40,2,108,
1to 3:21,85,11,47,68,42,110,100,73,61,10,70,57,90,13,45,4,78,67,58,6,15,18,55,53,76,28,56,65,64,
1to 4:22,80,16,103,87,62,31,44,33,26,12,30,81,75,86,106,
1to 5:24,8,17,71,82,19,66,32,95,60,105,96,25,72,83,89,38,59,93,98,1,48,
2to 1:36,44,17,27,38,66,94,13,49,50,75,85,87,29,48,72,74,31,68,35,83,33,67,6,
2to 2:
2to 3:80,30,93,102,2,8,54,24,23,79,99,26,81,5,
2to 4:14,20,11,92,91,43,97,104,46,82,78,101,53,59,110,1,61,
2to 5:37,55,40,108,65,70,107,22,42,28,51,88,15,56,7,77,
3to 1:109,19,1,88,54,59,3,41,82,40,9,71,108,46,26,30,51,25,91,39,
3to 2:37,33,89,61,53,73,83,42,21,17,14,36,38,76,65,29,44,94,110,
3to 3:
3to 4:72,70,35,6,32,50,58,63,84,15,7,74,98,45,47,
3to 5:101,2,23,12,10,67,79,69,80,5,16,34,27,4,81,49,103,
4to 1:24,78,101,57,95,2,18,84,89,93,8,69,79,90,98,76,99,105,100,14,55,63,
4to 2:22,45,56,70,50,74,19,35,72,67,7,47,86,54,88,68,
4to 3:27,41,83,29,37,1,96,59,38,62,16,39,3,12,
4to 4:
4to 5:21,33,97,91,20,87,85,106,92,11,52,
5to 1:7,80,53,56,15,103,104,61,28,102,45,64,37,52,21,11,58,86,43,81,34,
5to 2:26,93,78,98,8,31,10,82,24,71,27,49,85,101,
5to 3:22,46,89,50,107,60,88,32,66,109,95,14,63,44,87,35,9,97,94,
5to 4:5,51,108,79,76,18,57,39,48,68,19,55,99,65,29,4,41,69,25,77,96,
5to 5:

cell1:3,2,5,4,
cell2:4,1,5,3,
cell3:1,5,4,2,
cell4:1,2,3,5,
cell5:1,2,4,3,
