machine1:0,60,97,38,95,115,45,51,113,174,146,152,96,170,29,131,53,122,110,47,100,145,79,35,133,94,61,107,178,143,137,17,161,175,123,141,83,25,14,9,149,21,138,59,162,6,31,86,28,156,176,41,50,114,159,179,32,126,77,124,150,147,70,154,78,4,153,57,76,44,37,72,121,56,173,1,91,102,7,23,105,42,48,62,177,130,142,24,90,109,54,167,63,69,43,55,11,127,18,112,117,101,148,12,2,103,10,84,157,180,36,30,82,155,80,118,46,88,81,144,22,166,13,125,139,58,169,49,19,89,151,39,5,165,108,33,16,172,75,34,71,68,64,66,164,136,134,129,26,120,106,15,99,132,20,67,104,52,128,40,74,8,65,73,135,119,116,87,140,160,158,163,168,93,92,27,171,85,98,111,3,
machine2:0,60,38,95,115,45,51,113,174,146,152,96,170,29,131,53,122,110,47,145,79,35,133,94,61,107,178,143,137,17,161,175,123,141,83,25,14,9,21,138,59,6,31,28,156,176,41,50,114,159,179,32,126,77,124,150,70,154,78,4,153,57,44,23,42,177,130,142,90,54,69,43,55,11,18,112,117,148,2,103,10,84,157,180,36,82,155,80,46,144,166,125,139,169,19,151,5,165,33,172,75,68,64,66,136,134,26,120,106,15,99,20,67,104,128,40,74,65,73,135,119,116,87,140,160,158,163,168,93,92,27,171,85,98,111,3,
machine3:0,60,38,95,115,45,51,113,174,146,152,96,170,29,131,53,122,110,47,145,79,35,133,94,61,107,178,143,137,17,161,175,123,83,21,138,59,6,31,156,41,50,114,159,179,126,124,150,70,154,78,4,153,44,23,42,177,142,55,117,103,180,139,169,68,66,120,20,67,128,40,74,135,116,140,160,158,
machine4:0,60,97,113,146,53,94,178,143,161,123,141,14,9,149,138,31,28,156,41,159,179,32,126,124,78,37,56,91,48,109,54,43,11,127,117,148,12,10,155,80,118,46,22,166,139,58,33,16,172,64,66,164,106,15,99,132,20,67,52,40,74,8,65,73,119,116,87,160,158,163,168,93,111,3,
machine5:0,60,97,38,95,45,51,113,174,146,152,96,29,53,122,47,100,145,79,35,133,94,61,107,178,143,137,161,123,141,83,25,14,9,149,21,138,162,6,31,86,28,156,176,41,159,179,32,126,124,78,4,57,76,37,56,173,91,102,7,105,48,62,177,24,90,109,54,63,69,43,55,11,127,18,112,117,101,148,12,2,103,10,84,157,36,30,155,80,118,46,88,144,22,166,125,139,58,169,49,89,5,165,33,16,172,34,68,64,66,164,136,134,26,106,15,99,132,20,67,104,52,128,40,74,8,65,73,119,116,87,140,160,158,163,168,93,111,3,
machine6:0,95,45,53,122,100,35,61,178,143,137,161,175,141,83,21,86,176,114,159,126,77,124,154,78,153,1,105,142,109,69,55,101,12,2,103,84,157,180,36,30,46,88,22,125,139,58,151,108,33,16,75,68,136,134,120,106,15,132,20,104,128,8,65,135,116,87,140,158,168,93,92,27,171,85,98,
machine7:0,60,38,95,45,51,113,146,96,170,131,53,122,110,100,145,35,94,61,107,178,143,137,161,175,123,141,83,25,14,149,21,162,6,31,86,28,156,176,41,114,159,32,126,77,124,150,70,154,78,153,76,44,1,7,105,48,62,142,24,109,167,69,55,127,117,101,12,2,103,84,157,180,36,30,155,80,118,46,88,81,22,13,125,139,58,169,49,19,89,151,39,165,108,33,16,172,75,34,71,68,64,66,164,136,134,129,120,106,15,99,132,20,67,104,128,40,8,65,73,135,119,116,87,140,158,163,168,93,92,27,171,85,98,
machine8:0,60,38,95,115,45,51,113,174,146,29,131,53,122,110,100,145,79,35,133,94,61,178,143,137,17,161,175,123,141,83,14,9,149,21,138,59,6,31,86,28,156,176,41,50,114,159,179,32,126,77,124,70,154,78,4,153,57,76,44,102,7,105,48,177,130,142,24,90,109,54,167,63,69,43,55,127,18,112,117,101,12,2,103,10,84,157,180,36,30,82,155,80,118,46,81,144,22,13,139,58,169,49,19,89,151,5,165,108,33,16,172,71,68,64,66,136,26,120,106,15,132,20,67,104,52,128,40,74,65,73,135,119,116,87,140,160,158,163,168,93,85,
machine9:0,60,38,95,45,51,113,29,131,100,145,79,35,133,94,61,178,143,137,175,123,141,83,149,138,59,6,31,28,156,176,41,50,114,179,126,77,124,70,154,78,4,153,76,44,130,142,24,90,109,54,167,63,69,43,55,127,112,117,12,103,10,157,30,155,118,46,81,144,22,13,58,19,89,151,5,33,16,68,66,26,106,15,132,20,67,52,128,40,74,65,73,119,116,87,140,160,158,163,93,
machine10:0,60,38,95,45,51,113,29,131,79,35,94,61,143,175,83,59,31,28,156,176,41,179,126,4,153,76,44,142,24,90,109,54,69,43,55,112,117,103,10,157,46,58,5,33,68,26,106,15,132,67,52,128,40,74,119,116,87,140,160,
machine11:0,60,38,45,113,174,146,96,170,131,47,94,61,178,143,137,175,83,9,149,6,31,28,156,176,41,114,179,126,77,124,150,154,78,153,76,44,173,91,23,105,62,177,90,109,54,167,55,148,2,103,10,84,180,36,30,80,22,13,125,58,89,5,165,108,33,66,164,136,26,120,15,99,132,128,40,8,65,73,135,119,87,160,158,163,
machine12:0,60,38,95,115,45,51,113,174,146,152,96,170,29,131,53,110,47,100,145,79,94,61,107,178,143,137,175,123,141,83,9,149,21,138,6,31,86,28,156,176,41,114,179,32,126,77,124,150,147,70,154,78,4,153,76,44,37,72,121,56,173,1,91,102,7,23,105,62,177,142,90,109,54,167,55,11,101,148,12,2,103,10,84,157,180,36,30,82,80,118,81,22,13,125,139,58,49,89,151,39,5,165,108,33,16,75,64,66,164,136,26,120,106,15,99,132,20,52,128,40,8,65,73,135,119,116,87,140,160,158,163,93,27,85,98,111,3,
machine13:0,60,38,95,45,51,113,174,146,152,96,170,29,131,53,122,100,145,79,35,133,94,61,178,143,137,17,161,175,123,141,83,25,14,9,149,21,138,59,162,6,31,86,28,156,176,41,114,159,179,32,126,77,124,150,147,70,154,78,4,153,57,76,44,72,121,56,1,91,7,23,105,42,48,62,130,142,24,90,109,54,43,55,11,18,112,117,148,12,2,103,10,84,157,36,30,82,155,80,118,46,88,22,166,13,139,58,169,49,19,89,39,165,108,33,16,172,75,34,71,68,64,66,136,129,26,120,106,15,99,132,20,67,52,128,40,74,8,65,73,119,116,87,140,160,158,163,168,92,27,171,85,98,3,
machine14:0,60,38,95,45,51,113,174,146,152,96,29,131,53,100,145,35,133,94,61,178,143,137,161,175,123,141,83,25,14,149,21,138,162,86,28,156,176,41,114,159,32,126,77,124,150,147,70,78,4,153,57,76,121,56,23,105,142,24,109,54,55,117,12,2,103,84,157,36,30,80,46,88,22,166,13,139,58,19,89,39,33,16,172,71,68,64,66,136,129,26,15,99,132,20,67,52,128,40,8,65,73,87,140,160,158,163,92,171,85,
machine15:0,60,38,95,113,174,146,96,131,100,145,35,94,143,161,123,141,83,25,14,149,21,138,162,86,28,156,176,159,32,77,124,150,147,70,4,153,57,76,56,109,54,55,12,84,157,36,22,13,139,58,16,71,68,66,136,129,26,15,132,20,67,52,128,40,65,140,160,158,171,85,
machine16:0,60,97,38,95,45,51,113,174,146,152,96,170,29,131,53,122,110,100,145,133,94,61,178,143,137,17,175,123,141,83,25,14,9,149,21,138,59,162,6,31,86,28,156,176,41,50,114,159,179,32,126,77,124,147,70,154,78,4,153,76,44,37,72,121,173,91,102,105,42,48,177,130,142,109,54,167,63,69,43,55,11,18,112,117,148,12,103,10,84,157,180,36,30,155,80,46,88,144,22,13,125,139,58,49,19,89,151,5,165,33,16,172,34,71,68,64,66,164,136,134,26,120,106,15,99,132,20,67,104,52,128,40,74,8,65,73,135,119,116,87,140,160,158,163,93,27,171,85,
machine17:0,60,97,38,45,51,113,146,152,96,170,29,131,53,122,110,100,145,94,61,178,137,17,123,141,83,9,149,21,138,59,31,86,28,156,176,41,50,159,126,77,124,147,70,154,78,153,76,37,72,121,91,48,177,130,142,109,54,167,69,43,55,117,12,103,10,84,157,180,36,80,22,13,125,139,58,49,19,89,151,5,165,33,16,68,64,66,136,134,26,120,106,99,132,67,104,52,40,74,8,65,73,135,119,116,87,140,160,158,163,93,27,171,85,
machine18:0,60,97,38,45,51,113,96,170,131,53,100,145,94,61,178,137,17,123,141,83,9,149,21,138,31,28,156,176,41,126,77,124,147,70,78,76,37,72,142,12,84,157,80,22,139,58,49,19,5,165,33,136,132,67,52,8,73,135,119,160,158,

1to 1:
1to 2:109,145,179,20,7,21,138,127,28,32,64,140,97,41,136,80,101,2,166,25,132,9,159,
1to 3:141,164,71,126,131,118,178,124,134,31,88,100,161,162,39,89,150,170,176,49,78,69,6,151,75,35,142,
1to 4:82,24,110,144,84,59,65,112,135,55,154,163,48,128,149,139,50,153,155,46,119,83,90,137,60,108,123,10,
1to 5:8,120,56,61,175,102,77,167,37,12,103,62,15,152,13,114,
1to 6:30,42,157,133,57,51,3,11,27,43,16,121,79,116,169,73,160,23,92,94,17,34,96,38,18,168,22,74,53,70,105,130,68,129,
1to 7:44,117,36,86,104,177,14,4,58,87,52,54,143,156,63,180,148,85,66,125,
2to 1:123,79,48,104,4,53,157,15,73,125,168,84,5,60,30,6,173,63,146,22,158,87,162,88,152,62,24,3,
2to 2:
2to 3:165,163,8,64,34,139,156,83,105,169,159,14,12,68,45,
2to 4:52,26,76,101,161,21,132,109,106,35,179,7,100,177,31,41,49,54,143,67,118,138,127,
2to 5:111,65,47,38,107,89,174,10,33,94,148,136,80,
2to 6:2,28,25,86,113,149,172,117,91,29,145,119,58,78,66,
2to 7:96,137,16,40,140,164,95,93,18,116,97,128,32,160,99,74,134,144,20,155,122,
3to 1:1,8,12,19,25,40,67,80,83,85,99,109,114,116,120,105,92,
3to 2:31,33,61,62,78,84,96,100,104,107,113,118,124,125,155,161,178,46,
3to 3:
3to 4:13,15,32,38,44,86,87,94,95,103,126,142,158,159,165,168,169,180,81,172,
3to 5:6,7,21,51,53,58,64,76,93,110,128,137,140,145,149,150,154,176,
3to 6:14,20,24,36,45,77,88,106,122,123,132,146,153,75,98,
3to 7:27,55,60,65,135,141,162,163,167,170,171,48,69,
4to 1:143,14,156,131,133,77,145,122,124,71,38,16,113,70,151,45,57,64,81,76,95,172,93,117,176,69,74,
4to 2:18,146,168,87,174,94,5,86,128,53,79,112,126,157,
4to 3:30,66,55,58,19,40,36,73,114,41,28,80,155,123,154,153,21,2,101,51,127,22,
4to 4:
4to 5:32,90,20,108,29,106,52,165,141,49,82,100,135,83,115,9,160,
4to 6:65,142,67,44,46,15,33,60,136,175,35,138,85,120,26,163,
4to 7:178,149,102,68,158,139,61,6,59,78,43,130,50,89,119,103,179,
5to 1:179,170,126,33,149,115,119,132,49,78,7,66,10,31,44,101,160,96,2,20,75,89,39,163,47,54,121,98,148,107,140,111,118,29,153,
5to 2:91,93,177,164,60,26,45,55,37,141,22,123,158,
5to 3:125,99,108,95,157,13,86,136,81,77,109,65,146,180,175,
5to 4:131,4,53,151,178,16,36,85,116,61,28,70,156,79,167,6,102,12,
5to 5:
5to 6:52,165,137,103,139,40,62,90,8,176,32,154,128,1,56,82,87,72,143,
5to 7:147,84,142,114,15,94,30,5,105,100,51,73,110,76,173,174,113,38,9,138,41,120,11,106,124,
6to 1:166,171,108,150,147,91,35,174,175,161,165,159,136,61,52,36,137,141,128,
6to 2:34,56,148,57,169,24,133,49,90,152,106,6,38,16,12,143,76,68,83,116,176,156,139,15,
6to 3:129,1,172,48,7,70,96,103,117,60,
6to 4:71,19,2,122,43,89,9,146,22,45,30,124,140,20,66,80,40,58,51,
6to 5:39,98,3,23,27,118,105,4,11,131,179,158,54,99,109,84,95,113,157,119,31,73,126,41,55,178,
6to 6:
6to 7:72,42,121,17,112,10,29,46,13,153,8,26,64,67,132,33,145,21,28,
7to 1:41,65,26,154,142,9,27,135,68,13,178,130,37,134,18,144,21,34,110,167,94,72,138,112,106,164,
7to 2:51,58,149,30,165,103,54,43,10,14,69,117,172,36,102,48,66,88,11,89,173,
7to 3:53,145,33,16,143,46,67,122,84,119,44,137,61,25,32,
7to 4:136,176,73,77,113,29,141,93,175,63,17,133,160,157,105,64,74,104,120,5,
7to 5:132,40,139,22,146,45,70,78,85,91,163,123,86,180,28,177,116,87,151,
7to 6:83,126,55,124,76,114,170,109,155,131,59,19,4,158,162,156,99,147,49,80,171,95,71,159,140,31,152,12,174,100,
7to 7:

cell1:6,4,7,3,2,5,
cell2:1,4,7,5,6,3,
cell3:5,2,1,4,7,6,
cell4:6,2,7,5,3,1,
cell5:2,4,6,7,3,1,
cell6:3,1,7,2,5,4,
cell7:5,3,6,1,2,4,
