machine1:0,97,60,38,95,115,45,51,113,174,146,152,96,170,29,131,53,122,110,47,145,79,133,35,178,107,143,17,114,61,161,175,9,59,137,83,141,28,41,21,50,6,179,31,124,150,126,154,78,159,44,37,72,173,1,91,102,23,7,105,42,48,62,177,130,109,24,90,121,54,167,63,69,43,80,11,127,103,18,112,117,101,180,148,2,142,10,81,30,82,155,118,46,88,36,84,12,144,166,125,19,169,49,89,151,13,39,5,165,108,58,75,34,33,153,172,56,22,71,164,134,136,66,147,76,16,129,26,64,4,57,55,68,70,139,156,157,77,149,14,176,32,94,138,100,86,123,25,162,120,106,15,99,132,20,67,74,104,40,128,52,8,65,73,135,119,116,87,140,160,158,163,168,92,93,27,171,85,98,111,3,
machine2:0,60,38,95,115,45,51,113,174,146,152,96,170,29,131,53,122,110,47,145,79,133,35,178,107,143,17,114,61,161,175,9,59,137,83,141,28,41,21,50,6,179,31,124,150,126,154,78,159,44,23,42,177,130,90,54,69,43,80,11,103,18,112,117,180,148,2,142,10,82,155,46,36,84,144,166,125,19,169,151,5,165,75,33,153,172,134,136,66,26,64,4,57,55,68,70,139,156,157,77,14,176,32,94,138,123,25,120,106,15,99,20,67,74,104,40,128,65,73,135,119,116,87,140,160,158,163,168,92,93,27,171,85,98,111,3,
machine3:0,60,38,95,115,45,51,113,174,146,152,96,170,29,131,53,122,110,47,145,79,133,35,178,107,143,17,114,61,161,175,59,137,83,41,21,50,6,179,31,124,150,126,154,78,159,44,23,42,177,103,117,180,142,169,153,66,4,55,68,70,139,156,94,138,123,120,20,67,74,40,128,135,116,140,160,158,
machine4:0,97,60,113,146,53,178,143,161,9,141,28,41,179,31,124,126,78,159,37,91,48,109,54,43,80,11,127,117,148,10,155,118,46,12,166,58,33,172,56,22,164,66,16,64,139,156,149,14,32,94,138,123,106,15,99,132,20,67,74,40,52,8,65,73,119,116,87,160,158,163,168,93,111,3,
machine5:0,97,60,38,95,45,51,113,174,146,152,96,29,53,122,47,145,79,133,35,178,107,143,61,161,9,137,83,141,28,41,21,6,179,31,124,126,78,159,37,173,91,102,7,105,48,62,177,109,24,90,54,63,69,43,80,11,127,103,18,112,117,101,148,2,10,30,155,118,46,88,36,84,12,144,166,125,169,49,89,5,165,58,34,33,172,56,22,164,134,136,66,76,16,26,64,4,57,55,68,139,156,157,149,14,176,32,94,138,100,86,123,25,162,106,15,99,132,20,67,74,104,40,128,52,8,65,73,119,116,87,140,160,158,163,168,93,111,3,
machine6:0,95,45,53,122,35,178,143,114,61,161,175,137,83,141,21,124,126,154,78,159,1,105,109,69,103,101,180,2,142,30,46,88,36,84,12,125,151,108,58,75,33,153,22,134,136,16,55,68,139,157,77,176,100,86,120,106,15,132,20,104,128,8,65,135,116,87,140,158,168,92,93,27,171,85,98,
machine7:0,60,38,95,45,51,113,146,96,170,131,53,122,110,145,35,178,107,143,114,61,161,175,137,83,141,28,41,21,6,31,124,150,126,154,78,159,44,1,7,105,48,62,109,24,167,69,80,127,103,117,101,180,2,142,81,30,155,118,46,88,36,84,12,125,19,169,49,89,151,13,39,165,108,58,75,34,33,153,172,22,71,164,134,136,66,76,16,129,64,55,68,70,139,156,157,77,149,14,176,32,94,100,86,123,25,162,120,106,15,99,132,20,67,104,40,128,8,65,73,135,119,116,87,140,158,163,168,92,93,27,171,85,98,
machine8:0,60,38,95,115,45,51,113,174,146,29,131,53,122,110,145,79,133,35,178,143,17,114,61,161,175,9,59,137,83,141,28,41,21,50,6,179,31,124,126,154,78,159,44,102,7,105,48,177,130,109,24,90,54,167,63,69,43,80,127,103,18,112,117,101,180,2,142,10,81,30,82,155,118,46,36,84,12,144,19,169,49,89,151,13,5,165,108,58,33,153,172,22,71,136,66,76,16,26,64,4,57,55,68,70,139,156,157,77,149,14,176,32,94,138,100,86,123,120,106,15,132,20,67,74,104,40,128,52,65,73,135,119,116,87,140,160,158,163,168,93,85,
machine9:0,60,38,95,45,51,113,29,131,145,79,133,35,178,143,114,61,175,59,137,83,141,28,41,50,6,179,31,124,126,154,78,44,130,109,24,90,54,167,63,69,43,127,103,112,117,142,10,81,30,155,118,46,12,144,19,89,151,13,5,58,33,153,22,66,76,16,26,4,55,68,70,156,157,77,149,176,94,138,100,123,106,15,132,20,67,74,40,128,52,65,73,119,116,87,140,160,158,163,93,
machine10:0,60,38,95,45,51,113,29,131,79,35,143,61,175,59,83,28,41,179,31,126,44,109,24,90,54,69,43,103,112,117,142,10,46,5,58,33,153,76,26,4,55,68,156,157,176,94,106,15,132,67,74,40,128,52,119,116,87,140,160,
machine11:0,60,38,45,113,174,146,96,170,131,47,178,143,114,61,175,9,137,83,28,41,6,179,31,124,150,126,154,78,44,173,91,23,105,62,177,109,90,54,167,80,103,180,148,2,10,30,36,84,125,89,13,5,165,108,58,33,153,22,164,136,66,76,26,55,156,77,149,176,94,120,15,99,132,40,128,8,65,73,135,119,87,160,158,163,
machine12:0,60,38,95,115,45,51,113,174,146,152,96,170,29,131,53,110,47,145,79,178,107,143,114,61,175,9,137,83,141,28,41,21,6,179,31,124,150,126,154,78,44,37,72,173,1,91,102,23,7,105,62,177,109,90,121,54,167,80,11,103,101,180,148,2,142,10,81,30,82,118,36,84,12,125,49,89,151,13,39,5,165,108,58,75,33,153,56,22,164,136,66,147,76,16,26,64,4,55,70,139,156,157,77,149,176,32,94,138,100,86,123,120,106,15,99,132,20,40,128,52,8,65,73,135,119,116,87,140,160,158,163,93,27,85,98,111,3,
machine13:0,60,38,95,45,51,113,174,146,152,96,170,29,131,53,122,145,79,133,35,178,143,17,114,61,161,175,9,59,137,83,141,28,41,21,6,179,31,124,150,126,154,78,159,44,72,1,91,23,7,105,42,48,62,130,109,24,90,121,54,43,80,11,103,18,112,117,148,2,142,10,30,82,155,118,46,88,36,84,12,166,19,169,49,89,13,39,165,108,58,75,34,33,153,172,56,22,71,136,66,147,76,16,129,26,64,4,57,55,68,70,139,156,157,77,149,14,176,32,94,138,100,86,123,25,162,120,106,15,99,132,20,67,74,40,128,52,8,65,73,119,116,87,140,160,158,163,168,92,27,171,85,98,3,
machine14:0,60,38,95,45,51,113,174,146,152,96,29,131,53,145,133,35,178,143,114,61,161,175,137,83,141,28,41,21,124,150,126,78,159,23,105,109,24,121,54,80,103,117,2,142,30,46,88,36,84,12,166,19,89,13,39,58,33,153,172,56,22,71,136,66,147,76,16,129,26,64,4,57,55,68,70,139,156,157,77,149,14,176,32,94,138,100,86,123,25,162,15,99,132,20,67,40,128,52,8,65,73,87,140,160,158,163,92,171,85,
machine15:0,60,38,95,113,174,146,96,131,145,35,143,161,83,141,28,21,124,150,159,109,54,36,84,12,13,58,153,56,22,71,136,66,147,76,16,129,26,4,57,55,68,70,139,156,157,77,149,14,176,32,94,138,100,86,123,25,162,15,132,20,67,40,128,52,65,140,160,158,171,85,
machine16:0,97,60,38,95,45,51,113,174,146,152,96,170,29,131,53,122,110,145,133,178,143,17,114,61,175,9,59,137,83,141,28,41,21,50,6,179,31,124,126,154,78,159,44,37,72,173,91,102,105,42,48,177,130,109,121,54,167,63,69,43,80,11,103,18,112,117,180,148,142,10,30,155,46,88,36,84,12,144,125,19,49,89,151,13,5,165,58,34,33,153,172,22,71,164,134,136,66,147,76,16,26,64,4,55,68,70,139,156,157,77,149,14,176,32,94,138,100,86,123,25,162,120,106,15,99,132,20,67,74,104,40,128,52,8,65,73,135,119,116,87,140,160,158,163,93,27,171,85,
machine17:0,97,60,38,45,51,113,146,152,96,170,29,131,53,122,110,145,178,17,61,9,59,137,83,141,28,41,21,50,31,124,126,154,78,159,37,72,91,48,177,130,109,121,54,167,69,43,80,103,117,180,142,10,36,84,12,125,19,49,89,151,13,5,165,58,33,153,22,134,136,66,147,76,16,26,64,55,68,70,139,156,157,77,149,176,94,138,100,86,123,120,106,99,132,67,74,104,40,52,8,65,73,135,119,116,87,140,160,158,163,93,27,171,85,
machine18:0,97,60,38,45,51,113,96,170,131,53,145,178,17,61,9,137,83,141,28,41,21,31,124,126,78,37,72,80,142,84,12,19,49,5,165,58,33,22,136,147,76,70,139,156,157,77,149,176,94,138,100,123,132,67,52,8,73,135,119,160,158,

1to 1:
1to 2:166,127,97,101,25,2,7,9,138,32,179,159,136,109,64,140,20,80,132,145,41,21,28,
1to 3:39,134,75,162,69,88,150,71,118,49,164,35,151,89,100,6,161,131,170,142,78,124,176,31,141,126,178,
1to 4:144,82,50,112,108,110,24,48,10,90,135,46,155,154,59,153,123,84,163,65,83,149,119,137,60,128,139,55,
1to 5:102,56,37,167,62,152,175,13,120,114,8,61,12,77,103,15,
1to 6:129,34,42,92,121,3,18,130,17,57,23,169,27,133,105,11,74,79,168,43,70,160,22,96,30,38,16,94,68,157,53,116,73,51,
1to 7:63,148,85,104,4,14,180,125,177,54,86,44,143,117,52,66,87,36,156,58,
2to 1:3,24,62,88,152,162,87,158,22,146,63,173,6,30,60,5,84,168,125,73,15,157,53,4,104,48,79,123,
2to 2:
2to 3:45,68,12,14,159,169,105,83,156,139,34,64,8,163,165,
2to 4:127,67,118,138,54,143,41,49,31,177,100,7,179,35,106,109,132,21,101,161,26,76,52,
2to 5:80,136,148,94,33,10,174,89,107,38,47,65,111,
2to 6:66,78,58,119,145,29,91,117,172,113,149,86,25,28,2,
2to 7:122,155,20,144,134,74,99,160,32,97,128,116,18,93,95,164,40,140,16,96,137,
3to 1:1,8,12,19,25,40,67,80,83,85,99,109,114,116,120,105,92,
3to 2:31,33,61,62,78,84,96,100,104,107,113,118,124,125,155,161,178,46,
3to 3:
3to 4:13,15,32,38,44,86,87,94,95,103,126,142,158,159,165,168,169,180,81,172,
3to 5:6,7,21,51,53,58,64,76,93,110,128,137,140,145,149,150,154,176,
3to 6:14,20,24,36,45,77,88,106,122,123,132,146,153,75,98,
3to 7:27,55,60,65,135,141,162,163,167,170,171,48,69,
4to 1:81,172,57,69,71,133,14,122,74,151,93,70,131,45,38,16,143,64,77,95,124,76,113,117,176,156,145,
4to 2:18,112,79,168,174,5,146,86,94,157,53,87,126,128,
4to 3:127,101,19,2,155,154,22,153,114,30,123,66,80,36,40,73,58,51,41,21,28,55,
4to 4:
4to 5:115,82,108,49,90,29,9,100,135,32,106,160,165,20,52,83,141,
4to 6:85,35,175,138,46,142,120,26,136,44,163,65,67,33,60,15,
4to 7:102,130,50,43,89,6,59,179,158,61,103,78,68,149,119,139,178,
5to 1:153,29,118,111,107,140,148,98,121,54,47,163,39,89,75,2,20,96,101,160,44,31,10,66,7,78,49,132,119,115,33,149,126,170,179,
5to 2:158,123,22,37,141,55,45,26,60,164,91,93,177,
5to 3:175,180,146,65,109,77,81,136,86,13,157,95,108,99,125,
5to 4:12,102,6,167,79,156,28,70,61,116,85,36,16,178,151,53,4,131,
5to 5:
5to 6:72,143,87,82,56,1,128,154,32,176,8,62,90,40,139,103,137,52,165,
5to 7:124,11,106,41,120,138,9,38,113,174,173,76,110,73,51,100,105,5,30,94,15,114,142,84,147,
6to 1:166,171,108,150,147,91,35,174,175,161,165,159,136,61,52,36,137,141,128,
6to 2:34,56,148,57,169,24,133,49,90,152,106,6,38,16,12,143,76,68,83,116,176,156,139,15,
6to 3:129,1,172,48,7,70,96,103,117,60,
6to 4:71,19,2,122,43,89,9,146,22,45,30,124,140,20,66,80,40,58,51,
6to 5:39,98,3,23,27,118,105,4,11,131,179,158,54,99,109,84,95,113,157,119,31,73,126,41,55,178,
6to 6:
6to 7:72,42,121,17,112,10,29,46,13,153,8,26,64,67,132,33,145,21,28,
7to 1:164,106,178,21,138,94,112,68,13,110,167,72,135,142,18,37,26,154,144,41,65,130,9,27,34,134,
7to 2:89,66,11,173,88,36,117,48,103,102,54,14,172,58,165,149,43,69,30,51,10,
7to 3:32,61,137,44,119,25,67,84,145,33,143,46,53,122,16,
7to 4:5,120,64,157,74,141,104,105,160,73,176,113,133,77,93,17,175,29,136,63,
7to 5:87,28,116,151,123,139,86,163,177,78,180,45,40,91,132,146,70,22,85,
7to 6:100,12,31,174,140,152,80,95,156,159,99,71,158,49,55,171,147,126,4,109,131,59,76,114,124,170,155,19,83,162,
7to 7:

cell1:6,3,5,7,2,4,
cell2:3,4,1,6,5,7,
cell3:5,2,1,4,7,6,
cell4:5,1,2,7,6,3,
cell5:7,4,1,6,3,2,
cell6:3,1,7,2,5,4,
cell7:3,4,6,1,2,5,
