j5m5c2	1163.0	4485.0	1163.0	1163.0	1163.0	NaN	
j10m5c2	18475.0	21281.0	18475.0	18475.0	18475.0	NaN	
j15m5c3	18711.0	34712.0	18711.0	18711.0	18711.0	NaN	
j20m5c3	507454.0	124404.0	507454.0	507454.0	507454.0	NaN	
j30m6c3	1071317.0	223350.0	1071317.0	1071317.0	1071317.0	NaN	
j40m8c3	2230572.0	300217.0	2230572.0	2230572.0	2230572.0	NaN	
j50m10c4	4779733.0	573842.0	4779733.0	4779733.0	4779733.0	NaN	
j60m12c4	1.8669396E7	857497.0	1.8669396E7	1.8669396E7	1.8669396E7	NaN	
j70m15c4	2.1959807E7	1401852.0	2.1959807E7	2.1959807E7	2.1959807E7	NaN	
j80m15c5	3.2504769E7	1539379.0	3.2504769E7	3.2504769E7	3.2504769E7	NaN	
j90m18c5	9.2419512E7	2343911.0	9.2419512E7	9.2419512E7	9.2419512E7	NaN	
j100m20c5	1.45031693E8	3469275.0	1.45031693E8	1.45031693E8	1.45031693E8	NaN	
j110m21c5	2.39506431E8	4791414.0	2.39506431E8	2.39506431E8	2.39506431E8	NaN	
j120m25c7	4.43274858E8	5268027.0	4.43274858E8	4.43274858E8	4.43274858E8	NaN	
j130m25c7	6.01442144E8	6157965.0	6.01442144E8	6.01442144E8	6.01442144E8	NaN	
j40m8c3	1975045.0	1412177.0	1975045.0	1975045.0	1975045.0	NaN	
j50m10c4	4707276.0	3054496.0	4707276.0	4707276.0	4707276.0	NaN	
j60m12c4	1.7688411E7	4789792.0	1.7688411E7	1.7688411E7	1.7688411E7	NaN	
j40m8c3	1992901.0	1346588.0	1992901.0	1992901.0	1992901.0	NaN	
j50m10c4	4446731.0	3336862.0	4446731.0	4446731.0	4446731.0	NaN	
j60m12c4	1.7879574E7	4899132.0	1.7879574E7	1.7879574E7	1.7879574E7	NaN	
j70m15c4	2.0803566E7	6107214.0	2.0803566E7	2.0803566E7	2.0803566E7	NaN	
j40m8c3	68786.0	1642913.0	68786.0	68786.0	68786.0	NaN	
j50m10c4	379463.0	3552448.0	379463.0	379463.0	379463.0	NaN	
j60m12c4	6426584.0	4998995.0	6426584.0	6426584.0	6426584.0	NaN	
j70m15c4	7046894.0	6090972.0	7046894.0	7046894.0	7046894.0	NaN	
j40m8c3	2201089.0	2254442.0	2173651.0	323818.3333333333	2254442.0	2173651.0	2209727.3333333335	1.6877620223333333E9	
j50m10c4	4985562.0	4659702.0	4930846.0	806435.3333333334	4985562.0	4659702.0	4858703.333333333	3.0449608165333332E10	
j60m12c4	1.78353E7	1.9336521E7	1.8461168E7	1047700.3333333334	1.9336521E7	1.78353E7	1.8544329666666668E7	5.686030198123334E11	
j70m15c4	2.3945193E7	2.4718424E7	2.3225599E7	1389486.6666666667	2.4718424E7	2.3225599E7	2.3963072E7	5.57371364137E11	
j70m15c4	2.3735339E7	1212639.0	2.3735339E7	2.3735339E7	2.3735339E7	NaN	
j80m15c5	3.6325365E7	1524243.0	3.6325365E7	3.6325365E7	3.6325365E7	NaN	
j90m18c5	9.7149814E7	2340945.0	9.7149814E7	9.7149814E7	9.7149814E7	NaN	
j100m20c5	1.49681463E8	3968544.0	1.49681463E8	1.49681463E8	1.49681463E8	NaN	
j110m21c5	2.34129179E8	5374311.0	2.34129179E8	2.34129179E8	2.34129179E8	NaN	
j120m25c7	4.57734192E8	7906011.0	4.57734192E8	4.57734192E8	4.57734192E8	NaN	
j130m25c7	6.1266047E8	1.0393128E7	6.1266047E8	6.1266047E8	6.1266047E8	NaN	
j140m27c7	1.556217653E9	2.0443713E7	1.556217653E9	1.556217653E9	1.556217653E9	NaN	
j150m30c10	2.65962365E9	2.9786516E7	2.65962365E9	2.65962365E9	2.65962365E9	NaN	
j160m30c10	4.251260564E9	3.7738294E7	4.251260564E9	4.251260564E9	4.251260564E9	NaN	
j180m36c10	9.19899007E9	4.9180546E7	9.19899007E9	9.19899007E9	9.19899007E9	NaN	
j200m40c10	1.1710461517E10	6.9632562E7	1.1710461517E10	1.1710461517E10	1.1710461517E10	NaN	
j60m12c4	1.7519714E7	2836837.0	1.7519714E7	1.7519714E7	1.7519714E7	NaN	
j70m15c4	2.3239368E7	3836010.0	2.3239368E7	2.3239368E7	2.3239368E7	NaN	
j5m5c2	1163.0	5012.0	1163.0	1163.0	1163.0	NaN	
j10m5c2	17034.0	23384.0	17034.0	17034.0	17034.0	NaN	
j15m5c3	17720.0	34135.0	17720.0	17720.0	17720.0	NaN	
j20m5c3	448103.0	199646.0	448103.0	448103.0	448103.0	NaN	
j30m6c3	1122888.0	374578.0	1122888.0	1122888.0	1122888.0	NaN	
j40m8c3	1954552.0	477685.0	1954552.0	1954552.0	1954552.0	NaN	
j50m10c4	5058508.0	104376.0	5058508.0	5058508.0	5058508.0	NaN	
j50m10c4	5407440.0	110974.0	5407440.0	5407440.0	5407440.0	NaN	
j60m12c4	1.8392229E7	153868.0	1.8392229E7	1.8392229E7	1.8392229E7	NaN	
j70m15c4	2.5666502E7	208821.0	2.5666502E7	2.5666502E7	2.5666502E7	NaN	
j80m15c5	3.6711466E7	240163.0	3.6711466E7	3.6711466E7	3.6711466E7	NaN	
j50m10c4	4781106.0	105853.0	4781106.0	4781106.0	4781106.0	NaN	
j60m12c4	1.8288186E7	145279.0	1.8288186E7	1.8288186E7	1.8288186E7	NaN	
j70m15c4	2.3648761E7	216917.0	2.3648761E7	2.3648761E7	2.3648761E7	NaN	
j80m15c5	3.4791567E7	249967.0	3.4791567E7	3.4791567E7	3.4791567E7	NaN	
j40m8c3	153850.0	84273.0	153850.0	153850.0	153850.0	NaN	
