machine1:0,31,52,25,86,106,50,70,105,88,64,72,3,35,84,37,108,80,101,67,5,28,26,102,91,32,24,27,89,56,55,54,74,62,46,16,23,60,22,61,36,107,100,87,98,68,78,63,21,11,4,90,66,99,96,97,
machine2:0,31,52,75,25,86,106,50,70,58,12,105,88,92,103,64,20,104,48,72,49,3,76,40,35,84,43,39,37,95,77,108,80,30,101,38,19,67,82,5,28,26,73,51,109,102,42,91,83,33,2,32,65,24,27,89,9,56,55,54,79,74,57,62,7,46,47,41,16,23,60,22,85,61,1,36,81,107,100,44,94,87,8,14,17,53,110,6,69,98,68,78,10,63,21,45,11,4,13,90,66,59,99,34,71,15,96,29,18,97,93,
machine3:0,75,92,104,48,49,40,35,84,37,77,108,30,101,67,5,26,73,51,42,83,33,2,24,27,89,54,79,74,7,46,41,85,61,36,81,87,8,17,53,110,10,21,11,99,71,15,29,
machine4:0,31,75,86,50,70,88,92,20,104,48,72,49,76,40,35,84,43,37,77,108,80,30,101,38,19,67,82,5,28,26,73,51,102,42,91,83,33,2,65,24,27,89,56,55,54,79,74,7,46,47,41,23,22,85,61,1,36,81,107,44,94,87,8,14,17,53,110,6,69,98,68,78,10,63,21,45,11,13,66,59,99,71,15,29,97,93,
machine5:0,25,50,70,58,12,88,103,64,72,49,3,76,40,35,84,39,37,95,108,80,30,101,38,19,67,82,5,28,26,73,51,109,102,42,91,83,33,2,32,65,24,27,89,9,56,55,54,79,74,57,62,7,46,47,41,16,23,60,22,85,61,1,36,81,107,100,44,94,87,8,14,17,53,110,6,69,98,68,78,10,63,21,45,11,4,13,90,66,59,99,34,71,15,96,29,18,97,93,
machine6:0,49,84,37,108,80,30,101,38,19,67,82,5,28,26,73,51,109,102,42,91,83,33,2,32,65,24,27,89,9,56,55,54,79,74,57,62,7,46,47,41,16,23,60,22,85,61,1,36,81,107,100,44,94,87,8,14,17,53,110,6,69,98,68,78,10,63,21,45,11,4,13,90,66,59,99,34,71,15,96,29,18,97,93,
machine7:0,84,37,80,19,82,5,26,73,51,42,83,2,65,24,89,56,54,74,57,62,7,46,41,85,36,81,107,100,44,87,8,17,110,6,69,68,78,63,21,45,4,13,66,99,29,
machine8:0,75,106,50,58,88,92,104,72,3,84,37,108,80,30,101,82,26,51,91,2,32,65,24,27,89,79,57,7,46,47,41,22,85,1,81,100,87,8,14,6,69,98,78,63,21,11,4,99,15,29,18,97,
machine9:0,31,52,75,25,86,106,50,70,58,12,105,88,92,103,20,104,48,72,3,76,35,84,43,39,37,95,77,108,80,30,101,38,19,67,82,5,26,51,91,83,33,2,32,65,24,27,89,56,55,54,79,74,57,62,7,46,47,41,16,22,85,61,1,81,100,44,87,8,14,53,110,6,69,98,68,78,63,21,45,11,4,90,59,99,15,96,29,18,97,93,
machine10:0,31,52,25,106,58,12,105,92,103,64,20,104,72,49,40,35,43,39,95,80,19,82,28,51,109,102,42,83,33,2,32,65,9,56,41,16,23,60,22,85,1,81,107,94,8,14,17,53,69,98,78,63,45,11,66,34,71,96,18,97,93,
machine11:0,31,52,25,86,106,50,70,58,12,105,88,92,103,64,20,104,48,72,49,76,40,35,43,39,37,95,77,108,80,101,38,19,67,82,5,28,26,51,109,102,42,91,83,33,2,32,65,24,27,89,9,56,55,79,57,7,46,41,16,23,60,22,85,61,1,81,107,44,94,87,8,14,17,53,69,98,68,78,10,63,21,45,11,4,66,59,99,34,71,15,96,29,18,97,93,

1to 1:
1to 2:2,5,40,41,43,46,51,63,69,84,91,92,99,102,104,107,108,77,20,23,97,
1to 3:4,6,10,11,15,18,28,45,53,55,56,61,64,65,67,76,78,85,110,21,42,57,58,70,47,68,13,100,90,73,
1to 4:12,22,26,30,33,44,75,80,81,86,87,103,106,62,31,16,
1to 5:1,8,19,25,38,48,59,66,72,82,83,89,93,96,98,71,17,24,32,60,105,95,
2to 1:36,44,17,27,38,66,94,13,49,50,75,85,87,29,48,72,74,31,68,35,83,33,67,6,
2to 2:
2to 3:80,30,93,102,2,8,54,24,23,79,99,26,81,5,
2to 4:14,20,11,92,91,43,97,104,46,82,78,101,53,59,110,1,61,
2to 5:37,55,40,108,65,70,107,22,42,28,51,88,15,56,7,77,
3to 1:109,19,1,88,54,59,3,41,82,40,9,71,108,46,26,30,51,25,91,39,
3to 2:37,33,89,61,53,73,83,42,21,17,14,36,38,76,65,29,44,94,110,
3to 3:
3to 4:72,70,35,6,32,50,58,63,84,15,7,74,98,45,47,
3to 5:101,2,23,12,10,67,79,69,80,5,16,34,27,4,81,49,103,
4to 1:90,95,105,100,76,101,57,2,18,55,93,79,84,89,69,8,98,24,78,99,63,14,
4to 2:70,68,50,47,54,72,88,86,56,45,74,35,19,22,67,7,
4to 3:12,62,16,37,3,39,59,38,96,83,1,27,29,41,
4to 4:
4to 5:20,52,92,106,97,33,21,85,11,87,91,
5to 1:7,11,15,21,43,45,61,81,86,80,34,56,102,37,52,58,53,104,103,64,28,
5to 2:8,24,27,49,71,78,82,85,98,101,10,26,31,93,
5to 3:14,22,35,44,63,87,88,89,94,97,66,46,9,32,107,95,50,60,109,
5to 4:4,5,19,25,29,41,51,55,65,69,77,96,99,79,18,39,68,48,57,108,76,
5to 5:

cell1:4,2,5,3,
cell2:4,1,5,3,
cell3:1,5,4,2,
cell4:3,1,5,2,
cell5:2,3,4,1,
