machine1:0,100,37,86,52,31,80,25,106,22,102,26,55,32,28,89,67,50,88,60,105,90,70,91,68,11,64,16,5,63,56,23,62,107,72,54,24,98,61,3,84,4,78,27,35,87,96,66,108,74,101,97,46,36,99,21,
machine2:0,13,100,47,37,75,86,52,31,80,30,25,79,106,22,102,82,26,19,55,109,32,92,28,65,89,67,38,50,14,33,9,88,57,81,60,105,90,12,103,34,70,91,68,1,94,11,83,44,64,69,16,2,5,58,42,63,20,56,23,62,15,107,72,43,48,54,85,24,98,61,3,84,73,4,39,6,76,78,51,59,27,35,40,45,104,87,96,93,66,108,18,8,74,101,95,97,77,7,49,17,53,46,41,36,10,99,21,110,71,29,
machine3:0,37,75,30,79,26,92,89,67,33,81,11,83,2,5,42,15,48,54,85,24,61,84,73,51,27,35,40,104,87,108,8,74,101,77,7,49,17,53,46,41,36,10,99,21,110,71,29,
machine4:0,13,47,37,75,86,31,80,30,79,22,102,82,26,19,55,92,28,65,89,67,38,50,14,33,88,81,70,91,68,1,94,11,83,44,69,2,5,42,63,20,56,23,15,107,72,43,48,54,85,24,98,61,84,73,6,76,78,51,59,27,35,40,45,104,87,93,66,108,8,74,101,97,77,7,49,17,53,46,41,36,10,99,21,110,71,29,
machine5:0,13,100,47,37,80,30,25,79,22,102,82,26,19,55,109,32,28,65,89,67,38,50,14,33,9,88,57,81,60,90,12,103,34,70,91,68,1,94,11,83,44,64,69,16,2,5,58,42,63,56,23,62,15,107,72,54,85,24,98,61,3,84,73,4,39,6,76,78,51,59,27,35,40,45,87,96,93,66,108,18,8,74,101,95,97,7,49,17,53,46,41,36,10,99,21,110,71,29,
machine6:0,13,100,47,37,80,30,79,22,102,82,26,19,55,109,32,28,65,89,67,38,14,33,9,57,81,60,90,34,91,68,1,94,11,83,44,69,16,2,5,42,63,56,23,62,15,107,54,85,24,98,61,84,73,4,6,78,51,59,27,45,87,96,93,66,108,18,8,74,101,97,7,49,17,53,46,41,36,10,99,21,110,71,29,
machine7:0,13,100,37,80,82,26,19,65,89,57,81,68,83,44,69,2,5,42,63,56,62,107,54,85,24,84,73,4,6,78,51,45,87,66,8,74,7,17,46,41,36,99,21,110,29,
machine8:0,100,47,37,75,80,30,79,106,22,82,26,32,92,65,89,50,14,88,57,81,91,1,11,69,2,58,63,15,72,85,24,98,3,84,4,6,78,51,27,104,87,108,18,8,101,97,7,46,41,99,21,29,
machine9:0,100,47,37,75,86,52,31,80,30,25,79,106,22,82,26,19,55,32,92,65,89,67,38,50,14,33,88,57,81,105,90,12,103,70,91,68,1,11,83,44,69,16,2,5,58,63,20,56,62,15,72,43,48,54,85,24,98,61,3,84,4,39,6,76,78,51,59,27,35,45,104,87,96,93,108,18,8,74,101,95,97,77,7,53,46,41,99,21,110,29,
machine10:0,52,31,80,25,106,22,102,82,19,109,32,92,28,65,14,33,9,81,60,105,12,103,34,1,94,11,83,64,69,16,2,58,42,63,20,56,23,107,72,43,85,98,39,78,51,35,40,45,104,96,93,66,18,8,95,97,49,17,53,41,71,
machine11:0,37,86,52,31,80,25,79,106,22,102,82,26,19,55,109,32,92,28,65,89,67,38,50,14,33,9,88,57,81,60,105,12,103,34,70,91,68,1,94,11,83,44,64,69,16,2,5,58,42,63,20,56,23,15,107,72,43,48,85,24,98,61,4,39,76,78,51,59,27,35,40,45,104,87,96,93,66,108,18,8,101,95,97,77,7,49,17,53,46,41,10,99,21,71,29,

1to 1:
1to 2:2,5,40,41,43,46,51,63,69,84,91,92,99,102,104,107,108,77,20,23,97,
1to 3:4,6,10,11,15,18,28,45,53,55,56,61,64,65,67,76,78,85,110,21,42,57,58,70,47,68,13,100,90,73,
1to 4:12,22,26,30,33,44,75,80,81,86,87,103,106,62,31,16,
1to 5:1,8,19,25,38,48,59,66,72,82,83,89,93,96,98,71,17,24,32,60,105,95,
2to 1:6,29,33,35,49,67,72,74,83,85,87,68,27,44,50,48,31,75,94,17,38,66,13,36,
2to 2:
2to 3:5,8,24,26,54,79,80,81,93,99,2,102,23,30,
2to 4:1,46,53,59,61,78,82,110,91,97,11,104,43,101,92,14,20,
2to 5:7,15,22,42,51,56,65,77,88,107,108,28,70,55,40,37,
3to 1:39,91,25,51,30,26,46,108,71,9,40,41,82,3,59,54,88,1,19,109,
3to 2:110,94,44,29,65,38,76,36,14,17,21,42,73,83,53,61,33,89,37,
3to 3:
3to 4:47,45,74,98,7,15,84,63,50,58,32,6,35,70,72,
3to 5:103,49,81,4,27,34,16,5,80,69,79,67,10,12,23,2,101,
4to 1:8,14,18,24,55,63,69,76,78,79,84,89,93,98,99,100,2,105,57,101,90,95,
4to 2:7,19,35,45,47,54,56,67,68,72,74,86,88,50,22,70,
4to 3:1,3,12,16,27,29,37,38,39,41,59,62,96,83,
4to 4:
4to 5:11,20,21,33,52,85,87,91,92,97,106,
5to 1:7,11,15,21,43,45,61,81,86,80,34,56,102,37,52,58,53,104,103,64,28,
5to 2:8,24,27,49,71,78,82,85,98,101,10,26,31,93,
5to 3:14,22,35,44,63,87,88,89,94,97,66,46,9,32,107,95,50,60,109,
5to 4:4,5,19,25,29,41,51,55,65,69,77,96,99,79,18,39,68,48,57,108,76,
5to 5:

cell1:4,2,5,3,
cell2:3,5,1,4,
cell3:4,1,2,5,
cell4:5,3,2,1,
cell5:2,3,4,1,
