4 15 2 2 2

1 1 2 2 

0 15 
18 0 

0 1 
1 0 

7 8 9 9 
9 6 8 8 

4    0    262    0.8
0 0 18 0 
0 0 0 64 
63 0 0 0 
0 35 0 0 
4    1    484    0.4
97 0 0 0 
0 90 0 0 
0 0 77 0 
0 0 0 33 
4    0    423    0.9
0 0 75 0 
0 0 0 60 
99 0 0 0 
0 54 0 0 
4    0    130    0.9
0 0 6 0 
0 0 0 55 
1 0 0 0 
0 7 0 0 
4    0    333    0.7
0 0 90 0 
0 0 0 21 
76 0 0 0 
0 35 0 0 
4    1    403    0.6
0 0 78 0 
0 0 0 38 
78 0 0 0 
0 93 0 0 
4    1    205    0.4
1 0 0 0 
0 58 0 0 
0 0 53 0 
0 0 0 34 
4    0    255    0.4
37 0 0 0 
0 46 0 0 
0 0 59 0 
0 0 0 30 
4    0    277    0.6
1 0 0 0 
0 52 0 0 
0 0 87 0 
0 0 0 84 
4    0    143    0.4
9 0 0 0 
0 15 0 0 
0 0 66 0 
0 0 0 29 
4    1    261    0.5
0 0 16 0 
0 0 0 59 
23 0 0 0 
0 88 0 0 
4    0    352    0.5
2 0 0 0 
0 98 0 0 
0 0 89 0 
0 0 0 63 
4    0    488    0.4
86 0 0 0 
0 70 0 0 
0 0 80 0 
0 0 0 96 
4    1    186    0.1
0 0 18 0 
0 0 0 27 
75 0 0 0 
0 21 0 0 
4    1    96    0.9
2 0 0 0 
0 2 0 0 
0 0 37 0 
0 0 0 51 
