machine1:0,71,75,45,52,34,38,12,69,60,5,48,51,43,30,29,18,6,66,33,65,59,61,16,37,31,41,77,42,76,7,63,13,32,57,68,49,55,79,36,39,72,67,2,27,24,8,50,
machine2:0,71,78,75,1,45,52,74,34,38,80,12,69,60,70,5,48,51,43,19,30,21,29,18,6,26,66,28,17,33,40,65,59,20,61,58,16,37,31,41,77,42,76,7,63,13,64,32,57,46,15,68,4,62,49,10,55,11,79,53,9,14,22,44,36,35,23,39,72,67,56,2,3,73,27,47,24,25,8,50,54,
machine3:0,71,78,75,1,69,5,51,19,18,6,26,66,28,40,65,59,20,61,58,16,37,31,77,76,7,13,57,46,15,62,49,10,55,11,79,9,14,22,44,36,35,23,39,72,3,27,24,25,
machine4:0,71,78,75,1,45,52,74,38,80,69,60,70,5,48,51,19,30,21,29,18,6,26,66,28,17,40,65,59,20,61,58,16,37,31,77,76,7,63,13,64,32,57,46,15,4,62,49,10,55,11,79,9,14,22,44,36,35,23,39,72,67,56,2,3,73,27,47,24,25,8,50,54,
machine5:0,78,45,74,80,69,60,19,30,29,20,58,37,41,63,13,64,32,46,15,68,4,62,53,9,14,44,23,39,56,2,73,54,
machine6:0,71,78,75,1,45,52,74,34,38,80,12,69,60,70,5,48,51,43,19,30,21,29,18,6,26,66,28,17,33,40,65,59,20,58,37,31,41,77,42,76,7,63,13,64,32,57,46,15,68,4,62,49,55,11,79,53,9,14,22,44,36,23,39,72,56,2,3,73,27,47,24,25,8,50,54,
machine7:0,71,52,74,34,38,80,12,70,5,48,51,43,30,21,29,66,17,33,65,59,61,31,41,42,7,63,64,32,46,4,62,10,55,53,9,14,22,36,35,23,67,56,2,3,73,27,47,24,
machine8:0,71,1,52,74,34,38,80,12,70,5,48,51,43,30,21,29,26,66,28,17,33,40,65,59,61,58,16,31,41,77,42,7,63,13,64,32,46,15,68,4,62,10,55,11,53,9,14,22,36,35,23,39,72,67,56,2,3,73,27,47,24,25,8,50,54,

1to 1:
1to 2:47,6,10,48,53,19,68,57,33,27,35,44,72,28,42,54,79,16,67,18,38,63,31,25,41,39,74,11,58,75,71,3,17,1,60,26,73,4,40,55,61,2,22,32,9,8,20,24,49,50,46,51,62,64,13,15,56,23,14,77,7,36,
2to 1:48,19,76,37,57,33,35,43,72,28,42,54,34,38,78,45,63,31,41,39,74,11,30,58,75,71,3,17,1,60,26,70,40,55,66,12,59,9,21,8,24,65,69,50,5,51,52,64,15,23,14,77,29,7,36,80,
2to 2:

cell1:2,
cell2:1,
