machine1:0,97,60,38,95,115,45,51,113,174,146,152,96,170,29,131,53,122,110,47,145,79,133,35,61,175,107,178,143,137,17,161,141,83,9,21,59,6,179,28,50,114,31,154,124,150,41,126,78,159,142,44,37,72,173,63,1,91,167,102,7,23,105,42,48,62,177,130,24,109,90,121,54,69,103,43,127,11,18,112,117,101,148,2,76,10,180,81,84,30,82,12,155,166,80,118,46,88,144,13,125,169,49,19,89,58,151,39,5,165,108,36,172,75,34,56,22,64,71,164,134,136,33,147,129,26,16,66,4,57,55,70,139,68,153,156,157,77,149,176,14,32,138,94,100,86,123,162,25,120,106,15,99,132,67,20,52,104,128,74,40,8,65,73,135,119,116,87,140,160,158,163,168,92,93,27,171,85,98,111,3,
machine2:0,60,38,95,115,45,51,113,174,146,152,96,170,29,131,53,122,110,47,145,79,133,35,61,175,107,178,143,137,17,161,141,83,9,21,59,6,179,28,50,114,31,154,124,150,41,126,78,159,142,44,23,42,177,130,90,54,69,103,43,11,18,112,117,148,2,10,180,84,82,155,166,80,46,144,125,169,19,151,5,165,36,172,75,64,134,136,33,26,66,4,57,55,70,139,68,153,156,157,77,176,14,32,138,94,123,25,120,106,15,99,67,20,104,128,74,40,65,73,135,119,116,87,140,160,158,163,168,92,93,27,171,85,98,111,3,
machine3:0,60,38,95,115,45,51,113,174,146,152,96,170,29,131,53,122,110,47,145,79,133,35,61,175,107,178,143,137,17,161,83,21,59,6,179,50,114,31,154,124,150,41,126,78,159,142,44,23,42,177,103,117,180,169,66,4,55,70,139,68,153,156,138,94,123,120,67,20,128,74,40,135,116,140,160,158,
machine4:0,97,60,113,146,53,178,143,161,141,9,179,28,31,124,41,126,78,159,37,91,48,109,54,43,127,11,117,148,10,12,155,166,80,118,46,58,172,56,22,64,164,33,16,66,139,156,149,14,32,138,94,123,106,15,99,132,67,20,52,74,40,8,65,73,119,116,87,160,158,163,168,93,111,3,
machine5:0,97,60,38,95,45,51,113,174,146,152,96,29,53,122,47,145,79,133,35,61,107,178,143,137,161,141,83,9,21,6,179,28,31,124,41,126,78,159,37,173,63,91,102,7,105,48,62,177,24,109,90,54,69,103,43,127,11,18,112,117,101,148,2,76,10,84,30,12,155,166,80,118,46,88,144,125,169,49,89,58,5,165,36,172,34,56,22,64,164,134,136,33,26,16,66,4,57,55,139,68,156,157,149,176,14,32,138,94,100,86,123,162,25,106,15,99,132,67,20,52,104,128,74,40,8,65,73,119,116,87,140,160,158,163,168,93,111,3,
machine6:0,95,45,53,122,35,61,175,178,143,137,161,141,83,21,114,154,124,126,78,159,142,1,105,109,69,103,101,2,180,84,30,12,46,88,125,58,151,108,36,75,22,134,136,33,16,55,139,68,153,157,77,176,100,86,120,106,15,132,20,104,128,8,65,135,116,87,140,158,168,92,93,27,171,85,98,
machine7:0,60,38,95,45,51,113,146,96,170,131,53,122,110,145,35,61,175,107,178,143,137,161,141,83,21,6,28,114,31,154,124,150,41,126,78,159,142,44,1,167,7,105,48,62,24,109,69,103,127,117,101,2,76,180,81,84,30,12,155,80,118,46,88,13,125,169,49,19,89,58,151,39,165,108,36,172,75,34,22,64,71,164,134,136,33,129,16,66,55,70,139,68,153,156,157,77,149,176,14,32,94,100,86,123,162,25,120,106,15,99,132,67,20,104,128,40,8,65,73,135,119,116,87,140,158,163,168,92,93,27,171,85,98,
machine8:0,60,38,95,115,45,51,113,174,146,29,131,53,122,110,145,79,133,35,61,175,178,143,137,17,161,141,83,9,21,59,6,179,28,50,114,31,154,124,41,126,78,159,142,44,63,167,102,7,105,48,177,130,24,109,90,54,69,103,43,127,18,112,117,101,2,76,10,180,81,84,30,82,12,155,80,118,46,144,13,169,49,19,89,58,151,5,165,108,36,172,22,64,71,136,33,26,16,66,4,57,55,70,139,68,153,156,157,77,149,176,14,32,138,94,100,86,123,120,106,15,132,67,20,52,104,128,74,40,65,73,135,119,116,87,140,160,158,163,168,93,85,
machine9:0,60,38,95,45,51,113,29,131,145,79,133,35,61,175,178,143,137,141,83,59,6,179,28,50,114,31,154,124,41,126,78,142,44,63,167,130,24,109,90,54,69,103,43,127,112,117,76,10,81,30,12,155,118,46,144,13,19,89,58,151,5,22,33,26,16,66,4,55,70,68,153,156,157,77,149,176,138,94,100,123,106,15,132,67,20,52,128,74,40,65,73,119,116,87,140,160,158,163,93,
machine10:0,60,38,95,45,51,113,29,131,79,35,61,175,143,83,59,179,28,31,41,126,142,44,24,109,90,54,69,103,43,112,117,76,10,46,58,5,33,26,4,55,68,153,156,157,176,94,106,15,132,67,52,128,74,40,119,116,87,140,160,
machine11:0,60,38,45,113,174,146,96,170,131,47,61,175,178,143,137,83,9,6,179,28,114,31,154,124,150,41,126,78,44,173,91,167,23,105,62,177,109,90,54,103,148,2,76,10,180,84,30,80,13,125,89,58,5,165,108,36,22,164,136,33,26,66,55,153,156,77,149,176,94,120,15,99,132,128,40,8,65,73,135,119,87,160,158,163,
machine12:0,60,38,95,115,45,51,113,174,146,152,96,170,29,131,53,110,47,145,79,61,175,107,178,143,137,141,83,9,21,6,179,28,114,31,154,124,150,41,126,78,142,44,37,72,173,1,91,167,102,7,23,105,62,177,109,90,121,54,103,11,101,148,2,76,10,180,81,84,30,82,12,80,118,13,125,49,89,58,151,39,5,165,108,36,75,56,22,64,164,136,33,147,26,16,66,4,55,70,139,153,156,157,77,149,176,32,138,94,100,86,123,120,106,15,99,132,20,52,128,40,8,65,73,135,119,116,87,140,160,158,163,93,27,85,98,111,3,
machine13:0,60,38,95,45,51,113,174,146,152,96,170,29,131,53,122,145,79,133,35,61,175,178,143,137,17,161,141,83,9,21,59,6,179,28,114,31,154,124,150,41,126,78,159,142,44,72,1,91,7,23,105,42,48,62,130,24,109,90,121,54,103,43,11,18,112,117,148,2,76,10,84,30,82,12,155,166,80,118,46,88,13,169,49,19,89,58,39,165,108,36,172,75,34,56,22,64,71,136,33,147,129,26,16,66,4,57,55,70,139,68,153,156,157,77,149,176,14,32,138,94,100,86,123,162,25,120,106,15,99,132,67,20,52,128,74,40,8,65,73,119,116,87,140,160,158,163,168,92,27,171,85,98,3,
machine14:0,60,38,95,45,51,113,174,146,152,96,29,131,53,145,133,35,61,175,178,143,137,161,141,83,21,28,114,124,150,41,126,78,159,142,23,105,24,109,121,54,103,117,2,76,84,30,12,166,80,46,88,13,19,89,58,39,36,172,56,22,64,71,136,33,147,129,26,16,66,4,57,55,70,139,68,153,156,157,77,149,176,14,32,138,94,100,86,123,162,25,15,99,132,67,20,52,128,40,8,65,73,87,140,160,158,163,92,171,85,
machine15:0,60,38,95,113,174,146,96,131,145,35,143,161,141,83,21,28,124,150,159,109,54,76,84,12,13,58,36,56,22,71,136,147,129,26,16,66,4,57,55,70,139,68,153,156,157,77,149,176,14,32,138,94,100,86,123,162,25,15,132,67,20,52,128,40,65,140,160,158,171,85,
machine16:0,97,60,38,95,45,51,113,174,146,152,96,170,29,131,53,122,110,145,133,61,175,178,143,137,17,141,83,9,21,59,6,179,28,50,114,31,154,124,41,126,78,159,142,44,37,72,173,63,91,167,102,105,42,48,177,130,109,121,54,69,103,43,11,18,112,117,148,76,10,180,84,30,12,155,80,46,88,144,13,125,49,19,89,58,151,5,165,36,172,34,22,64,71,164,134,136,33,147,26,16,66,4,55,70,139,68,153,156,157,77,149,176,14,32,138,94,100,86,123,162,25,120,106,15,99,132,67,20,52,104,128,74,40,8,65,73,135,119,116,87,140,160,158,163,93,27,171,85,
machine17:0,97,60,38,45,51,113,146,152,96,170,29,131,53,122,110,145,61,178,137,17,141,83,9,21,59,28,50,31,154,124,41,126,78,159,142,37,72,91,167,48,177,130,109,121,54,69,103,43,117,76,10,180,84,12,80,13,125,49,19,89,58,151,5,165,36,22,64,134,136,33,147,26,16,66,55,70,139,68,153,156,157,77,149,176,138,94,100,86,123,120,106,99,132,67,52,104,74,40,8,65,73,135,119,116,87,140,160,158,163,93,27,171,85,
machine18:0,97,60,38,45,51,113,96,170,131,53,145,61,178,137,17,141,83,9,21,28,31,124,41,126,78,142,37,72,76,84,12,80,49,19,58,5,165,22,136,33,147,70,139,156,157,77,149,176,138,94,100,123,132,67,52,8,73,135,119,160,158,

1to 1:
1to 2:109,145,179,20,7,21,138,127,28,32,64,140,97,41,136,80,101,2,166,25,132,9,159,
1to 3:141,164,71,126,131,118,178,124,134,31,88,100,161,162,39,89,150,170,176,49,78,69,6,151,75,35,142,
1to 4:82,24,110,144,84,59,65,112,135,55,154,163,48,128,149,139,50,153,155,46,119,83,90,137,60,108,123,10,
1to 5:8,120,56,61,175,102,77,167,37,12,103,62,15,152,13,114,
1to 6:30,42,157,133,57,51,3,11,27,43,16,121,79,116,169,73,160,23,92,94,17,34,96,38,18,168,22,74,53,70,105,130,68,129,
1to 7:44,117,36,86,104,177,14,4,58,87,52,54,143,156,63,180,148,85,66,125,
2to 1:123,79,48,104,4,53,157,15,73,125,168,84,5,60,30,6,173,63,146,22,158,87,162,88,152,62,24,3,
2to 2:
2to 3:165,163,8,64,34,139,156,83,105,169,159,14,12,68,45,
2to 4:52,26,76,101,161,21,132,109,106,35,179,7,100,177,31,41,49,54,143,67,118,138,127,
2to 5:111,65,47,38,107,89,174,10,33,94,148,136,80,
2to 6:2,28,25,86,113,149,172,117,91,29,145,119,58,78,66,
2to 7:96,137,16,40,140,164,95,93,18,116,97,128,32,160,99,74,134,144,20,155,122,
3to 1:40,8,105,83,114,67,85,12,92,19,120,99,80,116,1,109,25,
3to 2:31,155,46,161,178,84,113,33,78,125,124,100,96,61,104,107,62,118,
3to 3:
3to 4:126,95,94,86,38,142,15,103,13,165,159,32,172,87,168,44,169,81,180,158,
3to 5:21,145,137,149,140,51,176,154,76,6,110,128,93,150,58,53,7,64,
3to 6:36,106,20,132,88,123,153,98,14,75,24,45,146,77,122,
3to 7:60,65,48,141,170,69,27,171,167,55,162,135,163,
4to 1:81,172,57,69,71,133,14,122,74,151,93,70,131,45,38,16,143,64,77,95,124,76,113,117,176,156,145,
4to 2:18,112,79,168,174,5,146,86,94,157,53,87,126,128,
4to 3:127,101,19,2,155,154,22,153,114,30,123,66,80,36,40,73,58,51,41,21,28,55,
4to 4:
4to 5:115,82,108,49,90,29,9,100,135,32,106,160,165,20,52,83,141,
4to 6:85,35,175,138,46,142,120,26,136,44,163,65,67,33,60,15,
4to 7:102,130,50,43,89,6,59,179,158,61,103,78,68,149,119,139,178,
5to 1:115,111,39,47,98,121,75,107,148,101,118,2,49,7,10,29,89,160,170,153,179,96,54,44,163,78,140,20,66,149,119,132,33,31,126,
5to 2:37,91,164,177,93,22,158,45,26,123,141,60,55,
5to 3:81,108,180,125,175,13,146,86,99,136,109,77,95,65,157,
5to 4:102,167,85,4,79,151,6,70,131,16,61,12,53,36,116,156,28,178,
5to 5:
5to 6:72,1,56,82,62,90,32,154,8,165,143,103,52,87,137,40,176,128,139,
5to 7:173,147,110,105,11,174,9,100,138,106,5,142,120,114,30,38,94,84,124,76,113,73,51,41,15,
6to 1:128,141,36,52,136,137,61,175,35,174,150,159,171,166,161,165,91,147,108,
6to 2:176,116,83,68,16,143,12,156,152,38,133,15,169,106,148,34,49,139,90,76,57,6,24,56,
6to 3:117,103,60,96,172,7,1,70,48,129,
6to 4:40,58,22,140,20,89,80,45,66,19,71,2,51,122,146,43,124,30,9,
6to 5:55,73,157,95,119,158,54,84,131,179,113,109,126,99,118,41,178,23,3,4,98,31,39,105,27,11,
6to 6:
6to 7:28,33,145,153,132,10,21,46,17,72,121,8,67,26,29,112,64,13,42,
7to 1:41,65,26,154,142,9,27,135,68,13,178,130,37,134,18,144,21,34,110,167,94,72,138,112,106,164,
7to 2:51,58,149,30,165,103,54,43,10,14,69,117,172,36,102,48,66,88,11,89,173,
7to 3:53,145,33,16,143,46,67,122,84,119,44,137,61,25,32,
7to 4:136,176,73,77,113,29,141,93,175,63,17,133,160,157,105,64,74,104,120,5,
7to 5:132,40,139,22,146,45,70,78,85,91,163,123,86,180,28,177,116,87,151,
7to 6:83,126,55,124,76,114,170,109,155,131,59,19,4,158,162,156,99,147,49,80,171,95,71,159,140,31,152,12,174,100,
7to 7:

cell1:6,4,7,3,2,5,
cell2:1,4,7,5,6,3,
cell3:5,4,7,6,1,2,
cell4:5,1,2,7,6,3,
cell5:1,3,7,6,4,2,
cell6:5,4,2,1,3,7,
cell7:5,3,6,1,2,4,
