machine1:0,97,60,38,51,96,170,145,61,17,141,9,28,37,72,173,1,91,102,7,23,105,42,48,62,177,130,24,90,109,121,54,167,63,69,103,43,44,142,114,11,127,18,126,112,117,101,148,2,76,179,10,180,59,81,84,30,82,21,12,155,6,166,83,137,78,80,118,46,31,88,154,159,50,175,144,13,125,133,169,49,150,19,89,113,58,151,161,39,5,53,165,108,152,41,36,172,75,178,34,79,45,56,107,22,64,71,29,164,124,110,134,95,143,136,33,47,147,122,115,35,146,129,131,26,16,66,174,57,4,55,139,70,68,153,156,157,77,149,176,14,32,138,94,100,86,123,162,25,120,106,15,99,132,67,20,104,52,128,74,40,8,65,73,135,119,116,87,140,160,158,163,168,92,93,27,171,85,98,111,3,
machine2:0,60,38,51,96,170,145,61,17,141,9,28,23,42,177,130,90,54,69,103,43,44,142,114,11,18,126,112,117,148,2,179,10,180,59,84,82,21,155,6,166,83,137,78,80,46,31,154,159,50,175,144,125,133,169,150,19,113,151,161,5,53,165,152,41,36,172,75,178,79,45,107,64,29,124,110,134,95,143,136,33,47,122,115,35,146,131,26,66,174,57,4,55,139,70,68,153,156,157,77,176,14,32,138,94,123,25,120,106,15,99,67,20,104,128,74,40,65,73,135,119,116,87,140,160,158,163,168,92,93,27,171,85,98,111,3,
machine3:0,60,38,51,96,170,145,61,17,23,42,177,103,44,142,114,126,117,179,180,59,21,6,83,137,78,31,154,159,50,175,133,169,150,113,161,53,152,41,178,79,45,107,29,124,110,95,143,47,122,115,35,146,131,66,174,4,55,139,70,68,153,156,138,94,123,120,67,20,128,74,40,135,116,140,160,158,
machine4:0,97,60,141,9,28,37,91,48,109,54,43,11,127,126,117,148,179,10,12,155,166,78,80,118,46,31,159,113,58,161,53,41,172,178,56,22,64,164,124,143,33,146,16,66,139,156,149,14,32,138,94,123,106,15,99,132,67,20,52,74,40,8,65,73,119,116,87,160,158,163,168,93,111,3,
machine5:0,97,60,38,51,96,145,61,141,9,28,37,173,91,102,7,105,48,62,177,24,90,109,54,63,69,103,43,11,127,18,126,112,117,101,148,2,76,179,10,84,30,21,12,155,6,166,83,137,78,80,118,46,31,88,159,144,125,133,169,49,89,113,58,161,5,53,165,152,41,36,172,178,34,79,45,56,107,22,64,29,164,124,134,95,143,136,33,47,122,35,146,26,16,66,174,57,4,55,139,68,156,157,149,176,14,32,138,94,100,86,123,162,25,106,15,99,132,67,20,104,52,128,74,40,8,65,73,119,116,87,140,160,158,163,168,93,111,3,
machine6:0,61,141,1,105,109,69,103,142,114,126,101,2,180,84,30,21,12,83,137,78,46,88,154,159,175,125,58,151,161,53,108,36,75,178,45,22,124,134,95,143,136,33,122,35,16,55,139,68,153,157,77,176,100,86,120,106,15,132,20,104,128,8,65,135,116,87,140,158,168,92,93,27,171,85,98,
machine7:0,60,38,51,96,170,145,61,141,28,1,7,105,48,62,24,109,167,69,103,44,142,114,127,126,117,101,2,76,180,81,84,30,21,12,155,6,83,137,78,80,118,46,31,88,154,159,175,13,125,169,49,150,19,89,113,58,151,161,39,53,165,108,41,36,172,75,178,34,45,107,22,64,71,164,124,110,134,95,143,136,33,122,35,146,129,131,16,66,55,139,70,68,153,156,157,77,149,176,14,32,94,100,86,123,162,25,120,106,15,99,132,67,20,104,128,40,8,65,73,135,119,116,87,140,158,163,168,92,93,27,171,85,98,
machine8:0,60,38,51,145,61,17,141,9,28,102,7,105,48,177,130,24,90,109,54,167,63,69,103,43,44,142,114,127,18,126,112,117,101,2,76,179,10,180,59,81,84,30,82,21,12,155,6,83,137,78,80,118,46,31,154,159,50,175,144,13,133,169,49,19,89,113,58,151,161,5,53,165,108,41,36,172,178,79,45,22,64,71,29,124,110,95,143,136,33,122,115,35,146,131,26,16,66,174,57,4,55,139,70,68,153,156,157,77,149,176,14,32,138,94,100,86,123,120,106,15,132,67,20,104,52,128,74,40,65,73,135,119,116,87,140,160,158,163,168,93,85,
machine9:0,60,38,51,145,61,141,28,130,24,90,109,54,167,63,69,103,43,44,142,114,127,126,112,117,76,179,10,59,81,30,12,155,6,83,137,78,118,46,31,154,50,175,144,13,133,19,89,113,58,151,5,41,178,79,45,22,29,124,95,143,33,35,131,26,16,66,4,55,70,68,153,156,157,77,149,176,138,94,100,123,106,15,132,67,20,52,128,74,40,65,73,119,116,87,140,160,158,163,93,
machine10:0,60,38,51,61,28,24,90,109,54,69,103,43,44,142,126,112,117,76,179,10,59,83,46,31,175,113,58,5,41,79,45,29,95,143,33,35,131,26,4,55,68,153,156,157,176,94,106,15,132,67,52,128,74,40,119,116,87,140,160,
machine11:0,60,38,96,170,61,9,28,173,91,23,105,62,177,90,109,54,167,103,44,114,126,148,2,76,179,10,180,84,30,6,83,137,78,80,31,154,175,13,125,150,89,113,58,5,165,108,41,36,178,45,22,164,124,143,136,33,47,146,131,26,66,174,55,153,156,77,149,176,94,120,15,99,132,128,40,8,65,73,135,119,87,160,158,163,
machine12:0,60,38,51,96,170,145,61,141,9,28,37,72,173,1,91,102,7,23,105,62,177,90,109,121,54,167,103,44,142,114,11,126,101,148,2,76,179,10,180,81,84,30,82,21,12,6,83,137,78,80,118,31,154,175,13,125,49,150,89,113,58,151,39,5,53,165,108,152,41,36,75,178,79,45,56,107,22,64,29,164,124,110,95,143,136,33,47,147,115,146,131,26,16,66,174,4,55,139,70,153,156,157,77,149,176,32,138,94,100,86,123,120,106,15,99,132,20,52,128,40,8,65,73,135,119,116,87,140,160,158,163,93,27,85,98,111,3,
machine13:0,60,38,51,96,170,145,61,17,141,9,28,72,1,91,7,23,105,42,48,62,130,24,90,109,121,54,103,43,44,142,114,11,18,126,112,117,148,2,76,179,10,59,84,30,82,21,12,155,6,166,83,137,78,80,118,46,31,88,154,159,175,13,133,169,49,150,19,89,113,58,161,39,53,165,108,152,41,36,172,75,178,34,79,45,56,22,64,71,29,124,95,143,136,33,147,122,35,146,129,131,26,16,66,174,57,4,55,139,70,68,153,156,157,77,149,176,14,32,138,94,100,86,123,162,25,120,106,15,99,132,67,20,52,128,74,40,8,65,73,119,116,87,140,160,158,163,168,92,27,171,85,98,3,
machine14:0,60,38,51,96,145,61,141,28,23,105,24,109,121,54,103,142,114,126,117,2,76,84,30,21,12,166,83,137,78,80,46,88,159,175,13,133,150,19,89,113,58,161,39,53,152,41,36,172,178,45,56,22,64,71,29,124,95,143,136,33,147,35,146,129,131,26,16,66,174,57,4,55,139,70,68,153,156,157,77,149,176,14,32,138,94,100,86,123,162,25,15,99,132,67,20,52,128,40,8,65,73,87,140,160,158,163,92,171,85,
machine15:0,60,38,96,145,141,28,109,54,76,84,21,12,83,159,13,150,113,58,161,36,56,22,71,124,95,143,136,147,35,146,129,131,26,16,66,174,57,4,55,139,70,68,153,156,157,77,149,176,14,32,138,94,100,86,123,162,25,15,132,67,20,52,128,40,65,140,160,158,171,85,
machine16:0,97,60,38,51,96,170,145,61,17,141,9,28,37,72,173,91,102,105,42,48,177,130,109,121,54,167,63,69,103,43,44,142,114,11,18,126,112,117,148,76,179,10,180,59,84,30,21,12,155,6,83,137,78,80,46,31,88,154,159,50,175,144,13,125,133,49,19,89,113,58,151,5,53,165,152,41,36,172,178,34,45,22,64,71,29,164,124,110,134,95,143,136,33,147,122,146,131,26,16,66,174,4,55,139,70,68,153,156,157,77,149,176,14,32,138,94,100,86,123,162,25,120,106,15,99,132,67,20,104,52,128,74,40,8,65,73,135,119,116,87,140,160,158,163,93,27,171,85,
machine17:0,97,60,38,51,96,170,145,61,17,141,9,28,37,72,91,48,177,130,109,121,54,167,69,103,43,142,126,117,76,10,180,59,84,21,12,83,137,78,80,31,154,159,50,13,125,49,19,89,113,58,151,5,53,165,152,41,36,178,45,22,64,29,124,110,134,136,33,147,122,146,131,26,16,66,55,139,70,68,153,156,157,77,149,176,138,94,100,86,123,120,106,99,132,67,104,52,74,40,8,65,73,135,119,116,87,140,160,158,163,93,27,171,85,
machine18:0,97,60,38,51,96,170,145,61,17,141,9,28,37,72,142,126,76,84,21,12,83,137,78,80,31,49,19,113,58,5,53,165,41,178,45,22,124,136,33,147,131,139,70,156,157,77,149,176,138,94,100,123,132,67,52,8,73,135,119,160,158,

1to 1:
1to 2:166,127,97,101,25,2,7,9,138,32,179,159,136,109,64,140,20,80,132,145,41,21,28,
1to 3:39,134,75,162,69,88,150,71,118,49,164,35,151,89,100,6,161,131,170,142,78,124,176,31,141,126,178,
1to 4:144,82,50,112,108,110,24,48,10,90,135,46,155,154,59,153,123,84,163,65,83,149,119,137,60,128,139,55,
1to 5:102,56,37,167,62,152,175,13,120,114,8,61,12,77,103,15,
1to 6:129,34,42,92,121,3,18,130,17,57,23,169,27,133,105,11,74,79,168,43,70,160,22,96,30,38,16,94,68,157,53,116,73,51,
1to 7:63,148,85,104,4,14,180,125,177,54,86,44,143,117,52,66,87,36,156,58,
2to 1:60,87,15,158,22,146,24,30,62,73,152,6,3,84,5,88,157,162,53,173,63,168,125,4,123,104,48,79,
2to 2:
2to 3:68,83,12,45,159,156,139,14,105,169,64,8,163,34,165,
2to 4:41,31,67,143,54,138,118,179,49,177,100,127,7,106,21,109,35,132,76,52,26,161,101,
2to 5:80,33,94,136,10,148,174,89,38,65,107,47,111,
2to 6:58,145,66,119,78,117,29,149,91,113,28,86,172,25,2,
2to 7:128,20,116,155,99,122,160,74,32,144,95,134,93,40,97,18,140,16,137,164,96,
3to 1:92,1,25,85,19,105,120,114,8,99,109,12,67,83,80,116,40,
3to 2:107,62,118,104,125,100,46,155,161,96,61,84,78,124,113,33,31,178,
3to 3:
3to 4:81,172,169,180,168,32,13,142,158,86,165,38,159,94,44,103,95,87,126,15,
3to 5:150,110,7,154,6,93,64,140,76,53,149,137,176,58,51,145,21,128,
3to 6:98,75,88,24,14,122,106,146,153,45,123,77,20,36,132,
3to 7:162,69,167,171,27,48,135,170,163,65,141,60,55,
4to 1:81,172,57,69,71,133,14,122,74,151,93,70,131,45,38,16,143,64,77,95,124,76,113,117,176,156,145,
4to 2:18,112,79,168,174,5,146,86,94,157,53,87,126,128,
4to 3:127,101,19,2,155,154,22,153,114,30,123,66,80,36,40,73,58,51,41,21,28,55,
4to 4:
4to 5:115,82,108,49,90,29,9,100,135,32,106,160,165,20,52,83,141,
4to 6:85,35,175,138,46,142,120,26,136,44,163,65,67,33,60,15,
4to 7:102,130,50,43,89,6,59,179,158,61,103,78,68,149,119,139,178,
5to 1:153,29,118,111,107,140,148,98,121,54,47,163,39,89,75,2,20,96,101,160,44,31,10,66,7,78,49,132,119,115,33,149,126,170,179,
5to 2:158,123,22,37,141,55,45,26,60,164,91,93,177,
5to 3:175,180,146,65,109,77,81,136,86,13,157,95,108,99,125,
5to 4:12,102,6,167,79,156,28,70,61,116,85,36,16,178,151,53,4,131,
5to 5:
5to 6:72,143,87,82,56,1,128,154,32,176,8,62,90,40,139,103,137,52,165,
5to 7:124,11,106,41,120,138,9,38,113,174,173,76,110,73,51,100,105,5,30,94,15,114,142,84,147,
6to 1:166,171,108,150,147,91,35,174,175,161,165,159,136,61,52,36,137,141,128,
6to 2:34,56,148,57,169,24,133,49,90,152,106,6,38,16,12,143,76,68,83,116,176,156,139,15,
6to 3:129,1,172,48,7,70,96,103,117,60,
6to 4:71,19,2,122,43,89,9,146,22,45,30,124,140,20,66,80,40,58,51,
6to 5:39,98,3,23,27,118,105,4,11,131,179,158,54,99,109,84,95,113,157,119,31,73,126,41,55,178,
6to 6:
6to 7:72,42,121,17,112,10,29,46,13,153,8,26,64,67,132,33,145,21,28,
7to 1:41,65,26,154,142,9,27,135,68,13,178,130,37,134,18,144,21,34,110,167,94,72,138,112,106,164,
7to 2:51,58,149,30,165,103,54,43,10,14,69,117,172,36,102,48,66,88,11,89,173,
7to 3:53,145,33,16,143,46,67,122,84,119,44,137,61,25,32,
7to 4:136,176,73,77,113,29,141,93,175,63,17,133,160,157,105,64,74,104,120,5,
7to 5:132,40,139,22,146,45,70,78,85,91,163,123,86,180,28,177,116,87,151,
7to 6:83,126,55,124,76,114,170,109,155,131,59,19,4,158,162,156,99,147,49,80,171,95,71,159,140,31,152,12,174,100,
7to 7:

cell1:6,3,5,7,2,4,
cell2:3,6,4,7,5,1,
cell3:6,7,1,2,4,5,
cell4:5,1,2,7,6,3,
cell5:7,4,1,6,3,2,
cell6:3,1,7,2,5,4,
cell7:5,3,6,1,2,4,
