machine1:0,97,38,60,95,115,45,51,113,174,158,146,152,96,29,170,131,53,110,122,47,145,133,35,79,20,61,143,175,107,17,161,128,137,124,9,178,120,59,6,31,83,141,28,41,21,50,114,179,126,135,150,154,159,78,142,132,37,72,173,87,1,91,102,23,7,105,42,48,62,177,130,116,24,90,109,121,167,103,44,63,69,43,92,54,80,98,127,148,18,112,117,101,2,27,11,104,10,180,15,30,82,118,155,81,46,88,36,93,12,166,84,19,55,169,106,49,89,168,144,56,13,125,39,165,108,147,5,151,172,75,58,34,33,164,71,68,136,134,57,171,66,64,16,22,129,4,26,76,153,140,156,139,70,85,157,77,149,14,176,32,94,138,86,123,100,25,162,99,67,52,74,40,8,65,73,119,160,163,111,3,
machine2:0,38,60,95,115,45,51,113,174,158,146,152,96,29,170,131,53,110,122,47,145,133,35,79,20,61,143,175,107,17,161,128,137,124,9,178,120,59,6,31,83,141,28,41,21,50,114,179,126,135,150,154,159,78,142,87,23,42,177,130,116,90,103,44,69,43,92,54,80,98,148,18,112,117,2,27,11,104,10,180,15,82,155,46,36,93,166,84,19,55,169,106,168,144,125,165,5,151,172,75,33,68,136,134,57,171,66,64,4,26,153,140,156,139,70,85,157,77,14,176,32,94,138,123,25,99,67,74,40,65,73,119,160,163,111,3,
machine3:0,38,60,95,115,45,51,113,174,158,146,152,96,29,170,131,53,110,122,47,145,133,35,79,20,61,143,175,107,17,161,128,137,124,178,120,59,6,31,83,41,21,50,114,179,126,135,150,154,159,78,142,23,42,177,116,103,44,117,180,55,169,68,66,4,153,140,156,139,70,94,138,123,67,74,40,160,
machine4:0,97,60,113,158,146,53,20,143,161,124,9,178,31,141,28,41,179,126,159,78,132,37,87,91,48,116,109,43,54,80,127,148,117,11,10,15,118,155,46,93,12,166,106,168,56,172,58,33,164,66,64,16,22,156,139,149,14,32,94,138,123,99,67,52,74,40,8,65,73,119,160,163,111,3,
machine5:0,97,38,60,95,45,51,113,174,158,146,152,96,29,53,122,47,145,133,35,79,20,61,143,107,161,128,137,124,9,178,6,31,83,141,28,41,21,179,126,159,78,132,37,173,87,91,102,7,105,48,62,177,116,24,90,109,103,63,69,43,54,80,127,148,18,112,117,101,2,11,104,10,15,30,118,155,46,88,36,93,12,166,84,55,169,106,49,89,168,144,56,125,165,5,172,58,34,33,164,68,136,134,57,66,64,16,22,4,26,76,140,156,139,157,149,14,176,32,94,138,86,123,100,25,162,99,67,52,74,40,8,65,73,119,160,163,111,3,
machine6:0,95,45,158,53,122,35,20,61,143,175,161,128,137,124,178,120,83,141,21,114,126,135,154,159,78,142,132,87,1,105,116,109,103,69,92,98,101,2,27,104,180,15,30,46,88,36,93,12,84,55,106,168,125,108,151,75,58,33,68,136,134,171,16,22,153,140,139,85,157,77,176,86,100,8,65,
machine7:0,38,60,95,45,51,113,158,146,96,170,131,53,110,122,145,35,20,61,143,175,107,161,128,137,124,178,120,6,31,83,141,28,41,21,114,126,135,150,154,159,78,142,132,87,1,7,105,48,62,116,24,109,167,103,44,69,92,80,98,127,117,101,2,27,104,180,15,30,118,155,81,46,88,36,93,12,84,19,55,169,106,49,89,168,13,125,39,165,108,151,172,75,58,34,33,164,71,68,136,134,171,66,64,16,22,129,76,153,140,156,139,70,85,157,77,149,14,176,32,94,86,123,100,25,162,99,67,40,8,65,73,119,163,
machine8:0,38,60,95,115,45,51,113,174,158,146,29,131,53,110,122,145,133,35,79,20,61,143,175,17,161,128,137,124,9,178,120,59,6,31,83,141,28,41,21,50,114,179,126,135,154,159,78,142,132,87,102,7,105,48,177,130,116,24,90,109,167,103,44,63,69,43,54,80,127,18,112,117,101,2,104,10,180,15,30,82,118,155,81,46,36,93,12,84,19,55,169,106,49,89,168,144,13,165,108,5,151,172,58,33,71,68,136,57,66,64,16,22,4,26,76,153,140,156,139,70,85,157,77,149,14,176,32,94,138,86,123,100,67,52,74,40,65,73,119,160,163,
machine9:0,38,60,95,45,51,113,158,29,131,145,133,35,79,20,61,143,175,128,137,124,178,59,6,31,83,141,28,41,50,114,179,126,154,78,142,132,87,130,116,24,90,109,167,103,44,63,69,43,54,127,112,117,10,15,30,118,155,81,46,93,12,19,55,106,89,144,13,5,151,58,33,68,66,16,22,4,26,76,153,140,156,70,157,77,149,176,94,138,123,100,67,52,74,40,65,73,119,160,163,
machine10:0,38,60,95,45,51,113,29,131,35,79,61,143,175,128,59,31,83,28,41,179,126,142,132,87,116,24,90,109,103,44,69,43,54,112,117,10,15,46,55,106,5,58,33,68,4,26,76,153,140,156,157,176,94,67,52,74,40,119,160,
machine11:0,38,60,45,113,174,158,146,96,170,131,47,61,143,175,128,137,124,9,178,120,6,31,83,28,41,114,179,126,135,150,154,78,132,173,87,91,23,105,62,177,90,109,167,103,44,54,80,148,2,10,180,15,30,36,84,55,89,13,125,165,108,5,58,33,164,136,66,22,26,76,153,156,77,149,176,94,99,40,8,65,73,119,160,163,
machine12:0,38,60,95,115,45,51,113,174,158,146,152,96,29,170,131,53,110,47,145,79,20,61,143,175,107,128,137,124,9,178,120,6,31,83,141,28,41,21,114,179,126,135,150,154,78,142,132,37,72,173,87,1,91,102,23,7,105,62,177,116,90,109,121,167,103,44,54,80,98,148,101,2,27,11,10,180,15,30,82,118,81,36,93,12,84,55,106,49,89,56,13,125,39,165,108,147,5,151,75,58,33,164,136,66,64,16,22,4,26,76,153,140,156,139,70,85,157,77,149,176,32,94,138,86,123,100,99,52,40,8,65,73,119,160,163,111,3,
machine13:0,38,60,95,45,51,113,174,158,146,152,96,29,170,131,53,122,145,133,35,79,20,61,143,175,17,161,128,137,124,9,178,120,59,6,31,83,141,28,41,21,114,179,126,150,154,159,78,142,132,72,87,1,91,23,7,105,42,48,62,130,116,24,90,109,121,103,44,43,92,54,80,98,148,18,112,117,2,27,11,10,15,30,82,118,155,46,88,36,12,166,84,19,55,169,106,49,89,168,56,13,39,165,108,147,172,75,58,34,33,71,68,136,57,171,66,64,16,22,129,4,26,76,153,140,156,139,70,85,157,77,149,14,176,32,94,138,86,123,100,25,162,99,67,52,74,40,8,65,73,119,160,163,3,
machine14:0,38,60,95,45,51,113,174,158,146,152,96,29,131,53,145,133,35,20,61,143,175,161,128,137,124,178,83,141,28,41,21,114,126,150,159,78,142,132,87,23,105,24,109,121,103,92,54,80,117,2,15,30,46,88,36,12,166,84,19,55,89,56,13,39,147,172,58,33,71,68,136,57,171,66,64,16,22,129,4,26,76,153,140,156,139,70,85,157,77,149,14,176,32,94,138,86,123,100,25,162,99,67,52,40,8,65,73,160,163,
machine15:0,38,60,95,113,174,158,146,96,131,145,35,20,143,161,128,124,83,141,28,21,150,159,132,109,54,15,36,12,84,55,56,13,147,58,71,68,136,57,171,66,16,22,129,4,26,76,153,140,156,139,70,85,157,77,149,14,176,32,94,138,86,123,100,25,162,67,52,40,65,160,
machine16:0,97,38,60,95,45,51,113,174,158,146,152,96,29,170,131,53,110,122,145,133,20,61,143,175,17,128,137,124,9,178,120,59,6,31,83,141,28,41,21,50,114,179,126,135,154,159,78,142,132,37,72,173,87,91,102,105,42,48,177,130,116,109,121,167,103,44,63,69,43,54,80,148,18,112,117,27,11,104,10,180,15,30,155,46,88,36,93,12,84,19,55,106,49,89,144,13,125,165,147,5,151,172,58,34,33,164,71,68,136,134,171,66,64,16,22,4,26,76,153,140,156,139,70,85,157,77,149,14,176,32,94,138,86,123,100,25,162,99,67,52,74,40,8,65,73,119,160,163,
machine17:0,97,38,60,45,51,113,158,146,152,96,29,170,131,53,110,122,145,61,17,137,124,9,178,120,59,31,83,141,28,41,21,50,126,135,154,159,78,142,132,37,72,87,91,48,177,130,116,109,121,167,103,69,43,54,80,117,27,104,10,180,36,93,12,84,19,55,106,49,89,13,125,165,147,5,151,58,33,68,136,134,171,66,64,16,22,26,76,153,140,156,139,70,85,157,77,149,176,94,138,86,123,100,99,67,52,74,40,8,65,73,119,160,163,
machine18:0,97,38,60,45,51,113,158,96,170,131,53,145,61,17,137,124,9,178,31,83,141,28,41,21,126,135,78,142,132,37,72,80,12,84,19,49,165,147,5,58,33,136,22,76,156,139,70,157,77,149,176,94,138,123,100,67,52,8,73,119,160,

1to 1:
1to 2:166,127,97,101,25,2,7,9,138,32,179,159,136,109,64,140,20,80,132,145,41,21,28,
1to 3:39,134,75,162,69,88,150,71,118,49,164,35,151,89,100,6,161,131,170,142,78,124,176,31,141,126,178,
1to 4:144,82,50,112,108,110,24,48,10,90,135,46,155,154,59,153,123,84,163,65,83,149,119,137,60,128,139,55,
1to 5:102,56,37,167,62,152,175,13,120,114,8,61,12,77,103,15,
1to 6:129,34,42,92,121,3,18,130,17,57,23,169,27,133,105,11,74,79,168,43,70,160,22,96,30,38,16,94,68,157,53,116,73,51,
1to 7:63,148,85,104,4,14,180,125,177,54,86,44,143,117,52,66,87,36,156,58,
2to 1:123,79,48,104,4,53,157,15,73,125,168,84,5,60,30,6,173,63,146,22,158,87,162,88,152,62,24,3,
2to 2:
2to 3:165,163,8,64,34,139,156,83,105,169,159,14,12,68,45,
2to 4:52,26,76,101,161,21,132,109,106,35,179,7,100,177,31,41,49,54,143,67,118,138,127,
2to 5:111,65,47,38,107,89,174,10,33,94,148,136,80,
2to 6:2,28,25,86,113,149,172,117,91,29,145,119,58,78,66,
2to 7:96,137,16,40,140,164,95,93,18,116,97,128,32,160,99,74,134,144,20,155,122,
3to 1:12,19,25,40,67,80,83,85,99,109,114,116,120,1,8,105,92,
3to 2:31,33,61,62,78,84,96,100,104,113,118,124,125,161,178,155,107,46,
3to 3:
3to 4:13,15,32,38,44,86,87,94,95,103,126,142,158,159,165,168,169,180,81,172,
3to 5:6,7,21,51,53,58,64,76,93,110,128,137,140,145,149,150,154,176,
3to 6:14,20,24,36,45,77,106,122,123,132,146,153,88,75,98,
3to 7:27,55,60,65,135,141,163,170,167,162,171,48,69,
4to 1:81,172,57,69,71,133,14,122,74,151,93,70,131,45,38,16,143,64,77,95,124,76,113,117,176,156,145,
4to 2:18,112,79,168,174,5,146,86,94,157,53,87,126,128,
4to 3:127,101,19,2,155,154,22,153,114,30,123,66,80,36,40,73,58,51,41,21,28,55,
4to 4:
4to 5:115,82,108,49,90,29,9,100,135,32,106,160,165,20,52,83,141,
4to 6:85,35,175,138,46,142,120,26,136,44,163,65,67,33,60,15,
4to 7:102,130,50,43,89,6,59,179,158,61,103,78,68,149,119,139,178,
5to 1:153,29,118,111,107,140,148,98,121,54,47,163,39,89,75,2,20,96,101,160,44,31,10,66,7,78,49,132,119,115,33,149,126,170,179,
5to 2:158,123,22,37,141,55,45,26,60,164,91,93,177,
5to 3:175,180,146,65,109,77,81,136,86,13,157,95,108,99,125,
5to 4:12,102,6,167,79,156,28,70,61,116,85,36,16,178,151,53,4,131,
5to 5:
5to 6:72,143,87,82,56,1,128,154,32,176,8,62,90,40,139,103,137,52,165,
5to 7:124,11,106,41,120,138,9,38,113,174,173,76,110,73,51,100,105,5,30,94,15,114,142,84,147,
6to 1:166,171,108,150,147,91,35,174,175,161,165,159,136,61,52,36,137,141,128,
6to 2:34,56,148,57,169,24,133,49,90,152,106,6,38,16,12,143,76,68,83,116,176,156,139,15,
6to 3:129,1,172,48,7,70,96,103,117,60,
6to 4:71,19,2,122,43,89,9,146,22,45,30,124,140,20,66,80,40,58,51,
6to 5:39,98,3,23,27,118,105,4,11,131,179,158,54,99,109,84,95,113,157,119,31,73,126,41,55,178,
6to 6:
6to 7:72,42,121,17,112,10,29,46,13,153,8,26,64,67,132,33,145,21,28,
7to 1:41,65,26,154,142,9,27,135,68,13,178,130,37,134,18,144,21,34,110,167,94,72,138,112,106,164,
7to 2:51,58,149,30,165,103,54,43,10,14,69,117,172,36,102,48,66,88,11,89,173,
7to 3:53,145,33,16,143,46,67,122,84,119,44,137,61,25,32,
7to 4:136,176,73,77,113,29,141,93,175,63,17,133,160,157,105,64,74,104,120,5,
7to 5:132,40,139,22,146,45,70,78,85,91,163,123,86,180,28,177,116,87,151,
7to 6:83,126,55,124,76,114,170,109,155,131,59,19,4,158,162,156,99,147,49,80,171,95,71,159,140,31,152,12,174,100,
7to 7:

cell1:6,3,5,7,2,4,
cell2:1,4,7,5,6,3,
cell3:5,2,4,6,1,7,
cell4:5,1,2,7,6,3,
cell5:7,4,1,6,3,2,
cell6:3,1,7,2,5,4,
cell7:5,3,6,1,2,4,
