machine1:0,14,8,32,37,22,30,28,40,6,7,17,11,29,26,34,4,9,27,39,12,38,24,23,3,10,5,2,1,19,31,36,35,13,16,18,20,25,15,21,
machine2:0,14,8,37,22,28,40,7,17,33,29,26,34,4,9,27,39,12,38,24,23,3,10,5,2,1,19,31,36,13,16,18,20,25,15,21,
machine3:0,14,8,32,37,22,30,28,6,17,33,11,26,34,4,9,27,12,38,24,23,3,10,5,2,1,19,36,35,13,16,20,25,15,
machine4:0,14,8,32,37,22,30,28,40,6,7,33,11,29,26,34,4,9,27,39,12,38,24,23,3,10,5,2,1,19,36,35,13,16,18,20,25,15,21,
machine5:0,14,8,32,37,22,30,28,40,6,7,17,33,11,29,26,34,4,9,27,39,12,38,24,23,3,10,5,2,1,19,31,36,35,13,16,18,20,25,15,21,
machine6:0,14,8,37,30,28,40,6,7,17,11,29,26,34,4,9,27,39,12,38,24,23,3,10,5,2,1,19,31,36,35,13,16,18,20,25,15,21,
machine7:0,14,8,32,37,22,30,28,40,17,33,29,26,34,4,9,27,39,12,38,24,23,3,10,5,2,1,19,36,35,13,16,18,20,25,15,21,
machine8:0,14,8,32,22,30,28,6,7,17,33,11,26,34,4,9,27,39,12,38,24,23,3,10,5,2,1,19,31,36,35,13,16,20,25,15,21,
machine9:0,14,8,32,37,22,30,28,40,6,7,17,11,29,26,34,4,9,27,39,12,38,24,23,3,10,5,2,1,19,31,36,35,13,16,18,20,25,15,21,
machine10:0,14,8,32,37,22,30,28,40,6,7,17,33,11,29,26,34,4,9,27,39,12,38,24,23,3,10,5,2,1,19,31,36,35,13,16,18,20,25,15,
machine11:0,14,8,32,37,22,30,28,6,7,11,29,26,34,4,9,27,39,12,38,24,23,3,10,5,2,1,19,35,13,16,18,20,25,15,21,
machine12:0,14,8,32,37,22,28,40,6,7,17,33,29,26,34,4,9,27,39,12,38,24,23,3,10,2,1,19,31,36,35,13,16,18,20,25,15,21,
machine13:0,14,8,32,37,30,28,40,17,33,11,29,26,34,4,27,39,12,38,23,3,10,5,2,1,31,36,35,13,16,18,20,25,15,21,

1to 1:
1to 2:1,7,8,9,11,13,14,15,16,17,18,19,20,21,22,23,24,25,26,28,30,32,34,36,38,39,40,10,2,35,3,27,4,12,37,29,5,33,6,
1to 3:1,5,6,7,8,9,11,12,13,14,15,16,17,19,20,22,23,25,26,27,28,29,30,32,33,38,40,3,10,2,35,4,34,39,36,37,24,18,21,
1to 4:1,3,5,7,9,11,13,14,15,17,18,19,20,21,22,23,24,25,26,28,30,31,32,33,34,39,40,10,38,2,35,4,27,16,12,36,37,29,8,6,
1to 5:3,4,5,7,8,9,11,13,14,15,16,17,18,19,20,22,23,24,25,26,27,28,29,30,31,32,33,37,40,2,10,38,1,35,34,39,12,36,21,6,
2to 1:6,9,10,11,13,15,16,18,21,22,23,25,27,28,29,30,32,33,34,36,40,1,2,38,3,35,26,4,12,20,19,14,37,39,24,8,5,7,17,
2to 2:
2to 3:1,3,5,10,12,15,16,18,21,22,23,25,26,28,29,32,33,36,37,39,2,35,38,34,4,20,14,13,27,19,24,9,8,11,6,40,17,30,7,
2to 4:4,10,11,13,15,16,18,21,22,25,26,27,29,32,33,34,36,37,38,39,1,35,3,2,23,20,19,14,12,24,9,28,31,5,7,6,30,8,40,17,
2to 5:1,3,5,6,9,10,12,13,15,16,18,21,22,24,25,26,28,34,36,37,35,2,38,20,4,27,19,23,14,39,32,33,11,29,17,40,31,8,30,7,
3to 1:1,2,3,4,5,6,7,9,11,12,14,15,17,22,23,24,25,26,29,32,33,36,37,39,10,35,38,16,34,20,27,19,13,18,28,8,21,
3to 2:1,2,3,4,5,6,7,11,12,13,15,16,17,18,19,21,22,24,25,26,27,29,30,32,33,35,37,40,10,38,34,23,20,14,39,36,28,9,8,
3to 3:
3to 4:1,2,3,4,5,6,7,8,9,11,12,13,14,15,17,18,19,20,21,22,23,24,25,26,29,30,32,33,35,37,38,39,40,10,34,16,27,36,28,31,
3to 5:1,2,4,5,8,9,10,11,12,15,17,18,21,22,23,24,25,26,29,30,32,33,35,37,40,3,38,20,16,34,27,13,39,19,14,36,28,31,6,
4to 1:1,2,4,5,6,7,8,9,13,15,16,17,18,19,21,22,25,27,29,32,33,35,36,37,39,10,3,38,34,26,20,23,12,24,28,14,31,
4to 2:1,3,5,6,7,8,10,11,12,13,15,16,17,18,20,22,23,25,27,29,30,32,33,35,36,37,39,2,34,38,26,4,19,9,14,28,24,40,
4to 3:1,2,4,5,6,7,8,11,12,13,14,15,17,18,21,22,23,25,26,27,29,30,32,33,34,35,36,37,39,10,3,38,20,16,19,24,9,28,31,40,
4to 4:
4to 5:1,2,5,6,7,8,9,11,12,13,14,15,16,17,18,19,22,25,27,28,29,30,31,32,33,34,35,37,39,10,3,38,26,4,20,23,36,24,40,
5to 1:3,4,5,6,7,8,9,11,12,14,15,16,17,18,19,20,21,22,23,24,25,27,29,31,32,33,34,37,38,39,40,10,2,1,35,26,13,36,28,
5to 2:1,2,3,5,6,8,9,10,12,14,15,17,18,21,22,23,24,25,27,28,30,31,33,34,35,37,38,16,20,4,26,13,19,39,36,11,32,29,7,40,
5to 3:2,3,5,6,8,9,11,12,18,19,22,23,24,26,29,30,31,32,34,35,37,38,39,40,10,1,20,25,16,27,4,13,28,14,36,15,21,17,7,
5to 4:1,2,5,6,8,9,10,11,12,17,18,19,21,22,23,24,25,27,29,30,31,33,34,35,37,39,3,38,26,16,20,4,13,28,14,36,32,15,40,7,
5to 5:

cell1:5,3,4,2,
cell2:1,4,3,5,
cell3:1,2,4,5,
cell4:1,5,3,2,
cell5:1,3,4,2,
