machine1:0,3,27,39,28,4,38,26,36,5,2,8,35,34,9,32,16,1,25,37,10,23,7,14,29,24,11,15,22,40,30,12,18,21,13,19,31,6,20,17,
machine2:0,3,27,39,28,4,38,26,36,5,2,8,34,9,33,16,1,25,37,10,23,7,14,29,24,15,22,40,12,18,21,13,19,31,20,17,
machine3:0,3,27,28,4,38,26,36,5,2,8,35,34,9,33,32,16,1,25,37,10,23,14,24,11,15,22,30,12,13,19,6,20,17,
machine4:0,3,27,39,28,4,38,26,36,5,2,8,35,34,9,33,32,16,1,25,37,10,23,7,14,29,24,11,15,22,40,30,12,18,21,13,19,6,20,
machine5:0,3,27,39,28,4,38,26,36,5,2,8,35,34,9,33,32,16,1,25,37,10,23,7,14,29,24,11,15,22,40,30,12,18,21,13,19,31,6,20,17,
machine6:0,3,27,39,28,4,38,26,36,5,2,8,35,34,9,16,1,25,37,10,23,7,14,29,24,11,15,40,30,12,18,21,13,19,31,6,20,17,
machine7:0,3,27,39,28,4,38,26,36,5,2,8,35,34,9,33,32,16,1,25,37,10,23,14,29,24,15,22,40,30,12,18,21,13,19,20,17,
machine8:0,3,27,39,28,4,38,26,36,5,2,8,35,34,9,33,32,16,1,25,10,23,7,14,24,11,15,22,30,12,21,13,19,31,6,20,17,
machine9:0,3,27,39,28,4,38,26,36,5,2,8,35,34,9,32,16,1,25,37,10,23,7,14,29,24,11,15,22,40,30,12,18,21,13,19,31,6,20,17,
machine10:0,3,27,39,28,4,38,26,36,5,2,8,35,34,9,33,32,16,1,25,37,10,23,7,14,29,24,11,15,22,40,30,12,18,13,19,31,6,20,17,
machine11:0,3,27,39,28,4,38,26,5,2,8,35,34,9,32,16,1,25,37,10,23,7,14,29,24,11,15,22,30,12,18,21,13,19,6,20,
machine12:0,3,27,39,28,4,38,26,36,2,8,35,34,9,33,32,16,1,25,37,10,23,7,14,29,24,15,22,40,12,18,21,13,19,31,6,20,17,
machine13:0,3,27,39,28,4,38,26,36,5,2,8,35,34,33,32,16,1,25,37,10,23,14,29,11,15,40,30,12,18,21,13,31,20,17,

1to 1:
1to 2:1,7,8,9,11,13,15,16,17,18,19,20,21,22,23,24,25,26,28,30,32,34,38,39,40,10,2,35,3,27,4,12,14,37,36,29,5,33,6,
1to 3:1,5,6,7,8,9,11,12,13,15,17,19,20,22,23,25,26,27,29,30,32,33,36,38,40,3,10,2,35,4,16,34,14,39,37,24,28,18,21,
1to 4:1,3,5,7,8,9,10,11,13,15,17,18,19,20,21,22,23,24,25,26,28,30,31,32,33,34,39,40,38,2,35,4,16,27,14,12,36,37,29,6,
1to 5:3,4,5,7,8,9,11,13,14,15,16,17,18,19,20,22,23,24,25,26,27,28,29,30,31,32,33,37,40,10,2,38,1,35,34,39,12,36,21,6,
2to 1:6,9,11,13,14,15,16,18,21,22,23,24,25,27,28,29,30,32,33,34,36,38,40,1,2,3,10,35,26,4,20,12,19,37,39,8,5,7,17,
2to 2:
2to 3:1,3,4,5,6,12,14,15,16,18,21,22,23,24,25,26,27,28,29,32,33,36,37,39,10,2,38,35,34,20,13,19,9,8,11,40,17,30,7,
2to 4:4,6,11,13,14,15,16,18,19,21,22,24,25,26,27,29,32,33,34,35,36,37,38,39,1,10,3,2,23,20,12,9,28,31,5,8,7,30,40,17,
2to 5:1,2,3,5,6,9,12,13,14,15,16,18,19,21,22,24,25,26,27,28,34,35,36,37,38,10,20,4,23,39,32,33,11,29,17,40,31,8,30,7,
3to 1:1,2,3,4,5,6,7,8,9,11,12,15,17,22,23,25,26,29,32,33,35,36,37,39,10,38,16,34,27,20,19,13,14,18,24,28,21,
3to 2:1,2,3,4,5,6,7,8,9,11,12,13,15,16,17,18,19,21,22,24,25,26,27,29,30,32,33,35,36,37,40,10,38,34,23,20,39,14,28,
3to 3:
3to 4:1,2,3,4,5,6,7,8,9,10,11,12,13,15,17,18,19,21,22,23,24,25,26,29,30,32,33,35,36,37,38,39,40,34,20,16,27,14,28,31,
3to 5:1,5,6,8,9,11,12,15,17,18,21,22,23,24,25,26,29,30,32,33,35,36,37,40,3,38,2,10,20,16,34,4,27,13,39,19,14,28,31,
4to 1:1,2,5,6,7,8,9,12,13,14,15,16,17,18,19,21,22,24,25,27,29,31,32,33,37,39,3,35,10,38,34,4,26,20,23,36,28,
4to 2:1,3,5,6,7,8,10,11,12,13,14,15,16,17,18,22,23,25,27,29,30,32,33,35,37,39,2,34,38,26,4,20,19,9,36,28,24,40,
4to 3:1,2,5,6,7,8,11,12,13,14,15,17,18,21,22,23,25,26,29,30,32,33,35,37,39,10,3,38,20,16,4,34,27,19,36,24,9,28,31,40,
4to 4:
4to 5:1,2,5,7,8,9,10,11,12,13,14,15,16,17,18,19,22,25,28,29,30,31,32,33,34,35,37,39,3,38,26,4,27,20,23,36,24,6,40,
5to 1:3,4,5,6,7,9,10,11,12,14,15,16,17,18,19,21,22,23,24,25,27,29,32,33,34,37,38,39,40,2,1,35,20,26,13,36,28,8,31,
5to 2:1,2,3,5,6,7,9,10,12,14,15,17,18,21,22,23,24,25,27,28,30,31,33,34,35,37,38,40,16,20,4,26,13,19,39,36,11,32,29,8,
5to 3:2,3,5,7,8,9,11,12,18,19,21,22,23,24,26,29,30,32,34,35,36,37,38,39,40,10,1,20,25,16,27,4,13,28,14,15,31,6,17,
5to 4:1,2,5,7,8,9,10,11,12,16,17,18,19,21,22,23,24,25,27,29,30,31,33,34,35,37,39,40,3,38,26,20,4,13,28,14,36,32,15,6,
5to 5:

cell1:5,3,4,2,
cell2:1,3,4,5,
cell3:2,5,1,4,
cell4:1,3,2,5,
cell5:1,4,3,2,
