machine1:0,8,6,7,36,5,27,1,31,16,17,38,4,22,26,32,21,2,29,39,28,3,24,34,14,11,37,9,35,25,13,12,10,30,15,23,19,18,20,40,
machine2:0,8,7,36,5,33,27,1,31,16,17,38,4,22,26,21,2,29,39,28,3,24,34,14,37,9,25,13,12,10,15,23,19,18,20,40,
machine3:0,8,6,36,5,33,27,1,16,17,38,4,22,26,32,2,28,3,24,34,14,11,37,9,35,25,13,12,10,30,15,23,19,20,
machine4:0,8,6,7,36,5,33,27,1,16,38,4,22,26,32,21,2,29,39,28,3,24,34,14,11,37,9,35,25,13,12,10,30,15,23,19,18,20,40,
machine5:0,8,6,7,36,5,33,27,1,31,16,17,38,4,22,26,32,21,2,29,39,28,3,24,34,14,11,37,9,35,25,13,12,10,30,15,23,19,18,20,40,
machine6:0,8,6,7,36,5,27,1,31,16,17,38,4,26,21,2,29,39,28,3,24,34,14,11,37,9,35,25,13,12,10,30,15,23,19,18,20,40,
machine7:0,8,36,5,33,27,1,16,17,38,4,22,26,32,21,2,29,39,28,3,24,34,14,37,9,35,25,13,12,10,30,15,23,19,18,20,40,
machine8:0,8,6,7,36,5,33,27,1,31,16,17,38,4,22,26,32,21,2,39,28,3,24,34,14,11,9,35,25,13,12,10,30,15,23,19,20,
machine9:0,8,6,7,36,5,27,1,31,16,17,38,4,22,26,32,21,2,29,39,28,3,24,34,14,11,37,9,35,25,13,12,10,30,15,23,19,18,20,40,
machine10:0,8,6,7,36,5,33,27,1,31,16,17,38,4,22,26,32,2,29,39,28,3,24,34,14,11,37,9,35,25,13,12,10,30,15,23,19,18,20,40,
machine11:0,8,6,7,5,27,1,16,38,4,22,26,32,21,2,29,39,28,3,24,34,14,11,37,9,35,25,13,12,10,30,15,23,19,18,20,
machine12:0,8,6,7,36,33,27,1,31,16,17,38,4,22,26,32,21,2,29,39,28,3,24,34,14,37,9,35,25,13,12,10,15,23,19,18,20,40,
machine13:0,8,36,5,33,27,1,31,16,17,38,4,26,32,21,2,29,39,28,3,34,14,11,37,35,25,13,12,10,30,15,23,18,20,40,

1to 1:
1to 2:1,4,8,9,11,13,14,15,16,17,18,19,20,21,22,23,24,25,26,28,30,32,34,38,39,40,10,2,35,3,27,12,37,36,29,5,7,33,6,
1to 3:1,4,5,6,8,9,11,12,13,15,17,19,20,22,23,25,26,27,29,30,32,33,36,38,40,3,10,2,35,34,16,14,39,37,24,28,18,21,7,
1to 4:1,3,4,5,9,10,11,13,15,17,18,19,20,21,22,23,24,25,26,28,30,31,32,33,34,39,40,38,2,35,16,27,12,14,36,37,29,8,6,7,
1to 5:3,5,7,8,9,11,13,14,15,16,17,18,19,20,22,23,24,25,26,27,28,29,30,31,32,33,37,40,10,2,38,1,35,4,34,39,12,36,21,6,
2to 1:6,9,11,13,14,15,16,18,21,22,23,24,25,27,28,29,30,32,33,34,38,40,1,2,3,10,35,26,4,20,12,19,37,39,36,8,5,7,17,
2to 2:
2to 3:1,3,5,6,12,14,15,16,18,21,22,23,24,25,26,27,28,29,32,33,37,39,10,2,38,35,4,20,34,13,19,36,9,8,11,40,17,30,7,
2to 4:4,6,11,13,14,15,16,18,19,21,22,24,25,26,27,29,32,33,34,35,37,38,39,1,10,3,2,23,20,12,36,9,28,31,5,7,30,8,40,17,
2to 5:1,2,3,5,6,9,12,13,14,15,16,18,19,21,22,24,25,26,27,28,34,35,36,37,38,10,20,4,23,39,32,33,11,29,17,40,31,8,30,7,
3to 1:1,2,3,4,5,6,7,9,11,12,14,15,17,22,23,24,25,26,29,32,33,35,36,37,39,10,38,16,34,27,20,19,13,18,28,8,21,
3to 2:1,2,3,4,5,6,7,11,12,13,15,16,17,18,19,21,22,24,25,26,27,29,30,32,33,35,36,37,39,40,10,38,34,23,20,14,9,28,8,
3to 3:
3to 4:1,2,3,4,5,6,7,8,9,11,12,13,14,15,17,18,19,21,22,23,24,25,26,29,30,32,33,35,36,37,38,39,40,10,34,20,16,27,28,31,
3to 5:1,4,5,6,8,9,11,12,15,17,18,21,22,23,24,25,26,29,30,32,33,35,36,37,38,39,40,3,10,2,20,16,34,27,13,19,14,28,31,
4to 1:1,2,4,5,6,7,8,9,10,12,13,15,16,17,18,19,21,22,25,27,29,32,33,37,39,3,35,38,34,26,20,23,36,24,28,14,31,
4to 2:1,3,5,6,7,8,10,11,12,13,15,16,17,18,22,23,25,27,29,30,32,33,35,37,38,39,40,2,34,26,4,20,19,9,14,36,28,24,
4to 3:1,4,5,6,7,8,10,11,12,13,14,15,17,18,21,22,23,25,26,29,30,32,33,34,35,37,38,39,40,2,3,20,16,27,19,36,24,9,28,31,
4to 4:
4to 5:1,2,5,7,8,9,10,11,12,13,14,15,16,17,18,19,22,25,28,29,30,31,32,33,34,35,37,38,39,40,3,26,4,27,20,23,36,24,6,
5to 1:3,4,5,6,7,8,9,11,12,14,15,16,17,18,19,21,22,23,25,27,29,31,32,33,34,37,38,40,10,2,1,35,20,26,13,39,36,28,24,
5to 2:1,2,3,5,6,7,8,9,10,12,14,15,17,18,21,22,23,24,25,27,28,30,31,33,34,35,37,38,16,20,4,39,26,13,19,36,11,32,29,40,
5to 3:2,3,5,7,8,9,11,12,18,19,22,23,26,29,30,31,32,34,35,36,37,38,40,10,1,20,25,4,16,27,13,28,39,14,24,15,21,6,17,
5to 4:1,2,5,7,8,9,10,11,12,16,17,18,19,21,22,23,25,27,29,30,31,33,34,35,37,39,3,38,26,20,4,13,28,14,24,36,32,15,40,6,
5to 5:

cell1:5,3,2,4,
cell2:1,3,4,5,
cell3:5,4,2,1,
cell4:1,5,3,2,
cell5:1,3,4,2,
