machine1:0,14,8,22,17,32,15,6,5,18,36,31,37,27,26,7,30,1,34,40,24,25,13,4,12,23,11,29,19,16,38,35,28,10,9,21,2,3,39,20,
machine2:0,14,8,22,17,15,5,18,36,31,37,27,26,7,1,34,40,24,33,25,13,4,12,23,29,19,16,38,28,10,9,21,2,3,39,20,
machine3:0,14,8,22,17,32,15,6,5,36,37,27,26,30,1,34,24,33,25,13,4,12,23,11,19,16,38,35,28,10,9,2,3,20,
machine4:0,14,8,22,32,15,6,5,18,36,37,27,26,7,30,1,34,40,24,33,25,13,4,12,23,11,29,19,16,38,35,28,10,9,21,2,3,39,20,
machine5:0,14,8,22,17,32,15,6,5,18,36,31,37,27,26,7,30,1,34,40,24,33,25,13,4,12,23,11,29,19,16,38,35,28,10,9,21,2,3,39,20,
machine6:0,14,8,17,15,6,5,18,36,31,37,27,26,7,30,1,34,40,24,25,13,4,12,23,11,29,19,16,38,35,28,10,9,21,2,3,39,20,
machine7:0,14,8,22,17,32,15,5,18,36,37,27,26,30,1,34,40,24,33,25,13,4,12,23,29,19,16,38,35,28,10,9,21,2,3,39,20,
machine8:0,14,8,22,17,32,15,6,5,36,31,27,26,7,30,1,34,24,33,25,13,4,12,23,11,19,16,38,35,28,10,9,21,2,3,39,20,
machine9:0,14,8,22,17,32,15,6,5,18,36,31,37,27,26,7,30,1,34,40,24,25,13,4,12,23,11,29,19,16,38,35,28,10,9,21,2,3,39,20,
machine10:0,14,8,22,17,32,15,6,5,18,36,31,37,27,26,7,30,1,34,40,24,33,25,13,4,12,23,11,29,19,16,38,35,28,10,9,2,3,39,20,
machine11:0,14,8,22,32,15,6,5,18,37,27,26,7,30,1,34,24,25,13,4,12,23,11,29,19,16,38,35,28,10,9,21,2,3,39,20,
machine12:0,14,8,22,17,32,15,6,18,36,31,37,27,26,7,1,34,40,24,33,25,13,4,12,23,29,19,16,38,35,28,10,9,21,2,3,39,20,
machine13:0,14,8,17,32,15,5,18,36,31,37,27,26,30,1,34,40,33,25,13,4,12,23,11,29,16,38,35,28,10,21,2,3,39,20,

1to 1:
1to 2:1,4,7,8,9,10,11,13,15,16,17,18,19,21,22,23,24,25,26,28,30,32,34,36,38,39,40,2,3,12,14,20,27,29,35,37,5,33,6,
1to 3:1,4,5,6,7,8,9,10,11,12,15,17,19,22,23,25,26,27,29,30,32,33,38,40,2,3,13,14,16,18,20,24,28,34,35,36,37,39,21,
1to 4:1,3,4,5,7,8,9,10,11,15,17,18,19,20,21,22,23,24,25,26,28,30,31,32,33,34,39,40,2,12,13,14,16,27,29,35,36,37,38,6,
1to 5:3,5,7,8,9,11,14,15,16,17,18,19,20,22,23,24,25,26,27,28,29,30,31,32,33,35,37,40,1,2,4,10,12,13,21,34,36,38,39,6,
2to 1:6,9,10,11,15,18,21,22,23,25,27,28,29,30,32,33,34,37,38,40,1,2,3,4,8,12,13,14,16,19,20,24,26,35,36,39,5,7,17,
2to 2:
2to 3:1,3,5,6,10,12,15,16,18,21,22,23,25,26,28,29,32,33,37,39,2,4,8,9,11,13,14,19,20,24,27,34,35,36,38,40,17,30,7,
2to 4:4,6,11,15,18,21,22,25,26,27,29,32,33,34,37,38,39,1,2,3,9,10,12,13,14,16,19,20,23,24,28,35,36,31,5,8,7,30,40,17,
2to 5:1,5,6,9,12,15,18,21,22,24,25,26,28,34,36,37,38,2,3,4,10,11,13,14,16,19,20,23,27,29,32,33,35,39,17,31,40,8,30,7,
3to 1:1,2,3,4,5,6,7,8,9,11,12,15,17,19,22,23,24,25,26,29,32,33,35,36,39,10,13,14,16,18,20,21,27,28,34,37,38,
3to 2:1,2,3,4,5,6,7,8,9,11,12,15,16,17,18,19,21,22,24,25,26,27,29,30,32,33,35,37,40,10,13,14,20,23,28,34,36,38,39,
3to 3:
3to 4:1,2,3,4,5,6,7,8,9,11,12,13,15,17,18,19,20,21,22,23,24,25,26,29,30,32,33,35,37,38,39,40,10,14,16,27,28,34,36,31,
3to 5:1,2,3,4,5,8,9,11,12,15,17,18,19,21,22,23,24,25,26,29,30,32,33,37,38,40,10,13,14,16,20,27,28,31,34,35,36,39,6,
4to 1:1,2,4,5,6,7,8,9,12,13,14,17,18,19,21,22,25,27,29,32,33,35,36,37,39,3,10,15,16,20,23,24,26,28,34,38,31,
4to 2:1,3,4,5,6,7,8,10,11,12,13,14,16,17,18,20,22,23,25,27,29,30,32,33,35,36,37,38,39,40,2,9,15,19,24,26,28,34,
4to 3:1,2,4,5,6,7,8,11,12,13,14,17,18,21,22,23,25,26,27,29,30,32,33,34,35,36,37,38,39,40,3,9,10,15,16,19,20,24,28,31,
4to 4:
4to 5:1,2,4,5,6,7,8,9,10,11,12,13,14,16,17,18,19,22,25,27,28,29,30,31,32,33,34,35,37,38,39,40,3,15,20,23,24,26,36,
5to 1:3,4,5,6,7,9,11,12,13,14,15,16,17,18,19,21,22,23,24,25,27,29,31,32,33,34,37,38,39,40,1,2,8,10,20,26,28,35,36,
5to 2:1,3,5,6,7,9,12,13,14,15,17,18,21,22,23,24,25,26,27,28,30,31,33,34,35,37,38,39,2,4,8,10,11,16,19,20,29,32,36,40,
5to 3:3,5,7,8,9,11,12,13,18,19,22,23,24,26,27,29,30,31,32,34,35,36,37,38,39,40,1,2,4,10,14,15,16,20,21,25,28,6,17,
5to 4:1,2,5,7,8,9,11,12,13,16,17,18,19,21,22,23,24,25,27,29,30,31,33,34,35,37,39,3,4,10,14,20,26,28,32,36,38,15,40,6,
5to 5:

cell1:3,5,4,2,
cell2:1,4,5,3,
cell3:2,1,5,4,
cell4:5,2,3,1,
cell5:1,3,2,4,
