machine1:0,31,6,8,12,32,17,36,1,26,18,34,37,4,35,2,19,3,38,28,23,13,27,10,15,7,39,25,29,24,11,20,9,40,16,21,30,5,14,22,
machine2:0,31,8,12,17,36,1,26,18,34,37,4,2,19,3,38,28,23,13,27,10,15,7,39,25,33,29,24,20,9,40,16,21,5,14,22,
machine3:0,6,8,12,32,17,36,1,26,34,37,4,35,2,19,3,38,28,23,13,27,10,15,25,33,24,11,20,9,16,30,5,14,22,
machine4:0,6,8,12,32,36,1,26,18,34,37,4,35,2,19,3,38,28,23,13,27,10,15,7,39,25,33,29,24,11,20,9,40,16,21,30,5,14,22,
machine5:0,31,6,8,12,32,17,36,1,26,18,34,37,4,35,2,19,3,38,28,23,13,27,10,15,7,39,25,33,29,24,11,20,9,40,16,21,30,5,14,22,
machine6:0,31,6,8,12,17,36,1,26,18,34,37,4,35,2,19,3,38,28,23,13,27,10,15,7,39,25,29,24,11,20,9,40,16,21,30,5,14,
machine7:0,8,12,32,17,36,1,26,18,34,37,4,35,2,19,3,38,28,23,13,27,10,15,39,25,33,29,24,20,9,40,16,21,30,5,14,22,
machine8:0,31,6,8,12,32,17,36,1,26,34,4,35,2,19,3,38,28,23,13,27,10,15,7,39,25,33,24,11,20,9,16,21,30,5,14,22,
machine9:0,31,6,8,12,32,17,36,1,26,18,34,37,4,35,2,19,3,38,28,23,13,27,10,15,7,39,25,29,24,11,20,9,40,16,21,30,5,14,22,
machine10:0,31,6,8,12,32,17,36,1,26,18,34,37,4,35,2,19,3,38,28,23,13,27,10,15,7,39,25,33,29,24,11,20,9,40,16,30,5,14,22,
machine11:0,6,8,12,32,1,26,18,34,37,4,35,2,19,3,38,28,23,13,27,10,15,7,39,25,29,24,11,20,9,16,21,30,5,14,22,
machine12:0,31,6,8,12,32,17,36,1,26,18,34,37,4,35,2,19,3,38,28,23,13,27,10,15,7,39,25,33,29,24,20,9,40,16,21,14,22,
machine13:0,31,8,12,32,17,36,1,26,18,34,37,4,35,2,3,38,28,23,13,27,10,15,39,25,33,29,11,20,40,16,21,30,5,14,

1to 1:
1to 2:1,8,9,11,13,14,15,16,17,18,19,20,21,22,23,24,25,26,30,32,34,36,38,39,40,10,2,35,3,27,4,37,12,28,29,5,7,33,6,
1to 3:1,5,6,8,9,11,12,13,14,15,17,19,20,22,23,25,26,27,29,30,32,33,36,38,40,3,10,2,35,4,34,16,39,37,24,28,18,21,7,
1to 4:1,3,5,9,11,13,14,15,17,18,19,20,21,22,23,24,25,26,28,30,31,32,33,34,36,39,40,10,38,2,35,4,16,27,12,37,29,8,6,7,
1to 5:3,4,5,7,8,9,11,13,14,15,16,17,18,19,20,22,23,24,25,26,27,28,29,30,31,32,33,37,40,2,10,38,1,35,34,39,12,36,21,6,
2to 1:6,9,10,11,13,14,15,18,21,22,23,24,25,27,28,29,30,32,33,34,36,38,40,1,2,3,35,16,26,4,20,12,19,37,39,8,5,7,17,
2to 2:
2to 3:1,3,4,5,10,12,15,16,18,21,22,23,24,25,26,27,28,29,32,33,34,36,37,39,2,38,35,20,14,13,19,9,8,11,6,40,17,30,7,
2to 4:4,10,11,13,15,18,21,22,24,25,26,27,29,32,33,34,35,36,37,38,39,1,3,2,23,16,20,19,12,14,9,28,31,5,7,6,30,8,40,17,
2to 5:1,2,5,6,9,10,12,13,14,15,18,21,22,24,25,26,27,28,29,34,35,36,37,38,3,20,16,4,19,23,39,32,33,11,17,40,31,8,30,7,
3to 1:1,2,3,4,5,6,7,9,11,12,15,17,22,23,25,26,29,32,33,36,37,39,10,35,38,16,34,27,20,14,13,19,18,24,28,8,21,
3to 2:1,2,3,5,6,7,9,11,12,13,15,16,17,18,19,21,22,24,25,26,27,29,30,32,33,35,37,40,10,38,34,23,4,20,14,39,36,28,8,
3to 3:
3to 4:1,2,3,4,5,6,7,8,9,11,12,15,17,18,19,21,22,23,24,25,26,29,30,32,33,35,37,38,39,40,10,34,20,16,27,14,36,13,28,31,
3to 5:1,3,5,8,9,11,12,15,17,18,19,21,22,23,24,25,26,29,30,32,33,35,37,38,40,10,2,20,16,34,4,27,13,39,14,36,28,31,6,
4to 1:1,2,4,5,6,7,8,9,12,13,15,16,17,18,19,21,22,24,25,27,29,32,33,35,37,39,3,10,38,34,26,20,23,36,28,14,31,
4to 2:1,3,4,5,6,7,8,10,11,12,13,15,16,17,18,22,23,25,27,29,30,32,33,35,37,38,39,2,34,26,20,19,9,14,36,28,24,40,
4to 3:1,2,4,5,6,7,8,11,12,13,14,15,17,18,21,22,23,25,26,29,30,32,33,35,37,38,39,10,3,20,16,34,27,19,36,24,9,28,31,40,
4to 4:
4to 5:1,2,4,5,6,7,8,9,11,12,13,14,15,16,17,18,19,22,25,28,30,31,32,33,34,35,37,38,39,10,3,26,27,20,23,36,24,29,40,
5to 1:3,4,5,6,7,8,9,11,12,14,15,16,17,18,19,21,22,23,24,25,27,29,31,32,33,34,37,38,39,40,2,10,1,35,20,26,13,36,28,
5to 2:1,3,5,6,7,8,9,12,15,17,18,21,22,23,24,25,26,27,28,30,31,33,34,35,37,38,39,10,2,16,20,4,14,13,19,36,11,32,29,40,
5to 3:3,5,6,7,8,9,11,12,18,19,22,23,24,26,29,30,31,32,34,35,37,38,39,40,10,2,1,20,25,16,4,27,13,14,28,36,15,21,17,
5to 4:1,2,5,6,7,8,9,11,12,16,17,18,19,21,22,23,24,25,27,29,30,31,33,34,35,37,39,10,3,38,26,20,4,13,14,28,36,32,15,40,
5to 5:

cell1:5,3,4,2,
cell2:1,4,3,5,
cell3:2,1,5,4,
cell4:1,5,3,2,
cell5:1,4,3,2,
