machine1:0,27,16,39,3,4,38,14,5,35,2,8,36,28,34,1,37,32,10,12,26,25,23,29,11,7,30,22,6,9,21,24,13,31,40,19,20,17,18,15,
machine2:0,27,16,39,3,4,33,38,14,5,2,8,36,28,34,1,37,10,12,26,25,23,29,7,22,9,21,24,13,31,40,19,20,17,18,15,
machine3:0,27,16,3,4,33,38,14,5,35,2,8,36,28,34,1,37,32,10,12,26,25,23,11,30,22,6,9,24,13,19,20,17,15,
machine4:0,27,16,39,3,4,33,38,14,5,35,2,8,36,28,34,1,37,32,10,12,26,25,23,29,11,7,30,22,6,9,21,24,13,40,19,20,18,15,
machine5:0,27,16,39,3,4,33,38,14,5,35,2,8,36,28,34,1,37,32,10,12,26,25,23,29,11,7,30,22,6,9,21,24,13,31,40,19,20,17,18,15,
machine6:0,27,16,39,3,4,38,14,5,35,2,8,36,28,34,1,37,10,12,26,25,23,29,11,7,30,6,9,21,24,13,31,40,19,20,17,18,15,
machine7:0,27,16,39,3,4,33,38,14,5,35,2,8,36,28,34,1,37,32,10,12,26,25,23,29,30,22,9,21,24,13,40,19,20,17,18,15,
machine8:0,27,16,39,3,4,33,38,14,5,35,2,8,36,28,34,1,32,10,12,26,25,23,11,7,30,22,6,9,21,24,13,31,19,20,17,15,
machine9:0,27,16,39,3,4,38,14,5,35,2,8,36,28,34,1,37,32,10,12,26,25,23,29,11,7,30,22,6,9,21,24,13,31,40,19,20,17,18,15,
machine10:0,27,16,39,3,4,33,38,14,5,35,2,8,36,28,34,1,37,32,10,12,26,25,23,29,11,7,30,22,6,9,24,13,31,40,19,20,17,18,15,
machine11:0,27,16,39,3,4,38,14,5,35,2,8,28,34,1,37,32,10,12,26,25,23,29,11,7,30,22,6,9,21,24,13,19,20,18,15,
machine12:0,27,16,39,3,4,33,38,14,35,2,8,36,28,34,1,37,32,10,12,26,25,23,29,7,22,6,9,21,24,13,31,40,19,20,17,18,15,
machine13:0,27,16,39,3,4,33,38,14,5,35,2,8,36,28,34,1,37,32,10,12,26,25,23,29,11,30,21,13,31,40,20,17,18,15,

1to 1:
1to 2:1,7,8,9,11,13,14,15,16,17,18,21,22,23,24,25,26,30,32,34,38,40,6,5,33,29,28,36,37,19,39,12,27,4,20,35,2,3,10,
1to 3:1,5,6,7,8,9,11,12,13,14,15,17,19,22,23,25,26,27,28,29,30,32,33,36,38,40,21,24,18,37,39,4,16,34,20,35,2,3,10,
1to 4:1,3,7,9,11,14,15,17,18,19,20,21,22,23,24,25,26,28,30,31,32,33,34,39,40,6,5,8,29,36,37,12,13,27,4,16,38,35,2,10,
1to 5:1,3,4,5,7,8,9,11,14,15,16,17,18,19,20,22,23,24,25,26,27,28,29,30,31,32,33,37,40,6,21,36,39,12,13,34,38,35,2,10,
2to 1:6,9,11,13,14,15,18,21,22,23,24,25,27,28,29,30,32,33,34,36,40,7,17,5,8,37,19,39,12,26,4,16,20,38,35,2,1,3,10,
2to 2:
2to 3:1,3,4,5,12,15,16,18,21,22,23,24,25,26,28,29,32,33,36,37,39,30,7,40,17,6,8,11,9,19,14,13,27,34,20,38,35,2,10,
2to 4:4,11,13,15,18,19,21,22,24,25,26,27,29,32,33,34,35,36,37,38,39,30,7,40,17,6,5,31,8,28,9,14,12,23,16,20,2,1,3,10,
2to 5:1,5,6,9,12,13,14,15,18,19,21,22,24,25,26,28,34,35,37,30,7,40,17,31,33,8,29,32,11,36,39,27,23,4,16,20,38,2,3,10,
3to 1:1,2,3,4,5,6,7,8,9,11,12,14,15,17,22,23,24,25,26,29,32,33,35,36,37,39,21,28,18,19,13,27,16,34,20,38,10,
3to 2:1,2,3,4,5,6,7,8,9,11,12,13,15,16,17,18,19,21,22,24,25,26,27,29,30,32,33,35,36,37,39,40,28,14,23,34,20,38,10,
3to 3:
3to 4:1,2,3,4,5,6,7,8,9,10,11,12,13,14,15,17,18,19,20,21,22,23,24,25,26,29,30,32,33,35,36,37,38,39,40,31,28,27,16,34,
3to 5:1,2,3,4,5,8,9,10,11,12,15,17,18,21,22,23,24,25,26,29,30,32,33,35,36,37,38,39,40,6,31,28,19,14,13,27,16,34,20,
4to 1:1,2,5,6,7,8,9,12,13,17,18,19,20,21,22,25,27,29,32,33,37,39,31,15,24,28,36,14,23,26,4,16,34,38,35,3,10,
4to 2:1,3,4,5,6,7,8,10,11,12,13,16,17,18,20,22,23,25,27,29,30,32,33,35,37,39,40,15,24,28,9,36,19,14,26,34,38,2,
4to 3:1,2,5,6,7,8,11,12,13,14,17,18,20,21,22,23,25,26,27,29,30,32,33,34,35,37,39,40,31,15,24,28,9,36,19,4,16,38,3,10,
4to 4:
4to 5:2,5,6,7,8,9,10,11,12,13,14,16,17,18,19,20,22,25,27,28,29,30,31,32,33,34,35,37,39,40,15,24,36,23,26,4,38,1,3,
5to 1:3,4,5,6,7,8,9,10,11,14,15,16,17,18,19,20,21,22,23,25,27,29,31,32,33,34,37,38,40,24,28,36,39,12,13,26,35,2,1,
5to 2:1,2,3,5,6,7,8,9,10,12,14,15,17,18,19,20,21,22,23,24,25,27,28,30,31,33,34,35,37,38,40,29,32,11,36,39,13,26,4,16,
5to 3:2,3,5,6,7,8,9,11,12,17,18,19,20,22,23,26,27,29,30,31,32,34,35,37,38,40,15,21,24,28,36,14,39,13,4,16,25,1,10,
5to 4:1,2,5,6,7,8,9,10,11,12,16,17,18,19,20,21,22,23,25,27,29,30,31,33,34,35,37,39,40,15,32,24,28,36,14,13,26,4,38,3,
5to 5:

cell1:2,4,5,3,
cell2:4,5,3,1,
cell3:4,5,2,1,
cell4:2,3,5,1,
cell5:2,4,3,1,
