8 250 8 8 8

1 2 3 4 5 6 7 8 

0 15 18 27 18 9 9 14 
11 0 8 28 24 28 22 18 
17 14 0 22 17 26 19 6 
12 15 29 0 29 14 28 8 
17 7 10 9 0 5 11 18 
10 19 25 5 14 0 20 15 
7 17 7 22 25 18 0 5 
12 7 13 6 10 16 25 0 

0 1 1 1 1 1 1 1 
1 0 1 1 1 1 1 1 
1 1 0 1 1 1 1 1 
1 1 1 0 1 1 1 1 
1 1 1 1 0 1 1 1 
1 1 1 1 1 0 1 1 
1 1 1 1 1 1 0 1 
1 1 1 1 1 1 1 0 

8 9 9 9 5 6 6 8 
8 6 8 9 5 8 9 6 
5 8 7 7 7 6 6 7 
8 7 6 8 5 9 9 5 
9 5 7 6 9 5 8 5 
6 6 6 5 9 7 9 5 
9 9 8 8 8 7 7 5 
6 8 7 6 7 5 5 9 

6    1    1326    0.3
0 0 0 0 0 77 0 0 
0 0 17 0 0 0 0 0 
0 0 0 0 0 0 0 97 
0 0 0 0 22 0 0 0 
100 0 0 0 0 0 0 0 
0 35 0 0 0 0 0 0 
7    1    1599    0.7
0 0 0 51 0 0 0 0 
0 0 0 0 0 0 6 0 
0 0 0 0 0 0 0 96 
0 0 0 0 0 57 0 0 
0 65 0 0 0 0 0 0 
92 0 0 0 0 0 0 0 
0 0 0 0 17 0 0 0 
6    5    1276    0.6
0 12 0 0 0 0 0 0 
0 0 0 63 0 0 0 0 
0 0 0 0 0 0 0 64 
91 0 0 0 0 0 0 0 
0 0 80 0 0 0 0 0 
0 0 0 0 96 0 0 0 
6    5    1063    0.9
43 0 0 0 0 0 0 0 
0 0 0 0 0 0 24 0 
0 0 0 0 0 0 0 98 
0 0 2 0 0 0 0 0 
0 0 0 0 0 76 0 0 
0 58 0 0 0 0 0 0 
7    5    1686    0.8
0 0 0 0 0 0 50 0 
57 0 0 0 0 0 0 0 
0 0 0 0 58 0 0 0 
0 0 0 50 0 0 0 0 
0 0 0 0 0 0 0 84 
0 47 0 0 0 0 0 0 
0 0 0 0 0 92 0 0 
5    5    799    0.6
0 0 0 78 0 0 0 0 
0 0 0 0 0 9 0 0 
43 0 0 0 0 0 0 0 
0 0 36 0 0 0 0 0 
0 0 0 0 0 0 97 0 
7    1    1386    0.7
0 96 0 0 0 0 0 0 
0 0 9 0 0 0 0 0 
0 0 0 0 0 0 0 41 
0 0 0 0 0 41 0 0 
0 0 0 36 0 0 0 0 
0 0 0 0 0 0 7 0 
99 0 0 0 0 0 0 0 
7    3    1619    0.7
0 0 0 0 3 0 0 0 
0 0 100 0 0 0 0 0 
0 92 0 0 0 0 0 0 
0 0 0 0 0 0 0 61 
0 0 0 0 0 0 39 0 
0 0 0 34 0 0 0 0 
6 0 0 0 0 0 0 0 
5    0    834    0.9
0 0 0 0 0 10 0 0 
67 0 0 0 0 0 0 0 
0 97 0 0 0 0 0 0 
0 0 0 0 0 0 0 8 
0 0 0 0 0 0 84 0 
5    4    587    0.2
33 0 0 0 0 0 0 0 
0 0 0 18 0 0 0 0 
0 0 19 0 0 0 0 0 
0 0 0 0 0 0 46 0 
0 0 0 0 95 0 0 0 
5    2    1279    0.4
69 0 0 0 0 0 0 0 
0 0 99 0 0 0 0 0 
0 84 0 0 0 0 0 0 
0 0 0 0 64 0 0 0 
0 0 0 0 0 0 75 0 
5    3    1016    0.1
0 0 0 70 0 0 0 0 
0 0 0 0 0 0 73 0 
41 0 0 0 0 0 0 0 
0 0 59 0 0 0 0 0 
0 0 0 0 0 0 0 51 
6    0    1275    0.2
0 0 0 67 0 0 0 0 
76 0 0 0 0 0 0 0 
0 0 0 0 51 0 0 0 
0 0 0 0 0 0 0 21 
0 47 0 0 0 0 0 0 
0 0 0 0 0 20 0 0 
7    4    1935    0.4
0 87 0 0 0 0 0 0 
0 0 0 0 0 0 0 42 
0 0 0 0 0 40 0 0 
0 0 79 0 0 0 0 0 
70 0 0 0 0 0 0 0 
0 0 0 98 0 0 0 0 
0 0 0 0 0 0 49 0 
7    4    1241    0.4
0 48 0 0 0 0 0 0 
0 0 40 0 0 0 0 0 
0 0 0 0 0 0 12 0 
0 0 0 10 0 0 0 0 
99 0 0 0 0 0 0 0 
0 0 0 0 0 49 0 0 
0 0 0 0 0 0 0 85 
5    7    804    0.6
0 0 0 0 26 0 0 0 
0 0 0 0 0 66 0 0 
35 0 0 0 0 0 0 0 
0 0 67 0 0 0 0 0 
0 71 0 0 0 0 0 0 
5    7    919    0.6
18 0 0 0 0 0 0 0 
0 0 0 87 0 0 0 0 
0 0 100 0 0 0 0 0 
0 0 0 0 0 4 0 0 
0 0 0 0 0 0 0 43 
7    1    756    0.5
0 0 0 11 0 0 0 0 
0 0 0 0 0 0 6 0 
0 4 0 0 0 0 0 0 
93 0 0 0 0 0 0 0 
0 0 0 0 0 30 0 0 
0 0 7 0 0 0 0 0 
0 0 0 0 54 0 0 0 
5    5    681    0.7
0 0 4 0 0 0 0 0 
86 0 0 0 0 0 0 0 
0 0 0 0 30 0 0 0 
0 0 0 0 0 0 37 0 
0 59 0 0 0 0 0 0 
7    6    1673    0.5
0 0 0 0 29 0 0 0 
0 0 0 0 0 37 0 0 
0 0 0 0 0 0 0 72 
0 77 0 0 0 0 0 0 
0 0 0 0 0 0 90 0 
0 0 0 64 0 0 0 0 
82 0 0 0 0 0 0 0 
7    2    966    0.6
0 0 5 0 0 0 0 0 
0 0 0 68 0 0 0 0 
6 0 0 0 0 0 0 0 
0 22 0 0 0 0 0 0 
0 0 0 0 0 0 0 71 
0 0 0 0 45 0 0 0 
0 0 0 0 0 0 14 0 
7    7    1031    0.2
0 0 0 0 34 0 0 0 
0 0 0 0 0 64 0 0 
0 0 9 0 0 0 0 0 
0 7 0 0 0 0 0 0 
0 0 0 0 0 0 0 67 
24 0 0 0 0 0 0 0 
0 0 0 0 0 0 7 0 
7    6    1448    0.8
0 0 32 0 0 0 0 0 
64 0 0 0 0 0 0 0 
0 0 0 0 0 4 0 0 
0 0 0 0 70 0 0 0 
0 0 0 0 0 0 90 0 
0 60 0 0 0 0 0 0 
0 0 0 0 0 0 0 50 
5    0    679    0.2
0 0 0 0 20 0 0 0 
0 0 0 10 0 0 0 0 
0 0 0 0 0 0 90 0 
67 0 0 0 0 0 0 0 
0 0 0 0 0 0 0 53 
5    0    967    0.6
0 0 0 78 0 0 0 0 
0 0 0 0 24 0 0 0 
99 0 0 0 0 0 0 0 
0 0 11 0 0 0 0 0 
0 0 0 0 0 0 50 0 
5    7    815    0.9
0 0 0 0 0 0 0 63 
4 0 0 0 0 0 0 0 
0 0 68 0 0 0 0 0 
0 0 0 0 0 64 0 0 
0 0 0 0 71 0 0 0 
7    4    1880    0.8
0 0 98 0 0 0 0 0 
0 0 0 0 10 0 0 0 
0 0 0 85 0 0 0 0 
0 0 0 0 0 0 66 0 
0 0 0 0 0 74 0 0 
0 0 0 0 0 0 0 58 
12 0 0 0 0 0 0 0 
6    5    833    0.5
0 0 0 0 0 26 0 0 
0 0 0 0 0 0 0 6 
0 0 70 0 0 0 0 0 
70 0 0 0 0 0 0 0 
0 0 0 0 1 0 0 0 
0 0 0 0 0 0 57 0 
6    2    1025    0.2
0 0 0 16 0 0 0 0 
0 0 0 0 0 0 0 28 
88 0 0 0 0 0 0 0 
0 0 0 0 0 0 82 0 
0 0 22 0 0 0 0 0 
0 0 0 0 57 0 0 0 
7    5    1188    0.9
0 0 7 0 0 0 0 0 
0 0 0 0 50 0 0 0 
0 0 0 0 0 0 0 69 
0 0 0 0 0 48 0 0 
29 0 0 0 0 0 0 0 
0 48 0 0 0 0 0 0 
0 0 0 0 0 0 14 0 
5    3    867    0.4
70 0 0 0 0 0 0 0 
0 0 0 0 0 0 11 0 
0 0 90 0 0 0 0 0 
0 0 0 0 0 0 0 55 
0 24 0 0 0 0 0 0 
6    4    1220    0.8
0 0 0 0 0 0 0 74 
0 0 0 0 0 30 0 0 
41 0 0 0 0 0 0 0 
0 0 0 62 0 0 0 0 
0 0 0 0 0 0 74 0 
0 9 0 0 0 0 0 0 
5    6    915    0.3
0 0 0 78 0 0 0 0 
0 0 0 0 0 0 0 51 
0 0 26 0 0 0 0 0 
0 0 0 0 41 0 0 0 
74 0 0 0 0 0 0 0 
5    5    833    0.7
0 0 0 0 0 0 52 0 
0 0 0 0 60 0 0 0 
5 0 0 0 0 0 0 0 
0 0 49 0 0 0 0 0 
0 0 0 0 0 0 0 94 
5    0    917    0.8
0 0 0 0 57 0 0 0 
0 0 0 95 0 0 0 0 
0 13 0 0 0 0 0 0 
24 0 0 0 0 0 0 0 
0 0 0 0 0 79 0 0 
5    5    995    0.2
0 0 0 0 46 0 0 0 
0 56 0 0 0 0 0 0 
76 0 0 0 0 0 0 0 
0 0 79 0 0 0 0 0 
0 0 0 44 0 0 0 0 
7    4    1653    0.9
74 0 0 0 0 0 0 0 
0 0 0 0 0 88 0 0 
0 0 19 0 0 0 0 0 
0 0 0 0 0 0 0 29 
0 0 0 0 0 0 10 0 
0 0 0 0 98 0 0 0 
0 0 0 54 0 0 0 0 
5    4    445    0.7
21 0 0 0 0 0 0 0 
0 0 0 0 1 0 0 0 
0 0 25 0 0 0 0 0 
0 48 0 0 0 0 0 0 
0 0 0 68 0 0 0 0 
6    7    536    0.4
0 0 0 0 0 42 0 0 
15 0 0 0 0 0 0 0 
0 0 0 18 0 0 0 0 
0 0 0 0 0 0 0 1 
0 23 0 0 0 0 0 0 
0 0 6 0 0 0 0 0 
5    0    1277    0.2
0 0 0 0 91 0 0 0 
96 0 0 0 0 0 0 0 
0 0 0 0 0 0 0 52 
0 81 0 0 0 0 0 0 
0 0 0 0 0 0 18 0 
5    1    1014    0.7
0 0 0 41 0 0 0 0 
0 0 0 0 0 0 84 0 
0 0 0 0 0 69 0 0 
44 0 0 0 0 0 0 0 
0 0 72 0 0 0 0 0 
7    1    1639    0.5
0 66 0 0 0 0 0 0 
0 0 51 0 0 0 0 0 
64 0 0 0 0 0 0 0 
0 0 0 0 0 0 0 29 
0 0 0 29 0 0 0 0 
0 0 0 0 72 0 0 0 
0 0 0 0 0 0 85 0 
6    2    1476    0.9
0 0 0 0 0 0 0 73 
0 0 48 0 0 0 0 0 
0 0 0 0 0 0 56 0 
90 0 0 0 0 0 0 0 
0 88 0 0 0 0 0 0 
0 0 0 0 45 0 0 0 
5    3    751    0.8
0 0 0 0 0 0 27 0 
73 0 0 0 0 0 0 0 
0 0 0 0 0 0 0 8 
0 0 92 0 0 0 0 0 
0 0 0 0 42 0 0 0 
5    2    735    0.3
0 0 0 0 0 0 0 66 
25 0 0 0 0 0 0 0 
0 0 0 35 0 0 0 0 
0 0 0 0 0 0 7 0 
0 0 0 0 0 68 0 0 
7    6    1381    0.8
0 10 0 0 0 0 0 0 
0 0 0 0 0 0 39 0 
0 0 0 0 78 0 0 0 
0 0 82 0 0 0 0 0 
0 0 0 0 0 60 0 0 
0 0 0 0 0 0 0 21 
27 0 0 0 0 0 0 0 
6    1    1773    0.6
0 0 85 0 0 0 0 0 
0 0 0 0 0 94 0 0 
77 0 0 0 0 0 0 0 
0 0 0 90 0 0 0 0 
0 0 0 0 0 0 10 0 
0 66 0 0 0 0 0 0 
5    4    821    0.2
0 0 0 0 51 0 0 0 
0 0 64 0 0 0 0 0 
0 0 0 0 0 34 0 0 
46 0 0 0 0 0 0 0 
0 0 0 0 0 0 0 10 
6    4    1034    0.3
32 0 0 0 0 0 0 0 
0 0 0 0 0 0 0 60 
0 0 0 0 0 0 70 0 
0 0 31 0 0 0 0 0 
0 0 0 22 0 0 0 0 
0 29 0 0 0 0 0 0 
7    5    1445    0.8
0 28 0 0 0 0 0 0 
0 0 76 0 0 0 0 0 
0 0 0 0 0 0 0 29 
0 0 0 63 0 0 0 0 
0 0 0 0 38 0 0 0 
70 0 0 0 0 0 0 0 
0 0 0 0 0 0 67 0 
5    5    1193    0.7
0 0 0 0 96 0 0 0 
0 0 45 0 0 0 0 0 
0 0 0 77 0 0 0 0 
47 0 0 0 0 0 0 0 
0 0 0 0 0 0 91 0 
6    7    1332    0.4
0 0 0 0 54 0 0 0 
0 88 0 0 0 0 0 0 
19 0 0 0 0 0 0 0 
0 0 0 0 0 0 0 47 
0 0 0 0 0 0 96 0 
0 0 84 0 0 0 0 0 
7    5    1661    0.1
0 0 0 0 0 0 0 75 
0 68 0 0 0 0 0 0 
0 0 0 50 0 0 0 0 
42 0 0 0 0 0 0 0 
0 0 0 0 31 0 0 0 
0 0 0 0 0 0 37 0 
0 0 0 0 0 49 0 0 
7    0    1112    0.4
0 0 0 0 0 0 34 0 
0 0 0 31 0 0 0 0 
0 44 0 0 0 0 0 0 
0 0 7 0 0 0 0 0 
0 0 0 0 44 0 0 0 
0 0 0 0 0 92 0 0 
42 0 0 0 0 0 0 0 
6    6    1435    0.9
86 0 0 0 0 0 0 0 
0 0 0 0 0 0 0 85 
0 25 0 0 0 0 0 0 
0 0 0 0 0 0 72 0 
0 0 0 0 0 26 0 0 
0 0 38 0 0 0 0 0 
7    0    1584    0.7
0 3 0 0 0 0 0 0 
0 0 0 92 0 0 0 0 
0 0 0 0 0 94 0 0 
0 0 46 0 0 0 0 0 
25 0 0 0 0 0 0 0 
0 0 0 0 0 0 0 79 
0 0 0 0 24 0 0 0 
7    3    1370    0.1
0 0 0 0 0 73 0 0 
0 0 0 0 0 0 0 5 
77 0 0 0 0 0 0 0 
0 53 0 0 0 0 0 0 
0 0 0 17 0 0 0 0 
0 0 9 0 0 0 0 0 
0 0 0 0 48 0 0 0 
5    6    984    0.7
0 0 0 0 0 0 60 0 
0 0 0 0 0 89 0 0 
0 0 0 0 0 0 0 20 
0 59 0 0 0 0 0 0 
64 0 0 0 0 0 0 0 
5    3    800    0.9
0 0 0 0 49 0 0 0 
0 0 0 13 0 0 0 0 
0 0 74 0 0 0 0 0 
90 0 0 0 0 0 0 0 
0 10 0 0 0 0 0 0 
6    4    1606    0.6
71 0 0 0 0 0 0 0 
0 0 0 0 61 0 0 0 
0 0 0 0 0 0 0 95 
0 69 0 0 0 0 0 0 
0 0 68 0 0 0 0 0 
0 0 0 0 0 0 51 0 
5    0    893    0.7
0 0 0 0 0 0 0 18 
0 0 0 0 0 0 82 0 
0 87 0 0 0 0 0 0 
15 0 0 0 0 0 0 0 
0 0 0 75 0 0 0 0 
7    4    1250    0.6
88 0 0 0 0 0 0 0 
0 0 0 0 0 0 16 0 
0 0 0 0 0 31 0 0 
0 0 0 0 21 0 0 0 
0 0 0 0 0 0 0 27 
0 65 0 0 0 0 0 0 
0 0 2 0 0 0 0 0 
6    0    736    0.2
0 4 0 0 0 0 0 0 
0 0 0 0 0 25 0 0 
0 0 48 0 0 0 0 0 
46 0 0 0 0 0 0 0 
0 0 0 58 0 0 0 0 
0 0 0 0 39 0 0 0 
6    0    1227    0.2
0 0 0 0 0 0 0 47 
0 0 0 48 0 0 0 0 
0 0 0 0 0 0 77 0 
61 0 0 0 0 0 0 0 
0 0 0 0 24 0 0 0 
0 0 71 0 0 0 0 0 
6    2    937    0.4
0 0 0 0 0 0 72 0 
0 0 7 0 0 0 0 0 
0 0 0 0 0 0 0 40 
39 0 0 0 0 0 0 0 
0 27 0 0 0 0 0 0 
0 0 0 0 47 0 0 0 
5    0    1140    0.5
96 0 0 0 0 0 0 0 
0 0 0 39 0 0 0 0 
0 0 0 0 87 0 0 0 
0 0 0 0 0 47 0 0 
0 0 0 0 0 0 25 0 
5    7    743    0.4
0 0 0 0 48 0 0 0 
0 0 0 39 0 0 0 0 
0 0 0 0 0 0 0 51 
24 0 0 0 0 0 0 0 
0 0 0 0 0 74 0 0 
6    1    1729    0.3
0 0 0 0 95 0 0 0 
0 0 0 0 0 0 0 86 
0 0 0 57 0 0 0 0 
66 0 0 0 0 0 0 0 
0 71 0 0 0 0 0 0 
0 0 0 0 0 76 0 0 
5    6    864    0.6
61 0 0 0 0 0 0 0 
0 0 0 12 0 0 0 0 
0 0 0 0 0 0 0 94 
0 69 0 0 0 0 0 0 
0 0 0 0 0 0 21 0 
5    4    825    0.7
0 0 0 0 69 0 0 0 
0 0 0 0 0 0 51 0 
0 0 0 12 0 0 0 0 
0 0 14 0 0 0 0 0 
100 0 0 0 0 0 0 0 
6    6    1784    0.9
0 0 0 0 0 0 93 0 
97 0 0 0 0 0 0 0 
0 0 77 0 0 0 0 0 
0 54 0 0 0 0 0 0 
0 0 0 0 0 0 0 78 
0 0 0 0 36 0 0 0 
7    5    1160    0.2
0 0 0 0 0 0 28 0 
0 0 0 0 0 33 0 0 
0 0 0 0 0 0 0 31 
0 0 0 0 85 0 0 0 
14 0 0 0 0 0 0 0 
0 0 0 45 0 0 0 0 
0 0 30 0 0 0 0 0 
5    5    894    0.8
0 0 0 0 0 0 67 0 
0 0 0 50 0 0 0 0 
0 0 0 0 0 9 0 0 
71 0 0 0 0 0 0 0 
0 0 100 0 0 0 0 0 
7    4    1235    0.7
35 0 0 0 0 0 0 0 
0 0 62 0 0 0 0 0 
0 0 0 0 0 0 7 0 
0 0 0 0 0 17 0 0 
0 92 0 0 0 0 0 0 
0 0 0 51 0 0 0 0 
0 0 0 0 39 0 0 0 
7    2    1143    0.1
0 0 74 0 0 0 0 0 
0 0 0 0 0 0 1 0 
0 6 0 0 0 0 0 0 
0 0 0 93 0 0 0 0 
5 0 0 0 0 0 0 0 
0 0 0 0 0 39 0 0 
0 0 0 0 0 0 0 34 
6    2    1016    0.7
0 62 0 0 0 0 0 0 
0 0 0 0 20 0 0 0 
6 0 0 0 0 0 0 0 
0 0 0 0 0 100 0 0 
0 0 0 0 0 0 20 0 
0 0 0 64 0 0 0 0 
5    2    686    0.9
0 58 0 0 0 0 0 0 
0 0 30 0 0 0 0 0 
45 0 0 0 0 0 0 0 
0 0 0 0 0 0 0 24 
0 0 0 0 8 0 0 0 
6    5    1027    0.9
0 0 0 0 0 0 0 71 
0 0 0 0 15 0 0 0 
0 0 0 20 0 0 0 0 
0 85 0 0 0 0 0 0 
50 0 0 0 0 0 0 0 
0 0 0 0 0 19 0 0 
5    2    1001    0.9
48 0 0 0 0 0 0 0 
0 84 0 0 0 0 0 0 
0 0 0 0 51 0 0 0 
0 0 0 0 0 0 0 71 
0 0 0 0 0 5 0 0 
7    1    1914    0.5
92 0 0 0 0 0 0 0 
0 0 0 0 59 0 0 0 
0 57 0 0 0 0 0 0 
0 0 0 40 0 0 0 0 
0 0 0 0 0 93 0 0 
0 0 0 0 0 0 34 0 
0 0 0 0 0 0 0 32 
6    6    943    0.4
0 0 0 30 0 0 0 0 
0 0 0 0 0 0 0 23 
0 72 0 0 0 0 0 0 
33 0 0 0 0 0 0 0 
0 0 0 0 40 0 0 0 
0 0 0 0 0 0 83 0 
7    4    1508    0.9
51 0 0 0 0 0 0 0 
0 53 0 0 0 0 0 0 
0 0 0 0 0 65 0 0 
0 0 0 0 17 0 0 0 
0 0 0 91 0 0 0 0 
0 0 0 0 0 0 21 0 
0 0 0 0 0 0 0 3 
5    3    1048    0.2
0 0 0 0 0 74 0 0 
0 83 0 0 0 0 0 0 
0 0 0 0 0 0 0 13 
0 0 73 0 0 0 0 0 
86 0 0 0 0 0 0 0 
5    1    987    0.5
0 0 0 68 0 0 0 0 
0 0 0 0 0 0 0 77 
0 0 0 0 0 47 0 0 
0 6 0 0 0 0 0 0 
73 0 0 0 0 0 0 0 
5    0    1283    0.2
0 0 0 97 0 0 0 0 
0 0 97 0 0 0 0 0 
0 0 0 0 0 0 0 76 
38 0 0 0 0 0 0 0 
0 0 0 0 0 47 0 0 
7    2    1553    0.3
0 0 0 0 0 0 0 33 
0 0 55 0 0 0 0 0 
0 0 0 0 0 0 49 0 
0 41 0 0 0 0 0 0 
0 0 0 62 0 0 0 0 
100 0 0 0 0 0 0 0 
0 0 0 0 0 99 0 0 
5    6    701    0.9
0 0 0 0 24 0 0 0 
0 0 13 0 0 0 0 0 
78 0 0 0 0 0 0 0 
0 0 0 0 0 0 92 0 
0 19 0 0 0 0 0 0 
6    4    1279    0.3
0 0 0 0 0 0 0 64 
0 0 0 0 30 0 0 0 
0 0 0 0 0 0 67 0 
0 0 0 0 0 90 0 0 
0 30 0 0 0 0 0 0 
63 0 0 0 0 0 0 0 
5    4    604    0.2
14 0 0 0 0 0 0 0 
0 0 0 0 0 0 0 38 
0 0 0 0 0 0 17 0 
0 0 82 0 0 0 0 0 
0 0 0 54 0 0 0 0 
5    3    1039    0.7
0 0 0 0 0 0 0 23 
0 0 92 0 0 0 0 0 
80 0 0 0 0 0 0 0 
0 72 0 0 0 0 0 0 
0 0 0 0 0 78 0 0 
6    5    918    0.9
0 17 0 0 0 0 0 0 
0 0 0 0 0 0 0 73 
0 0 0 0 7 0 0 0 
0 0 0 0 0 0 33 0 
86 0 0 0 0 0 0 0 
0 0 62 0 0 0 0 0 
6    0    1213    0.1
0 0 66 0 0 0 0 0 
0 0 0 0 0 0 69 0 
29 0 0 0 0 0 0 0 
0 0 0 0 0 0 0 34 
0 0 0 0 0 73 0 0 
0 0 0 23 0 0 0 0 
6    6    1306    0.3
0 85 0 0 0 0 0 0 
27 0 0 0 0 0 0 0 
0 0 30 0 0 0 0 0 
0 0 0 0 0 0 73 0 
0 0 0 0 0 0 0 89 
0 0 0 70 0 0 0 0 
5    6    909    0.8
0 75 0 0 0 0 0 0 
0 0 0 0 0 0 38 0 
16 0 0 0 0 0 0 0 
0 0 0 0 0 0 0 84 
0 0 0 62 0 0 0 0 
7    4    1212    0.4
0 0 0 26 0 0 0 0 
0 10 0 0 0 0 0 0 
0 0 0 0 0 0 0 34 
0 0 0 0 0 0 64 0 
0 0 0 0 99 0 0 0 
0 0 55 0 0 0 0 0 
18 0 0 0 0 0 0 0 
7    4    1713    0.2
0 0 0 0 0 0 0 54 
0 0 0 48 0 0 0 0 
0 0 0 0 0 0 23 0 
0 0 0 0 0 96 0 0 
0 0 0 0 85 0 0 0 
55 0 0 0 0 0 0 0 
0 82 0 0 0 0 0 0 
5    0    1451    0.6
97 0 0 0 0 0 0 0 
0 0 0 85 0 0 0 0 
0 0 0 0 81 0 0 0 
0 0 0 0 0 96 0 0 
0 0 0 0 0 0 0 85 
5    5    727    0.5
0 0 0 0 0 0 49 0 
0 0 0 29 0 0 0 0 
0 59 0 0 0 0 0 0 
7 0 0 0 0 0 0 0 
0 0 0 0 0 87 0 0 
6    5    1447    0.1
0 0 0 0 0 0 83 0 
0 0 0 0 0 55 0 0 
0 0 0 0 71 0 0 0 
56 0 0 0 0 0 0 0 
0 0 0 14 0 0 0 0 
0 0 93 0 0 0 0 0 
6    0    1067    0.3
0 0 0 0 0 0 46 0 
0 70 0 0 0 0 0 0 
10 0 0 0 0 0 0 0 
0 0 0 0 62 0 0 0 
0 0 0 0 0 0 0 38 
0 0 0 0 0 31 0 0 
5    6    628    0.9
0 32 0 0 0 0 0 0 
0 0 0 0 0 43 0 0 
0 0 0 0 0 0 37 0 
5 0 0 0 0 0 0 0 
0 0 0 0 0 0 0 85 
5    0    534    0.2
0 0 3 0 0 0 0 0 
0 0 0 0 0 0 48 0 
0 0 0 0 31 0 0 0 
0 0 0 0 0 0 0 10 
91 0 0 0 0 0 0 0 
5    2    1071    0.5
37 0 0 0 0 0 0 0 
0 0 0 0 0 0 76 0 
0 0 94 0 0 0 0 0 
0 88 0 0 0 0 0 0 
0 0 0 0 27 0 0 0 
5    7    825    0.2
0 0 0 0 93 0 0 0 
0 0 0 0 0 6 0 0 
47 0 0 0 0 0 0 0 
0 0 0 0 0 0 33 0 
0 47 0 0 0 0 0 0 
7    6    1727    0.7
0 0 0 0 0 0 0 86 
0 0 0 57 0 0 0 0 
0 35 0 0 0 0 0 0 
0 0 0 0 0 0 7 0 
0 0 0 0 81 0 0 0 
0 0 93 0 0 0 0 0 
56 0 0 0 0 0 0 0 
7    1    2123    0.5
0 39 0 0 0 0 0 0 
94 0 0 0 0 0 0 0 
0 0 0 0 0 84 0 0 
0 0 91 0 0 0 0 0 
0 0 0 0 89 0 0 0 
0 0 0 0 0 0 0 25 
0 0 0 88 0 0 0 0 
7    7    1069    0.5
0 0 0 0 0 17 0 0 
0 0 0 0 0 0 0 9 
0 0 0 94 0 0 0 0 
0 51 0 0 0 0 0 0 
0 0 30 0 0 0 0 0 
0 0 0 0 12 0 0 0 
30 0 0 0 0 0 0 0 
6    0    908    0.3
0 0 25 0 0 0 0 0 
0 0 0 0 0 16 0 0 
0 0 0 0 0 0 91 0 
0 0 0 0 17 0 0 0 
55 0 0 0 0 0 0 0 
0 38 0 0 0 0 0 0 
7    1    1270    0.7
0 0 0 0 0 0 0 53 
0 0 0 9 0 0 0 0 
69 0 0 0 0 0 0 0 
0 0 0 0 0 0 97 0 
0 0 1 0 0 0 0 0 
0 0 0 0 2 0 0 0 
0 0 0 0 0 25 0 0 
5    7    1239    0.8
0 0 0 0 89 0 0 0 
0 0 84 0 0 0 0 0 
0 0 0 43 0 0 0 0 
0 99 0 0 0 0 0 0 
54 0 0 0 0 0 0 0 
6    1    1481    0.7
0 0 0 0 0 0 0 43 
0 0 70 0 0 0 0 0 
75 0 0 0 0 0 0 0 
0 0 0 0 0 0 88 0 
0 86 0 0 0 0 0 0 
0 0 0 35 0 0 0 0 
7    3    2081    0.3
0 0 0 0 0 0 0 94 
69 0 0 0 0 0 0 0 
0 0 0 0 0 0 75 0 
0 0 0 0 0 80 0 0 
0 13 0 0 0 0 0 0 
0 0 76 0 0 0 0 0 
0 0 0 45 0 0 0 0 
5    3    782    0.6
0 65 0 0 0 0 0 0 
0 0 61 0 0 0 0 0 
0 0 0 0 0 0 6 0 
0 0 0 0 0 0 0 23 
49 0 0 0 0 0 0 0 
5    6    1235    0.7
0 91 0 0 0 0 0 0 
0 0 0 0 86 0 0 0 
51 0 0 0 0 0 0 0 
0 0 77 0 0 0 0 0 
0 0 0 38 0 0 0 0 
5    0    686    0.4
0 0 72 0 0 0 0 0 
0 0 0 26 0 0 0 0 
35 0 0 0 0 0 0 0 
0 0 0 0 0 0 0 11 
0 14 0 0 0 0 0 0 
6    6    939    0.1
0 0 0 9 0 0 0 0 
0 0 90 0 0 0 0 0 
0 0 0 0 58 0 0 0 
0 21 0 0 0 0 0 0 
4 0 0 0 0 0 0 0 
0 0 0 0 0 51 0 0 
6    7    987    0.1
0 15 0 0 0 0 0 0 
0 0 0 0 0 0 29 0 
0 0 0 49 0 0 0 0 
0 0 0 0 95 0 0 0 
72 0 0 0 0 0 0 0 
0 0 0 0 0 0 0 7 
7    3    1375    0.7
55 0 0 0 0 0 0 0 
0 30 0 0 0 0 0 0 
0 0 0 0 0 0 0 57 
0 0 0 0 0 9 0 0 
0 0 0 65 0 0 0 0 
0 0 0 0 87 0 0 0 
0 0 27 0 0 0 0 0 
7    0    1271    0.3
0 8 0 0 0 0 0 0 
0 0 0 0 0 0 0 12 
0 0 0 0 0 0 62 0 
0 0 0 91 0 0 0 0 
0 0 0 0 43 0 0 0 
0 0 0 0 0 74 0 0 
62 0 0 0 0 0 0 0 
6    4    1569    0.5
73 0 0 0 0 0 0 0 
0 89 0 0 0 0 0 0 
0 0 0 0 0 63 0 0 
0 0 0 83 0 0 0 0 
0 0 0 0 0 0 7 0 
0 0 82 0 0 0 0 0 
7    7    1598    0.4
0 0 0 0 0 0 58 0 
0 0 0 0 0 0 0 64 
0 0 0 66 0 0 0 0 
0 0 48 0 0 0 0 0 
0 23 0 0 0 0 0 0 
0 0 0 0 0 46 0 0 
33 0 0 0 0 0 0 0 
6    5    1107    0.8
71 0 0 0 0 0 0 0 
0 0 0 0 0 0 0 24 
0 0 0 0 0 0 51 0 
0 1 0 0 0 0 0 0 
0 0 0 98 0 0 0 0 
0 0 0 0 0 64 0 0 
6    6    932    0.4
53 0 0 0 0 0 0 0 
0 0 0 0 34 0 0 0 
0 0 35 0 0 0 0 0 
0 43 0 0 0 0 0 0 
0 0 0 0 0 0 0 13 
0 0 0 0 0 46 0 0 
6    6    828    0.6
0 0 0 0 0 0 0 8 
0 0 0 0 0 54 0 0 
45 0 0 0 0 0 0 0 
0 0 27 0 0 0 0 0 
0 0 0 0 0 0 53 0 
0 73 0 0 0 0 0 0 
5    2    931    0.4
0 17 0 0 0 0 0 0 
77 0 0 0 0 0 0 0 
0 0 0 93 0 0 0 0 
0 0 0 0 0 0 49 0 
0 0 0 0 0 32 0 0 
6    2    1321    0.9
0 73 0 0 0 0 0 0 
90 0 0 0 0 0 0 0 
0 0 16 0 0 0 0 0 
0 0 0 0 0 0 50 0 
0 0 0 46 0 0 0 0 
0 0 0 0 0 28 0 0 
5    7    1085    0.4
0 0 0 0 88 0 0 0 
0 0 0 0 0 0 36 0 
0 0 73 0 0 0 0 0 
100 0 0 0 0 0 0 0 
0 0 0 0 0 0 0 9 
5    1    655    0.9
0 0 72 0 0 0 0 0 
0 0 0 0 0 0 0 14 
0 0 0 7 0 0 0 0 
0 40 0 0 0 0 0 0 
38 0 0 0 0 0 0 0 
5    1    1083    0.6
0 0 0 0 64 0 0 0 
92 0 0 0 0 0 0 0 
0 0 0 0 0 0 50 0 
0 0 0 0 0 0 0 30 
0 0 0 0 0 100 0 0 
6    7    1556    0.4
0 0 0 97 0 0 0 0 
0 0 0 0 62 0 0 0 
0 0 0 0 0 0 17 0 
83 0 0 0 0 0 0 0 
0 0 0 0 0 0 0 98 
0 43 0 0 0 0 0 0 
5    3    1075    0.3
0 0 0 94 0 0 0 0 
0 0 0 0 0 29 0 0 
0 0 0 0 57 0 0 0 
75 0 0 0 0 0 0 0 
0 0 0 0 0 0 0 44 
5    0    987    0.5
44 0 0 0 0 0 0 0 
0 0 0 0 0 0 44 0 
0 0 0 0 0 79 0 0 
0 88 0 0 0 0 0 0 
0 0 0 55 0 0 0 0 
7    5    864    0.3
0 11 0 0 0 0 0 0 
0 0 0 0 59 0 0 0 
0 0 3 0 0 0 0 0 
48 0 0 0 0 0 0 0 
0 0 0 0 0 0 0 14 
0 0 0 0 0 36 0 0 
0 0 0 23 0 0 0 0 
5    4    624    0.5
0 0 0 0 0 0 11 0 
0 0 0 0 0 0 0 34 
0 0 0 0 0 82 0 0 
48 0 0 0 0 0 0 0 
0 0 0 0 10 0 0 0 
5    7    411    0.1
14 0 0 0 0 0 0 0 
0 0 0 0 0 0 0 18 
0 0 0 0 0 0 10 0 
0 0 0 14 0 0 0 0 
0 0 0 0 85 0 0 0 
5    5    380    0.2
0 0 9 0 0 0 0 0 
0 0 0 0 0 29 0 0 
0 0 0 43 0 0 0 0 
0 0 0 0 0 0 0 2 
26 0 0 0 0 0 0 0 
5    6    871    0.1
0 0 0 0 0 0 0 59 
24 0 0 0 0 0 0 0 
0 0 0 0 0 0 80 0 
0 73 0 0 0 0 0 0 
0 0 0 0 0 8 0 0 
7    0    1402    0.6
0 0 66 0 0 0 0 0 
0 0 0 0 0 70 0 0 
0 0 0 0 3 0 0 0 
0 0 0 56 0 0 0 0 
0 30 0 0 0 0 0 0 
0 0 0 0 0 0 0 3 
92 0 0 0 0 0 0 0 
6    1    1030    0.2
7 0 0 0 0 0 0 0 
0 0 56 0 0 0 0 0 
0 0 0 0 65 0 0 0 
0 0 0 59 0 0 0 0 
0 0 0 0 0 91 0 0 
0 0 0 0 0 0 1 0 
7    4    1101    0.7
0 0 0 0 0 17 0 0 
33 0 0 0 0 0 0 0 
0 0 86 0 0 0 0 0 
0 26 0 0 0 0 0 0 
0 0 0 0 27 0 0 0 
0 0 0 0 0 0 1 0 
0 0 0 0 0 0 0 64 
5    1    628    0.8
0 0 0 0 0 23 0 0 
0 0 0 0 42 0 0 0 
0 10 0 0 0 0 0 0 
0 0 0 0 0 0 78 0 
87 0 0 0 0 0 0 0 
5    2    892    0.6
0 0 0 0 0 77 0 0 
0 0 0 0 0 0 0 13 
0 0 0 39 0 0 0 0 
0 75 0 0 0 0 0 0 
87 0 0 0 0 0 0 0 
6    5    1349    0.3
0 0 0 0 0 92 0 0 
0 0 0 42 0 0 0 0 
14 0 0 0 0 0 0 0 
0 0 0 0 0 0 72 0 
0 76 0 0 0 0 0 0 
0 0 0 0 0 0 0 69 
6    2    1275    0.1
0 0 53 0 0 0 0 0 
0 0 0 0 0 0 62 0 
0 37 0 0 0 0 0 0 
0 0 0 0 0 0 0 88 
0 0 0 0 0 67 0 0 
11 0 0 0 0 0 0 0 
7    5    1743    0.4
0 0 0 0 0 0 0 55 
0 0 0 0 0 0 60 0 
0 0 89 0 0 0 0 0 
39 0 0 0 0 0 0 0 
0 0 0 0 0 67 0 0 
0 41 0 0 0 0 0 0 
0 0 0 19 0 0 0 0 
6    7    636    0.8
0 0 0 0 0 0 0 52 
0 28 0 0 0 0 0 0 
2 0 0 0 0 0 0 0 
0 0 4 0 0 0 0 0 
0 0 0 0 0 17 0 0 
0 0 0 0 0 0 10 0 
6    2    1064    0.9
0 47 0 0 0 0 0 0 
0 0 0 28 0 0 0 0 
0 0 0 0 41 0 0 0 
0 0 0 0 0 75 0 0 
66 0 0 0 0 0 0 0 
0 0 0 0 0 0 1 0 
6    7    1200    0.7
16 0 0 0 0 0 0 0 
0 0 0 82 0 0 0 0 
0 0 0 0 0 0 70 0 
0 31 0 0 0 0 0 0 
0 0 0 0 70 0 0 0 
0 0 0 0 0 55 0 0 
5    5    785    0.5
73 0 0 0 0 0 0 0 
0 0 0 0 0 0 37 0 
0 0 0 0 0 15 0 0 
0 0 0 0 0 0 0 31 
0 0 98 0 0 0 0 0 
7    5    1490    0.4
0 0 0 0 100 0 0 0 
0 0 14 0 0 0 0 0 
0 0 0 0 0 47 0 0 
0 55 0 0 0 0 0 0 
26 0 0 0 0 0 0 0 
0 0 0 31 0 0 0 0 
0 0 0 0 0 0 10 0 
5    1    1077    0.6
0 0 0 0 0 0 88 0 
0 72 0 0 0 0 0 0 
0 0 0 0 0 30 0 0 
0 0 0 0 67 0 0 0 
53 0 0 0 0 0 0 0 
5    0    753    0.1
0 0 0 0 70 0 0 0 
0 0 0 0 0 0 40 0 
0 36 0 0 0 0 0 0 
15 0 0 0 0 0 0 0 
0 0 18 0 0 0 0 0 
7    2    875    0.4
0 17 0 0 0 0 0 0 
0 0 25 0 0 0 0 0 
0 0 0 0 0 0 0 43 
0 0 0 33 0 0 0 0 
0 0 0 0 0 57 0 0 
7 0 0 0 0 0 0 0 
0 0 0 0 0 0 12 0 
6    4    1212    0.9
0 0 0 0 0 31 0 0 
0 0 0 0 75 0 0 0 
0 0 0 0 0 0 82 0 
19 0 0 0 0 0 0 0 
0 0 0 50 0 0 0 0 
0 0 70 0 0 0 0 0 
6    4    1399    0.2
55 0 0 0 0 0 0 0 
0 0 0 49 0 0 0 0 
0 0 0 0 0 75 0 0 
0 0 0 0 0 0 79 0 
0 0 66 0 0 0 0 0 
0 0 0 0 0 0 0 37 
5    0    966    0.2
0 0 0 0 10 0 0 0 
0 0 0 0 0 0 0 98 
100 0 0 0 0 0 0 0 
0 0 0 0 0 22 0 0 
0 0 0 0 0 0 94 0 
5    3    998    0.6
0 0 65 0 0 0 0 0 
78 0 0 0 0 0 0 0 
0 0 0 0 0 50 0 0 
0 0 0 0 0 0 42 0 
0 16 0 0 0 0 0 0 
6    2    1304    0.6
0 54 0 0 0 0 0 0 
0 0 0 0 44 0 0 0 
0 0 0 79 0 0 0 0 
0 0 0 0 0 0 0 99 
0 0 0 0 0 0 3 0 
49 0 0 0 0 0 0 0 
5    5    875    0.1
0 0 0 69 0 0 0 0 
0 0 0 0 0 0 31 0 
0 0 64 0 0 0 0 0 
0 0 0 0 0 0 0 45 
24 0 0 0 0 0 0 0 
7    1    1320    0.2
0 0 0 0 0 73 0 0 
76 0 0 0 0 0 0 0 
0 25 0 0 0 0 0 0 
0 0 0 0 0 0 0 15 
0 0 0 18 0 0 0 0 
0 0 0 0 0 0 13 0 
0 0 1 0 0 0 0 0 
6    5    1409    0.1
0 0 96 0 0 0 0 0 
0 0 0 57 0 0 0 0 
37 0 0 0 0 0 0 0 
0 0 0 0 0 0 0 37 
0 0 0 0 0 0 63 0 
0 0 0 0 0 52 0 0 
6    6    1351    0.9
0 0 0 81 0 0 0 0 
58 0 0 0 0 0 0 0 
0 49 0 0 0 0 0 0 
0 0 0 0 0 0 0 42 
0 0 57 0 0 0 0 0 
0 0 0 0 0 0 22 0 
5    0    566    0.4
45 0 0 0 0 0 0 0 
0 19 0 0 0 0 0 0 
0 0 12 0 0 0 0 0 
0 0 0 0 69 0 0 0 
0 0 0 0 0 4 0 0 
5    1    795    0.2
0 0 0 5 0 0 0 0 
0 0 0 0 99 0 0 0 
0 0 12 0 0 0 0 0 
0 0 0 0 0 68 0 0 
93 0 0 0 0 0 0 0 
5    5    416    0.1
10 0 0 0 0 0 0 0 
0 0 0 0 0 0 0 3 
0 0 0 0 0 0 35 0 
0 0 0 0 70 0 0 0 
0 14 0 0 0 0 0 0 
5    3    696    0.3
0 60 0 0 0 0 0 0 
0 0 0 0 0 0 0 33 
57 0 0 0 0 0 0 0 
0 0 0 0 0 0 2 0 
0 0 0 21 0 0 0 0 
7    2    1242    0.8
22 0 0 0 0 0 0 0 
0 0 0 0 0 0 0 23 
0 0 0 83 0 0 0 0 
0 0 0 0 41 0 0 0 
0 0 0 0 0 0 49 0 
0 0 52 0 0 0 0 0 
0 43 0 0 0 0 0 0 
7    7    1560    0.3
0 0 0 0 0 100 0 0 
39 0 0 0 0 0 0 0 
0 0 0 0 0 0 13 0 
0 0 0 0 44 0 0 0 
0 71 0 0 0 0 0 0 
0 0 0 32 0 0 0 0 
0 0 0 0 0 0 0 21 
7    7    1996    0.4
0 0 0 87 0 0 0 0 
0 63 0 0 0 0 0 0 
0 0 0 0 68 0 0 0 
60 0 0 0 0 0 0 0 
0 0 0 0 0 0 77 0 
0 0 0 0 0 0 0 31 
0 0 0 0 0 56 0 0 
5    7    770    0.1
0 0 0 28 0 0 0 0 
36 0 0 0 0 0 0 0 
0 0 0 0 0 64 0 0 
0 0 0 0 62 0 0 0 
0 0 72 0 0 0 0 0 
7    7    1281    0.4
0 0 0 0 0 0 93 0 
0 24 0 0 0 0 0 0 
0 0 0 0 0 0 0 4 
16 0 0 0 0 0 0 0 
0 0 0 0 0 51 0 0 
0 0 43 0 0 0 0 0 
0 0 0 60 0 0 0 0 
6    3    967    0.6
0 0 11 0 0 0 0 0 
0 35 0 0 0 0 0 0 
89 0 0 0 0 0 0 0 
0 0 0 32 0 0 0 0 
0 0 0 0 0 0 0 65 
0 0 0 0 0 69 0 0 
5    6    846    0.5
0 0 0 0 68 0 0 0 
11 0 0 0 0 0 0 0 
0 0 69 0 0 0 0 0 
0 46 0 0 0 0 0 0 
0 0 0 0 0 0 71 0 
7    1    1810    0.6
0 0 0 0 0 97 0 0 
0 0 0 0 0 0 0 13 
0 0 0 62 0 0 0 0 
0 0 50 0 0 0 0 0 
0 0 0 0 88 0 0 0 
0 0 0 0 0 0 50 0 
94 0 0 0 0 0 0 0 
7    0    780    0.6
0 0 9 0 0 0 0 0 
0 0 0 0 0 0 0 32 
0 0 0 0 0 0 8 0 
35 0 0 0 0 0 0 0 
0 48 0 0 0 0 0 0 
0 0 0 0 43 0 0 0 
0 0 0 29 0 0 0 0 
6    5    1583    0.1
96 0 0 0 0 0 0 0 
0 71 0 0 0 0 0 0 
0 0 0 0 97 0 0 0 
0 0 0 46 0 0 0 0 
0 0 0 0 0 0 0 7 
0 0 0 0 0 0 18 0 
5    0    991    0.6
0 0 0 0 62 0 0 0 
0 0 0 0 0 0 0 53 
0 50 0 0 0 0 0 0 
80 0 0 0 0 0 0 0 
0 0 0 51 0 0 0 0 
7    6    958    0.8
14 0 0 0 0 0 0 0 
0 0 11 0 0 0 0 0 
0 38 0 0 0 0 0 0 
0 0 0 0 0 99 0 0 
0 0 0 0 10 0 0 0 
0 0 0 0 0 0 0 20 
0 0 0 24 0 0 0 0 
7    1    1823    0.1
0 0 0 0 0 71 0 0 
0 0 0 0 0 0 69 0 
0 0 0 42 0 0 0 0 
78 0 0 0 0 0 0 0 
0 0 40 0 0 0 0 0 
0 0 0 0 70 0 0 0 
0 0 0 0 0 0 0 13 
6    4    1060    0.8
5 0 0 0 0 0 0 0 
0 68 0 0 0 0 0 0 
0 0 0 0 83 0 0 0 
0 0 0 0 0 0 71 0 
0 0 0 0 0 6 0 0 
0 0 0 35 0 0 0 0 
5    1    798    0.4
0 0 0 0 5 0 0 0 
72 0 0 0 0 0 0 0 
0 0 52 0 0 0 0 0 
0 0 0 0 0 0 86 0 
0 0 0 79 0 0 0 0 
7    7    1692    0.5
0 0 0 0 51 0 0 0 
0 73 0 0 0 0 0 0 
0 0 0 8 0 0 0 0 
80 0 0 0 0 0 0 0 
0 0 81 0 0 0 0 0 
0 0 0 0 0 53 0 0 
0 0 0 0 0 0 0 74 
7    3    1139    0.8
0 0 0 0 0 1 0 0 
0 0 0 36 0 0 0 0 
0 0 0 0 0 0 0 90 
14 0 0 0 0 0 0 0 
0 0 0 0 65 0 0 0 
0 0 32 0 0 0 0 0 
0 0 0 0 0 0 73 0 
5    7    1236    0.2
0 0 0 0 0 80 0 0 
91 0 0 0 0 0 0 0 
0 0 0 59 0 0 0 0 
0 0 0 0 0 0 70 0 
0 0 0 0 0 0 0 67 
7    1    1888    0.4
99 0 0 0 0 0 0 0 
0 42 0 0 0 0 0 0 
0 0 93 0 0 0 0 0 
0 0 0 0 73 0 0 0 
0 0 0 13 0 0 0 0 
0 0 0 0 0 0 9 0 
0 0 0 0 0 0 0 46 
7    5    1320    0.7
0 25 0 0 0 0 0 0 
0 0 0 35 0 0 0 0 
0 0 0 0 47 0 0 0 
0 0 44 0 0 0 0 0 
0 0 0 0 0 0 0 79 
57 0 0 0 0 0 0 0 
0 0 0 0 0 0 69 0 
5    4    1251    0.8
0 0 0 0 0 0 69 0 
0 0 0 0 93 0 0 0 
96 0 0 0 0 0 0 0 
0 0 0 0 0 70 0 0 
0 0 0 0 0 0 0 2 
5    5    1066    0.8
0 0 24 0 0 0 0 0 
0 0 0 0 0 0 90 0 
0 0 0 96 0 0 0 0 
0 0 0 0 0 85 0 0 
25 0 0 0 0 0 0 0 
5    0    728    0.9
0 0 35 0 0 0 0 0 
0 0 0 0 0 0 0 18 
0 0 0 93 0 0 0 0 
12 0 0 0 0 0 0 0 
0 0 0 0 0 75 0 0 
6    2    1109    0.5
0 0 0 0 0 15 0 0 
0 0 0 0 0 0 36 0 
0 0 0 0 0 0 0 74 
0 0 0 79 0 0 0 0 
97 0 0 0 0 0 0 0 
0 0 0 0 32 0 0 0 
6    3    1253    0.9
0 0 0 0 0 0 15 0 
0 0 0 0 86 0 0 0 
0 74 0 0 0 0 0 0 
0 0 0 0 0 0 0 19 
0 0 0 99 0 0 0 0 
89 0 0 0 0 0 0 0 
5    5    1073    0.2
48 0 0 0 0 0 0 0 
0 0 0 0 79 0 0 0 
0 0 0 88 0 0 0 0 
0 73 0 0 0 0 0 0 
0 0 0 0 0 13 0 0 
5    7    1172    0.8
0 0 0 0 0 0 92 0 
0 0 0 90 0 0 0 0 
0 51 0 0 0 0 0 0 
0 0 0 0 0 38 0 0 
15 0 0 0 0 0 0 0 
7    5    858    0.3
0 0 0 28 0 0 0 0 
0 0 0 0 31 0 0 0 
0 0 42 0 0 0 0 0 
0 7 0 0 0 0 0 0 
21 0 0 0 0 0 0 0 
0 0 0 0 0 8 0 0 
0 0 0 0 0 0 0 66 
6    5    1351    0.7
0 0 42 0 0 0 0 0 
0 0 0 0 73 0 0 0 
0 69 0 0 0 0 0 0 
0 0 0 0 0 83 0 0 
0 0 0 22 0 0 0 0 
72 0 0 0 0 0 0 0 
6    1    1211    0.2
0 0 0 39 0 0 0 0 
0 0 0 0 0 59 0 0 
0 0 0 0 35 0 0 0 
70 0 0 0 0 0 0 0 
0 0 99 0 0 0 0 0 
0 61 0 0 0 0 0 0 
6    2    1025    0.3
0 0 0 39 0 0 0 0 
0 0 0 0 62 0 0 0 
0 8 0 0 0 0 0 0 
0 0 0 0 0 99 0 0 
0 0 0 0 0 0 24 0 
4 0 0 0 0 0 0 0 
7    5    702    0.3
0 2 0 0 0 0 0 0 
0 0 47 0 0 0 0 0 
0 0 0 0 9 0 0 0 
0 0 0 0 0 0 13 0 
0 0 0 0 0 0 0 44 
0 0 0 0 0 12 0 0 
81 0 0 0 0 0 0 0 
7    0    1650    0.9
0 10 0 0 0 0 0 0 
0 0 76 0 0 0 0 0 
78 0 0 0 0 0 0 0 
0 0 0 74 0 0 0 0 
0 0 0 0 0 0 0 63 
0 0 0 0 0 0 43 0 
0 0 0 0 33 0 0 0 
7    0    1697    0.4
0 0 0 0 0 0 96 0 
11 0 0 0 0 0 0 0 
0 0 0 0 0 0 0 54 
0 0 72 0 0 0 0 0 
0 0 0 0 0 100 0 0 
0 0 0 6 0 0 0 0 
0 2 0 0 0 0 0 0 
5    6    723    0.7
27 0 0 0 0 0 0 0 
0 0 0 0 53 0 0 0 
0 0 37 0 0 0 0 0 
0 0 0 0 0 0 37 0 
0 0 0 98 0 0 0 0 
6    3    1350    0.9
0 0 0 0 33 0 0 0 
0 88 0 0 0 0 0 0 
87 0 0 0 0 0 0 0 
0 0 55 0 0 0 0 0 
0 0 0 0 0 0 0 28 
0 0 0 0 0 0 56 0 
6    5    1123    0.1
74 0 0 0 0 0 0 0 
0 0 0 0 0 0 0 9 
0 0 0 0 0 0 65 0 
0 0 0 0 25 0 0 0 
0 58 0 0 0 0 0 0 
0 0 59 0 0 0 0 0 
5    2    1201    0.8
0 0 0 0 0 0 0 88 
0 0 69 0 0 0 0 0 
0 0 0 0 58 0 0 0 
97 0 0 0 0 0 0 0 
0 21 0 0 0 0 0 0 
6    1    1377    0.9
0 0 0 0 99 0 0 0 
0 0 0 74 0 0 0 0 
0 0 0 0 0 0 0 29 
0 0 0 0 0 19 0 0 
0 0 0 0 0 0 48 0 
58 0 0 0 0 0 0 0 
7    0    1119    0.7
0 0 0 0 0 45 0 0 
20 0 0 0 0 0 0 0 
0 32 0 0 0 0 0 0 
0 0 0 90 0 0 0 0 
0 0 0 0 0 0 0 5 
0 0 0 0 0 0 15 0 
0 0 0 0 7 0 0 0 
5    3    584    0.2
0 0 0 14 0 0 0 0 
0 0 0 0 0 0 23 0 
0 0 64 0 0 0 0 0 
40 0 0 0 0 0 0 0 
0 0 0 0 0 0 0 22 
5    3    745    0.8
0 0 0 27 0 0 0 0 
0 0 0 0 0 95 0 0 
0 0 0 0 8 0 0 0 
0 46 0 0 0 0 0 0 
26 0 0 0 0 0 0 0 
5    6    624    0.6
0 0 0 0 0 37 0 0 
0 0 0 0 0 0 0 31 
0 0 0 0 0 0 6 0 
0 0 67 0 0 0 0 0 
97 0 0 0 0 0 0 0 
5    5    623    0.3
0 0 41 0 0 0 0 0 
0 0 0 0 0 0 9 0 
0 0 0 0 0 0 0 87 
12 0 0 0 0 0 0 0 
0 0 0 0 0 31 0 0 
6    1    1624    0.5
0 0 0 67 0 0 0 0 
0 0 0 0 99 0 0 0 
0 0 0 0 0 81 0 0 
63 0 0 0 0 0 0 0 
0 0 0 0 0 0 0 12 
0 0 78 0 0 0 0 0 
5    7    871    0.2
0 0 0 5 0 0 0 0 
0 76 0 0 0 0 0 0 
87 0 0 0 0 0 0 0 
0 0 0 0 0 0 75 0 
0 0 35 0 0 0 0 0 
5    5    784    0.2
13 0 0 0 0 0 0 0 
0 0 0 48 0 0 0 0 
0 0 0 0 0 0 89 0 
0 0 0 0 0 0 0 83 
0 0 2 0 0 0 0 0 
6    7    1174    0.8
0 0 0 0 0 0 16 0 
0 0 0 0 0 85 0 0 
0 0 0 90 0 0 0 0 
0 49 0 0 0 0 0 0 
27 0 0 0 0 0 0 0 
0 0 31 0 0 0 0 0 
6    2    1452    0.3
0 0 74 0 0 0 0 0 
0 89 0 0 0 0 0 0 
0 0 0 39 0 0 0 0 
51 0 0 0 0 0 0 0 
0 0 0 0 74 0 0 0 
0 0 0 0 0 30 0 0 
5    7    692    0.8
0 0 0 7 0 0 0 0 
0 38 0 0 0 0 0 0 
97 0 0 0 0 0 0 0 
0 0 22 0 0 0 0 0 
0 0 0 0 0 0 74 0 
6    7    1438    0.4
0 51 0 0 0 0 0 0 
0 0 0 84 0 0 0 0 
0 0 0 0 0 0 86 0 
0 0 0 0 0 0 0 46 
0 0 0 0 0 44 0 0 
13 0 0 0 0 0 0 0 
7    0    1028    0.9
0 15 0 0 0 0 0 0 
79 0 0 0 0 0 0 0 
0 0 0 0 19 0 0 0 
0 0 0 0 0 7 0 0 
0 0 0 0 0 0 23 0 
0 0 45 0 0 0 0 0 
0 0 0 0 0 0 0 91 
6    6    1285    0.6
0 0 0 55 0 0 0 0 
99 0 0 0 0 0 0 0 
0 0 0 0 0 0 0 16 
0 0 0 0 0 18 0 0 
0 0 0 0 83 0 0 0 
0 0 68 0 0 0 0 0 
7    1    1981    0.2
0 0 0 0 93 0 0 0 
0 0 0 0 0 57 0 0 
0 0 0 68 0 0 0 0 
0 0 68 0 0 0 0 0 
0 0 0 0 0 0 0 19 
0 85 0 0 0 0 0 0 
91 0 0 0 0 0 0 0 
7    0    969    0.8
0 0 0 0 0 16 0 0 
0 0 0 0 0 0 0 7 
0 15 0 0 0 0 0 0 
0 0 77 0 0 0 0 0 
0 0 0 0 56 0 0 0 
0 0 0 0 0 0 67 0 
65 0 0 0 0 0 0 0 
5    3    885    0.7
0 0 0 0 0 0 0 21 
0 0 94 0 0 0 0 0 
38 0 0 0 0 0 0 0 
0 0 0 0 62 0 0 0 
0 0 0 0 0 0 85 0 
5    2    1157    0.2
0 0 0 95 0 0 0 0 
56 0 0 0 0 0 0 0 
0 0 0 0 0 0 0 49 
0 99 0 0 0 0 0 0 
0 0 0 0 0 11 0 0 
6    0    1412    0.9
0 0 0 0 0 0 54 0 
90 0 0 0 0 0 0 0 
0 0 0 0 29 0 0 0 
0 0 0 0 0 0 0 64 
0 73 0 0 0 0 0 0 
0 0 98 0 0 0 0 0 
6    7    1110    0.9
0 0 0 0 80 0 0 0 
0 35 0 0 0 0 0 0 
0 0 0 0 0 11 0 0 
63 0 0 0 0 0 0 0 
0 0 44 0 0 0 0 0 
0 0 0 32 0 0 0 0 
6    3    1258    0.3
44 0 0 0 0 0 0 0 
0 0 81 0 0 0 0 0 
0 0 0 0 0 0 44 0 
0 0 0 30 0 0 0 0 
0 0 0 0 0 0 0 97 
0 39 0 0 0 0 0 0 
7    3    1177    0.3
0 0 0 0 0 0 0 11 
0 0 0 0 0 0 46 0 
28 0 0 0 0 0 0 0 
0 0 0 0 25 0 0 0 
0 0 94 0 0 0 0 0 
0 0 0 0 0 71 0 0 
0 0 0 69 0 0 0 0 
7    0    1957    0.7
0 98 0 0 0 0 0 0 
0 0 0 25 0 0 0 0 
0 0 65 0 0 0 0 0 
0 0 0 0 0 55 0 0 
0 0 0 0 0 0 0 63 
93 0 0 0 0 0 0 0 
0 0 0 0 75 0 0 0 
5    5    427    0.2
0 0 0 0 0 14 0 0 
0 0 0 0 31 0 0 0 
0 0 0 23 0 0 0 0 
28 0 0 0 0 0 0 0 
0 6 0 0 0 0 0 0 
6    3    1063    0.3
0 0 0 21 0 0 0 0 
0 0 74 0 0 0 0 0 
0 0 0 0 0 36 0 0 
36 0 0 0 0 0 0 0 
0 0 0 0 0 0 88 0 
0 0 0 0 0 0 0 32 
7    1    1098    0.2
0 0 0 36 0 0 0 0 
49 0 0 0 0 0 0 0 
0 0 0 0 32 0 0 0 
0 0 0 0 0 37 0 0 
0 0 0 0 0 0 23 0 
0 0 43 0 0 0 0 0 
0 0 0 0 0 0 0 13 
5    7    822    0.7
0 0 0 0 0 0 48 0 
0 0 0 42 0 0 0 0 
0 0 0 0 68 0 0 0 
0 0 0 0 0 0 0 14 
85 0 0 0 0 0 0 0 
7    1    1730    0.8
0 0 0 0 0 0 0 16 
0 0 87 0 0 0 0 0 
0 0 0 0 0 94 0 0 
48 0 0 0 0 0 0 0 
0 0 0 0 66 0 0 0 
0 64 0 0 0 0 0 0 
0 0 0 29 0 0 0 0 
5    4    1041    0.2
0 0 0 0 0 64 0 0 
71 0 0 0 0 0 0 0 
0 0 100 0 0 0 0 0 
0 0 0 0 0 0 0 24 
0 0 0 0 0 0 2 0 
6    5    1354    0.8
0 0 97 0 0 0 0 0 
47 0 0 0 0 0 0 0 
0 0 0 0 0 0 0 16 
0 0 0 0 0 85 0 0 
0 50 0 0 0 0 0 0 
0 0 0 0 24 0 0 0 
7    6    1598    0.1
82 0 0 0 0 0 0 0 
0 0 8 0 0 0 0 0 
0 0 0 91 0 0 0 0 
0 0 0 0 0 0 28 0 
0 0 0 0 0 22 0 0 
0 63 0 0 0 0 0 0 
0 0 0 0 88 0 0 0 
6    3    1373    0.3
0 0 0 0 0 0 81 0 
36 0 0 0 0 0 0 0 
0 0 0 0 0 22 0 0 
0 0 0 99 0 0 0 0 
0 0 79 0 0 0 0 0 
0 0 0 0 0 0 0 94 
5    7    845    0.1
0 0 73 0 0 0 0 0 
10 0 0 0 0 0 0 0 
0 0 0 0 0 86 0 0 
0 0 0 0 0 0 0 42 
0 0 0 0 0 0 22 0 
7    3    1114    0.1
0 0 0 72 0 0 0 0 
0 0 0 0 0 0 9 0 
0 0 0 0 0 48 0 0 
0 0 0 0 0 0 0 12 
5 0 0 0 0 0 0 0 
0 27 0 0 0 0 0 0 
0 0 0 0 96 0 0 0 
6    6    1497    0.5
0 0 0 0 0 32 0 0 
0 0 0 0 0 0 95 0 
81 0 0 0 0 0 0 0 
0 0 0 58 0 0 0 0 
0 0 0 0 80 0 0 0 
0 0 79 0 0 0 0 0 
5    1    1191    0.6
0 0 73 0 0 0 0 0 
0 0 0 0 0 0 0 71 
0 0 0 0 0 91 0 0 
0 0 0 60 0 0 0 0 
55 0 0 0 0 0 0 0 
7    6    1437    0.6
0 100 0 0 0 0 0 0 
0 0 0 0 0 6 0 0 
8 0 0 0 0 0 0 0 
0 0 0 0 0 0 0 80 
0 0 0 0 50 0 0 0 
0 0 0 40 0 0 0 0 
0 0 0 0 0 0 34 0 
5    6    1066    0.7
0 0 0 41 0 0 0 0 
0 0 0 0 0 72 0 0 
0 0 86 0 0 0 0 0 
0 0 0 0 0 0 75 0 
75 0 0 0 0 0 0 0 
6    7    481    0.3
0 0 0 0 0 16 0 0 
0 0 0 27 0 0 0 0 
0 10 0 0 0 0 0 0 
0 0 0 0 0 0 0 12 
10 0 0 0 0 0 0 0 
0 0 66 0 0 0 0 0 
7    7    1099    0.3
0 0 0 3 0 0 0 0 
0 0 0 0 39 0 0 0 
0 0 0 0 0 0 80 0 
0 0 0 0 0 0 0 50 
0 0 0 0 0 11 0 0 
0 57 0 0 0 0 0 0 
9 0 0 0 0 0 0 0 
7    1    1197    0.6
0 1 0 0 0 0 0 0 
0 0 0 0 41 0 0 0 
0 0 0 0 0 0 0 79 
53 0 0 0 0 0 0 0 
0 0 31 0 0 0 0 0 
0 0 0 64 0 0 0 0 
0 0 0 0 0 0 20 0 
7    1    1325    0.5
0 12 0 0 0 0 0 0 
0 0 0 26 0 0 0 0 
0 0 0 0 0 0 0 88 
0 0 0 0 68 0 0 0 
19 0 0 0 0 0 0 0 
0 0 55 0 0 0 0 0 
0 0 0 0 0 85 0 0 
6    5    1133    0.4
0 0 34 0 0 0 0 0 
0 0 0 0 0 0 0 66 
97 0 0 0 0 0 0 0 
0 0 0 32 0 0 0 0 
0 0 0 0 16 0 0 0 
0 11 0 0 0 0 0 0 
6    0    852    0.9
0 0 6 0 0 0 0 0 
0 10 0 0 0 0 0 0 
0 0 0 0 0 0 100 0 
52 0 0 0 0 0 0 0 
0 0 0 0 0 35 0 0 
0 0 0 60 0 0 0 0 
5    2    395    0.2
0 0 0 13 0 0 0 0 
0 0 0 0 0 0 0 10 
0 0 0 0 37 0 0 0 
22 0 0 0 0 0 0 0 
0 0 0 0 0 50 0 0 
