0:	4380.0	17,4,19,3,17,11,15,16,15,5,1,12,17,3,17,0,15,2,4,18,12,3,16,9,18,8,16,18,:	3,8,2,7,7,7,7,
1:	4518.9000000000015	3,11,7,13,13,2,3,6,16,4,7,12,2,13,15,3,7,14,4,18,12,3,6,14,18,8,17,17,:	3,3,2,8,6,7,0,
2:	4519.800000000001	3,11,7,13,13,2,3,6,16,4,7,12,2,13,15,4,7,14,4,18,12,3,6,14,18,8,17,17,:	4,8,2,7,4,8,0,
3:	4458.700000000001	3,11,7,13,13,2,3,6,16,4,7,12,2,13,15,3,7,14,4,18,15,3,6,14,18,11,17,17,:	2,7,1,4,4,7,0,
4:	5165.200000000001	3,11,7,13,13,2,3,6,16,4,7,12,10,13,15,3,7,14,4,18,12,3,6,14,18,8,17,17,:	5,8,3,8,1,7,0,
5:	4519.800000000001	3,11,7,13,13,2,3,6,16,4,7,12,2,13,15,3,7,14,4,18,10,3,6,14,18,8,17,17,:	2,7,1,5,4,7,0,
6:	4519.800000000001	3,11,7,13,13,2,3,6,16,4,7,12,2,13,15,3,7,14,4,18,12,14,6,14,18,8,17,17,:	3,0,2,1,5,8,0,
7:	4467.599999999999	17,4,19,3,2,11,15,16,15,5,1,12,17,3,17,0,15,2,5,13,1,10,19,14,1,8,16,18,:	2,7,1,6,4,7,6,
8:	4547.5	17,4,19,3,13,11,15,16,15,5,1,1,17,3,17,0,15,2,5,13,1,10,19,14,1,8,16,18,:	2,7,1,6,4,7,4,
9:	4547.5	17,4,19,3,13,7,15,16,15,5,1,12,17,3,17,0,15,2,5,13,1,10,19,14,1,8,16,18,:	2,7,1,6,4,7,4,
10:	4547.5	17,4,19,3,13,11,15,16,15,5,1,12,17,3,17,0,15,2,5,13,1,10,19,13,1,8,16,18,:	2,7,1,6,4,8,4,
11:	4535.200000000001	17,4,17,3,13,11,15,16,15,5,1,12,17,3,17,0,15,2,5,13,1,10,19,14,1,8,16,18,:	2,3,1,6,4,7,4,
12:	4575.5999999999985	17,4,19,3,13,11,15,16,11,5,1,12,17,3,17,0,15,2,4,18,12,3,16,9,12,8,16,18,:	5,7,3,4,4,7,0,
13:	4554.399999999999	17,4,19,3,13,11,15,16,15,5,1,12,17,3,18,0,15,2,4,18,12,3,16,9,12,8,16,18,:	5,0,3,4,4,7,0,
14:	4519.800000000001	3,11,7,13,13,2,3,6,16,4,7,12,2,13,15,3,7,14,4,18,12,3,6,14,18,8,17,17,:	2,7,1,6,4,7,0,
15:	4636.3	17,4,19,3,13,11,15,16,15,5,1,12,17,3,17,0,15,2,5,13,1,10,19,14,1,8,16,18,:	7,7,1,4,4,7,4,
16:	5116.700000000001	17,4,19,3,13,11,15,16,15,4,7,12,2,13,15,3,7,14,4,18,12,3,16,9,12,8,2,18,:	5,8,3,7,4,7,0,
17:	5157.800000000001	3,11,7,13,13,2,3,6,16,5,1,12,17,3,17,0,15,2,4,18,12,3,6,14,18,8,17,17,:	3,7,2,4,4,8,0,
18:	5265.000000000001	17,4,19,3,13,2,3,6,16,4,7,12,2,13,17,0,15,2,4,18,12,3,16,9,4,8,16,18,:	2,7,1,6,4,7,4,
19:	5556.8	3,11,7,13,13,11,15,16,15,5,1,12,17,3,5,3,7,14,4,18,12,3,6,14,18,8,17,17,:	2,7,1,6,4,2,4,
20:	4506.599999999999	3,11,18,13,13,2,3,6,16,4,7,12,2,13,15,3,7,14,4,18,1,3,6,14,18,8,17,17,:	2,7,5,6,4,7,4,
21:	5075.6	17,4,19,3,13,11,15,16,15,5,1,12,18,3,17,0,15,2,5,13,12,10,19,14,1,8,16,18,:	2,7,1,6,4,7,3,
22:	5444.9	3,11,7,13,13,2,3,6,14,4,7,12,2,13,15,3,7,14,4,18,15,3,6,14,18,8,17,17,:	2,7,3,4,4,8,0,
23:	4519.800000000001	3,11,7,13,13,2,3,6,16,4,7,10,2,13,15,3,7,14,4,18,12,3,6,14,18,8,17,17,:	3,8,2,7,4,7,0,
24:	4575.5999999999985	17,4,19,3,13,11,15,16,15,5,1,12,17,3,17,0,15,2,4,18,12,3,16,9,12,8,16,18,:	5,8,3,6,4,7,2,
25:	4397.499999999999	17,4,19,3,17,11,15,16,11,5,1,12,17,3,17,0,15,2,4,18,12,3,16,9,18,8,16,18,:	2,7,1,4,4,7,0,
26:	4518.9000000000015	3,11,7,13,13,2,3,6,16,4,7,12,2,13,15,3,7,5,4,18,12,3,6,14,18,8,17,17,:	3,3,2,7,4,7,0,
27:	4732.6	3,11,7,13,13,2,3,6,16,4,7,12,2,13,15,3,7,14,4,18,12,3,18,14,18,8,17,17,:	3,8,2,2,4,8,0,
28:	4636.3	17,4,19,3,13,11,15,16,15,5,1,12,17,3,17,0,15,2,5,13,1,10,19,14,1,8,16,18,:	5,7,1,6,4,7,4,
29:	4604.099999999999	17,4,19,3,13,11,15,16,15,5,1,12,17,3,17,0,15,2,4,18,7,3,16,9,12,8,16,18,:	2,7,4,6,4,7,4,
30:	4519.800000000001	3,11,7,13,13,2,3,6,16,4,7,12,2,13,15,3,7,14,4,18,15,3,6,14,18,8,17,17,:	3,8,2,7,4,8,0,
31:	4519.800000000001	3,11,7,13,13,2,3,6,16,4,7,12,2,13,15,3,7,14,4,18,12,3,6,14,18,8,17,17,:	2,7,1,4,4,7,0,
32:	4712.9	17,4,19,3,13,11,15,16,15,5,1,12,17,3,17,0,15,2,4,18,12,3,16,9,12,8,3,18,:	3,3,2,8,4,7,0,
33:	4642.700000000001	17,4,19,3,13,11,15,16,15,5,1,12,17,3,17,0,15,2,5,13,1,10,19,14,1,5,16,18,:	5,2,3,4,1,7,0,
34:	5017.499999999999	17,4,19,3,17,11,15,16,15,5,1,12,17,3,17,0,15,2,5,13,1,10,16,9,18,8,16,18,:	5,8,3,4,4,7,7,
35:	4422.099999999999	17,4,19,3,13,11,15,16,15,5,1,12,17,3,17,0,15,7,4,18,12,3,19,14,1,8,16,18,:	2,7,6,6,4,7,4,
36:	4553.900000000001	17,4,19,3,13,11,15,16,15,5,1,12,17,3,17,0,15,2,5,13,1,10,19,14,1,8,16,18,:	0,7,1,4,4,7,0,
37:	4808.7	17,4,19,3,13,11,15,16,2,5,1,12,17,3,17,0,15,2,4,18,12,3,16,9,12,8,16,18,:	2,8,1,6,4,7,4,
38:	4663.3	17,4,19,3,13,11,15,16,15,5,1,12,17,3,17,0,15,15,4,13,1,10,19,14,1,8,16,18,:	2,7,1,6,4,7,0,
39:	4267.9000000000015	17,4,19,3,13,11,15,16,15,5,1,12,17,3,17,0,15,2,18,18,12,3,16,9,12,8,16,18,:	2,7,1,3,4,7,4,
40:	6688.7	17,4,4,3,13,11,15,16,15,5,1,12,17,3,15,3,7,14,4,18,12,3,6,14,18,8,16,18,:	3,0,7,1,5,8,0,
41:	5621.9	3,11,7,13,13,2,3,6,16,4,7,12,2,13,17,0,15,2,4,18,12,3,16,9,12,8,17,17,:	5,5,3,4,1,7,0,
42:	4663.200000000001	1,4,19,3,17,11,15,16,15,5,1,12,17,3,17,0,15,2,4,18,12,3,16,9,18,8,16,18,:	3,8,2,4,4,7,4,
43:	4380.0	17,4,19,3,17,11,15,16,15,5,1,12,17,3,17,0,15,2,4,18,12,3,16,9,18,8,16,18,:	0,7,1,6,4,7,7,
44:	5157.800000000001	3,11,7,13,13,2,3,6,15,5,1,12,17,3,17,0,15,2,4,18,12,3,6,14,18,8,17,17,:	5,8,3,6,4,7,0,
45:	5099.500000000001	17,4,19,3,13,11,15,16,13,4,7,12,2,13,15,3,7,14,4,18,12,3,16,9,12,8,16,18,:	2,7,1,4,4,5,4,
46:	5361.099999999999	17,4,19,3,13,2,3,6,16,4,7,12,2,13,15,3,7,14,4,18,12,3,6,14,18,8,17,17,:	2,7,1,4,4,7,0,
47:	5607.000000000001	3,11,7,13,13,11,15,16,15,5,1,12,17,3,17,0,15,2,5,13,1,10,19,14,1,8,16,18,:	2,7,1,6,4,7,4,
