0:	8308.3	8,7,2,16,10,12,15,10,4,8,18,9,18,16,9,8,16,10,5,0,7,12,11,1,13,4,13,0,6,19,:	6,0,5,5,6,1,
1:	8341.8	8,7,2,16,1,19,15,10,4,8,18,9,18,16,9,18,0,4,3,13,15,17,11,1,13,4,0,0,6,15,:	6,4,2,0,4,1,
2:	8371.1	8,7,2,16,10,12,15,10,4,8,18,9,18,16,9,8,16,10,5,0,7,12,2,1,13,4,0,0,6,15,:	5,7,3,7,4,7,
3:	8373.0	8,7,2,16,10,12,15,10,4,8,18,9,18,16,9,8,16,10,5,0,7,12,2,1,13,4,12,0,6,15,:	7,7,4,5,3,2,
4:	8391.8	8,7,8,6,4,19,0,10,4,8,18,9,18,16,9,8,16,10,5,0,7,12,11,1,13,4,0,3,6,11,:	2,6,4,0,3,1,
5:	16127.999999999998	9,7,2,16,10,12,15,10,4,8,18,9,18,16,9,18,0,4,3,13,8,17,11,1,13,4,0,0,6,15,:	4,0,3,7,4,0,
6:	8391.8	8,7,8,6,4,19,15,10,4,8,18,9,18,16,9,8,16,10,5,0,7,12,11,1,13,4,0,3,6,11,:	6,6,4,0,4,1,
7:	9018.100000000002	8,7,2,16,1,19,15,10,4,8,18,9,18,16,9,18,0,4,3,13,15,17,11,1,13,17,0,0,6,15,:	6,4,7,0,3,1,
8:	8861.099999999997	8,7,2,16,10,12,15,10,4,8,18,9,18,16,9,17,0,4,3,13,8,17,11,1,13,4,0,0,6,15,:	4,0,3,7,4,7,
9:	8377.000000000002	8,8,2,16,1,12,15,10,4,8,18,9,18,1,9,18,0,4,3,13,8,17,11,1,13,4,0,0,6,15,:	4,7,4,4,3,1,
10:	8377.000000000002	8,7,2,16,10,12,15,10,4,8,15,9,18,16,9,18,0,4,3,13,8,17,11,1,13,4,0,0,6,15,:	4,0,3,7,4,7,
11:	8435.599999999999	8,7,8,6,4,19,15,3,4,8,18,9,18,16,9,8,16,10,5,0,7,12,11,1,13,4,0,3,6,11,:	3,6,4,0,3,1,
12:	8391.8	8,7,8,6,4,19,15,10,4,8,18,9,18,16,9,8,16,10,5,0,7,12,11,1,0,4,0,3,6,11,:	4,6,4,0,3,1,
13:	8409.599999999999	8,7,8,6,4,12,15,10,4,8,18,9,18,16,9,8,16,10,5,0,7,12,11,1,13,4,19,3,6,11,:	7,0,4,0,3,2,
14:	8341.8	8,7,2,16,1,19,15,10,4,7,18,9,18,16,9,18,0,4,3,13,15,17,11,1,13,4,0,0,6,15,:	6,5,2,0,3,1,
15:	16139.399999999998	13,7,2,16,1,19,15,10,4,8,18,9,18,16,9,18,0,4,3,13,15,17,11,1,13,4,0,0,6,15,:	6,4,2,0,3,1,
16:	8409.599999999999	8,7,8,6,4,12,15,10,4,8,18,9,18,16,9,8,16,10,5,0,7,12,11,1,13,4,0,3,6,11,:	4,7,4,0,3,1,
17:	8391.8	8,7,8,6,4,19,15,10,4,8,18,9,18,16,9,8,16,13,5,0,7,12,11,1,13,4,0,3,6,11,:	7,8,4,0,3,2,
18:	8458.599999999999	8,7,2,16,2,12,15,10,4,8,18,9,18,16,9,18,0,4,3,13,15,17,11,1,13,4,0,0,6,15,:	6,5,5,5,4,1,
19:	9700.100000000002	8,7,2,16,1,19,15,10,4,8,18,9,18,16,9,18,0,4,3,13,8,17,11,1,13,16,0,0,6,15,:	6,6,4,8,3,1,
20:	8957.7	8,7,2,16,10,12,15,10,4,8,11,9,18,16,9,18,0,4,3,13,8,17,11,1,13,4,0,0,6,15,:	4,0,3,0,3,7,
21:	8502.2	8,7,2,16,10,12,15,10,4,8,18,9,18,16,9,18,12,4,3,13,8,17,11,1,13,4,0,0,6,15,:	6,4,2,3,4,1,
22:	9128.7	8,7,8,6,4,19,15,10,4,8,10,9,18,16,9,18,0,4,3,13,8,17,11,1,13,4,0,3,6,11,:	7,7,3,0,3,2,
23:	8371.1	8,7,2,16,10,12,15,10,4,8,18,9,18,7,9,8,16,10,5,0,7,12,11,1,13,4,0,0,6,15,:	4,0,4,7,4,7,
24:	8373.0	8,7,2,16,10,12,15,10,4,8,18,13,18,16,9,8,16,10,5,0,7,12,11,1,13,4,0,0,6,15,:	6,2,4,0,3,1,
25:	9342.600000000002	8,7,2,16,10,12,15,10,4,8,18,9,18,16,9,0,16,10,5,0,7,12,11,1,13,4,0,0,6,19,:	7,8,4,0,3,2,
26:	8391.8	8,7,8,6,4,19,15,10,4,8,18,9,18,16,9,8,16,10,5,0,7,12,1,1,13,4,0,3,6,11,:	4,0,4,0,3,1,
27:	8377.000000000002	8,7,2,16,10,12,15,10,4,2,18,9,18,16,9,18,0,4,3,13,8,17,11,1,13,4,0,0,6,15,:	4,7,3,6,4,7,
28:	8511.800000000001	8,7,2,16,10,12,15,10,4,8,18,12,18,16,9,18,0,4,3,13,8,17,11,1,13,4,0,0,6,15,:	7,7,4,0,3,7,
29:	8310.099999999999	8,7,2,16,10,12,15,6,4,8,18,9,18,16,9,8,16,10,5,0,7,12,11,1,13,4,0,0,6,15,:	3,0,3,7,4,2,
30:	8501.300000000001	8,7,2,16,10,12,15,10,4,8,18,9,18,16,9,18,0,4,3,13,8,17,11,1,13,4,0,0,6,15,:	6,5,3,7,3,1,
31:	10940.7	11,7,2,16,10,12,15,10,4,8,18,9,18,16,9,18,0,4,3,13,8,17,11,1,13,4,0,0,6,15,:	8,6,4,0,4,7,
32:	8395.4	8,7,8,6,4,19,15,10,4,8,18,9,18,16,9,8,16,10,5,0,7,12,11,1,1,4,0,3,6,11,:	2,0,4,7,4,7,
33:	8377.000000000002	8,7,2,16,10,12,15,10,4,8,18,9,18,16,9,18,0,4,3,13,8,17,11,1,13,4,0,0,6,15,:	4,7,4,0,3,1,
34:	8308.3	8,7,2,16,10,12,15,10,4,8,18,1,18,16,9,8,16,10,5,0,7,12,11,1,13,4,0,0,6,15,:	6,0,5,0,4,1,
35:	8391.8	8,7,8,6,4,19,15,10,4,8,18,9,18,16,9,8,16,10,5,0,7,12,11,1,13,4,0,3,6,11,:	7,7,4,5,3,2,
36:	8395.9	8,7,8,6,4,19,15,10,4,8,18,9,18,16,9,8,16,10,5,0,7,12,11,1,13,4,0,3,6,11,:	6,4,2,0,3,1,
37:	8399.5	8,7,8,6,4,19,15,10,4,8,18,9,18,16,9,8,16,10,5,0,7,12,11,1,0,4,0,3,6,11,:	6,4,2,0,3,0,
38:	8391.8	8,7,8,6,4,19,15,10,4,8,18,9,18,16,9,8,16,10,5,0,7,15,11,1,13,4,0,3,6,11,:	6,7,2,0,3,1,
39:	8290.4	8,7,2,16,10,0,15,10,4,8,18,9,18,16,9,8,16,10,5,0,7,12,11,1,13,4,12,0,6,15,:	7,4,4,0,3,2,
40:	8241.399999999998	8,7,2,16,15,12,15,10,4,8,18,9,18,16,9,18,0,4,3,13,7,12,11,1,13,4,12,0,6,15,:	4,3,3,7,4,7,
41:	9675.499999999998	8,8,2,16,1,12,15,10,4,8,18,9,18,16,9,8,16,10,5,0,8,17,11,1,13,16,0,0,6,15,:	5,2,3,7,4,7,
42:	8676.4	8,7,2,16,1,19,15,10,4,8,18,9,18,16,9,8,0,4,3,13,15,17,11,1,13,4,0,0,6,15,:	6,4,2,7,4,1,
43:	8907.800000000001	8,7,8,6,4,19,15,10,4,8,18,9,18,16,9,18,16,10,5,6,7,12,11,1,13,4,0,3,6,11,:	5,3,3,0,3,7,
44:	8374.2	8,7,8,6,4,19,15,10,4,8,18,9,18,16,9,18,0,3,3,0,7,12,11,1,13,4,0,3,6,11,:	5,3,3,0,7,7,
45:	9409.5	8,7,2,16,1,19,15,10,4,8,18,9,18,16,9,11,16,10,5,13,15,17,11,1,13,4,0,0,6,15,:	4,7,4,8,4,1,
46:	8618.099999999999	8,7,2,6,4,19,15,10,4,7,18,9,18,16,9,18,0,4,3,13,8,17,11,1,13,4,0,0,6,15,:	6,8,3,7,3,1,
47:	8371.1	8,7,8,16,4,12,15,10,4,8,18,9,18,16,9,8,16,10,5,0,7,12,11,1,13,4,0,3,6,11,:	4,6,4,0,4,6,
