0:	3203.6	11,9,12,7,7,19,19,3,9,:	6,5,2,
1:	3203.9	18,16,4,12,13,13,11,0,12,:	2,8,5,
2:	3203.9	16,16,4,12,13,10,11,0,12,:	2,8,5,
3:	3203.9	16,16,7,12,7,19,11,0,12,:	4,1,6,
4:	3203.9	16,16,17,12,5,13,11,3,12,:	1,7,4,
5:	3203.9	16,16,17,12,5,8,11,13,18,:	5,7,5,
6:	3255.7999999999993	17,9,12,7,7,19,19,13,18,:	5,8,8,
7:	3255.7999999999993	17,9,12,7,7,4,19,13,18,:	2,5,8,
8:	3255.7999999999993	17,11,12,7,7,19,19,13,18,:	5,5,6,
9:	3255.7999999999993	17,9,12,7,7,0,19,13,18,:	5,5,1,
10:	3298.1999999999994	17,9,12,11,7,19,19,13,18,:	5,5,8,
11:	3837.3000000000006	17,9,12,7,7,19,1,11,16,:	8,8,6,
12:	3258.2	17,9,12,7,7,19,17,11,16,:	8,8,1,
13:	3258.2	17,9,12,7,7,19,17,11,16,:	7,8,6,
14:	3740.6999999999994	16,16,4,9,7,19,19,0,12,:	8,5,6,
15:	3288.8	11,9,12,7,13,13,11,3,0,:	8,5,2,
16:	3203.9	16,16,8,12,13,13,11,13,12,:	0,5,8,
17:	3203.9	16,16,17,12,5,13,11,0,12,:	5,5,6,
18:	3203.6	11,9,12,7,7,19,19,3,12,:	8,5,6,
19:	3203.9	16,5,6,12,7,19,11,0,0,:	8,8,8,
20:	3203.9	16,16,1,12,13,13,11,0,12,:	8,8,3,
21:	3203.9	16,16,4,12,13,13,11,0,12,:	1,5,8,
22:	3255.7999999999993	17,9,12,7,7,19,19,13,13,:	5,2,5,
23:	3255.7999999999993	17,9,12,7,7,19,19,13,18,:	8,8,6,
24:	3203.9	16,16,4,12,13,13,11,0,13,:	3,5,8,
25:	3203.9	16,12,4,12,13,13,11,0,12,:	8,8,6,
26:	3380.6	8,16,6,12,7,19,11,0,12,:	5,4,8,
27:	3203.6	11,17,12,7,7,19,19,3,0,:	5,5,6,
28:	3309.7999999999997	16,5,4,7,7,19,11,0,12,:	5,5,8,
29:	3351.9999999999995	17,9,12,12,13,13,19,13,18,:	5,8,8,
30:	3255.7999999999993	17,14,12,7,7,19,19,13,18,:	1,8,5,
31:	3837.3000000000006	17,9,12,7,7,19,1,13,18,:	5,6,5,
32:	3258.2	17,9,12,7,7,19,17,11,16,:	5,5,8,
33:	3255.7999999999993	17,9,12,7,7,19,19,13,18,:	2,8,2,
34:	3255.7999999999993	17,9,12,7,7,19,19,13,18,:	2,5,2,
35:	3255.7999999999993	17,13,12,7,7,19,19,13,18,:	2,5,8,
36:	3258.2	17,9,2,7,7,19,17,11,16,:	2,6,5,
37:	3255.7999999999993	17,9,12,7,7,19,19,12,18,:	8,8,6,
38:	3250.2999999999997	16,9,12,2,7,19,19,13,12,:	5,0,8,
39:	3203.9	17,16,17,12,3,13,11,3,18,:	2,8,5,
40:	3203.9	17,9,1,12,7,19,11,0,12,:	2,8,6,
41:	4835.200000000001	16,16,6,7,7,19,13,11,16,:	8,5,6,
42:	3380.6	8,16,17,12,5,13,11,3,12,:	2,8,5,
43:	3203.9	16,16,12,12,5,13,11,3,12,:	3,8,6,
44:	3354.3999999999996	17,16,17,12,5,13,17,3,18,:	8,5,6,
45:	3255.7999999999993	16,9,12,7,7,19,19,13,12,:	5,8,8,
46:	5169.699999999999	17,9,17,7,7,19,14,13,18,:	1,1,5,
47:	3203.9	16,16,12,12,5,6,11,3,12,:	7,8,5,
