0:	2569.3	4,8,4,19,7,4,1,10,0,1,6,7,3,17,0,3,11,17,2,16,:	3,0,5,1,0,
1:	2326.3	11,14,4,19,14,7,1,10,0,1,6,7,2,11,15,8,18,4,2,4,:	4,6,8,0,7,
2:	2337.7	11,8,4,19,14,14,1,19,1,8,3,9,3,17,12,3,11,16,5,4,:	7,0,5,1,0,
3:	2337.7	11,8,4,19,14,14,1,19,1,8,3,9,3,17,12,5,11,16,2,9,:	2,0,6,4,0,
4:	2326.3	11,14,4,19,14,7,1,10,0,1,6,7,2,7,15,8,18,4,2,4,:	4,6,7,0,5,
5:	2366.5	11,8,4,19,14,14,1,19,1,8,3,9,3,17,12,5,11,16,2,14,:	2,0,4,4,0,
6:	2337.7	11,8,4,19,14,14,1,10,1,8,3,9,3,17,12,3,11,16,2,4,:	3,0,5,2,0,
7:	2326.3	11,8,4,19,14,7,1,9,0,1,6,7,2,7,15,8,18,4,2,17,:	0,2,7,0,7,
8:	2413.7	11,8,4,19,14,14,1,19,1,12,3,9,3,17,12,3,11,16,5,4,:	2,0,5,1,0,
9:	2366.3	4,8,4,19,14,14,1,10,1,8,3,9,3,17,0,3,11,17,2,16,:	1,0,5,3,0,
10:	2326.3	11,8,4,19,14,7,1,10,0,1,6,7,2,7,15,8,18,14,3,4,:	4,8,7,1,7,
11:	2327.5	3,8,4,19,14,7,1,10,0,1,3,9,3,17,0,3,11,17,2,16,:	1,0,8,2,0,
12:	2599.4000000000005	4,8,4,19,17,14,1,10,1,8,3,9,3,17,0,3,11,17,2,16,:	1,0,5,3,0,
13:	2366.3	4,8,4,19,14,14,1,2,1,8,3,9,3,17,0,3,11,17,2,16,:	1,3,5,3,0,
14:	2908.7999999999997	11,8,4,19,14,14,1,10,1,8,12,9,3,17,0,3,18,14,2,4,:	2,0,5,1,0,
15:	3085.8999999999996	4,8,4,19,14,7,1,10,0,1,6,7,2,7,15,8,11,17,2,16,:	2,0,5,1,0,
16:	2366.0	11,8,15,19,14,14,1,19,1,8,3,9,3,17,12,5,11,16,2,4,:	1,0,5,3,7,
17:	2337.7	11,8,4,19,14,14,1,19,1,8,3,9,3,17,12,5,11,16,2,4,:	4,2,7,0,0,
18:	2999.399999999999	11,8,4,19,14,7,1,19,1,1,6,7,2,7,15,8,18,4,2,1,:	1,0,5,4,0,
19:	2441.4999999999995	19,8,4,19,14,14,1,10,0,8,3,9,3,17,12,3,11,16,5,4,:	2,0,8,3,0,
20:	2366.3	4,8,4,19,14,14,1,10,1,8,3,9,3,17,0,3,11,17,2,16,:	1,4,5,3,0,
21:	2562.9	4,8,3,19,14,14,1,10,1,8,3,9,3,17,0,3,11,17,2,16,:	1,0,5,5,0,
22:	2740.4000000000005	11,8,4,19,7,14,1,10,1,8,3,9,3,17,12,3,11,16,2,4,:	1,0,5,3,0,
23:	2326.3	11,8,4,19,14,7,1,10,0,1,6,7,2,7,15,8,18,14,2,4,:	1,0,8,3,0,
24:	2469.3	11,8,4,19,14,7,1,10,10,1,3,9,3,17,0,3,11,17,2,4,:	2,0,5,1,4,
25:	2484.5	3,8,4,19,14,14,1,19,1,8,3,9,3,17,12,3,11,16,6,16,:	3,0,0,2,0,
26:	2386.4000000000005	4,8,4,19,14,4,1,10,0,1,3,9,14,17,0,3,11,17,2,16,:	1,0,5,3,0,
27:	2327.5	3,8,4,19,14,7,1,10,0,1,6,7,3,17,0,3,11,17,2,16,:	3,0,8,2,0,
28:	2169.6000000000004	4,8,4,19,14,14,1,10,0,1,6,7,3,17,0,3,11,17,2,16,:	1,0,3,3,0,
29:	3114.6999999999994	4,8,4,19,14,4,1,10,1,8,3,9,3,17,0,3,15,17,2,16,:	2,0,5,6,0,
30:	2337.7	11,8,4,19,14,14,1,19,1,8,3,9,3,17,12,5,11,16,2,4,:	2,0,5,0,0,
31:	2366.3	4,8,4,19,14,2,1,10,1,8,3,9,3,17,0,3,11,17,2,16,:	4,6,7,4,7,
32:	2391.1	11,14,4,19,14,7,1,3,0,1,6,7,2,7,15,8,18,4,2,4,:	7,0,5,4,0,
33:	2391.1	11,8,4,19,14,7,1,10,0,1,6,7,2,7,15,0,18,14,2,4,:	1,3,5,3,0,
34:	2337.7	11,8,4,19,14,14,1,10,1,8,3,14,3,17,12,3,11,16,2,4,:	4,8,7,0,0,
35:	2537.0000000000005	4,8,4,19,8,4,1,10,0,1,6,7,3,17,0,3,11,17,2,16,:	4,1,7,1,7,
36:	2969.6	4,14,4,1,14,7,1,10,0,1,6,7,2,7,15,8,11,17,2,16,:	2,0,5,4,4,
37:	2669.5000000000005	11,8,4,19,14,14,1,10,1,8,3,9,3,17,0,3,18,4,17,4,:	1,0,5,3,0,
38:	2512.0	11,14,4,19,14,14,1,19,1,8,3,9,13,17,15,8,18,4,2,4,:	2,0,5,4,0,
39:	3015.8999999999996	11,8,4,19,14,7,1,10,0,1,6,7,2,7,12,5,11,16,2,4,:	2,0,5,1,0,
40:	2337.7	11,8,4,19,14,14,1,19,1,8,3,9,3,17,12,5,11,16,2,4,:	5,0,5,1,0,
41:	2337.7	11,8,4,19,14,14,1,19,1,8,3,9,3,17,12,5,11,16,2,4,:	2,0,5,3,0,
42:	2255.5	11,14,4,19,14,7,1,19,0,8,3,9,3,17,12,5,11,16,2,4,:	3,0,6,1,0,
43:	2972.2000000000003	11,8,4,19,14,14,1,19,1,1,6,7,2,7,15,8,18,4,17,4,:	2,0,5,5,0,
44:	2337.7	11,8,4,19,14,14,1,10,1,8,3,14,3,17,12,5,11,16,2,4,:	1,4,5,3,0,
45:	2366.3	4,8,4,19,14,14,1,19,1,8,3,9,3,17,0,3,11,17,2,1,:	2,0,0,4,0,
46:	2366.3	4,8,4,19,14,14,1,10,1,8,3,9,3,6,0,3,11,17,2,16,:	1,0,2,3,0,
47:	2585.2000000000003	4,8,4,19,14,14,1,10,1,4,3,9,3,17,0,3,11,17,2,16,:	6,0,8,3,0,
