machine1:0,117,60,67,12,112,107,116,14,15,20,46,96,28,103,80,94,50,21,111,40,25,102,82,37,16,19,42,63,38,43,91,100,86,61,44,90,18,48,104,89,33,23,31,59,109,97,9,30,68,58,47,105,108,11,99,36,110,54,10,120,83,5,1,73,72,8,74,22,81,45,85,62,113,78,55,
machine2:0,117,60,67,3,12,112,107,115,116,14,76,15,20,46,29,96,28,77,103,80,4,94,50,21,65,111,7,40,75,25,102,82,37,16,19,42,95,63,101,38,43,91,71,100,86,61,44,90,18,48,39,104,98,70,89,33,23,31,49,118,59,109,97,119,26,56,51,9,30,17,68,106,58,69,93,41,64,35,47,34,87,105,53,108,11,99,36,57,110,54,10,120,83,5,1,73,27,92,114,6,72,84,8,74,88,22,79,24,66,81,32,45,85,62,113,2,78,55,13,52,
machine3:0,12,15,20,77,103,4,94,50,65,102,42,95,63,38,43,100,61,44,90,39,70,89,23,31,118,109,97,30,106,69,41,64,47,34,87,53,108,54,5,1,73,27,92,114,6,84,74,79,24,32,45,62,78,55,13,
machine4:0,60,3,12,112,107,115,76,15,20,46,29,77,103,80,4,94,50,21,65,111,75,25,102,82,37,19,42,95,63,38,43,91,71,100,86,61,44,90,18,48,39,104,98,70,89,23,31,49,118,109,97,26,56,9,30,68,106,69,93,41,64,35,47,34,87,53,108,36,54,10,120,5,1,73,27,92,114,6,72,84,8,74,88,79,24,32,45,85,62,113,2,78,55,13,52,
machine5:0,117,60,67,3,112,107,115,116,14,76,20,46,29,28,103,80,4,94,50,21,65,111,7,40,75,25,102,82,16,19,95,101,38,43,91,71,100,86,61,44,90,48,39,104,98,70,89,31,49,118,109,97,119,26,51,9,30,17,106,58,93,41,64,35,47,87,11,99,36,57,110,54,10,83,5,1,73,92,6,84,74,88,79,24,66,32,45,85,62,113,2,78,13,
machine6:0,117,67,3,112,115,116,14,76,20,46,29,28,103,80,4,94,21,65,7,40,75,16,19,95,101,38,43,91,71,100,86,61,44,90,48,104,98,70,89,31,118,109,119,26,51,9,17,106,93,41,47,87,11,99,57,110,54,10,5,1,73,92,6,84,74,88,79,24,45,85,2,78,13,
machine7:0,117,67,112,116,76,29,28,103,4,16,95,91,100,86,90,48,89,31,118,109,26,51,17,106,41,47,87,54,5,73,92,84,74,88,24,45,85,78,13,
machine8:0,60,12,112,14,15,96,80,4,94,50,21,65,111,7,40,25,82,37,16,42,95,101,38,43,71,86,61,48,39,104,70,118,109,106,93,11,99,57,120,83,1,73,92,24,66,81,32,45,85,62,113,2,78,55,13,52,
machine9:0,60,3,12,112,107,115,116,14,15,20,96,28,77,103,80,4,94,50,21,65,111,7,40,75,25,102,82,37,16,42,95,63,101,38,43,91,71,86,61,18,48,39,104,70,89,33,31,118,59,109,97,119,106,58,69,93,64,35,87,53,108,11,99,36,57,10,120,83,5,1,73,27,92,114,72,84,8,74,88,22,24,66,81,32,45,85,62,113,2,78,55,13,52,
machine10:0,60,67,3,12,112,115,116,14,15,20,46,96,77,103,80,4,94,21,65,111,7,75,25,82,16,19,42,95,63,101,38,43,91,71,100,86,44,90,18,48,39,104,98,70,89,33,23,31,49,118,59,109,97,119,26,56,51,9,30,17,68,58,69,93,41,64,35,47,34,87,105,53,108,11,99,36,57,110,54,10,120,83,5,1,73,27,92,114,72,84,8,74,88,22,79,24,66,81,32,45,85,62,113,2,78,55,13,52,
machine11:0,3,12,112,14,103,80,4,65,111,7,25,16,19,95,63,101,38,43,91,71,100,86,44,90,18,48,39,104,98,70,89,33,31,49,118,59,97,119,26,56,51,9,30,17,68,58,69,93,41,64,35,47,34,87,105,53,108,11,99,36,57,110,54,10,120,83,5,1,73,27,92,72,84,8,74,88,22,79,24,66,81,85,62,113,2,78,55,13,
machine12:0,3,112,103,80,111,16,19,38,43,91,100,86,44,90,48,70,33,31,118,97,119,56,51,9,30,68,69,93,41,35,47,87,105,53,108,99,57,110,54,120,83,1,92,84,8,24,66,81,85,62,113,2,13,

1to 1:
1to 2:69,30,82,24,37,49,107,89,32,68,45,39,61,36,9,79,34,76,13,23,53,41,50,
1to 3:66,98,100,10,11,112,48,84,92,75,65,110,90,58,104,99,111,19,116,5,7,80,29,87,43,62,40,88,2,6,
1to 4:114,97,74,108,73,103,106,4,57,28,83,102,25,120,72,8,91,1,
1to 5:56,22,44,55,118,18,60,21,46,15,54,101,119,70,26,27,31,113,94,86,35,105,
2to 1:3,4,43,54,63,78,85,86,93,94,111,115,120,60,108,44,55,102,18,
2to 2:
2to 3:31,32,38,41,45,47,50,61,70,89,103,36,113,
2to 4:12,15,21,53,64,71,82,88,95,118,39,27,104,112,42,37,
2to 5:2,8,9,13,20,25,30,65,75,77,79,84,90,91,100,72,98,109,34,23,52,97,87,69,
3to 1:103,70,76,79,24,26,1,101,117,16,28,64,83,113,31,
3to 2:4,20,106,74,97,25,54,3,6,88,46,29,118,104,94,78,80,115,73,19,
3to 3:
3to 4:10,107,89,11,119,99,38,7,84,60,14,111,40,87,36,109,35,50,93,92,61,
3to 5:17,110,49,51,57,82,62,41,95,47,58,67,5,48,85,39,71,
4to 1:96,116,35,20,22,80,112,107,33,13,15,38,58,62,12,59,65,5,
4to 2:87,18,113,77,72,48,8,2,60,63,109,84,52,43,55,75,
4to 3:97,106,21,3,71,57,91,102,86,74,95,39,85,16,
4to 4:
4to 5:81,108,1,36,64,66,114,45,104,92,14,99,73,83,32,93,78,120,115,88,42,11,24,10,
5to 1:91,32,100,51,90,14,19,98,75,67,17,95,81,71,52,47,7,68,25,77,74,2,49,45,66,53,82,42,89,109,
5to 2:38,92,62,5,21,111,27,10,112,35,12,56,26,1,85,93,103,114,
5to 3:24,78,115,64,73,30,9,13,119,118,44,4,46,
5to 4:70,86,94,48,31,3,69,116,59,80,16,65,63,96,43,33,20,101,
5to 5:

cell1:3,5,2,4,
cell2:3,1,5,4,
cell3:4,2,1,5,
cell4:5,2,1,3,
cell5:3,2,4,1,
