machine1:0,33,16,20,38,96,85,117,109,47,14,78,63,12,103,15,42,28,59,67,81,60,43,107,22,68,100,111,90,54,55,94,25,80,116,112,91,31,18,82,102,45,50,108,46,58,37,72,23,19,89,8,120,61,9,30,44,99,21,5,62,86,40,74,104,36,48,97,1,11,110,83,10,105,113,73,
machine2:0,33,95,77,17,16,20,51,38,96,85,117,109,115,47,93,14,3,78,71,63,12,103,15,42,76,28,59,52,64,67,66,98,24,81,75,60,43,107,49,22,65,68,100,4,111,90,54,55,94,25,80,116,112,91,32,31,2,18,53,82,102,45,50,108,46,58,37,72,23,19,89,26,101,8,120,61,9,70,30,44,99,21,5,62,86,40,79,74,104,7,118,29,119,56,36,39,48,97,34,1,92,11,13,69,110,83,27,10,41,35,87,105,113,57,73,106,114,6,84,88,
machine3:0,95,77,20,38,109,47,78,63,12,103,15,42,64,24,43,65,100,4,90,54,55,94,32,31,53,102,45,50,108,23,89,61,70,30,44,5,62,79,74,118,39,97,34,1,92,13,69,27,41,87,73,106,114,6,84,
machine4:0,95,77,20,38,85,109,115,47,93,3,78,71,63,12,103,15,42,76,52,64,98,24,75,60,43,107,49,65,68,100,4,111,90,54,55,94,25,80,112,91,32,31,2,18,53,82,102,45,50,108,46,37,72,23,19,89,26,8,120,61,9,70,30,44,21,5,62,86,79,74,104,118,29,56,36,39,48,97,34,1,92,13,69,27,10,41,35,87,113,73,106,114,6,84,88,
machine5:0,95,17,16,20,51,38,85,117,109,115,47,93,14,3,78,71,103,76,28,64,67,66,98,24,75,60,43,107,49,65,100,4,111,90,54,94,25,80,116,112,91,32,31,2,82,102,45,50,46,58,19,89,26,101,61,9,70,30,44,99,21,5,62,86,40,79,74,104,7,118,29,119,36,39,48,97,1,92,11,13,110,83,10,41,35,87,113,57,73,106,6,84,88,
machine6:0,95,17,16,20,51,38,85,117,109,115,47,93,14,3,78,71,103,76,28,67,98,24,75,43,65,100,4,90,54,94,80,116,112,91,31,2,45,46,19,89,26,101,61,9,70,44,99,21,5,86,40,79,74,104,7,118,29,119,48,1,92,11,13,110,10,41,87,57,73,106,6,84,88,
machine7:0,95,17,16,51,85,117,109,47,78,103,76,28,67,24,100,4,90,54,116,112,91,31,45,89,26,5,86,74,118,29,48,92,13,41,87,73,106,84,88,
machine8:0,95,16,38,96,85,109,93,14,78,71,12,15,42,52,66,24,81,60,43,65,4,111,55,94,25,80,112,32,2,82,45,50,37,101,120,61,70,99,21,62,86,40,104,7,118,39,48,1,92,11,13,83,113,57,73,106,
machine9:0,33,95,77,16,20,38,96,85,109,115,93,14,3,78,71,63,12,103,15,42,28,59,52,64,66,24,81,75,60,43,107,22,65,4,111,55,94,25,80,116,112,91,32,31,2,18,53,82,102,45,50,108,58,37,72,89,101,8,120,61,70,99,21,5,62,86,40,74,104,7,118,119,36,39,48,97,1,92,11,13,69,83,27,10,35,87,113,57,73,106,114,84,88,
machine10:0,33,95,77,17,16,20,51,38,96,85,109,115,47,93,14,3,78,71,63,12,103,15,42,59,52,64,67,66,98,24,81,75,60,43,49,22,65,68,100,4,111,90,54,55,94,25,80,116,112,91,32,31,2,18,53,82,45,108,46,58,72,23,19,89,26,101,8,120,9,70,30,44,99,21,5,62,86,79,74,104,7,118,119,56,36,39,48,97,34,1,92,11,13,69,110,83,27,10,41,35,87,105,113,57,73,114,84,88,
machine11:0,33,95,17,16,51,38,85,47,93,14,3,78,71,63,12,103,59,64,66,98,24,81,43,49,22,65,68,100,4,111,90,54,55,25,80,112,91,31,2,18,53,108,58,72,19,89,26,101,8,120,9,70,30,44,99,5,62,86,79,74,104,7,118,119,56,36,39,48,97,34,1,92,11,13,69,110,83,27,10,41,35,87,105,113,57,73,84,88,
machine12:0,33,16,51,38,85,47,93,3,103,66,24,81,43,68,100,111,90,54,80,112,91,31,2,53,108,19,8,120,9,70,30,44,99,62,86,118,119,56,48,97,1,92,13,69,110,83,41,35,87,105,113,57,84,

1to 1:
1to 2:37,69,23,34,68,49,36,53,107,41,82,50,76,30,39,79,45,9,32,61,13,24,89,
1to 3:58,29,98,110,116,7,6,19,104,40,99,66,112,11,100,75,87,2,10,88,90,5,48,62,111,92,65,80,84,43,
1to 4:114,97,106,57,83,72,28,102,108,25,120,8,4,73,103,74,91,1,
1to 5:56,18,22,105,27,35,44,46,119,21,101,26,55,118,60,113,31,15,86,54,94,70,
2to 1:4,115,85,78,111,3,94,43,86,93,120,63,44,108,54,60,102,55,18,
2to 2:
2to 3:47,41,61,31,70,45,32,89,50,36,38,103,113,
2to 4:21,12,64,82,95,27,53,15,118,71,37,88,104,39,112,42,
2to 5:84,90,98,8,91,100,34,77,20,75,2,13,65,25,72,30,23,97,79,9,52,69,87,109,
3to 1:1,16,24,26,70,76,79,101,103,113,28,31,64,117,83,
3to 2:3,4,20,25,46,54,74,78,80,88,94,106,118,6,104,97,73,115,29,19,
3to 3:
3to 4:10,11,38,60,84,87,89,92,99,107,109,111,119,93,7,40,36,50,14,61,35,
3to 5:5,17,41,47,48,49,51,57,62,82,85,95,110,39,58,67,71,
4to 1:5,12,13,15,38,59,62,65,80,20,112,107,33,58,35,22,116,96,
4to 2:2,8,43,48,52,55,60,63,75,84,109,113,72,77,87,18,
4to 3:3,16,39,71,74,85,86,91,95,102,21,57,106,97,
4to 4:
4to 5:10,11,24,32,42,73,78,88,92,93,115,120,45,99,1,83,104,14,66,64,36,108,114,81,
5to 1:91,32,100,51,90,14,19,98,75,67,17,95,81,71,52,47,7,68,25,77,74,2,49,45,66,53,82,42,89,109,
5to 2:38,92,62,5,21,111,27,10,112,35,12,56,26,1,85,93,103,114,
5to 3:24,78,115,64,73,30,9,13,119,118,44,4,46,
5to 4:70,86,94,48,31,3,69,116,59,80,16,65,63,96,43,33,20,101,
5to 5:

cell1:2,5,4,3,
cell2:3,4,5,1,
cell3:4,2,5,1,
cell4:3,2,5,1,
cell5:3,2,4,1,
