machine1:0,14,15,27,10,44,13,39,11,48,3,23,28,19,26,32,38,6,49,46,30,43,41,45,2,25,4,40,16,34,5,9,1,20,8,47,18,29,12,31,37,50,24,33,35,36,21,17,42,7,22,
machine2:0,14,15,27,10,44,13,39,11,48,3,23,28,19,26,32,38,6,49,46,30,43,41,45,2,25,4,40,16,34,5,9,1,20,8,47,18,29,12,31,37,50,24,33,35,36,21,17,42,7,22,
machine3:0,14,15,27,10,44,13,39,11,48,3,23,28,19,26,32,38,6,49,46,30,43,41,45,2,25,4,40,16,34,5,9,1,20,8,47,18,29,12,31,37,50,24,33,35,36,21,17,42,7,22,
machine4:0,14,15,27,10,44,13,39,11,48,3,23,28,19,26,32,38,6,49,46,30,43,41,45,2,25,4,40,16,34,5,9,1,20,8,47,18,29,12,31,37,50,24,33,35,36,21,17,42,7,22,

1to 1:
1to 2:45,37,50,30,26,14,35,39,15,34,41,29,38,12,8,
1to 3:43,46,7,21,13,48,27,31,11,10,5,16,25,42,
2to 1:28,5,22,6,33,47,40,9,43,36,24,25,19,21,32,42,46,31,44,
2to 2:
2to 3:23,18,29,20,2,17,15,26,4,1,45,30,49,12,3,
3to 1:3,37,50,49,23,4,14,1,35,39,34,2,17,41,18,20,38,8,
3to 2:32,19,24,28,9,6,7,40,44,36,13,33,48,27,11,47,10,22,16,
3to 3:

cell1:2,3,
cell2:1,3,
cell3:2,1,
